duration, success rate, q[0], q[1], q[2], q[3], q[4], q[5], q[6],q_d[0], q_d[1], q_d[2], q_d[3], q_d[4], q_d[5], q_d[6],dq[0], dq[1], dq[2], dq[3], dq[4], dq[5], dq[6],dq_d[0], dq_d[1], dq_d[2], dq_d[3], dq_d[4], dq_d[5], dq_d[6],tau_J[0], tau_J[1], tau_J[2], tau_J[3], tau_J[4], tau_J[5], tau_J[6],tau_ext_hat_filtered[0], tau_ext_hat_filtered[1], tau_ext_hat_filtered[2], tau_ext_hat_filtered[3], tau_ext_hat_filtered[4], tau_ext_hat_filtered[5], tau_ext_hat_filtered[6]
1721414,0,-1.57087,-0.523167,-5.95198e-05,-2.09592,1.56992,1.57034,0.785694,-1.5708,-0.523599,4.23261e-08,-2.09439,1.5708,1.5708,0.785398,0.000162363,0.00045942,-0.000221283,-0.000972669,0.000486155,0.000552955,4.29979e-05,0,0,0,0,0,0,0,0.101024,-9.88773,-0.381406,20.9201,1.27748,0.335292,-0.246084,0.105652,-0.745726,-0.0105687,2.35255,0.720157,0.348503,-0.173511
1721415,1,-1.57087,-0.523169,-5.75718e-05,-2.09593,1.56992,1.57034,0.785699,-1.5708,-0.523599,4.23261e-08,-2.09439,1.5708,1.5708,0.785398,0.000108242,-0.000343334,0.000502092,-0.000648446,0.000120653,-0.00034344,0.000740742,0,0,0,0,0,0,0,0.101024,-9.85995,-0.409177,20.9201,1.28298,0.354518,-0.26531,0.105823,-0.747213,-0.0101886,2.3532,0.720137,0.348484,-0.173938
1721416,1,-1.57087,-0.523171,-5.75721e-05,-2.09592,1.56992,1.57034,0.785697,-1.5708,-0.523599,4.23261e-08,-2.09439,1.5708,1.5708,0.785398,0.000721775,-0.000785701,0.000334728,0.00133094,-0.000326466,-0.00022896,-0.000489516,0,0,0,0,0,0,0,0.0732535,-9.83615,-0.409177,20.8448,1.29396,0.354518,-0.23876,0.105259,-0.747903,-0.0109152,2.35379,0.720153,0.348581,-0.174416
1721417,1,-1.57086,-0.523169,-5.75722e-05,-2.09592,1.56992,1.57034,0.785694,-1.5708,-0.523599,4.23261e-08,-2.09439,1.5708,1.5708,0.785398,0.000481184,3.30113e-05,0.000223152,-0.000319132,-0.000421095,8.4719e-05,-0.000563703,0,0,0,0,0,0,0,0.0732535,-9.85995,-0.409177,20.8963,1.29946,0.348109,-0.232351,0.103993,-0.746472,-0.0126069,2.35312,0.72015,0.348799,-0.174937
1721418,1,-1.57087,-0.523171,-5.75722e-05,-2.09592,1.56992,1.57034,0.785694,-1.5708,-0.523599,4.23261e-08,-2.09439,1.5708,1.5708,0.785398,-0.00209206,-0.000534804,0.000148768,-0.000769567,0.000329622,0.000293838,0.000132824,0,0,0,0,0,0,0,0.176403,-9.83615,-0.409177,20.9201,1.28298,0.3417,-0.246084,0.103118,-0.745102,-0.0137522,2.35263,0.72016,0.348952,-0.175487
1721419,1,-1.57087,-0.523171,-5.59018e-05,-2.09593,1.56992,1.57034,0.785693,-1.5708,-0.523599,4.23261e-08,-2.09439,1.5708,1.5708,0.785398,-0.000188283,-0.000356536,0.000655991,-0.00106986,0.000219748,0.000195892,-0.000182718,0,0,0,0,0,0,0,0.124828,-9.83615,-0.432981,20.9439,1.28298,0.3417,-0.23876,0.10327,-0.744738,-0.0136091,2.35321,0.720202,0.348942,-0.176045
1721420,1,-1.57087,-0.523169,-5.75723e-05,-2.09592,1.56992,1.57034,0.785695,-1.5708,-0.523599,4.23261e-08,-2.09439,1.5708,1.5708,0.785398,-0.000125522,0.000319121,-0.000119485,0.000400386,-0.000260402,-0.000344123,0.000624173,0,0,0,0,0,0,0,0.124828,-9.85995,-0.409177,20.8963,1.29396,0.354518,-0.258901,0.103676,-0.74512,-0.0132345,2.3544,0.720268,0.348885,-0.176598
1721421,1,-1.57087,-0.523173,-5.42314e-05,-2.09592,1.56992,1.57034,0.785691,-1.5708,-0.523599,4.23261e-08,-2.09439,1.5708,1.5708,0.785398,0.000473131,-0.000993679,0.00103397,0.000266924,2.98489e-05,0.000245302,-0.00199138,0,0,0,0,0,0,0,0.101024,-9.80838,-0.456784,20.8963,1.28847,0.3417,-0.193899,0.103593,-0.745118,-0.0135938,2.35513,0.720325,0.348898,-0.177141
1721422,1,-1.57087,-0.523167,-5.75723e-05,-2.09592,1.56992,1.57034,0.785697,-1.5708,-0.523599,4.23261e-08,-2.09439,1.5708,1.5708,0.785398,0.000315421,0.00119359,-0.000424312,0.000177949,0.00022335,-0.000311183,0.000333924,0,0,0,0,0,0,0,0.101024,-9.88773,-0.409177,20.8963,1.28298,0.354518,-0.23876,0.103007,-0.74465,-0.0146884,2.35527,0.720373,0.348988,-0.177661
1721423,1,-1.57087,-0.523169,-5.59018e-05,-2.09592,1.56992,1.57034,0.785693,-1.5708,-0.523599,4.23261e-08,-2.09439,1.5708,1.5708,0.785398,-0.000903344,0.000146111,0.000273937,0.00132506,-5.45507e-05,2.99037e-05,-0.000252102,0,0,0,0,0,0,0,0.148632,-9.85995,-0.432981,20.8448,1.28847,0.348109,-0.225942,0.102716,-0.745246,-0.015352,2.3555,0.720404,0.349016,-0.178129
1721424,1,-1.57086,-0.523169,-5.59018e-05,-2.09593,1.56992,1.57033,0.785694,-1.5708,-0.523599,4.23261e-08,-2.09439,1.5708,1.5708,0.785398,0.00116101,9.74074e-05,0.000182625,-0.000879865,-3.63671e-05,-0.000454782,0.000577918,0,0,0,0,0,0,0,0.0732535,-9.85995,-0.432981,20.9201,1.28847,0.360926,-0.246084,0.102778,-0.746413,-0.0155477,2.35578,0.720416,0.348988,-0.178534
1721425,1,-1.57087,-0.523173,-5.73906e-05,-2.09593,1.56992,1.57034,0.785694,-1.5708,-0.523599,4.23261e-08,-2.09439,1.5708,1.5708,0.785398,-0.00043242,-0.00114149,-0.00108468,-2.97649e-05,-2.42447e-05,-6.58291e-05,-0.000598066,0,0,0,0,0,0,0,0.124828,-9.80838,-0.381406,20.8963,1.28847,0.354518,-0.219534,0.102947,-0.746747,-0.0155553,2.35604,0.72042,0.348973,-0.178893
1721426,1,-1.57086,-0.523167,-5.35212e-05,-2.09592,1.56992,1.57034,0.78569,-1.5708,-0.523599,4.23261e-08,-2.09439,1.5708,1.5708,0.785398,0.000268532,0.00109505,0.00104012,0.00118658,-0.000219614,-0.000281245,-0.00206022,0,0,0,0,0,0,0,0.101024,-9.88773,-0.456784,20.8448,1.29396,0.360926,-0.174673,0.103401,-0.746089,-0.015111,2.35593,0.720402,0.348948,-0.179214
1721427,1,-1.57087,-0.523171,-5.92844e-05,-2.09593,1.56992,1.57034,0.78569,-1.5708,-0.523599,4.23261e-08,-2.09439,1.5708,1.5708,0.785398,-0.000934603,-0.000476394,-0.00106982,-0.000972183,-0.000146409,0.000287221,-0.000424046,0,0,0,0,0,0,0,0.148632,-9.83615,-0.381406,20.9201,1.29396,0.348109,-0.200308,0.104078,-0.745835,-0.014431,2.35582,0.720387,0.348904,-0.179471
1721428,1,-1.57086,-0.523167,-5.74933e-05,-2.09593,1.56992,1.57034,0.785687,-1.5708,-0.523599,4.23261e-08,-2.09439,1.5708,1.5708,0.785398,0.000490555,0.00088883,-6.36022e-05,-9.13099e-05,-9.76061e-05,0.000191481,-0.000994774,0,0,0,0,0,0,0,0.101024,-9.88773,-0.409177,20.8963,1.29396,0.348109,-0.181082,0.10526,-0.74697,-0.0130563,2.35663,0.720403,0.34879,-0.179622
1721429,1,-1.57086,-0.523165,-5.54154e-05,-2.09592,1.56992,1.57034,0.785688,-1.5708,-0.523599,4.23261e-08,-2.09439,1.5708,1.5708,0.785398,0.000327037,0.00114937,-4.24015e-05,0.00114555,0.00013838,0.000365013,-0.000188465,0,0,0,0,0,0,0,0.101024,-9.91153,-0.409177,20.8448,1.28847,0.3417,-0.193899,0.10638,-0.74961,-0.0117306,2.3581,0.720456,0.348674,-0.179641
1721430,1,-1.57086,-0.523167,-5.51829e-05,-2.09592,1.56992,1.57034,0.785689,-1.5708,-0.523599,4.23261e-08,-2.09439,1.5708,1.5708,0.785398,0.000867639,0.000209432,0.000528544,-0.000442724,9.22532e-05,5.98293e-06,0.000111716,0,0,0,0,0,0,0,0.0732535,-9.88773,-0.432981,20.8963,1.28847,0.348109,-0.200308,0.106567,-0.753008,-0.0117257,2.35955,0.720547,0.348678,-0.179522
1721431,1,-1.57087,-0.523171,-5.52021e-05,-2.09592,1.56992,1.57034,0.785688,-1.5708,-0.523599,4.23261e-08,-2.09439,1.5708,1.5708,0.785398,-0.000628,-0.0010668,-0.000204449,0.000261663,0.000671854,0.000241348,-0.000162882,0,0,0,0,0,0,0,0.124828,-9.83615,-0.409177,20.8725,1.27199,0.3417,-0.193899,0.106193,-0.754727,-0.0125257,2.36024,0.720638,0.348774,-0.179278
1721432,1,-1.57086,-0.523165,-5.51118e-05,-2.09593,1.56992,1.57034,0.78569,-1.5708,-0.523599,4.23261e-08,-2.09439,1.5708,1.5708,0.785398,0.00134457,0.00105203,0.000420513,-0.00038237,-0.000162449,-0.00031382,0.000603489,0,0,0,0,0,0,0,0.0494498,-9.91153,-0.432981,20.8963,1.28847,0.354518,-0.213125,0.105682,-0.754597,-0.0134926,2.36024,0.720705,0.348898,-0.178936
1721433,1,-1.57087,-0.523169,-5.3968e-05,-2.09593,1.56992,1.57034,0.785691,-1.5708,-0.523599,4.23261e-08,-2.09439,1.5708,1.5708,0.785398,-0.000866857,-0.000505069,0.000837154,-0.000811725,-0.00031175,-0.000683931,-0.00054711,0,0,0,0,0,0,0,0.124828,-9.85995,-0.456784,20.9201,1.29396,0.367335,-0.18749,0.104755,-0.754918,-0.0150676,2.3607,0.720788,0.349067,-0.178522
1721434,1,-1.57087,-0.523167,-5.36835e-05,-2.09592,1.56992,1.57034,0.785695,-1.5708,-0.523599,4.23261e-08,-2.09439,1.5708,1.5708,0.785398,-2.10928e-05,0.000312901,1.29049e-06,0.000572474,-4.38276e-06,1.8764e-05,0.000822055,0,0,0,0,0,0,0,0.101024,-9.88773,-0.432981,20.8725,1.28847,0.354518,-0.219534,0.103801,-0.755379,-0.0167728,2.36139,0.720871,0.349239,-0.178059
1721436,0.98,-1.57087,-0.523169,-5.44851e-05,-2.09593,1.56992,1.57034,0.785689,-1.5708,-0.523599,4.23261e-08,-2.09439,1.5708,1.5708,0.785398,-0.000566187,-0.000696151,-0.000556238,-0.000673587,0.000133686,0.000166579,-3.02405e-05,0,0,0,0,0,0,0,0.124828,-9.85995,-0.409177,20.9201,1.28298,0.348109,-0.200308,0.103738,-0.75656,-0.0174495,2.36227,0.720936,0.349326,-0.177057
1721437,0.97,-1.57086,-0.523167,-5.65432e-05,-2.09592,1.56992,1.57034,0.785697,-1.5708,-0.523599,4.23261e-08,-2.09439,1.5708,1.5708,0.785398,0.000828968,0.000185513,-0.000370826,0.000664566,-0.000114327,0.000111053,0.00140399,0,0,0,0,0,0,0,0.0732535,-9.88773,-0.409177,20.8725,1.28847,0.348109,-0.23876,0.104619,-0.756407,-0.0163275,2.36236,0.720907,0.34925,-0.176544
1721438,0.97,-1.57086,-0.523169,-5.91781e-05,-2.09592,1.56992,1.57034,0.785696,-1.5708,-0.523599,4.23261e-08,-2.09439,1.5708,1.5708,0.785398,0.000552645,-0.000525938,-0.000896831,0.00220628,-0.000279668,-0.000163324,0.000461278,0,0,0,0,0,0,0,0.0732535,-9.85995,-0.381406,20.7972,1.29396,0.354518,-0.225942,0.105474,-0.754116,-0.0150183,2.3608,0.720795,0.349191,-0.176034
1721439,0.97,-1.57086,-0.523169,-5.74579e-05,-2.09593,1.56992,1.57034,0.785691,-1.5708,-0.523599,4.23261e-08,-2.09439,1.5708,1.5708,0.785398,0.00036843,-0.000350626,5.17266e-05,-0.00140601,-0.000186446,0.000128476,-0.000404558,0,0,0,0,0,0,0,0.0732535,-9.85995,-0.409177,20.9201,1.29396,0.348109,-0.206716,0.106029,-0.750233,-0.0139254,2.358,0.720639,0.349181,-0.175566
1721440,0.97,-1.57087,-0.523167,-5.58637e-05,-2.09593,1.56992,1.57034,0.785691,-1.5708,-0.523599,4.23261e-08,-2.09439,1.5708,1.5708,0.785398,-0.000403994,0.000415864,0.000591296,-0.00149415,0.000282604,0.00032301,-3.23467e-05,0,0,0,0,0,0,0,0.101024,-9.88773,-0.432981,20.9439,1.28298,0.3417,-0.213125,0.106135,-0.748094,-0.0135016,2.35679,0.720578,0.349214,-0.175165
1721441,0.97,-1.57086,-0.523167,-5.75595e-05,-2.09593,1.56992,1.57033,0.785696,-1.5708,-0.523599,4.23261e-08,-2.09439,1.5708,1.5708,0.785398,0.000937097,0.000277242,-0.000162614,-0.000439288,0.000188403,-0.000496737,0.00191122,0,0,0,0,0,0,0,0.0494498,-9.88773,-0.409177,20.9201,1.28298,0.360926,-0.26531,0.105686,-0.749262,-0.0139547,2.35804,0.720644,0.349285,-0.174821
1721442,0.97,-1.57086,-0.523167,-5.58976e-05,-2.09592,1.56992,1.57034,0.785693,-1.5708,-0.523599,4.23261e-08,-2.09439,1.5708,1.5708,0.785398,-0.000581695,0.000184828,0.000448402,0.000820765,0.000125602,-9.3799e-05,5.34405e-05,0,0,0,0,0,0,0,0.101024,-9.88773,-0.432981,20.8725,1.28298,0.354518,-0.232351,0.104901,-0.751328,-0.0148324,2.35962,0.720726,0.349381,-0.174536
1721443,0.97,-1.57087,-0.523171,-5.54403e-05,-2.09592,1.56992,1.57034,0.785692,-1.5708,-0.523599,4.23261e-08,-2.09439,1.5708,1.5708,0.785398,-0.000387796,-0.00108321,-0.000257877,-0.000566447,-0.000119716,-6.25327e-05,-0.000201732,0,0,0,0,0,0,0,0.101024,-9.83615,-0.409177,20.9201,1.28847,0.354518,-0.225942,0.10433,-0.751737,-0.0153619,2.35999,0.720745,0.349457,-0.174338
1721444,0.97,-1.57087,-0.523169,-5.68616e-05,-2.09592,1.56992,1.57034,0.785699,-1.5708,-0.523599,4.23261e-08,-2.09439,1.5708,1.5708,0.785398,-0.000815343,-0.000165326,-0.000171918,-0.000377631,-0.000283261,0.00019567,0.00132357,0,0,0,0,0,0,0,0.124828,-9.85995,-0.409177,20.9201,1.29396,0.348109,-0.26531,0.10446,-0.75034,-0.0148923,2.35954,0.720709,0.349454,-0.174234
1721445,0.97,-1.57087,-0.523167,-5.73354e-05,-2.09592,1.56992,1.57034,0.785694,-1.5708,-0.523599,4.23261e-08,-2.09439,1.5708,1.5708,0.785398,1.325e-05,0.000539397,-0.000114612,0.000305058,-0.000188841,-0.000106912,-0.000100961,0,0,0,0,0,0,0,0.101024,-9.88773,-0.409177,20.8963,1.29396,0.354518,-0.23876,0.10508,-0.749169,-0.0137179,2.35926,0.720659,0.34938,-0.174219
1721446,0.97,-1.57087,-0.523171,-5.58229e-05,-2.09592,1.56992,1.57034,0.785695,-1.5708,-0.523599,4.23261e-08,-2.09439,1.5708,1.5708,0.785398,8.83333e-06,-0.000846828,0.000480404,0.000760184,7.75567e-05,0.000166084,0.000441319,0,0,0,0,0,0,0,0.101024,-9.83615,-0.432981,20.8725,1.28847,0.348109,-0.252493,0.105435,-0.748219,-0.0129418,2.35878,0.720615,0.349345,-0.174299
1721447,0.97,-1.57086,-0.523165,-5.94948e-05,-2.09593,1.56992,1.57034,0.785694,-1.5708,-0.523599,4.23261e-08,-2.09439,1.5708,1.5708,0.785398,5.88888e-06,0.00119869,-0.000886157,-0.000606835,-0.000151746,0.000110723,5.68535e-05,0,0,0,0,0,0,0,0.101024,-9.91153,-0.381406,20.9201,1.29396,0.348109,-0.246084,0.105478,-0.747352,-0.0126072,2.35812,0.720582,0.349358,-0.174472
1721448,0.97,-1.57086,-0.523169,-5.95123e-05,-2.09593,1.56992,1.57034,0.785693,-1.5708,-0.523599,4.23261e-08,-2.09439,1.5708,1.5708,0.785398,0.00065354,-0.000407302,-0.000590771,-0.000961368,0.000102286,-0.000400903,-0.000470724,0,0,0,0,0,0,0,0.0732535,-9.85995,-0.381406,20.9439,1.28847,0.360926,-0.232351,0.105715,-0.748402,-0.0118696,2.3587,0.720593,0.349325,-0.174734
1721449,0.97,-1.57087,-0.523165,-5.75693e-05,-2.09593,1.56992,1.57034,0.785692,-1.5708,-0.523599,4.23261e-08,-2.09439,1.5708,1.5708,0.785398,-0.000770733,0.000934891,0.000255767,-8.41003e-05,-0.00033871,0.000207449,-0.000551175,0,0,0,0,0,0,0,0.124828,-9.91153,-0.409177,20.9201,1.29946,0.348109,-0.225942,0.106018,-0.751004,-0.0109592,2.36043,0.720653,0.349271,-0.175066
1721450,0.97,-1.57087,-0.523167,-5.20999e-05,-2.09592,1.56992,1.57034,0.78569,-1.5708,-0.523599,4.23261e-08,-2.09439,1.5708,1.5708,0.785398,0.000692604,6.64488e-05,0.00128413,0.00170717,0.000384545,0.000375659,-0.000842168,0,0,0,0,0,0,0,0.0732535,-9.88773,-0.456784,20.8448,1.28298,0.3417,-0.213125,0.105652,-0.753328,-0.0111477,2.36172,0.720738,0.349319,-0.175428
1721451,0.97,-1.57087,-0.523165,-5.35209e-05,-2.09593,1.56992,1.57034,0.785694,-1.5708,-0.523599,4.23261e-08,-2.09439,1.5708,1.5708,0.785398,-0.0013015,0.000601111,0.00085609,-0.000625124,5.29127e-05,0.000250439,-0.000561445,0,0,0,0,0,0,0,0.148632,-9.91153,-0.456784,20.9201,1.28847,0.3417,-0.213125,0.104372,-0.754711,-0.0129106,2.36201,0.720839,0.349502,-0.17578
1721452,0.97,-1.57087,-0.523169,-5.5665e-05,-2.09592,1.56992,1.57034,0.785692,-1.5708,-0.523599,4.23261e-08,-2.09439,1.5708,1.5708,0.785398,0.000245956,-0.000805685,1.39147e-05,0.000696875,-0.000168175,-0.000307759,-0.00108637,0,0,0,0,0,0,0,0.101024,-9.85995,-0.432981,20.8725,1.29396,0.354518,-0.193899,0.103068,-0.755105,-0.0149187,2.36183,0.720935,0.349694,-0.176093
1721453,0.97,-1.57086,-0.523165,-5.74933e-05,-2.09592,1.56992,1.57034,0.78569,-1.5708,-0.523599,4.23261e-08,-2.09439,1.5708,1.5708,0.785398,0.000163971,0.000669302,-0.000547535,0.00167101,0.000294784,-0.000205172,-0.00048689,0,0,0,0,0,0,0,0.101024,-9.91153,-0.409177,20.821,1.28298,0.354518,-0.200308,0.10235,-0.753866,-0.0160544,2.36064,0.720969,0.349812,-0.176337
1721454,0.97,-1.57086,-0.523167,-5.94948e-05,-2.09593,1.56992,1.57034,0.785688,-1.5708,-0.523599,4.23261e-08,-2.09439,1.5708,1.5708,0.785398,0.000758928,-0.00011061,-0.00101464,-0.00120604,0.000196523,0.000337936,-0.000799311,0,0,0,0,0,0,0,0.0732535,-9.88773,-0.381406,20.9201,1.28298,0.3417,-0.18749,0.102277,-0.752313,-0.016045,2.35906,0.720948,0.349835,-0.176488
1721455,0.97,-1.57086,-0.523171,-5.5893e-05,-2.09593,1.56992,1.57034,0.785688,-1.5708,-0.523599,4.23261e-08,-2.09439,1.5708,1.5708,0.785398,0.000505952,-0.00128017,0.000530001,-0.000804029,0.000131015,0.00046265,-0.000532874,0,0,0,0,0,0,0,0.0732535,-9.83615,-0.432981,20.9201,1.28298,0.335292,-0.18749,0.102383,-0.751273,-0.0156347,2.3584,0.720945,0.349827,-0.176537
1721456,0.97,-1.57087,-0.523165,-5.95182e-05,-2.09592,1.56992,1.57034,0.785695,-1.5708,-0.523599,4.23261e-08,-2.09439,1.5708,1.5708,0.785398,-0.000869125,0.000909794,-0.000853092,0.00122722,0.000290794,-0.000166285,0.0010689,0,0,0,0,0,0,0,0.124828,-9.91153,-0.381406,20.8448,1.27748,0.348109,-0.225942,0.102482,-0.749879,-0.015234,2.35799,0.720941,0.34981,-0.176471
1721457,0.97,-1.57086,-0.523169,-6.11906e-05,-2.09592,1.56992,1.57034,0.785691,-1.5708,-0.523599,4.23261e-08,-2.09439,1.5708,1.5708,0.785398,-2.26045e-05,-0.000599897,-0.00112554,-0.000945092,-9.58788e-06,-0.000348215,-0.00094891,0,0,0,0,0,0,0,0.101024,-9.85995,-0.357602,20.9201,1.28298,0.354518,-0.181082,0.103424,-0.748952,-0.0135666,2.35757,0.720883,0.349637,-0.176302
1721458,0.97,-1.57086,-0.523169,-5.75719e-05,-2.09592,1.56992,1.57034,0.785694,-1.5708,-0.523599,4.23261e-08,-2.09439,1.5708,1.5708,0.785398,0.000634544,-0.000399931,0.000456066,-7.32496e-05,-6.39192e-06,5.21535e-06,0.000316829,0,0,0,0,0,0,0,0.0732535,-9.85995,-0.409177,20.8963,1.28298,0.348109,-0.206716,0.104614,-0.748361,-0.0114412,2.35743,0.7208,0.349415,-0.17606
1721459,0.97,-1.57086,-0.523165,-5.37712e-05,-2.09592,1.56992,1.57034,0.785691,-1.5708,-0.523599,4.23261e-08,-2.09439,1.5708,1.5708,0.785398,0.00042303,0.000939805,0.000860856,-0.000605645,-0.000207712,-0.000233882,-0.000975575,0,0,0,0,0,0,0,0.0732535,-9.91153,-0.432981,20.9201,1.28847,0.354518,-0.174673,0.104478,-0.748494,-0.0112708,2.35791,0.720771,0.349381,-0.175752
1721460,0.97,-1.57087,-0.523169,-5.35212e-05,-2.09592,1.56992,1.57034,0.78569,-1.5708,-0.523599,4.23261e-08,-2.09439,1.5708,1.5708,0.785398,-0.00148122,-0.000579889,0.00113072,0.00135947,-0.000138475,8.14376e-05,6.16933e-05,0,0,0,0,0,0,0,0.148632,-9.85995,-0.456784,20.8448,1.28847,0.348109,-0.193899,0.103219,-0.749481,-0.0129352,2.35859,0.720785,0.349499,-0.175377
1721461,0.97,-1.57087,-0.523169,-5.5205e-05,-2.09593,1.56992,1.57034,0.785691,-1.5708,-0.523599,4.23261e-08,-2.09439,1.5708,1.5708,0.785398,-0.000987479,-0.000386593,-0.000359813,-0.000856921,0.000111134,-0.000183067,0.000753206,0,0,0,0,0,0,0,0.148632,-9.85995,-0.409177,20.9201,1.28298,0.354518,-0.213125,0.102368,-0.749297,-0.0142615,2.35842,0.720759,0.349576,-0.174933
1721462,0.97,-1.57086,-0.523169,-5.8732e-05,-2.09592,1.56992,1.57034,0.785688,-1.5708,-0.523599,4.23261e-08,-2.09439,1.5708,1.5708,0.785398,0.00110492,-0.000257729,-0.000889489,0.00119196,-0.000536262,0.000352673,-0.00020994,0,0,0,0,0,0,0,0.0732535,-9.85995,-0.381406,20.8448,1.29946,0.3417,-0.193899,0.102504,-0.747856,-0.0141452,2.35754,0.720671,0.349534,-0.174439
1721463,0.97,-1.57087,-0.523165,-5.56388e-05,-2.09593,1.56992,1.57034,0.78569,-1.5708,-0.523599,4.23261e-08,-2.09439,1.5708,1.5708,0.785398,0.000736612,0.00103461,0.000613433,-0.0009686,4.9393e-05,-2.24356e-06,0.000334758,0,0,0,0,0,0,0,0.0732535,-9.91153,-0.432981,20.9201,1.28847,0.348109,-0.206716,0.102558,-0.747297,-0.0139479,2.35704,0.720591,0.349501,-0.173924
1721464,0.97,-1.57087,-0.523167,-5.58141e-05,-2.09592,1.56992,1.57034,0.785689,-1.5708,-0.523599,4.23261e-08,-2.09439,1.5708,1.5708,0.785398,-0.000715351,0.000132926,0.000408955,0.000467891,0.000236379,-1.49571e-06,-1.41869e-05,0,0,0,0,0,0,0,0.124828,-9.88773,-0.432981,20.8725,1.28298,0.348109,-0.200308,0.101934,-0.748986,-0.0147368,2.35768,0.720589,0.349543,-0.173403
1721465,0.97,-1.57086,-0.523167,-5.58726e-05,-2.09592,1.56992,1.57034,0.785695,-1.5708,-0.523599,4.23261e-08,-2.09439,1.5708,1.5708,0.785398,7.99113e-05,8.86173e-05,0.000272637,0.000311927,-0.000249315,0.000236362,0.000939978,0,0,0,0,0,0,0,0.101024,-9.88773,-0.432981,20.8725,1.29396,0.3417,-0.225942,0.101243,-0.751187,-0.015772,2.35853,0.720615,0.349586,-0.172887
1721466,0.97,-1.57086,-0.523169,-5.73808e-05,-2.09592,1.56992,1.57034,0.785691,-1.5708,-0.523599,4.23261e-08,-2.09439,1.5708,1.5708,0.785398,5.32742e-05,-0.000590536,-0.00102467,-0.000348861,3.72406e-05,-7.97844e-05,0.000151934,0,0,0,0,0,0,0,0.101024,-9.85995,-0.381406,20.8963,1.28847,0.348109,-0.213125,0.101043,-0.752069,-0.0161005,2.35866,0.720607,0.349568,-0.172392
1721467,0.97,-1.57087,-0.523171,-5.68588e-05,-2.09592,1.56992,1.57034,0.785697,-1.5708,-0.523599,4.23261e-08,-2.09439,1.5708,1.5708,0.785398,3.55161e-05,-0.000950502,-3.34981e-05,-0.000232574,2.4827e-05,-0.000290549,0.00105073,0,0,0,0,0,0,0,0.101024,-9.83615,-0.409177,20.8963,1.28847,0.354518,-0.23876,0.101435,-0.751246,-0.0154527,2.35821,0.720565,0.349483,-0.17194
1721468,0.97,-1.57087,-0.523165,-5.5664e-05,-2.09592,1.56992,1.57034,0.785695,-1.5708,-0.523599,4.23261e-08,-2.09439,1.5708,1.5708,0.785398,-0.00108995,0.00112957,0.00053448,-0.000155049,0.000220002,-0.000193699,0.000971751,0,0,0,0,0,0,0,0.148632,-9.91153,-0.432981,20.8963,1.28298,0.354518,-0.246084,0.102026,-0.750181,-0.0145668,2.35783,0.720528,0.349377,-0.171554
1721469,0.97,-1.57086,-0.523171,-5.7493e-05,-2.09592,1.56992,1.57034,0.785694,-1.5708,-0.523599,4.23261e-08,-2.09439,1.5708,1.5708,0.785398,0.00103661,-0.00101019,-0.000200492,-0.000103366,-0.000260233,0.000345585,0.000376566,0,0,0,0,0,0,0,0.0732535,-9.83615,-0.409177,20.8963,1.29396,0.3417,-0.23876,0.102366,-0.750255,-0.0141881,2.35801,0.72053,0.349304,-0.171258
1721470,0.97,-1.57087,-0.523167,-5.75458e-05,-2.09593,1.56992,1.57034,0.785697,-1.5708,-0.523599,4.23261e-08,-2.09439,1.5708,1.5708,0.785398,-0.000515355,0.000532965,-0.000133661,-6.89107e-05,-0.000173489,-0.000481687,0.000522312,0,0,0,0,0,0,0,0.124828,-9.88773,-0.409177,20.8963,1.29396,0.360926,-0.246084,0.102452,-0.750359,-0.0141783,2.35819,0.720542,0.349277,-0.171074
1721471,0.97,-1.57087,-0.523169,-5.42226e-05,-2.09592,1.56992,1.57034,0.785696,-1.5708,-0.523599,4.23261e-08,-2.09439,1.5708,1.5708,0.785398,0.000213242,-0.000294304,0.00102452,0.0017173,8.77914e-05,0.000390952,0.000585567,0,0,0,0,0,0,0,0.101024,-9.85995,-0.456784,20.821,1.28847,0.3417,-0.252493,0.102284,-0.749886,-0.0145691,2.35775,0.720547,0.3493,-0.171004
1721472,0.97,-1.57087,-0.523169,-5.75693e-05,-2.09593,1.56992,1.57034,0.785691,-1.5708,-0.523599,4.23261e-08,-2.09439,1.5708,1.5708,0.785398,0.000142161,-0.000196203,-0.000430613,-0.001732,0.000465429,2.3276e-05,-0.00106768,0,0,0,0,0,0,0,0.101024,-9.85995,-0.409177,20.9439,1.27748,0.348109,-0.213125,0.101792,-0.749047,-0.0155208,2.3569,0.720561,0.34938,-0.171049
1721473,0.97,-1.57087,-0.523167,-5.75713e-05,-2.09593,1.56992,1.57034,0.785695,-1.5708,-0.523599,4.23261e-08,-2.09439,1.5708,1.5708,0.785398,9.47743e-05,0.000518812,-0.000287075,-0.000597853,0.000310286,-0.000221842,0.000746273,0,0,0,0,0,0,0,0.101024,-9.88773,-0.409177,20.9201,1.27748,0.354518,-0.252493,0.101508,-0.749524,-0.0161474,2.35725,0.720614,0.349426,-0.171201
1721474,0.97,-1.57086,-0.523169,-5.22822e-05,-2.09593,1.56992,1.57034,0.785692,-1.5708,-0.523599,4.23261e-08,-2.09439,1.5708,1.5708,0.785398,0.000712797,-0.000303739,0.00157185,-0.00095538,3.40664e-06,-0.000147894,-0.000485829,0,0,0,0,0,0,0,0.0732535,-9.85995,-0.484555,20.9439,1.28298,0.354518,-0.225942,0.101039,-0.751775,-0.0170533,2.35904,0.720711,0.349488,-0.171427
1721475,0.97,-1.57087,-0.523171,-5.59017e-05,-2.09592,1.56992,1.57034,0.785693,-1.5708,-0.523599,4.23261e-08,-2.09439,1.5708,1.5708,0.785398,-0.000731228,-0.000759305,-0.000158523,0.00103352,-0.00040463,-9.85963e-05,0.000150832,0,0,0,0,0,0,0,0.124828,-9.83615,-0.432981,20.8725,1.29396,0.354518,-0.23876,0.0999229,-0.75288,-0.0190213,2.36027,0.720793,0.349662,-0.171702
1721476,0.97,-1.57087,-0.523169,-5.75722e-05,-2.09592,1.56992,1.57034,0.785688,-1.5708,-0.523599,4.23261e-08,-2.09439,1.5708,1.5708,0.785398,6.93266e-05,5.06088e-05,-0.000662494,0.000132198,-0.000269753,-6.57309e-05,-0.00156096,0,0,0,0,0,0,0,0.101024,-9.85995,-0.409177,20.8963,1.29396,0.354518,-0.193899,0.0994434,-0.751598,-0.0200746,2.35988,0.720776,0.349772,-0.172011
1721477,0.97,-1.57086,-0.523171,-5.95211e-05,-2.09592,1.56993,1.57034,0.785691,-1.5708,-0.523599,4.23261e-08,-2.09439,1.5708,1.5708,0.785398,4.62177e-05,-0.000523073,-0.00109128,8.81323e-05,0.000430516,0.000193538,-9.12029e-05,0,0,0,0,0,0,0,0.101024,-9.83615,-0.381406,20.8963,1.27748,0.348109,-0.219534,0.100245,-0.749501,-0.0190958,2.35878,0.720676,0.349707,-0.172328
1721478,0.97,-1.57087,-0.523167,-5.59018e-05,-2.09592,1.56992,1.57034,0.785691,-1.5708,-0.523599,4.23261e-08,-2.09439,1.5708,1.5708,0.785398,-0.000526,0.000857711,0.000478908,0.00126518,-0.000323341,0.000366385,-6.0802e-05,0,0,0,0,0,0,0,0.124828,-9.88773,-0.432981,20.8448,1.29396,0.3417,-0.219534,0.101637,-0.747837,-0.0171549,2.35765,0.720551,0.34955,-0.172616
1721479,0.97,-1.57086,-0.523167,-5.42314e-05,-2.09592,1.56992,1.57034,0.78569,-1.5708,-0.523599,4.23261e-08,-2.09439,1.5708,1.5708,0.785398,0.00141257,0.000571807,0.000876084,0.00019384,-1.21101e-05,0.000244256,-0.000277894,0,0,0,0,0,0,0,0.0494498,-9.88773,-0.456784,20.8725,1.28847,0.3417,-0.213125,0.102229,-0.747574,-0.0164551,2.35684,0.720467,0.349484,-0.172855
1721480,0.97,-1.57087,-0.523167,-5.75723e-05,-2.09592,1.56992,1.57034,0.785688,-1.5708,-0.523599,4.23261e-08,-2.09439,1.5708,1.5708,0.785398,-0.000264712,0.000381205,-0.000529568,0.000129227,-8.07338e-06,0.000162838,-0.000897339,0,0,0,0,0,0,0,0.101024,-9.88773,-0.409177,20.8725,1.28847,0.3417,-0.193899,0.101693,-0.748948,-0.0174291,2.3568,0.720458,0.349548,-0.173047
1721481,0.97,-1.57087,-0.523169,-5.75723e-05,-2.09592,1.56992,1.57034,0.785687,-1.5708,-0.523599,4.23261e-08,-2.09439,1.5708,1.5708,0.785398,-0.000176475,-0.000395477,-0.000353045,8.61511e-05,-0.000208833,0.000345917,-0.000835585,0,0,0,0,0,0,0,0.101024,-9.85995,-0.409177,20.8725,1.29396,0.335292,-0.18749,0.101467,-0.750455,-0.0178748,2.35704,0.720458,0.349543,-0.173185
1721482,0.97,-1.57086,-0.523169,-5.75723e-05,-2.09592,1.56992,1.57034,0.78569,-1.5708,-0.523599,4.23261e-08,-2.09439,1.5708,1.5708,0.785398,-0.00011765,-0.000263652,-0.000235363,-0.000499378,6.42287e-05,-0.000244106,0.000392379,0,0,0,0,0,0,0,0.101024,-9.85995,-0.409177,20.8963,1.28847,0.348109,-0.213125,0.101979,-0.750927,-0.0171846,2.35709,0.720439,0.349417,-0.173247
1721483,0.97,-1.57087,-0.523167,-5.75723e-05,-2.09592,1.56992,1.57034,0.785692,-1.5708,-0.523599,4.23261e-08,-2.09439,1.5708,1.5708,0.785398,-0.00119206,0.000473846,-0.000156909,0.000223893,-0.000160631,-0.000162738,-0.000213132,0,0,0,0,0,0,0,0.148632,-9.88773,-0.409177,20.8725,1.29396,0.348109,-0.200308,0.10289,-0.751131,-0.0159316,2.35726,0.720426,0.349215,-0.173223
1721484,0.97,-1.57087,-0.523167,-5.73906e-05,-2.09592,1.56992,1.57034,0.785694,-1.5708,-0.523599,4.23261e-08,-2.09439,1.5708,1.5708,0.785398,-0.000237893,0.000315897,-0.00075422,0.000798876,9.63629e-05,-0.00058321,9.5271e-05,0,0,0,0,0,0,0,0.124828,-9.88773,-0.381406,20.8448,1.28847,0.360926,-0.206716,0.104302,-0.751819,-0.013991,2.35748,0.720408,0.348924,-0.173126
1721485,0.97,-1.57087,-0.523169,-5.47316e-05,-2.09593,1.56992,1.57034,0.785691,-1.5708,-0.523599,4.23261e-08,-2.09439,1.5708,1.5708,0.785398,0.000398217,-0.000439016,0.000146801,-0.000673842,-0.000139209,-0.000151447,-0.000885922,0,0,0,0,0,0,0,0.101024,-9.85995,-0.409177,20.8963,1.29396,0.354518,-0.181082,0.105645,-0.752316,-0.0121242,2.35742,0.720392,0.348657,-0.172968
1721486,0.97,-1.57087,-0.523167,-5.32845e-05,-2.09593,1.56993,1.57034,0.785691,-1.5708,-0.523599,4.23261e-08,-2.09439,1.5708,1.5708,0.785398,0.000915092,0.000356937,0.00121149,-0.000449228,0.000314095,-0.000100965,-0.000827973,0,0,0,0,0,0,0,0.0732535,-9.88773,-0.456784,20.8963,1.28298,0.354518,-0.174673,0.105631,-0.752706,-0.0122525,2.3576,0.720448,0.348621,-0.172754
1721487,0.97,-1.57087,-0.523173,-5.55862e-05,-2.09593,1.56992,1.57034,0.785695,-1.5708,-0.523599,4.23261e-08,-2.09439,1.5708,1.5708,0.785398,-0.000596365,-0.00161808,0.000250849,-0.00141311,0.000209397,0.000407408,0.000872171,0,0,0,0,0,0,0,0.124828,-9.80838,-0.432981,20.9439,1.28298,0.3417,-0.213125,0.104275,-0.752785,-0.0144633,2.35818,0.720582,0.348817,-0.172468
1721488,0.97,-1.57086,-0.523173,-5.94159e-05,-2.09593,1.56992,1.57034,0.785693,-1.5708,-0.523599,4.23261e-08,-2.09439,1.5708,1.5708,0.785398,0.000808849,-0.00107872,-0.00103919,-0.000385261,0.000139598,3.42463e-05,0.00105617,0,0,0,0,0,0,0,0.0732535,-9.80838,-0.381406,20.9201,1.28298,0.348109,-0.225942,0.103129,-0.750844,-0.0163624,2.35828,0.720689,0.349022,-0.172112
1721489,0.97,-1.57087,-0.523165,-5.54067e-05,-2.09592,1.56992,1.57034,0.785689,-1.5708,-0.523599,4.23261e-08,-2.09439,1.5708,1.5708,0.785398,-0.000667193,0.0016937,-4.31817e-05,0.000299971,9.30653e-05,2.28309e-05,-0.000482684,0,0,0,0,0,0,0,0.124828,-9.91153,-0.409177,20.8963,1.28298,0.348109,-0.193899,0.102936,-0.748758,-0.0167063,2.35821,0.72073,0.349084,-0.171722
1721490,0.97,-1.57087,-0.523171,-5.68504e-05,-2.09592,1.56992,1.57034,0.785695,-1.5708,-0.523599,4.23261e-08,-2.09439,1.5708,1.5708,0.785398,0.000112017,-0.000634102,-2.87878e-05,0.000756793,0.000265494,1.52206e-05,0.000865005,0,0,0,0,0,0,0,0.101024,-9.83615,-0.409177,20.8725,1.27748,0.348109,-0.225942,0.103251,-0.74868,-0.0162427,2.35842,0.720732,0.349033,-0.171334
1721491,0.97,-1.57086,-0.523169,-5.52011e-05,-2.09592,1.56992,1.57034,0.785691,-1.5708,-0.523599,4.23261e-08,-2.09439,1.5708,1.5708,0.785398,0.000724292,0.000134078,-1.91919e-05,-5.22834e-05,-0.000229905,-0.000227212,-0.000135407,0,0,0,0,0,0,0,0.0732535,-9.85995,-0.409177,20.8963,1.28847,0.354518,-0.206716,0.103357,-0.74852,-0.0160531,2.35813,0.720697,0.349006,-0.170958
1721492,0.97,-1.57086,-0.523171,-5.67819e-05,-2.09593,1.56992,1.57034,0.785694,-1.5708,-0.523599,4.23261e-08,-2.09439,1.5708,1.5708,0.785398,-0.000166753,-0.000467427,-1.27946e-05,-0.000591668,5.01805e-05,0.000323243,0.00109652,0,0,0,0,0,0,0,0.101024,-9.83615,-0.409177,20.9201,1.28298,0.3417,-0.23876,0.103063,-0.747794,-0.0163755,2.35767,0.720649,0.349044,-0.17061
1721493,0.97,-1.57086,-0.523167,-5.92576e-05,-2.09592,1.56992,1.57034,0.785693,-1.5708,-0.523599,4.23261e-08,-2.09439,1.5708,1.5708,0.785398,-0.000111169,0.000894808,-0.000658144,0.000719179,3.34537e-05,-0.000259222,0.000731016,0,0,0,0,0,0,0,0.101024,-9.88773,-0.381406,20.8725,1.28298,0.354518,-0.23876,0.102991,-0.747735,-0.0163163,2.35769,0.720595,0.349037,-0.170309
1721494,0.97,-1.57087,-0.523169,-5.94333e-05,-2.09592,1.56992,1.57034,0.785696,-1.5708,-0.523599,4.23261e-08,-2.09439,1.5708,1.5708,0.785398,-7.41124e-05,-5.30753e-05,-0.000438762,0.000479453,-0.000384599,6.4544e-05,0.000487344,0,0,0,0,0,0,0,0.101024,-9.85995,-0.381406,20.8725,1.29396,0.348109,-0.23876,0.103496,-0.748329,-0.0153105,2.35776,0.720506,0.34893,-0.170079
1721495,0.97,-1.57086,-0.523167,-5.7543e-05,-2.09592,1.56992,1.57034,0.785696,-1.5708,-0.523599,4.23261e-08,-2.09439,1.5708,1.5708,0.785398,0.00115702,0.00061423,0.000357106,0.000319635,-0.000256399,-0.00019433,0.000833522,0,0,0,0,0,0,0,0.0494498,-9.88773,-0.409177,20.8725,1.29396,0.354518,-0.252493,0.103789,-0.749097,-0.0144919,2.35768,0.720413,0.348847,-0.169939
1721496,0.97,-1.57087,-0.523169,-5.58921e-05,-2.09593,1.56992,1.57034,0.785697,-1.5708,-0.523599,4.23261e-08,-2.09439,1.5708,1.5708,0.785398,-0.000991893,-0.000240127,0.000794882,-0.000343722,0.000642869,0.000345165,4.70551e-05,0,0,0,0,0,0,0,0.124828,-9.85995,-0.432981,20.8963,1.27199,0.3417,-0.23876,0.103215,-0.749943,-0.0149426,2.35773,0.720369,0.348893,-0.169903
1721497,0.97,-1.57087,-0.523167,-5.95178e-05,-2.09592,1.56992,1.57034,0.785698,-1.5708,-0.523599,4.23261e-08,-2.09439,1.5708,1.5708,0.785398,-0.00010445,0.000489529,-0.000676504,0.000327664,-0.000385222,-7.24906e-06,0.00125207,0,0,0,0,0,0,0,0.101024,-9.88773,-0.381406,20.8725,1.29396,0.348109,-0.271719,0.102629,-0.75082,-0.0154994,2.35801,0.720352,0.348943,-0.169978
1721498,0.97,-1.57087,-0.523169,-5.59007e-05,-2.09593,1.56993,1.57034,0.785697,-1.5708,-0.523599,4.23261e-08,-2.09439,1.5708,1.5708,0.785398,-0.000626445,-0.000323261,0.000755423,-0.000895181,0.000556987,0.000232526,-0.000385988,0,0,0,0,0,0,0,0.124828,-9.85995,-0.432981,20.9201,1.27199,0.3417,-0.23876,0.102582,-0.751696,-0.0153153,2.35849,0.720331,0.348912,-0.170169
1721499,0.97,-1.57086,-0.523169,-5.75719e-05,-2.09592,1.56992,1.57033,0.785695,-1.5708,-0.523599,4.23261e-08,-2.09439,1.5708,1.5708,0.785398,0.000788796,-0.000215507,-5.31966e-05,-3.99755e-05,-3.55763e-05,-0.000557059,1.39423e-05,0,0,0,0,0,0,0,0.0732535,-9.85995,-0.409177,20.8963,1.28298,0.360926,-0.246084,0.102375,-0.752178,-0.0153958,2.35908,0.720318,0.348913,-0.170474
1721500,0.97,-1.57087,-0.523169,-5.9521e-05,-2.09592,1.56992,1.57034,0.785695,-1.5708,-0.523599,4.23261e-08,-2.09439,1.5708,1.5708,0.785398,-0.00123737,-0.000143672,-0.000685078,0.000530162,-0.000227168,0.000340704,0.000246654,0,0,0,0,0,0,0,0.148632,-9.85995,-0.381406,20.8725,1.28847,0.3417,-0.252493,0.102248,-0.75161,-0.015332,2.35915,0.720272,0.348917,-0.170872
1721501,0.97,-1.57087,-0.523169,-5.42313e-05,-2.09593,1.56992,1.57034,0.785693,-1.5708,-0.523599,4.23261e-08,-2.09439,1.5708,1.5708,0.785398,-0.000268104,-9.57811e-05,0.00130652,-0.000760183,-0.000151445,-1.0223e-05,-0.000581549,0,0,0,0,0,0,0,0.124828,-9.85995,-0.456784,20.9201,1.28847,0.348109,-0.232351,0.102597,-0.750506,-0.0146499,2.35881,0.720188,0.34886,-0.17134
1721502,0.97,-1.57086,-0.523167,-5.75722e-05,-2.09592,1.56992,1.57034,0.785697,-1.5708,-0.523599,4.23261e-08,-2.09439,1.5708,1.5708,0.785398,0.000378076,0.00058576,-0.000242611,0.000606835,0.000102487,-0.000244174,0.000120927,0,0,0,0,0,0,0,0.101024,-9.88773,-0.409177,20.8725,1.28298,0.354518,-0.246084,0.102588,-0.750051,-0.0146741,2.35881,0.720133,0.348855,-0.17186
1721503,0.97,-1.57087,-0.523171,-5.75722e-05,-2.09592,1.56992,1.57034,0.785698,-1.5708,-0.523599,4.23261e-08,-2.09439,1.5708,1.5708,0.785398,-0.000304761,-0.000815919,-0.000161741,0.000404557,-0.000135126,7.45761e-05,8.06178e-05,0,0,0,0,0,0,0,0.124828,-9.83615,-0.409177,20.8725,1.28847,0.348109,-0.246084,0.102335,-0.749539,-0.0150771,2.35854,0.720075,0.348895,-0.172409
1721504,0.97,-1.57086,-0.523169,-5.95211e-05,-2.09593,1.56992,1.57034,0.785695,-1.5708,-0.523599,4.23261e-08,-2.09439,1.5708,1.5708,0.785398,0.000353638,1.28658e-05,-0.000757441,-0.00140073,-9.00839e-05,0.000287076,-0.000217522,0,0,0,0,0,0,0,0.101024,-9.85995,-0.381406,20.9439,1.28847,0.3417,-0.23876,0.102573,-0.748313,-0.0147048,2.35798,0.719988,0.34888,-0.172976
1721505,0.97,-1.57087,-0.523171,-5.95211e-05,-2.09592,1.56992,1.57034,0.785696,-1.5708,-0.523599,4.23261e-08,-2.09439,1.5708,1.5708,0.785398,-0.000321053,-0.000548235,-0.000504961,0.000736615,0.000550296,0.000191384,-0.000382374,0,0,0,0,0,0,0,0.124828,-9.83615,-0.381406,20.8725,1.27199,0.3417,-0.232351,0.103357,-0.747113,-0.0134737,2.35775,0.719898,0.34879,-0.173558
1721506,0.97,-1.57086,-0.523167,-5.75723e-05,-2.09592,1.56992,1.57034,0.785694,-1.5708,-0.523599,4.23261e-08,-2.09439,1.5708,1.5708,0.785398,0.00099239,0.000840936,0.000312973,0.000491077,-4.00373e-05,-0.000347128,-0.000254916,0,0,0,0,0,0,0,0.0732535,-9.88773,-0.409177,20.8725,1.28298,0.354518,-0.232351,0.104044,-0.74605,-0.0123329,2.35736,0.719801,0.348705,-0.174134
1721507,0.97,-1.57086,-0.523165,-5.73906e-05,-2.09593,1.56992,1.57034,0.785693,-1.5708,-0.523599,4.23261e-08,-2.09439,1.5708,1.5708,0.785398,0.000661593,0.00111744,-0.000440965,-0.000229427,-2.66915e-05,-0.000231419,-0.000169944,0,0,0,0,0,0,0,0.0732535,-9.91153,-0.381406,20.8963,1.28298,0.354518,-0.232351,0.103918,-0.746763,-0.0123084,2.35747,0.719734,0.34871,-0.174688
1721508,0.97,-1.57087,-0.523165,-5.51916e-05,-2.09593,1.56992,1.57034,0.785692,-1.5708,-0.523599,4.23261e-08,-2.09439,1.5708,1.5708,0.785398,-0.000208552,0.000744957,0.000912449,-0.00191619,-1.77944e-05,8.30797e-05,-0.000350655,0,0,0,0,0,0,0,0.101024,-9.91153,-0.432981,20.9717,1.28298,0.348109,-0.225942,0.103198,-0.750866,-0.0131339,2.35956,0.71975,0.348761,-0.175213
1721509,0.97,-1.57087,-0.523165,-5.35346e-05,-2.09592,1.56992,1.57034,0.78569,-1.5708,-0.523599,4.23261e-08,-2.09439,1.5708,1.5708,0.785398,-0.000695846,0.000496638,0.000608299,0.0016922,-1.18629e-05,0.000292745,-0.000708488,0,0,0,0,0,0,0,0.124828,-9.91153,-0.432981,20.8448,1.28298,0.3417,-0.213125,0.102309,-0.756201,-0.0143707,2.36254,0.719811,0.348825,-0.1757
1721510,0.97,-1.57087,-0.523169,-5.8732e-05,-2.09593,1.56992,1.57034,0.785696,-1.5708,-0.523599,4.23261e-08,-2.09439,1.5708,1.5708,0.785398,9.29144e-05,-0.000875334,-0.000800893,-0.00119191,-0.000211359,-0.000279554,0.000477111,0,0,0,0,0,0,0,0.101024,-9.85995,-0.381406,20.9439,1.28847,0.354518,-0.23876,0.101801,-0.759178,-0.0151422,2.36413,0.719809,0.348857,-0.17613
1721511,0.97,-1.57087,-0.523167,-5.35083e-05,-2.09592,1.56992,1.57034,0.785691,-1.5708,-0.523599,4.23261e-08,-2.09439,1.5708,1.5708,0.785398,-0.00105168,6.60581e-05,0.000672497,0.000319015,-0.000140906,0.000288348,-0.000868721,0,0,0,0,0,0,0,0.148632,-9.88773,-0.432981,20.8963,1.28847,0.3417,-0.206716,0.102012,-0.759278,-0.0148552,2.36436,0.719734,0.348818,-0.1765
1721512,0.97,-1.57087,-0.523167,-6.03937e-05,-2.09592,1.56992,1.57034,0.785689,-1.5708,-0.523599,4.23261e-08,-2.09439,1.5708,1.5708,0.785398,0.000412503,4.40387e-05,-0.00131491,-0.000344135,0.000109513,0.000192232,-0.00105387,0,0,0,0,0,0,0,0.101024,-9.88773,-0.357602,20.9201,1.28298,0.3417,-0.193899,0.102786,-0.758372,-0.0137509,2.36418,0.719631,0.348711,-0.176813
1721513,0.97,-1.57087,-0.523169,-5.73063e-05,-2.09592,1.56992,1.57034,0.78569,-1.5708,-0.523599,4.23261e-08,-2.09439,1.5708,1.5708,0.785398,0.000924616,-0.000620255,0.000329822,0.000327388,-0.000130442,-0.000109204,-0.000227859,0,0,0,0,0,0,0,0.0732535,-9.85995,-0.409177,20.8963,1.28847,0.348109,-0.206716,0.103575,-0.756856,-0.0124902,2.3636,0.719512,0.348605,-0.17705
1721514,0.97,-1.57087,-0.523173,-5.58132e-05,-2.09592,1.56992,1.57034,0.785689,-1.5708,-0.523599,4.23261e-08,-2.09439,1.5708,1.5708,0.785398,-0.00114683,-0.00161993,0.000776693,-0.000338553,-0.000290412,-7.28027e-05,-0.000389265,0,0,0,0,0,0,0,0.148632,-9.80838,-0.432981,20.9201,1.29396,0.348109,-0.200308,0.10369,-0.753214,-0.0121947,2.36204,0.71939,0.348619,-0.177187
1721515,0.97,-1.57086,-0.523169,-5.94915e-05,-2.09592,1.56992,1.57034,0.785687,-1.5708,-0.523599,4.23261e-08,-2.09439,1.5708,1.5708,0.785398,0.000349072,0.000126473,-0.000688631,0.000887922,-0.000193608,0.000188824,-0.000971587,0,0,0,0,0,0,0,0.101024,-9.85995,-0.381406,20.8725,1.29396,0.3417,-0.181082,0.103593,-0.74771,-0.0123469,2.35956,0.719265,0.348681,-0.17722
1721516,0.97,-1.57086,-0.523167,-5.5892e-05,-2.09592,1.56992,1.57034,0.785695,-1.5708,-0.523599,4.23261e-08,-2.09439,1.5708,1.5708,0.785398,0.000882329,0.000733929,0.000747339,0.00179837,7.43787e-05,0.000125883,0.00101379,0,0,0,0,0,0,0,0.0732535,-9.88773,-0.432981,20.821,1.28847,0.3417,-0.225942,0.10341,-0.743057,-0.0125908,2.35694,0.719148,0.34873,-0.177148
1721517,0.97,-1.57086,-0.523169,-5.95178e-05,-2.09593,1.56992,1.57034,0.78569,-1.5708,-0.523599,4.23261e-08,-2.09439,1.5708,1.5708,0.785398,-6.13946e-05,-0.000160328,-0.0007082,-0.00167795,4.95858e-05,-0.000153437,-0.000273577,0,0,0,0,0,0,0,0.101024,-9.85995,-0.381406,20.9439,1.28847,0.348109,-0.200308,0.102857,-0.740977,-0.0132778,2.35525,0.719089,0.348786,-0.176981
1721518,0.97,-1.57087,-0.523167,-5.59007e-05,-2.09592,1.56992,1.57034,0.785691,-1.5708,-0.523599,4.23261e-08,-2.09439,1.5708,1.5708,0.785398,-4.09298e-05,0.000542729,0.000734293,0.000551805,-0.000170393,-0.000102292,0.000292333,0,0,0,0,0,0,0,0.101024,-9.88773,-0.432981,20.8725,1.29396,0.348109,-0.213125,0.102411,-0.741439,-0.013803,2.3553,0.719111,0.34879,-0.176754
1721519,0.97,-1.57086,-0.523167,-5.75719e-05,-2.09593,1.56992,1.57034,0.785688,-1.5708,-0.523599,4.23261e-08,-2.09439,1.5708,1.5708,0.785398,-2.72865e-05,0.000361819,-6.72836e-05,-0.000745754,0.000293305,0.000169165,-0.000517188,0,0,0,0,0,0,0,0.101024,-9.88773,-0.409177,20.9201,1.28298,0.3417,-0.193899,0.102072,-0.743658,-0.0142326,2.35656,0.719193,0.348754,-0.176487
1721520,0.97,-1.57086,-0.523165,-5.9521e-05,-2.09592,1.56992,1.57034,0.78569,-1.5708,-0.523599,4.23261e-08,-2.09439,1.5708,1.5708,0.785398,-1.8191e-05,0.000798025,-0.00069447,5.96428e-05,0.000195537,0.000112776,0.000367285,0,0,0,0,0,0,0,0.101024,-9.91153,-0.381406,20.8963,1.28298,0.3417,-0.213125,0.102049,-0.747181,-0.0141843,2.35851,0.7193,0.348649,-0.176188
1721521,0.97,-1.57087,-0.523169,-5.59018e-05,-2.09592,1.56992,1.57034,0.785696,-1.5708,-0.523599,4.23261e-08,-2.09439,1.5708,1.5708,0.785398,-0.000568939,-0.000674409,0.000743446,3.97619e-05,0.000130358,-0.000162175,0.000956933,0,0,0,0,0,0,0,0.124828,-9.85995,-0.432981,20.8963,1.28298,0.348109,-0.232351,0.102486,-0.750487,-0.0134351,2.36034,0.719386,0.348472,-0.175862
1721522,0.97,-1.57087,-0.523169,-5.95211e-05,-2.09592,1.56992,1.57034,0.785695,-1.5708,-0.523599,4.23261e-08,-2.09439,1.5708,1.5708,0.785398,0.000177519,-0.000449606,-0.000710795,0.00123293,-0.000116545,-0.000108116,-7.41213e-05,0,0,0,0,0,0,0,0.101024,-9.85995,-0.381406,20.8448,1.28847,0.348109,-0.213125,0.102967,-0.750949,-0.012652,2.36051,0.719405,0.348317,-0.175523
1721523,0.97,-1.57087,-0.523169,-5.37713e-05,-2.09592,1.56992,1.57034,0.785696,-1.5708,-0.523599,4.23261e-08,-2.09439,1.5708,1.5708,0.785398,0.000118346,-0.000299738,0.000732562,-0.00038447,-7.76968e-05,-0.000309437,0.000425304,0,0,0,0,0,0,0,0.101024,-9.85995,-0.432981,20.8963,1.28847,0.354518,-0.225942,0.103238,-0.748853,-0.0121631,2.35919,0.719367,0.348227,-0.175201
1721524,0.97,-1.57087,-0.523165,-5.47316e-05,-2.09592,1.56992,1.57034,0.785698,-1.5708,-0.523599,4.23261e-08,-2.09439,1.5708,1.5708,0.785398,7.88974e-05,0.0010066,-6.8437e-05,0.000300499,-5.17979e-05,3.10679e-05,0.000758254,0,0,0,0,0,0,0,0.101024,-9.91153,-0.409177,20.8725,1.28847,0.348109,-0.23876,0.103081,-0.747422,-0.0123237,2.35822,0.719355,0.348203,-0.174912
1721525,0.97,-1.57087,-0.523169,-5.66254e-05,-2.09593,1.56992,1.57034,0.785696,-1.5708,-0.523599,4.23261e-08,-2.09439,1.5708,1.5708,0.785398,5.25982e-05,-0.000535359,-4.56246e-05,-0.00211972,0.000168919,-0.000216647,0.00101413,0,0,0,0,0,0,0,0.101024,-9.85995,-0.409177,20.9717,1.28298,0.354518,-0.252493,0.102795,-0.748384,-0.0127111,2.35884,0.719405,0.348187,-0.174676
1721526,0.97,-1.57086,-0.523169,-5.92055e-05,-2.09593,1.56992,1.57034,0.785694,-1.5708,-0.523599,4.23261e-08,-2.09439,1.5708,1.5708,0.785398,3.50655e-05,-0.000356906,-0.00068003,-0.000206719,0.000112612,-0.000144431,0.00016746,0,0,0,0,0,0,0,0.101024,-9.85995,-0.381406,20.9201,1.28298,0.354518,-0.23876,0.102867,-0.750131,-0.0125337,2.36051,0.71948,0.348134,-0.17452
1721527,0.97,-1.57086,-0.523169,-5.7467e-05,-2.09592,1.56992,1.57034,0.785697,-1.5708,-0.5236,2.54233e-06,-2.09439,1.57079,1.57079,0.785403,0.000672991,-0.000237937,0.00019626,0.000975811,-0.000535277,0.00037843,0.00011164,-0.00375,-0.00157493,0.0025,0.000233764,-0.00223738,-0.00166143,0.005,0.0732535,-9.85995,-0.409177,20.8725,1.29946,0.3417,-0.23876,0.103101,-0.750432,-0.0120177,2.36143,0.719513,0.348089,-0.174455
1721528,0.97,-1.57087,-0.523169,-5.75372e-05,-2.09592,1.56992,1.57034,0.785697,-1.57081,-0.523604,7.54233e-06,-2.09439,1.57079,1.57079,0.785413,-0.00131458,-0.000158625,0.00013084,0.000650541,0.0002535,0.000252287,0.000820412,-0.0075,-0.00314986,0.005,0.000467528,-0.00447476,-0.00332287,0.01,0.148632,-9.85995,-0.409177,20.8725,1.28298,0.3417,-0.258901,0.103284,-0.748919,-0.0115602,2.36075,0.719485,0.34807,-0.174476
1721529,0.97,-1.57087,-0.523167,-5.75606e-05,-2.09592,1.56992,1.57034,0.785695,-1.57082,-0.523608,1.50423e-05,-2.09439,1.57078,1.57079,0.785428,-0.000876385,0.000543864,8.72268e-05,0.000433694,0.000372451,0.000168191,-0.000673762,-0.01125,-0.00472479,0.0075,0.000701292,-0.00671214,-0.0049843,0.015,0.148632,-9.88773,-0.409177,20.8725,1.27748,0.3417,-0.225942,0.103899,-0.747179,-0.0106332,2.35944,0.719431,0.347985,-0.174582
1721530,0.97,-1.57087,-0.523169,-5.52561e-05,-2.09592,1.56992,1.57034,0.785697,-1.57083,-0.523615,2.50423e-05,-2.09439,1.57077,1.57078,0.785448,0.00117898,-0.00359463,0.00253922,-0.00138131,-0.000362051,0.000349486,-0.000211816,-0.015,-0.00629973,0.01,0.000935056,-0.00894952,-0.00664574,0.02,0.0732535,-9.98691,-0.381406,20.9439,1.29396,0.335292,-0.232351,0.103867,-0.744188,-0.0109075,2.35782,0.719403,0.348013,-0.174769
1721531,0.97,-1.57087,-0.523165,-5.10661e-05,-2.09593,1.56992,1.57034,0.785692,-1.57085,-0.523622,3.75423e-05,-2.09439,1.57076,1.57077,0.785473,0.00254923,-0.00188736,0.00390019,-0.0014051,0.000809794,0.000707709,-0.00298952,-0.01875,-0.00787466,0.0125,0.00116882,-0.0111869,-0.00830717,0.025,-0.00212494,-10.2924,-0.329831,21.0947,1.26558,0.322474,-0.155447,0.100401,-0.737375,-0.016477,2.35543,0.719487,0.348597,-0.175005
1721532,0.97,-1.57087,-0.523167,-4.31e-05,-2.09593,1.56992,1.57034,0.785692,-1.57088,-0.523632,5.25423e-05,-2.09439,1.57075,1.57076,0.785503,0.00346272,-0.000837436,0.00444448,-0.00231064,0.00135366,0.00118388,-0.00321371,-0.0225,-0.00944959,0.015,0.00140258,-0.0134243,-0.0099686,0.03,-0.0775034,-10.6177,-0.254453,21.2931,1.24361,0.303248,-0.122488,0.0923919,-0.730401,-0.0287383,2.35399,0.719762,0.349825,-0.175231
1721533,0.97,-1.57088,-0.523172,-2.96992e-05,-2.09593,1.56992,1.57034,0.785696,-1.5709,-0.523643,7.00423e-05,-2.09439,1.57073,1.57075,0.785538,-0.000775699,-0.00259046,0.00929346,-0.00268629,0.00110589,0.00102661,-0.00237984,-0.02625,-0.0110245,0.0175,0.00163635,-0.0156617,-0.01163,0.035,-0.0775034,-10.9748,-0.230649,21.4914,1.23812,0.29684,-0.116079,0.0805395,-0.726956,-0.0466941,2.35503,0.720223,0.351505,-0.175342
1721534,0.97,-1.57089,-0.52319,-1.91309e-05,-2.09593,1.56992,1.57034,0.785702,-1.57093,-0.523656,9.00423e-05,-2.09439,1.57072,1.57074,0.785578,-0.00845167,-0.00616314,0.0110493,-0.000781515,0.00158497,0.00115913,-0.0013492,-0.03,-0.0125995,0.02,0.00187011,-0.017899,-0.0132915,0.04,-0.0259286,-11.1255,-0.1275,21.6144,1.21523,0.284022,-0.122488,0.067238,-0.722107,-0.0675663,2.35593,0.720682,0.35331,-0.175219
1721535,0.98,-1.57091,-0.523209,3.66731e-06,-2.09593,1.56992,1.57034,0.78571,-1.57097,-0.52367,0.000112542,-2.09438,1.5707,1.57072,0.785623,-0.0100975,-0.0117866,0.0123919,-0.0022198,0.000853198,0.00101011,8.38788e-05,-0.03375,-0.0141744,0.0225,0.00210388,-0.0201364,-0.0149529,0.045,-0.00212494,-11.2763,-0.155271,21.7176,1.22072,0.277613,-0.149038,0.0558632,-0.706411,-0.0867818,2.35196,0.720827,0.354843,-0.174794
1721536,0.99,-1.57092,-0.523225,2.02411e-05,-2.09594,1.56991,1.57034,0.785707,-1.571,-0.523685,0.000137542,-2.09438,1.57067,1.5707,0.785673,-0.0138292,-0.0120672,0.0138778,-0.00493481,0.000568799,0.00114812,-0.00235158,-0.0375,-0.0157493,0.025,0.00233764,-0.0223738,-0.0166143,0.05,-0.00212494,-11.4548,-0.0798923,21.8882,1.22072,0.264796,-0.0840357,0.0477812,-0.677378,-0.101946,2.34289,0.720555,0.35593,-0.174072
1721537,1,-1.57093,-0.523239,3.73346e-05,-2.09593,1.56991,1.57034,0.785712,-1.57105,-0.523704,0.000167542,-2.09438,1.57065,1.57069,0.785733,-0.0117049,-0.012314,0.014547,-0.00409464,-2.77019e-05,0.00171485,-0.00156772,-0.045,-0.018537,0.03,0.00275386,-0.0258785,-0.019234,0.06,-0.0775034,-11.6294,0.0232571,21.9397,1.23171,0.239161,-0.0840357,0.04215,-0.642649,-0.113621,2.33301,0.720001,0.356594,-0.173077
1721538,1,-1.57096,-0.523249,6.08191e-05,-2.09593,1.5699,1.57034,0.785716,-1.5711,-0.523725,0.000202542,-2.09438,1.57062,1.57066,0.785803,-0.0120962,-0.010635,0.0138662,-0.00354214,-0.000662728,0.00209267,-0.00250321,-0.0525,-0.0213246,0.035,0.00317008,-0.0293832,-0.0218537,0.07,-0.0775034,-11.8833,0.0470608,21.9873,1.2491,0.213527,-0.044668,0.0375737,-0.611092,-0.122796,2.32561,0.71928,0.356879,-0.171801
1721539,1,-1.57097,-0.52326,8.2629e-05,-2.09593,1.56989,1.57034,0.785729,-1.57116,-0.523749,0.000242542,-2.09437,1.57059,1.57064,0.785883,-0.014298,-0.0101756,0.0189371,-0.00334192,-0.00105217,0.00210719,0.00351103,-0.06,-0.0241122,0.04,0.0035863,-0.0328878,-0.0244733,0.08,-0.125111,-12.1094,0.0986355,22.0389,1.26558,0.194301,-0.0584009,0.0327501,-0.588934,-0.130801,2.32252,0.718499,0.35684,-0.170215
1721540,1,-1.571,-0.523273,0.000106661,-2.09593,1.56988,1.57034,0.785738,-1.57123,-0.523776,0.000287542,-2.09437,1.57055,1.57061,0.785973,-0.0229233,-0.00872065,0.0226864,-0.00188952,-0.00448913,0.00215078,0.00483891,-0.0675,-0.0268999,0.045,0.00400252,-0.0363925,-0.027093,0.09,-0.152882,-12.3871,0.15021,22.1619,1.23812,0.174159,0.0130102,0.0272579,-0.579668,-0.139035,2.32471,0.7178,0.356453,-0.168302
1721541,1,-1.57104,-0.523283,0.000143575,-2.09593,1.56988,1.57033,0.785761,-1.5713,-0.523806,0.000337542,-2.09436,1.57051,1.57058,0.786073,-0.028027,-0.0106909,0.0267765,-7.20249e-05,-0.00618388,0.00167121,0.011675,-0.075,-0.0296875,0.05,0.00441874,-0.0398972,-0.0297127,0.1,-0.22826,-12.7918,0.15021,22.388,1.18685,0.16775,0.0587866,0.0223598,-0.581794,-0.14673,2.33073,0.7172,0.355519,-0.166039
1721542,1,-1.57108,-0.523304,0.000185707,-2.09593,1.56987,1.57033,0.785786,-1.57139,-0.523839,0.000392542,-2.09436,1.57047,1.57055,0.786183,-0.0315502,-0.0146336,0.0297182,0.00260455,-0.00694477,-0.00262417,0.0161703,-0.0825,-0.0324752,0.055,0.00483496,-0.0434019,-0.0323323,0.11,-0.327442,-13.1211,0.15021,22.5864,1.1191,0.142115,0.122873,0.0184381,-0.586838,-0.153438,2.33595,0.716513,0.354088,-0.16336
1721543,1,-1.57113,-0.523332,0.00022809,-2.09594,1.56985,1.57033,0.785817,-1.57148,-0.523874,0.000452542,-2.09435,1.57042,1.57052,0.786303,-0.0388689,-0.0206022,0.0336793,0.000654266,-0.0150158,-3.8584e-06,0.0230905,-0.09,-0.0352628,0.06,0.00525119,-0.0469065,-0.034952,0.12,-0.355213,-13.4503,0.201785,22.8086,1.12459,0.0844372,0.219919,0.0150104,-0.583928,-0.159509,2.33582,0.715502,0.352365,-0.160165
1721544,1,-1.57119,-0.523366,0.000281773,-2.09594,1.56982,1.57031,0.785861,-1.57157,-0.523912,0.000517542,-2.09435,1.57037,1.57048,0.786433,-0.0453783,-0.0239092,0.0380207,-0.00375272,-0.0218065,-0.00604615,0.0288742,-0.0975,-0.0380505,0.065,0.00566741,-0.0504112,-0.0375717,0.13,-0.478199,-13.7043,0.201785,23.0347,1.14748,0.110072,0.304148,0.0124505,-0.569575,-0.164462,2.33136,0.714132,0.350315,-0.156331
1721545,1,-1.57125,-0.523405,0.000342096,-2.09594,1.5698,1.5703,0.785912,-1.57168,-0.523953,0.000587542,-2.09434,1.57031,1.57044,0.786573,-0.0507101,-0.0274465,0.0450186,-0.00183875,-0.0208766,-0.0117082,0.0371895,-0.105,-0.0408381,0.07,0.00608363,-0.0539159,-0.0401914,0.14,-0.557545,-13.9066,0.174014,23.1815,1.14198,0.174159,0.401194,0.00947119,-0.546656,-0.170254,2.32599,0.712511,0.348121,-0.151701
1721546,1,-1.57132,-0.523448,0.000401006,-2.09594,1.56977,1.57028,0.785979,-1.57179,-0.523996,0.000662542,-2.09434,1.57026,1.57039,0.786723,-0.0537457,-0.031774,0.0477828,-0.00209727,-0.0259427,-0.0142826,0.0459282,-0.1125,-0.0436257,0.075,0.00649985,-0.0574206,-0.042811,0.15,-0.708302,-14.0296,0.249392,23.2569,1.16396,0.200709,0.44697,0.0034917,-0.515939,-0.180131,2.31955,0.710642,0.346221,-0.146095
1721547,1,-1.5714,-0.523482,0.000463528,-2.09594,1.56974,1.57027,0.786061,-1.57191,-0.524044,0.000745042,-2.09433,1.5702,1.57035,0.786888,-0.0597166,-0.0338949,0.0505249,0.00109578,-0.0245242,-0.013673,0.0574638,-0.12375,-0.0473373,0.0825,0.00705791,-0.0615933,-0.0459582,0.165,-0.831288,-14.3112,0.300967,23.3084,1.17586,0.161342,0.472605,-0.00552832,-0.477321,-0.193119,2.31054,0.708428,0.34466,-0.139362
1721548,1,-1.57148,-0.523513,0.000536707,-2.09594,1.5697,1.57025,0.786151,-1.57205,-0.524095,0.000835042,-2.09432,1.57013,1.5703,0.787068,-0.0691078,-0.0324081,0.0568162,0.00243587,-0.0274268,-0.0177043,0.0677407,-0.135,-0.0510488,0.09,0.00761597,-0.065766,-0.0491055,0.18,-0.882862,-14.6128,0.300967,23.4076,1.16396,0.110072,0.459788,-0.0155747,-0.436555,-0.205722,2.30003,0.705849,0.343085,-0.131428
1721549,1,-1.57157,-0.52355,0.000612415,-2.09593,1.56967,1.57023,0.786261,-1.5722,-0.524149,0.000932542,-2.09431,1.57006,1.57025,0.787263,-0.0742679,-0.0357919,0.0641567,0.00407061,-0.0290224,-0.0162159,0.0814894,-0.14625,-0.0547603,0.0975,0.00817404,-0.0699387,-0.0522527,0.195,-1.00982,-14.8389,0.328738,23.479,1.13558,0.0588025,0.401194,-0.0266744,-0.401047,-0.218225,2.29049,0.703065,0.341375,-0.12232
1721550,1,-1.57168,-0.523587,0.000694796,-2.09593,1.56963,1.57021,0.786387,-1.57235,-0.524208,0.00103754,-2.0943,1.56999,1.57019,0.787473,-0.0849721,-0.0369278,0.0685382,0.0068677,-0.0292915,-0.0166391,0.0955594,-0.1575,-0.0584718,0.105,0.0087321,-0.0741114,-0.0553999,0.21,-1.08519,-15.1444,0.404117,23.479,1.08522,0.0459851,0.349924,-0.0394256,-0.371988,-0.23171,2.28206,0.700157,0.339487,-0.112175
1721551,1,-1.57179,-0.523625,0.000790066,-2.09592,1.56959,1.57017,0.78653,-1.57252,-0.52427,0.00115004,-2.09429,1.56991,1.57013,0.787698,-0.0931882,-0.0388759,0.076833,0.00811035,-0.0294665,-0.0217818,0.111769,-0.16875,-0.0621833,0.1125,0.00929016,-0.0782841,-0.0585471,0.225,-1.18834,-15.5213,0.404117,23.6298,1.02846,0.0395764,0.284922,-0.0529984,-0.348707,-0.245009,2.27404,0.697045,0.337206,-0.101246
1721552,1,-1.57192,-0.523672,0.000884528,-2.09592,1.56954,1.57014,0.786686,-1.5727,-0.524336,0.00127004,-2.09428,1.56982,1.57007,0.787938,-0.105506,-0.041554,0.0818684,0.0089322,-0.0357502,-0.0254364,0.125211,-0.18,-0.0658949,0.12,0.00984823,-0.0824569,-0.0616944,0.24,-1.16057,-15.8783,0.451724,23.8044,1.00557,0.026759,0.297739,-0.0667546,-0.33169,-0.257325,2.26696,0.693663,0.334429,-0.0898386
1721553,1,-1.57207,-0.523733,0.000990209,-2.09591,1.56948,1.5701,0.786854,-1.57289,-0.524406,0.00139754,-2.09427,1.56974,1.57001,0.788193,-0.116952,-0.0475169,0.0883648,0.00893191,-0.0416046,-0.0277331,0.13774,-0.19125,-0.0696064,0.1275,0.0104063,-0.0866296,-0.0648416,0.255,-1.16057,-16.0529,0.503299,23.8797,1.01747,0.000208706,0.381968,-0.0791008,-0.318241,-0.266536,2.26056,0.689912,0.330974,-0.0782396
1721554,1,-1.57221,-0.523798,0.00109805,-2.09591,1.56942,1.57006,0.787036,-1.5731,-0.524479,0.00153254,-2.09426,1.56965,1.56994,0.788463,-0.122439,-0.0555826,0.0955098,0.00716224,-0.0508335,-0.0313802,0.150681,-0.2025,-0.0733179,0.135,0.0109644,-0.0908023,-0.0679888,0.27,-1.26372,-16.2036,0.578677,24.0265,1.03395,0.026759,0.485422,-0.0901874,-0.301118,-0.272885,2.25307,0.685738,0.326963,-0.066611
1721555,1,-1.57237,-0.523871,0.00121949,-2.0959,1.56935,1.57,0.78724,-1.57331,-0.524556,0.00167504,-2.09425,1.56955,1.56987,0.788748,-0.13669,-0.0607498,0.102197,0.00699634,-0.0569399,-0.0366352,0.165613,-0.21375,-0.0770294,0.1425,0.0115224,-0.094975,-0.071136,0.285,-1.28753,-16.2552,0.630252,24.1257,1.03945,0.122889,0.608103,-0.101912,-0.274264,-0.279053,2.24317,0.681202,0.322799,-0.0549383
1721556,1,-1.57255,-0.523944,0.00134389,-2.0959,1.56928,1.56995,0.787467,-1.57353,-0.524637,0.00182504,-2.09424,1.56945,1.56979,0.789048,-0.14735,-0.0637242,0.108351,0.00718156,-0.0628665,-0.0418611,0.185416,-0.225,-0.080741,0.15,0.0120805,-0.0991477,-0.0742832,0.3,-1.26372,-16.3306,0.757205,24.2011,1.07332,0.135707,0.628245,-0.1134,-0.239399,-0.283859,2.23198,0.676362,0.318466,-0.0430709
1721557,1,-1.57273,-0.524015,0.00147464,-2.09589,1.5692,1.5699,0.787709,-1.57377,-0.524722,0.00198444,-2.09423,1.56935,1.56972,0.789367,-0.158288,-0.0631111,0.111416,0.0101286,-0.0665613,-0.0482655,0.202809,-0.239907,-0.0851464,0.159397,0.0127483,-0.103617,-0.0776939,0.319303,-1.3391,-16.5091,0.832583,24.1535,1.09072,0.0908459,0.692331,-0.122481,-0.205138,-0.283829,2.22236,0.671261,0.313732,-0.0308149
1721558,1,-1.57293,-0.524089,0.001618,-2.09588,1.56912,1.56984,0.787984,-1.57403,-0.524811,0.00215323,-2.09421,1.56924,1.56963,0.789706,-0.170119,-0.0662032,0.118555,0.0115846,-0.0684104,-0.0533532,0.225794,-0.254815,-0.0895518,0.168795,0.0134161,-0.108086,-0.0811045,0.338606,-1.31133,-16.6837,0.832583,24.1257,1.08522,0.0459851,0.628245,-0.127851,-0.17931,-0.276487,2.21626,0.665942,0.308457,-0.0180225
1721559,1,-1.57314,-0.524159,0.00175552,-2.09587,1.56904,1.56978,0.78827,-1.5743,-0.524905,0.00233143,-2.0942,1.56913,1.56955,0.790064,-0.181419,-0.0696698,0.122873,0.0101176,-0.0730525,-0.0574156,0.24578,-0.269722,-0.0939572,0.178192,0.014084,-0.112555,-0.0845151,0.357908,-1.28753,-16.9138,1.01111,24.2011,1.03945,0.00753292,0.615427,-0.129309,-0.163649,-0.261425,2.21409,0.660479,0.302617,-0.00464385
1721560,1,-1.57336,-0.524231,0.0019051,-2.09586,1.56896,1.56971,0.788586,-1.57458,-0.525004,0.00251902,-2.09418,1.56901,1.56946,0.790441,-0.192143,-0.0695036,0.131272,0.00932256,-0.071521,-0.0568727,0.268318,-0.28463,-0.0983626,0.187589,0.0147518,-0.117024,-0.0879258,0.377211,-1.43828,-17.1637,1.11029,24.2765,0.983598,0.000208706,0.518381,-0.12762,-0.160459,-0.239966,2.2178,0.655027,0.296212,0.00923842
1721561,1,-1.57359,-0.524312,0.00207567,-2.09586,1.56887,1.56964,0.788901,-1.57488,-0.525106,0.002716,-2.09417,1.56889,1.56937,0.790838,-0.207966,-0.0725481,0.143989,0.00852478,-0.0793471,-0.0610402,0.289281,-0.299537,-0.102768,0.196987,0.0154196,-0.121494,-0.0913364,0.396514,-1.51366,-17.4176,1.06269,24.3518,0.903948,-0.0126087,0.563242,-0.125218,-0.174004,-0.216491,2.23002,0.649785,0.28943,0.023438
1721562,1,-1.57385,-0.524405,0.00225434,-2.09584,1.56878,1.56957,0.789245,-1.5752,-0.525214,0.00292239,-2.09415,1.56876,1.56928,0.791254,-0.225174,-0.079299,0.156697,0.0113092,-0.0830557,-0.0638234,0.300845,-0.314445,-0.107173,0.206384,0.0160875,-0.125963,-0.094747,0.415817,-1.51366,-17.62,1.01111,24.4272,0.892961,-0.0382434,0.57606,-0.124958,-0.199163,-0.196653,2.24813,0.644766,0.282684,0.0377635
1721563,1,-1.57412,-0.524499,0.00244034,-2.09584,1.56867,1.5695,0.7896,-1.57553,-0.525325,0.00313817,-2.09414,1.56863,1.56918,0.791689,-0.242504,-0.0849483,0.165477,0.00847032,-0.0867316,-0.0662155,0.325081,-0.329352,-0.111579,0.215782,0.0167553,-0.130432,-0.0981576,0.43512,-1.61681,-17.7985,0.98334,24.574,0.909441,-0.0574695,0.634653,-0.126807,-0.224555,-0.181425,2.26651,0.639716,0.27607,0.0520896
1721564,1,-1.57441,-0.524602,0.00263333,-2.09582,1.56857,1.56941,0.789988,-1.57587,-0.525441,0.00336335,-2.09412,1.5685,1.56908,0.792143,-0.258646,-0.090536,0.175154,0.0087403,-0.0944955,-0.0709091,0.345757,-0.34426,-0.115984,0.225179,0.0174231,-0.134901,-0.101568,0.454422,-1.71599,-17.8977,0.959536,24.6256,0.937822,0.00753292,0.647471,-0.128603,-0.244768,-0.167727,2.28324,0.634412,0.269303,0.0663614
1721565,1,-1.57471,-0.524708,0.00283615,-2.09581,1.56846,1.56932,0.7904,-1.57623,-0.525562,0.00359792,-2.0941,1.56836,1.56897,0.792617,-0.271721,-0.0966718,0.183929,0.0118857,-0.0991669,-0.0796033,0.361256,-0.359167,-0.12039,0.234576,0.018091,-0.13937,-0.104979,0.473725,-1.89452,-18.0246,0.860354,24.697,0.943315,0.0972546,0.692331,-0.129945,-0.256742,-0.154303,2.2966,0.628748,0.26238,0.0805994
1721566,1,-1.57503,-0.524806,0.00304464,-2.0958,1.56833,1.56923,0.79082,-1.5766,-0.525686,0.0038419,-2.09408,1.56822,1.56886,0.79311,-0.286457,-0.0988887,0.193541,0.0117511,-0.103894,-0.083472,0.382427,-0.374075,-0.124795,0.243974,0.0187588,-0.143839,-0.10839,0.493028,-1.9699,-18.2785,0.884158,24.7248,0.97719,0.110072,0.750925,-0.13228,-0.259817,-0.142277,2.30504,0.622716,0.255636,0.0948605
1721567,1,-1.57537,-0.524918,0.00325744,-2.09579,1.5682,1.56914,0.791267,-1.57699,-0.525816,0.00409586,-2.09406,1.56807,1.56875,0.793623,-0.297346,-0.103604,0.201627,0.00916525,-0.111729,-0.0831959,0.40213,-0.389065,-0.129711,0.253964,0.0195112,-0.148374,-0.111901,0.513018,-2.06908,-18.4055,0.884158,24.7248,1.00557,0.0395764,0.744517,-0.13679,-0.260632,-0.132506,2.31199,0.616531,0.249269,0.109202
1721568,1,-1.57572,-0.525028,0.00348178,-2.09578,1.56807,1.56905,0.791744,-1.5774,-0.525951,0.00435982,-2.09404,1.56791,1.56864,0.794156,-0.319974,-0.10864,0.207771,0.0116903,-0.116903,-0.0846557,0.421442,-0.404055,-0.134628,0.263954,0.0202636,-0.152909,-0.115413,0.533008,-2.12066,-18.6078,0.884158,24.7962,1.02297,0.000208706,0.692331,-0.141327,-0.263553,-0.121357,2.32011,0.610337,0.242904,0.123681
1721569,1,-1.57608,-0.525149,0.00372227,-2.09577,1.56794,1.56895,0.792231,-1.57782,-0.52609,0.00463376,-2.09402,1.56776,1.56852,0.794709,-0.327775,-0.111031,0.219298,0.0153943,-0.119029,-0.0861566,0.440876,-0.419045,-0.139545,0.273944,0.0210159,-0.157443,-0.118925,0.552998,-2.19603,-18.707,0.860354,24.7962,0.983598,-0.0254261,0.628245,-0.143726,-0.267587,-0.105446,2.3275,0.604096,0.236143,0.138299
1721570,1,-1.57647,-0.525269,0.00397112,-2.09576,1.56781,1.56886,0.792743,-1.57825,-0.526235,0.00491769,-2.094,1.56759,1.56839,0.795282,-0.343956,-0.111646,0.229312,0.0123963,-0.125635,-0.09155,0.461613,-0.434035,-0.144461,0.283934,0.0217683,-0.161978,-0.122437,0.572988,-2.16826,-18.8855,0.907962,24.8993,0.949724,-0.0638782,0.621836,-0.147411,-0.277262,-0.0895892,2.33527,0.598004,0.229341,0.152951
1721571,1,-1.57687,-0.525389,0.00423155,-2.09575,1.56767,1.56875,0.793275,-1.5787,-0.526384,0.00521162,-2.09398,1.56743,1.56827,0.795875,-0.361455,-0.116523,0.238122,0.0130614,-0.124901,-0.0971557,0.483257,-0.449025,-0.149378,0.293924,0.0225207,-0.166513,-0.125949,0.592978,-2.06908,-19.1355,0.884158,25.0223,0.887468,-0.0638782,0.595286,-0.154051,-0.299381,-0.0764278,2.34769,0.59225,0.222644,0.167459
1721572,1,-1.5773,-0.525528,0.00449574,-2.09574,1.56753,1.56864,0.793826,-1.57916,-0.526538,0.00551553,-2.09395,1.56726,1.56814,0.796488,-0.377826,-0.1209,0.246201,0.0104312,-0.12997,-0.100271,0.503514,-0.464015,-0.154294,0.303914,0.023273,-0.171047,-0.129461,0.612968,-1.91832,-19.2148,0.959536,25.1453,0.841692,-0.0831043,0.615427,-0.160831,-0.333064,-0.0623215,2.36558,0.586686,0.215659,0.181658
1721573,1,-1.57774,-0.525661,0.004771,-2.09572,1.56738,1.56853,0.794394,-1.57964,-0.526698,0.00582943,-2.09393,1.56708,1.56801,0.797121,-0.398372,-0.1263,0.253491,0.0138463,-0.139249,-0.103513,0.521747,-0.479005,-0.159211,0.313904,0.0240254,-0.175582,-0.132973,0.632958,-1.81517,-19.3378,1.11029,25.1691,0.825212,-0.0831043,0.673105,-0.164262,-0.372966,-0.0427348,2.3867,0.581025,0.207927,0.195448
1721574,1,-1.57818,-0.525812,0.00504976,-2.09571,1.56722,1.56841,0.794977,-1.58014,-0.526862,0.00615333,-2.09391,1.5669,1.56787,0.797774,-0.413918,-0.133434,0.264715,0.0125698,-0.146837,-0.10739,0.544746,-0.493995,-0.164127,0.323894,0.0247778,-0.180116,-0.136485,0.652948,-1.71599,-19.3378,1.28882,25.2207,0.841692,-0.0446521,0.744517,-0.162467,-0.411996,-0.0157478,2.40733,0.575021,0.199265,0.208827
1721575,1,-1.57865,-0.525963,0.0053408,-2.0957,1.56705,1.56829,0.795594,-1.58064,-0.527031,0.00648721,-2.09388,1.56672,1.56773,0.798447,-0.428596,-0.140508,0.27425,0.0105231,-0.1537,-0.10861,0.562416,-0.508985,-0.169044,0.333884,0.0255302,-0.184651,-0.139997,0.672938,-1.61681,-19.3656,1.43958,25.3199,0.875566,-0.0510608,0.782969,-0.15764,-0.444231,0.014884,2.42544,0.568657,0.190137,0.22189
1721576,1,-1.57915,-0.526113,0.00565309,-2.09568,1.56687,1.56817,0.796217,-1.58117,-0.527205,0.00683109,-2.09385,1.56653,1.56759,0.79914,-0.453211,-0.144951,0.282979,0.0134376,-0.159987,-0.113429,0.58443,-0.523975,-0.17396,0.343874,0.0262825,-0.189186,-0.143509,0.692928,-1.3629,-19.4409,1.51892,25.3714,0.943315,-0.0766956,0.867197,-0.15019,-0.468219,0.0481676,2.44092,0.561981,0.180736,0.234786
1721577,1,-1.57966,-0.526276,0.00596411,-2.09566,1.5667,1.56805,0.796883,-1.58171,-0.527384,0.00718495,-2.09383,1.56633,1.56744,0.799852,-0.469069,-0.150334,0.290649,0.0135236,-0.163039,-0.116119,0.606578,-0.538965,-0.179243,0.353864,0.0270998,-0.193642,-0.147022,0.712918,-1.08519,-19.4132,1.69348,25.3714,0.966203,-0.121556,0.80311,-0.136794,-0.485141,0.0885253,2.45332,0.554944,0.170678,0.247679
1721578,1,-1.58018,-0.526429,0.00629028,-2.09566,1.56652,1.56792,0.797575,-1.58226,-0.527569,0.0075488,-2.0938,1.56614,1.56729,0.800585,-0.481817,-0.1504,0.302004,0.0170277,-0.164169,-0.121763,0.63577,-0.553955,-0.184526,0.363854,0.027917,-0.198099,-0.150536,0.732908,-0.882862,-19.5679,1.76886,25.4944,0.966203,-0.186559,0.770151,-0.118323,-0.499892,0.134717,2.46373,0.547695,0.160116,0.260692
1721579,1,-1.58072,-0.526592,0.00661258,-2.09564,1.56636,1.56779,0.798282,-1.58283,-0.527758,0.00792265,-2.09377,1.56593,1.56713,0.801338,-0.496838,-0.151461,0.3061,0.0161576,-0.162232,-0.122287,0.659717,-0.568945,-0.189809,0.373844,0.0287343,-0.202555,-0.15405,0.752898,-0.78368,-19.6671,1.99897,25.4944,0.875566,-0.244237,0.679514,-0.0976587,-0.52228,0.182906,2.47598,0.540504,0.149373,0.273814
1721580,1,-1.58127,-0.526768,0.00695493,-2.09563,1.56618,1.56767,0.799012,-1.58341,-0.527953,0.00830648,-2.09374,1.56573,1.56698,0.802111,-0.511254,-0.157008,0.322352,0.0155982,-0.163196,-0.120635,0.674861,-0.583935,-0.195092,0.383834,0.0295515,-0.207012,-0.157564,0.772888,-0.680531,-19.7187,2.09815,25.6174,0.847185,-0.366002,0.621836,-0.0761014,-0.558164,0.231016,2.49342,0.533562,0.138492,0.286909
1721581,1,-1.58183,-0.526936,0.00731109,-2.09561,1.56599,1.56754,0.79977,-1.58401,-0.528154,0.0087003,-2.09371,1.56552,1.56682,0.802904,-0.536583,-0.160735,0.332,0.0166562,-0.168308,-0.12069,0.701884,-0.598925,-0.200376,0.393824,0.0303687,-0.211469,-0.161078,0.792878,-0.478199,-19.921,2.17353,25.6928,0.819719,-0.456639,0.57606,-0.0543545,-0.604344,0.276658,2.51566,0.526922,0.127448,0.299779
1721582,1,-1.58242,-0.527121,0.00768631,-2.09559,1.56579,1.56741,0.800546,-1.58463,-0.528359,0.00910412,-2.09368,1.5653,1.56665,0.803717,-0.554638,-0.168974,0.34829,0.0165283,-0.17913,-0.127923,0.7281,-0.613915,-0.205659,0.403814,0.031186,-0.215925,-0.164592,0.812868,-0.379017,-20.0202,2.12592,25.669,0.841692,-0.475866,0.485422,-0.0314858,-0.653529,0.319498,2.53985,0.52049,0.116021,0.312214
1721583,1,-1.58302,-0.527316,0.00805936,-2.09557,1.56559,1.56726,0.80134,-1.58526,-0.52857,0.00951792,-2.09365,1.56508,1.56648,0.80455,-0.566082,-0.175498,0.356435,0.0178216,-0.186889,-0.13592,0.741274,-0.628905,-0.210942,0.413804,0.0320032,-0.220382,-0.168105,0.832858,-0.402821,-20.0717,2.09815,25.7166,0.86458,-0.40537,0.491831,-0.00943717,-0.696931,0.356423,2.56233,0.514189,0.104516,0.324032
1721584,1,-1.58362,-0.527517,0.00845208,-2.09556,1.56538,1.56711,0.802145,-1.5859,-0.528787,0.00994171,-2.09361,1.56485,1.56631,0.805403,-0.575627,-0.185723,0.369891,0.0169804,-0.193261,-0.138153,0.764288,-0.643895,-0.216225,0.423794,0.0328204,-0.224838,-0.171619,0.852848,-0.529774,-20.0717,1.99897,25.8435,0.898454,-0.321141,0.466196,0.00690915,-0.726397,0.381629,2.57954,0.508013,0.0937415,0.335079
1721585,1,-1.58424,-0.527717,0.00885802,-2.09554,1.56517,1.56697,0.802981,-1.58656,-0.529008,0.0103755,-2.09358,1.56462,1.56614,0.806275,-0.581927,-0.186926,0.387866,0.0156416,-0.201901,-0.14099,0.788388,-0.658885,-0.221508,0.433784,0.0336377,-0.229295,-0.175133,0.872838,-0.732105,-20.1471,1.87201,25.8673,0.915849,-0.321141,0.49824,0.0105551,-0.742239,0.385971,2.59231,0.502234,0.0847752,0.345256
1721586,1,-1.58488,-0.527918,0.00927727,-2.09552,1.56495,1.56683,0.803826,-1.58723,-0.529235,0.0108193,-2.09355,1.56439,1.56596,0.807168,-0.611817,-0.192386,0.399015,0.0139529,-0.208763,-0.141419,0.802298,-0.673875,-0.226791,0.443774,0.0344549,-0.233752,-0.178647,0.892828,-0.934437,-20.2225,1.66968,25.915,0.955217,-0.373326,0.615427,1.09388e-05,-0.755159,0.366843,2.60641,0.497221,0.0778156,0.354535
1721587,1,-1.58551,-0.528125,0.00970985,-2.09551,1.56474,1.56667,0.804697,-1.58792,-0.529467,0.011273,-2.09351,1.56415,1.56578,0.808081,-0.619845,-0.197215,0.403939,0.0141321,-0.213623,-0.14768,0.828882,-0.688865,-0.232326,0.453764,0.0353219,-0.238042,-0.182102,0.912818,-1.21215,-20.3495,1.46735,26.0419,0.971697,-0.392553,0.615427,-0.0155403,-0.772376,0.337751,2.62512,0.492856,0.071493,0.362999
1721588,1,-1.58617,-0.528338,0.010149,-2.0955,1.56451,1.56651,0.805601,-1.58863,-0.529705,0.0117368,-2.09347,1.56391,1.56559,0.809014,-0.629837,-0.20093,0.417119,0.0145164,-0.219383,-0.155791,0.848107,-0.703855,-0.237862,0.463754,0.0361889,-0.242333,-0.185557,0.932808,-1.46209,-20.528,1.26502,26.1649,0.921343,-0.32755,0.588877,-0.0324289,-0.794681,0.306249,2.64791,0.488937,0.0652457,0.370853
1721589,1,-1.58683,-0.52855,0.0105989,-2.09548,1.56428,1.56633,0.806506,-1.58934,-0.529948,0.0122105,-2.09344,1.56366,1.5654,0.809967,-0.642613,-0.204031,0.42583,0.0127082,-0.219738,-0.163484,0.867714,-0.718845,-0.243398,0.473744,0.0370559,-0.246623,-0.189013,0.952798,-1.64061,-20.7025,1.21344,26.2403,0.887468,-0.212194,0.57606,-0.0542431,-0.824705,0.269055,2.6754,0.485503,0.0595643,0.378286
1721590,1,-1.58752,-0.528778,0.0110692,-2.09546,1.56406,1.56616,0.807446,-1.59008,-0.530197,0.0126943,-2.0934,1.56341,1.56521,0.81094,-0.647881,-0.209236,0.442504,0.0152667,-0.220706,-0.165914,0.886369,-0.733835,-0.248933,0.483734,0.0379229,-0.250914,-0.192468,0.972788,-1.76757,-20.7303,1.03491,26.2879,0.86458,-0.166417,0.556833,-0.0848303,-0.86359,0.221405,2.7077,0.482558,0.0550479,0.385392
1721591,1,-1.58822,-0.528999,0.0115481,-2.09545,1.56383,1.56598,0.808402,-1.59083,-0.530452,0.013188,-2.09336,1.56316,1.56501,0.811932,-0.662982,-0.212376,0.453505,0.0139297,-0.219915,-0.170387,0.90319,-0.748825,-0.254469,0.493724,0.0387899,-0.255204,-0.195923,0.992778,-1.79137,-20.9326,0.907962,26.3395,0.819719,-0.186559,0.628245,-0.127812,-0.909326,0.158335,2.74312,0.48003,0.0523447,0.392208
1721592,1,-1.58894,-0.529237,0.0120483,-2.09543,1.56359,1.5658,0.809363,-1.59159,-0.530712,0.0136917,-2.09332,1.5629,1.56481,0.812945,-0.679318,-0.218842,0.467027,0.0152597,-0.234015,-0.168938,0.926614,-0.763815,-0.260005,0.503714,0.0396569,-0.259495,-0.199379,1.01277,-1.86675,-20.9803,0.80878,26.4148,0.807817,-0.212194,0.660288,-0.180992,-0.960087,0.082399,2.78062,0.477769,0.0512173,0.398771
1721593,1,-1.58968,-0.529479,0.012536,-2.0954,1.56335,1.56561,0.810364,-1.59237,-0.530977,0.0142054,-2.09328,1.56263,1.56461,0.813978,-0.698443,-0.22281,0.473342,0.0184031,-0.235063,-0.178385,0.943799,-0.778805,-0.265541,0.513704,0.0405239,-0.263785,-0.202834,1.03276,-1.86675,-21.0318,0.907962,26.4148,0.751055,-0.212194,0.666697,-0.237001,-1.0123,0.00351266,2.81787,0.475434,0.0506251,0.405177
1721594,1,-1.59042,-0.52973,0.0130494,-2.09538,1.56309,1.56542,0.811373,-1.59316,-0.531249,0.0147291,-2.09324,1.56237,1.5644,0.815031,-0.717336,-0.232347,0.478262,0.0192752,-0.238025,-0.182129,0.986716,-0.793795,-0.271076,0.523694,0.0413909,-0.268076,-0.206289,1.05275,-1.9699,-20.9565,0.860354,26.4624,0.762956,-0.179235,0.628245,-0.286717,-1.05949,-0.0648418,2.85076,0.472435,0.0493168,0.411521
1721595,1,-1.59118,-0.529984,0.0135704,-2.09536,1.56284,1.56522,0.81242,-1.59397,-0.531525,0.0152628,-2.0932,1.56209,1.56419,0.816103,-0.731645,-0.238642,0.491612,0.0249038,-0.245507,-0.1829,1.00202,-0.808785,-0.276612,0.533684,0.0422579,-0.272366,-0.209745,1.07274,-1.84295,-20.9565,0.959536,26.4386,0.784929,-0.186559,0.582468,-0.3256,-1.09344,-0.11564,2.87472,0.468325,0.0466932,0.417845
1721596,1,-1.59198,-0.530243,0.014092,-2.09534,1.56257,1.56502,0.813485,-1.5948,-0.531807,0.0158065,-2.09315,1.56182,1.56398,0.817196,-0.751504,-0.250689,0.500472,0.02128,-0.25416,-0.191773,1.01182,-0.823775,-0.282148,0.543674,0.0431249,-0.276657,-0.2132,1.09273,-1.66442,-20.9326,0.98334,26.4624,0.909441,-0.205785,0.563242,-0.35589,-1.10736,-0.152568,2.88706,0.46315,0.0431574,0.424145
1721597,1,-1.59277,-0.530508,0.0146182,-2.09531,1.5623,1.56482,0.814556,-1.59564,-0.532095,0.0163601,-2.09311,1.56154,1.56376,0.818308,-0.76388,-0.257173,0.502253,0.0265897,-0.261652,-0.193644,1.03849,-0.838765,-0.287847,0.553664,0.0440304,-0.280729,-0.216561,1.1124,-1.48986,-20.9049,1.16187,26.4148,0.921343,-0.257054,0.550425,-0.377605,-1.09856,-0.175609,2.88786,0.457077,0.0388057,0.430358
1721598,1,-1.59358,-0.530775,0.01515,-2.09528,1.56202,1.56461,0.815657,-1.59649,-0.532389,0.0169238,-2.09306,1.56125,1.56354,0.819441,-0.781393,-0.257626,0.513994,0.0280224,-0.267601,-0.196463,1.05903,-0.853755,-0.293547,0.563654,0.0449359,-0.284801,-0.219921,1.13208,-1.3629,-20.9565,1.3642,26.3395,0.949724,-0.276281,0.588877,-0.38929,-1.07478,-0.182286,2.88034,0.450348,0.0333055,0.436382
1721599,1,-1.59441,-0.531044,0.0156913,-2.09525,1.56175,1.5644,0.816785,-1.59736,-0.532688,0.0174974,-2.09302,1.56096,1.56332,0.820592,-0.815775,-0.259324,0.519044,0.0296253,-0.26343,-0.204763,1.08245,-0.868745,-0.299247,0.573644,0.0458414,-0.288873,-0.223282,1.15176,-1.18834,-20.9326,1.61811,26.3633,0.881059,-0.257054,0.588877,-0.387616,-1.05409,-0.16922,2.87204,0.443317,0.0259525,0.442136
1721600,1,-1.59527,-0.531322,0.0162463,-2.09523,1.56148,1.56419,0.817901,-1.59824,-0.532993,0.0180811,-2.09297,1.56067,1.56309,0.821764,-0.83384,-0.267261,0.528621,0.0267344,-0.266176,-0.206164,1.09103,-0.883735,-0.304947,0.583634,0.0467469,-0.292945,-0.226643,1.17143,-0.831288,-20.9049,1.76886,26.4386,0.825212,-0.353185,0.692331,-0.366815,-1.04703,-0.129992,2.86884,0.436138,0.0158741,0.447595
1721601,1,-1.59615,-0.53161,0.0167963,-2.0952,1.5612,1.56397,0.819056,-1.59914,-0.533304,0.0186747,-2.09292,1.56037,1.56286,0.822955,-0.847236,-0.272054,0.535789,0.0235996,-0.27506,-0.211287,1.10477,-0.898725,-0.310646,0.593624,0.0476524,-0.297017,-0.230003,1.19111,-0.581349,-20.9326,2.02277,26.5616,0.830705,-0.366002,0.69874,-0.329398,-1.05307,-0.068514,2.87307,0.429016,0.00348829,0.452837
1721602,1,-1.59702,-0.531905,0.0173639,-2.09517,1.56092,1.56375,0.820243,-1.60005,-0.53362,0.0192783,-2.09288,1.56007,1.56263,0.824166,-0.858589,-0.280683,0.541135,0.0261648,-0.278404,-0.214474,1.14606,-0.913715,-0.316346,0.603614,0.0485579,-0.301089,-0.233364,1.21078,-0.50597,-20.8811,2.12592,26.6132,0.740068,-0.386144,0.615427,-0.283245,-1.06752,0.00477984,2.88414,0.422099,-0.0100441,0.458011
1721603,1,-1.59793,-0.532206,0.0179257,-2.09514,1.56063,1.56353,0.82143,-1.60098,-0.533942,0.0198919,-2.09283,1.55977,1.56239,0.825396,-0.871176,-0.283793,0.561974,0.0262499,-0.276984,-0.216084,1.16646,-0.928705,-0.322046,0.613604,0.0494634,-0.305161,-0.236725,1.23046,-0.355213,-20.8811,2.2251,26.6132,0.672319,-0.418187,0.485422,-0.237245,-1.08469,0.0771917,2.89867,0.415388,-0.0234198,0.463201
1721604,1,-1.59884,-0.532513,0.0185001,-2.09511,1.56034,1.56332,0.822661,-1.60193,-0.53427,0.0205155,-2.09278,1.55946,1.56215,0.826646,-0.89471,-0.288967,0.561222,0.0297064,-0.279324,-0.213595,1.1872,-0.943695,-0.327745,0.623594,0.0503689,-0.309233,-0.240086,1.25013,-0.303639,-20.8573,2.47901,26.5894,0.700701,-0.560094,0.316965,-0.195282,-1.10396,0.142103,2.91498,0.40879,-0.0361387,0.468317
1721605,1,-1.59976,-0.532825,0.019096,-2.09506,1.56004,1.5631,0.823879,-1.60288,-0.534603,0.0211491,-2.09272,1.55914,1.56191,0.827916,-0.893662,-0.291393,0.569114,0.0310247,-0.286927,-0.215068,1.19911,-0.958685,-0.333445,0.633584,0.0512744,-0.313305,-0.243446,1.26981,-0.252064,-20.8295,2.62976,26.4902,0.745561,-0.617772,0.265696,-0.153928,-1.12777,0.205319,2.93273,0.402014,-0.0489083,0.473097
1721606,1,-1.60071,-0.533145,0.0196923,-2.09502,1.55974,1.56287,0.825116,-1.60386,-0.534942,0.0217926,-2.09267,1.55883,1.56166,0.829205,-0.903021,-0.299299,0.578508,0.0357195,-0.290671,-0.220493,1.2021,-0.973675,-0.339145,0.643574,0.0521799,-0.317377,-0.246807,1.28948,-0.22826,-20.8811,2.62976,26.3633,0.745561,-0.560094,0.42042,-0.117032,-1.15423,0.263408,2.94994,0.395039,-0.0613478,0.47723
1721607,1,-1.60165,-0.533462,0.0203042,-2.09498,1.55942,1.56262,0.826365,-1.60485,-0.535287,0.0224462,-2.09262,1.55851,1.56141,0.830513,-0.921293,-0.307854,0.580957,0.0352505,-0.298083,-0.231843,1.22032,-0.988665,-0.34494,0.653564,0.0531159,-0.321202,-0.250053,1.30795,-0.303639,-20.9565,2.78449,26.3871,0.881059,-0.424596,0.479014,-0.0872709,-1.17504,0.313286,2.96248,0.387873,-0.0730031,0.480555
1721608,1,-1.60263,-0.533799,0.0209337,-2.09495,1.55911,1.56237,0.827655,-1.60585,-0.535638,0.0231098,-2.09257,1.55818,1.56116,0.83184,-0.932564,-0.315831,0.590767,0.0377259,-0.303605,-0.233694,1.23569,-1.00365,-0.350736,0.663554,0.054052,-0.325027,-0.253298,1.32642,-0.279835,-20.9326,2.78449,26.4386,0.887468,-0.321141,0.518381,-0.0597878,-1.18297,0.361791,2.96765,0.380432,-0.0843552,0.483149
1721609,1,-1.60366,-0.534136,0.0215666,-2.09491,1.55881,1.56214,0.828988,-1.60687,-0.535994,0.0237833,-2.09251,1.55785,1.5609,0.833185,-0.956085,-0.326826,0.608859,0.0354767,-0.299838,-0.238384,1.25576,-1.01864,-0.356532,0.673544,0.054988,-0.328852,-0.256544,1.34489,-0.00212494,-20.9803,2.70514,26.5378,0.825212,-0.257054,0.394785,-0.0343782,-1.17438,0.407671,2.96501,0.372972,-0.095132,0.485224
1721610,1,-1.60465,-0.534471,0.0222027,-2.09488,1.5585,1.56191,0.830315,-1.6079,-0.536357,0.0244668,-2.09245,1.55752,1.56064,0.834548,-0.964036,-0.329231,0.614314,0.0362821,-0.314795,-0.23761,1.28113,-1.03363,-0.362327,0.683534,0.055924,-0.332676,-0.259789,1.36335,-0.0775034,-21.0318,2.78449,26.6608,0.762956,-0.431005,0.291331,-0.0130664,-1.15229,0.445986,2.95741,0.365895,-0.10477,0.486923
1721611,1,-1.60568,-0.534814,0.0228357,-2.09484,1.55819,1.56168,0.831661,-1.60895,-0.536725,0.0251604,-2.0924,1.55718,1.56038,0.83593,-0.976636,-0.329505,0.622251,0.038054,-0.316247,-0.232929,1.30148,-1.04862,-0.368123,0.693524,0.0568601,-0.336501,-0.263035,1.38182,-0.101307,-21.1588,2.88367,26.6132,0.627458,-0.611364,0.297739,0.00492428,-1.13195,0.477908,2.95194,0.359432,-0.11348,0.488207
1721612,1,-1.60671,-0.53516,0.0234882,-2.09479,1.55787,1.56144,0.833002,-1.61002,-0.537099,0.0258639,-2.09234,1.55684,1.56012,0.83733,-0.997765,-0.333832,0.626644,0.0392334,-0.31407,-0.234152,1.33913,-1.06361,-0.373919,0.703514,0.0577961,-0.340326,-0.26628,1.40029,-0.0775034,-21.2342,3.0622,26.5616,0.536821,-0.681859,0.343516,0.0242992,-1.12748,0.511076,2.95393,0.353374,-0.122346,0.488917
1721613,1,-1.60778,-0.535513,0.0241484,-2.09475,1.55754,1.56118,0.834381,-1.61109,-0.537479,0.0265774,-2.09228,1.5565,1.55985,0.838749,-1.0083,-0.337182,0.631652,0.0388169,-0.319312,-0.237053,1.3456,-1.0786,-0.379714,0.713504,0.0587321,-0.344151,-0.269526,1.41876,0.0494498,-21.3373,3.33991,26.5616,0.615556,-0.67545,0.427744,0.0507179,-1.14235,0.554371,2.96447,0.347215,-0.132556,0.488977
1721614,1,-1.60886,-0.535882,0.0248216,-2.0947,1.5572,1.56092,0.835782,-1.61219,-0.537864,0.0273009,-2.09222,1.55615,1.55957,0.840186,-1.02219,-0.353128,0.645473,0.0422312,-0.325754,-0.253065,1.35615,-1.09359,-0.38551,0.723494,0.0596682,-0.347976,-0.272771,1.43722,0.124828,-21.1588,3.44306,26.5378,0.666826,-0.520726,0.49824,0.0818311,-1.16512,0.605141,2.97838,0.340614,-0.143779,0.488524
1721615,0.99,-1.60993,-0.536257,0.0255226,-2.09465,1.55685,1.56065,0.837184,-1.6133,-0.538255,0.0280344,-2.09216,1.5558,1.5593,0.841642,-1.04041,-0.361266,0.661832,0.0443029,-0.332552,-0.26044,1.37366,-1.10858,-0.391305,0.733484,0.0606042,-0.3518,-0.276017,1.45569,0.0256461,-21.0318,3.36371,26.5378,0.757463,-0.386144,0.569651,0.109404,-1.17383,0.650731,2.98535,0.333526,-0.154426,0.487844
1721616,0.99,-1.61102,-0.536646,0.0262263,-2.09461,1.55651,1.56038,0.838631,-1.61442,-0.538652,0.0287778,-2.0921,1.55544,1.55902,0.843116,-1.04719,-0.367538,0.675267,0.0450662,-0.3341,-0.260796,1.39321,-1.12357,-0.397101,0.743474,0.0615402,-0.355625,-0.279263,1.47416,-0.252064,-20.9049,3.13758,26.5616,0.76845,-0.379735,0.544016,0.126737,-1.16127,0.680179,2.98206,0.326265,-0.1632,0.487227
1721617,0.99,-1.61209,-0.537027,0.0269586,-2.09455,1.55616,1.56013,0.840105,-1.61556,-0.539055,0.0295313,-2.09204,1.55508,1.55874,0.844607,-1.07052,-0.372928,0.691922,0.0484803,-0.338938,-0.256344,1.41632,-1.13856,-0.402942,0.753464,0.0625017,-0.35919,-0.282383,1.49088,-0.708302,-20.8573,2.85987,26.4624,0.762956,-0.507909,0.472605,0.131407,-1.13547,0.689335,2.97227,0.319283,-0.169715,0.486875
1721618,0.99,-1.6132,-0.537422,0.0276977,-2.09451,1.55581,1.55987,0.841572,-1.61671,-0.539464,0.0302948,-2.09197,1.55472,1.55845,0.846115,-1.08271,-0.375511,0.706948,0.0476442,-0.338504,-0.254492,1.43363,-1.15355,-0.408782,0.763454,0.0634632,-0.362755,-0.285503,1.5076,-1.06139,-20.7541,2.60596,26.514,0.751055,-0.598546,0.381968,0.124918,-1.10728,0.679747,2.96095,0.312907,-0.174395,0.486843
1721619,0.99,-1.61432,-0.53782,0.0284409,-2.09446,1.55546,1.55959,0.843072,-1.61788,-0.539879,0.0310682,-2.09191,1.55435,1.55816,0.847639,-1.09238,-0.379316,0.715168,0.0495645,-0.341647,-0.258832,1.44575,-1.16854,-0.414623,0.773444,0.0644247,-0.36632,-0.288623,1.52432,-1.28753,-20.7303,2.4552,26.4624,0.71718,-0.553685,0.310557,0.108214,-1.08795,0.653931,2.95368,0.307329,-0.177748,0.487025
1721620,0.99,-1.61547,-0.538214,0.0291905,-2.09439,1.5551,1.55929,0.844576,-1.61906,-0.540299,0.0318516,-2.09184,1.55398,1.55787,0.84918,-1.10901,-0.387058,0.718963,0.0531123,-0.344302,-0.272985,1.46246,-1.18353,-0.420463,0.783434,0.0653862,-0.369886,-0.291743,1.54104,-1.21215,-20.7819,2.47901,26.3156,0.683306,-0.333959,0.278513,0.0844537,-1.07896,0.619695,2.95082,0.302292,-0.180463,0.487223
1721621,0.99,-1.61664,-0.538626,0.0299422,-2.09435,1.55474,1.55898,0.846098,-1.62026,-0.540726,0.0326451,-2.09178,1.55361,1.55757,0.850738,-1.12766,-0.391614,0.74073,0.0498203,-0.345782,-0.282245,1.48068,-1.19852,-0.426304,0.793424,0.0663476,-0.373451,-0.294863,1.55776,-1.03362,-20.7541,2.53058,26.4148,0.62105,-0.115148,0.375559,0.0571423,-1.07604,0.58335,2.95051,0.297478,-0.182908,0.487218
1721622,0.99,-1.61784,-0.539037,0.0307122,-2.09429,1.55437,1.55869,0.847638,-1.62148,-0.541158,0.0334485,-2.09171,1.55323,1.55728,0.852312,-1.1648,-0.395605,0.743295,0.0513781,-0.346155,-0.287534,1.48311,-1.21351,-0.432145,0.803414,0.0673091,-0.377016,-0.297983,1.57448,-0.859058,-20.7025,2.55438,26.3395,0.565202,-0.0702869,0.491831,0.0319253,-1.08184,0.551037,2.95525,0.29278,-0.185517,0.486873
1721623,0.99,-1.61901,-0.539449,0.0314835,-2.09424,1.55402,1.5584,0.849179,-1.6227,-0.541596,0.0342619,-2.09164,1.55285,1.55698,0.853903,-1.176,-0.400552,0.747315,0.0540591,-0.349176,-0.284743,1.50205,-1.2285,-0.437985,0.813404,0.0682706,-0.380581,-0.301103,1.5912,-0.859058,-20.7025,2.75672,26.3395,0.558794,-0.218602,0.569651,0.0208669,-1.09938,0.539447,2.9659,0.287753,-0.189693,0.48624
1721624,0.99,-1.62022,-0.539883,0.0322506,-2.09418,1.55364,1.55812,0.850758,-1.62395,-0.54204,0.0350853,-2.09157,1.55247,1.55667,0.855511,-1.17559,-0.413277,0.755401,0.0517392,-0.356595,-0.282831,1.51684,-1.24349,-0.443826,0.823394,0.0692321,-0.384146,-0.304223,1.60792,-0.755909,-20.5796,2.93524,26.3871,0.570696,-0.379735,0.531199,0.0235515,-1.121,0.550291,2.97834,0.282071,-0.195196,0.48555
1721625,0.99,-1.62145,-0.540318,0.0330391,-2.09412,1.55327,1.55783,0.852349,-1.62521,-0.542489,0.0359186,-2.0915,1.55208,1.55636,0.857136,-1.2012,-0.422711,0.763134,0.0544972,-0.360413,-0.285141,1.54368,-1.25848,-0.449666,0.833384,0.0701935,-0.387711,-0.307343,1.62464,-0.454395,-20.4764,3.11377,26.3871,0.536821,-0.456639,0.42042,0.0309415,-1.13242,0.572082,2.98687,0.275733,-0.20072,0.485048
1721626,0.99,-1.62269,-0.540765,0.0338346,-2.09406,1.55289,1.55753,0.853957,-1.62648,-0.542945,0.036762,-2.09143,1.55169,1.55605,0.858777,-1.2063,-0.429199,0.767718,0.0580524,-0.36724,-0.286026,1.55539,-1.27347,-0.455507,0.843374,0.071155,-0.391276,-0.310463,1.64136,-0.355213,-20.3257,3.41529,26.3156,0.60457,-0.539952,0.466196,0.0419973,-1.12613,0.603069,2.98742,0.268631,-0.206324,0.484807
1721627,0.99,-1.62396,-0.541216,0.0346482,-2.094,1.5525,1.55724,0.855594,-1.62777,-0.543406,0.0376151,-2.09136,1.5513,1.55574,0.860433,-1.21619,-0.436117,0.786701,0.0589753,-0.377027,-0.289167,1.57323,-1.28808,-0.461355,0.853039,0.0721393,-0.39458,-0.313454,1.65602,-0.152882,-20.1233,3.44306,26.3156,0.706194,-0.57932,0.472605,0.0517978,-1.10438,0.635337,2.98006,0.260996,-0.211594,0.484779
1721628,0.99,-1.62522,-0.541673,0.0354718,-2.09393,1.55211,1.55693,0.857204,-1.62907,-0.543873,0.0384778,-2.09129,1.5509,1.55542,0.862104,-1.22731,-0.443257,0.793172,0.0642247,-0.384338,-0.298065,1.58393,-1.30268,-0.467204,0.862704,0.0731236,-0.397884,-0.316445,1.67067,-0.00212494,-20.1233,3.44306,26.2403,0.723589,-0.566503,0.673105,0.0519447,-1.07046,0.655372,2.96613,0.253355,-0.215495,0.484943
1721629,0.99,-1.62649,-0.542131,0.0362884,-2.09387,1.55172,1.55661,0.858858,-1.63039,-0.544346,0.0393501,-2.09121,1.5505,1.5551,0.863789,-1.23302,-0.443087,0.804855,0.063654,-0.38336,-0.307115,1.58852,-1.31728,-0.473053,0.872369,0.0741078,-0.401189,-0.319435,1.68532,-0.204456,-20.1987,3.49066,26.2403,0.757463,-0.482274,0.750925,0.0404242,-1.03185,0.659441,2.94883,0.246088,-0.21781,0.485382
1721630,0.99,-1.62777,-0.542576,0.0371339,-2.0938,1.55133,1.55628,0.860516,-1.63172,-0.544825,0.0402322,-2.09114,1.55009,1.55478,0.865489,-1.24818,-0.444564,0.809884,0.0676909,-0.383083,-0.310746,1.63856,-1.33189,-0.478901,0.882034,0.0750921,-0.404493,-0.322426,1.69998,-0.252064,-20.3772,3.44306,26.1887,0.688799,-0.340367,0.563242,0.0198749,-1.0042,0.651185,2.93532,0.239446,-0.21901,0.486283
1721631,0.99,-1.6291,-0.543042,0.038012,-2.09373,1.55094,1.55597,0.862223,-1.63307,-0.54531,0.0411239,-2.09106,1.54968,1.55446,0.867204,-1.26718,-0.445927,0.828031,0.0674307,-0.38598,-0.310714,1.65778,-1.34649,-0.48475,0.8917,0.0760764,-0.407797,-0.325417,1.71463,-0.0775034,-20.4248,3.18915,26.1411,0.547807,-0.373326,0.349924,-0.00466724,-0.999666,0.636632,2.93123,0.233544,-0.219871,0.487743
1721632,0.99,-1.63044,-0.543505,0.0388631,-2.09365,1.55054,1.55567,0.863945,-1.63443,-0.545801,0.0420252,-2.09098,1.54927,1.55413,0.868933,-1.2907,-0.458777,0.832467,0.07072,-0.390689,-0.316291,1.67309,-1.36109,-0.490598,0.901365,0.0770607,-0.411102,-0.328408,1.72929,0.0494498,-20.528,3.16138,26.0657,0.485552,-0.488683,0.16865,-0.0271478,-1.01401,0.622488,2.93493,0.228188,-0.221073,0.489567
1721633,0.99,-1.63178,-0.543981,0.0397317,-2.09357,1.55013,1.55535,0.865647,-1.6358,-0.546297,0.0429363,-2.0909,1.54886,1.5538,0.870677,-1.30845,-0.459687,0.839206,0.0743516,-0.396089,-0.320518,1.68856,-1.37569,-0.496447,0.91103,0.078045,-0.414406,-0.331399,1.74394,0.176403,-20.528,3.28833,25.9427,0.446184,-0.533544,0.0587866,-0.039885,-1.03434,0.619199,2.94003,0.222765,-0.223503,0.49131
1721634,0.99,-1.63317,-0.544463,0.040605,-2.09351,1.54973,1.55501,0.867379,-1.63719,-0.546799,0.043857,-2.09083,1.54844,1.55346,0.872436,-1.32086,-0.464514,0.847309,0.0725424,-0.397634,-0.324488,1.69419,-1.3903,-0.502296,0.920695,0.0790292,-0.41771,-0.33439,1.7586,0.454113,-20.5002,3.39148,26.0181,0.36104,-0.424596,0.0587866,-0.039606,-1.06031,0.631893,2.94603,0.216906,-0.227677,0.492439
1721635,0.99,-1.63453,-0.544948,0.0414952,-2.09344,1.54931,1.55469,0.869144,-1.6386,-0.547307,0.0447873,-2.09075,1.54802,1.55312,0.874209,-1.33718,-0.469484,0.858734,0.075849,-0.398467,-0.323878,1.70315,-1.4049,-0.508144,0.93036,0.0800135,-0.421015,-0.337381,1.77325,0.426342,-20.401,3.693,26.0181,0.406816,-0.40537,-0.0126246,-0.0298712,-1.096,0.655317,2.95562,0.210622,-0.23315,0.492535
1721636,0.99,-1.63594,-0.545444,0.042389,-2.09336,1.54889,1.55438,0.870892,-1.64002,-0.547821,0.0457273,-2.09066,1.5476,1.55278,0.875997,-1.35609,-0.477054,0.864568,0.0746627,-0.40766,-0.315819,1.71891,-1.4195,-0.513993,0.940025,0.0809978,-0.424319,-0.340372,1.78791,0.581066,-20.2741,3.99848,26.0657,0.547807,-0.57932,-0.00621587,-0.0122817,-1.13771,0.686789,2.96768,0.203839,-0.239663,0.491364
1721637,0.99,-1.63736,-0.545949,0.0433112,-2.09329,1.54846,1.55407,0.872667,-1.64145,-0.548341,0.0466764,-2.09058,1.54717,1.55244,0.877797,-1.36531,-0.481063,0.884685,0.0744471,-0.416316,-0.310744,1.73039,-1.43273,-0.519824,0.949098,0.0820043,-0.42737,-0.343234,1.80032,0.704052,-20.0956,3.79615,26.0895,0.62105,-0.759679,0.0844213,0.0103856,-1.18267,0.721831,2.98218,0.196797,-0.246892,0.488831
1721638,0.99,-1.63879,-0.546451,0.0442433,-2.09321,1.54802,1.55375,0.874436,-1.6429,-0.548867,0.0476346,-2.0905,1.54674,1.55209,0.87961,-1.39286,-0.48808,0.900145,0.0716111,-0.418205,-0.312164,1.74661,-1.44595,-0.525656,0.95817,0.0830107,-0.430421,-0.346097,1.81273,0.505688,-20.0202,3.693,26.0895,0.700701,-0.810948,0.187876,0.0316196,-1.23162,0.749465,3.00144,0.190142,-0.254064,0.485005
1721639,0.99,-1.64021,-0.546971,0.0451647,-2.09314,1.54759,1.55341,0.876248,-1.64436,-0.549398,0.0486019,-2.09042,1.5463,1.55175,0.881435,-1.39849,-0.495795,0.928343,0.0677052,-0.428109,-0.319211,1.7576,-1.45917,-0.531487,0.967243,0.0840172,-0.433472,-0.34896,1.82514,0.275585,-19.921,3.66919,26.1649,0.745561,-0.67545,0.240061,0.0435757,-1.28329,0.756101,3.02721,0.184569,-0.260143,0.480158
1721640,0.99,-1.64168,-0.547486,0.0461146,-2.09307,1.54716,1.55306,0.878081,-1.64583,-0.549936,0.0495782,-2.09033,1.54587,1.55139,0.883273,-1.44549,-0.502722,0.935476,0.0709504,-0.425028,-0.325979,1.78103,-1.47239,-0.537319,0.976315,0.0850236,-0.436523,-0.351823,1.83755,0.505688,-19.8178,3.51844,26.2403,0.666826,-0.5015,0.291331,0.0452381,-1.33315,0.739224,3.05805,0.180333,-0.264973,0.47467
1721641,0.99,-1.64315,-0.548008,0.0470546,-2.09299,1.54673,1.55272,0.879906,-1.64731,-0.550479,0.0505636,-2.09024,1.54543,1.55104,0.885123,-1.441,-0.507921,0.928429,0.0762247,-0.427597,-0.329587,1.79449,-1.48561,-0.54315,0.985387,0.0860301,-0.439574,-0.354686,1.84996,0.731823,-19.8178,3.693,26.1887,0.672319,-0.475866,0.284922,0.0503711,-1.37647,0.722347,3.08828,0.176699,-0.270489,0.468881
1721642,0.99,-1.64463,-0.548548,0.0479876,-2.09291,1.5463,1.55238,0.881749,-1.64881,-0.551028,0.051558,-2.09016,1.54499,1.55068,0.886985,-1.43877,-0.517229,0.932174,0.0786183,-0.424055,-0.330409,1.80198,-1.49884,-0.548982,0.99446,0.0870366,-0.442625,-0.357549,1.86237,0.831005,-19.7702,3.99848,26.2165,0.536821,-0.507909,0.388376,0.0641852,-1.40732,0.720934,3.11113,0.172822,-0.277287,0.463081
1721643,0.99,-1.64611,-0.549088,0.0489552,-2.09282,1.54588,1.55204,0.88359,-1.65032,-0.551583,0.0525615,-2.09007,1.54454,1.55032,0.88886,-1.45204,-0.522101,0.93857,0.0840617,-0.421144,-0.337916,1.85355,-1.51206,-0.554813,1.00353,0.088043,-0.445676,-0.360412,1.87479,0.88258,-19.6671,4.12543,26.0895,0.389421,-0.488683,0.427744,0.0796088,-1.42074,0.729332,3.12258,0.168388,-0.28408,0.457505
1721644,0.99,-1.64764,-0.549642,0.0499276,-2.09274,1.54545,1.55169,0.885466,-1.65185,-0.552143,0.0535742,-2.08998,1.54409,1.54996,0.890747,-1.46962,-0.528928,0.944039,0.0860754,-0.42237,-0.339992,1.86286,-1.52528,-0.560645,1.0126,0.0890495,-0.448727,-0.363274,1.8872,1.10871,-19.4925,4.37934,26.0419,0.321672,-0.539952,0.44697,0.0968107,-1.41831,0.746956,3.12279,0.163127,-0.290716,0.452348
1721645,0.99,-1.64918,-0.550214,0.0508931,-2.09266,1.54499,1.55135,0.887362,-1.65339,-0.55271,0.0545958,-2.08989,1.54364,1.54959,0.892646,-1.48373,-0.55069,0.953886,0.0831093,-0.433897,-0.344549,1.86293,-1.5385,-0.566476,1.02168,0.0900559,-0.451778,-0.366137,1.89961,1.31105,-19.2624,4.5539,26.0419,0.440691,-0.611364,0.375559,0.118593,-1.39424,0.775671,3.11106,0.156801,-0.297428,0.447812
1721646,0.99,-1.6507,-0.550783,0.0518882,-2.09258,1.54455,1.55099,0.88925,-1.65494,-0.553282,0.0556266,-2.0898,1.54318,1.54922,0.894559,-1.4984,-0.557309,0.956242,0.0842065,-0.444646,-0.348012,1.87332,-1.55173,-0.572308,1.03075,0.0910624,-0.454829,-0.369,1.91202,1.38642,-18.9847,4.58167,26.0181,0.536821,-0.604955,0.265696,0.145361,-1.33693,0.81452,3.08548,0.149391,-0.304144,0.444013
1721647,0.99,-1.65223,-0.55137,0.0528867,-2.09249,1.54409,1.55064,0.891187,-1.6565,-0.55386,0.0566656,-2.08971,1.54273,1.54885,0.896481,-1.49914,-0.562277,0.971035,0.0888128,-0.448221,-0.349398,1.88555,-1.56288,-0.578106,1.03906,0.0920919,-0.457641,-0.37174,1.92211,1.18409,-18.6554,4.53009,25.9903,0.711687,-0.636998,0.0780126,0.17364,-1.25296,0.857553,3.04959,0.141282,-0.310506,0.440871
1721648,0.99,-1.65375,-0.551943,0.0538955,-2.0924,1.54364,1.55029,0.89307,-1.65808,-0.554444,0.057713,-2.08961,1.54227,1.54848,0.898413,-1.5013,-0.566982,0.980562,0.0874376,-0.449105,-0.35194,1.88509,-1.57404,-0.583905,1.04738,0.0931214,-0.460452,-0.374479,1.9322,0.88258,-18.58,4.65705,25.8911,0.745561,-0.75327,0.240061,0.193214,-1.15956,0.889247,3.01046,0.133286,-0.315283,0.438098
1721649,0.99,-1.65532,-0.552521,0.0549229,-2.0923,1.54319,1.54994,0.89501,-1.65966,-0.555034,0.0587687,-2.08952,1.5418,1.5481,0.900355,-1.50085,-0.56279,0.991098,0.0908046,-0.450119,-0.351146,1.90235,-1.5852,-0.589703,1.05569,0.0941509,-0.463264,-0.377218,1.94228,0.88258,-18.5285,4.65705,25.7444,0.757463,-0.810948,0.304148,0.195575,-1.07616,0.897289,2.97706,0.126287,-0.317581,0.435371
1721650,0.99,-1.65694,-0.553099,0.0559344,-2.09221,1.54275,1.54957,0.896957,-1.66126,-0.555629,0.0598327,-2.08943,1.54134,1.54772,0.902307,-1.52827,-0.569115,0.991768,0.0924871,-0.444388,-0.369877,1.90771,-1.59636,-0.595502,1.06401,0.0951803,-0.466076,-0.379958,1.95237,1.33485,-18.5285,4.8078,25.6174,0.615556,-0.746862,0.414011,0.185525,-1.01896,0.889098,2.95594,0.120565,-0.318469,0.43257
1721651,0.99,-1.65855,-0.553697,0.0569561,-2.09211,1.5423,1.54918,0.898892,-1.66287,-0.556231,0.060905,-2.08933,1.54087,1.54734,0.90427,-1.54405,-0.571877,0.994611,0.092593,-0.441419,-0.378629,1.91714,-1.60751,-0.601301,1.07232,0.0962098,-0.468887,-0.382697,1.96246,1.86647,-18.4531,5.06171,25.542,0.480058,-0.553685,0.407602,0.179086,-0.98958,0.887882,2.947,0.115627,-0.320327,0.429787
1721652,0.99,-1.66017,-0.554288,0.0579645,-2.09202,1.54188,1.54878,0.900889,-1.66448,-0.556838,0.0619857,-2.08923,1.5404,1.54695,0.906242,-1.56147,-0.573721,0.998093,0.0896933,-0.431244,-0.379772,1.93777,-1.61867,-0.607099,1.08064,0.0972393,-0.471699,-0.385436,1.97255,2.24336,-18.5285,5.46637,25.5936,0.24843,-0.359594,0.122873,0.188365,-0.988131,0.910399,2.95093,0.110948,-0.324749,0.427165
1721653,0.99,-1.6618,-0.554879,0.0590081,-2.09193,1.54144,1.54842,0.90287,-1.66611,-0.557451,0.0630746,-2.08913,1.53992,1.54656,0.908225,-1.59658,-0.577893,1.0093,0.0906393,-0.432913,-0.374011,1.93952,-1.62983,-0.612898,1.08895,0.0982688,-0.47451,-0.388176,1.98264,2.34651,-18.6078,5.56952,25.6452,0.027788,-0.469457,0.0972387,0.219819,-1.01697,0.963129,2.96976,0.106166,-0.332368,0.424677
1721654,0.99,-1.66338,-0.555479,0.0600704,-2.09184,1.54099,1.54807,0.904827,-1.66776,-0.558069,0.0641719,-2.08903,1.53945,1.54617,0.910218,-1.59353,-0.581103,1.02184,0.0906302,-0.440873,-0.366736,1.95467,-1.64099,-0.618697,1.09727,0.0992983,-0.477322,-0.390915,1.99272,1.81489,-18.7308,5.59333,25.6174,0.0726488,-0.791722,0.149424,0.27146,-1.07192,1.03988,3.00173,0.101003,-0.342549,0.422076
1721655,0.99,-1.66499,-0.556095,0.0611587,-2.09174,1.54052,1.54772,0.90682,-1.66941,-0.558694,0.0652775,-2.08893,1.53896,1.54578,0.912221,-1.5952,-0.588698,1.04147,0.093491,-0.44651,-0.355809,1.95587,-1.65214,-0.624495,1.10558,0.100328,-0.480133,-0.393655,2.00281,1.41023,-18.7308,5.18866,25.5936,0.259416,-1.17807,0.122873,0.324396,-1.14161,1.11306,3.04137,0.0954864,-0.352545,0.419179
1721656,0.99,-1.66661,-0.556714,0.0622857,-2.09163,1.54003,1.54735,0.908818,-1.67107,-0.559324,0.0663914,-2.08883,1.53848,1.54538,0.914234,-1.59738,-0.601543,1.06348,0.097396,-0.460673,-0.361148,1.96828,-1.6633,-0.630294,1.1139,0.101357,-0.482945,-0.396394,2.0129,1.25947,-18.6316,4.45471,25.4944,0.474565,-1.22294,-0.0382593,0.355751,-1.20501,1.15074,3.07837,0.0898261,-0.359449,0.415984
1721657,0.99,-1.66826,-0.557342,0.0633971,-2.09153,1.53954,1.54693,0.910849,-1.67274,-0.55996,0.0675128,-2.08873,1.538,1.54498,0.916254,-1.60077,-0.601674,1.07256,0.0994194,-0.47035,-0.376508,1.98708,-1.67199,-0.636052,1.12138,0.102411,-0.485536,-0.399017,2.02066,1.03334,-18.4809,4.20081,25.4428,0.802324,-0.933629,-0.181082,0.354244,-1.2482,1.13782,3.10556,0.0843232,-0.362186,0.412466
1721658,0.99,-1.66991,-0.557968,0.0645144,-2.09142,1.53907,1.5465,0.912872,-1.67442,-0.560602,0.0686416,-2.08863,1.53751,1.54458,0.918283,-1.61069,-0.608298,1.09289,0.0996582,-0.473666,-0.397701,1.97884,-1.68068,-0.64181,1.12885,0.103466,-0.488127,-0.40164,2.02842,0.807201,-18.3539,3.9469,25.419,0.825212,-0.488683,-0.0904444,0.320237,-1.27742,1.07571,3.1259,0.0795261,-0.361049,0.408418
1721659,0.99,-1.67156,-0.558593,0.065649,-2.09132,1.53861,1.54607,0.914875,-1.67611,-0.56125,0.0697779,-2.08852,1.53702,1.54418,0.920319,-1.62349,-0.610056,1.10209,0.102704,-0.477902,-0.411121,1.99033,-1.68937,-0.647567,1.13633,0.10452,-0.490717,-0.404263,2.03618,0.704052,-18.4809,3.87152,25.419,0.677812,-0.205785,0.0322363,0.259903,-1.30185,0.973202,3.14388,0.0760218,-0.356559,0.403619
1721660,0.99,-1.67325,-0.559223,0.0667484,-2.09121,1.53814,1.54568,0.91691,-1.67781,-0.561903,0.0709218,-2.08842,1.53652,1.54377,0.922363,-1.63156,-0.614385,1.09956,0.103261,-0.469934,-0.401032,1.99307,-1.69806,-0.653325,1.14381,0.105574,-0.493308,-0.406886,2.04394,0.807201,-18.6078,4.22461,25.3714,0.513933,-0.443822,0.16865,0.1871,-1.32796,0.852211,3.16172,0.0737755,-0.350185,0.398029
1721661,0.99,-1.67493,-0.559864,0.0678711,-2.0911,1.53766,1.5453,0.918938,-1.67952,-0.562562,0.072073,-2.08831,1.53603,1.54336,0.924414,-1.64726,-0.625761,1.1051,0.103447,-0.474628,-0.391768,2.03825,-1.70675,-0.659083,1.15128,0.106628,-0.495899,-0.409509,2.05171,1.10871,-18.6832,4.70862,25.3199,0.378435,-0.772496,0.116465,0.119108,-1.35564,0.741265,3.17879,0.0720856,-0.344216,0.39182
1721662,0.99,-1.67665,-0.560503,0.0690106,-2.09099,1.53721,1.54487,0.921012,-1.68123,-0.563227,0.0732318,-2.0882,1.53553,1.54295,0.926474,-1.65988,-0.631327,1.1099,0.106015,-0.463779,-0.402981,2.03775,-1.71544,-0.664841,1.15876,0.107683,-0.49849,-0.412132,2.05947,1.68794,-18.707,4.98633,25.2961,0.095537,-0.740453,-0.0318506,0.0655972,-1.37685,0.655973,3.19142,0.0701464,-0.340092,0.38527
1721663,0.99,-1.67837,-0.561167,0.0701212,-2.0909,1.53674,1.54443,0.9231,-1.68296,-0.563897,0.074398,-2.08809,1.53503,1.54253,0.928541,-1.66301,-0.647958,1.10981,0.103762,-0.467768,-0.42429,2.04843,-1.72413,-0.670598,1.16624,0.108737,-0.50108,-0.414755,2.06723,1.99342,-18.58,5.44257,25.4428,0.0222948,-0.566503,-0.077627,0.0273543,-1.3818,0.598551,3.19545,0.0671887,-0.337857,0.378568
1721664,0.99,-1.68007,-0.561832,0.0712455,-2.0908,1.53623,1.544,0.925151,-1.68469,-0.564574,0.0755717,-2.08798,1.53453,1.54212,0.930616,-1.6698,-0.653908,1.10444,0.102155,-0.487679,-0.421365,2.04547,-1.73282,-0.676356,1.17371,0.109791,-0.503671,-0.417378,2.07499,2.21955,-18.4055,6.02179,25.5936,0.129411,-0.572911,-0.0648096,0.0039628,-1.36401,0.570177,3.18962,0.0625901,-0.337283,0.371708
1721665,0.99,-1.68184,-0.56252,0.0723851,-2.0907,1.53574,1.54359,0.927207,-1.68643,-0.565256,0.0767529,-2.08787,1.53402,1.5417,0.932699,-1.69161,-0.664264,1.11468,0.0999953,-0.494154,-0.415785,2.04176,-1.74151,-0.682114,1.18119,0.110845,-0.506262,-0.420001,2.08275,2.97731,-18.0762,6.2757,25.6928,0.276811,-0.798131,0.181467,-0.00111546,-1.32905,0.574879,3.17836,0.0562656,-0.338905,0.364612
1721666,0.99,-1.6836,-0.563199,0.0735267,-2.09059,1.53523,1.54319,0.929299,-1.68818,-0.565944,0.0779416,-2.08776,1.53351,1.54127,0.934789,-1.71761,-0.669211,1.12052,0.0998193,-0.498721,-0.411873,2.04779,-1.7502,-0.687872,1.18867,0.111899,-0.508853,-0.422623,2.09051,3.68348,-17.8739,6.70813,25.7166,0.451677,-1.04899,0.265696,0.0169086,-1.28744,0.614566,3.16742,0.0485836,-0.343555,0.357341
1721667,0.99,-1.68537,-0.563893,0.0746583,-2.09048,1.53473,1.54277,0.931356,-1.68994,-0.566637,0.0791369,-2.08765,1.533,1.54085,0.936885,-1.73503,-0.67139,1.11492,0.106988,-0.498245,-0.407443,2.0507,-1.75628,-0.693586,1.19529,0.11298,-0.511245,-0.425139,2.09602,4.0088,-17.6715,7.29132,25.5698,0.513933,-1.1973,0.394785,0.0646538,-1.24927,0.694969,3.15952,0.0398369,-0.352505,0.35018
1721668,0.99,-1.68714,-0.564575,0.0757908,-2.09036,1.53425,1.54232,0.933431,-1.6917,-0.567337,0.0803388,-2.08753,1.53249,1.54042,0.938987,-1.74017,-0.673986,1.127,0.109408,-0.491043,-0.419154,2.04633,-1.76237,-0.699301,1.20192,0.114061,-0.513637,-0.427654,2.10153,4.13575,-17.62,7.74359,25.3952,0.400408,-1.10026,0.641062,0.141471,-1.22259,0.814549,3.15482,0.0303477,-0.366011,0.343532
1721669,0.99,-1.68889,-0.56527,0.0769563,-2.09025,1.53375,1.54187,0.935518,-1.69347,-0.568042,0.0815474,-2.08742,1.53197,1.53999,0.941094,-1.74313,-0.672566,1.13034,0.109325,-0.493109,-0.434867,2.06251,-1.76845,-0.705015,1.20854,0.115142,-0.516029,-0.43017,2.10704,4.13575,-17.5962,7.89832,25.2961,0.339067,-0.907079,0.595286,0.233061,-1.21484,0.952517,3.15605,0.0208259,-0.381991,0.337874
1721670,0.99,-1.69066,-0.565969,0.0781375,-2.09014,1.53324,1.54145,0.937617,-1.69524,-0.568752,0.0827625,-2.0873,1.53145,1.53956,0.943207,-1.73638,-0.679047,1.16977,0.108373,-0.494101,-0.428777,2.06273,-1.77454,-0.71073,1.21517,0.116222,-0.518422,-0.432685,2.11254,3.90962,-17.5962,7.64441,25.2207,0.383928,-1.02335,0.601694,0.31547,-1.23015,1.0722,3.16755,0.012305,-0.396654,0.333676
1721671,0.99,-1.69243,-0.566669,0.0793431,-2.09002,1.53271,1.54103,0.939793,-1.69702,-0.569469,0.0839843,-2.08719,1.53093,1.53912,0.945325,-1.74497,-0.686849,1.17236,0.110663,-0.506731,-0.425874,2.09382,-1.78063,-0.716444,1.2218,0.117303,-0.520814,-0.4352,2.11805,3.88581,-17.62,7.31513,25.1453,0.536821,-1.13962,0.000192821,0.368238,-1.25871,1.1415,3.18697,0.00551463,-0.406806,0.331182
1721672,0.99,-1.69423,-0.567386,0.0805679,-2.08991,1.53221,1.54058,0.941914,-1.69881,-0.570191,0.0852127,-2.08707,1.53041,1.53869,0.947448,-1.76372,-0.695957,1.18923,0.108919,-0.502154,-0.433807,2.11264,-1.78671,-0.722159,1.22842,0.118384,-0.523206,-0.437716,2.12356,3.90962,-17.5446,6.98584,25.2207,0.406816,-1.10666,-0.394399,0.394333,-1.28647,1.16504,3.20823,0.000273202,-0.412946,0.330091
1721673,0.99,-1.69603,-0.568112,0.0817684,-2.08979,1.53172,1.54011,0.944037,-1.7006,-0.570919,0.0864478,-2.08695,1.52988,1.53825,0.949577,-1.76491,-0.697424,1.19496,0.113418,-0.500812,-0.443418,2.10491,-1.7928,-0.727873,1.23505,0.119465,-0.525598,-0.440231,2.12907,3.73109,-17.4692,6.91046,25.0699,0.197161,-0.842992,-0.433767,0.405476,-1.30913,1.16121,3.22852,-0.00389152,-0.416866,0.329449
1721674,0.99,-1.69782,-0.568822,0.0829618,-2.08966,1.53121,1.53967,0.946131,-1.7024,-0.571652,0.0876895,-2.08683,1.52935,1.5378,0.951712,-1.78541,-0.69955,1.18498,0.116636,-0.501187,-0.44183,2.10132,-1.79888,-0.733588,1.24167,0.120546,-0.527991,-0.442747,2.13458,3.378,-17.5684,7.23975,25.0461,0.0103929,-0.791722,-0.336721,0.414463,-1.33305,1.15166,3.24809,-0.00766409,-0.420502,0.328111
1721675,0.99,-1.69961,-0.569548,0.0841734,-2.08954,1.53069,1.53923,0.948244,-1.70421,-0.572392,0.0889378,-2.08671,1.52882,1.53736,0.953852,-1.77753,-0.700252,1.18436,0.118784,-0.50369,-0.432177,2.09376,-1.80497,-0.739302,1.2483,0.121626,-0.530383,-0.445262,2.14009,3.45338,-17.6477,7.44208,24.8993,-0.00608656,-0.940038,-0.0648096,0.436456,-1.36802,1.16373,3.26867,-0.012007,-0.426231,0.325319
1721676,0.99,-1.70144,-0.570275,0.0853657,-2.08941,1.53016,1.5388,0.950416,-1.70602,-0.573137,0.0901927,-2.08658,1.52829,1.53691,0.955997,-1.79007,-0.706236,1.19168,0.118256,-0.508055,-0.434018,2.10787,-1.81106,-0.745017,1.25493,0.122707,-0.532775,-0.447777,2.14559,3.73109,-17.5962,7.71979,24.8239,0.0900438,-1.02335,-0.174673,0.472403,-1.41755,1.20197,3.29194,-0.0173765,-0.434274,0.32095
1721677,0.99,-1.70325,-0.571009,0.0865911,-2.0893,1.52962,1.53835,0.952561,-1.70783,-0.573887,0.0914534,-2.08646,1.52775,1.53646,0.958146,-1.79199,-0.710501,1.19607,0.115444,-0.528021,-0.436084,2.11856,-1.81467,-0.750689,1.26074,0.123816,-0.534993,-0.450195,2.14902,3.90962,-17.62,7.94593,24.9707,0.310686,-1.08744,-0.297354,0.515617,-1.47924,1.25615,3.31932,-0.0236266,-0.443629,0.315292
1721678,0.99,-1.70505,-0.571754,0.0878277,-2.08918,1.52909,1.53788,0.954734,-1.70965,-0.574644,0.09272,-2.08633,1.52722,1.53601,0.960299,-1.789,-0.716512,1.20954,0.115406,-0.53368,-0.447274,2.12579,-1.81829,-0.756362,1.26655,0.124924,-0.537212,-0.452613,2.15244,3.73109,-17.5962,7.69599,25.0699,0.350054,-0.907079,-0.368765,0.55724,-1.54898,1.3118,3.35179,-0.0301981,-0.452905,0.308598
1721679,0.99,-1.70683,-0.57249,0.0890832,-2.08906,1.52854,1.53743,0.95692,-1.71147,-0.575406,0.0939924,-2.08621,1.52668,1.53555,0.962455,-1.78317,-0.725683,1.21761,0.113659,-0.535748,-0.447596,2.1748,-1.8219,-0.762035,1.27237,0.126033,-0.53943,-0.455031,2.15587,3.45338,-17.62,7.46588,25.1215,0.462663,-0.92722,-0.375173,0.58471,-1.61772,1.35001,3.38675,-0.0364855,-0.460071,0.300913
1721680,0.99,-1.70866,-0.573232,0.0903489,-2.08894,1.528,1.53699,0.959057,-1.7133,-0.576174,0.0952705,-2.08608,1.52614,1.53509,0.964614,-1.78561,-0.728579,1.22801,0.115105,-0.539781,-0.446429,2.17114,-1.82552,-0.767708,1.27818,0.127141,-0.541648,-0.457449,2.15929,3.55653,-17.7469,7.33893,25.1969,0.519426,-1.08103,-0.161856,0.591649,-1.67804,1.36132,3.42097,-0.0421253,-0.464069,0.292201
1721681,0.99,-1.71052,-0.573977,0.0915881,-2.08882,1.52746,1.53656,0.961204,-1.71513,-0.576947,0.0965545,-2.08595,1.52559,1.53463,0.966777,-1.79558,-0.753364,1.23221,0.120779,-0.530032,-0.448409,2.14959,-1.82913,-0.773381,1.284,0.12825,-0.543867,-0.459867,2.16271,3.96119,-17.7469,7.33893,25.1969,0.519426,-1.25498,0.219919,0.581569,-1.71469,1.35105,3.44552,-0.0472482,-0.465416,0.282617
1721682,0.99,-1.71234,-0.574737,0.0928295,-2.08869,1.52692,1.53609,0.963349,-1.71696,-0.577726,0.0978444,-2.08582,1.52505,1.53417,0.968943,-1.80964,-0.756769,1.23428,0.122848,-0.528856,-0.453933,2.1496,-1.83275,-0.779054,1.28981,0.129359,-0.546085,-0.462285,2.16614,4.2389,-17.7707,7.92212,25.1691,0.50844,-1.14603,0.316965,0.565498,-1.70696,1.33562,3.44804,-0.0524356,-0.465821,0.272685
1721683,0.99,-1.71418,-0.575511,0.0940623,-2.08858,1.5264,1.5356,0.965503,-1.7188,-0.578511,0.09914,-2.08569,1.5245,1.53371,0.971112,-1.81268,-0.757244,1.22712,0.121182,-0.521069,-0.462898,2.1358,-1.83637,-0.784727,1.29563,0.130467,-0.548304,-0.464703,2.16956,4.43727,-17.6715,8.52912,25.2723,0.316179,-0.887853,0.569651,0.557425,-1.66887,1.33528,3.434,-0.0578737,-0.467557,0.263157
1721684,0.99,-1.716,-0.576288,0.0953384,-2.08845,1.52587,1.53513,0.967696,-1.72064,-0.579301,0.100441,-2.08556,1.52395,1.53324,0.973285,-1.8146,-0.762017,1.24113,0.119299,-0.520357,-0.464968,2.14343,-1.83998,-0.7904,1.30144,0.131576,-0.550522,-0.467122,2.17299,4.54042,-17.4454,8.75922,25.2723,0.140398,-0.740453,0.550425,0.562034,-1.63164,1.35602,3.41926,-0.0632245,-0.471279,0.254764
1721685,0.99,-1.71784,-0.577088,0.0966215,-2.08833,1.52533,1.53469,0.969884,-1.72248,-0.580097,0.101749,-2.08543,1.5234,1.53277,0.975462,-1.80323,-0.766765,1.25006,0.12001,-0.525773,-0.452885,2.16192,-1.8436,-0.796073,1.30726,0.132684,-0.55274,-0.46954,2.17641,4.56422,-17.0883,8.90998,25.3199,0.0900438,-1.05539,0.259287,0.568937,-1.60655,1.38102,3.41115,-0.0681141,-0.475113,0.248104
1721686,0.99,-1.71972,-0.577915,0.0979063,-2.0882,1.52479,1.53426,0.972071,-1.72433,-0.580899,0.103062,-2.08529,1.52284,1.5323,0.977642,-1.82646,-0.781205,1.26502,0.123543,-0.526454,-0.435962,2.16929,-1.84721,-0.801746,1.31307,0.133793,-0.554959,-0.471958,2.17983,4.99269,-16.5845,8.70764,25.2445,0.078142,-1.39689,0.187876,0.569805,-1.58532,1.39599,3.40634,-0.0726383,-0.477715,0.243353
1721687,0.99,-1.72157,-0.578727,0.0991917,-2.08807,1.52424,1.5338,0.974264,-1.72618,-0.581706,0.10438,-2.08516,1.52228,1.53182,0.979823,-1.83562,-0.787238,1.26549,0.124055,-0.532995,-0.444926,2.1764,-1.84877,-0.807382,1.31815,0.134929,-0.55703,-0.474289,2.18148,5.29817,-16.2314,8.78302,25.2445,0.106523,-1.30076,-0.128897,0.570688,-1.55463,1.40777,3.3981,-0.0773956,-0.480233,0.240183
1721688,0.99,-1.72342,-0.579542,0.100456,-2.08795,1.52371,1.53331,0.976443,-1.72803,-0.582519,0.105703,-2.08502,1.52172,1.53135,0.982006,-1.8224,-0.788625,1.28838,0.124491,-0.531444,-0.459547,2.16844,-1.85034,-0.813018,1.32324,0.136066,-0.5591,-0.476621,2.18313,5.06807,-16.0767,9.03693,25.2445,0.10103,-1.07462,-0.0584009,0.571269,-1.51626,1.41458,3.38781,-0.0825111,-0.482767,0.238026
1721689,0.99,-1.72529,-0.580331,0.101737,-2.08779,1.52316,1.53283,0.97864,-1.72988,-0.583338,0.107031,-2.08489,1.52116,1.53087,0.984191,-1.8557,-0.78755,1.28284,0.132166,-0.534565,-0.463596,2.17241,-1.8519,-0.818653,1.32832,0.137202,-0.561171,-0.478953,2.18477,5.04426,-16.2036,9.39002,24.9231,0.123918,-0.907079,-0.0126246,0.568822,-1.48489,1.41142,3.38167,-0.0878014,-0.484807,0.236253
1721690,0.99,-1.72716,-0.581128,0.103036,-2.08766,1.5226,1.53239,0.980808,-1.73173,-0.584162,0.108365,-2.08475,1.5206,1.53039,0.986378,-1.86335,-0.784444,1.28375,0.130912,-0.541527,-0.452329,2.17682,-1.85346,-0.824289,1.3334,0.138338,-0.563242,-0.481284,2.18642,5.44893,-16.5091,9.51697,24.8716,0.236528,-1.10666,-0.00621587,0.580048,-1.47926,1.42312,3.3859,-0.0934959,-0.488837,0.23438
1721691,0.99,-1.72904,-0.58193,0.104333,-2.08752,1.52204,1.53194,0.982986,-1.73359,-0.584992,0.109703,-2.08461,1.52003,1.5299,0.988566,-1.85678,-0.77735,1.29813,0.136436,-0.544337,-0.448713,2.16799,-1.85502,-0.829925,1.33848,0.139475,-0.565313,-0.483616,2.18807,5.69886,-16.8622,9.49317,24.697,0.417803,-1.3328,0.129282,0.611426,-1.5173,1.4604,3.4076,-0.0993463,-0.495919,0.232211
1721692,0.99,-1.73087,-0.582745,0.105647,-2.08738,1.52148,1.53147,0.985179,-1.73544,-0.585828,0.111047,-2.08447,1.51947,1.52942,0.990755,-1.87561,-0.784237,1.29878,0.136804,-0.545066,-0.45368,2.21614,-1.85658,-0.83556,1.34356,0.140611,-0.567384,-0.485948,2.18971,5.57588,-16.9138,9.54474,24.6732,0.451677,-1.24216,-0.116079,0.653973,-1.60078,1.51042,3.44732,-0.104789,-0.504764,0.229761
1721693,0.99,-1.73273,-0.583577,0.106972,-2.08726,1.52095,1.53098,0.987419,-1.7373,-0.586669,0.112396,-2.08433,1.5189,1.52893,0.992947,-1.86268,-0.786109,1.29449,0.135329,-0.539394,-0.463094,2.21626,-1.85814,-0.841196,1.34865,0.141748,-0.569454,-0.488279,2.19136,5.39735,-16.8384,9.59235,24.8716,0.310686,-1.08744,-0.523489,0.706273,-1.71511,1.57369,3.49895,-0.109812,-0.515176,0.227038
1721694,0.99,-1.73463,-0.584411,0.108293,-2.08713,1.52038,1.53053,0.989652,-1.73916,-0.587516,0.113749,-2.08418,1.51833,1.52844,0.99514,-1.87085,-0.799108,1.3094,0.131245,-0.542067,-0.45619,2.20786,-1.85971,-0.846832,1.35373,0.142884,-0.571525,-0.490611,2.193,5.77424,-16.6599,9.51697,25.0699,0.24843,-1.1973,-0.711172,0.76363,-1.84119,1.64662,3.55633,-0.114391,-0.52632,0.223764
1721695,0.99,-1.7365,-0.585254,0.109592,-2.08698,1.51982,1.53011,0.991829,-1.74102,-0.588368,0.115108,-2.08404,1.51775,1.52795,0.997334,-1.87539,-0.805121,1.29674,0.137434,-0.556393,-0.443594,2.20498,-1.86127,-0.852467,1.35881,0.14402,-0.573596,-0.492943,2.19465,6.02815,-16.5607,9.97321,24.9985,0.316179,-1.62851,-0.640676,0.823135,-1.95899,1.72613,3.61164,-0.118627,-0.537746,0.21934
1721696,0.99,-1.73841,-0.586096,0.110877,-2.08684,1.51926,1.52965,0.99402,-1.74289,-0.589226,0.116472,-2.08389,1.51718,1.52745,0.999531,-1.86808,-0.809653,1.29763,0.137047,-0.556064,-0.443224,2.18756,-1.86283,-0.858103,1.36389,0.145157,-0.575667,-0.495274,2.1963,6.48042,-16.6361,10.3779,25.0223,0.259416,-1.73838,-0.400808,0.889787,-2.05855,1.82178,3.65867,-0.122983,-0.550586,0.213226
1721697,0.99,-1.74026,-0.586926,0.112196,-2.08669,1.51873,1.52915,0.996236,-1.74475,-0.59009,0.11784,-2.08375,1.5166,1.52695,1.00173,-1.86833,-0.80829,1.30219,0.142307,-0.548077,-0.460391,2.18915,-1.86307,-0.863707,1.36835,0.146319,-0.577617,-0.497531,2.19669,6.45662,-16.7868,10.608,24.9469,-0.0179884,-1.37125,-0.26531,0.961144,-2.1451,1.93089,3.6983,-0.127593,-0.564824,0.205353
1721698,0.99,-1.74208,-0.58778,0.113532,-2.08655,1.51817,1.52866,0.998442,-1.74661,-0.590959,0.119213,-2.0836,1.51602,1.52645,1.00392,-1.84487,-0.814567,1.29815,0.141489,-0.552583,-0.466085,2.19429,-1.8633,-0.869311,1.37281,0.147481,-0.579567,-0.499788,2.19708,5.57588,-16.8384,10.6556,24.9469,-0.0399611,-1.13321,-0.362356,1.02782,-2.22512,2.03942,3.73322,-0.132478,-0.578994,0.196128
1721699,0.99,-1.74395,-0.588643,0.114889,-2.08641,1.51759,1.5282,1.00065,-1.74848,-0.591834,0.12059,-2.08345,1.51544,1.52595,1.00612,-1.83418,-0.835357,1.32286,0.141731,-0.558613,-0.469945,2.19445,-1.86354,-0.874914,1.37726,0.148644,-0.581517,-0.502045,2.19747,5.22279,-16.7868,10.1517,25.0223,0.0506761,-1.21653,-0.141714,1.07408,-2.28375,2.12501,3.75841,-0.137759,-0.590272,0.186087
1721700,0.99,-1.74583,-0.589514,0.116303,-2.08626,1.51698,1.52774,1.00283,-1.75034,-0.592715,0.121972,-2.0833,1.51485,1.52545,1.00832,-1.85372,-0.849148,1.34835,0.142424,-0.572729,-0.46311,2.19445,-1.86378,-0.880518,1.38172,0.149806,-0.583467,-0.504302,2.19786,5.39735,-16.5607,9.18769,25.0977,0.378435,-1.39689,-0.00621587,1.08484,-2.29276,2.16104,3.76421,-0.143219,-0.595851,0.175706
1721701,0.99,-1.74769,-0.590403,0.117679,-2.08613,1.5164,1.52725,1.00502,-1.7522,-0.593601,0.123358,-2.08315,1.51427,1.52494,1.01052,-1.847,-0.853736,1.3567,0.138612,-0.57874,-0.471797,2.17959,-1.86401,-0.886122,1.38617,0.150968,-0.585417,-0.506558,2.19825,5.19502,-16.3068,8.75922,25.2207,0.491045,-1.33921,0.226328,1.06098,-2.2506,2.14168,3.75219,-0.148273,-0.595725,0.16548
1721702,0.99,-1.74951,-0.59129,0.119055,-2.08598,1.51583,1.52672,1.00724,-1.75407,-0.594493,0.124749,-2.083,1.51368,1.52443,1.01272,-1.83617,-0.867322,1.36432,0.13798,-0.576024,-0.491443,2.17396,-1.86425,-0.891726,1.39063,0.152131,-0.587367,-0.508815,2.19864,4.79036,-16.0291,8.78302,25.2445,0.304277,-0.80454,0.24647,1.00885,-2.17395,2.07555,3.73114,-0.152403,-0.590903,0.15599
1721703,0.99,-1.75138,-0.592182,0.120436,-2.08583,1.51529,1.52619,1.00944,-1.75593,-0.59539,0.126144,-2.08285,1.51309,1.52392,1.01492,-1.83725,-0.871245,1.36016,0.140555,-0.564925,-0.499121,2.18533,-1.86449,-0.897329,1.39508,0.153293,-0.589317,-0.511072,2.19903,4.81813,-15.8783,8.8584,25.1453,-0.0454542,-0.527135,0.110056,0.935983,-2.07226,1.97816,3.7041,-0.155778,-0.582371,0.147755
1721704,0.99,-1.75329,-0.59307,0.121778,-2.08568,1.51469,1.52573,1.01163,-1.7578,-0.596293,0.127544,-2.08269,1.5125,1.52341,1.01712,-1.85406,-0.870326,1.35134,0.142801,-0.5644,-0.487933,2.17795,-1.86473,-0.902933,1.39954,0.154455,-0.591267,-0.513329,2.19942,5.24659,-15.9775,9.21546,25.0223,0.0387743,-0.972081,0.278513,0.864023,-1.96486,1.88507,3.67599,-0.159245,-0.57316,0.140963
1721705,0.99,-1.75516,-0.593958,0.123131,-2.08551,1.51408,1.52528,1.0138,-1.75966,-0.597201,0.128948,-2.08254,1.51191,1.52289,1.01931,-1.86281,-0.877549,1.34873,0.149001,-0.576795,-0.473261,2.17677,-1.86496,-0.908537,1.404,0.155618,-0.593217,-0.515585,2.19981,5.69886,-16.0013,9.84626,24.697,0.225542,-1.51316,0.440561,0.81805,-1.87323,1.8341,3.65251,-0.163663,-0.567147,0.135557
1721706,0.99,-1.75706,-0.594868,0.124497,-2.08537,1.51351,1.52477,1.01599,-1.76153,-0.598116,0.130356,-2.08238,1.51131,1.52237,1.02152,-1.86042,-0.879878,1.38607,0.147918,-0.57492,-0.479831,2.16796,-1.8652,-0.91414,1.40845,0.15678,-0.595167,-0.517842,2.2002,6.20668,-15.9775,10.1002,24.7248,0.134905,-1.45456,0.434153,0.795917,-1.80068,1.81783,3.63411,-0.168814,-0.564383,0.131638
1721707,0.99,-1.75891,-0.595781,0.125876,-2.08521,1.51293,1.52422,1.01824,-1.76339,-0.599035,0.131768,-2.08222,1.51072,1.52185,1.02372,-1.89559,-0.899653,1.38151,0.15129,-0.569484,-0.500781,2.18868,-1.8652,-0.919717,1.4124,0.157964,-0.597023,-0.520036,2.2002,6.30586,-16.0291,10.3263,24.574,-0.0454542,-0.997716,-0.044668,0.78348,-1.73545,1.80866,3.61726,-0.174081,-0.562913,0.129401
1721708,0.99,-1.76079,-0.596677,0.127239,-2.08505,1.51235,1.52371,1.02046,-1.76526,-0.599961,0.133185,-2.08206,1.51012,1.52133,1.02592,-1.8941,-0.89839,1.36752,0.155747,-0.567212,-0.503933,2.20941,-1.8652,-0.925294,1.41636,0.159148,-0.598879,-0.522229,2.2002,6.40504,-16.1798,10.8341,24.451,-0.00608656,-1.07462,-0.530813,0.790237,-1.66634,1.82207,3.59608,-0.180141,-0.564149,0.128619
1721709,0.99,-1.76272,-0.597582,0.128612,-2.0849,1.51173,1.52323,1.02267,-1.76712,-0.600891,0.134605,-2.0819,1.50952,1.52081,1.02812,-1.90113,-0.892265,1.37699,0.1533,-0.576855,-0.48447,2.2049,-1.8652,-0.930871,1.42031,0.160333,-0.600735,-0.524422,2.2002,7.26594,-16.3306,10.9849,24.4748,0.129411,-1.49393,-0.679128,0.827352,-1.61165,1.87909,3.5772,-0.187404,-0.569843,0.128407
1721710,0.99,-1.76463,-0.598486,0.130016,-2.08473,1.51112,1.52275,1.02488,-1.76899,-0.601828,0.136029,-2.08174,1.50891,1.52028,1.03032,-1.90373,-0.895358,1.37772,0.157832,-0.584905,-0.483642,2.23336,-1.8652,-0.936448,1.42426,0.161517,-0.602591,-0.526615,2.2002,7.92054,-16.3822,10.8579,24.3756,0.180681,-1.83451,-0.653494,0.889986,-1.59784,1.97134,3.57333,-0.195094,-0.579507,0.127583
1721711,0.99,-1.76647,-0.599415,0.131381,-2.08457,1.51052,1.52224,1.02703,-1.77085,-0.60277,0.137458,-2.08158,1.50831,1.51975,1.03252,-1.88059,-0.89612,1.36723,0.161633,-0.582928,-0.487864,2.20948,-1.8652,-0.942025,1.42821,0.162701,-0.604446,-0.528809,2.2002,7.26594,-16.3584,11.2903,24.2527,0.134905,-1.90592,-0.329397,0.968987,-1.6239,2.08662,3.58342,-0.202843,-0.592174,0.12526
1721712,0.99,-1.76829,-0.600331,0.132758,-2.08441,1.50992,1.5217,1.02925,-1.77272,-0.603718,0.13889,-2.08141,1.5077,1.51922,1.03472,-1.84926,-0.90289,1.3772,0.159681,-0.582265,-0.513767,2.20208,-1.8652,-0.947602,1.43216,0.163885,-0.606302,-0.531002,2.2002,6.1551,-16.3306,11.3895,24.3241,0.1523,-1.56443,-0.375173,1.04599,-1.67326,2.20348,3.59981,-0.210563,-0.605356,0.121232
1721713,0.99,-1.77016,-0.60128,0.134208,-2.08424,1.50931,1.52116,1.03143,-1.77458,-0.604671,0.140326,-2.08125,1.50709,1.51869,1.03692,-1.85179,-0.913633,1.39815,0.164376,-0.595511,-0.520113,2.19429,-1.8652,-0.953179,1.43611,0.165069,-0.608158,-0.533195,2.2002,6.28205,-16.0767,10.6318,24.2527,0.0900438,-1.36484,-0.278127,1.09673,-1.72366,2.28703,3.61496,-0.217769,-0.615293,0.115851
1721714,0.99,-1.77208,-0.602241,0.135619,-2.08407,1.50867,1.52066,1.03367,-1.77645,-0.605629,0.141766,-2.08108,1.50648,1.51815,1.03912,-1.85765,-0.926387,1.40495,0.16602,-0.612798,-0.507552,2.20125,-1.8652,-0.958755,1.44006,0.166253,-0.610014,-0.535389,2.2002,6.58357,-15.8268,10.1755,24.1535,0.491045,-1.60288,-0.440176,1.11417,-1.75252,2.32296,3.62036,-0.224143,-0.620781,0.109537
1721715,1,-1.77395,-0.603201,0.137019,-2.0839,1.50802,1.52015,1.0359,-1.77831,-0.606594,0.14321,-2.08091,1.50587,1.51761,1.04132,-1.86628,-0.93204,1.40434,0.165818,-0.614342,-0.507961,2.20456,-1.8652,-0.964332,1.44402,0.167437,-0.61187,-0.537582,2.2002,6.58357,-15.5213,10.1993,24.1019,0.654924,-1.60288,-0.485037,1.11286,-1.75323,2.33008,3.6135,-0.22975,-0.624081,0.102511
1721716,1,-1.77582,-0.604165,0.138487,-2.08374,1.50745,1.51956,1.0381,-1.78018,-0.607564,0.144658,-2.08075,1.50526,1.51708,1.04352,-1.85661,-0.938642,1.42744,0.160054,-0.599176,-0.530886,2.20446,-1.8652,-0.969909,1.44797,0.168621,-0.613725,-0.539775,2.2002,6.38124,-15.3705,9.56855,24.1773,0.231035,-0.965673,-0.420034,1.10221,-1.73574,2.31995,3.60096,-0.234228,-0.626422,0.0948174
1721717,1,-1.77767,-0.605138,0.139901,-2.08359,1.50688,1.51899,1.0403,-1.78204,-0.608539,0.146109,-2.08058,1.50464,1.51653,1.04572,-1.84663,-0.937151,1.42282,0.160766,-0.588283,-0.546543,2.18792,-1.8652,-0.975463,1.45154,0.169821,-0.615512,-0.541916,2.2002,5.67506,-15.2713,9.41779,24.3003,-0.210249,-0.604955,-0.128897,1.07783,-1.71514,2.28448,3.59192,-0.237081,-0.626399,0.0864945
1721718,1,-1.77948,-0.606108,0.14131,-2.08342,1.50624,1.51851,1.04246,-1.78391,-0.60952,0.147565,-2.0804,1.50403,1.51599,1.04792,-1.83105,-0.94825,1.40554,0.158212,-0.60089,-0.522156,2.18583,-1.8652,-0.981017,1.45512,0.17102,-0.617299,-0.544057,2.2002,4.8697,-15.1166,9.6955,24.3003,-0.0179884,-1.1973,0.129282,1.04476,-1.70112,2.23683,3.59002,-0.239025,-0.624195,0.0777675
1721719,1,-1.78137,-0.607082,0.14275,-2.08326,1.5056,1.51802,1.04464,-1.78578,-0.610507,0.149023,-2.08023,1.50341,1.51544,1.05012,-1.84408,-0.943039,1.41204,0.157177,-0.609433,-0.505249,2.17743,-1.8652,-0.98657,1.45869,0.172219,-0.619086,-0.546198,2.2002,5.09584,-15.1166,9.29084,24.3994,0.180681,-1.67429,0.491831,1.01832,-1.70139,2.20571,3.59732,-0.241121,-0.622367,0.0691371
1721720,1,-1.78323,-0.608039,0.144228,-2.0831,1.50496,1.51746,1.04687,-1.78764,-0.611499,0.150485,-2.08006,1.50279,1.51489,1.05232,-1.8497,-0.945968,1.43584,0.156763,-0.608477,-0.521094,2.18856,-1.8652,-0.992124,1.46227,0.173418,-0.620873,-0.548338,2.2002,5.29817,-15.2713,8.78302,24.4748,0.372942,-1.44175,0.356333,1.00248,-1.72925,2.19205,3.62021,-0.24322,-0.622114,0.0613951
1721721,1,-1.78506,-0.609024,0.145654,-2.08293,1.50434,1.51686,1.04906,-1.78951,-0.612497,0.151951,-2.07988,1.50216,1.51434,1.05452,-1.82761,-0.949953,1.42637,0.160528,-0.606473,-0.547492,2.1853,-1.8652,-0.997678,1.46584,0.174617,-0.62266,-0.550479,2.2002,4.6396,-15.2436,9.36621,24.3994,0.372942,-0.907079,0.233652,0.986911,-1.78334,2.1763,3.65771,-0.244901,-0.622161,0.0553432
1721722,1,-1.78695,-0.610029,0.147098,-2.08275,1.50373,1.51626,1.05127,-1.79137,-0.6135,0.153421,-2.07971,1.50154,1.51379,1.05672,-1.84371,-0.96543,1.42743,0.165383,-0.601058,-0.563082,2.17881,-1.8652,-1.00323,1.46942,0.175816,-0.624447,-0.55262,2.2002,4.8697,-15.069,9.41779,24.2249,0.253923,-0.443822,0.213511,0.967105,-1.83968,2.15726,3.69604,-0.246618,-0.621666,0.0513154
1721723,1,-1.78887,-0.611029,0.148566,-2.08258,1.50313,1.51572,1.05348,-1.79324,-0.614509,0.154894,-2.07953,1.50091,1.51324,1.05892,-1.8666,-0.982266,1.43044,0.168333,-0.591864,-0.550015,2.19068,-1.8652,-1.00879,1.47299,0.177015,-0.626234,-0.554761,2.2002,6.07972,-14.8151,9.33844,24.2011,-0.000593394,-0.63059,-0.0382593,0.953336,-1.86855,2.1537,3.71877,-0.249171,-0.621662,0.049129
1721724,1,-1.79078,-0.612027,0.149961,-2.0824,1.50252,1.51525,1.05566,-1.7951,-0.615523,0.15637,-2.07935,1.50028,1.51268,1.06112,-1.86319,-0.980097,1.44941,0.173524,-0.592883,-0.519992,2.17771,-1.8652,-1.01434,1.47657,0.178214,-0.62802,-0.556901,2.2002,6.58357,-14.7913,10.0764,24.0543,0.0561693,-1.46738,0.122873,0.95198,-1.86089,2.17056,3.72069,-0.25271,-0.622637,0.0483382
1721725,1,-1.79264,-0.61303,0.151367,-2.08221,1.50191,1.51472,1.05789,-1.79697,-0.616543,0.15785,-2.07917,1.49966,1.51212,1.06332,-1.89284,-0.998492,1.43781,0.178503,-0.58837,-0.51595,2.18395,-1.8652,-1.01989,1.48014,0.179413,-0.629807,-0.559042,2.2002,6.38124,-14.8905,10.7825,23.8282,-0.10771,-1.67429,-0.0840357,0.965808,-1.82551,2.20669,3.70487,-0.257191,-0.625168,0.0484468
1721726,1,-1.79448,-0.614023,0.152839,-2.08204,1.50133,1.51413,1.06008,-1.79883,-0.617568,0.159334,-2.07899,1.49902,1.51156,1.06552,-1.87684,-0.997177,1.43837,0.176969,-0.593043,-0.538717,2.18154,-1.8652,-1.02545,1.48372,0.180612,-0.631594,-0.561183,2.2002,6.07972,-15.0412,10.6556,23.8282,-0.379622,-1.31357,-0.252493,1.00089,-1.76968,2.27221,3.67474,-0.262975,-0.630827,0.0490639
1721727,1,-1.79634,-0.615043,0.154288,-2.08186,1.50067,1.51357,1.06228,-1.8007,-0.618599,0.160821,-2.07881,1.49839,1.511,1.06772,-1.85915,-0.992361,1.43481,0.176483,-0.609493,-0.545332,2.17215,-1.8652,-1.03098,1.48704,0.181816,-0.633336,-0.563281,2.2002,5.80201,-15.0174,10.5564,23.6814,-0.0344679,-1.30716,-0.271719,1.04952,-1.71632,2.35989,3.64329,-0.269903,-0.638857,0.0498163
1721728,1,-1.79821,-0.616066,0.155769,-2.08167,1.5,1.51306,1.06447,-1.80256,-0.619636,0.162312,-2.07863,1.49776,1.51043,1.06992,-1.87221,-1.00059,1.44756,0.182869,-0.628577,-0.532885,2.22427,-1.8652,-1.03651,1.49036,0.18302,-0.635077,-0.565379,2.2002,6.07972,-14.8151,10.2787,23.5068,0.536821,-1.65415,-0.368765,1.09914,-1.68627,2.45149,3.62161,-0.277411,-0.647547,0.0502611
1721729,1,-1.80015,-0.617118,0.157321,-2.08149,1.49937,1.51251,1.06671,-1.80443,-0.620678,0.163805,-2.07844,1.49712,1.50986,1.07212,-1.87731,-1.00751,1.47947,0.182994,-0.626954,-0.538776,2.22737,-1.8652,-1.04204,1.49369,0.184225,-0.636818,-0.567478,2.2002,6.86128,-14.4104,9.21546,23.5306,0.592668,-1.58365,-0.691946,1.14059,-1.67195,2.5268,3.60677,-0.284648,-0.655646,0.0500152
1721730,1,-1.802,-0.618147,0.158785,-2.0813,1.49876,1.51193,1.06894,-1.80629,-0.621725,0.165302,-2.07826,1.49648,1.50929,1.07432,-1.85146,-1.03058,1.4783,0.182516,-0.615241,-0.560764,2.22623,-1.8652,-1.04757,1.49701,0.185429,-0.63856,-0.569576,2.2002,6.30586,-14.2081,9.0885,23.4314,0.383928,-1.21653,-0.801809,1.15847,-1.64569,2.55882,3.58824,-0.290667,-0.66065,0.0487321
1721731,1,-1.80379,-0.619194,0.160232,-2.08111,1.49816,1.51135,1.0711,-1.80816,-0.622778,0.166803,-2.07807,1.49584,1.50872,1.07652,-1.82807,-1.03389,1.4614,0.183712,-0.607108,-0.567773,2.20161,-1.8652,-1.0531,1.50034,0.186633,-0.640301,-0.571674,2.2002,5.2704,-14.1843,9.59235,23.3799,0.118425,-1.02976,-0.51708,1.1462,-1.58252,2.54664,3.55514,-0.29564,-0.661304,0.0459603
1721732,1,-1.80569,-0.620249,0.161709,-2.08093,1.49754,1.51081,1.07328,-1.81002,-0.623837,0.168306,-2.07788,1.4952,1.50815,1.07872,-1.83691,-1.03458,1.4672,0.18376,-0.604708,-0.555448,2.17957,-1.8652,-1.05864,1.50366,0.187837,-0.642042,-0.573773,2.2002,5.5243,-14.1089,9.4654,23.4076,-0.0573561,-1.18448,-0.193899,1.11611,-1.49421,2.51645,3.51105,-0.300134,-0.659363,0.041419
1721733,1,-1.8076,-0.62129,0.163184,-2.08073,1.49688,1.5103,1.07549,-1.81189,-0.624901,0.169813,-2.0777,1.49455,1.50757,1.08092,-1.87124,-1.03656,1.47046,0.187337,-0.617986,-0.535955,2.18142,-1.8652,-1.06417,1.50698,0.189041,-0.643784,-0.575871,2.2002,5.82582,-14.1327,9.62012,23.2807,0.186174,-1.64133,-0.00621587,1.09099,-1.41439,2.49681,3.47004,-0.304272,-0.658344,0.035368
1721734,1,-1.80944,-0.622344,0.164662,-2.08054,1.49623,1.50974,1.07769,-1.81375,-0.625971,0.171324,-2.07751,1.49391,1.50699,1.08312,-1.85783,-1.03992,1.47346,0.191392,-0.631623,-0.538463,2.1862,-1.8652,-1.0697,1.51031,0.190246,-0.645525,-0.577969,2.2002,5.62349,-14.2319,9.92163,23.2331,0.406816,-1.64133,-0.0712183,1.08594,-1.36052,2.50314,3.43905,-0.308114,-0.660878,0.0285302
1721735,1,-1.81132,-0.623399,0.166179,-2.08035,1.49561,1.50911,1.07994,-1.81562,-0.627046,0.172837,-2.07731,1.49326,1.50641,1.08532,-1.86675,-1.03478,1.48972,0.187716,-0.619287,-0.567578,2.19406,-1.8652,-1.07523,1.51363,0.19145,-0.647267,-0.580067,2.2002,5.72663,-14.4104,9.23926,23.3322,0.168779,-0.933629,-0.34313,1.09476,-1.33974,2.52382,3.42197,-0.311323,-0.666144,0.021685
1721736,1,-1.81315,-0.624449,0.167702,-2.08018,1.49498,1.5085,1.08216,-1.81748,-0.628127,0.174354,-2.07712,1.49261,1.50583,1.08752,-1.86261,-1.03824,1.49178,0.182655,-0.62535,-0.579697,2.21647,-1.8652,-1.08076,1.51696,0.192654,-0.649008,-0.582166,2.2002,5.5243,-14.5096,8.80683,23.5544,0.0561693,-0.539952,-0.349539,1.10654,-1.36204,2.5402,3.42702,-0.313271,-0.671859,0.0151844
1721737,1,-1.81499,-0.625526,0.169189,-2.08,1.49432,1.50797,1.0843,-1.81935,-0.629213,0.175874,-2.07693,1.49196,1.50525,1.08972,-1.82843,-1.03878,1.48408,0.181571,-0.637293,-0.558964,2.19589,-1.8652,-1.08627,1.52014,0.19385,-0.650725,-0.58423,2.2002,5.14344,-14.4104,8.8584,23.6814,0.253923,-1.04258,0.0587866,1.11501,-1.42675,2.54672,3.45634,-0.313951,-0.67636,0.0089322
1721738,1,-1.81686,-0.626591,0.170716,-2.07982,1.49367,1.50745,1.08648,-1.82121,-0.630305,0.177398,-2.07673,1.49131,1.50466,1.09192,-1.83933,-1.05143,1.48641,0.181361,-0.644643,-0.54559,2.18418,-1.8652,-1.09178,1.52333,0.195047,-0.652441,-0.586295,2.2002,5.54811,-14.3351,8.75922,23.9035,0.231035,-1.56443,0.394785,1.11729,-1.51621,2.54702,3.50106,-0.313883,-0.679156,0.00293479
1721739,1,-1.81874,-0.627687,0.172237,-2.07963,1.49305,1.50687,1.08867,-1.82308,-0.631402,0.178924,-2.07654,1.49065,1.50407,1.09412,-1.84545,-1.0559,1.4905,0.181106,-0.636374,-0.554835,2.1914,-1.8652,-1.09729,1.52652,0.196243,-0.654158,-0.588359,2.2002,5.67506,-14.1089,8.90998,24.0265,0.0332811,-1.60929,0.284922,1.11866,-1.61058,2.55009,3.55094,-0.313548,-0.681497,-0.00234419
1721740,1,-1.82055,-0.628791,0.173699,-2.07942,1.4924,1.50626,1.09086,-1.82494,-0.632505,0.180454,-2.07634,1.49,1.50348,1.09632,-1.82834,-1.06688,1.47879,0.190603,-0.644415,-0.56627,2.17959,-1.8652,-1.10279,1.5297,0.197439,-0.655875,-0.590424,2.2002,4.76655,-13.8788,9.51697,23.729,-0.0399611,-1.39689,0.414011,1.12314,-1.69321,2.56252,3.59599,-0.313637,-0.684612,-0.00627456
1721741,1,-1.82241,-0.629882,0.175234,-2.0792,1.49174,1.50565,1.09304,-1.82681,-0.633613,0.181987,-2.07614,1.48934,1.50289,1.09852,-1.84057,-1.07865,1.49382,0.198787,-0.644408,-0.583411,2.17938,-1.8652,-1.1083,1.53289,0.198636,-0.657591,-0.592488,2.2002,4.91731,-13.6765,9.36621,23.3561,-0.0179884,-1.0618,0.272104,1.12666,-1.74264,2.58221,3.62221,-0.315065,-0.68835,-0.00844018
1721742,1,-1.82435,-0.631006,0.176808,-2.07899,1.49107,1.50505,1.09525,-1.82867,-0.634727,0.183523,-2.07594,1.48868,1.5023,1.10072,-1.86456,-1.0891,1.51141,0.20511,-0.652714,-0.587176,2.17848,-1.8652,-1.11381,1.53608,0.199832,-0.659308,-0.594553,2.2002,5.84962,-13.375,8.78302,23.0823,0.0900438,-1.02976,0.135691,1.12552,-1.74438,2.59945,3.62114,-0.318078,-0.691952,-0.00871744
1721743,1,-1.82625,-0.63214,0.178315,-2.07877,1.49039,1.50447,1.09747,-1.83054,-0.635846,0.185062,-2.07574,1.48802,1.5017,1.10292,-1.87346,-1.11231,1.51184,0.210161,-0.658864,-0.589976,2.18489,-1.8652,-1.11932,1.53927,0.201029,-0.661025,-0.596617,2.2002,6.23048,-13.0457,8.8584,22.761,0.378435,-1.15885,-0.10967,1.12209,-1.69031,2.61083,3.58982,-0.322499,-0.695238,-0.00733081
1721744,1,-1.82808,-0.633238,0.179825,-2.07857,1.48975,1.50385,1.09965,-1.83241,-0.636971,0.186605,-2.07554,1.48736,1.5011,1.10512,-1.85974,-1.11079,1.5017,0.210325,-0.666537,-0.598485,2.1827,-1.8652,-1.12482,1.54245,0.202225,-0.662741,-0.598682,2.2002,5.92897,-13.0219,9.16388,22.6856,0.202654,-1.02335,-0.290945,1.12126,-1.58206,2.62507,3.52995,-0.328152,-0.698642,-0.00483386
1721745,1,-1.82994,-0.634341,0.181368,-2.07837,1.48911,1.50321,1.10186,-1.83427,-0.638102,0.18815,-2.07533,1.48669,1.5005,1.10732,-1.8442,-1.10075,1.5185,0.203837,-0.65122,-0.610692,2.18706,-1.8652,-1.13033,1.54564,0.203422,-0.664458,-0.600746,2.2002,5.80201,-13.2996,8.8346,22.8086,-0.0344679,-0.830175,-0.459402,1.12093,-1.46031,2.63972,3.46298,-0.334008,-0.701445,-0.0019585
1721746,1,-1.83178,-0.63544,0.182896,-2.07816,1.48844,1.50266,1.10406,-1.83614,-0.639237,0.189699,-2.07513,1.48603,1.4999,1.10952,-1.84362,-1.10098,1.51792,0.206405,-0.654114,-0.594312,2.21332,-1.8652,-1.13584,1.54883,0.204618,-0.666175,-0.602811,2.2002,5.54811,-13.5019,9.03693,22.7848,-0.0179884,-1.45456,-0.329397,1.11537,-1.37383,2.64134,3.41444,-0.338916,-0.702309,0.000509828
1721747,1,-1.83364,-0.63658,0.18444,-2.07795,1.48773,1.50211,1.10621,-1.838,-0.640379,0.191251,-2.07492,1.48536,1.49929,1.11172,-1.84131,-1.10235,1.52728,0.208775,-0.668019,-0.57582,2.1992,-1.8652,-1.14131,1.55198,0.205791,-0.667884,-0.604849,2.2002,5.32197,-13.3234,9.11231,22.761,0.435198,-2.13755,-0.122488,1.10619,-1.33649,2.62991,3.39031,-0.342752,-0.701845,0.00197587
1721748,1,-1.83555,-0.637722,0.185989,-2.07774,1.48706,1.50147,1.10844,-1.83987,-0.641526,0.192806,-2.07472,1.48469,1.49869,1.11392,-1.85264,-1.13646,1.54184,0.209874,-0.665311,-0.613396,2.19961,-1.8652,-1.14679,1.55512,0.206963,-0.669594,-0.606887,2.2002,5.82582,-12.9703,8.90998,22.7332,0.474565,-1.78965,-0.349539,1.09204,-1.31667,2.60481,3.37557,-0.345878,-0.700843,0.00236573
1721749,1,-1.8374,-0.638872,0.187548,-2.07753,1.48637,1.50078,1.11064,-1.84173,-0.642678,0.194364,-2.07451,1.48402,1.49808,1.11612,-1.84599,-1.13764,1.54152,0.209937,-0.675067,-0.639003,2.19839,-1.8652,-1.15227,1.55827,0.208136,-0.671303,-0.608924,2.2002,5.82582,-12.8434,8.80683,22.761,0.536821,-1.17167,-0.562856,1.06671,-1.26978,2.56006,3.35134,-0.348514,-0.698993,0.00190916
1721750,1,-1.83926,-0.640029,0.189027,-2.07731,1.48569,1.50013,1.11288,-1.8436,-0.643836,0.195926,-2.0743,1.48335,1.49747,1.11832,-1.84366,-1.14101,1.51911,0.213045,-0.669809,-0.645098,2.19612,-1.8652,-1.15774,1.56142,0.209309,-0.673013,-0.610962,2.2002,5.59968,-12.7442,9.54474,22.6618,0.531328,-0.842992,-0.744131,1.03778,-1.1981,2.51295,3.31767,-0.35075,-0.69754,0.000558799
1721751,1,-1.84115,-0.641171,0.190587,-2.0771,1.48503,1.49953,1.11511,-1.84546,-0.644999,0.19749,-2.07409,1.48267,1.49685,1.12052,-1.86,-1.13847,1.52329,0.211389,-0.671452,-0.634099,2.19328,-1.8652,-1.16322,1.56457,0.210482,-0.674723,-0.613,2.2002,6.20668,-12.641,9.4654,22.7094,0.435198,-1.0618,-0.704763,1.02445,-1.13505,2.4957,3.28714,-0.352551,-0.699063,-0.00208242
1721752,1,-1.84306,-0.642335,0.19216,-2.07689,1.48439,1.49894,1.11727,-1.84733,-0.646168,0.199058,-2.07388,1.48199,1.49624,1.12272,-1.86393,-1.14321,1.52394,0.214282,-0.661272,-0.613182,2.1866,-1.8652,-1.1687,1.56772,0.211654,-0.676432,-0.615038,2.2002,6.73433,-12.5656,9.31464,22.6102,0.10103,-1.50675,-0.303762,1.03783,-1.10288,2.5209,3.26918,-0.353591,-0.704743,-0.00639743
1721753,1,-1.8449,-0.643504,0.193681,-2.07666,1.48371,1.49833,1.11945,-1.84919,-0.647342,0.200629,-2.07366,1.48132,1.49562,1.12492,-1.84908,-1.14211,1.51533,0.215952,-0.664412,-0.61345,2.16263,-1.8652,-1.17417,1.57087,0.212827,-0.678142,-0.617075,2.2002,6.02815,-12.5141,9.54474,22.511,0.0561693,-1.71274,0.149424,1.07549,-1.10533,2.58251,3.26487,-0.353929,-0.714128,-0.0123095
1721754,1,-1.84669,-0.644667,0.195242,-2.07646,1.48305,1.49766,1.12162,-1.85106,-0.648521,0.202203,-2.07345,1.48064,1.495,1.12712,-1.83258,-1.1522,1.51261,0.211498,-0.655502,-0.629818,2.15716,-1.8652,-1.17965,1.57402,0.214,-0.679852,-0.619113,2.2002,5.04426,-12.3871,9.39002,22.6618,-0.164473,-1.24216,0.388376,1.12626,-1.13312,2.66797,3.2704,-0.354195,-0.725797,-0.0190466
1721755,1,-1.84857,-0.645859,0.196848,-2.07626,1.48238,1.49699,1.12384,-1.85292,-0.649706,0.20378,-2.07323,1.47995,1.49438,1.12932,-1.82454,-1.15337,1.57261,0.202032,-0.663142,-0.642285,2.16321,-1.8652,-1.18513,1.57716,0.215173,-0.681561,-0.621151,2.2002,4.94508,-12.1372,8.42993,22.9593,-0.0234816,-0.80454,0.381968,1.16341,-1.17376,2.73211,3.28655,-0.354103,-0.735308,-0.0253909
1721756,1,-1.85042,-0.647046,0.198422,-2.07605,1.48166,1.49638,1.12607,-1.85479,-0.650897,0.20536,-2.07302,1.47927,1.49376,1.13153,-1.8361,-1.16912,1.56847,0.206782,-0.673996,-0.63533,2.17354,-1.8652,-1.1906,1.58031,0.216345,-0.683271,-0.623189,2.2002,4.94508,-11.8833,8.55689,22.8839,0.440691,-0.933629,0.226328,1.16336,-1.21368,2.72699,3.3136,-0.352891,-0.73822,-0.0302786
1721757,1,-1.85233,-0.648244,0.200035,-2.07583,1.48096,1.49577,1.12826,-1.85665,-0.652093,0.206944,-2.0728,1.47859,1.49313,1.13373,-1.84903,-1.17467,1.57332,0.20777,-0.677667,-0.62747,2.17784,-1.8652,-1.19604,1.5835,0.217476,-0.684987,-0.625205,2.2002,5.37355,-11.7801,8.32679,22.7848,0.677812,-1.15885,0.213511,1.13714,-1.23986,2.6694,3.34335,-0.350963,-0.736145,-0.0332797
1721758,1,-1.85422,-0.649429,0.201624,-2.0756,1.48035,1.4951,1.13045,-1.85852,-0.653295,0.208531,-2.07258,1.4779,1.4925,1.13593,-1.84838,-1.16959,1.58278,0.213698,-0.65613,-0.635854,2.17443,-1.8652,-1.20147,1.58668,0.218607,-0.686704,-0.627221,2.2002,5.62349,-12.034,8.15222,22.5864,0.123918,-0.894261,0.343516,1.10529,-1.2579,2.5953,3.37243,-0.348659,-0.732509,-0.034477
1721759,1,-1.85603,-0.65061,0.203177,-2.07539,1.47971,1.49446,1.13263,-1.86038,-0.654502,0.21012,-2.07236,1.47721,1.49188,1.13813,-1.82621,-1.17563,1.56385,0.211594,-0.647475,-0.639361,2.17739,-1.8652,-1.20691,1.58987,0.219737,-0.688421,-0.629237,2.2002,5.04426,-12.1094,8.68384,22.5348,-0.272505,-0.810948,0.278513,1.07441,-1.28283,2.52038,3.40342,-0.346105,-0.728408,-0.034049
1721760,1,-1.8579,-0.651823,0.204753,-2.07517,1.47906,1.49385,1.13482,-1.86225,-0.655714,0.211714,-2.07214,1.47652,1.49124,1.14033,-1.83289,-1.18418,1.56227,0.214111,-0.648472,-0.623212,2.16507,-1.8652,-1.21234,1.59305,0.220868,-0.690137,-0.631253,2.2002,5.06807,-11.9825,9.0885,22.4356,-0.520613,-1.06821,0.330698,1.04978,-1.31337,2.46319,3.43341,-0.344302,-0.72491,-0.0321498
1721761,1,-1.85982,-0.653065,0.206324,-2.07495,1.47834,1.49327,1.13708,-1.86411,-0.656932,0.21331,-2.07192,1.47583,1.49061,1.14253,-1.84261,-1.20873,1.56383,0.21569,-0.663622,-0.608688,2.18695,-1.8652,-1.21778,1.59624,0.221998,-0.691854,-0.633268,2.2002,5.72663,-11.5024,9.16388,22.3127,-0.0738356,-1.46097,-0.206716,1.03689,-1.32807,2.43671,3.45231,-0.344444,-0.723343,-0.0289696
1721762,1,-1.86169,-0.654283,0.207912,-2.07471,1.47763,1.49265,1.13925,-1.86598,-0.658155,0.214909,-2.0717,1.47514,1.48998,1.14473,-1.848,-1.21544,1.56772,0.225541,-0.700242,-0.6044,2.18324,-1.8652,-1.22321,1.59942,0.223129,-0.69357,-0.635284,2.2002,6.05195,-11.2009,9.26306,22.0627,0.293291,-1.57724,-0.26531,1.036,-1.30174,2.4396,3.44843,-0.347055,-0.724407,-0.0248948
1721763,1,-1.86353,-0.655507,0.209486,-2.07447,1.47691,1.49197,1.14147,-1.86784,-0.659383,0.216512,-2.07147,1.47444,1.48934,1.14693,-1.8365,-1.21096,1.57268,0.23052,-0.707704,-0.628976,2.19028,-1.8652,-1.22865,1.60261,0.224259,-0.695287,-0.6373,2.2002,5.69886,-11.1771,9.29084,21.6898,0.672319,-1.06821,-0.446585,1.04204,-1.2402,2.45967,3.42315,-0.351453,-0.727638,-0.0205936
1721764,1,-1.86534,-0.656723,0.211081,-2.07423,1.47622,1.49131,1.14365,-1.86971,-0.660618,0.218118,-2.07125,1.47374,1.4887,1.14913,-1.83703,-1.21747,1.57521,0.236984,-0.698229,-0.635398,2.19325,-1.8652,-1.23408,1.60579,0.22539,-0.697003,-0.639316,2.2002,5.24659,-11.1255,9.31464,21.4438,0.553301,-0.701085,-0.504263,1.04826,-1.16755,2.48275,3.38633,-0.356401,-0.73162,-0.0167908
1721765,1,-1.86724,-0.657954,0.212705,-2.074,1.47554,1.4907,1.14587,-1.87157,-0.661857,0.219727,-2.07102,1.47304,1.48806,1.15133,-1.83744,-1.20882,1.58569,0.234717,-0.690886,-0.621442,2.19451,-1.8652,-1.23951,1.60898,0.22652,-0.69872,-0.641332,2.2002,5.59968,-11.1255,9.11231,21.3684,0.502947,-0.907079,-0.627859,1.05286,-1.1051,2.5025,3.3483,-0.360722,-0.73531,-0.0141159
1721766,1,-1.86915,-0.659167,0.214266,-2.07376,1.47485,1.49015,1.14808,-1.87344,-0.663102,0.221339,-2.07079,1.47234,1.48741,1.15353,-1.8514,-1.23261,1.57784,0.232208,-0.684844,-0.604682,2.19267,-1.8652,-1.24495,1.61217,0.227651,-0.700437,-0.643348,2.2002,6.1551,-11.2525,9.4654,21.3169,0.350054,-1.63492,-0.556448,1.06173,-1.06305,2.52518,3.3166,-0.363686,-0.739107,-0.0130864
1721767,1,-1.87101,-0.660393,0.215848,-2.07355,1.47415,1.48954,1.15028,-1.8753,-0.664352,0.222954,-2.07056,1.47164,1.48677,1.15573,-1.85707,-1.22255,1.5669,0.225805,-0.689605,-0.596797,2.20199,-1.8652,-1.25033,1.61544,0.228719,-0.70217,-0.645345,2.2002,6.32966,-11.4786,9.74707,21.6422,0.123918,-1.88669,-0.575674,1.08823,-1.04243,2.57257,3.29493,-0.365361,-0.745365,-0.0140247
1721768,1,-1.87286,-0.661638,0.217448,-2.07333,1.47351,1.48885,1.15247,-1.87717,-0.665608,0.224573,-2.07033,1.47094,1.48612,1.15793,-1.84642,-1.22783,1.57608,0.224008,-0.667812,-0.61901,2.18744,-1.8652,-1.2557,1.61871,0.229786,-0.703904,-0.647341,2.2002,5.9012,-11.5778,9.59235,21.8644,-0.413496,-1.37125,-0.31658,1.13735,-1.05689,2.65241,3.2917,-0.365947,-0.755383,-0.0169346
1721769,1,-1.87468,-0.662875,0.219089,-2.0731,1.47281,1.4882,1.15469,-1.87904,-0.666869,0.226195,-2.0701,1.47023,1.48547,1.16013,-1.85619,-1.23345,1.58928,0.222727,-0.678757,-0.631568,2.18533,-1.8652,-1.26108,1.62198,0.230854,-0.705637,-0.649338,2.2002,5.02046,-11.427,9.01313,21.9397,-0.464766,-1.04899,-0.252493,1.1956,-1.10615,2.74067,3.30864,-0.36583,-0.76703,-0.0214471
1721770,1,-1.87651,-0.664154,0.22075,-2.07286,1.47208,1.48757,1.15687,-1.8809,-0.668136,0.22782,-2.06987,1.46953,1.48482,1.16233,-1.8382,-1.24415,1.6041,0.224683,-0.695473,-0.628096,2.18069,-1.8652,-1.26645,1.62525,0.231922,-0.707371,-0.651334,2.2002,4.66737,-10.9986,8.37836,21.9159,-0.0573561,-1.01694,-0.0904444,1.24437,-1.16649,2.80675,3.33612,-0.365702,-0.777084,-0.0269374
1721771,1,-1.8784,-0.665451,0.22241,-2.07262,1.47131,1.48695,1.15907,-1.88277,-0.669407,0.229449,-2.06964,1.46882,1.48417,1.16453,-1.85192,-1.25265,1.62385,0.230595,-0.714898,-0.625817,2.16644,-1.8652,-1.27183,1.62853,0.232989,-0.709105,-0.653331,2.2002,4.8697,-10.5185,7.64441,21.8167,0.469072,-1.13962,0.181467,1.26938,-1.21351,2.82862,3.36241,-0.365932,-0.783162,-0.0327248
1721772,1,-1.8802,-0.666721,0.224048,-2.07239,1.47058,1.48628,1.16126,-1.88463,-0.670685,0.23108,-2.0694,1.46811,1.48351,1.16673,-1.86336,-1.26187,1.61585,0.231271,-0.715153,-0.637452,2.1928,-1.8652,-1.2772,1.6318,0.234057,-0.710838,-0.655327,2.2002,4.21113,-10.2646,7.69599,21.8882,0.643938,-0.791722,0.453379,1.27349,-1.23598,2.81124,3.38027,-0.366465,-0.78571,-0.0381695
1721773,1,-1.88201,-0.668007,0.225652,-2.07216,1.46989,1.48558,1.16341,-1.8865,-0.671967,0.232716,-2.06917,1.46739,1.48285,1.16893,-1.82508,-1.26589,1.64431,0.229714,-0.707669,-0.653076,2.17767,-1.8652,-1.28258,1.63507,0.235125,-0.712572,-0.657324,2.2002,3.58033,-10.0623,7.9737,21.9159,0.355547,-0.314733,0.757334,1.2584,-1.23393,2.7607,3.38937,-0.366753,-0.784798,-0.0425444
1721774,1,-1.88386,-0.669281,0.227269,-2.07192,1.46919,1.48494,1.16561,-1.88836,-0.673255,0.234354,-2.06893,1.46668,1.4822,1.17113,-1.86717,-1.27354,1.63445,0.232875,-0.706789,-0.649544,2.17985,-1.8652,-1.28796,1.63834,0.236192,-0.714305,-0.65932,2.2002,3.83424,-9.91153,8.32679,21.7176,0.0616625,-0.392553,0.757334,1.22094,-1.21188,2.67529,3.39247,-0.366167,-0.779389,-0.0450273
1721775,1,-1.88576,-0.670568,0.228896,-2.07168,1.46848,1.48435,1.16779,-1.89023,-0.674548,0.235995,-2.0687,1.46596,1.48153,1.17333,-1.87985,-1.26322,1.62198,0.234847,-0.702777,-0.625125,2.18723,-1.8652,-1.29333,1.64161,0.23726,-0.716039,-0.661317,2.2002,4.46504,-9.80838,8.8584,21.543,-0.000593394,-1.07462,0.563242,1.18855,-1.19731,2.59821,3.3992,-0.364966,-0.773557,-0.0450453
1721776,1,-1.88768,-0.671861,0.230538,-2.07142,1.46777,1.48372,1.16999,-1.89209,-0.675847,0.23764,-2.06846,1.46524,1.48087,1.17553,-1.88405,-1.2637,1.62645,0.240276,-0.70623,-0.620985,2.18012,-1.8652,-1.29871,1.64489,0.238328,-0.717773,-0.663313,2.2002,5.39735,-9.91153,8.75922,21.1939,-0.153486,-1.43534,0.388376,1.18785,-1.2234,2.57177,3.42046,-0.363805,-0.771893,-0.0424727
1721777,1,-1.88956,-0.673132,0.232173,-2.07117,1.46705,1.48304,1.17218,-1.89396,-0.677151,0.239289,-2.06822,1.46453,1.48021,1.17773,-1.89884,-1.26111,1.61825,0.239652,-0.702748,-0.642571,2.19213,-1.8652,-1.304,1.64827,0.23931,-0.719529,-0.66529,2.2002,5.67506,-10.0623,8.98535,21.0193,-0.210249,-1.16526,0.0322363,1.21993,-1.29912,2.59775,3.45896,-0.363134,-0.775139,-0.0375985
1721778,1,-1.89138,-0.674418,0.23381,-2.07092,1.46632,1.48235,1.17438,-1.89582,-0.67846,0.24094,-2.06798,1.4638,1.47954,1.17993,-1.8627,-1.26097,1.61269,0.242004,-0.706989,-0.656546,2.18249,-1.8652,-1.3093,1.65165,0.240293,-0.721286,-0.667267,2.2002,5.34578,-10.2924,9.33844,20.8725,-0.0857374,-0.875035,-0.225942,1.27561,-1.41735,2.6651,3.51189,-0.363485,-0.782221,-0.0310857
1721779,1,-1.89326,-0.675718,0.23545,-2.07068,1.46559,1.48169,1.17659,-1.89769,-0.679775,0.242595,-2.06774,1.46308,1.47887,1.18213,-1.8563,-1.28286,1.61831,0.240136,-0.713924,-0.669455,2.17789,-1.8652,-1.31459,1.65503,0.241276,-0.723042,-0.669244,2.2002,5.59968,-10.4669,9.26306,20.8448,0.078142,-0.933629,-0.362356,1.33284,-1.54649,2.74792,3.56636,-0.3653,-0.789788,-0.0238511
1721780,1,-1.89514,-0.677021,0.237093,-2.07043,1.46483,1.48108,1.17874,-1.89955,-0.681095,0.244254,-2.06749,1.46236,1.4782,1.18433,-1.86165,-1.28849,1.61398,0.246088,-0.740844,-0.651781,2.1711,-1.8652,-1.31989,1.65841,0.242259,-0.724799,-0.671221,2.2002,6.05195,-10.34,9.36621,20.7456,0.417803,-1.46097,-0.278127,1.37736,-1.64667,2.82741,3.60557,-0.368562,-0.795658,-0.0168874
1721781,1,-1.897,-0.678366,0.238708,-2.07018,1.46411,1.48044,1.18093,-1.90142,-0.68242,0.245915,-2.06725,1.46163,1.47752,1.18653,-1.84911,-1.29593,1.61323,0.249274,-0.746548,-0.642801,2.16467,-1.8652,-1.32518,1.66179,0.243241,-0.726555,-0.673198,2.2002,6.02815,-9.85995,9.64392,20.6464,0.524919,-1.66788,-0.200308,1.41252,-1.70753,2.90601,3.62357,-0.372736,-0.800796,-0.0109654
1721782,1,-1.89883,-0.679706,0.240367,-2.06993,1.46342,1.47976,1.18314,-1.90328,-0.683751,0.247581,-2.06701,1.4609,1.47685,1.18873,-1.84238,-1.31378,1.61836,0.246643,-0.719485,-0.656675,2.16476,-1.8652,-1.33048,1.66517,0.244224,-0.728312,-0.675174,2.2002,5.57588,-9.22916,9.59235,20.5988,0.163286,-1.44175,-0.181082,1.43718,-1.7257,2.98015,3.61855,-0.377226,-0.805578,-0.00640729
1721783,1,-1.90066,-0.681051,0.242031,-2.06967,1.46271,1.47906,1.18534,-1.90515,-0.685086,0.249249,-2.06676,1.46017,1.47617,1.19093,-1.83667,-1.31059,1.62435,0.255452,-0.717103,-0.666399,2.1798,-1.8652,-1.33577,1.66855,0.245207,-0.730068,-0.677151,2.2002,5.02046,-8.87607,9.51697,20.3965,0.106523,-1.05539,-0.368765,1.44544,-1.69843,3.03809,3.59037,-0.381751,-0.809145,-0.00318705
1721784,1,-1.90255,-0.682387,0.243709,-2.0694,1.46197,1.4784,1.18754,-1.90701,-0.686427,0.250921,-2.06652,1.45944,1.47549,1.19313,-1.83709,-1.3465,1.63917,0.256621,-0.723293,-0.66066,2.17189,-1.8652,-1.34107,1.67193,0.24619,-0.731825,-0.679128,2.2002,5.02046,-8.52298,9.01313,20.2497,0.287798,-1.14603,-0.303762,1.43243,-1.61863,3.06898,3.53621,-0.386371,-0.810535,-0.00121143
1721785,1,-1.90443,-0.683719,0.245413,-2.06913,1.4612,1.47775,1.18973,-1.90888,-0.687774,0.252596,-2.06627,1.45871,1.47481,1.19533,-1.85086,-1.32763,1.65559,0.258971,-0.731987,-0.655112,2.18818,-1.8652,-1.34636,1.67531,0.247173,-0.733581,-0.681105,2.2002,5.42115,-8.67374,8.40216,20.0513,0.576189,-1.28061,-0.336721,1.39823,-1.48764,3.06516,3.45887,-0.390713,-0.809296,-0.000464421
1721786,1,-1.90627,-0.685037,0.247085,-2.06889,1.46048,1.47705,1.19195,-1.91074,-0.689125,0.254275,-2.06602,1.45797,1.47413,1.19753,-1.83243,-1.31766,1.66187,0.255725,-0.730357,-0.670043,2.18239,-1.8652,-1.35166,1.67869,0.248155,-0.735338,-0.683082,2.2002,4.84193,-9.17758,8.10065,20.1981,0.531328,-1.01053,-0.34313,1.35256,-1.36103,3.02772,3.38622,-0.393411,-0.805988,-0.000896997
1721787,1,-1.90806,-0.686317,0.248772,-2.06865,1.45979,1.47634,1.19417,-1.91261,-0.690482,0.255957,-2.06577,1.45723,1.47344,1.19973,-1.81978,-1.31178,1.67374,0.251409,-0.706743,-0.687728,2.18304,-1.8652,-1.35685,1.68217,0.249031,-0.737118,-0.685036,2.2002,4.15956,-9.93533,7.84674,20.2973,0.0442674,-0.572911,-0.200308,1.2993,-1.29287,2.95687,3.34471,-0.393392,-0.800283,-0.00237795
1721788,1,-1.90991,-0.68764,0.250459,-2.0684,1.45908,1.47566,1.19634,-1.91447,-0.691844,0.257643,-2.06552,1.45649,1.47276,1.20193,-1.81581,-1.3085,1.67612,0.248533,-0.701793,-0.680145,2.1771,-1.8652,-1.36203,1.68565,0.249906,-0.738899,-0.68699,2.2002,3.83424,-10.3162,8.12445,20.4242,-0.181868,-0.643407,0.0258276,1.23793,-1.29523,2.85515,3.34089,-0.390775,-0.791548,-0.00472734
1721789,1,-1.91181,-0.689024,0.252127,-2.06816,1.45834,1.47503,1.19851,-1.91634,-0.693212,0.259332,-2.06527,1.45575,1.47207,1.20413,-1.8297,-1.31832,1.67201,0.245845,-0.709089,-0.662807,2.15518,-1.8652,-1.36722,1.68913,0.250782,-0.74068,-0.688944,2.2002,4.21113,-9.91153,8.40216,20.571,-0.119612,-1.19089,0.44697,1.17869,-1.36067,2.74436,3.37045,-0.386587,-0.781497,-0.00761844
1721790,1,-1.9137,-0.690409,0.253825,-2.0679,1.4576,1.47437,1.20066,-1.9182,-0.694584,0.261025,-2.06502,1.45501,1.47138,1.20633,-1.8578,-1.33757,1.67172,0.246798,-0.71244,-0.658522,2.15145,-1.8652,-1.37241,1.69262,0.251658,-0.742461,-0.690898,2.2002,4.96888,-9.17758,8.55689,20.4718,-0.102217,-1.43534,0.809519,1.1376,-1.45966,2.65634,3.41818,-0.382292,-0.773544,-0.0104373
1721791,1,-1.91557,-0.691839,0.255482,-2.06764,1.45687,1.47364,1.20288,-1.92007,-0.695962,0.262721,-2.06477,1.45427,1.47068,1.20853,-1.85087,-1.35223,1.70145,0.250307,-0.719578,-0.679,2.16825,-1.8652,-1.3776,1.6961,0.252533,-0.744242,-0.692852,2.2002,5.22279,-8.2175,8.90998,20.2497,-0.0802443,-1.01694,0.647471,1.11324,-1.5473,2.59132,3.46297,-0.3789,-0.76835,-0.0122002
1721792,1,-1.9174,-0.693251,0.257161,-2.06738,1.45616,1.47291,1.20513,-1.92193,-0.697344,0.26442,-2.06451,1.45352,1.46999,1.21073,-1.84859,-1.37442,1.69603,0.248895,-0.71279,-0.699479,2.184,-1.8652,-1.38279,1.69958,0.253409,-0.746023,-0.694806,2.2002,5.22279,-7.38437,9.21546,20.1505,-0.221235,-0.463048,0.316965,1.08573,-1.58155,2.52117,3.48641,-0.376922,-0.763056,-0.0119552
1721793,1,-1.91929,-0.694673,0.258857,-2.06712,1.45542,1.47221,1.20731,-1.9238,-0.698732,0.266123,-2.06426,1.45277,1.46929,1.21293,-1.84997,-1.38219,1.68759,0.259684,-0.720249,-0.694297,2.17183,-1.8652,-1.38797,1.70306,0.254284,-0.747804,-0.69676,2.2002,5.5243,-6.75357,9.36621,19.9005,-0.0518629,-0.527135,0.240061,1.04964,-1.54364,2.44778,3.47769,-0.377132,-0.756803,-0.00947265
1721794,1,-1.9212,-0.696082,0.260519,-2.06685,1.45465,1.47158,1.20949,-1.92567,-0.700126,0.26783,-2.064,1.45202,1.46859,1.21513,-1.86255,-1.38722,1.6818,0.266105,-0.736688,-0.667937,2.16122,-1.8652,-1.39316,1.70654,0.25516,-0.749585,-0.698714,2.2002,6.10353,-6.55124,9.64392,19.5038,0.287798,-1.21653,0.440561,1.01944,-1.44801,2.40044,3.43761,-0.379977,-0.751825,-0.00521963
1721795,1,-1.92305,-0.697431,0.262216,-2.06656,1.45389,1.47094,1.21163,-1.92753,-0.701524,0.26954,-2.06375,1.45127,1.46789,1.21733,-1.85787,-1.37754,1.67364,0.268261,-0.736747,-0.658703,2.19918,-1.8652,-1.39835,1.71002,0.256036,-0.751366,-0.700668,2.2002,6.10353,-7.00351,9.7193,19.0555,0.469072,-1.71274,0.653879,1.01106,-1.33491,2.40018,3.38128,-0.384748,-0.750624,0.000247493
1721796,1,-1.92487,-0.698788,0.263915,-2.06628,1.45317,1.47023,1.21385,-1.9294,-0.702927,0.271254,-2.06349,1.45052,1.46719,1.21953,-1.83445,-1.35917,1.67123,0.277148,-0.73663,-0.670947,2.20423,-1.8652,-1.40354,1.71351,0.256911,-0.753147,-0.702622,2.2002,5.32197,-7.68588,9.89783,18.6826,0.24843,-1.52598,0.394785,1.02831,-1.25455,2.44745,3.33053,-0.390127,-0.75399,0.00675583
1721797,1,-1.92672,-0.700157,0.265634,-2.06601,1.45244,1.46951,1.21611,-1.93126,-0.704336,0.272971,-2.06323,1.44976,1.46649,1.22173,-1.83401,-1.36878,1.68324,0.273417,-0.731943,-0.706902,2.21188,-1.8652,-1.40858,1.71705,0.257658,-0.75495,-0.704546,2.2002,4.76655,-8.32065,9.4654,18.5834,0.0616625,-1.16526,-0.219534,1.05893,-1.22978,2.51895,3.29668,-0.395019,-0.759992,0.0143719
1721798,1,-1.9286,-0.701541,0.267379,-2.06573,1.45168,1.46882,1.2183,-1.93313,-0.70575,0.274691,-2.06297,1.44901,1.46578,1.22393,-1.84893,-1.37436,1.6855,0.281204,-0.752349,-0.702211,2.20569,-1.8652,-1.41363,1.7206,0.258405,-0.756752,-0.706471,2.2002,5.14344,-8.49521,8.96155,18.4088,0.0442674,-1.21653,-0.504263,1.09141,-1.24311,2.59211,3.27524,-0.398995,-0.766593,0.0226858
1721799,1,-1.93051,-0.702969,0.269096,-2.06545,1.4509,1.46815,1.22052,-1.93499,-0.707168,0.276415,-2.06271,1.44825,1.46507,1.22613,-1.85137,-1.37912,1.68973,0.281197,-0.760048,-0.687625,2.19786,-1.8652,-1.41868,1.72415,0.259152,-0.758555,-0.708396,2.2002,5.67506,-8.1937,8.6045,18.3097,0.242937,-1.43534,-0.679128,1.12639,-1.2748,2.66434,3.25849,-0.402112,-0.773995,0.0306135
1721800,1,-1.93234,-0.704423,0.270847,-2.06519,1.45017,1.46743,1.22274,-1.93686,-0.708592,0.278143,-2.06245,1.44749,1.46436,1.22833,-1.84937,-1.40856,1.70386,0.273932,-0.746097,-0.699896,2.19642,-1.8652,-1.42373,1.7277,0.259899,-0.760358,-0.710321,2.2002,5.37355,-7.33279,8.17603,18.508,-0.0573561,-1.19089,-0.607717,1.15975,-1.30024,2.72852,3.23789,-0.404541,-0.78175,0.0369766
1721801,1,-1.93415,-0.705914,0.272623,-2.06493,1.44944,1.46667,1.22493,-1.93872,-0.710021,0.279874,-2.06219,1.44673,1.46365,1.23053,-1.81811,-1.43668,1.72382,0.271328,-0.742615,-0.711415,2.19912,-1.8652,-1.42878,1.73124,0.260646,-0.76216,-0.712246,2.2002,4.36189,-6.24576,7.59284,18.635,-0.35124,-0.681859,-0.614126,1.16775,-1.26537,2.75224,3.1953,-0.406698,-0.786098,0.0410362
1721802,1,-1.93596,-0.707379,0.274346,-2.06465,1.44868,1.46597,1.22712,-1.94059,-0.711455,0.281609,-2.06193,1.44596,1.46293,1.23273,-1.79684,-1.4513,1.72939,0.27057,-0.742634,-0.706662,2.18789,-1.8652,-1.43383,1.73479,0.261393,-0.763963,-0.714171,2.2002,3.27882,-5.38882,7.64441,18.7064,-0.30638,-0.798131,-0.232351,1.12526,-1.12771,2.70482,3.11509,-0.409323,-0.782966,0.0425814
1721803,1,-1.93778,-0.708837,0.276093,-2.06435,1.44785,1.46532,1.22926,-1.94245,-0.712894,0.283347,-2.06167,1.4452,1.46222,1.23493,-1.79532,-1.443,1.7299,0.279858,-0.770933,-0.688657,2.17132,-1.8652,-1.43888,1.73834,0.26214,-0.765765,-0.716095,2.2002,2.92573,-5.03177,7.74359,18.385,0.366533,-1.32639,0.219919,1.03565,-0.907919,2.59503,3.00409,-0.412876,-0.772771,0.041848
1721804,1,-1.93967,-0.710268,0.277819,-2.06407,1.44705,1.46459,1.23145,-1.94432,-0.714337,0.285089,-2.06141,1.44443,1.4615,1.23713,-1.8151,-1.42798,1.72968,0.283267,-0.791951,-0.693573,2.17292,-1.8652,-1.44393,1.74189,0.262887,-0.767568,-0.71802,2.2002,3.40577,-5.36105,7.84674,18.1867,0.825212,-1.37125,0.504648,0.930529,-0.680586,2.46387,2.89095,-0.416688,-0.760406,0.0395993
1721805,1,-1.94155,-0.711668,0.279546,-2.06378,1.44625,1.46384,1.23368,-1.94618,-0.715786,0.286835,-2.06114,1.44366,1.46078,1.23933,-1.84979,-1.42118,1.72228,0.281732,-0.783982,-0.71977,2.17871,-1.8652,-1.44898,1.74543,0.263634,-0.769371,-0.719945,2.2002,3.70729,-6.24576,8.2276,17.9883,0.983598,-0.97849,0.440561,0.848793,-0.522412,2.35783,2.80831,-0.419239,-0.751676,0.0369727
1721806,1,-1.94341,-0.713042,0.281282,-2.0635,1.44552,1.46304,1.23589,-1.94805,-0.71724,0.288584,-2.06088,1.44289,1.46006,1.24154,-1.84748,-1.40042,1.71507,0.285198,-0.76822,-0.745095,2.19676,-1.8652,-1.45402,1.74898,0.264381,-0.771173,-0.72187,2.2002,4.08418,-7.15427,8.75922,17.8891,0.558794,-0.366002,0.181467,0.815811,-0.480012,2.3095,2.77648,-0.419348,-0.749914,0.0349877
1721807,1,-1.94533,-0.714468,0.283025,-2.06324,1.44481,1.46227,1.23812,-1.94991,-0.718699,0.290336,-2.06061,1.44212,1.45934,1.24374,-1.86762,-1.39927,1.72293,0.275387,-0.748949,-0.755647,2.18835,-1.8652,-1.4589,1.75253,0.26498,-0.772991,-0.723756,2.2002,5.04426,-7.53513,8.73145,18.1867,-0.119612,-0.308324,-0.044668,0.834403,-0.568479,2.32247,2.80223,-0.416493,-0.754468,0.0341263
1721808,1,-1.94728,-0.715922,0.284776,-2.06298,1.44406,1.46161,1.24032,-1.95178,-0.720163,0.292092,-2.06035,1.44134,1.45861,1.24594,-1.9139,-1.42194,1.7261,0.273682,-0.741262,-0.724021,2.20761,-1.8652,-1.46377,1.75608,0.265579,-0.774808,-0.725643,2.2002,6.12733,-7.20584,8.93378,18.4088,-0.538008,-1.10026,0.103647,0.900736,-0.758812,2.38797,2.87562,-0.411084,-0.763816,0.0341812
1721809,1,-1.94913,-0.717428,0.286517,-2.06271,1.44331,1.46094,1.24246,-1.95364,-0.721632,0.293852,-2.06008,1.44056,1.45788,1.24814,-1.88184,-1.44002,1.72561,0.272074,-0.747454,-0.700681,2.18676,-1.8652,-1.46865,1.75964,0.266178,-0.776626,-0.727529,2.2002,6.23048,-6.37271,9.36621,18.5358,-0.66252,-1.91874,0.434153,1.00266,-0.980152,2.49378,2.96619,-0.404975,-0.776803,0.034702
1721810,1,-1.95093,-0.718944,0.288249,-2.06244,1.44257,1.46019,1.24466,-1.95551,-0.723105,0.295615,-2.05982,1.43979,1.45715,1.25034,-1.8543,-1.47023,1.72641,0.268454,-0.740817,-0.712419,2.18159,-1.8652,-1.47352,1.76319,0.266777,-0.778444,-0.729415,2.2002,5.57588,-5.26187,9.39002,18.6072,-0.752241,-1.80246,0.49824,1.10501,-1.15071,2.60825,3.03658,-0.400669,-0.790126,0.0356925
1721811,1,-1.95273,-0.720477,0.290017,-2.06216,1.44179,1.4594,1.24681,-1.95737,-0.724584,0.297382,-2.05955,1.43901,1.45642,1.25254,-1.83856,-1.48561,1.73122,0.27511,-0.74846,-0.734403,2.17399,-1.8652,-1.4784,1.76674,0.267376,-0.780261,-0.731302,2.2002,4.54042,-4.32559,9.26306,18.4327,-0.452864,-1.28061,0.647471,1.1731,-1.21215,2.69722,3.0603,-0.400097,-0.800267,0.037599
1721812,1,-1.95459,-0.722032,0.291755,-2.06185,1.44094,1.45862,1.24901,-1.95924,-0.726067,0.299152,-2.05928,1.43822,1.45569,1.25474,-1.82843,-1.50587,1.73379,0.289204,-0.782921,-0.745429,2.16816,-1.8652,-1.48327,1.77029,0.267975,-0.782079,-0.733188,2.2002,4.03657,-3.29013,9.26306,17.7146,0.440691,-0.972081,0.647471,1.19342,-1.1438,2.74593,3.025,-0.404044,-0.805938,0.040898
1721813,1,-1.95649,-0.723526,0.293535,-2.06154,1.44011,1.45787,1.25121,-1.9611,-0.727555,0.300926,-2.05901,1.43744,1.45495,1.25694,-1.84614,-1.49957,1.7377,0.295252,-0.798486,-0.748164,2.21167,-1.8652,-1.48814,1.77385,0.268574,-0.783896,-0.735075,2.2002,4.74275,-2.90927,9.01313,17.1155,1.02297,-0.798131,0.544016,1.17447,-0.968887,2.7614,2.9373,-0.411561,-0.808152,0.0458599
1721814,1,-1.9584,-0.724999,0.295341,-2.06123,1.43934,1.4571,1.25341,-1.96297,-0.729048,0.302703,-2.05874,1.43665,1.45422,1.25914,-1.85636,-1.47674,1.75362,0.303745,-0.790988,-0.751498,2.21447,-1.8652,-1.49302,1.7774,0.269173,-0.785714,-0.736961,2.2002,5.06807,-3.31393,8.58069,16.5958,0.955217,-0.533544,0.175059,1.14226,-0.76533,2.76117,2.83117,-0.419756,-0.809191,0.0524355
1721815,1,-1.96024,-0.726445,0.297102,-2.06093,1.43863,1.45636,1.25562,-1.96483,-0.730546,0.304484,-2.05847,1.43587,1.45348,1.26134,-1.84241,-1.475,1.75405,0.29974,-0.764151,-0.759669,2.20683,-1.8652,-1.49789,1.78095,0.269772,-0.787531,-0.738847,2.2002,4.43727,-4.32559,8.48151,16.3459,0.310686,-0.553685,-0.135305,1.11536,-0.608933,2.75304,2.74164,-0.425759,-0.809697,0.0602211
1721816,1,-1.96205,-0.727861,0.298919,-2.06066,1.43789,1.45565,1.25779,-1.9667,-0.732049,0.306269,-2.0582,1.43508,1.45274,1.26354,-1.83129,-1.45577,1.76986,0.292916,-0.746702,-0.741869,2.20088,-1.8652,-1.50277,1.7845,0.270371,-0.789349,-0.740734,2.2002,3.83424,-5.43643,7.94593,16.4966,-0.249617,-0.965673,-0.278127,1.09527,-0.532984,2.73353,2.68702,-0.428283,-0.808463,0.0684194
1721817,1,-1.9639,-0.729307,0.30069,-2.06039,1.43711,1.45495,1.26,-1.96856,-0.733556,0.308057,-2.05793,1.43429,1.45199,1.26574,-1.81841,-1.4353,1.76968,0.287007,-0.752897,-0.721159,2.19206,-1.8652,-1.50743,1.78798,0.270807,-0.79117,-0.742569,2.2002,3.58033,-6.32114,7.64441,16.7942,-0.447371,-1.59647,-0.297354,1.08308,-0.566789,2.70083,2.6843,-0.427124,-0.805254,0.0760512
1721818,1,-1.96574,-0.730829,0.302483,-2.06012,1.4363,1.45424,1.26221,-1.97043,-0.735068,0.309848,-2.05766,1.43349,1.45125,1.26794,-1.82418,-1.46801,1.77608,0.276322,-0.770193,-0.712697,2.19038,-1.8652,-1.51209,1.79145,0.271242,-0.792992,-0.744405,2.2002,3.53273,-5.78952,7.77137,17.1155,-0.130598,-1.85465,-0.31658,1.07954,-0.701619,2.65966,2.73263,-0.423233,-0.801433,0.0823297
1721819,1,-1.96762,-0.732402,0.304275,-2.05985,1.4355,1.45343,1.26441,-1.9723,-0.736585,0.311643,-2.05739,1.4327,1.4505,1.27014,-1.82985,-1.49987,1.77081,0.27151,-0.777302,-0.741022,2.19695,-1.8652,-1.51675,1.79493,0.271677,-0.794813,-0.746241,2.2002,3.75886,-4.75406,8.19983,17.3416,0.0222948,-1.13962,-0.400808,1.07629,-0.854468,2.61435,2.79786,-0.41864,-0.798236,0.0868177
1721820,1,-1.96952,-0.734007,0.306056,-2.05956,1.43472,1.4526,1.26661,-1.97416,-0.738106,0.313442,-2.05712,1.4319,1.44976,1.27234,-1.84414,-1.53024,1.77472,0.278263,-0.774288,-0.77095,2.18164,-1.8652,-1.52141,1.79841,0.272112,-0.796635,-0.748076,2.2002,4.28651,-3.36551,8.37836,17.2663,-0.130598,-0.269872,-0.206716,1.06378,-0.937401,2.56861,2.8395,-0.415315,-0.795955,0.0893681
1721821,1,-1.97137,-0.735584,0.307812,-2.05925,1.43393,1.45185,1.26876,-1.97603,-0.739633,0.315244,-2.05684,1.4311,1.44901,1.27454,-1.83941,-1.54149,1.7553,0.289219,-0.773184,-0.765747,2.17251,-1.8652,-1.52607,1.80188,0.272547,-0.798457,-0.749912,2.2002,4.33809,-2.20309,9.06073,16.9449,-0.164473,-0.0831043,0.129282,1.04121,-0.912791,2.53477,2.833,-0.414694,-0.794676,0.0900562
1721822,1,-1.97327,-0.737125,0.309582,-2.05895,1.43313,1.45115,1.27093,-1.97789,-0.741163,0.317049,-2.05657,1.4303,1.44825,1.27674,-1.85621,-1.53222,1.79605,0.292792,-0.782753,-0.741476,2.15945,-1.8652,-1.53073,1.80536,0.272982,-0.800278,-0.751748,2.2002,4.81813,-2.05234,9.18769,16.6434,-0.176375,-0.669042,0.628245,1.01454,-0.80525,2.5161,2.78361,-0.416692,-0.79385,0.0893233
1721823,1,-1.97514,-0.738605,0.311371,-2.05866,1.43231,1.45046,1.27315,-1.97976,-0.742699,0.318858,-2.0563,1.4295,1.4475,1.27894,-1.8661,-1.52717,1.78475,0.289548,-0.795081,-0.726068,2.16921,-1.8652,-1.53539,1.80883,0.273418,-0.8021,-0.753583,2.2002,5.17122,-2.90927,9.36621,16.5442,-0.0967238,-1.16526,0.692331,0.99498,-0.681029,2.50322,2.72368,-0.419536,-0.792937,0.0880783
1721824,1,-1.97696,-0.740058,0.313162,-2.05838,1.4315,1.44974,1.27533,-1.98162,-0.744239,0.32067,-2.05602,1.4287,1.44674,1.28114,-1.8311,-1.50714,1.77635,0.287766,-0.796707,-0.721591,2.17082,-1.8652,-1.54006,1.81231,0.273853,-0.803922,-0.755419,2.2002,4.46504,-3.92093,9.62012,16.445,0.106523,-1.37125,0.744517,0.994655,-0.602662,2.50584,2.68409,-0.422055,-0.793178,0.087415
1721825,1,-1.97878,-0.741544,0.314967,-2.0581,1.43068,1.44896,1.27754,-1.98349,-0.745783,0.322486,-2.05575,1.42789,1.44599,1.28334,-1.81031,-1.49366,1.78775,0.284831,-0.80017,-0.735486,2.17235,-1.8652,-1.54472,1.81578,0.274288,-0.805743,-0.757254,2.2002,3.58033,-4.67868,9.33844,16.4212,0.253923,-1.1204,0.608103,1.00996,-0.607004,2.52612,2.68127,-0.423874,-0.794545,0.0882306
1721826,1,-1.98068,-0.743064,0.316831,-2.05782,1.42983,1.4482,1.27973,-1.98535,-0.747333,0.324305,-2.05548,1.42708,1.44523,1.28554,-1.85564,-1.5028,1.8097,0.281729,-0.812968,-0.742843,2.18175,-1.8652,-1.54938,1.81926,0.274723,-0.807565,-0.75909,2.2002,3.73109,-4.62711,8.55689,16.445,0.435198,-0.92722,0.36915,1.03295,-0.697153,2.54448,2.71936,-0.424099,-0.795736,0.0909692
1721827,1,-1.98257,-0.744649,0.318679,-2.05752,1.42902,1.44746,1.28192,-1.98722,-0.748887,0.326128,-2.0552,1.42627,1.44447,1.28774,-1.86336,-1.52334,1.8546,0.28761,-0.808064,-0.740902,2.16429,-1.8652,-1.55378,1.82256,0.274983,-0.809376,-0.76086,2.2002,4.26271,-3.94473,8.15222,16.1237,0.462663,-0.991307,0.459788,1.05707,-0.831149,2.53355,2.7833,-0.421846,-0.795402,0.095532
1721828,1,-1.98443,-0.746261,0.320469,-2.05723,1.42821,1.44671,1.28415,-1.98908,-0.750445,0.327953,-2.05493,1.42546,1.4437,1.28994,-1.85305,-1.5476,1.83735,0.285067,-0.805326,-0.750784,2.17858,-1.8652,-1.55819,1.82586,0.275243,-0.811188,-0.762629,2.2002,4.15956,-2.63156,8.2276,16.0483,0.197161,-0.817357,0.240061,1.06581,-0.938579,2.47342,2.84071,-0.417557,-0.791687,0.101507
1721829,1,-1.98627,-0.747916,0.32233,-2.05696,1.42747,1.44592,1.2863,-1.99095,-0.752007,0.329783,-2.05465,1.42465,1.44294,1.29214,-1.8414,-1.57374,1.83956,0.280787,-0.783841,-0.758115,2.17504,-1.8652,-1.5626,1.82916,0.275503,-0.812999,-0.764399,2.2002,3.85804,-1.13986,7.71979,16.1237,-0.560896,-0.495092,0.407602,1.04851,-0.964271,2.37923,2.86345,-0.412952,-0.784577,0.108382
1721830,1,-1.98809,-0.749557,0.324145,-2.05667,1.42668,1.44517,1.28848,-1.99281,-0.753574,0.331615,-2.05437,1.42383,1.44217,1.29434,-1.82182,-1.58454,1.83731,0.284058,-0.77778,-0.756321,2.16903,-1.8652,-1.56701,1.83246,0.275763,-0.814811,-0.766169,2.2002,3.12806,-0.080597,7.56903,15.9253,-0.712874,-0.57932,0.57606,1.00206,-0.887077,2.2705,2.83981,-0.409845,-0.774512,0.115705
1721831,1,-1.98987,-0.751133,0.325969,-2.05636,1.42581,1.44447,1.29066,-1.99468,-0.755146,0.333451,-2.0541,1.42302,1.44141,1.29654,-1.79022,-1.58117,1.8309,0.292471,-0.798695,-0.737888,2.14271,-1.8652,-1.57141,1.83576,0.276023,-0.816622,-0.767939,2.2002,2.11641,0.224884,7.71979,15.4532,-0.283491,-1.05539,0.809519,0.925921,-0.722351,2.15589,2.77283,-0.409631,-0.761643,0.123359
1721832,1,-1.99171,-0.752676,0.327856,-2.05605,1.42496,1.44372,1.29286,-1.99654,-0.756722,0.33529,-2.05382,1.4222,1.44064,1.29874,-1.79285,-1.55639,1.83863,0.298114,-0.824076,-0.737559,2.15758,-1.8652,-1.57582,1.83906,0.276283,-0.818434,-0.769708,2.2002,1.91804,-0.405914,7.18817,14.9811,0.186174,-1.14603,0.52479,0.83155,-0.528896,2.04699,2.68505,-0.412281,-0.747612,0.131589
1721833,1,-1.99358,-0.754189,0.329672,-2.05572,1.42411,1.44292,1.2951,-1.99841,-0.758302,0.337132,-2.05355,1.42138,1.43986,1.30094,-1.80199,-1.5522,1.82789,0.304694,-0.827282,-0.782987,2.17892,-1.8652,-1.58023,1.84236,0.276543,-0.820245,-0.771478,2.2002,1.94184,-1.5961,7.3667,14.3582,0.553301,-0.701085,-0.0190333,0.741455,-0.377532,1.95928,2.60745,-0.416379,-0.735154,0.140599
1721834,1,-1.99541,-0.75568,0.331495,-2.05542,1.42328,1.4421,1.29729,-2.00027,-0.759886,0.338978,-2.05327,1.42056,1.43909,1.30314,-1.81197,-1.53391,1.82024,0.30473,-0.835881,-0.791538,2.18928,-1.8652,-1.58463,1.84567,0.276802,-0.822057,-0.773248,2.2002,1.86647,-2.70694,7.74359,14.0845,0.802324,-0.250646,-0.252493,0.678111,-0.312139,1.91448,2.55968,-0.420478,-0.72694,0.150009
1721835,1,-1.99731,-0.757259,0.333303,-2.05514,1.42247,1.44129,1.2995,-2.00214,-0.761476,0.340827,-2.05299,1.41973,1.43832,1.30534,-1.8252,-1.53206,1.82233,0.29701,-0.828134,-0.796059,2.18752,-1.8652,-1.58904,1.84897,0.277062,-0.823868,-0.775017,2.2002,2.62422,-2.78232,8.10065,14.1599,0.446184,-0.0574695,-0.336721,0.655768,-0.354889,1.9254,2.55385,-0.422963,-0.724151,0.158844
1721836,1,-1.99921,-0.758897,0.33516,-2.05487,1.4217,1.44055,1.30169,-2.004,-0.763069,0.342679,-2.05271,1.41891,1.43754,1.30754,-1.85196,-1.57076,1.82885,0.286993,-0.801525,-0.777872,2.17556,-1.8652,-1.59345,1.85227,0.277322,-0.82568,-0.776787,2.2002,3.65571,-1.69528,8.04908,14.5566,-0.0912306,-0.482274,-0.0968531,0.672694,-0.476625,1.98337,2.58291,-0.422838,-0.725691,0.16608
1721837,1,-2.0011,-0.760582,0.336993,-2.0546,1.42094,1.43982,1.30385,-2.00587,-0.764667,0.344534,-2.05244,1.41808,1.43676,1.30974,-1.85237,-1.59455,1.82195,0.282851,-0.784583,-0.753999,2.16851,-1.8652,-1.59756,1.85529,0.277401,-0.827464,-0.778473,2.2002,4.08418,-0.282928,8.45374,14.8819,-0.639632,-1.07462,0.187876,0.713679,-0.596298,2.07306,2.61506,-0.421057,-0.729804,0.171142
1721838,1,-2.00296,-0.762271,0.338836,-2.05431,1.42013,1.43906,1.30603,-2.00773,-0.766268,0.346393,-2.05216,1.41725,1.43598,1.31194,-1.84611,-1.62288,1.83157,0.282505,-0.788212,-0.757255,2.15907,-1.8652,-1.60167,1.85831,0.27748,-0.829248,-0.78016,2.2002,3.90962,0.982635,8.37836,14.9811,-0.894148,-1.30716,0.550425,0.758266,-0.645354,2.17724,2.62008,-0.419666,-0.734849,0.174188
1721839,1,-2.00476,-0.763876,0.340719,-2.05402,1.41932,1.43825,1.30819,-2.0096,-0.767874,0.348254,-2.05188,1.41642,1.4352,1.31414,-1.82636,-1.61433,1.83524,0.283339,-0.784431,-0.772469,2.16198,-1.8652,-1.60578,1.86133,0.277559,-0.831032,-0.781846,2.2002,3.20344,1.16116,7.84674,14.9057,-0.842879,-1.04258,0.72529,0.787282,-0.605585,2.27143,2.58943,-0.420317,-0.738746,0.176055
1721840,1,-2.00659,-0.765456,0.342566,-2.05369,1.41843,1.43746,1.3104,-2.01146,-0.769484,0.350118,-2.0516,1.41559,1.43442,1.31634,-1.81655,-1.59298,1.87105,0.295361,-0.821202,-0.775051,2.16955,-1.8652,-1.60989,1.86436,0.277638,-0.832816,-0.783532,2.2002,2.57264,0.629547,7.66822,14.3344,0.0671556,-0.940038,0.653879,0.791932,-0.519793,2.32773,2.54148,-0.423179,-0.739496,0.177894
1721841,1,-2.00844,-0.767047,0.344431,-2.05336,1.41751,1.43668,1.31261,-2.01333,-0.771098,0.351986,-2.05133,1.41475,1.43363,1.31854,-1.86435,-1.60617,1.86027,0.305185,-0.847297,-0.774175,2.17289,-1.8652,-1.614,1.86738,0.277717,-0.8346,-0.785218,2.2002,2.59645,0.173309,7.62061,13.6362,0.937822,-0.823766,0.550425,0.782862,-0.43942,2.34122,2.49641,-0.427205,-0.737866,0.180596
1721842,1,-2.01033,-0.768622,0.346315,-2.05305,1.41668,1.43585,1.31482,-2.01519,-0.772716,0.353856,-2.05105,1.41392,1.43284,1.32074,-1.85979,-1.59963,1.85934,0.307128,-0.842118,-0.790761,2.18878,-1.8652,-1.61811,1.8704,0.277796,-0.836385,-0.786904,2.2002,2.92573,-0.128204,7.44208,13.291,1.15846,-0.359594,0.233652,0.783211,-0.384151,2.34503,2.45892,-0.431138,-0.737591,0.184435
1721843,1,-2.01218,-0.770242,0.34816,-2.05274,1.41588,1.43503,1.31702,-2.01706,-0.774338,0.35573,-2.05077,1.41308,1.43206,1.32294,-1.84848,-1.60601,1.86285,0.306295,-0.823492,-0.800787,2.18273,-1.8652,-1.62222,1.87342,0.277875,-0.838169,-0.78859,2.2002,2.46949,-0.052826,7.51746,13.0411,0.700701,-0.0318348,0.24647,0.797398,-0.356399,2.35826,2.4281,-0.433701,-0.739318,0.189204
1721844,1,-2.01401,-0.771887,0.350062,-2.05245,1.4151,1.43428,1.3192,-2.01893,-0.775965,0.357606,-2.05049,1.41224,1.43126,1.32514,-1.8454,-1.62759,1.86791,0.300023,-0.803436,-0.779658,2.20473,-1.8652,-1.62633,1.87644,0.277953,-0.839953,-0.790277,2.2002,2.14418,0.601776,7.03742,13.1641,-0.10771,-0.359594,0.459788,0.810301,-0.333844,2.3705,2.3955,-0.434165,-0.740333,0.194416
1721845,1,-2.01585,-0.773569,0.351977,-2.05216,1.41432,1.43356,1.32136,-2.02079,-0.777595,0.359486,-2.05021,1.4114,1.43047,1.32734,-1.83016,-1.63944,1.879,0.296251,-0.794649,-0.756123,2.19327,-1.8652,-1.63044,1.87946,0.278032,-0.841737,-0.791963,2.2002,1.89027,1.43887,6.5296,13.291,-0.588362,-1.01694,0.550425,0.807367,-0.281453,2.36839,2.34887,-0.43292,-0.738555,0.199681
1721846,1,-2.0177,-0.775264,0.353839,-2.05188,1.41346,1.43282,1.32354,-2.02266,-0.77923,0.361368,-2.04994,1.41055,1.42968,1.32954,-1.81755,-1.66063,1.8807,0.285536,-0.805951,-0.768316,2.18002,-1.8652,-1.63456,1.88249,0.278111,-0.843521,-0.793649,2.2002,1.61256,2.70047,6.35108,13.4894,-0.548994,-1.36484,0.673105,0.777739,-0.177639,2.33983,2.28312,-0.431114,-0.732903,0.205042
1721847,1,-2.01952,-0.776936,0.355706,-2.05158,1.4126,1.43197,1.32571,-2.02452,-0.780868,0.363253,-2.04966,1.40971,1.42888,1.33174,-1.81786,-1.65543,1.86332,0.296721,-0.826974,-0.792556,2.17709,-1.8652,-1.63833,1.88513,0.27801,-0.845258,-0.795232,2.2002,1.33485,3.1329,6.80731,13.3902,-0.328352,-0.810948,0.72529,0.723881,-0.0265796,2.29371,2.20113,-0.430188,-0.724763,0.210787
1721848,1,-2.02139,-0.778581,0.357566,-2.05127,1.41173,1.43109,1.32791,-2.02639,-0.78251,0.365141,-2.04938,1.40886,1.42809,1.33394,-1.82615,-1.64183,1.86072,0.298935,-0.837417,-0.818676,2.1738,-1.8652,-1.6421,1.88777,0.277908,-0.846995,-0.796815,2.2002,1.56495,2.93057,7.1128,13.2157,-0.0683424,0.0523938,0.647471,0.666674,0.128189,2.2606,2.11753,-0.430941,-0.717758,0.217212
1721849,1,-2.02328,-0.780169,0.35943,-2.05094,1.41088,1.43028,1.3301,-2.02825,-0.784156,0.367031,-2.0491,1.40801,1.42729,1.33614,-1.85637,-1.62136,1.85485,0.30733,-0.837849,-0.82055,2.16853,-1.8652,-1.64587,1.89041,0.277807,-0.848732,-0.798398,2.2002,1.91804,2.16885,7.66822,12.7158,0.0387743,0.239161,0.712473,0.635039,0.220603,2.26772,2.05793,-0.432785,-0.714851,0.224453
1721850,1,-2.02516,-0.781767,0.361323,-2.05062,1.41003,1.42953,1.33227,-2.03012,-0.785805,0.368924,-2.04882,1.40716,1.42649,1.33834,-1.86594,-1.60284,1.85957,0.312857,-0.840696,-0.793191,2.17724,-1.8652,-1.64965,1.89305,0.277705,-0.850469,-0.799981,2.2002,2.54884,1.26035,7.77137,12.2437,0.0442674,-0.301915,0.588877,0.652024,0.199008,2.32942,2.0431,-0.434482,-0.717408,0.232438
1721851,1,-2.02707,-0.783432,0.363204,-2.05031,1.40922,1.42878,1.33446,-2.03198,-0.787459,0.37082,-2.04855,1.40631,1.42569,1.34054,-1.87798,-1.62873,1.86387,0.309016,-0.828316,-0.784066,2.17851,-1.8652,-1.65342,1.89569,0.277604,-0.852206,-0.801564,2.2002,3.12806,1.31192,7.69599,12.0453,-0.283491,-0.919896,0.511057,0.716078,0.0741345,2.4374,2.06806,-0.435422,-0.724493,0.240986
1721852,1,-2.02889,-0.785117,0.365114,-2.05001,1.40838,1.42801,1.33662,-2.03385,-0.789116,0.372718,-2.04827,1.40546,1.42488,1.34274,-1.86926,-1.65047,1.87417,0.306205,-0.830436,-0.781903,2.17585,-1.8652,-1.65719,1.89833,0.277502,-0.853943,-0.803147,2.2002,2.85035,2.06967,7.39051,12.0215,-0.390608,-1.21012,0.537607,0.79955,-0.0754507,2.56071,2.1017,-0.436097,-0.733055,0.249852
1721853,1,-2.03068,-0.786852,0.366994,-2.04973,1.40753,1.42721,1.3388,-2.03571,-0.790777,0.374619,-2.04799,1.4046,1.42408,1.34494,-1.82709,-1.66424,1.87748,0.301165,-0.832048,-0.786147,2.17169,-1.8652,-1.66097,1.90097,0.277401,-0.855681,-0.80473,2.2002,1.68794,3.28366,7.1128,12.1445,-0.374129,-1.18448,0.57606,0.865665,-0.172744,2.66234,2.1134,-0.437563,-0.739428,0.258836
1721854,1,-2.03249,-0.788554,0.368929,-2.04943,1.40663,1.42641,1.34102,-2.03758,-0.792442,0.376523,-2.04772,1.40374,1.42327,1.34714,-1.82145,-1.68354,1.88226,0.294365,-0.8574,-0.789937,2.17274,-1.8652,-1.66474,1.90361,0.277299,-0.857418,-0.806313,2.2002,1.16029,4.21597,6.47803,12.2437,0.231035,-1.05539,0.434153,0.888358,-0.181896,2.71829,2.09031,-0.440462,-0.741253,0.267862
1721855,1,-2.03438,-0.790235,0.370863,-2.04912,1.40573,1.42558,1.3432,-2.03944,-0.79411,0.378429,-2.04744,1.40288,1.42247,1.34934,-1.8382,-1.66895,1.89501,0.30156,-0.874629,-0.80461,2.17217,-1.8652,-1.66851,1.90625,0.277198,-0.859155,-0.807895,2.2002,1.38642,4.3707,6.20032,11.8708,0.791338,-0.791722,0.316965,0.871914,-0.119432,2.72849,2.04232,-0.444061,-0.739282,0.276848
1721856,1,-2.03625,-0.791887,0.372739,-2.04879,1.40483,1.42474,1.34541,-2.04131,-0.795783,0.380338,-2.04716,1.40202,1.42166,1.35155,-1.84291,-1.6586,1.89414,0.3063,-0.876126,-0.813757,2.17322,-1.8652,-1.67228,1.90889,0.277096,-0.860892,-0.809478,2.2002,1.31105,3.91446,6.32727,11.4978,1.09621,-0.560094,0.272104,0.842518,-0.0459115,2.71064,1.99432,-0.446598,-0.736172,0.285573
1721857,1,-2.03809,-0.793506,0.374677,-2.04849,1.40402,1.42389,1.3476,-2.04317,-0.797458,0.382249,-2.04688,1.40116,1.42084,1.35375,-1.84029,-1.64681,1.89635,0.305102,-0.854186,-0.830932,2.18933,-1.8652,-1.67568,1.91106,0.276822,-0.86256,-0.810937,2.2002,1.18409,3.25589,5.97418,11.4502,0.502947,-0.186559,0.0459692,0.82049,-0.013487,2.6857,1.9652,-0.446624,-0.73374,0.293714
1721858,1,-2.03994,-0.795178,0.376595,-2.0482,1.40322,1.42308,1.34982,-2.04504,-0.799137,0.384162,-2.04661,1.4003,1.42003,1.35595,-1.83571,-1.64918,1.94218,0.304768,-0.83174,-0.822103,2.1968,-1.8652,-1.67907,1.91323,0.276548,-0.864229,-0.812395,2.2002,0.88258,3.08133,5.54175,11.5256,-0.198347,-0.301915,-0.0254419,0.803484,-0.0317128,2.64347,1.95922,-0.443343,-0.730261,0.300939
1721859,1,-2.04174,-0.796883,0.378535,-2.04792,1.40239,1.42231,1.35206,-2.0469,-0.80082,0.386078,-2.04633,1.39943,1.41922,1.35815,-1.87806,-1.68278,1.94363,0.298462,-0.824521,-0.80798,2.19621,-1.8652,-1.68247,1.9154,0.276274,-0.865897,-0.813853,2.2002,0.275585,3.28366,5.26404,11.7002,-0.504133,-0.810948,-0.0904444,0.781132,-0.0658693,2.55852,1.96526,-0.437036,-0.72331,0.306856
1721860,1,-2.04358,-0.798599,0.380483,-2.04762,1.40153,1.42152,1.35427,-2.04877,-0.802506,0.387995,-2.04606,1.39856,1.4184,1.36035,-1.85997,-1.69865,1.92723,0.295388,-0.835408,-0.799501,2.22015,-1.8652,-1.68586,1.91756,0.276,-0.867566,-0.815312,2.2002,0.0256461,4.01761,5.08551,11.724,-0.447371,-1.20371,0.175059,0.754593,-0.0693459,2.44834,1.96399,-0.42965,-0.71476,0.311036
1721861,1,-2.04545,-0.800352,0.382401,-2.04732,1.40063,1.42064,1.35645,-2.05063,-0.804195,0.389915,-2.04578,1.39769,1.41759,1.36255,-1.85114,-1.70181,1.92498,0.295414,-0.852119,-0.818314,2.21054,-1.8652,-1.68926,1.91973,0.275725,-0.869234,-0.81677,2.2002,0.124828,5.05307,4.98633,11.6486,-0.130598,-0.810948,0.440561,0.723381,-0.0250791,2.34519,1.94427,-0.423479,-0.707342,0.313406
1721862,1,-2.0473,-0.802083,0.384273,-2.04702,1.39974,1.41974,1.35859,-2.0525,-0.805888,0.391837,-2.0455,1.39682,1.41677,1.36475,-1.86633,-1.71753,1.90494,0.29254,-0.862059,-0.852388,2.24021,-1.8652,-1.69265,1.9219,0.275451,-0.870903,-0.818229,2.2002,-0.101307,5.98538,5.72028,11.5494,0.168779,-0.10233,0.847971,0.688162,0.0566568,2.26715,1.90799,-0.419564,-0.702372,0.314439
1721863,1,-2.04914,-0.803819,0.386182,-2.04673,1.39884,1.41884,1.36076,-2.05436,-0.807584,0.393761,-2.04523,1.39595,1.41595,1.36695,-1.86202,-1.70792,1.89601,0.293563,-0.874391,-0.864326,2.20413,-1.8652,-1.69605,1.92407,0.275177,-0.872571,-0.819687,2.2002,-0.00212494,6.56857,6.20032,11.3272,0.485552,0.477198,1.30116,0.660428,0.151722,2.23348,1.86496,-0.417693,-0.701045,0.314999
1721864,1,-2.05107,-0.805511,0.388089,-2.04645,1.39799,1.41799,1.36296,-2.05623,-0.809283,0.395687,-2.04495,1.39507,1.41513,1.36915,-1.87938,-1.73919,1.90544,0.287655,-0.863626,-0.881396,2.1877,-1.8652,-1.69944,1.92624,0.274903,-0.87424,-0.821145,2.2002,1.03334,6.69553,6.20032,11.474,0.214556,0.502833,1.43025,0.643818,0.249527,2.24342,1.8211,-0.416901,-0.702159,0.316282
1721865,1,-2.05295,-0.807202,0.390004,-2.04616,1.39715,1.41721,1.36512,-2.05809,-0.810986,0.397616,-2.04468,1.3942,1.4143,1.37135,-1.87462,-1.72316,1.89828,0.289996,-0.867042,-0.847023,2.17536,-1.8652,-1.70284,1.92841,0.274628,-0.875908,-0.822604,2.2002,1.58876,6.36624,6.30347,11.4502,0.0387743,-0.276281,1.56025,0.63535,0.353463,2.28122,1.77694,-0.416158,-0.703399,0.319491
1721866,1,-2.05482,-0.808892,0.391917,-2.04589,1.39632,1.41643,1.36733,-2.05996,-0.812692,0.399546,-2.0444,1.39332,1.41348,1.37355,-1.86262,-1.70484,1.89331,0.285985,-0.847097,-0.816603,2.17628,-1.8652,-1.70623,1.93058,0.274354,-0.877577,-0.824062,2.2002,1.56495,5.91,6.14875,11.474,-0.526106,-0.984899,1.35884,0.642585,0.428106,2.34813,1.74615,-0.414852,-0.70503,0.325432
1721867,1,-2.05666,-0.810592,0.393912,-2.0456,1.39549,1.41559,1.36958,-2.06182,-0.814401,0.401479,-2.04413,1.39244,1.41266,1.37575,-1.87124,-1.70209,1.92495,0.280794,-0.83854,-0.819073,2.18774,-1.8652,-1.70921,1.93222,0.273922,-0.879154,-0.825373,2.2002,1.00953,5.96158,5.16089,11.4502,-1.05253,-1.06821,0.750925,0.670454,0.432962,2.4335,1.74708,-0.412701,-0.707386,0.334424
1721868,1,-2.05845,-0.812349,0.395869,-2.04529,1.39463,1.41476,1.3718,-2.06369,-0.816114,0.403412,-2.04386,1.39156,1.41183,1.37795,-1.84297,-1.71166,1.92926,0.29379,-0.843222,-0.813842,2.1957,-1.8652,-1.71219,1.93385,0.27349,-0.880731,-0.826685,2.2002,0.200207,6.54477,4.93476,10.8512,-0.950911,-1.04899,0.135691,0.701855,0.390305,2.49934,1.77144,-0.410625,-0.708541,0.346113
1721869,1,-2.06033,-0.814111,0.397788,-2.04496,1.39367,1.41393,1.37401,-2.06556,-0.817829,0.405348,-2.04358,1.39068,1.411,1.38015,-1.83691,-1.73321,1.92418,0.304744,-0.882027,-0.818482,2.19256,-1.8652,-1.71516,1.93549,0.273058,-0.882308,-0.827996,2.2002,0.124828,7.47708,4.93476,10.1331,-0.0802443,-0.946447,-0.10967,0.709771,0.367455,2.52608,1.78269,-0.411074,-0.707406,0.359266
1721870,1,-2.0622,-0.815854,0.399727,-2.04463,1.39272,1.41304,1.37617,-2.06742,-0.819547,0.407285,-2.04331,1.3898,1.41017,1.38235,-1.85522,-1.73123,1.92323,0.312682,-0.901808,-0.842566,2.19063,-1.8652,-1.71814,1.93712,0.272626,-0.883886,-0.829308,2.2002,0.426342,7.73099,4.91095,9.41105,0.592668,-0.250646,-0.0126246,0.688998,0.402168,2.52659,1.75771,-0.415179,-0.705491,0.372182
1721871,1,-2.06403,-0.817588,0.401659,-2.04431,1.39183,1.41215,1.37836,-2.06929,-0.821268,0.409224,-2.04304,1.38891,1.40934,1.38455,-1.83415,-1.71199,1.91905,0.314809,-0.910248,-0.859156,2.19031,-1.8652,-1.72112,1.93876,0.272194,-0.885463,-0.830619,2.2002,-0.101307,7.73099,4.68085,8.93894,0.762956,0.367335,0.240061,0.656703,0.463001,2.52113,1.71015,-0.421321,-0.704413,0.383502
1721872,1,-2.06581,-0.819284,0.403618,-2.04402,1.39095,1.41131,1.38054,-2.07115,-0.822992,0.411164,-2.04277,1.38802,1.40851,1.38675,-1.8132,-1.70712,1.92841,0.307244,-0.895122,-0.853106,2.18567,-1.8652,-1.7241,1.9404,0.271762,-0.88704,-0.831931,2.2002,-1.109,7.58023,4.35157,8.96274,0.519426,0.496425,0.518381,0.621429,0.504136,2.5143,1.66315,-0.42709,-0.703029,0.392675
1721873,1,-2.06766,-0.821016,0.405596,-2.04374,1.39008,1.41051,1.38274,-2.07302,-0.824719,0.413106,-2.0425,1.38713,1.40768,1.38895,-1.81331,-1.69974,1.9316,0.294958,-0.885332,-0.838861,2.18595,-1.8652,-1.72708,1.94203,0.27133,-0.888618,-0.833242,2.2002,-1.43828,7.63181,3.72077,9.21268,0.214556,0.0780285,0.466196,0.583608,0.504226,2.49926,1.63292,-0.430564,-0.699144,0.399868
1721874,1,-2.06954,-0.822785,0.407549,-2.04348,1.3892,1.40973,1.38494,-2.07488,-0.826449,0.41505,-2.04223,1.38624,1.40684,1.39115,-1.82884,-1.71262,1.94555,0.287223,-0.876001,-0.811181,2.18349,-1.8652,-1.73006,1.94367,0.270898,-0.890195,-0.834554,2.2002,-1.26372,8.08408,3.39148,9.58561,-0.0399611,-0.592137,0.466196,0.550092,0.460491,2.47362,1.62861,-0.430668,-0.692562,0.405544
1721875,1,-2.07138,-0.824532,0.409503,-2.0432,1.38827,1.40892,1.38715,-2.07675,-0.828182,0.416995,-2.04196,1.38535,1.40601,1.39335,-1.8193,-1.7249,1.937,0.284427,-0.886998,-0.80744,2.19147,-1.8652,-1.73303,1.9453,0.270466,-0.891772,-0.835865,2.2002,-1.23595,8.51651,3.56604,9.73636,0.0222948,-0.740453,0.284922,0.52245,0.398237,2.43925,1.64215,-0.427845,-0.684568,0.410093
1721876,1,-2.07324,-0.826297,0.411407,-2.04291,1.3874,1.40802,1.38938,-2.07861,-0.829918,0.418942,-2.04169,1.38446,1.40517,1.39555,-1.81639,-1.72692,1.9593,0.285601,-0.878621,-0.834571,2.20185,-1.8652,-1.73601,1.94694,0.270034,-0.893349,-0.837177,2.2002,-1.08519,8.81802,4.02228,9.76017,-0.20384,-0.147191,0.135691,0.490471,0.351494,2.39147,1.65682,-0.423511,-0.675577,0.413769
1721877,1,-2.07512,-0.82806,0.413342,-2.04261,1.3865,1.40714,1.3916,-2.08048,-0.831657,0.42089,-2.04142,1.38356,1.40433,1.39775,-1.82659,-1.74232,1.94211,0.288227,-0.876036,-0.852937,2.19272,-1.8652,-1.73854,1.94802,0.269466,-0.894812,-0.838319,2.2002,-0.910633,9.37344,4.30396,9.53403,-0.294478,0.393885,0.187876,0.447555,0.338111,2.32738,1.66157,-0.419027,-0.665443,0.416608
1721878,1,-2.07697,-0.829819,0.415274,-2.04231,1.38561,1.40632,1.39372,-2.08234,-0.833398,0.422839,-2.04115,1.38267,1.40349,1.39995,-1.83193,-1.7494,1.93248,0.290464,-0.880957,-0.842018,2.17399,-1.8652,-1.74107,1.94911,0.268898,-0.896275,-0.83946,2.2002,-0.708302,9.5004,4.83557,9.31186,-0.260603,0.186976,0.847971,0.400876,0.363005,2.27003,1.64934,-0.415691,-0.655774,0.418458
1721879,1,-2.07886,-0.831581,0.417209,-2.04202,1.38469,1.40552,1.39587,-2.08421,-0.835141,0.424789,-2.04088,1.38177,1.40265,1.40215,-1.84307,-1.747,1.93766,0.292229,-0.89225,-0.821038,2.15334,-1.8652,-1.7436,1.95019,0.268331,-0.897738,-0.840602,2.2002,-0.204456,9.47659,4.75623,9.18888,-0.0179884,-0.269872,1.44306,0.363044,0.412908,2.24238,1.62263,-0.413944,-0.648352,0.419529
1721880,1,-2.08073,-0.833286,0.419184,-2.04174,1.38381,1.40471,1.39803,-2.08607,-0.836888,0.426741,-2.04061,1.38087,1.40181,1.40435,-1.86516,-1.73602,1.94506,0.283326,-0.878527,-0.81518,2.15008,-1.8652,-1.74613,1.95127,0.267763,-0.899201,-0.841744,2.2002,-0.279835,8.99655,4.42694,9.23648,-0.192854,-0.386144,1.89625,0.348893,0.449551,2.24495,1.60121,-0.412729,-0.643836,0.420835
1721881,1,-2.08249,-0.835029,0.421167,-2.04146,1.38294,1.40384,1.40019,-2.08794,-0.838636,0.428693,-2.04034,1.37997,1.40096,1.40655,-1.82531,-1.71958,1.95095,0.281729,-0.874317,-0.829572,2.15632,-1.8652,-1.74865,1.95236,0.267195,-0.900664,-0.842886,2.2002,-1.46209,8.79422,3.89533,9.08969,-0.237715,-0.0766956,1.8578,0.362715,0.434762,2.26545,1.60619,-0.410991,-0.641411,0.423935
1721882,1,-2.08432,-0.836796,0.423131,-2.04118,1.38205,1.40298,1.40242,-2.0898,-0.840387,0.430646,-2.04008,1.37907,1.40012,1.40875,-1.8124,-1.76774,1.95063,0.281249,-0.878986,-0.853374,2.17485,-1.8652,-1.75118,1.95344,0.266627,-0.902127,-0.844028,2.2002,-2.09288,9.34964,3.33991,8.99051,-0.277998,0.194301,1.32038,0.375249,0.403008,2.2788,1.62146,-0.409603,-0.63773,0.430225
1721883,1,-2.08619,-0.838615,0.425135,-2.04088,1.38115,1.40214,1.40461,-2.09167,-0.842141,0.432601,-2.03981,1.37816,1.39928,1.41095,-1.82991,-1.77461,1.96463,0.285256,-0.905013,-0.847945,2.18064,-1.8652,-1.75371,1.95452,0.26606,-0.90359,-0.84517,2.2002,-1.61681,10.3613,2.62976,8.61759,-0.000593394,0.110072,0.912974,0.355379,0.433392,2.263,1.61006,-0.409875,-0.630144,0.440138
1721884,1,-2.08805,-0.84045,0.427077,-2.04057,1.38022,1.40132,1.40682,-2.09353,-0.843897,0.434557,-2.03955,1.37726,1.39843,1.41315,-1.8231,-1.78331,1.96435,0.294597,-0.912728,-0.838964,2.18012,-1.8652,-1.75624,1.9556,0.265492,-0.905053,-0.846312,2.2002,-1.71599,11.4483,2.47901,8.0701,0.34456,-0.115148,0.550425,0.303545,0.54524,2.21568,1.56147,-0.41168,-0.619138,0.452954
1721885,1,-2.08987,-0.84222,0.429075,-2.04028,1.37934,1.40046,1.40902,-2.0954,-0.845656,0.436513,-2.03928,1.37635,1.39758,1.41535,-1.83844,-1.78272,1.96967,0.290667,-0.899657,-0.844339,2.16874,-1.8652,-1.75877,1.95669,0.264924,-0.906516,-0.847454,2.2002,-2.52532,11.7737,1.89582,7.82016,0.112016,0.0780285,0.453379,0.234429,0.709212,2.14854,1.48612,-0.414212,-0.606503,0.467313
1721886,1,-2.09164,-0.843938,0.431094,-2.04,1.37848,1.39959,1.41121,-2.09726,-0.847417,0.438471,-2.03902,1.37544,1.39673,1.41755,-1.81777,-1.75,1.98441,0.284583,-0.890052,-0.856344,2.1824,-1.8652,-1.76129,1.95777,0.264356,-0.907979,-0.848596,2.2002,-3.55681,11.0159,1.23725,7.72098,-0.198347,0.284022,0.155832,0.164802,0.868923,2.06916,1.4117,-0.41608,-0.593105,0.481843
1721887,1,-2.09344,-0.845673,0.433042,-2.03972,1.37757,1.39877,1.41337,-2.09913,-0.849181,0.440429,-2.03875,1.37454,1.39588,1.41975,-1.78885,-1.73674,1.9705,0.283264,-0.890106,-0.842173,2.16509,-1.8652,-1.76334,1.95834,0.263682,-0.909305,-0.849546,2.2002,-4.36614,10.3613,1.3404,7.6218,-0.0454542,-0.0382434,0.388376,0.103619,0.962727,1.98297,1.36732,-0.416447,-0.578846,0.495429
1721888,1,-2.09529,-0.847396,0.435026,-2.03942,1.37661,1.39795,1.41552,-2.10099,-0.850946,0.442388,-2.03849,1.37363,1.39503,1.42195,-1.81256,-1.73435,1.96414,0.287458,-0.909374,-0.824127,2.16759,-1.8652,-1.76539,1.95891,0.263007,-0.910631,-0.850496,2.2002,-3.93767,9.92886,1.39197,7.32425,0.355547,-0.32755,0.588877,0.0554758,0.971283,1.91155,1.35707,-0.415784,-0.565537,0.507249
1721889,0.99,-2.09718,-0.849171,0.436983,-2.03912,1.37571,1.39707,1.41772,-2.10286,-0.852714,0.444348,-2.03823,1.37271,1.39418,1.42415,-1.83079,-1.73357,2.00282,0.289821,-0.908541,-0.843096,2.17454,-1.8652,-1.76744,1.95948,0.262332,-0.911956,-0.851446,2.2002,-3.2553,9.98044,1.3404,7.05051,0.270403,0.0331677,0.692331,0.0268234,0.908294,1.8574,1.37409,-0.413849,-0.55482,0.51709
1721890,0.99,-2.099,-0.850978,0.438931,-2.03881,1.37483,1.39615,1.41993,-2.10472,-0.854483,0.446308,-2.03797,1.3718,1.39333,1.42635,-1.82166,-1.7592,1.97934,0.291972,-0.895569,-0.871616,2.17949,-1.8652,-1.76949,1.96005,0.261658,-0.913282,-0.852396,2.2002,-3.20372,10.8413,1.92359,6.72519,0.0222948,0.780238,0.706064,0.00776418,0.81813,1.79811,1.40053,-0.410535,-0.545286,0.525323
1721891,0.99,-2.10086,-0.852821,0.440908,-2.03854,1.37397,1.39524,1.42211,-2.10659,-0.856255,0.448268,-2.0377,1.37089,1.39248,1.42855,-1.8175,-1.77357,1.96912,0.285326,-0.880314,-0.879894,2.17545,-1.8652,-1.77154,1.96061,0.260983,-0.914608,-0.853347,2.2002,-2.90221,11.9522,1.97119,6.77677,-0.464766,1.23709,0.666697,-0.0198767,0.759148,1.7395,1.40788,-0.407398,-0.535831,0.532394
1721892,0.99,-2.10277,-0.854704,0.442871,-2.03828,1.37306,1.39442,1.42431,-2.10845,-0.858028,0.45023,-2.03744,1.36997,1.39162,1.43075,-1.83765,-1.80359,1.96295,0.27564,-0.878079,-0.851205,2.16777,-1.8652,-1.77359,1.96118,0.260308,-0.915934,-0.854297,2.2002,-2.29522,13.4677,1.76886,7.05051,-0.61125,0.657557,0.738108,-0.0593868,0.763178,1.70102,1.38298,-0.405671,-0.526581,0.538565
1721893,0.99,-2.10461,-0.856522,0.444838,-2.03801,1.37212,1.39368,1.42645,-2.11032,-0.859804,0.452191,-2.03718,1.36905,1.39077,1.43295,-1.83887,-1.80094,1.95642,0.270501,-0.899514,-0.814336,2.15688,-1.8652,-1.77564,1.96175,0.259634,-0.917259,-0.855247,2.2002,-2.19603,14.3524,1.87201,7.27268,-0.396101,-0.450231,1.0677,-0.0993135,0.82587,1.69177,1.33355,-0.405352,-0.518341,0.54399
1721894,0.99,-2.10644,-0.858316,0.446825,-2.03774,1.37121,1.39285,1.42863,-2.11219,-0.861582,0.454154,-2.03693,1.36813,1.38991,1.43515,-1.82673,-1.7901,1.96037,0.2706,-0.906068,-0.812026,2.14948,-1.8652,-1.77768,1.96232,0.258959,-0.918585,-0.856197,2.2002,-2.67608,14.4278,1.64191,7.34806,-0.283491,-0.772496,1.40461,-0.128452,0.911482,1.71244,1.27804,-0.406047,-0.512166,0.54904
1721895,0.99,-2.10825,-0.86007,0.448805,-2.03746,1.37028,1.39196,1.43084,-2.11405,-0.863361,0.456117,-2.03667,1.36721,1.38905,1.43735,-1.80947,-1.78741,1.9694,0.272623,-0.904068,-0.851618,2.15894,-1.8652,-1.77973,1.96289,0.258285,-0.919911,-0.857147,2.2002,-3.55681,13.67,1.18964,7.1735,-0.15898,-0.269872,1.3332,-0.151611,0.991917,1.74418,1.22845,-0.40761,-0.50727,0.554532
1721896,0.99,-2.11005,-0.861796,0.450782,-2.03715,1.36934,1.39107,1.43299,-2.11592,-0.865143,0.45808,-2.03641,1.36629,1.3882,1.43955,-1.8016,-1.76724,1.96206,0.289027,-0.918236,-0.866148,2.14719,-1.8652,-1.78178,1.96346,0.25761,-0.921237,-0.858097,2.2002,-4.16381,12.9638,1.03491,6.5784,0.208147,0.122889,1.52088,-0.179386,1.05786,1.76982,1.18435,-0.410303,-0.502454,0.56135
1721897,0.99,-2.11194,-0.863608,0.452751,-2.03683,1.36836,1.39019,1.4352,-2.11778,-0.866926,0.460044,-2.03615,1.36537,1.38734,1.44175,-1.81549,-1.77007,1.96508,0.301036,-0.942118,-0.86817,2.1525,-1.8652,-1.78333,1.96363,0.256863,-0.922403,-0.858834,2.2002,-3.75914,13.1662,0.681826,5.88016,0.711687,0.335292,1.30116,-0.209673,1.09898,1.79368,1.14217,-0.413996,-0.498436,0.570005
1721898,0.99,-2.11385,-0.865447,0.454777,-2.03653,1.36744,1.38932,1.43743,-2.11965,-0.868711,0.462008,-2.0359,1.36445,1.38648,1.44395,-1.85811,-1.79064,1.97798,0.298221,-0.931197,-0.867506,2.16894,-1.8652,-1.78487,1.96381,0.256116,-0.92357,-0.859572,2.2002,-3.10454,14.1024,-0.0798923,5.50724,0.610063,0.606288,0.957834,-0.232459,1.12338,1.81714,1.09812,-0.417375,-0.496115,0.580561
1721899,0.99,-2.11564,-0.867304,0.456809,-2.03626,1.36657,1.38842,1.43963,-2.12151,-0.870498,0.463971,-2.03564,1.36352,1.38562,1.44615,-1.8293,-1.79578,1.99008,0.290664,-0.911058,-0.878665,2.18092,-1.8652,-1.78642,1.96398,0.25537,-0.924736,-0.860309,2.2002,-3.8861,14.9594,-0.710691,5.50724,0.146807,0.876368,0.628245,-0.249272,1.15797,1.82237,1.04894,-0.41892,-0.493797,0.592599
1721900,0.99,-2.11743,-0.869113,0.458781,-2.03599,1.36569,1.38756,1.44185,-2.12338,-0.872286,0.465936,-2.03539,1.3626,1.38476,1.44835,-1.8094,-1.83566,1.99125,0.278697,-0.88451,-0.892855,2.19008,-1.8652,-1.78797,1.96416,0.254623,-0.925903,-0.861046,2.2002,-4.86998,15.3125,-1.03998,5.78098,-0.49864,0.773829,0.381968,-0.287253,1.24825,1.78465,0.98109,-0.418934,-0.487207,0.605282
1721901,0.99,-2.11923,-0.870907,0.460764,-2.03572,1.36479,1.38675,1.44401,-2.12524,-0.874075,0.4679,-2.03513,1.36167,1.38389,1.45055,-1.80439,-1.8135,1.98082,0.270927,-0.907591,-0.866855,2.17803,-1.8652,-1.78951,1.96433,0.253876,-0.92707,-0.861783,2.2002,-5.29845,15.1617,-0.913022,5.93174,-0.560896,0.142115,0.563242,-0.361523,1.41119,1.70571,0.889604,-0.418568,-0.474762,0.617541
1721902,0.99,-2.12108,-0.872717,0.462699,-2.03545,1.36381,1.38592,1.44617,-2.12711,-0.875866,0.469864,-2.03488,1.36074,1.38303,1.45275,-1.80439,-1.807,1.96126,0.269324,-0.931744,-0.842384,2.1606,-1.8652,-1.79106,1.9645,0.253129,-0.928236,-0.86252,2.2002,-5.37383,15.1101,-0.381406,5.93174,-0.0683424,-0.411779,0.97706,-0.445616,1.58429,1.6269,0.800606,-0.41806,-0.460709,0.628481
1721903,0.99,-2.12296,-0.874497,0.464656,-2.03517,1.36285,1.38504,1.44837,-2.12897,-0.877659,0.471829,-2.03463,1.35981,1.38217,1.45495,-1.84179,-1.80626,1.95146,0.269637,-0.932456,-0.856007,2.15026,-1.8652,-1.7926,1.96468,0.252383,-0.929403,-0.863257,2.2002,-5.02074,15.1379,0.174014,5.7056,0.304277,-0.282689,1.14552,-0.50437,1.70299,1.59159,0.738845,-0.417231,-0.450875,0.637891
1721904,0.99,-2.12482,-0.876328,0.466648,-2.03489,1.36195,1.38406,1.45058,-2.13084,-0.879453,0.473794,-2.03438,1.35888,1.3813,1.45715,-1.85554,-1.80889,1.95506,0.270235,-0.926217,-0.89445,2.17241,-1.8652,-1.79415,1.96485,0.251636,-0.930569,-0.863995,2.2002,-4.56847,15.5902,0.174014,5.45963,0.106523,0.676783,0.860789,-0.520872,1.7525,1.60943,0.709928,-0.415676,-0.447776,0.646276
1721905,0.99,-2.12667,-0.87819,0.468617,-2.03461,1.36105,1.38311,1.45279,-2.1327,-0.881249,0.475759,-2.03412,1.35795,1.38044,1.45935,-1.8499,-1.82038,1.95884,0.272981,-0.913862,-0.912952,2.16672,-1.8652,-1.7957,1.96503,0.250889,-0.931736,-0.864732,2.2002,-4.38994,16.3003,0.126407,5.23349,-0.192854,1.27554,0.860789,-0.506848,1.75899,1.6566,0.701969,-0.413375,-0.449049,0.654237
1721906,0.99,-2.12854,-0.880033,0.470626,-2.03433,1.36011,1.38226,1.45496,-2.13457,-0.883046,0.477724,-2.03387,1.35702,1.37957,1.46156,-1.85706,-1.82642,1.96062,0.277592,-0.918923,-0.896259,2.16742,-1.8652,-1.79724,1.9652,0.250142,-0.932903,-0.865469,2.2002,-3.78295,17.1096,-0.329831,5.03513,-0.153486,0.837916,0.900156,-0.486696,1.76566,1.7063,0.692937,-0.411118,-0.450741,0.661962
1721907,0.99,-2.13044,-0.881899,0.472606,-2.03407,1.3592,1.38146,1.45715,-2.13643,-0.884844,0.479689,-2.03363,1.35608,1.37871,1.46376,-1.8577,-1.81729,1.95904,0.271557,-0.913404,-0.855685,2.16416,-1.8652,-1.79827,1.9652,0.249363,-0.93389,-0.865974,2.2002,-3.2791,17.919,-0.710691,5.11051,-0.226729,-0.115148,1.12629,-0.46562,1.78087,1.75321,0.677391,-0.409235,-0.451559,0.669385
1721908,0.99,-2.13223,-0.883694,0.474584,-2.03379,1.35826,1.38061,1.45936,-2.1383,-0.886643,0.481655,-2.03338,1.35515,1.37784,1.46596,-1.87636,-1.81306,1.96509,0.267632,-0.913175,-0.850729,2.1751,-1.8652,-1.7993,1.9652,0.248584,-0.934877,-0.866479,2.2002,-3.98528,17.8674,-0.659116,5.01133,-0.119612,-0.520726,1.17115,-0.430841,1.77769,1.8026,0.670304,-0.407132,-0.452649,0.676561
1721909,0.99,-2.13402,-0.885457,0.476569,-2.03353,1.35735,1.37967,1.46155,-2.14016,-0.888444,0.48362,-2.03313,1.35421,1.37697,1.46816,-1.83463,-1.78476,1.95638,0.269793,-0.911854,-0.871437,2.18153,-1.8652,-1.80032,1.9652,0.247804,-0.935864,-0.866984,2.2002,-5.1715,16.9589,-0.532163,4.98752,-0.226729,-0.0190174,1.08784,-0.377832,1.7304,1.85594,0.684495,-0.404601,-0.454909,0.683822
1721910,0.99,-2.13585,-0.88724,0.478543,-2.03325,1.35639,1.37873,1.46377,-2.14203,-0.890245,0.485585,-2.03288,1.35327,1.37611,1.47036,-1.82253,-1.77352,1.96976,0.274006,-0.927189,-0.895745,2.18492,-1.8652,-1.80135,1.9652,0.247025,-0.93685,-0.867489,2.2002,-5.8023,16.2249,-0.734494,4.73758,-0.0344679,0.541285,0.860789,-0.321811,1.63255,1.90539,0.718744,-0.402291,-0.457217,0.691562
1721911,0.99,-2.13771,-0.889076,0.480553,-2.03295,1.35541,1.37786,1.46596,-2.14389,-0.892047,0.48755,-2.03264,1.35234,1.37524,1.47256,-1.83747,-1.80032,1.97115,0.283533,-0.933624,-0.896886,2.22882,-1.8652,-1.80237,1.9652,0.246246,-0.937837,-0.867994,2.2002,-5.67534,16.3519,-1.24231,4.31705,0.298784,0.534877,0.647471,-0.28185,1.51823,1.93468,0.754846,-0.400818,-0.457738,0.699783
1721912,0.99,-2.13957,-0.890945,0.4826,-2.03266,1.35446,1.37699,1.46819,-2.14576,-0.893851,0.489515,-2.03239,1.3514,1.37437,1.47476,-1.84595,-1.82193,1.99082,0.288659,-0.93856,-0.88171,2.22776,-1.8652,-1.8034,1.9652,0.245466,-0.938824,-0.868499,2.2002,-5.57616,17.4112,-2.15478,3.96793,0.400408,0.413112,0.434153,-0.271769,1.45441,1.92725,0.762932,-0.400357,-0.455447,0.708
1721913,0.99,-2.14141,-0.892829,0.484637,-2.03239,1.35356,1.37606,1.47042,-2.14762,-0.895655,0.491481,-2.03215,1.35046,1.3735,1.47696,-1.83206,-1.86096,2.01345,0.277302,-0.914499,-0.918373,2.21881,-1.8652,-1.80443,1.9652,0.244687,-0.939811,-0.869004,2.2002,-6.02843,18.4744,-3.24182,4.09092,-0.192854,0.895594,0.304148,-0.310305,1.50589,1.85579,0.7193,-0.400636,-0.447886,0.715591
1721914,0.99,-2.14319,-0.894662,0.48665,-2.03215,1.35267,1.37513,1.47259,-2.14949,-0.897461,0.493446,-2.0319,1.34952,1.37263,1.47916,-1.8083,-1.86357,2.00267,0.272982,-0.90972,-0.922946,2.20632,-1.8652,-1.80545,1.9652,0.243908,-0.940798,-0.869509,2.2002,-6.93694,19.0536,-3.51953,4.41623,-0.690901,1.28836,0.569651,-0.413914,1.70099,1.70499,0.617725,-0.401698,-0.432367,0.722002
1721915,0.99,-2.14501,-0.896448,0.488594,-2.03189,1.35169,1.37427,1.47474,-2.15135,-0.899267,0.495411,-2.03166,1.34858,1.37176,1.48136,-1.80074,-1.82549,1.98267,0.266214,-0.92426,-0.896495,2.17136,-1.8652,-1.80648,1.9652,0.243128,-0.941785,-0.870013,2.2002,-7.39318,18.6252,-3.14264,4.6146,-0.441878,0.908412,1.14552,-0.561159,1.97218,1.51761,0.486877,-0.403717,-0.411365,0.726882
1721916,0.99,-2.14688,-0.898215,0.490545,-2.03163,1.35067,1.37346,1.4769,-2.15322,-0.901075,0.497376,-2.03142,1.34763,1.37089,1.48356,-1.84303,-1.80463,1.95911,0.268168,-0.947364,-0.865035,2.15003,-1.8652,-1.80751,1.9652,0.242349,-0.942772,-0.870518,2.2002,-7.19085,18.1451,-2.4563,4.51542,0.174272,0.258387,1.78639,-0.689079,2.18325,1.37134,0.383156,-0.405736,-0.392338,0.730462
1721917,0.99,-2.14873,-0.899999,0.49253,-2.03136,1.34968,1.37257,1.47906,-2.15508,-0.902883,0.499341,-2.03117,1.34669,1.37002,1.48576,-1.83921,-1.77845,1.95631,0.27013,-0.965084,-0.870298,2.15874,-1.8652,-1.808,1.9652,0.24158,-0.943561,-0.870774,2.2002,-6.7108,17.5897,-2.05163,4.26548,0.599077,0.258387,1.92188,-0.747113,2.2433,1.31412,0.344854,-0.406268,-0.381347,0.733792
1721918,0.99,-2.15058,-0.901792,0.494488,-2.03109,1.34874,1.37162,1.48128,-2.15695,-0.904691,0.501307,-2.03093,1.34574,1.36915,1.48796,-1.82611,-1.81988,1.95824,0.267378,-0.953356,-0.922589,2.17327,-1.8652,-1.8085,1.9652,0.240811,-0.94435,-0.87103,2.2002,-6.7108,17.5381,-1.87707,4.01554,0.287798,1.01828,1.61152,-0.750535,2.18549,1.32675,0.356879,-0.405126,-0.377097,0.738389
1721919,0.99,-2.15242,-0.90366,0.496511,-2.03082,1.34783,1.37067,1.48347,-2.15882,-0.9065,0.503272,-2.03069,1.3448,1.36828,1.49016,-1.83502,-1.83153,1.96814,0.262064,-0.936959,-0.935821,2.17998,-1.8652,-1.809,1.9652,0.240041,-0.945139,-0.871286,2.2002,-6.48467,18.1967,-2.25396,3.89255,-0.210249,1.65548,1.30757,-0.75046,2.11944,1.35452,0.373604,-0.403219,-0.37369,0.745294
1721920,0.99,-2.15432,-0.905567,0.498522,-2.03056,1.34693,1.36981,1.48567,-2.16068,-0.90831,0.505237,-2.03045,1.34385,1.36741,1.49236,-1.84727,-1.85169,1.98048,0.260959,-0.921929,-0.905318,2.17936,-1.8652,-1.8095,1.9652,0.239272,-0.945928,-0.871542,2.2002,-5.72692,19.3829,-3.01568,3.79337,-0.690901,1.29476,1.17115,-0.769616,2.1092,1.36017,0.370858,-0.401002,-0.367323,0.754507
1721921,0.99,-2.15622,-0.907457,0.500523,-2.0303,1.34598,1.36902,1.48786,-2.16255,-0.91012,0.507202,-2.03022,1.34291,1.36653,1.49456,-1.87479,-1.86999,1.97496,0.258365,-0.926118,-0.866075,2.17236,-1.8652,-1.80999,1.9652,0.238503,-0.946717,-0.871798,2.2002,-5.24688,20.6723,-3.26959,3.61881,-0.61125,0.387477,1.1977,-0.801023,2.16451,1.33822,0.345895,-0.398805,-0.358106,0.765297
1721922,0.99,-2.15804,-0.909313,0.502501,-2.03004,1.34505,1.36817,1.49001,-2.16441,-0.91193,0.509167,-2.02998,1.34196,1.36566,1.49676,-1.85385,-1.86405,1.97117,0.258564,-0.923788,-0.855631,2.17101,-1.8652,-1.81049,1.9652,0.237734,-0.947505,-0.872054,2.2002,-5.57616,21.1523,-2.96411,3.37284,-0.566389,0.0588025,1.19129,-0.834147,2.27337,1.30398,0.301665,-0.397457,-0.348234,0.776872
1721923,0.99,-2.15982,-0.91113,0.50445,-2.02978,1.3441,1.36724,1.49217,-2.16628,-0.913741,0.511133,-2.02974,1.34101,1.36479,1.49896,-1.82149,-1.84262,1.96428,0.259227,-0.933427,-0.873331,2.15776,-1.8652,-1.81099,1.9652,0.236965,-0.948294,-0.87231,2.2002,-6.86156,20.8746,-2.78558,3.22208,-0.452864,0.515651,1.32679,-0.870316,2.40304,1.27141,0.24658,-0.397982,-0.338878,0.78881
1721924,0.99,-2.16157,-0.91288,0.506444,-2.02951,1.34312,1.36633,1.49435,-2.16814,-0.915553,0.513098,-2.0295,1.34006,1.36392,1.50116,-1.80129,-1.80995,1.96488,0.264691,-0.940739,-0.895206,2.16797,-1.8652,-1.81148,1.9652,0.236196,-0.949083,-0.872566,2.2002,-8.14696,20.0137,-2.78558,2.87296,0.0442674,1.01187,1.15833,-0.912878,2.50687,1.24722,0.195081,-0.400799,-0.329833,0.80103
1721925,0.99,-2.16341,-0.914684,0.508439,-2.02923,1.34212,1.36548,1.49655,-2.17001,-0.917365,0.515063,-2.02927,1.33911,1.36304,1.50336,-1.79272,-1.7857,2.01346,0.270042,-0.960333,-0.873568,2.17488,-1.8652,-1.81198,1.9652,0.235426,-0.949872,-0.872822,2.2002,-8.50005,19.6368,-3.36877,2.45243,0.706194,0.837916,1.02284,-0.958859,2.54576,1.21392,0.164278,-0.404748,-0.319379,0.81354
1721926,0.99,-2.16527,-0.916529,0.510479,-2.02897,1.34113,1.36462,1.4988,-2.17187,-0.919177,0.517028,-2.02903,1.33816,1.36217,1.50556,-1.81558,-1.80546,2.02027,0.26498,-0.962116,-0.865334,2.19446,-1.8652,-1.81248,1.9652,0.234657,-0.950661,-0.873078,2.2002,-8.19854,20.2438,-4.33282,2.22629,1.00008,0.805873,0.556833,-1.00686,2.52638,1.13578,0.158505,-0.407467,-0.305303,0.826101
1721927,0.99,-2.16712,-0.918424,0.512517,-2.02872,1.34025,1.36369,1.50101,-2.17374,-0.92099,0.518993,-2.0288,1.33721,1.3613,1.50776,-1.82265,-1.82003,2.02921,0.265365,-0.941417,-0.881884,2.20454,-1.8652,-1.81244,1.9652,0.233942,-0.951236,-0.873072,2.2002,-8.17473,21.2555,-4.88824,2.32547,0.400408,1.23709,0.24647,-1.05842,2.4958,1.00433,0.163196,-0.407312,-0.287706,0.838044
1721928,0.99,-2.16895,-0.920309,0.51452,-2.02848,1.33939,1.36277,1.50321,-2.1756,-0.922802,0.520959,-2.02857,1.33626,1.36043,1.50996,-1.81534,-1.83509,2.01904,0.259919,-0.912848,-0.894877,2.1915,-1.8652,-1.81241,1.9652,0.233228,-0.951811,-0.873066,2.2002,-8.47625,21.9616,-5.16595,2.50003,-0.532515,1.61062,0.304148,-1.12126,2.49993,0.836286,0.157286,-0.40456,-0.26749,0.848414
1721929,0.99,-2.17078,-0.922158,0.516505,-2.02823,1.33846,1.36192,1.50536,-2.17747,-0.924614,0.522924,-2.02834,1.33531,1.35955,1.51216,-1.81647,-1.84988,2.00526,0.254172,-0.906233,-0.883714,2.21616,-1.8652,-1.81237,1.9652,0.232513,-0.952386,-0.873059,2.2002,-8.34929,21.9854,-4.81286,2.62699,-0.87126,1.28195,0.782969,-1.20199,2.5606,0.658862,0.127763,-0.400925,-0.245662,0.85632
1721930,0.99,-2.17264,-0.923946,0.518463,-2.02797,1.33747,1.36112,1.50751,-2.17933,-0.926427,0.524889,-2.0281,1.33435,1.35868,1.51436,-1.82466,-1.82636,1.97411,0.25767,-0.931978,-0.844857,2.19122,-1.8652,-1.81234,1.9652,0.231798,-0.95296,-0.873053,2.2002,-8.22234,21.557,-4.10272,2.45243,-0.379622,0.400294,1.43666,-1.28482,2.65034,0.517492,0.0824694,-0.398045,-0.225775,0.861477
1721931,0.99,-2.17451,-0.92573,0.520415,-2.02772,1.33647,1.36026,1.50969,-2.1812,-0.928239,0.526854,-2.02787,1.3334,1.35781,1.51656,-1.82911,-1.81859,1.96887,0.247711,-0.949782,-0.868001,2.17646,-1.8652,-1.8123,1.9652,0.231083,-0.953535,-0.873046,2.2002,-8.02398,21.3784,-3.64648,2.50003,0.0845506,0.29684,1.87702,-1.33908,2.70365,0.452216,0.0481398,-0.396153,-0.212065,0.864662
1721932,0.99,-2.17631,-0.927558,0.522398,-2.02748,1.33552,1.35929,1.51193,-2.18306,-0.930051,0.528819,-2.02764,1.33245,1.35693,1.51876,-1.82445,-1.8155,1.96409,0.251025,-0.973783,-0.89809,2.21348,-1.8652,-1.81227,1.9652,0.230368,-0.95411,-0.87304,2.2002,-8.27391,21.5332,-3.47192,2.59922,0.180681,1.18582,1.81202,-1.35608,2.69243,0.459566,0.0403993,-0.394535,-0.204903,0.867499
1721933,0.99,-2.17814,-0.929436,0.52438,-2.02725,1.33458,1.35832,1.51412,-2.18493,-0.931864,0.530785,-2.02741,1.33149,1.35606,1.52096,-1.81297,-1.80964,1.97077,0.245661,-0.959434,-0.922876,2.2103,-1.8652,-1.81223,1.9652,0.229654,-0.954685,-0.873034,2.2002,-8.52782,22.2632,-3.72583,2.6984,0.0222948,1.98416,1.60511,-1.35265,2.63635,0.506747,0.0531985,-0.392763,-0.201163,0.871578
1721934,0.99,-2.18,-0.931317,0.526404,-2.02701,1.33363,1.35746,1.51632,-2.18679,-0.933676,0.53275,-2.02718,1.33054,1.35519,1.52316,-1.82948,-1.83561,1.98587,0.244315,-0.950781,-0.907052,2.19806,-1.8652,-1.8122,1.9652,0.228939,-0.95526,-0.873027,2.2002,-8.12316,23.3502,-4.35663,2.55161,-0.20384,1.77175,1.55293,-1.34884,2.57454,0.556061,0.0720762,-0.390744,-0.196727,0.877716
1721935,0.99,-2.1819,-0.933201,0.528414,-2.02674,1.3327,1.35667,1.51848,-2.18866,-0.935488,0.534715,-2.02696,1.32958,1.35431,1.52536,-1.8534,-1.84052,1.97502,0.254623,-0.942249,-0.856843,2.18083,-1.8652,-1.81216,1.9652,0.228224,-0.955835,-0.873021,2.2002,-7.49236,24.1119,-4.61053,2.05173,-0.379622,0.786647,1.5337,-1.35057,2.5455,0.589268,0.0808412,-0.388641,-0.190161,0.885872
1721936,0.99,-2.18376,-0.935038,0.530385,-2.02647,1.33175,1.35586,1.52066,-2.19052,-0.9373,0.53668,-2.02673,1.32862,1.35344,1.52756,-1.84501,-1.84651,1.97889,0.257639,-0.943617,-0.839582,2.17743,-1.8652,-1.81212,1.9652,0.227509,-0.95641,-0.873014,2.2002,-7.49236,24.5404,-4.68591,1.55582,-0.571882,0.186976,1.5987,-1.35363,2.56092,0.615538,0.0686724,-0.38715,-0.183359,0.895647
1721937,0.99,-2.18553,-0.936852,0.532379,-2.02621,1.33083,1.35496,1.52282,-2.19239,-0.939112,0.538645,-2.0265,1.32767,1.35257,1.52976,-1.8143,-1.81524,1.97879,0.257231,-0.942647,-0.856398,2.17236,-1.8652,-1.81156,1.9652,0.226892,-0.956758,-0.872736,2.2002,-8.47625,24.1873,-4.78906,1.30588,-0.657027,0.509242,1.56666,-1.36218,2.60526,0.638548,0.0377404,-0.387135,-0.177083,0.906785
1721938,0.99,-2.18728,-0.938629,0.534365,-2.02596,1.32983,1.35403,1.52503,-2.19425,-0.940923,0.540611,-2.02627,1.32671,1.3517,1.53196,-1.77329,-1.78583,1.98796,0.25588,-0.955312,-0.880309,2.17143,-1.8652,-1.811,1.9652,0.226275,-0.957106,-0.872457,2.2002,-10.1147,23.1479,-5.19372,1.10752,-0.226729,1.09518,1.36524,-1.38489,2.64038,0.651455,0.00361328,-0.389105,-0.170015,0.919233
1721939,0.99,-2.1891,-0.940409,0.536393,-2.0257,1.3288,1.35315,1.52726,-2.19612,-0.942733,0.542576,-2.02605,1.32575,1.35082,1.53416,-1.80393,-1.78719,1.99916,0.254149,-0.970935,-0.878088,2.17183,-1.8652,-1.81043,1.9652,0.225658,-0.957453,-0.872179,2.2002,-10.6979,22.5686,-5.82452,0.909153,0.474565,1.25631,1.04847,-1.41934,2.63732,0.645512,-0.017463,-0.392431,-0.161043,0.932779
1721940,0.99,-2.19094,-0.942252,0.538428,-2.02544,1.32779,1.3523,1.52947,-2.19798,-0.944543,0.544541,-2.02582,1.32479,1.34995,1.53636,-1.8175,-1.79548,1.99466,0.257644,-0.981983,-0.868451,2.19247,-1.8652,-1.80987,1.9652,0.225041,-0.957801,-0.871901,2.2002,-10.5194,22.6956,-6.30456,0.663181,1.02297,1.11441,0.608103,-1.45067,2.60038,0.619897,-0.0215979,-0.39533,-0.151073,0.946739
1721941,0.99,-2.1928,-0.944146,0.540432,-2.02518,1.32687,1.35138,1.53167,-2.19985,-0.946352,0.546506,-2.0256,1.32384,1.34908,1.53856,-1.81632,-1.80456,1.99878,0.256938,-0.970426,-0.880035,2.19077,-1.8652,-1.80931,1.9652,0.224424,-0.958149,-0.871622,2.2002,-10.4202,23.6041,-6.737,0.563999,0.553301,1.46231,0.634653,-1.47592,2.55719,0.580657,-0.020766,-0.396432,-0.141188,0.960053
1721942,0.99,-2.1946,-0.945999,0.542439,-2.02493,1.32599,1.35045,1.53385,-2.20171,-0.948161,0.548471,-2.02538,1.32288,1.34821,1.54076,-1.81742,-1.81646,1.99234,0.251937,-0.93393,-0.891844,2.19192,-1.8652,-1.80874,1.9652,0.223807,-0.958497,-0.871344,2.2002,-10.5948,24.4372,-6.96313,0.536228,-0.35124,2.0162,0.679514,-1.50828,2.53985,0.528955,-0.0314468,-0.395539,-0.130726,0.971697
1721943,0.99,-2.19644,-0.947862,0.544412,-2.02469,1.32512,1.34959,1.53602,-2.20358,-0.949969,0.550437,-2.02515,1.32192,1.34734,1.54296,-1.81944,-1.8093,2.02755,0.246507,-0.905259,-0.879201,2.17423,-1.8652,-1.80818,1.9652,0.22319,-0.958845,-0.871065,2.2002,-10.6225,24.945,-6.78857,0.587803,-1.12028,1.71408,1.10066,-1.55496,2.56009,0.453675,-0.0564947,-0.393111,-0.117731,0.981113
1721944,0.99,-2.19829,-0.949654,0.546391,-2.02444,1.32412,1.34881,1.53822,-2.20545,-0.951777,0.552402,-2.02493,1.32096,1.34647,1.54516,-1.86407,-1.80545,2.00204,0.243915,-0.923254,-0.844023,2.16924,-1.8652,-1.80762,1.9652,0.222573,-0.959193,-0.870787,2.2002,-10.1901,24.7943,-6.53467,0.563999,-0.701887,0.761012,1.37257,-1.59672,2.58898,0.356122,-0.0780154,-0.389521,-0.102485,0.988338
1721945,0.99,-2.20013,-0.951464,0.548372,-2.02421,1.32312,1.34797,1.54041,-2.20731,-0.953584,0.554367,-2.02471,1.32,1.3456,1.54736,-1.84456,-1.79312,1.98616,0.243297,-0.956225,-0.835861,2.1812,-1.8652,-1.80705,1.9652,0.221956,-0.959541,-0.870508,2.2002,-10.0156,24.5404,-6.05462,0.861545,0.0103929,0.328883,1.37257,-1.60434,2.58011,0.278277,-0.0769646,-0.385386,-0.0896322,0.993929
1721946,0.99,-2.20196,-0.953284,0.550368,-2.02399,1.32214,1.34701,1.54263,-2.20918,-0.95539,0.556332,-2.02449,1.31904,1.34473,1.54956,-1.82621,-1.79365,1.99464,0.235012,-0.967253,-0.867018,2.18424,-1.8652,-1.80649,1.9652,0.221339,-0.959889,-0.87023,2.2002,-10.3171,24.3618,-6.35614,1.1829,0.298784,1.03109,1.29475,-1.58582,2.529,0.240292,-0.0560426,-0.381623,-0.0810328,0.998771
1721947,0.99,-2.20376,-0.955124,0.552357,-2.02375,1.32118,1.34605,1.54483,-2.21104,-0.957196,0.558297,-2.02427,1.31808,1.34386,1.55176,-1.818,-1.81949,1.98741,0.237215,-0.959314,-0.89825,2.23305,-1.8652,-1.80541,1.9652,0.22086,-0.96,-0.869674,2.2002,-10.6702,24.4888,-6.30456,1.15909,0.293291,1.75894,1.09425,-1.57831,2.48555,0.216021,-0.0380696,-0.378866,-0.0736704,1.00358
1721948,0.99,-2.20562,-0.956974,0.554373,-2.02349,1.32023,1.34519,1.54701,-2.21291,-0.959,0.560263,-2.02405,1.31712,1.34299,1.55396,-1.8267,-1.82782,1.99103,0.245312,-0.958446,-0.880113,2.21112,-1.8652,-1.80433,1.9652,0.220382,-0.960111,-0.869118,2.2002,-10.4678,25.1196,-6.53467,0.861545,0.276811,1.48153,1.24897,-1.60671,2.50433,0.185391,-0.0497762,-0.377507,-0.0652465,1.00852
1721949,0.99,-2.20756,-0.958813,0.556346,-2.02323,1.31928,1.34438,1.54921,-2.21477,-0.960803,0.562228,-2.02383,1.31616,1.34212,1.55616,-1.84571,-1.84067,1.98087,0.253687,-0.949537,-0.872237,2.19425,-1.8652,-1.80325,1.9652,0.219903,-0.960222,-0.868562,2.2002,-9.30938,25.8297,-6.66162,0.389439,0.078142,0.767421,1.41102,-1.6673,2.59776,0.150196,-0.101421,-0.377351,-0.0561143,1.0135
1721950,0.99,-2.20942,-0.960692,0.558339,-2.02296,1.31835,1.34351,1.55138,-2.21664,-0.962605,0.564193,-2.02361,1.3152,1.34125,1.55836,-1.85396,-1.85041,1.97977,0.256346,-0.964924,-0.867589,2.18767,-1.8652,-1.80217,1.9652,0.219425,-0.960333,-0.868006,2.2002,-8.95629,26.7144,-6.61004,-0.0588647,-0.210249,0.502833,1.57948,-1.74326,2.75157,0.12,-0.188234,-0.377802,-0.0479537,1.01856
1721951,0.99,-2.21124,-0.962543,0.560319,-2.02273,1.31745,1.34254,1.55359,-2.2185,-0.964407,0.566158,-2.02339,1.31424,1.34038,1.56056,-1.83571,-1.83003,1.98291,0.250926,-0.939691,-0.898037,2.18568,-1.8652,-1.80109,1.9652,0.218946,-0.960444,-0.86745,2.2002,-9.66246,27.0675,-6.93933,-0.0826684,-0.752241,1.16659,1.56666,-1.82377,2.93903,0.0954095,-0.295656,-0.378526,-0.0412659,1.02405
1721952,0.99,-2.213,-0.96433,0.562344,-2.0225,1.31649,1.3416,1.55581,-2.22037,-0.966207,0.568123,-2.02317,1.31328,1.33952,1.56276,-1.844,-1.81474,1.98815,0.243491,-0.941089,-0.919871,2.18973,-1.8652,-1.80001,1.9652,0.218468,-0.960555,-0.866894,2.2002,-10.7217,26.7898,-7.54632,0.0403174,-0.792525,1.72689,1.39179,-1.89681,3.11149,0.0710891,-0.395946,-0.379376,-0.0350706,1.03041
1721953,0.99,-2.21481,-0.966121,0.564332,-2.02226,1.31546,1.34072,1.558,-2.22223,-0.968005,0.570089,-2.02295,1.31232,1.33865,1.56496,-1.81202,-1.79747,1.97932,0.238697,-0.969673,-0.900974,2.19788,-1.8652,-1.79893,1.9652,0.217989,-0.960666,-0.866338,2.2002,-11.5033,26.3098,-7.64947,0.0403174,-0.0912306,1.55294,1.1977,-1.95247,3.22807,0.0495323,-0.466462,-0.380415,-0.0286005,1.03781
1721954,0.99,-2.21668,-0.96789,0.566304,-2.02202,1.31442,1.33984,1.56021,-2.2241,-0.969803,0.572054,-2.02273,1.31136,1.33778,1.56716,-1.82444,-1.78968,1.97168,0.2368,-0.995088,-0.887615,2.19439,-1.8652,-1.79785,1.9652,0.21751,-0.960777,-0.865782,2.2002,-11.5549,25.8813,-7.57409,-0.035061,0.565202,1.32131,1.01002,-1.98971,3.27556,0.043359,-0.502454,-0.381634,-0.0223051,1.04592
1721955,0.99,-2.21852,-0.969735,0.568311,-2.02178,1.31348,1.33891,1.56239,-2.22596,-0.9716,0.574019,-2.02252,1.3104,1.33692,1.56936,-1.83554,-1.80001,1.97842,0.237454,-0.979143,-0.892776,2.18777,-1.8652,-1.79677,1.9652,0.217032,-0.960888,-0.865226,2.2002,-11.5033,26.2582,-7.6217,-0.181851,0.276811,1.61062,0.997202,-2.00783,3.2658,0.0557737,-0.510166,-0.382212,-0.0169204,1.05414
1721956,0.99,-2.22035,-0.971596,0.570276,-2.02153,1.31259,1.33798,1.56458,-2.22783,-0.973396,0.575984,-2.0223,1.30943,1.33605,1.57157,-1.82364,-1.81119,1.97488,0.243316,-0.94738,-0.904275,2.17745,-1.8652,-1.79569,1.9652,0.216553,-0.960999,-0.86467,2.2002,-11.8564,26.8652,-7.49475,-0.431789,-0.436384,1.92007,1.17756,-2.02076,3.24376,0.0709281,-0.511756,-0.382009,-0.0114488,1.06189
1721957,0.99,-2.2222,-0.973467,0.572295,-2.02128,1.31166,1.33712,1.56674,-2.22969,-0.97519,0.577949,-2.02208,1.30847,1.33519,1.57377,-1.83404,-1.84324,1.98949,0.244095,-0.925695,-0.892128,2.15893,-1.8652,-1.79411,1.9652,0.216249,-0.960867,-0.863836,2.2002,-11.5271,27.5476,-7.82403,-0.705532,-0.972883,1.62985,1.52088,-2.05766,3.27373,0.0658701,-0.539831,-0.382446,-0.00352166,1.06889
1721958,0.99,-2.22411,-0.975279,0.574295,-2.02104,1.31068,1.33629,1.56891,-2.23156,-0.976982,0.579915,-2.02187,1.30751,1.33433,1.57597,-1.85205,-1.83807,1.97617,0.243603,-0.942034,-0.865842,2.15107,-1.8652,-1.79253,1.9652,0.215944,-0.960734,-0.863002,2.2002,-10.7971,27.7737,-7.87561,-0.780911,-0.724776,0.967006,1.5987,-2.12299,3.38059,0.0334821,-0.604312,-0.384456,0.00712125,1.07525
1721959,0.99,-2.22597,-0.977091,0.576281,-2.0208,1.30965,1.33542,1.57108,-2.23342,-0.978773,0.58188,-2.02165,1.30655,1.33347,1.57817,-1.84995,-1.81126,1.97953,0.239416,-0.975118,-0.856876,2.14806,-1.8652,-1.79095,1.9652,0.21564,-0.960602,-0.862168,2.2002,-10.7217,27.6983,-8.07794,-0.681728,-0.125105,0.786647,1.8578,-2.18615,3.51024,-0.0042108,-0.677691,-0.387404,0.0175189,1.08146
1721960,0.99,-2.22776,-0.978862,0.578267,-2.02058,1.30864,1.33447,1.57328,-2.23529,-0.980563,0.583845,-2.02144,1.30559,1.3326,1.58037,-1.83447,-1.79252,1.97408,0.23153,-0.98428,-0.884464,2.20954,-1.8652,-1.78937,1.9652,0.215335,-0.96047,-0.861334,2.2002,-11.2533,27.4484,-8.00256,-0.507168,0.372942,1.52731,1.58589,-2.22206,3.59158,-0.0273113,-0.72581,-0.390081,0.0255839,1.08818
1721961,0.99,-2.22958,-0.980667,0.580278,-2.02035,1.30768,1.33353,1.5755,-2.23715,-0.98235,0.58581,-2.02122,1.30463,1.33174,1.58257,-1.79994,-1.77719,2.01416,0.227404,-0.977521,-0.902249,2.21332,-1.8652,-1.78779,1.9652,0.215031,-0.960337,-0.8605,2.2002,-11.7572,27.496,-8.10571,-0.384182,0.406816,2.0812,1.28834,-2.24186,3.61154,-0.0541272,-0.740322,-0.391768,0.0338424,1.09596
1721962,0.99,-2.23146,-0.982469,0.582227,-2.0201,1.30672,1.33269,1.57772,-2.23902,-0.984137,0.587775,-2.02101,1.30367,1.33088,1.58477,-1.81362,-1.78414,1.99607,0.233209,-0.963898,-0.88309,2.21162,-1.8652,-1.78621,1.9652,0.214726,-0.960205,-0.859665,2.2002,-11.7056,27.8253,-7.8518,-0.657925,0.372942,1.85507,1.16474,-2.2688,3.6009,-0.11076,-0.736076,-0.392336,0.045689,1.10476
1721963,0.99,-2.23332,-0.984322,0.584225,-2.01985,1.30578,1.33187,1.5799,-2.24088,-0.985921,0.589741,-2.02079,1.30271,1.33003,1.58697,-1.82589,-1.79313,1.98039,0.248774,-0.956436,-0.860433,2.21376,-1.8652,-1.78463,1.9652,0.214422,-0.960073,-0.858831,2.2002,-11.301,28.5592,-8.05414,-1.07846,0.191667,1.24349,1.08784,-2.30551,3.58933,-0.175837,-0.736071,-0.392259,0.0591944,1.1139
1721964,0.99,-2.2352,-0.986168,0.58623,-2.0196,1.30486,1.33102,1.58212,-2.24275,-0.987704,0.591706,-2.02058,1.30175,1.32917,1.58917,-1.83256,-1.80182,1.98944,0.251684,-0.942673,-0.848469,2.21203,-1.8652,-1.78305,1.9652,0.214117,-0.959941,-0.857997,2.2002,-10.9756,29.1385,-8.68493,-1.3522,-0.340254,0.986232,1.00361,-2.34768,3.59995,-0.223279,-0.759284,-0.392175,0.0710851,1.1226
1721965,0.99,-2.23704,-0.988014,0.588246,-2.01936,1.30393,1.33011,1.58436,-2.24461,-0.989486,0.593671,-2.02036,1.30079,1.32831,1.59137,-1.83935,-1.82937,1.99715,0.247414,-0.929869,-0.868173,2.22147,-1.8652,-1.78147,1.9652,0.213812,-0.959808,-0.857163,2.2002,-11.5271,29.6463,-9.21655,-1.376,-0.594771,1.46231,0.706064,-2.40185,3.66388,-0.270336,-0.814842,-0.392435,0.0818562,1.13039
1721966,0.99,-2.23879,-0.98978,0.590281,-2.01914,1.30297,1.32919,1.58655,-2.24648,-0.991266,0.595636,-2.02015,1.29983,1.32745,1.59357,-1.81435,-1.80455,2.00117,0.239611,-0.937728,-0.883942,2.21077,-1.8652,-1.77989,1.9652,0.213508,-0.959676,-0.856329,2.2002,-12.8165,29.3686,-9.72436,-1.17764,-0.520613,2.08761,0.712473,-2.47483,3.79009,-0.338863,-0.896881,-0.393378,0.0935481,1.13692
1721967,0.99,-2.24061,-0.991498,0.592269,-2.01893,1.30193,1.32831,1.58877,-2.24834,-0.993044,0.597601,-2.01994,1.29887,1.3266,1.59577,-1.80182,-1.81546,1.9962,0.230584,-0.962684,-0.902331,2.20095,-1.8652,-1.77783,1.9652,0.213406,-0.959297,-0.85522,2.2002,-13.3719,28.4839,-10.0021,-0.828518,0.270403,2.24234,0.763743,-2.56767,3.95209,-0.428363,-0.988302,-0.395211,0.107706,1.14186
1721968,0.99,-2.24241,-0.993248,0.594234,-2.0187,1.30089,1.32747,1.59096,-2.25021,-0.994819,0.599567,-2.01972,1.29791,1.32574,1.59797,-1.79342,-1.79217,1.96981,0.233188,-0.987559,-0.881525,2.20876,-1.8652,-1.77577,1.9652,0.213304,-0.958919,-0.854112,2.2002,-13.8479,27.7261,-9.67279,-0.757107,0.983598,1.96493,1.28834,-2.67409,4.11634,-0.513793,-1.07592,-0.397621,0.123626,1.14499
1721969,0.99,-2.24424,-0.995023,0.596202,-2.01848,1.29994,1.3266,1.59311,-2.25208,-0.996593,0.601532,-2.01951,1.29696,1.32489,1.60017,-1.78756,-1.7704,1.97935,0.22695,-0.979257,-0.867011,2.19402,-1.8652,-1.77371,1.9652,0.213202,-0.95854,-0.853004,2.2002,-14.0027,27.3214,-9.52203,-0.681728,0.887468,1.96493,1.67652,-2.77522,4.2366,-0.564675,-1.14454,-0.399211,0.138879,1.14649
1721970,0.99,-2.24608,-0.996826,0.598219,-2.01826,1.29908,1.3257,1.59532,-2.25394,-0.998365,0.603497,-2.0193,1.296,1.32404,1.60237,-1.807,-1.78125,1.98563,0.223841,-0.926191,-0.88103,2.19322,-1.8652,-1.77166,1.9652,0.2131,-0.958161,-0.851895,2.2002,-13.7726,27.8769,-9.79974,-0.554775,-0.215742,2.33206,1.7928,-2.85574,4.28915,-0.585722,-1.1823,-0.398216,0.153176,1.14728
1721971,0.99,-2.24795,-0.998684,0.600254,-2.01805,1.29821,1.32484,1.59752,-2.25581,-1.00013,0.605462,-2.01908,1.29504,1.32319,1.60457,-1.82545,-1.79572,1.99635,0.218249,-0.901696,-0.87129,2.18586,-1.8652,-1.7696,1.9652,0.212998,-0.957783,-0.850787,2.2002,-13.3719,29.0909,-10.2044,-0.530972,-1.04704,2.2286,1.71498,-2.91495,4.30303,-0.606317,-1.19522,-0.394309,0.168101,1.14848
1721972,0.99,-2.24986,-1.00055,0.60226,-2.01783,1.29727,1.32403,1.59972,-2.25767,-1.0019,0.607427,-2.01887,1.29408,1.32234,1.60677,-1.84355,-1.81292,1.99861,0.218999,-0.904314,-0.850403,2.18474,-1.8652,-1.76754,1.9652,0.212896,-0.957404,-0.849679,2.2002,-12.5387,30.2017,-10.6884,-0.60635,-1.21092,1.69485,1.72138,-2.95706,4.31928,-0.646307,-1.19671,-0.388785,0.184396,1.15085
1721973,0.99,-2.2517,-1.00232,0.60428,-2.01762,1.29628,1.32321,1.60189,-2.25954,-1.00367,0.609393,-2.01866,1.29312,1.32149,1.60897,-1.83649,-1.79086,1.99915,0.216366,-0.931538,-0.838289,2.18308,-1.8652,-1.76548,1.9652,0.212794,-0.957025,-0.84857,2.2002,-12.2333,30.3802,-11.0931,-0.554775,-0.831892,1.34054,1.77998,-2.98305,4.34718,-0.70499,-1.19123,-0.383385,0.201263,1.15471
1721974,0.99,-2.25351,-1.00408,0.606238,-2.01741,1.29529,1.32232,1.60407,-2.2614,-1.00543,0.611358,-2.01845,1.29217,1.32064,1.61117,-1.81743,-1.76956,1.99302,0.212606,-0.952669,-0.848213,2.18189,-1.8652,-1.76343,1.9652,0.212692,-0.956647,-0.847462,2.2002,-12.8641,29.924,-10.8392,-0.554775,-0.237715,1.66189,1.90907,-2.99108,4.35619,-0.765229,-1.16977,-0.379267,0.217247,1.16019
1721975,0.99,-2.25529,-1.00582,0.608216,-2.01719,1.2943,1.32141,1.60629,-2.26327,-1.00719,0.613323,-2.01823,1.29121,1.3198,1.61337,-1.80825,-1.77108,1.97674,0.212741,-0.961103,-0.871979,2.18521,-1.8652,-1.76137,1.9652,0.21259,-0.956268,-0.846353,2.2002,-13.5464,29.2178,-10.5099,-0.705532,0.140398,2.2936,1.67652,-2.98856,4.3282,-0.808235,-1.13081,-0.377069,0.231471,1.16737
1721976,0.99,-2.25711,-1.00756,0.610194,-2.01696,1.29334,1.32055,1.60848,-2.26513,-1.00895,0.615288,-2.01802,1.29026,1.31895,1.61557,-1.79903,-1.76424,1.96881,0.217752,-0.963023,-0.865473,2.1835,-1.8652,-1.75931,1.9652,0.212488,-0.955889,-0.845245,2.2002,-13.8995,29.0631,-10.129,-1.05465,0.372942,2.31924,1.38539,-2.99053,4.27881,-0.822078,-1.0889,-0.377035,0.2438,1.17619
1721977,0.99,-2.259,-1.00936,0.612185,-2.0167,1.29235,1.31974,1.61065,-2.267,-1.01071,0.617253,-2.01781,1.2893,1.31811,1.61777,-1.82222,-1.75724,1.97244,0.230328,-0.978496,-0.843477,2.16643,-1.8652,-1.7568,1.96514,0.212608,-0.955265,-0.843871,2.2002,-13.5464,29.3408,-10.4583,-1.67355,0.587175,1.75253,1.5337,-2.9982,4.21823,-0.806035,-1.05414,-0.378306,0.254215,1.18615
1721978,0.99,-2.26088,-1.01115,0.614214,-2.01645,1.2914,1.31892,1.61284,-2.26886,-1.01246,0.619218,-2.0176,1.28835,1.31727,1.61997,-1.84073,-1.77381,1.98651,0.235477,-0.97147,-0.837697,2.22155,-1.8652,-1.7543,1.96509,0.212728,-0.95464,-0.842498,2.2002,-12.991,29.9756,-11.0137,-2.14566,0.435198,1.54013,1.29475,-3.00132,4.15619,-0.778203,-1.0295,-0.379145,0.26293,1.19658
1721979,0.99,-2.26273,-1.01298,0.616253,-2.01624,1.29051,1.31803,1.61508,-2.27073,-1.01421,0.621184,-2.01738,1.28739,1.31642,1.62217,-1.8309,-1.7793,1.99983,0.231263,-0.939752,-0.841042,2.22361,-1.8652,-1.75179,1.96503,0.212848,-0.954015,-0.841124,2.2002,-13.0188,30.9079,-11.8508,-2.14566,-0.198347,1.95211,0.983469,-3.00569,4.12485,-0.771739,-1.02302,-0.378615,0.271632,1.20693
1721980,0.99,-2.26455,-1.01474,0.618241,-2.01602,1.28959,1.31714,1.61734,-2.27259,-1.01596,0.623148,-2.01717,1.28644,1.31558,1.62437,-1.81487,-1.77566,2.00417,0.222514,-0.924141,-0.874435,2.2289,-1.8652,-1.74928,1.96498,0.212968,-0.953391,-0.83975,2.2002,-13.6734,31.0864,-12.0532,-1.89969,-0.622236,2.45474,0.550425,-3.02956,4.14649,-0.809283,-1.0394,-0.377216,0.282963,1.21671
1721981,0.99,-2.26636,-1.0165,0.620221,-2.01582,1.2886,1.31631,1.61955,-2.27446,-1.01771,0.625113,-2.01696,1.28549,1.31475,1.62657,-1.80952,-1.77275,1.98477,0.221733,-0.945438,-0.857165,2.22205,-1.8652,-1.74677,1.96492,0.213088,-0.952766,-0.838377,2.2002,-14.0781,31.1102,-11.7239,-1.62594,-0.25511,2.22219,0.434153,-3.07864,4.20969,-0.878849,-1.07287,-0.376012,0.297532,1.22517
1721982,0.99,-2.26821,-1.01823,0.622176,-2.0156,1.28758,1.31552,1.62173,-2.27632,-1.01945,0.627078,-2.01674,1.28453,1.31391,1.62877,-1.81021,-1.75436,1.96814,0.215594,-0.974876,-0.828236,2.20002,-1.8652,-1.74427,1.96487,0.213208,-0.952141,-0.837003,2.2002,-14.201,30.4556,-11.3946,-1.45138,0.298784,1.66189,0.815928,-3.1366,4.27529,-0.938619,-1.10879,-0.375316,0.312417,1.23131
1721983,0.99,-2.27003,-1.01994,0.624166,-2.01537,1.28659,1.31468,1.62394,-2.27819,-1.0212,0.629043,-2.01653,1.28358,1.31307,1.63097,-1.81145,-1.74352,1.9726,0.218817,-0.970215,-0.835556,2.20017,-1.8652,-1.74176,1.96481,0.213328,-0.951517,-0.835629,2.2002,-14.3796,29.9756,-11.2676,-1.47519,0.581682,1.68844,1.12629,-3.18116,4.30203,-0.960424,-1.12985,-0.374341,0.324705,1.23463
1721984,0.99,-2.27186,-1.0217,0.626179,-2.01515,1.2857,1.31378,1.62609,-2.28005,-1.02294,0.631008,-2.01632,1.28263,1.31224,1.63317,-1.80364,-1.73731,1.97464,0.217922,-0.946718,-0.850973,2.19332,-1.8652,-1.73925,1.96475,0.213448,-0.950892,-0.834256,2.2002,-14.6335,30.0509,-11.3946,-1.47519,0.0616625,2.2936,1.5337,-3.20985,4.28415,-0.953645,-1.13313,-0.372497,0.33466,1.23555
1721985,0.99,-2.27377,-1.02352,0.628206,-2.01494,1.28478,1.31292,1.6283,-2.28192,-1.02467,0.632973,-2.0161,1.28168,1.31141,1.63537,-1.82932,-1.77351,1.99499,0.213778,-0.93312,-0.855793,2.18914,-1.8652,-1.73674,1.9647,0.213568,-0.950268,-0.832882,2.2002,-13.9749,30.8841,-12.2317,-1.3522,-0.368635,2.59573,1.58589,-3.23664,4.26129,-0.952105,-1.13183,-0.369718,0.344809,1.23507
1721986,0.99,-2.27564,-1.02531,0.63022,-2.01471,1.28381,1.31212,1.63048,-2.28378,-1.02641,0.634937,-2.01589,1.28073,1.31057,1.63757,-1.84726,-1.78251,1.98723,0.216761,-0.9397,-0.835552,2.18195,-1.8652,-1.73424,1.96464,0.213689,-0.949643,-0.831508,2.2002,-13.4949,31.8441,-12.6125,-1.47519,-0.299971,2.1517,1.69575,-3.26827,4.28135,-0.983972,-1.13949,-0.366076,0.356937,1.23427
1721987,0.99,-2.2775,-1.02711,0.632195,-2.0145,1.28284,1.31132,1.63266,-2.28565,-1.02814,0.636901,-2.01568,1.27978,1.30974,1.63977,-1.84073,-1.78186,1.98565,0.217927,-0.95313,-0.816805,2.16951,-1.8652,-1.73131,1.96417,0.21404,-0.948776,-0.829883,2.2002,-13.4195,32.5027,-12.7355,-1.42758,0.0222948,1.71408,1.9347,-3.30151,4.35187,-1.04292,-1.16014,-0.362124,0.370216,1.23397
1721988,0.99,-2.27932,-1.02881,0.634193,-2.01429,1.2819,1.31047,1.63487,-2.28751,-1.02987,0.638865,-2.01546,1.27883,1.30892,1.64197,-1.86756,-1.75536,1.98853,0.215865,-0.936088,-0.826268,2.1707,-1.8652,-1.72838,1.96369,0.214392,-0.947909,-0.828258,2.2002,-13.5702,32.0703,-12.7117,-1.27682,-0.0738356,1.95211,1.96125,-3.32098,4.43254,-1.10756,-1.17941,-0.357937,0.382754,1.23486
1721989,1,-2.28112,-1.03052,0.636162,-2.01408,1.28095,1.30959,1.63705,-2.28938,-1.03159,0.640828,-2.01525,1.27789,1.30809,1.64417,-1.8332,-1.72478,1.96933,0.21269,-0.942649,-0.841412,2.17787,-1.8652,-1.72545,1.96322,0.214743,-0.947042,-0.826632,2.2002,-14.4034,31.4911,-12.2039,-1.15384,0.0616625,2.21578,1.81843,-3.30681,4.46162,-1.15393,-1.17234,-0.353094,0.392966,1.23757
1721990,1,-2.28297,-1.03221,0.638138,-2.01386,1.27998,1.30875,1.63925,-2.29124,-1.03331,0.642791,-2.01503,1.27694,1.30727,1.64637,-1.83428,-1.7148,1.96952,0.214637,-0.94946,-0.836714,2.16969,-1.8652,-1.72253,1.96274,0.215095,-0.946175,-0.825007,2.2002,-14.6573,31.138,-12.2833,-1.3522,0.134905,2.17092,1.76075,-3.26407,4.41114,-1.16165,-1.13321,-0.348032,0.40048,1.24239
1721991,1,-2.28483,-1.03395,0.640154,-2.01362,1.27901,1.30795,1.64144,-2.29311,-1.03503,0.644753,-2.01482,1.276,1.30644,1.64857,-1.84048,-1.70289,1.96826,0.220426,-0.957686,-0.824439,2.18285,-1.8652,-1.7196,1.96227,0.215446,-0.945308,-0.823382,2.2002,-14.3796,31.2649,-12.8625,-1.74893,0.276811,1.88803,1.45588,-3.20534,4.29474,-1.13292,-1.07197,-0.343018,0.405819,1.24913
1721992,1,-2.28672,-1.03572,0.642162,-2.01339,1.2781,1.3071,1.64365,-2.29497,-1.03675,0.646715,-2.0146,1.27505,1.30562,1.65077,-1.84037,-1.71657,1.97777,0.222806,-0.939832,-0.824415,2.18987,-1.8652,-1.71667,1.96179,0.215798,-0.944441,-0.821756,2.2002,-13.9511,31.8957,-13.5211,-2.09805,-0.0857374,1.89443,1.28834,-3.14082,4.1479,-1.0887,-1.00366,-0.337981,0.409916,1.25727
1721993,1,-2.2886,-1.03747,0.644191,-2.01315,1.27719,1.30623,1.6459,-2.29684,-1.03846,0.648676,-2.01438,1.27411,1.3048,1.65297,-1.87813,-1.7291,1.993,0.228383,-0.916301,-0.845159,2.20491,-1.8652,-1.71375,1.96132,0.216149,-0.943574,-0.820131,2.2002,-13.9511,32.5027,-14.1558,-2.51858,-0.571882,2.2872,0.72529,-3.08214,4.02058,-1.06248,-0.945841,-0.333084,0.414516,1.26605
1721994,1,-2.2904,-1.03923,0.64619,-2.01292,1.27628,1.30536,1.64814,-2.29871,-1.04018,0.650637,-2.01417,1.27317,1.30398,1.65517,-1.85836,-1.73299,1.98428,0.226617,-0.910054,-0.854809,2.2307,-1.8652,-1.71082,1.96084,0.216501,-0.942707,-0.818505,2.2002,-14.4549,33.0343,-14.3066,-2.66934,-0.842879,2.54446,0.472605,-3.03493,3.94489,-1.07489,-0.908387,-0.328882,0.420946,1.27449
1721995,1,-2.29222,-1.04097,0.648145,-2.01269,1.27527,1.30452,1.65029,-2.30057,-1.04188,0.652598,-2.01395,1.27222,1.30316,1.65737,-1.83547,-1.71598,1.98182,0.227235,-0.942166,-0.846548,2.20649,-1.8652,-1.70789,1.96037,0.216852,-0.94184,-0.81688,2.2002,-15.1611,33.1097,-14.2074,-2.89151,-0.260603,2.40896,0.835154,-3.01298,3.92299,-1.11539,-0.896568,-0.326776,0.429676,1.2814
1721996,1,-2.29402,-1.04265,0.650116,-2.01244,1.27425,1.30372,1.65247,-2.30244,-1.04359,0.654557,-2.01373,1.27128,1.30235,1.65957,-1.82465,-1.70878,1.9626,0.233407,-0.966015,-0.832082,2.2446,-1.8652,-1.70497,1.95989,0.217204,-0.940973,-0.815255,2.2002,-15.7681,32.7527,-13.9019,-3.09384,0.378435,2.02261,1.20411,-3.0263,3.93566,-1.15711,-0.910481,-0.327674,0.439893,1.28594
1721997,1,-2.29587,-1.04432,0.652119,-2.01221,1.27328,1.30287,1.65465,-2.3043,-1.04529,0.656516,-2.01352,1.27034,1.30154,1.66177,-1.81888,-1.6821,1.97014,0.231424,-0.968058,-0.831935,2.23468,-1.8652,-1.70165,1.95876,0.217784,-0.93987,-0.813396,2.2002,-15.9427,32.1219,-13.9535,-3.14145,0.649431,2.06838,1.3982,-3.06512,3.95089,-1.17866,-0.939828,-0.330733,0.449891,1.28813
1721998,1,-2.29772,-1.04598,0.654107,-2.01198,1.27233,1.30198,1.65688,-2.30617,-1.04699,0.658474,-2.0133,1.2694,1.30072,1.66397,-1.82036,-1.67801,1.97947,0.231658,-0.955161,-0.859555,2.22618,-1.8652,-1.69834,1.95764,0.218365,-0.938767,-0.811537,2.2002,-16.0181,31.5664,-14.255,-3.14145,0.451677,2.56369,1.32679,-3.11339,3.94412,-1.1861,-0.968802,-0.333964,0.459722,1.2888
1721999,1,-2.29959,-1.04769,0.656158,-2.01175,1.27144,1.3011,1.65907,-2.30803,-1.04868,0.66043,-2.01308,1.26847,1.29991,1.66617,-1.83466,-1.68,1.99201,0.231175,-0.958662,-0.870725,2.21367,-1.8652,-1.69503,1.95651,0.218946,-0.937664,-0.809678,2.2002,-15.4904,31.5149,-15.1952,-2.99069,-0.102217,2.84109,1.30116,-3.16172,3.91953,-1.20527,-0.98984,-0.335583,0.471139,1.28888
1722000,1,-2.30149,-1.04945,0.658141,-2.01152,1.27048,1.30028,1.66129,-2.3099,-1.05037,0.662386,-2.01286,1.26753,1.29911,1.66837,-1.84828,-1.70097,1.991,0.22987,-0.962074,-0.852691,2.2083,-1.8652,-1.69172,1.95538,0.219527,-0.936561,-0.807819,2.2002,-14.7842,32.3242,-15.5721,-2.99069,-0.187361,2.57009,1.27552,-3.20693,3.90322,-1.25466,-1.007,-0.334849,0.48515,1.28884
1722001,1,-2.30334,-1.05118,0.660134,-2.01129,1.26953,1.29949,1.66349,-2.31176,-1.05206,0.66434,-2.01264,1.26659,1.2983,1.67057,-1.88601,-1.71143,1.98184,0.230595,-0.950358,-0.82755,2.19443,-1.8652,-1.6884,1.95425,0.220108,-0.935459,-0.80596,2.2002,-14.4311,33.0581,-15.6991,-2.94308,-0.25511,2.17733,1.54011,-3.24011,3.91297,-1.32962,-1.02481,-0.331931,0.50034,1.28876
1722002,1,-2.30518,-1.05291,0.662108,-2.01108,1.26859,1.29866,1.66568,-2.31363,-1.05375,0.666293,-2.01242,1.26566,1.2975,1.67277,-1.8707,-1.71176,1.97114,0.226463,-0.944324,-0.828107,2.2039,-1.8652,-1.68509,1.95312,0.220689,-0.934356,-0.8041,2.2002,-14.6811,33.562,-15.4968,-2.66934,-0.25511,2.04916,1.50166,-3.2529,3.94493,-1.4088,-1.04352,-0.327666,0.514212,1.28871
1722003,1,-2.307,-1.05459,0.664065,-2.01085,1.26765,1.29781,1.66789,-2.31549,-1.05543,0.668245,-2.0122,1.26473,1.29669,1.67497,-1.84125,-1.72091,1.96649,0.223683,-0.935082,-0.828264,2.20129,-1.8652,-1.68178,1.95199,0.22127,-0.933253,-0.802241,2.2002,-15.3873,33.312,-15.4214,-2.54635,-0.232222,2.14529,1.54652,-3.26887,4.00709,-1.47996,-1.07417,-0.324014,0.526577,1.28899
1722004,1,-2.30881,-1.05623,0.666058,-2.01063,1.2667,1.29699,1.6701,-2.31736,-1.05711,0.670196,-2.01197,1.26379,1.29589,1.67717,-1.8318,-1.69543,1.9706,0.223743,-0.947057,-0.825986,2.22292,-1.8652,-1.67847,1.95086,0.221851,-0.93215,-0.800382,2.2002,-15.8435,32.8796,-15.6991,-2.49478,0.123918,2.19656,1.61152,-3.31652,4.10611,-1.54453,-1.1263,-0.322587,0.538721,1.28991
1722005,1,-2.31068,-1.0579,0.668006,-2.0104,1.26572,1.29617,1.67228,-2.31922,-1.05878,0.672146,-2.01175,1.26286,1.2951,1.67937,-1.83938,-1.66953,1.95797,0.224611,-0.955815,-0.821408,2.21428,-1.8652,-1.67515,1.94974,0.222432,-0.931048,-0.798523,2.2002,-15.7403,32.7289,-15.9014,-2.61776,0.553301,2.21578,1.56025,-3.37909,4.19569,-1.5932,-1.18017,-0.322654,0.549941,1.29165
1722006,1,-2.31258,-1.05956,0.670005,-2.01016,1.26477,1.29534,1.6745,-2.32109,-1.06046,0.674094,-2.01153,1.26193,1.2943,1.68158,-1.89457,-1.66866,1.96733,0.223637,-0.940209,-0.829891,2.20545,-1.8652,-1.67184,1.94861,0.223013,-0.929945,-0.796664,2.2002,-14.9072,32.832,-16.4092,-2.72091,0.570696,2.51882,1.37898,-3.40799,4.21602,-1.61417,-1.20233,-0.321626,0.558107,1.29433
1722007,1,-2.31446,-1.06126,0.671981,-2.00993,1.26389,1.29448,1.67673,-2.32295,-1.06212,0.676041,-2.01131,1.26101,1.2935,1.68378,-1.88145,-1.66186,1.96224,0.228416,-0.917141,-0.833163,2.20785,-1.8652,-1.66818,1.9467,0.223809,-0.928616,-0.794594,2.2002,-14.6811,33.2089,-16.2069,-2.89151,0.106523,3.01504,0.970652,-3.37738,4.15775,-1.61561,-1.18155,-0.317682,0.562913,1.29784
1722008,1,-2.31633,-1.06297,0.673949,-2.00969,1.26301,1.29364,1.67893,-2.32482,-1.06379,0.677986,-2.01108,1.26008,1.29271,1.68598,-1.86603,-1.66355,1.96124,0.230693,-0.904151,-0.831165,2.19465,-1.8652,-1.66451,1.94479,0.224606,-0.927286,-0.792523,2.2002,-14.7842,33.6651,-16.2823,-3.01846,-0.418989,3.16976,1.04206,-3.31721,4.062,-1.61039,-1.14251,-0.312062,0.566576,1.30168
1722009,1,-2.31815,-1.06465,0.675922,-2.00946,1.26209,1.29286,1.68109,-2.32668,-1.06545,0.679929,-2.01086,1.25915,1.29192,1.68818,-1.85268,-1.65343,1.95599,0.230047,-0.903306,-0.8216,2.23227,-1.8652,-1.66085,1.94287,0.225402,-0.925957,-0.790452,2.2002,-15.2127,34.0182,-16.2069,-3.06607,-0.504133,2.96926,1.26179,-3.2694,3.97088,-1.60347,-1.1136,-0.307174,0.571563,1.30514
1722010,1,-2.31998,-1.06636,0.67785,-2.00923,1.26113,1.29211,1.68325,-2.32855,-1.06711,0.68187,-2.01063,1.25823,1.29113,1.69038,-1.82493,-1.65821,1.98653,0.231671,-0.921928,-0.787508,2.19924,-1.8652,-1.65719,1.94096,0.226199,-0.924628,-0.788382,2.2002,-15.7919,34.7522,-16.0522,-3.06607,-0.0738356,2.44833,1.76716,-3.25959,3.91471,-1.61147,-1.10944,-0.304519,0.580211,1.30783
1722011,1,-2.32182,-1.06802,0.679838,-2.00901,1.26019,1.2913,1.68549,-2.33041,-1.06876,0.683809,-2.0104,1.2573,1.29035,1.69258,-1.83555,-1.65497,1.97672,0.223487,-0.924288,-0.794113,2.19688,-1.8652,-1.65352,1.93905,0.226996,-0.923299,-0.786311,2.2002,-15.9943,34.9545,-16.4608,-2.8201,0.163286,2.44833,1.50807,-3.2971,3.91382,-1.65593,-1.13299,-0.30421,0.593971,1.31006
1722012,1,-2.32367,-1.06969,0.681852,-2.0088,1.2593,1.29047,1.68771,-2.33228,-1.07041,0.685746,-2.01017,1.25638,1.28956,1.69478,-1.83804,-1.65152,1.98578,0.217571,-0.917821,-0.808609,2.21492,-1.8652,-1.64986,1.93714,0.227792,-0.92197,-0.78424,2.2002,-16.1688,35.0537,-17.2424,-2.57016,0.027788,2.82186,1.11988,-3.36121,3.95231,-1.73301,-1.16726,-0.304765,0.611612,1.31243
1722013,1,-2.32552,-1.07134,0.683814,-2.00857,1.25837,1.28964,1.68993,-2.33414,-1.07206,0.687681,-2.00995,1.25546,1.28878,1.69698,-1.81475,-1.63491,1.97884,0.217843,-0.919826,-0.802287,2.21143,-1.8652,-1.6462,1.93523,0.228589,-0.920641,-0.78217,2.2002,-16.4981,34.5736,-17.774,-2.47097,0.0561693,3.04708,1.01643,-3.43474,4.00418,-1.82692,-1.19764,-0.305168,0.631533,1.3151
1722014,1,-2.32739,-1.07295,0.685805,-2.00834,1.25745,1.28887,1.6921,-2.33601,-1.0737,0.689614,-2.00972,1.25454,1.288,1.69918,-1.8314,-1.62557,1.98019,0.222612,-0.916801,-0.794229,2.20371,-1.8652,-1.64253,1.93332,0.229386,-0.919311,-0.780099,2.2002,-15.9943,34.1967,-18.3056,-2.57016,0.0845506,2.9244,1.22334,-3.51291,4.05134,-1.92218,-1.22163,-0.305471,0.652534,1.31764
1722015,1,-2.32926,-1.0746,0.687772,-2.0081,1.25652,1.28812,1.69429,-2.33787,-1.07534,0.691546,-2.00949,1.25362,1.28722,1.70138,-1.83135,-1.61565,1.96775,0.223864,-0.917877,-0.776411,2.18621,-1.8652,-1.63887,1.93141,0.230182,-0.917982,-0.778029,2.2002,-15.9427,34.1174,-18.4088,-2.72091,0.191667,2.51882,1.46321,-3.58035,4.07365,-2.00199,-1.2346,-0.30541,0.672698,1.31963
1722016,1,-2.33111,-1.07624,0.689703,-2.00788,1.25558,1.28734,1.69651,-2.33974,-1.07697,0.693475,-2.00926,1.25271,1.28645,1.70358,-1.83039,-1.62313,1.95312,0.225627,-0.922351,-0.786558,2.18198,-1.8652,-1.63521,1.9295,0.230979,-0.916653,-0.775958,2.2002,-16.0934,34.2721,-18.4326,-2.66934,0.202654,2.52523,1.46321,-3.63213,4.06954,-2.05311,-1.23916,-0.304911,0.690367,1.32106
1722017,1,-2.33292,-1.07791,0.691683,-2.00765,1.25469,1.28652,1.69871,-2.3416,-1.0786,0.695402,-2.00902,1.25179,1.28567,1.70578,-1.81585,-1.62774,1.95101,0.230697,-0.926904,-0.792942,2.18587,-1.8652,-1.63123,1.92676,0.231966,-0.915109,-0.773701,2.2002,-16.5497,34.7522,-18.8134,-2.54635,-0.0289747,2.90518,1.3982,-3.68762,4.06769,-2.07654,-1.25226,-0.304661,0.705504,1.32227
1722018,1,-2.33475,-1.07958,0.693638,-2.00744,1.25375,1.28572,1.70093,-2.34347,-1.08023,0.697326,-2.00879,1.25088,1.2849,1.70798,-1.80941,-1.62973,1.95593,0.226681,-0.927239,-0.794493,2.19277,-1.8652,-1.62725,1.92402,0.232953,-0.913565,-0.771444,2.2002,-16.8274,35.0815,-19.2697,-2.27261,0.112016,3.12399,1.23615,-3.76852,4.10048,-2.09208,-1.28816,-0.305298,0.719851,1.32355
1722019,1,-2.3366,-1.08119,0.695612,-2.00722,1.25277,1.28495,1.70315,-2.34534,-1.08185,0.699247,-2.00856,1.24997,1.28413,1.71018,-1.85561,-1.62552,1.95627,0.219943,-0.93366,-0.784328,2.18829,-1.8652,-1.62327,1.92128,0.23394,-0.912021,-0.769188,2.2002,-16.6489,34.9783,-19.5236,-2.09805,0.451677,3.03427,1.18489,-3.85723,4.15878,-2.11611,-1.33152,-0.305674,0.734335,1.32493
1722020,1,-2.33849,-1.08281,0.697611,-2.007,1.25185,1.28418,1.70533,-2.3472,-1.08347,0.701166,-2.00832,1.24906,1.28336,1.71238,-1.86996,-1.6087,1.96513,0.22061,-0.939319,-0.777177,2.18318,-1.8652,-1.61929,1.91854,0.234927,-0.910477,-0.766931,2.2002,-16.0458,34.7522,-20.0274,-2.02267,0.558794,2.96286,1.1977,-3.90321,4.19511,-2.15114,-1.34591,-0.30314,0.748056,1.32624
1722021,1,-2.34038,-1.0844,0.699529,-2.00678,1.25094,1.28337,1.70756,-2.34907,-1.08509,0.703082,-2.00809,1.24815,1.2826,1.71458,-1.86282,-1.59986,1.94332,0.217231,-0.92231,-0.782584,2.18848,-1.8652,-1.61531,1.9158,0.235914,-0.908933,-0.764674,2.2002,-15.8157,34.5736,-20.0274,-1.94729,0.26491,3.14321,0.97706,-3.88845,4.17829,-2.18649,-1.317,-0.296811,0.760165,1.32729
1722022,1,-2.3422,-1.086,0.701488,-2.00655,1.25005,1.2826,1.70974,-2.35093,-1.0867,0.704995,-2.00785,1.24724,1.28184,1.71678,-1.84926,-1.59075,1.93812,0.218341,-0.902299,-0.782041,2.18881,-1.8652,-1.61133,1.91306,0.236901,-0.907389,-0.762417,2.2002,-15.9427,34.4467,-20.1821,-1.99887,-0.0454542,3.20822,1.11347,-3.83916,4.11404,-2.20382,-1.26062,-0.28838,0.770602,1.32788
1722023,1,-2.34405,-1.08765,0.703401,-2.00632,1.24914,1.28184,1.71194,-2.3528,-1.08831,0.706905,-2.00761,1.24633,1.28108,1.71898,-1.83995,-1.5913,1.9326,0.217242,-0.90378,-0.770749,2.17906,-1.8652,-1.60735,1.91032,0.237888,-0.905845,-0.76016,2.2002,-16.2958,34.9545,-20.1067,-1.99887,-0.0518629,3.02786,1.22975,-3.78883,4.02868,-2.1996,-1.19946,-0.280028,0.780273,1.32778
1722024,1,-2.34591,-1.08929,0.705361,-2.0061,1.24819,1.28109,1.71413,-2.35466,-1.08991,0.708813,-2.00737,1.24543,1.28032,1.72118,-1.86139,-1.60786,1.93372,0.216706,-0.912247,-0.761527,2.17509,-1.8652,-1.60337,1.90758,0.238875,-0.904301,-0.757904,2.2002,-16.4743,35.7122,-20.4598,-1.89969,0.197161,2.89236,1.44306,-3.75311,3.95425,-2.18899,-1.14761,-0.272665,0.790196,1.32699
1722025,1,-2.34774,-1.09094,0.707333,-2.00587,1.24727,1.28031,1.71632,-2.35653,-1.09151,0.710717,-2.00713,1.24453,1.27956,1.72338,-1.84145,-1.61508,1.942,0.225111,-0.914016,-0.770005,2.17674,-1.8652,-1.5994,1.90484,0.239862,-0.902757,-0.755647,2.2002,-16.5973,36.47,-20.7891,-1.99887,0.412309,3.02786,1.41102,-3.74193,3.92696,-2.19611,-1.11688,-0.266508,0.801455,1.32579
1722026,1,-2.34959,-1.0926,0.709282,-2.00563,1.24637,1.27949,1.71853,-2.35839,-1.09311,0.71262,-2.00689,1.24363,1.27881,1.72558,-1.82336,-1.61727,1.94145,0.22656,-0.907321,-0.782721,2.16913,-1.8652,-1.59542,1.90211,0.240849,-0.901213,-0.75339,2.2002,-16.875,37.2039,-21.4199,-2.04647,0.304277,3.48471,1.38539,-3.78051,3.97978,-2.24063,-1.12488,-0.262433,0.815857,1.32463
1722027,1,-2.35142,-1.09419,0.711251,-2.00541,1.24547,1.27871,1.72072,-2.36026,-1.0947,0.714518,-2.00665,1.24273,1.27806,1.72778,-1.83313,-1.60756,1.93499,0.225151,-0.897464,-0.786461,2.21647,-1.8652,-1.59116,1.89856,0.24199,-0.899468,-0.750975,2.2002,-16.9781,37.2039,-22.0031,-1.99887,0.174272,3.6907,1.30116,-3.87285,4.1052,-2.31815,-1.17058,-0.260528,0.833785,1.32383
1722028,1,-2.35329,-1.09578,0.713173,-2.00517,1.24457,1.27798,1.72289,-2.36212,-1.09628,0.716413,-2.00641,1.24183,1.27731,1.72998,-1.83503,-1.59009,1.93275,0.232225,-0.906414,-0.762572,2.19106,-1.8652,-1.5869,1.89501,0.243131,-0.897723,-0.748561,2.2002,-16.8512,36.9262,-22.1063,-2.14566,0.225542,3.33639,1.5337,-3.98566,4.25361,-2.40642,-1.2294,-0.259517,0.853451,1.32341
1722029,1,-2.35515,-1.09731,0.715085,-2.00494,1.24366,1.27727,1.72512,-2.36399,-1.09787,0.718305,-2.00616,1.24093,1.27656,1.73218,-1.83152,-1.56607,1.91808,0.231778,-0.903348,-0.757199,2.19619,-1.8652,-1.58264,1.89147,0.244272,-0.895978,-0.746146,2.2002,-16.8512,36.0891,-21.8286,-2.22104,0.327165,2.85391,1.40461,-4.08701,4.37255,-2.47994,-1.27883,-0.258419,0.872585,1.32339
1722030,1,-2.35699,-1.09885,0.717049,-2.00471,1.24278,1.27653,1.72729,-2.36585,-1.09944,0.720193,-2.00592,1.24004,1.27582,1.73438,-1.82645,-1.55042,1.91853,0.228283,-0.88886,-0.748969,2.18909,-1.8652,-1.57838,1.88792,0.245413,-0.894232,-0.743731,2.2002,-16.8274,35.2322,-22.1301,-2.14566,0.174272,2.75045,1.35884,-4.16256,4.42939,-2.52152,-1.30575,-0.25685,0.889637,1.32388
1722031,1,-2.35883,-1.10041,0.71896,-2.00448,1.24188,1.27574,1.72951,-2.36772,-1.10102,0.722077,-2.00567,1.23915,1.27508,1.73658,-1.81326,-1.54043,1.92239,0.231518,-0.89298,-0.758378,2.19059,-1.8652,-1.57412,1.88437,0.246554,-0.892487,-0.741316,2.2002,-17.0297,34.776,-22.3086,-2.17343,0.168779,3.07913,1.23615,-4.21714,4.42668,-2.53832,-1.31026,-0.25489,0.904793,1.32491
1722032,1,-2.36067,-1.10199,0.7209,-2.00425,1.24096,1.27495,1.73176,-2.36958,-1.10259,0.723958,-2.00542,1.23826,1.27434,1.73878,-1.8261,-1.55596,1.91139,0.234953,-0.907597,-0.767761,2.20429,-1.8652,-1.56986,1.88082,0.247696,-0.890742,-0.738902,2.2002,-16.9543,35.1053,-22.864,-2.12185,0.220049,3.49752,0.957834,-4.26681,4.39806,-2.54927,-1.30616,-0.252925,0.919024,1.3263
1722033,1,-2.36257,-1.10359,0.722845,-2.00401,1.24007,1.2742,1.73395,-2.37145,-1.10415,0.725835,-2.00517,1.23737,1.2736,1.74098,-1.82897,-1.55658,1.91025,0.234133,-0.900617,-0.759555,2.20015,-1.8652,-1.5656,1.87728,0.248837,-0.888996,-0.736487,2.2002,-16.4743,35.6369,-23.3956,-2.17343,0.293291,3.58816,0.957834,-4.31875,4.37616,-2.56502,-1.30529,-0.250959,0.932727,1.32758
1722034,1,-2.36448,-1.10517,0.724722,-2.00377,1.23914,1.27345,1.73618,-2.37331,-1.10572,0.727709,-2.00492,1.23648,1.27287,1.74318,-1.84969,-1.59898,1.9032,0.236496,-0.901611,-0.766345,2.19534,-1.8652,-1.56134,1.87373,0.249978,-0.887251,-0.734072,2.2002,-15.9943,36.1407,-23.1417,-2.24881,0.469072,3.46548,0.892832,-4.37637,4.39275,-2.59723,-1.31693,-0.248819,0.946617,1.32821
1722035,1,-2.36635,-1.10674,0.726636,-2.00353,1.23829,1.27271,1.73834,-2.37518,-1.10727,0.729579,-2.00467,1.23559,1.27214,1.74538,-1.85355,-1.58874,1.90086,0.235226,-0.901072,-0.760634,2.18287,-1.8652,-1.55708,1.87018,0.251119,-0.885506,-0.731657,2.2002,-15.5896,36.2677,-23.1417,-2.17343,0.078142,3.40139,1.18489,-4.44113,4.47037,-2.6558,-1.34691,-0.24622,0.961451,1.32776
1722036,1,-2.36821,-1.10828,0.728514,-2.0033,1.23742,1.27197,1.74056,-2.37704,-1.10883,0.731446,-2.00442,1.23471,1.27141,1.74758,-1.84109,-1.57109,1.89122,0.234973,-0.890507,-0.751533,2.19604,-1.8652,-1.55283,1.86664,0.25226,-0.883761,-0.729243,2.2002,-15.7403,36.0138,-23.0425,-2.12185,-0.119612,3.35012,1.17115,-4.50432,4.58225,-2.72878,-1.38543,-0.243013,0.97679,1.32622
1722037,1,-2.37005,-1.1098,0.730394,-2.00307,1.23651,1.27126,1.74279,-2.37891,-1.11037,0.733308,-2.00417,1.23383,1.27068,1.74978,-1.85098,-1.55509,1.88673,0.232186,-0.888994,-0.738831,2.19663,-1.8652,-1.54832,1.86235,0.253509,-0.881829,-0.7267,2.2002,-16.3235,35.7876,-22.7371,-1.97506,-0.0115797,3.10476,1.22334,-4.55185,4.67726,-2.79283,-1.41498,-0.239478,0.991385,1.32389
1722038,1,-2.37192,-1.11136,0.732333,-2.00283,1.23559,1.27053,1.74498,-2.38077,-1.11192,0.735166,-2.00391,1.23295,1.26996,1.75198,-1.85781,-1.55077,1.89224,0.230986,-0.896114,-0.730834,2.19296,-1.8652,-1.54381,1.85806,0.254758,-0.879897,-0.724158,2.2002,-16.2442,36.0138,-23.2964,-1.97506,0.310686,2.91159,1.2682,-4.56848,4.72735,-2.84204,-1.42146,-0.235476,1.00449,1.32113
1722039,1,-2.37379,-1.11294,0.734232,-2.00257,1.23467,1.26977,1.7472,-2.38264,-1.11346,0.73702,-2.00366,1.23207,1.26924,1.75418,-1.84718,-1.54589,1.88901,0.240947,-0.90881,-0.73834,2.19045,-1.8652,-1.53931,1.85378,0.256007,-0.877965,-0.721615,2.2002,-16.3235,36.47,-23.7527,-2.17343,0.524919,3.04708,1.22334,-4.55875,4.74125,-2.88745,-1.40793,-0.231045,1.01648,1.31825
1722040,1,-2.37563,-1.1145,0.736176,-2.00232,1.23377,1.26898,1.74942,-2.3845,-1.11499,0.738869,-2.0034,1.23119,1.26852,1.75638,-1.84023,-1.55752,1.89314,0.242549,-0.901287,-0.758665,2.22374,-1.8652,-1.5348,1.84949,0.257257,-0.876033,-0.719073,2.2002,-16.4981,37.1008,-24.6136,-2.27261,0.502947,3.60098,1.30116,-4.55328,4.7569,-2.94364,-1.3969,-0.22706,1.02864,1.31547
1722041,1,-2.3775,-1.11608,0.738065,-2.00207,1.2329,1.2682,1.75159,-2.38637,-1.11652,0.740714,-2.00314,1.23032,1.2678,1.75858,-1.83982,-1.55216,1.93252,0.24799,-0.882836,-0.765292,2.21466,-1.8652,-1.5303,1.84521,0.258506,-0.874102,-0.71653,2.2002,-16.4981,37.7832,-25.0659,-2.4194,0.26491,4.01297,1.44947,-4.57669,4.81451,-3.04187,-1.40552,-0.223946,1.04385,1.31298
1722042,1,-2.37939,-1.11763,0.739958,-2.00182,1.23201,1.26748,1.7538,-2.38823,-1.11805,0.742555,-2.00288,1.22945,1.26709,1.76078,-1.87918,-1.55371,1.91731,0.243852,-0.877239,-0.750794,2.20999,-1.8652,-1.52579,1.84092,0.259755,-0.87217,-0.713988,2.2002,-16.3711,38.291,-25.2444,-2.3956,0.24843,3.76211,1.54652,-4.61248,4.9136,-3.2031,-1.42387,-0.220622,1.06368,1.31099
1722043,1,-2.38122,-1.11919,0.741816,-2.00159,1.23111,1.2668,1.75597,-2.3901,-1.11957,0.744392,-2.00262,1.22858,1.26638,1.76298,-1.86135,-1.53979,1.88943,0.241114,-0.883421,-0.727104,2.19707,-1.8652,-1.52128,1.83663,0.261004,-0.870238,-0.711445,2.2002,-16.5973,38.7433,-24.9151,-2.22104,0.34456,3.12399,1.57307,-4.62621,5.01028,-3.38749,-1.43016,-0.215876,1.08497,1.30968
1722044,1,-2.38308,-1.12071,0.743686,-2.00134,1.23023,1.26608,1.75818,-2.39197,-1.12109,0.746224,-2.00236,1.22771,1.26567,1.76518,-1.84022,-1.52459,1.88905,0.243311,-0.870344,-0.723956,2.18521,-1.8652,-1.51678,1.83235,0.262253,-0.868306,-0.708903,2.2002,-16.8274,38.4655,-25.169,-2.19723,0.355547,2.95004,1.52088,-4.62332,5.07683,-3.54307,-1.42416,-0.210513,1.10447,1.30921
1722045,1,-2.38488,-1.12218,0.745574,-2.00109,1.22936,1.2653,1.76041,-2.39383,-1.1226,0.748052,-2.00209,1.22684,1.26496,1.76738,-1.8377,-1.49502,1.88313,0.241864,-0.861674,-0.742533,2.22899,-1.8652,-1.51227,1.82806,0.263502,-0.866374,-0.70636,2.2002,-17.4066,37.8586,-25.5975,-2.04647,0.146807,3.33639,1.28834,-4.62212,5.10451,-3.65634,-1.41141,-0.205752,1.1217,1.30976
1722046,1,-2.38675,-1.12365,0.747475,-2.00082,1.22847,1.26454,1.76262,-2.3957,-1.12411,0.749876,-2.00183,1.22598,1.26426,1.76958,-1.84285,-1.47268,1.87568,0.252285,-0.871385,-0.747542,2.23041,-1.8652,-1.50777,1.82377,0.264752,-0.864443,-0.703818,2.2002,-17.3312,36.9738,-26.1053,-2.37179,0.355547,3.56253,1.02284,-4.6127,5.07195,-3.72555,-1.38293,-0.20149,1.13619,1.31123
1722047,1,-2.38867,-1.1251,0.749338,-2.00055,1.22759,1.26381,1.76485,-2.39756,-1.12561,0.751695,-2.00156,1.22512,1.26356,1.77178,-1.85925,-1.49298,1.86646,0.257446,-0.867696,-0.756141,2.22551,-1.8652,-1.50305,1.81885,0.266055,-0.86234,-0.701179,2.2002,-16.625,36.3192,-26.4584,-2.64553,0.474565,3.63943,0.770151,-4.58651,4.98462,-3.756,-1.33954,-0.197433,1.14762,1.31314
1722048,1,-2.39057,-1.12658,0.751208,-2.00028,1.2267,1.26306,1.76704,-2.39943,-1.12711,0.753509,-2.0013,1.22426,1.26286,1.77398,-1.87316,-1.48364,1.85836,0.267387,-0.876628,-0.754271,2.22035,-1.8652,-1.49833,1.81393,0.267358,-0.860237,-0.698539,2.2002,-15.8673,35.863,-26.5853,-2.8439,0.729082,3.74929,0.770151,-4.54699,4.87791,-3.76375,-1.29434,-0.193351,1.1565,1.31471
1722049,1,-2.39248,-1.12809,0.753024,-2.00003,1.22586,1.26228,1.76924,-2.40129,-1.1286,0.755318,-2.00103,1.2234,1.26216,1.77618,-1.8703,-1.47555,1.8516,0.264521,-0.862598,-0.759619,2.21022,-1.8652,-1.4936,1.809,0.268661,-0.858135,-0.6959,2.2002,-15.3396,35.99,-26.4346,-2.79232,0.451677,4.06423,1.00361,-4.49413,4.7637,-3.75742,-1.25129,-0.188765,1.16349,1.31522
1722050,1,-2.39433,-1.1296,0.754881,-1.99979,1.22504,1.26154,1.77148,-2.40316,-1.13009,0.757122,-2.00076,1.22254,1.26147,1.77838,-1.86368,-1.49053,1.84719,0.253693,-0.848962,-0.755193,2.21309,-1.8652,-1.48888,1.80408,0.269964,-0.856032,-0.693261,2.2002,-15.3396,36.5692,-26.4584,-2.37179,0.0506761,4.14846,0.945017,-4.43749,4.65173,-3.74579,-1.2122,-0.183517,1.17024,1.31435
1722051,1,-2.39617,-1.13113,0.75672,-1.99954,1.22419,1.26085,1.77367,-2.40502,-1.13157,0.758921,-2.00049,1.22169,1.26078,1.78058,-1.83705,-1.49005,1.83604,0.252118,-0.844399,-0.730214,2.21185,-1.8652,-1.48416,1.79916,0.271267,-0.853929,-0.690622,2.2002,-15.8911,37.2793,-26.2838,-2.17343,0.0222948,3.66506,1.0677,-4.40519,4.57344,-3.74009,-1.1899,-0.178541,1.17889,1.31216
1722052,1,-2.39805,-1.13264,0.758558,-1.99929,1.2233,1.26018,1.77591,-2.40689,-1.13305,0.760715,-2.00021,1.22084,1.26009,1.78278,-1.83958,-1.52793,1.84365,0.249831,-0.85314,-0.707819,2.21131,-1.8652,-1.47944,1.79423,0.27257,-0.851827,-0.687983,2.2002,-16.0696,38.0609,-26.5853,-1.94729,0.378435,3.12399,1.00361,-4.42706,4.56977,-3.75457,-1.2034,-0.17527,1.19077,1.3088
1722053,1,-2.39988,-1.13414,0.760424,-1.99901,1.22244,1.25948,1.7781,-2.40875,-1.13453,0.762505,-1.99994,1.21999,1.2594,1.78498,-1.82927,-1.51451,1.8417,0.257753,-0.859365,-0.695247,2.21102,-1.8652,-1.47472,1.78931,0.273874,-0.849724,-0.685344,2.2002,-16.4227,38.4417,-27.1685,-2.09805,0.558794,2.93081,1.01002,-4.51205,4.66605,-3.80682,-1.26156,-0.174135,1.20602,1.30451
1722054,1,-2.40176,-1.13562,0.762276,-1.99875,1.22158,1.25872,1.78033,-2.41062,-1.136,0.764289,-1.99966,1.21914,1.25872,1.78718,-1.83379,-1.49741,1.84523,0.257095,-0.852909,-0.713694,2.20653,-1.8652,-1.47,1.78439,0.275177,-0.847621,-0.682705,2.2002,-16.4743,38.4933,-28.0532,-2.12185,0.599077,3.40139,0.867197,-4.63743,4.82951,-3.89368,-1.34826,-0.174313,1.22314,1.29959
1722055,1,-2.40361,-1.13708,0.764142,-1.99848,1.22073,1.25796,1.78255,-2.41248,-1.13746,0.766069,-1.99939,1.21829,1.25804,1.78938,-1.87246,-1.48293,1.84114,0.257752,-0.846625,-0.732537,2.19353,-1.8652,-1.46528,1.77946,0.27648,-0.845518,-0.680066,2.2002,-16.5219,38.5171,-28.7396,-2.22104,0.519426,4.02578,0.9322,-4.75017,4.989,-3.99831,-1.42524,-0.173691,1.24001,1.29431
1722056,1,-2.40551,-1.13854,0.765984,-1.99821,1.21986,1.25725,1.78473,-2.41435,-1.13892,0.767843,-1.99911,1.21745,1.25736,1.79159,-1.88208,-1.46829,1.83386,0.263241,-0.861882,-0.723353,2.19153,-1.8652,-1.46056,1.77454,0.277783,-0.843416,-0.677427,2.2002,-16.2204,38.5409,-28.8387,-2.3956,0.791338,4.07705,1.1327,-4.79828,5.08824,-4.1043,-1.45927,-0.170052,1.25485,1.28874
1722057,1,-2.4074,-1.14003,0.767756,-1.99795,1.21901,1.25657,1.78693,-2.41621,-1.14038,0.769612,-1.99883,1.21661,1.25669,1.79379,-1.86923,-1.46015,1.8167,0.258944,-0.863775,-0.702557,2.18525,-1.8652,-1.45565,1.7691,0.27908,-0.841158,-0.674722,2.2002,-16.0696,38.7948,-28.4341,-2.22104,0.830705,3.85824,1.3332,-4.77857,5.11292,-4.19271,-1.44873,-0.163155,1.26689,1.28294
1722058,1,-2.40923,-1.14148,0.769578,-1.9977,1.21817,1.25589,1.78911,-2.41808,-1.14183,0.771376,-1.99855,1.21577,1.25602,1.79599,-1.85465,-1.45787,1.81711,0.255015,-0.845628,-0.699423,2.18322,-1.8652,-1.45074,1.76366,0.280377,-0.8389,-0.672018,2.2002,-16.3473,38.8226,-28.3825,-1.99887,0.587175,3.80697,1.36524,-4.7288,5.08801,-4.25612,-1.41464,-0.154297,1.27708,1.2772
1722059,1,-2.41107,-1.14295,0.771364,-1.99745,1.21736,1.2552,1.79133,-2.41994,-1.14328,0.773134,-1.99827,1.21493,1.25535,1.79819,-1.83872,-1.44731,1.81094,0.248956,-0.830913,-0.689093,2.18048,-1.8652,-1.44584,1.75822,0.281674,-0.836643,-0.669313,2.2002,-16.8274,38.9456,-28.4103,-1.74893,0.174272,3.84542,1.24897,-4.68572,5.04634,-4.30342,-1.37636,-0.144901,1.28729,1.27198
1722060,1,-2.41294,-1.1444,0.773189,-1.9972,1.21651,1.25452,1.79357,-2.42181,-1.14472,0.774887,-1.99799,1.2141,1.25468,1.80039,-1.8394,-1.44703,1.80874,0.249278,-0.837726,-0.684089,2.1937,-1.8652,-1.44093,1.75279,0.282972,-0.834385,-0.666609,2.2002,-16.9266,39.2233,-28.8149,-1.60214,0.106523,3.78775,0.97706,-4.66484,5.00619,-4.3441,-1.34212,-0.13592,1.29853,1.26759
1722061,1,-2.41481,-1.14586,0.774987,-1.99693,1.21566,1.25383,1.79576,-2.42367,-1.14615,0.776634,-1.9977,1.21327,1.25402,1.80259,-1.84104,-1.44112,1.80553,0.254218,-0.839845,-0.685003,2.20112,-1.8652,-1.43602,1.74735,0.284269,-0.832127,-0.663905,2.2002,-16.6489,39.4018,-28.9935,-1.62594,0.180681,3.83901,0.892832,-4.66413,4.976,-4.38508,-1.31362,-0.127859,1.31079,1.26391
1722062,1,-2.41674,-1.1473,0.776756,-1.99666,1.21478,1.25312,1.79797,-2.42554,-1.14758,0.778376,-1.99742,1.21244,1.25336,1.80479,-1.85689,-1.43498,1.80384,0.260102,-0.848634,-0.688072,2.18895,-1.8652,-1.43111,1.74191,0.285566,-0.82987,-0.6612,2.2002,-15.9704,39.2511,-29.0173,-1.74893,0.480058,4.08987,0.957834,-4.67033,4.95497,-4.43174,-1.28803,-0.120787,1.32365,1.26054
1722063,1,-2.41863,-1.14869,0.778531,-1.99639,1.21393,1.2524,1.80012,-2.4274,-1.14901,0.780113,-1.99713,1.21161,1.2527,1.80699,-1.87737,-1.42019,1.7878,0.260636,-0.847702,-0.701479,2.22406,-1.8652,-1.42621,1.73647,0.286863,-0.827612,-0.658496,2.2002,-15.415,38.6956,-28.8903,-1.72512,0.480058,4.52841,1.21693,-4.65629,4.92201,-4.47785,-1.25227,-0.113853,1.33602,1.25709
1722064,1,-2.42051,-1.15007,0.78032,-1.99613,1.21312,1.2517,1.80233,-2.42927,-1.15043,0.781844,-1.99684,1.21078,1.25204,1.80919,-1.86744,-1.39213,1.77464,0.260816,-0.833689,-0.702741,2.2069,-1.8652,-1.4213,1.73103,0.28816,-0.825354,-0.655791,2.2002,-15.3119,37.8863,-28.9657,-1.70132,0.34456,4.67031,1.17756,-4.59991,4.84306,-4.50226,-1.19177,-0.106242,1.34678,1.25352
1722065,1,-2.42237,-1.15144,0.782058,-1.99586,1.21228,1.25107,1.80456,-2.43113,-1.15185,0.783569,-1.99655,1.20996,1.25139,1.81139,-1.84324,-1.41054,1.75683,0.260228,-0.827125,-0.692174,2.20525,-1.8652,-1.41639,1.72559,0.289457,-0.823096,-0.653087,2.2002,-15.7681,37.3547,-28.8665,-1.67355,0.355547,4.19332,1.0677,-4.52448,4.72369,-4.4913,-1.11879,-0.0990024,1.35658,1.25
1722066,1,-2.42422,-1.15285,0.783849,-1.99559,1.21143,1.25047,1.80672,-2.433,-1.15326,0.785289,-1.99626,1.20914,1.25074,1.81359,-1.84899,-1.4111,1.7523,0.264216,-0.841626,-0.658018,2.19008,-1.8652,-1.41148,1.72015,0.290754,-0.820839,-0.650383,2.2002,-15.9427,37.2555,-29.2712,-1.60214,0.592668,3.49111,1.23615,-4.47407,4.61384,-4.45489,-1.0635,-0.093661,1.36679,1.24659
1722067,1,-2.4261,-1.15431,0.785591,-1.99532,1.2106,1.2498,1.80896,-2.43486,-1.15467,0.787004,-1.99597,1.20832,1.25009,1.81579,-1.83973,-1.41975,1.74644,0.263216,-0.835356,-0.653464,2.19831,-1.8652,-1.40641,1.71433,0.291982,-0.818442,-0.647643,2.2002,-16.0181,37.8586,-29.4219,-1.55056,0.654924,3.43344,0.97706,-4.46324,4.54645,-4.41272,-1.03885,-0.0902128,1.37762,1.24325
1722068,1,-2.42795,-1.15574,0.787396,-1.99507,1.20978,1.2491,1.8112,-2.43673,-1.15607,0.788712,-1.99568,1.20751,1.24945,1.81799,-1.8423,-1.42565,1.76121,0.257398,-0.825933,-0.666076,2.20094,-1.8652,-1.40135,1.70851,0.29321,-0.816045,-0.644904,2.2002,-16.0696,38.5687,-30.2313,-1.30062,0.469072,3.92324,0.835154,-4.49025,4.5358,-4.39163,-1.04246,-0.0878657,1.38966,1.24002
1722069,1,-2.42983,-1.15718,0.789197,-1.99479,1.20897,1.24839,1.8134,-2.4386,-1.15746,0.790415,-1.99538,1.20669,1.2488,1.82019,-1.84009,-1.42703,1.7719,0.261816,-0.830102,-0.681031,2.20234,-1.8652,-1.39628,1.70269,0.294438,-0.813647,-0.642165,2.2002,-16.0696,39.2511,-30.9176,-1.25302,0.423296,4.522,0.815928,-4.55008,4.59169,-4.42387,-1.06755,-0.0858429,1.40476,1.2368
1722070,1,-2.43173,-1.15859,0.790931,-1.99453,1.20813,1.24774,1.81559,-2.44046,-1.15885,0.792112,-1.99509,1.20588,1.24816,1.82239,-1.85382,-1.42447,1.77083,0.261548,-0.827101,-0.662917,2.18879,-1.8652,-1.39121,1.69686,0.295665,-0.81125,-0.639425,2.2002,-15.8911,39.6557,-31.0922,-1.07846,0.638445,4.48355,1.1327,-4.62707,4.70402,-4.52059,-1.10361,-0.0835247,1.42371,1.2333
1722071,1,-2.43358,-1.15997,0.792685,-1.99426,1.20729,1.24714,1.81774,-2.44233,-1.16024,0.793803,-1.99479,1.20507,1.24753,1.82459,-1.85536,-1.4051,1.7608,0.261331,-0.829557,-0.636691,2.18445,-1.8652,-1.38614,1.69104,0.296893,-0.808853,-0.636686,2.2002,-15.7919,39.628,-31.2707,-0.880093,0.807817,4.08346,1.51448,-4.69467,4.83449,-4.65795,-1.13416,-0.080201,1.44485,1.22941
1722072,1,-2.43544,-1.16133,0.794372,-1.994,1.20648,1.24652,1.81997,-2.44419,-1.16162,0.795488,-1.99449,1.20426,1.24689,1.82679,-1.84108,-1.37722,1.74438,0.258084,-0.831376,-0.626284,2.19352,-1.8652,-1.38107,1.68522,0.298121,-0.806456,-0.633947,2.2002,-16.0458,38.9734,-30.9176,-0.681728,0.751055,3.91683,1.33961,-4.73397,4.93164,-4.79253,-1.14323,-0.07538,1.46542,1.22549
1722073,1,-2.43726,-1.16265,0.796125,-1.99375,1.2057,1.24587,1.82221,-2.44606,-1.163,0.797167,-1.99419,1.20346,1.24626,1.82899,-1.87122,-1.36216,1.74346,0.252283,-0.810224,-0.632062,2.20494,-1.8652,-1.376,1.67939,0.299349,-0.804059,-0.631207,2.2002,-16.5497,38.3386,-31.2191,-0.356411,0.480058,4.07705,1.05488,-4.72912,4.95458,-4.89414,-1.1157,-0.0685089,1.48339,1.22216
1722074,1,-2.43913,-1.16399,0.797854,-1.99349,1.2049,1.24522,1.82442,-2.44792,-1.16437,0.798841,-1.99389,1.20266,1.24563,1.83119,-1.87131,-1.34804,1.72972,0.258567,-0.805643,-0.633411,2.20425,-1.8652,-1.37093,1.67357,0.300576,-0.801662,-0.628468,2.2002,-16.4981,37.8863,-31.2945,-0.308804,0.45717,4.18692,0.841562,-4.66267,4.88783,-4.95815,-1.04099,-0.0591055,1.49796,1.21965
1722075,1,-2.44103,-1.16536,0.799565,-1.99321,1.20405,1.24459,1.82664,-2.44979,-1.16573,0.800509,-1.99359,1.20186,1.24501,1.83339,-1.86789,-1.35112,1.72413,0.264264,-0.816012,-0.629416,2.19462,-1.8652,-1.36586,1.66775,0.301804,-0.799265,-0.625729,2.2002,-16.145,37.9379,-31.5762,-0.455593,0.700701,4.16769,0.763743,-4.55255,4.75629,-4.991,-0.934951,-0.0483192,1.50953,1.21759
1722076,1,-2.44294,-1.16673,0.801317,-1.99293,1.20325,1.24394,1.82882,-2.45165,-1.1671,0.802171,-1.99329,1.20106,1.24439,1.83559,-1.88166,-1.36124,1.72522,0.268717,-0.809654,-0.633449,2.21225,-1.8652,-1.36079,1.66192,0.303032,-0.796868,-0.62299,2.2002,-15.3873,38.3148,-32.1832,-0.507168,0.700701,4.45059,1.10707,-4.43484,4.61165,-5.01264,-0.825782,-0.0376015,1.51969,1.21538
1722077,1,-2.44485,-1.16812,0.803006,-1.99266,1.20245,1.24325,1.83101,-2.45352,-1.16845,0.803827,-1.99298,1.20027,1.24376,1.83779,-1.87394,-1.35787,1.74402,0.266128,-0.806654,-0.651545,2.21133,-1.8652,-1.35559,1.65584,0.304126,-0.794346,-0.620244,2.2002,-14.9072,38.8702,-32.2823,-0.431789,0.615556,4.95962,1.15193,-4.32878,4.49742,-5.05812,-0.727952,-0.0272362,1.53122,1.21272
1722078,1,-2.44672,-1.16949,0.804702,-1.99242,1.20167,1.24261,1.83321,-2.45538,-1.1698,0.805476,-1.99268,1.19948,1.24315,1.83999,-1.8544,-1.36563,1.7253,0.255616,-0.795215,-0.646964,2.20464,-1.8652,-1.35038,1.64977,0.30522,-0.791825,-0.617498,2.2002,-15.0619,39.505,-32.2823,-0.035061,0.321672,5.10153,1.21052,-4.25334,4.43741,-5.14673,-0.648756,-0.017547,1.54687,1.20981
1722079,1,-2.44855,-1.17088,0.806393,-1.99215,1.20088,1.24201,1.83539,-2.45725,-1.17115,0.80712,-1.99237,1.19869,1.24253,1.84219,-1.84158,-1.36241,1.7115,0.255743,-0.788316,-0.627424,2.18764,-1.8652,-1.34517,1.64369,0.306315,-0.789303,-0.614752,2.2002,-15.415,40.0326,-32.1316,0.0879249,0.26491,4.66391,1.30116,-4.22939,4.4364,-5.26002,-0.596487,-0.00953061,1.56691,1.20692
1722080,1,-2.45041,-1.17226,0.80805,-1.99188,1.20006,1.24145,1.83759,-2.45911,-1.17249,0.808758,-1.99206,1.1979,1.24192,1.84439,-1.82823,-1.36684,1.69284,0.258697,-0.792732,-0.602176,2.18397,-1.8652,-1.33996,1.63761,0.307409,-0.786781,-0.612007,2.2002,-15.8673,40.6158,-31.8777,0.0879249,0.462663,3.89669,1.3332,-4.26606,4.48752,-5.3679,-0.578057,-0.00427918,1.58953,1.20423
1722081,1,-2.45229,-1.1736,0.809735,-1.9916,1.19926,1.24084,1.83981,-2.46098,-1.17382,0.810389,-1.99175,1.19712,1.24131,1.84659,-1.85989,-1.35777,1.684,0.266821,-0.791651,-0.607577,2.19378,-1.8652,-1.33475,1.63153,0.308503,-0.78426,-0.609261,2.2002,-16.0458,40.6396,-31.9293,-0.0588647,0.446184,3.73007,1.23615,-4.34323,4.5708,-5.45357,-0.586426,-0.00157974,1.61201,1.20194
1722082,1,-2.45415,-1.17492,0.811442,-1.99129,1.1985,1.24017,1.84206,-2.46284,-1.17515,0.812015,-1.99144,1.19633,1.2407,1.84879,-1.86266,-1.33912,1.69066,0.284855,-0.775001,-0.625453,2.21614,-1.8652,-1.32954,1.62545,0.309597,-0.781738,-0.606515,2.2002,-15.8911,40.3897,-32.3101,-0.582546,0.242937,4.22537,0.595286,-4.41818,4.65318,-5.51806,-0.601364,-0.000194754,1.63214,1.20025
1722083,1,-2.45604,-1.17621,0.813127,-1.991,1.19771,1.2395,1.84426,-2.46471,-1.17648,0.813634,-1.99113,1.19556,1.2401,1.85099,-1.86529,-1.32142,1.6911,0.287015,-0.777427,-0.651324,2.19809,-1.8652,-1.32433,1.61937,0.310692,-0.779216,-0.60377,2.2002,-15.8435,39.8065,-32.814,-0.828518,0.220049,4.66391,0.582468,-4.46893,4.71288,-5.57475,-0.610377,0.000308802,1.65004,1.199
1722084,1,-2.45794,-1.17751,0.814817,-1.99069,1.19687,1.23889,1.84638,-2.46657,-1.17779,0.815247,-1.99082,1.19478,1.2395,1.85319,-1.87498,-1.31204,1.68172,0.298363,-0.81647,-0.640444,2.17431,-1.8652,-1.31912,1.61329,0.311786,-0.776695,-0.601024,2.2002,-15.1611,39.2233,-33.3456,-1.27682,0.757463,4.72799,1.18489,-4.49115,4.74058,-5.6292,-0.607849,0.000268836,1.66657,1.1975
1722085,1,-2.45982,-1.1788,0.816463,-1.99041,1.19603,1.2383,1.84857,-2.46844,-1.17911,0.816854,-1.99051,1.194,1.2389,1.85539,-1.86499,-1.30198,1.67668,0.296808,-0.817616,-0.625924,2.17006,-1.8652,-1.31391,1.60721,0.31288,-0.774173,-0.598278,2.2002,-15.1373,38.6679,-33.5241,-1.22921,1.1136,4.51559,1.43025,-4.48668,4.7353,-5.67685,-0.593378,0.000394793,1.6819,1.1953
1722086,1,-2.46165,-1.1801,0.818112,-1.99014,1.19525,1.2377,1.85083,-2.4703,-1.18042,0.818456,-1.99019,1.19323,1.23831,1.85759,-1.84999,-1.30102,1.66848,0.287781,-0.808437,-0.618202,2.19047,-1.8652,-1.30871,1.60114,0.313974,-0.771651,-0.595533,2.2002,-15.4388,38.5687,-33.4725,-0.856289,0.971697,4.46432,1.17115,-4.47466,4.71078,-5.71679,-0.574837,0.00106759,1.69673,1.19273
1722087,1,-2.46351,-1.1814,0.819746,-1.98988,1.1945,1.23708,1.85307,-2.47217,-1.18172,0.820051,-1.98988,1.19246,1.23771,1.85979,-1.84254,-1.29441,1.65031,0.27778,-0.789217,-0.611744,2.20628,-1.8652,-1.30337,1.59492,0.314873,-0.769019,-0.592806,2.2002,-15.7165,38.5687,-33.2464,-0.407986,0.587175,4.40573,0.731699,-4.47424,4.67955,-5.74668,-0.55744,0.00259885,1.71162,1.19032
1722088,1,-2.46539,-1.1827,0.82134,-1.9896,1.19371,1.23651,1.85531,-2.47403,-1.18302,0.821639,-1.98956,1.1917,1.23712,1.86199,-1.85018,-1.2935,1.63715,0.278967,-0.782118,-0.599039,2.20166,-1.8652,-1.29804,1.5887,0.315772,-0.766386,-0.59008,2.2002,-15.7681,38.8226,-32.8417,-0.181851,0.519426,4.11001,0.49824,-4.48511,4.64028,-5.75783,-0.539095,0.00521661,1.72585,1.18805
1722089,1,-2.46729,-1.18402,0.822982,-1.98928,1.19291,1.23593,1.85746,-2.4759,-1.18431,0.823222,-1.98925,1.19093,1.23654,1.86419,-1.85815,-1.29726,1.62941,0.289758,-0.787557,-0.593279,2.18513,-1.8652,-1.29271,1.58248,0.316671,-0.763753,-0.587353,2.2002,-15.1849,39.1757,-32.9687,-0.483364,0.581682,3.9031,0.822336,-4.49852,4.59617,-5.75074,-0.520385,0.00868608,1.73839,1.18533
1722090,1,-2.46923,-1.18533,0.824606,-1.98899,1.19212,1.2353,1.85969,-2.47776,-1.1856,0.824798,-1.98893,1.19017,1.23595,1.86639,-1.87429,-1.29547,1.63559,0.291324,-0.785235,-0.599035,2.19334,-1.8652,-1.28738,1.57627,0.31757,-0.761121,-0.584627,2.2002,-14.4311,39.4018,-33.421,-0.554775,0.615556,4.24459,0.763743,-4.50564,4.55971,-5.74302,-0.503362,0.0128083,1.74917,1.18165
1722091,1,-2.47111,-1.18659,0.826239,-1.9887,1.19135,1.23465,1.86191,-2.47963,-1.18688,0.826368,-1.98861,1.18941,1.23537,1.86859,-1.91275,-1.2797,1.62837,0.286371,-0.773357,-0.619666,2.19691,-1.8652,-1.28205,1.57005,0.318469,-0.758488,-0.581901,2.2002,-14.1772,39.2749,-33.8772,-0.530972,0.547807,4.90194,0.80311,-4.47378,4.51701,-5.75029,-0.46955,0.0187134,1.75848,1.17706
1722092,1,-2.47301,-1.18784,0.827872,-1.98841,1.19056,1.23403,1.86411,-2.48149,-1.18816,0.827932,-1.98829,1.18866,1.23479,1.87079,-1.90542,-1.26238,1.63091,0.283541,-0.775901,-0.622382,2.20206,-1.8652,-1.27671,1.56383,0.319368,-0.755855,-0.579174,2.2002,-13.9511,38.9218,-34.3612,-0.384182,0.729082,5.13998,0.789377,-4.36909,4.4348,-5.77199,-0.394096,0.0276605,1.76674,1.17178
1722093,1,-2.47487,-1.1891,0.829457,-1.98813,1.18975,1.23347,1.86631,-2.48336,-1.18943,0.829489,-1.98797,1.18791,1.23421,1.87299,-1.87876,-1.25412,1.62375,0.280867,-0.78291,-0.60032,2.18856,-1.8652,-1.27138,1.55762,0.320267,-0.753223,-0.576448,2.2002,-14.4549,38.8464,-34.3334,-0.0588647,1.07332,4.72799,0.97706,-4.21712,4.31573,-5.8032,-0.286311,0.0386025,1.77566,1.16599
1722094,1,-2.4767,-1.19035,0.831061,-1.98785,1.18895,1.23293,1.86848,-2.48523,-1.19069,0.831041,-1.98765,1.18715,1.23364,1.87519,-1.87045,-1.25312,1.61196,0.278415,-0.781833,-0.572598,2.22233,-1.8652,-1.26605,1.5514,0.321166,-0.75059,-0.573721,2.2002,-15.0619,38.9734,-34.2819,0.163303,1.26558,4.21255,1.15833,-4.07375,4.19173,-5.83769,-0.176961,0.049609,1.78644,1.15978
1722095,1,-2.47857,-1.19163,0.832659,-1.98756,1.18823,1.23235,1.87071,-2.48709,-1.19196,0.832586,-1.98733,1.18641,1.23307,1.87739,-1.86077,-1.24965,1.6015,0.28521,-0.761393,-0.572034,2.21933,-1.8652,-1.26072,1.54518,0.322065,-0.747957,-0.570995,2.2002,-15.3396,39.2749,-34.1549,0.163303,0.937822,4.11642,0.964243,-3.97101,4.0865,-5.86762,-0.0876356,0.0597553,1.79842,1.15342
1722096,1,-2.48046,-1.1929,0.834218,-1.98726,1.1875,1.23174,1.87299,-2.48896,-1.19321,0.834125,-1.98701,1.18566,1.2325,1.87959,-1.85506,-1.25949,1.58751,0.290057,-0.746632,-0.580935,2.2331,-1.8652,-1.25539,1.53897,0.322964,-0.745324,-0.568268,2.2002,-15.4388,39.8819,-33.9803,-0.0112573,0.502947,4.36727,0.381968,-3.9253,4.01882,-5.89131,-0.0332157,0.0683146,1.81069,1.14725
1722097,1,-2.48236,-1.19421,0.835793,-1.98695,1.18677,1.23112,1.87515,-2.49082,-1.19446,0.835658,-1.98668,1.18492,1.23194,1.88179,-1.87102,-1.26975,1.57896,0.302103,-0.74039,-0.590093,2.21442,-1.8652,-1.24994,1.53271,0.323611,-0.742593,-0.565583,2.2002,-14.8596,40.6912,-33.9526,-0.332607,0.259416,4.59249,0.673105,-3.93893,4.00608,-5.9147,-0.0214265,0.0746941,1.82281,1.14115
1722098,1,-2.48429,-1.19552,0.837351,-1.98663,1.186,1.23052,1.87732,-2.49269,-1.19571,0.837184,-1.98636,1.18418,1.23137,1.88399,-1.87144,-1.27799,1.56985,0.309039,-0.744963,-0.587112,2.18869,-1.8652,-1.2445,1.52646,0.324257,-0.739861,-0.562897,2.2002,-14.1257,41.3974,-33.9803,-0.657925,0.50844,4.70236,1.15833,-3.99759,4.05554,-5.94665,-0.0497349,0.0787433,1.83469,1.13463
1722099,1,-2.48616,-1.19679,0.838908,-1.98632,1.18525,1.22992,1.87949,-2.49455,-1.19694,0.838704,-1.98603,1.18344,1.23081,1.88619,-1.86702,-1.2814,1.55458,0.304801,-0.744119,-0.585419,2.16974,-1.8652,-1.23906,1.5202,0.324904,-0.737129,-0.560212,2.2002,-14.0265,41.6751,-33.9288,-0.60635,0.553301,4.82412,1.58589,-4.08963,4.16295,-5.98796,-0.11096,0.080532,1.84657,1.12769
1722100,1,-2.48804,-1.19803,0.840509,-1.98604,1.18452,1.22932,1.88172,-2.49642,-1.19818,0.840218,-1.98571,1.18271,1.23025,1.88839,-1.86449,-1.26516,1.56346,0.298804,-0.742108,-0.587775,2.19418,-1.8652,-1.23362,1.51395,0.325551,-0.734397,-0.557527,2.2002,-14.0503,41.7544,-34.512,-0.407986,0.542314,4.9468,1.08052,-4.20069,4.30782,-6.03644,-0.188633,0.0808426,1.85917,1.12108
1722101,1,-2.48991,-1.19925,0.842033,-1.98575,1.18378,1.22877,1.88398,-2.49828,-1.19941,0.841726,-1.98538,1.18198,1.2297,1.89059,-1.85328,-1.25473,1.55393,0.294938,-0.737837,-0.586791,2.2076,-1.8652,-1.22817,1.50769,0.326198,-0.731665,-0.554841,2.2002,-14.3796,41.2466,-34.4604,-0.233425,0.638445,4.54122,0.57606,-4.31251,4.46086,-6.09311,-0.262542,0.08069,1.87353,1.11561
1722102,1,-2.49177,-1.20044,0.843576,-1.98544,1.183,1.22825,1.88614,-2.50015,-1.20063,0.843227,-1.98505,1.18125,1.22915,1.89279,-1.84907,-1.23461,1.55208,0.29629,-0.770689,-0.558734,2.19433,-1.8652,-1.22273,1.50144,0.326845,-0.728933,-0.552156,2.2002,-14.3558,40.6158,-34.4366,-0.332607,1.15297,3.9031,0.744517,-4.41534,4.59777,-6.15096,-0.321903,0.0806674,1.88943,1.11116
1722103,1,-2.49368,-1.20161,0.845086,-1.98513,1.18225,1.2277,1.88834,-2.50201,-1.20185,0.844723,-1.98473,1.18052,1.2286,1.89499,-1.84526,-1.2086,1.54423,0.298845,-0.75917,-0.55407,2.18912,-1.8652,-1.21729,1.49518,0.327491,-0.726201,-0.54947,2.2002,-14.1019,39.628,-34.3096,-0.384182,1.26009,3.6907,0.85438,-4.49897,4.69361,-6.19627,-0.359989,0.08146,1.90503,1.10704
1722104,1,-2.49557,-1.20275,0.846603,-1.98481,1.18154,1.22708,1.89059,-2.50388,-1.20306,0.846212,-1.9844,1.1798,1.22805,1.89719,-1.86409,-1.18561,1.53392,0.306635,-0.736287,-0.57344,2.19819,-1.8652,-1.21185,1.48892,0.328138,-0.72347,-0.546785,2.2002,-13.7726,38.6441,-34.2065,-0.582546,0.989092,4.19332,0.660288,-4.54402,4.72005,-6.21573,-0.36819,0.0838661,1.91796,1.10288
1722105,1,-2.49749,-1.20393,0.848129,-1.9845,1.18085,1.22645,1.89282,-2.50574,-1.20426,0.847694,-1.98407,1.17908,1.22751,1.89939,-1.8669,-1.17667,1.52342,0.311584,-0.720737,-0.596033,2.20825,-1.8652,-1.20641,1.48267,0.328785,-0.720738,-0.5441,2.2002,-13.3203,38.1402,-34.2581,-0.729336,0.695207,4.8699,0.459788,-4.53572,4.6654,-6.20361,-0.343424,0.0882382,1.92695,1.09859
1722106,1,-2.49943,-1.20511,0.849638,-1.98417,1.18013,1.22586,1.89503,-2.50761,-1.20547,0.849171,-1.98374,1.17836,1.22697,1.9016,-1.87448,-1.18039,1.51437,0.316024,-0.718169,-0.597837,2.19906,-1.8652,-1.20096,1.47641,0.329432,-0.718006,-0.541414,2.2002,-12.7411,38.0133,-34.5358,-0.9277,0.536821,5.05667,0.588877,-4.48321,4.55249,-6.16852,-0.296735,0.0940693,1.93284,1.09389
1722107,1,-2.50127,-1.20632,0.851167,-1.98386,1.17937,1.22533,1.89719,-2.50947,-1.20666,0.850641,-1.98341,1.17764,1.22643,1.9038,-1.89088,-1.18869,1.51064,0.310107,-0.73,-0.580954,2.18646,-1.8652,-1.19542,1.4702,0.329777,-0.715184,-0.538787,2.2002,-13.2449,38.3902,-35.0158,-0.856289,0.695207,4.86349,0.873606,-4.3994,4.41839,-6.12909,-0.239681,0.101034,1.93756,1.08842
1722108,1,-2.50312,-1.20753,0.852687,-1.98356,1.17867,1.22477,1.89942,-2.51134,-1.20785,0.852105,-1.98308,1.17693,1.22589,1.906,-1.86609,-1.18709,1.5506,0.304352,-0.721853,-0.570623,2.18587,-1.8652,-1.18988,1.46398,0.330122,-0.712363,-0.53616,2.2002,-13.9749,38.8226,-35.5752,-0.582546,0.558794,4.74081,0.919382,-4.29958,4.30394,-6.12373,-0.179831,0.109029,1.94446,1.08219
1722109,1,-2.50496,-1.20874,0.854232,-1.98328,1.17796,1.22423,1.90169,-2.5132,-1.20904,0.853563,-1.98275,1.17622,1.22536,1.9082,-1.87838,-1.19876,1.54932,0.297639,-0.715305,-0.560207,2.20396,-1.8652,-1.18433,1.45776,0.330468,-0.709542,-0.533532,2.2002,-14.7327,39.4534,-36.2853,-0.0826684,0.446184,4.62454,0.491831,-4.20965,4.24908,-6.19526,-0.127372,0.117416,1.95718,1.07562
1722110,1,-2.50681,-1.20994,0.855727,-1.98297,1.17724,1.22369,1.90391,-2.51507,-1.21021,0.855014,-1.98242,1.17551,1.22483,1.9104,-1.86924,-1.19925,1.52465,0.296988,-0.719675,-0.554411,2.21449,-1.8652,-1.17879,1.45155,0.330813,-0.706721,-0.530905,2.2002,-15.0857,39.985,-36.2853,0.0403174,0.524919,4.41214,0.323374,-4.14128,4.25899,-6.33479,-0.086765,0.125633,1.97503,1.06888
1722111,1,-2.50871,-1.21114,0.857215,-1.98268,1.17649,1.22315,1.90611,-2.51693,-1.21139,0.856459,-1.98209,1.17481,1.2243,1.9126,-1.87234,-1.18647,1.51196,0.289165,-0.72326,-0.543034,2.2028,-1.8652,-1.17324,1.44533,0.331159,-0.703899,-0.528278,2.2002,-14.8318,40.2112,-36.5353,0.337864,0.757463,4.27023,0.653879,-4.09162,4.30213,-6.49246,-0.0536132,0.133389,1.99417,1.06162
1722112,1,-2.51059,-1.21229,0.858691,-1.98235,1.17576,1.22259,1.90824,-2.5188,-1.21255,0.857899,-1.98176,1.17411,1.22377,1.9148,-1.87529,-1.17583,1.49431,0.304044,-0.724234,-0.54548,2.18245,-1.8652,-1.1677,1.43911,0.331504,-0.701078,-0.525651,2.2002,-14.5065,40.2627,-36.4083,0.0165137,0.853594,4.41214,1.25538,-4.05096,4.34144,-6.62967,-0.0206614,0.1406,2.01145,1.05357
1722113,1,-2.51249,-1.21343,0.860175,-1.98204,1.17506,1.222,1.91043,-2.52066,-1.21372,0.859331,-1.98142,1.17341,1.22325,1.917,-1.86347,-1.15052,1.49244,0.302558,-0.715971,-0.555021,2.17239,-1.8652,-1.16216,1.4329,0.33185,-0.698257,-0.523023,2.2002,-14.1534,39.8819,-36.206,-0.0826684,0.830705,4.8049,1.47602,-4.01487,4.35439,-6.73021,0.0132542,0.146975,2.02554,1.04521
1722114,1,-2.51441,-1.21455,0.861626,-1.98173,1.17437,1.22143,1.91269,-2.52253,-1.21487,0.860758,-1.98109,1.17272,1.22273,1.9192,-1.86779,-1.13942,1.48665,0.300289,-0.698739,-0.564642,2.17609,-1.8652,-1.15661,1.42668,0.332195,-0.695435,-0.520396,2.2002,-13.725,39.6042,-35.9799,-0.158047,0.531328,5.13998,1.11988,-3.9819,4.33059,-6.79592,0.0506159,0.152456,2.03722,1.03763
1722115,1,-2.51629,-1.21568,0.863067,-1.98141,1.17367,1.2209,1.91488,-2.52439,-1.21602,0.862179,-1.98076,1.17202,1.22221,1.9214,-1.87393,-1.13159,1.46119,0.310089,-0.710221,-0.551526,2.18708,-1.8652,-1.15107,1.42046,0.33254,-0.692614,-0.517769,2.2002,-13.3719,39.4018,-35.5752,-0.257229,0.688799,4.95321,0.925791,-3.94345,4.26649,-6.82768,0.0953229,0.157408,2.04706,1.03161
1722116,1,-2.51819,-1.21683,0.864475,-1.98113,1.17296,1.22039,1.91708,-2.52626,-1.21717,0.863593,-1.98043,1.17133,1.2217,1.9236,-1.86469,-1.13601,1.43878,0.302468,-0.708069,-0.538816,2.18806,-1.8652,-1.14552,1.41424,0.332886,-0.689793,-0.515142,2.2002,-13.1695,39.4534,-35.0951,-0.035061,0.706194,4.67672,1.01002,-3.90168,4.17064,-6.81518,0.141125,0.161787,2.05444,1.02707
1722117,1,-2.5201,-1.21797,0.865938,-1.98085,1.17226,1.21987,1.91928,-2.52812,-1.21831,0.865001,-1.98009,1.17065,1.22118,1.9258,-1.8971,-1.1374,1.43864,0.295235,-0.702598,-0.535104,2.17431,-1.8652,-1.13988,1.40812,0.332891,-0.68689,-0.512584,2.2002,-13.0188,39.6557,-35.2459,0.389439,0.627458,4.50277,1.10707,-3.85157,4.05685,-6.7647,0.189673,0.166296,2.05953,1.02356
1722118,1,-2.52198,-1.21913,0.867369,-1.98057,1.17161,1.21933,1.92149,-2.52999,-1.21944,0.866403,-1.97976,1.16996,1.22067,1.928,-1.89701,-1.13579,1.42707,0.288068,-0.686776,-0.535227,2.1876,-1.8652,-1.13424,1.40199,0.332896,-0.683986,-0.510027,2.2002,-12.8918,40.0088,-35.1428,0.809971,0.34456,4.56045,0.757334,-3.76953,3.93154,-6.70037,0.255705,0.172359,2.06327,1.02091
1722119,1,-2.5239,-1.22031,0.86879,-1.98027,1.17091,1.21882,1.9237,-2.53186,-1.22057,0.867799,-1.97943,1.16928,1.22017,1.9302,-1.90033,-1.16845,1.42882,0.291836,-0.695109,-0.528006,2.18515,-1.8652,-1.1286,1.39586,0.332901,-0.681083,-0.50747,2.2002,-12.4872,40.6912,-35.3451,0.960728,0.513933,4.39932,0.647471,-3.66514,3.82412,-6.64843,0.332313,0.179631,2.06702,1.01888
1722120,1,-2.52579,-1.22146,0.870198,-1.97994,1.17021,1.2183,1.92587,-2.53372,-1.2217,0.869189,-1.9791,1.1686,1.21966,1.9324,-1.89757,-1.16974,1.41156,0.298536,-0.696437,-0.522408,2.182,-1.8652,-1.12296,1.38973,0.332905,-0.67818,-0.504912,2.2002,-12.2095,41.2982,-35.1943,0.833774,0.762956,4.36087,0.847971,-3.57688,3.78148,-6.62829,0.392303,0.18635,2.07185,1.01694
1722121,1,-2.52765,-1.2226,0.871611,-1.97963,1.16951,1.21777,1.92808,-2.53559,-1.22281,0.870572,-1.97876,1.16793,1.21916,1.9346,-1.86474,-1.15489,1.41909,0.303791,-0.700145,-0.519053,2.17261,-1.8652,-1.11732,1.3836,0.33291,-0.675277,-0.502355,2.2002,-12.7649,41.4727,-35.4998,0.663181,0.989092,4.49636,0.886423,-3.53652,3.81526,-6.63786,0.416539,0.190841,2.07798,1.01467
1722122,1,-2.52948,-1.22373,0.873019,-1.9793,1.16885,1.21724,1.93034,-2.53745,-1.22392,0.87195,-1.97843,1.16726,1.21866,1.9368,-1.85354,-1.14846,1.41352,0.306597,-0.682619,-0.522871,2.19219,-1.8652,-1.11168,1.37747,0.332915,-0.672374,-0.499798,2.2002,-13.3957,41.7544,-35.599,0.361668,0.847185,4.79208,0.563242,-3.56652,3.91333,-6.66954,0.397045,0.192003,2.08594,1.01208
1722123,1,-2.53136,-1.22485,0.874439,-1.97897,1.16815,1.21672,1.93258,-2.53932,-1.22503,0.873321,-1.9781,1.16659,1.21816,1.939,-1.85008,-1.12913,1.40605,0.31158,-0.690488,-0.516035,2.20098,-1.8652,-1.10604,1.37134,0.33292,-0.66947,-0.49724,2.2002,-13.725,41.7267,-35.8529,-0.0588647,1.09072,4.86349,0.181467,-3.65979,4.05114,-6.71347,0.341414,0.190223,2.09564,1.00918
1722124,1,-2.53327,-1.22595,0.875836,-1.97865,1.16748,1.21622,1.93481,-2.54118,-1.22613,0.874686,-1.97776,1.16592,1.21767,1.9412,-1.86861,-1.11791,1.39969,0.315014,-0.682636,-0.512552,2.19677,-1.8652,-1.1004,1.36521,0.332925,-0.666567,-0.494683,2.2002,-13.5702,41.3736,-36.1068,-0.233425,1.1136,4.83786,0.0844213,-3.77475,4.18764,-6.7538,0.273829,0.187384,2.10572,1.0056
1722125,1,-2.53513,-1.22702,0.877261,-1.97833,1.16677,1.21573,1.93698,-2.54305,-1.22723,0.876045,-1.97743,1.16526,1.21718,1.9434,-1.86169,-1.10258,1.40803,0.315664,-0.685523,-0.500209,2.19301,-1.8652,-1.09476,1.35908,0.33293,-0.663664,-0.492126,2.2002,-13.6496,40.8697,-36.69,-0.308804,1.36171,4.79208,0.343516,-3.872,4.29502,-6.78878,0.216442,0.185476,2.11564,1.00071
1722126,1,-2.537,-1.22807,0.878635,-1.97805,1.16612,1.21521,1.93917,-2.54491,-1.22832,0.877398,-1.9771,1.1646,1.21669,1.9456,-1.85012,-1.07487,1.42486,0.302073,-0.667599,-0.50137,2.18617,-1.8652,-1.08911,1.35295,0.332935,-0.660761,-0.489568,2.2002,-13.8995,39.9572,-36.8408,0.0879249,1.20973,4.92758,0.731699,-3.94016,4.36648,-6.83347,0.180661,0.18559,2.12674,0.994202
1722127,1,-2.5389,-1.22912,0.880029,-1.97777,1.16546,1.21472,1.9414,-2.54678,-1.2294,0.878745,-1.97677,1.16394,1.2162,1.9478,-1.88763,-1.07125,1.41737,0.293287,-0.656952,-0.497506,2.18862,-1.8652,-1.08338,1.34692,0.332572,-0.65778,-0.487087,2.2002,-13.8241,39.4534,-37.2692,0.563999,1.02297,4.91476,0.72529,-3.95961,4.38982,-6.89874,0.184308,0.189173,2.13999,0.986418
1722128,1,-2.54077,-1.23019,0.88139,-1.97748,1.16481,1.21423,1.9436,-2.54864,-1.23048,0.880086,-1.97643,1.16328,1.21571,1.95,-1.88703,-1.06726,1.40163,0.288262,-0.660175,-0.489645,2.19709,-1.8652,-1.07764,1.3409,0.332209,-0.6548,-0.484605,2.2002,-13.6218,39.1995,-36.8923,0.909153,0.807817,4.76004,0.679514,-3.90296,4.35302,-6.97522,0.242669,0.19765,2.15404,0.978009
1722129,1,-2.54265,-1.23125,0.88272,-1.97719,1.16414,1.21376,1.94582,-2.55051,-1.23155,0.881421,-1.9761,1.16263,1.21523,1.9522,-1.87589,-1.06235,1.37657,0.291971,-0.657264,-0.484255,2.19053,-1.8652,-1.0719,1.33487,0.331846,-0.65182,-0.482123,2.2002,-13.5226,38.9456,-36.4083,1.08371,0.706194,4.61172,0.712473,-3.79213,4.26747,-7.03819,0.339414,0.209766,2.16691,0.969416
1722130,1,-2.54453,-1.23232,0.884065,-1.97689,1.16352,1.21325,1.94799,-2.55237,-1.23261,0.88275,-1.97577,1.16198,1.21475,1.9544,-1.88035,-1.06484,1.35554,0.289805,-0.647223,-0.485545,2.19359,-1.8652,-1.06617,1.32885,0.331483,-0.64884,-0.479641,2.2002,-13.0664,39.1479,-36.0037,1.2067,0.26491,4.83786,0.822336,-3.67237,4.155,-7.06495,0.445069,0.2228,2.17728,0.960847
1722131,1,-2.54644,-1.2334,0.885415,-1.97658,1.1629,1.21273,1.95019,-2.55424,-1.23367,0.884073,-1.97544,1.16134,1.21427,1.9566,-1.8891,-1.05825,1.35188,0.296048,-0.63647,-0.495256,2.18105,-1.8652,-1.06043,1.32283,0.33112,-0.64586,-0.47716,2.2002,-12.7649,39.4772,-35.7021,0.984531,-0.0454542,5.10794,0.892832,-3.55904,4.03067,-7.0543,0.546725,0.235054,2.18494,0.952529
1722132,1,-2.5484,-1.23446,0.886729,-1.97626,1.16225,1.21225,1.95241,-2.5561,-1.23473,0.885389,-1.97511,1.16069,1.2138,1.9588,-1.89817,-1.06122,1.34502,0.300383,-0.641368,-0.501403,2.1781,-1.8652,-1.05469,1.3168,0.330757,-0.64288,-0.474678,2.2002,-11.8564,39.8819,-35.4998,0.710789,-0.10771,5.1528,0.835154,-3.44871,3.90721,-7.02471,0.64193,0.245504,2.1911,0.94478
1722133,1,-2.55032,-1.23552,0.888057,-1.97594,1.16159,1.21178,1.95455,-2.55797,-1.23578,0.8867,-1.97478,1.16005,1.21333,1.961,-1.89358,-1.05738,1.3364,0.314175,-0.657243,-0.486527,2.1612,-1.8652,-1.04895,1.31078,0.330394,-0.639899,-0.472196,2.2002,-11.0748,40.1873,-35.4482,0.437046,0.242937,4.97885,1.15193,-3.34692,3.80088,-6.99156,0.722669,0.252976,2.19703,0.937804
1722134,1,-2.55222,-1.23657,0.889368,-1.97565,1.16091,1.2113,1.95674,-2.55983,-1.23682,0.888005,-1.97445,1.15942,1.21286,1.9632,-1.88386,-1.05383,1.33097,0.306559,-0.664731,-0.483527,2.14645,-1.8652,-1.04322,1.30475,0.330031,-0.636919,-0.469715,2.2002,-11.0232,40.2112,-35.4482,0.46085,0.677812,4.88272,1.31397,-3.26923,3.72438,-6.95948,0.778904,0.256633,2.20347,0.931754
1722135,1,-2.55404,-1.23757,0.890712,-1.97534,1.16026,1.21084,1.95894,-2.5617,-1.23786,0.889304,-1.97412,1.15878,1.21239,1.9654,-1.86372,-1.03722,1.3249,0.306579,-0.659329,-0.471396,2.15746,-1.8652,-1.03748,1.29873,0.329668,-0.633939,-0.467233,2.2002,-11.8326,39.8819,-35.8291,0.512424,0.853594,4.74722,1.21052,-3.22837,3.67769,-6.92775,0.808873,0.256608,2.21105,0.926988
1722136,1,-2.5559,-1.23858,0.892058,-1.97504,1.15962,1.2104,1.96117,-2.56356,-1.23889,0.890596,-1.97379,1.15815,1.21193,1.9676,-1.84304,-1.02492,1.33187,0.308927,-0.657774,-0.461042,2.18221,-1.8652,-1.03174,1.29271,0.329305,-0.630959,-0.464751,2.2002,-12.5387,39.628,-36.2576,0.488621,0.966203,4.47714,0.647471,-3.23704,3.65736,-6.89753,0.810958,0.253293,2.2203,0.923845
1722137,0.99,-2.55779,-1.23958,0.893368,-1.97472,1.15897,1.20997,1.96337,-2.56543,-1.23992,0.891883,-1.97346,1.15752,1.21146,1.9698,-1.84441,-1.03739,1.32641,0.310507,-0.651742,-0.445772,2.17782,-1.8652,-1.02601,1.28668,0.328942,-0.627979,-0.46227,2.2002,-12.7887,39.4772,-36.5868,0.31406,1.1136,4.08987,0.544016,-3.30259,3.67276,-6.88045,0.780883,0.24732,2.23142,0.922105
1722138,0.99,-2.55965,-1.2406,0.894695,-1.97439,1.15833,1.20951,1.9656,-2.56729,-1.24094,0.893164,-1.97313,1.1569,1.211,1.972,-1.84529,-1.03245,1.31985,0.316643,-0.649065,-0.452549,2.21574,-1.86489,-1.02007,1.28085,0.327816,-0.62485,-0.459938,2.19935,-12.8918,39.5526,-36.9915,-0.0588647,1.13008,4.16769,0.453379,-3.41406,3.73213,-6.88596,0.721115,0.240045,2.24354,0.920957
1722139,0.99,-2.56153,-1.24162,0.895997,-1.97409,1.15775,1.209,1.96778,-2.56916,-1.24195,0.894439,-1.9728,1.15628,1.21055,1.9742,-1.84353,-1.02355,1.31777,0.314224,-0.626752,-0.471191,2.21801,-1.86473,-1.01424,1.27492,0.327071,-0.621795,-0.457532,2.19893,-13.0426,39.6042,-37.3208,-0.035061,0.610063,4.79849,0.485422,-3.5497,3.82241,-6.91175,0.642876,0.232829,2.2554,0.919593
1722140,0.99,-2.56338,-1.24263,0.897284,-1.97376,1.15711,1.2085,1.96999,-2.57102,-1.24296,0.895708,-1.97248,1.15566,1.21009,1.9764,-1.87514,-1.01982,1.2973,0.315742,-0.621809,-0.48554,2.21333,-1.86457,-1.0084,1.26899,0.326326,-0.618741,-0.455125,2.1985,-13.3203,39.8581,-37.1462,-0.158047,0.496538,5.33956,0.563242,-3.67396,3.91225,-6.94745,0.567794,0.227038,2.26605,0.917565
1722141,0.99,-2.56527,-1.24365,0.898557,-1.97346,1.1565,1.20803,1.97219,-2.57289,-1.24396,0.896971,-1.97215,1.15504,1.20964,1.9786,-1.87069,-1.00984,1.28181,0.309577,-0.61487,-0.480144,2.20943,-1.86441,-1.00257,1.26306,0.325581,-0.615686,-0.452719,2.19808,-13.1933,40.235,-36.69,0.0641212,0.400408,5.48147,0.504648,-3.7503,3.96846,-6.97385,0.517952,0.223709,2.27457,0.914699
1722142,0.99,-2.56715,-1.24467,0.899805,-1.97315,1.15585,1.20761,1.97441,-2.57475,-1.24496,0.898228,-1.97183,1.15443,1.20919,1.98079,-1.86937,-1.01235,1.26973,0.308023,-0.622913,-0.460527,2.20139,-1.86426,-0.996731,1.25713,0.324837,-0.612632,-0.450312,2.19765,-13.1695,40.5127,-36.4083,0.0403174,0.547807,5.18484,0.42042,-3.78005,3.98428,-6.97763,0.495254,0.222448,2.28123,0.910954
1722143,0.99,-2.56899,-1.24565,0.90109,-1.97284,1.15521,1.20718,1.9766,-2.57662,-1.24595,0.899479,-1.9715,1.15382,1.20874,1.98299,-1.88555,-1.00468,1.27582,0.306636,-0.624269,-0.448837,2.23611,-1.8641,-0.990896,1.2512,0.324092,-0.609577,-0.447906,2.19723,-13.3441,40.5642,-36.4599,0.163303,0.581682,4.93399,0.44697,-3.77561,3.97414,-6.96714,0.493572,0.222692,2.28731,0.906281
1722144,0.99,-2.57086,-1.24665,0.902358,-1.97253,1.15458,1.20673,1.97884,-2.57848,-1.24693,0.900724,-1.97118,1.15321,1.2083,1.98519,-1.87371,-0.994454,1.29773,0.307487,-0.622818,-0.445225,2.22749,-1.86394,-0.98506,1.24528,0.323347,-0.606523,-0.445499,2.19681,-13.4473,40.6396,-36.7654,0.214878,0.683306,4.82412,0.343516,-3.73968,3.95496,-6.9713,0.511046,0.224312,2.29471,0.900695
1722145,0.99,-2.57274,-1.24763,0.903655,-1.97223,1.15395,1.20629,1.98105,-2.58034,-1.24791,0.901964,-1.97086,1.15261,1.20785,1.98738,-1.87938,-0.993567,1.30163,0.308044,-0.616514,-0.448214,2.21617,-1.86379,-0.979225,1.23935,0.322602,-0.603468,-0.443093,2.19638,-12.9672,40.7666,-37.3486,0.238682,0.81331,4.71517,0.485422,-3.68795,3.94823,-7.01917,0.539381,0.226642,2.30549,0.8943
1722146,0.99,-2.57468,-1.24862,0.904935,-1.97191,1.1533,1.20586,1.98323,-2.58221,-1.24889,0.903197,-1.97054,1.15201,1.20741,1.98958,-1.89128,-0.986327,1.29342,0.308942,-0.627067,-0.439167,2.20366,-1.86363,-0.97339,1.23342,0.321858,-0.600414,-0.440686,2.19596,-12.0071,40.8935,-37.6779,0.1395,1.19234,4.54763,0.666697,-3.62623,3.95927,-7.11157,0.574494,0.22958,2.31931,0.887205
1722147,0.99,-2.57662,-1.24961,0.9062,-1.97161,1.15267,1.2054,1.9854,-2.58407,-1.24985,0.904425,-1.97022,1.15141,1.20697,1.99177,-1.88863,-0.98318,1.29116,0.304483,-0.620695,-0.445646,2.17775,-1.86218,-0.967453,1.22754,0.320731,-0.597285,-0.438348,2.19427,-11.3287,41.0443,-38.0071,0.262485,1.22621,4.61172,1.09425,-3.54802,3.97634,-7.2296,0.619497,0.233824,2.33424,0.879664
1722148,0.99,-2.57848,-1.25056,0.907456,-1.97131,1.15206,1.20493,1.98761,-2.58593,-1.25082,0.905646,-1.9699,1.15082,1.20654,1.99397,-1.88488,-0.978132,1.26979,0.302166,-0.609273,-0.454563,2.17466,-1.86073,-0.961515,1.22167,0.319605,-0.594156,-0.43601,2.19257,-11.4279,40.9927,-38.1063,0.46085,1.06783,4.91476,1.17115,-3.46186,3.99305,-7.35277,0.670811,0.239524,2.34895,0.872259
1722149,0.99,-2.58032,-1.25152,0.908707,-1.97103,1.15151,1.20448,1.9898,-2.58779,-1.25177,0.906862,-1.96958,1.15023,1.2061,1.99616,-1.84987,-0.966504,1.25737,0.299967,-0.586382,-0.449071,2.18513,-1.85928,-0.955578,1.2158,0.318478,-0.591027,-0.433671,2.19088,-12.0825,40.8181,-38.0071,0.710789,0.62105,4.94039,1.02284,-3.39844,4.00997,-7.45676,0.713148,0.245454,2.36261,0.865742
1722150,0.99,-2.58217,-1.25247,0.909902,-1.97072,1.15092,1.20409,1.99202,-2.58965,-1.25272,0.908072,-1.96926,1.14964,1.20567,1.99835,-1.83547,-0.960053,1.24052,0.299225,-0.578392,-0.440109,2.18361,-1.85783,-0.949641,1.20992,0.317352,-0.587899,-0.431333,2.18919,-12.6895,40.7666,-37.5509,0.762363,0.417803,4.62454,0.815928,-3.39592,4.03271,-7.52313,0.726977,0.24951,2.37504,0.8606
1722151,0.99,-2.58404,-1.25342,0.911098,-1.97041,1.15035,1.20367,1.99417,-2.5915,-1.25367,0.909276,-1.96894,1.14905,1.20524,2.00053,-1.85236,-0.952514,1.22427,0.308381,-0.582803,-0.434875,2.18392,-1.85638,-0.943704,1.20405,0.316225,-0.58477,-0.428995,2.18749,-12.511,40.588,-37.0193,0.611606,0.270403,4.50918,0.867197,-3.45216,4.0567,-7.54493,0.711179,0.250931,2.38548,0.856819
1722152,0.99,-2.58589,-1.25434,0.912296,-1.97009,1.14981,1.2032,1.99637,-2.59336,-1.2546,0.910474,-1.96863,1.14847,1.20482,2.00272,-1.83808,-0.936303,1.2137,0.311156,-0.569179,-0.445439,2.17883,-1.85493,-0.937767,1.19818,0.315099,-0.581641,-0.426656,2.1858,-12.5625,39.985,-36.7892,0.563999,-0.0234816,4.91476,0.795786,-3.53579,4.06614,-7.52165,0.678865,0.250023,2.39276,0.85412
1722153,0.99,-2.58778,-1.25524,0.913524,-1.96977,1.14926,1.20272,1.99857,-2.59521,-1.25553,0.911667,-1.96831,1.14789,1.20439,2.0049,-1.86731,-0.920023,1.21028,0.314717,-0.554514,-0.463113,2.16399,-1.85348,-0.931829,1.1923,0.313972,-0.578512,-0.424318,2.18411,-12.2095,39.378,-36.7892,0.413242,-0.187361,5.48788,0.731699,-3.61609,4.04479,-7.46131,0.646005,0.247042,2.39703,0.852299
1722154,0.99,-2.58966,-1.25615,0.914727,-1.96946,1.14869,1.20227,2.00075,-2.59706,-1.25646,0.912853,-1.968,1.14732,1.20397,2.00709,-1.86935,-0.915071,1.20052,0.31627,-0.559854,-0.452815,2.17043,-1.85203,-0.925892,1.18643,0.312846,-0.575384,-0.42198,2.18242,-11.4517,38.9218,-36.6384,0.337864,0.0900438,5.61697,0.595286,-3.65866,3.98086,-7.37798,0.631082,0.242713,2.39931,0.851145
1722155,0.99,-2.59156,-1.25706,0.915914,-1.96915,1.14809,1.20188,2.00291,-2.59891,-1.25738,0.914034,-1.96769,1.14675,1.20355,2.00927,-1.87901,-0.910355,1.20412,0.312478,-0.572737,-0.430012,2.15497,-1.85058,-0.919955,1.18055,0.311719,-0.572255,-0.419642,2.18072,-10.8209,38.5687,-36.6384,0.31406,0.672319,5.17843,0.867197,-3.65025,3.88208,-7.28832,0.640747,0.237778,2.40106,0.850275
1722156,0.99,-2.59342,-1.25795,0.917117,-1.96884,1.1475,1.2015,2.00511,-2.60076,-1.25829,0.915208,-1.96738,1.14618,1.20313,2.01145,-1.90274,-0.902881,1.19328,0.308768,-0.57921,-0.412826,2.16802,-1.84913,-0.914018,1.17468,0.310593,-0.569126,-0.417303,2.17903,-10.2695,38.3148,-36.7892,0.488621,1.06233,4.68313,0.628245,-3.58253,3.75689,-7.20546,0.68,0.233662,2.40318,0.849387
1722157,0.99,-2.59527,-1.25886,0.918324,-1.96857,1.14697,1.2011,2.00734,-2.60261,-1.2592,0.916377,-1.96707,1.14561,1.20272,2.01362,-1.87246,-0.903176,1.20199,0.296488,-0.565184,-0.401582,2.17794,-1.84562,-0.907974,1.16879,0.309099,-0.565921,-0.41502,2.17556,-10.3171,38.3902,-37.2454,1.08371,0.96071,4.34805,0.356333,-3.46199,3.61593,-7.13854,0.74767,0.23163,2.40613,0.848384
1722158,0.99,-2.59712,-1.25977,0.919518,-1.96829,1.14642,1.20071,2.00957,-2.60445,-1.2601,0.91754,-1.96676,1.14505,1.20231,2.01579,-1.9046,-0.902911,1.19584,0.288944,-0.555012,-0.398932,2.18843,-1.84211,-0.90193,1.16291,0.307605,-0.562716,-0.412737,2.17209,-10.1147,38.6956,-37.4993,1.48044,1.00008,4.12924,0.16865,-3.31427,3.48121,-7.09977,0.833203,0.232004,2.41052,0.847027
1722159,0.99,-2.59902,-1.2607,0.920686,-1.968,1.14585,1.20033,2.01173,-2.60629,-1.261,0.918697,-1.96646,1.14449,1.20189,2.01796,-1.90837,-0.912035,1.18468,0.286961,-0.559269,-0.386041,2.18933,-1.83859,-0.895886,1.15702,0.306111,-0.559512,-0.410453,2.16863,-9.53551,39.3026,-37.4755,1.6312,1.19234,3.87106,0.394785,-3.13747,3.35965,-7.0921,0.936956,0.235581,2.41529,0.844799
1722160,0.99,-2.60095,-1.26162,0.921838,-1.96771,1.14529,1.19992,2.01391,-2.60812,-1.26189,0.919848,-1.96615,1.14393,1.20149,2.02013,-1.90613,-0.912719,1.17199,0.286161,-0.554335,-0.397062,2.18241,-1.83508,-0.889842,1.15114,0.304617,-0.556307,-0.40817,2.16516,-8.50005,39.8303,-37.4755,1.88114,1.17586,4.04501,0.504648,-2.94003,3.25689,-7.1056,1.05135,0.242277,2.41867,0.841275
1722161,0.99,-2.60282,-1.26251,0.922977,-1.96742,1.14476,1.19947,2.01607,-2.60996,-1.26277,0.920993,-1.96585,1.14338,1.20108,2.02229,-1.91599,-0.90603,1.1543,0.28888,-0.541351,-0.415563,2.21595,-1.83157,-0.883798,1.14525,0.303123,-0.553102,-0.405887,2.16169,-7.86925,39.9334,-37.1462,1.98032,0.887468,4.64376,0.57606,-2.74391,3.175,-7.12448,1.16291,0.251025,2.41964,0.836495
1722162,0.99,-2.60467,-1.26338,0.924115,-1.96715,1.14424,1.19902,2.01827,-2.61178,-1.26365,0.922133,-1.96555,1.14283,1.20068,2.02445,-1.88494,-0.886421,1.17522,0.282306,-0.52948,-0.427901,2.20047,-1.82805,-0.877754,1.13937,0.30163,-0.549897,-0.403603,2.15822,-7.79387,39.628,-37.0947,2.45243,0.519426,5.16561,0.44697,-2.56405,3.10855,-7.14391,1.26533,0.260569,2.41905,0.830876
1722163,0.99,-2.60651,-1.26424,0.925238,-1.96686,1.14369,1.19866,2.02048,-2.61361,-1.26452,0.923266,-1.96525,1.14228,1.20028,2.0266,-1.86551,-0.887813,1.14882,0.282096,-0.533619,-0.41625,2.19843,-1.82454,-0.87171,1.13348,0.300136,-0.546692,-0.40132,2.15475,-7.9962,39.1479,-36.817,2.6984,0.513933,4.9468,0.252878,-2.43368,3.06647,-7.16794,1.34484,0.268798,2.41945,0.824783
1722164,0.99,-2.60831,-1.26508,0.926377,-1.96659,1.14311,1.19833,2.02262,-2.61543,-1.26539,0.924394,-1.96495,1.14174,1.19988,2.02875,-1.84811,-0.872939,1.1453,0.284468,-0.545415,-0.387305,2.18317,-1.82103,-0.865665,1.1276,0.298642,-0.543487,-0.399037,2.15128,-8.25011,38.6679,-36.7376,2.87296,0.841692,4.33523,0.362742,-2.38026,3.0543,-7.18331,1.38725,0.273887,2.4214,0.818195
1722165,0.99,-2.61014,-1.2659,0.927502,-1.96631,1.14255,1.19794,2.0248,-2.61725,-1.26625,0.925516,-1.96465,1.1412,1.19948,2.0309,-1.82118,-0.859392,1.14607,0.281518,-0.551077,-0.382268,2.17343,-1.81751,-0.859621,1.12171,0.297148,-0.540282,-0.396753,2.14781,-8.25011,37.9855,-36.8408,3.09909,1.00557,4.24459,0.316965,-2.40847,3.06671,-7.18076,1.38981,0.275251,2.42434,0.810956
1722166,0.99,-2.61194,-1.26674,0.928654,-1.96603,1.14201,1.1975,2.02699,-2.61906,-1.2671,0.926631,-1.96436,1.14066,1.19909,2.03305,-1.81304,-0.854307,1.14231,0.279664,-0.545873,-0.404314,2.17006,-1.814,-0.853577,1.11583,0.295654,-0.537077,-0.39447,2.14435,-8.40087,37.7078,-37.3724,3.17051,0.915849,4.71517,0.252878,-2.5118,3.10107,-7.16947,1.35804,0.273317,2.4286,0.803114
1722167,0.99,-2.61378,-1.26759,0.929815,-1.96576,1.14147,1.19708,2.02914,-2.62087,-1.26795,0.927741,-1.96406,1.14013,1.19869,2.03518,-1.82046,-0.854169,1.1521,0.279175,-0.545984,-0.412049,2.16253,-1.80797,-0.847422,1.10984,0.293821,-0.533792,-0.392222,2.1388,-8.09935,37.7594,-38.0309,3.34507,0.915849,5.0173,0.16865,-2.66286,3.15695,-7.16774,1.30617,0.269553,2.43475,0.794782
1722168,0.99,-2.61567,-1.26846,0.930916,-1.96546,1.1409,1.19671,2.03129,-2.62267,-1.26879,0.928845,-1.96377,1.1396,1.1983,2.03732,-1.83366,-0.880403,1.13858,0.287668,-0.547881,-0.393537,2.14918,-1.80195,-0.841267,1.10386,0.291988,-0.530507,-0.389975,2.13326,-7.26622,38.3386,-38.1301,3.09909,1.1191,4.78567,0.349924,-2.8257,3.24261,-7.19621,1.24659,0.26564,2.44298,0.785908
1722169,0.99,-2.61749,-1.26935,0.932042,-1.96519,1.14035,1.19635,2.03338,-2.62447,-1.26963,0.929943,-1.96348,1.13907,1.19792,2.03945,-1.82235,-0.884914,1.13657,0.288473,-0.557912,-0.382774,2.13281,-1.79592,-0.835112,1.09787,0.290155,-0.527223,-0.387727,2.12772,-6.78618,39.0725,-38.5388,3.1467,1.23812,4.48995,0.731699,-2.98928,3.37449,-7.26174,1.17671,0.262276,2.4527,0.776389
1722170,0.99,-2.61932,-1.27022,0.933136,-1.96493,1.13984,1.19594,2.03556,-2.62626,-1.27046,0.931035,-1.96319,1.13855,1.19753,2.04157,-1.80392,-0.879453,1.12836,0.280284,-0.539171,-0.380284,2.13845,-1.78989,-0.828956,1.09189,0.288323,-0.523938,-0.38548,2.12218,-6.56005,39.505,-38.5864,3.37284,0.841692,4.57968,0.518381,-3.16422,3.55326,-7.35538,1.09144,0.259327,2.46344,0.766518
1722171,0.99,-2.62108,-1.27108,0.93424,-1.96468,1.13933,1.19556,2.03776,-2.62804,-1.27128,0.932121,-1.96291,1.13803,1.19715,2.04368,-1.78541,-0.874521,1.11686,0.271096,-0.524678,-0.378986,2.15287,-1.78386,-0.822801,1.0859,0.28649,-0.520653,-0.383232,2.11663,-6.56005,39.8581,-38.511,3.86875,0.524919,4.55404,0.135691,-3.36024,3.75975,-7.45853,0.993777,0.25637,2.47475,0.756856
1722172,0.99,-2.62291,-1.27194,0.935306,-1.96442,1.13878,1.19521,2.0399,-2.62982,-1.27209,0.933201,-1.96262,1.13751,1.19677,2.0458,-1.79251,-0.865685,1.09351,0.266872,-0.536816,-0.370703,2.15334,-1.77784,-0.816646,1.07992,0.284657,-0.517368,-0.380985,2.11109,-5.90545,39.9572,-37.8802,4.16629,0.654924,4.21896,-0.0584009,-3.56509,3.9634,-7.54595,0.896516,0.253401,2.48521,0.747525
1722173,0.99,-2.62477,-1.27279,0.93637,-1.96413,1.13821,1.19485,2.04201,-2.63159,-1.27291,0.934275,-1.96234,1.137,1.19639,2.0479,-1.80237,-0.855007,1.08916,0.270402,-0.550123,-0.362704,2.12505,-1.77181,-0.810491,1.07393,0.282824,-0.514083,-0.378737,2.10555,-4.79461,39.9334,-37.4993,4.16629,1.08522,3.91683,0.337107,-3.74041,4.12999,-7.59884,0.820547,0.251297,2.49272,0.738106
1722174,0.99,-2.62659,-1.27358,0.93744,-1.96385,1.13765,1.19445,2.04415,-2.63336,-1.27371,0.935343,-1.96206,1.13648,1.19601,2.05,-1.8347,-0.837267,1.07441,0.275462,-0.556268,-0.373531,2.14997,-1.76578,-0.804335,1.06795,0.280991,-0.510798,-0.37649,2.10001,-3.78295,39.4772,-37.2454,4.1901,1.27748,4.19332,0.49824,-3.83667,4.23015,-7.61328,0.788193,0.251551,2.49549,0.728288
1722175,0.99,-2.62843,-1.27436,0.938498,-1.96357,1.13714,1.19402,2.0463,-2.63512,-1.27451,0.936405,-1.96178,1.13598,1.19564,2.0521,-1.83157,-0.807219,1.06751,0.277563,-0.541698,-0.391389,2.15741,-1.75976,-0.79818,1.06196,0.279158,-0.507513,-0.374242,2.09446,-2.77526,38.6203,-37.1938,4.14249,1.1136,4.67031,0.240061,-3.81977,4.23818,-7.58624,0.814667,0.255303,2.49259,0.71832
1722176,0.99,-2.63025,-1.27512,0.939555,-1.9633,1.1366,1.19366,2.04846,-2.63687,-1.2753,0.937461,-1.9615,1.13547,1.19526,2.05418,-1.86506,-0.791052,1.06299,0.27351,-0.540648,-0.381223,2.15368,-1.75373,-0.792025,1.05598,0.277325,-0.504228,-0.371995,2.08892,-1.84295,37.8586,-37.0669,4.28928,1.21523,4.6575,0.038645,-3.67753,4.13979,-7.51768,0.906626,0.263033,2.48455,0.708601
1722177,0.99,-2.63205,-1.27591,0.940589,-1.96304,1.13604,1.19334,2.05058,-2.63862,-1.27609,0.93851,-1.96122,1.13497,1.19489,2.05627,-1.8324,-0.779802,1.05267,0.270869,-0.545708,-0.359477,2.15122,-1.74504,-0.785756,1.04979,0.275194,-0.500858,-0.369759,2.08114,-1.51366,37.4063,-36.7654,4.46384,1.57686,4.11642,-0.135305,-3.42768,3.94966,-7.41644,1.05508,0.274386,2.47292,0.699059
1722178,0.99,-2.63383,-1.27668,0.94163,-1.96279,1.13551,1.19301,2.0527,-2.64035,-1.27686,0.939554,-1.96095,1.13447,1.19453,2.05834,-1.81281,-0.772934,1.04534,0.264109,-0.542806,-0.343413,2.13004,-1.73635,-0.779487,1.0436,0.273064,-0.497488,-0.367523,2.07336,-1.58904,36.8231,-36.8923,4.83677,1.6675,3.78775,-0.0712183,-3.13971,3.71365,-7.29096,1.22409,0.287336,2.4596,0.689198
1722179,0.99,-2.63555,-1.27743,0.942676,-1.96253,1.13499,1.19264,2.05481,-2.64208,-1.27764,0.940591,-1.96068,1.13398,1.19416,2.0604,-1.81284,-0.762323,1.0417,0.258295,-0.536092,-0.351853,2.12882,-1.72765,-0.773218,1.03742,0.270933,-0.494118,-0.365286,2.06558,-2.14446,36.4184,-36.9677,5.13431,1.49172,3.86465,-0.122488,-2.86792,3.47029,-7.15221,1.38644,0.300546,2.44591,0.678596
1722180,0.99,-2.63731,-1.2782,0.943702,-1.96228,1.13449,1.19227,2.05695,-2.6438,-1.27841,0.941623,-1.96041,1.13349,1.1938,2.06246,-1.78701,-0.764329,1.04362,0.260122,-0.526426,-0.356646,2.12867,-1.71896,-0.76695,1.03123,0.268802,-0.490748,-0.36305,2.0578,-2.16826,36.2677,-37.1462,5.30887,1.28847,4.07064,-0.34313,-2.63095,3.24471,-7.01909,1.53186,0.313695,2.4329,0.667097
1722181,0.99,-2.63911,-1.27898,0.944739,-1.96201,1.13398,1.19191,2.05909,-2.64551,-1.27917,0.942648,-1.96015,1.133,1.19344,2.06451,-1.77983,-0.769619,1.03795,0.259341,-0.519377,-0.358884,2.1172,-1.71027,-0.760681,1.02504,0.266672,-0.487378,-0.360814,2.05002,-1.3629,36.3708,-37.4239,5.40805,1.23171,4.11642,-0.420034,-2.45602,3.07002,-6.91172,1.64307,0.325572,2.42183,0.654556
1722182,0.99,-2.64086,-1.27975,0.945757,-1.96174,1.13345,1.19155,2.06115,-2.64721,-1.27992,0.943666,-1.95988,1.13252,1.19308,2.06655,-1.77223,-0.772407,1.02393,0.270798,-0.523961,-0.360188,2.10167,-1.70158,-0.754412,1.01885,0.264541,-0.484008,-0.358578,2.04224,-0.557545,36.4462,-37.4993,5.33664,1.40749,4.15487,-0.174673,-2.35574,2.96461,-6.83534,1.70859,0.335199,2.41284,0.640707
1722183,0.99,-2.64262,-1.28052,0.946769,-1.9615,1.13295,1.19117,2.06322,-2.6489,-1.28067,0.944679,-1.95962,1.13204,1.19272,2.06859,-1.75487,-0.760116,1.02114,0.259621,-0.512415,-0.364239,2.09042,-1.69288,-0.748143,1.01267,0.26241,-0.480638,-0.356342,2.03446,0.176403,36.3192,-37.8524,5.75718,1.33425,4.41854,0.0322363,-2.32165,2.91962,-6.78081,1.73134,0.342456,2.40529,0.625489
1722184,0.99,-2.64433,-1.28125,0.947791,-1.96126,1.13246,1.1908,2.06534,-2.65059,-1.28141,0.945686,-1.95936,1.13156,1.19237,2.07062,-1.73764,-0.751305,1.01984,0.251395,-0.500242,-0.364799,2.09151,-1.68419,-0.741874,1.00648,0.26028,-0.477268,-0.354106,2.02668,0.529491,36.0891,-38.1579,6.20548,1.15846,4.62454,-0.155447,-2.33906,2.91438,-6.74173,1.72509,0.347825,2.39952,0.60931
1722185,0.99,-2.64605,-1.282,0.948784,-1.96104,1.13196,1.19048,2.06743,-2.65226,-1.28215,0.946686,-1.9591,1.13109,1.19202,2.07263,-1.70903,-0.741736,1.01879,0.239081,-0.498115,-0.34393,2.09479,-1.6755,-0.735605,1.00029,0.258149,-0.473898,-0.35187,2.0189,0.957958,35.9662,-38.0309,6.80057,1.28298,4.28396,-0.459402,-2.39899,2.93471,-6.7174,1.70192,0.351685,2.39638,0.592684
1722186,0.99,-2.64779,-1.2827,0.949754,-1.96079,1.13144,1.19019,2.0695,-2.65393,-1.28288,0.94768,-1.95884,1.13062,1.19167,2.07465,-1.7078,-0.741954,1.00138,0.24006,-0.508006,-0.326838,2.07482,-1.66681,-0.729337,0.994103,0.256018,-0.470528,-0.349634,2.01112,1.64033,35.5615,-37.8286,7.09812,1.62813,3.71633,-0.420034,-2.49427,2.97277,-6.70171,1.66732,0.35429,2.3955,0.575682
1722187,0.99,-2.64949,-1.28342,0.950744,-1.96056,1.13094,1.18987,2.07148,-2.65558,-1.2836,0.948668,-1.95859,1.13015,1.19132,2.07665,-1.70099,-0.732421,0.990504,0.236476,-0.50553,-0.325454,2.04833,-1.65558,-0.722956,0.987602,0.253642,-0.467067,-0.34738,2.00103,2.19575,35.2044,-37.8286,7.32425,1.83138,3.5433,0.0587866,-2.60258,3.0144,-6.68137,1.6299,0.35654,2.39484,0.558077
1722188,0.99,-2.6512,-1.28412,0.951718,-1.96032,1.13047,1.18949,2.07352,-2.65723,-1.28431,0.949649,-1.95834,1.12969,1.19098,2.07864,-1.68745,-0.718333,0.984987,0.234855,-0.496528,-0.338836,2.03348,-1.64436,-0.716575,0.981102,0.251267,-0.463605,-0.345127,1.99094,2.7234,34.8513,-37.9556,7.49881,1.72426,3.9031,0.181467,-2.70309,3.04361,-6.64823,1.5986,0.359357,2.39276,0.540001
1722189,0.99,-2.65296,-1.28481,0.952722,-1.96009,1.13001,1.18912,2.07558,-2.65886,-1.28502,0.950623,-1.95809,1.12922,1.19063,2.08062,-1.7222,-0.710431,0.988856,0.233195,-0.476118,-0.350862,2.02942,-1.63314,-0.710194,0.974601,0.248891,-0.460144,-0.342874,1.98085,3.73109,34.6768,-38.2848,7.52262,1.37911,4.22537,0.116465,-2.76387,3.04528,-6.6098,1.58896,0.36398,2.38897,0.522153
1722190,0.99,-2.6547,-1.28551,0.953692,-1.95986,1.12954,1.18879,2.07765,-2.66048,-1.28573,0.951591,-1.95784,1.12877,1.19029,2.08259,-1.72039,-0.704391,0.985193,0.233804,-0.47545,-0.344378,2.04709,-1.62191,-0.703813,0.9681,0.246515,-0.456683,-0.34062,1.97076,4.96888,34.5736,-38.2333,7.598,1.37361,4.15487,-0.510671,-2.74081,3.00894,-6.58167,1.62034,0.371846,2.38369,0.505208
1722191,0.99,-2.65642,-1.28623,0.954639,-1.95963,1.12908,1.18849,2.07966,-2.6621,-1.28643,0.952553,-1.9576,1.12832,1.18995,2.08455,-1.71256,-0.704416,0.972008,0.230934,-0.47406,-0.330788,2.02431,-1.61069,-0.697432,0.961599,0.244139,-0.453222,-0.338367,1.96067,6.02815,34.649,-38.2333,7.79636,1.36171,3.83261,-0.452993,-2.63617,2.94293,-6.56693,1.68834,0.382544,2.37718,0.489128
1722192,0.99,-2.65805,-1.2869,0.955601,-1.95942,1.12861,1.18816,2.08164,-2.66369,-1.28712,0.953508,-1.95736,1.12787,1.18962,2.0865,-1.70364,-0.700539,0.964968,0.223569,-0.466408,-0.327925,2.01593,-1.59947,-0.691051,0.955098,0.241763,-0.44976,-0.336114,1.95058,6.20668,34.4467,-38.4594,8.24466,1.41847,3.81338,-0.368765,-2.48488,2.8644,-6.55783,1.77454,0.394563,2.36963,0.473273
1722193,0.99,-2.65964,-1.28757,0.956559,-1.95923,1.12817,1.18783,2.08364,-2.66528,-1.2878,0.954457,-1.95712,1.12742,1.18928,2.08844,-1.6549,-0.681071,0.959366,0.215704,-0.455228,-0.333749,1.99261,-1.58824,-0.684671,0.948597,0.239388,-0.446299,-0.33386,1.94049,5.62349,34.169,-38.868,8.93894,1.33974,3.89028,-0.303762,-2.32963,2.786,-6.54719,1.8609,0.406119,2.36169,0.457167
1722194,0.99,-2.66123,-1.28825,0.957514,-1.95901,1.12769,1.18753,2.08569,-2.66686,-1.28848,0.955399,-1.95688,1.12698,1.18895,2.09037,-1.65902,-0.686043,0.95554,0.212927,-0.467018,-0.318043,2.00099,-1.57702,-0.67829,0.942097,0.237012,-0.442838,-0.331607,1.9304,5.42115,34.1967,-39.0426,9.23648,1.69588,3.67788,-0.5949,-2.20781,2.71893,-6.53363,1.93228,0.415741,2.35424,0.440713
1722195,0.99,-2.66286,-1.28894,0.958456,-1.9588,1.1272,1.18722,2.08767,-2.66843,-1.28915,0.956334,-1.95665,1.12654,1.18862,2.09229,-1.63699,-0.685012,0.945546,0.210452,-0.477244,-0.313003,2.00035,-1.5658,-0.671909,0.935596,0.234636,-0.439377,-0.329354,1.92031,5.72663,34.3197,-39.0942,9.43485,2.09139,3.49752,-0.737722,-2.12306,2.67341,-6.52345,1.98628,0.423713,2.3472,0.42381
1722196,0.99,-2.66449,-1.28962,0.959405,-1.95857,1.12675,1.18687,2.08967,-2.66998,-1.28982,0.957263,-1.95641,1.1261,1.1883,2.0942,-1.6222,-0.681344,0.946245,0.213598,-0.46837,-0.324933,1.98197,-1.55457,-0.665528,0.929095,0.23226,-0.435915,-0.3271,1.91022,6.1551,34.4745,-39.4235,9.41105,2.19301,3.87747,-0.898855,-2.07655,2.65895,-6.52334,2.02022,0.430581,2.34038,0.40618
1722197,0.99,-2.66611,-1.29028,0.960361,-1.95835,1.12632,1.18648,2.0916,-2.67152,-1.29048,0.958186,-1.95618,1.12567,1.18797,2.0961,-1.62768,-0.674757,0.954255,0.217122,-0.453135,-0.348049,1.97103,-1.54124,-0.659043,0.922173,0.229702,-0.432357,-0.324798,1.89783,6.55976,34.4229,-39.8043,9.43485,1.933,4.53482,-0.718496,-2.06205,2.67811,-6.5452,2.03504,0.436869,2.33446,0.387549
1722198,0.99,-2.6677,-1.29095,0.961303,-1.95814,1.12589,1.18613,2.09357,-2.67305,-1.29113,0.959101,-1.95596,1.12524,1.18765,2.09799,-1.61856,-0.668728,0.947551,0.216639,-0.447859,-0.352104,1.96256,-1.52792,-0.652558,0.915251,0.227143,-0.428798,-0.322496,1.88543,7.13899,34.5736,-39.9551,9.46262,1.79201,4.78567,-0.801809,-2.05249,2.7211,-6.59856,2.04274,0.443628,2.33031,0.367807
1722199,0.99,-2.66933,-1.29161,0.962208,-1.95794,1.12544,1.18585,2.09554,-2.67456,-1.29178,0.960009,-1.95573,1.12481,1.18733,2.09986,-1.61053,-0.66892,0.936193,0.210182,-0.449576,-0.336812,1.96003,-1.51459,-0.646072,0.908329,0.224585,-0.425239,-0.320194,1.87303,8.01973,34.7522,-39.8281,9.70859,1.82039,4.32241,-0.912588,-2.03336,2.77505,-6.67384,2.05168,0.451436,2.32812,0.346984
1722200,0.99,-2.67091,-1.29227,0.963104,-1.95775,1.12497,1.18557,2.09745,-2.67607,-1.29241,0.960911,-1.95551,1.12439,1.18701,2.10172,-1.60261,-0.667049,0.914002,0.207359,-0.455437,-0.318034,1.94429,-1.50126,-0.639587,0.901407,0.222026,-0.421681,-0.317892,1.86064,8.7259,34.8275,-39.5504,10.1093,1.9449,3.80056,-0.976675,-2.00233,2.82885,-6.7487,2.0648,0.46047,2.32686,0.325069
1722201,0.99,-2.67247,-1.29291,0.963995,-1.95759,1.12453,1.18525,2.09934,-2.67755,-1.29305,0.961805,-1.95529,1.12397,1.18669,2.10357,-1.56969,-0.649293,0.909345,0.192431,-0.448787,-0.318836,1.91562,-1.48793,-0.633102,0.894486,0.219468,-0.418122,-0.31559,1.84824,9.00361,34.5221,-39.3997,10.8789,1.91652,3.64584,-0.627859,-1.96567,2.87115,-6.80234,2.08272,0.47052,2.32529,0.302033
1722202,0.99,-2.67399,-1.29353,0.964895,-1.95742,1.12409,1.18493,2.10121,-2.67903,-1.29367,0.962693,-1.95507,1.12356,1.18638,2.1054,-1.55705,-0.645003,0.901752,0.185166,-0.449498,-0.321091,1.88853,-1.4746,-0.626617,0.887564,0.216909,-0.414564,-0.313287,1.83585,9.3567,34.2721,-39.3481,11.4978,1.92201,3.65225,-0.200308,-1.93576,2.89712,-6.8298,2.1054,0.481096,2.32324,0.278112
1722203,0.99,-2.67555,-1.29416,0.965781,-1.95724,1.12364,1.18463,2.10308,-2.68049,-1.29429,0.963573,-1.95486,1.12315,1.18607,2.10723,-1.5468,-0.634966,0.891165,0.183918,-0.446125,-0.313027,1.87135,-1.46127,-0.620131,0.880642,0.214351,-0.411005,-0.310985,1.82345,10.2136,34.169,-39.118,11.847,1.93849,3.42703,-0.284536,-1.91155,2.90727,-6.83599,2.13482,0.492051,2.32049,0.254007
1722204,0.99,-2.67711,-1.29479,0.966639,-1.95704,1.1232,1.18435,2.105,-2.68194,-1.29491,0.964447,-1.95465,1.12274,1.18576,2.10904,-1.53942,-0.633942,0.878217,0.191533,-0.445434,-0.301495,1.87505,-1.44794,-0.613646,0.87372,0.211792,-0.407446,-0.308683,1.81105,11.1737,34.2721,-38.9156,11.7994,2.02913,3.14962,-0.75054,-1.88559,2.90341,-6.82211,2.16919,0.503168,2.3158,0.230561
1722205,0.99,-2.67864,-1.29541,0.967506,-1.95684,1.12277,1.18404,2.10685,-2.68337,-1.29552,0.965314,-1.95444,1.12234,1.18545,2.11084,-1.53498,-0.620609,0.868022,0.192429,-0.440557,-0.305655,1.86243,-1.43462,-0.607161,0.866798,0.209234,-0.403888,-0.306381,1.79866,12.1576,34.1452,-38.7887,11.7994,1.97878,3.33639,-0.853994,-1.85124,2.88654,-6.78767,2.20523,0.514164,2.30787,0.208115
1722206,0.99,-2.68018,-1.29602,0.968365,-1.95666,1.12234,1.18369,2.10866,-2.68479,-1.29612,0.966174,-1.95423,1.12194,1.18515,2.11262,-1.53407,-0.612948,0.868754,0.190881,-0.435026,-0.318986,1.83477,-1.42129,-0.600676,0.859876,0.206675,-0.400329,-0.304079,1.78626,13.0145,33.8913,-38.9156,11.8708,1.87624,3.85183,-0.666311,-1.79232,2.85285,-6.739,2.24894,0.525388,2.29658,0.186423
1722207,0.99,-2.68168,-1.2966,0.969214,-1.95649,1.1219,1.18337,2.11046,-2.6862,-1.29671,0.967026,-1.95403,1.12154,1.18485,2.11439,-1.52093,-0.604782,0.862398,0.184805,-0.427522,-0.318637,1.81192,-1.40659,-0.594102,0.852441,0.204004,-0.396668,-0.301695,1.77164,13.57,33.5898,-38.7649,12.1207,1.9449,4.12283,-0.303762,-1.69662,2.80283,-6.68897,2.30782,0.537238,2.28325,0.165197
1722208,0.99,-2.68317,-1.29719,0.970057,-1.95634,1.12146,1.1831,2.11226,-2.68759,-1.2973,0.967871,-1.95383,1.12115,1.18455,2.11615,-1.50449,-0.595675,0.85602,0.17625,-0.437918,-0.30124,1.80705,-1.39189,-0.587529,0.845005,0.201332,-0.393006,-0.299312,1.75701,14.05,33.312,-38.6617,12.569,2.18202,3.93606,-0.400808,-1.56997,2.74167,-6.64269,2.38159,0.549657,2.26945,0.144499
1722209,0.99,-2.68464,-1.29777,0.97089,-1.9562,1.12103,1.18284,2.11409,-2.68897,-1.29788,0.968709,-1.95363,1.12076,1.18425,2.11789,-1.46586,-0.584569,0.851368,0.166601,-0.432937,-0.282753,1.80744,-1.37719,-0.580956,0.837569,0.198661,-0.389345,-0.296928,1.74239,14.1016,33.0343,-38.7133,13.0411,2.23879,3.57534,-0.718496,-1.43718,2.67675,-6.59668,2.46127,0.562142,2.25627,0.124624
1722210,0.99,-2.68604,-1.29834,0.971736,-1.95605,1.12062,1.18258,2.11591,-2.69033,-1.29845,0.969539,-1.95343,1.12037,1.18396,2.11962,-1.45904,-0.580095,0.847007,0.159706,-0.426205,-0.273942,1.82505,-1.36249,-0.574383,0.830134,0.195989,-0.385684,-0.294544,1.72777,13.6969,32.832,-39.0942,13.3902,2.20491,3.31716,-1.02245,-1.32177,2.61746,-6.55046,2.53709,0.574222,2.24432,0.105607
1722211,0.99,-2.68746,-1.2989,0.972573,-1.9559,1.12022,1.1823,2.11769,-2.69168,-1.29902,0.970362,-1.95324,1.11999,1.18367,2.12133,-1.44134,-0.570685,0.859637,0.157035,-0.423129,-0.27483,1.81944,-1.34779,-0.567809,0.822698,0.193318,-0.382022,-0.29216,1.71314,13.5462,32.5781,-39.6258,13.6362,2.0804,3.25949,-1.21654,-1.22139,2.57084,-6.51603,2.60954,0.58615,2.23385,0.0870359
1722212,0.99,-2.68885,-1.29946,0.973411,-1.95573,1.11979,1.18203,2.11943,-2.69301,-1.29958,0.971177,-1.95305,1.11961,1.18338,2.12303,-1.42785,-0.565427,0.858133,0.15929,-0.418325,-0.273548,1.78425,-1.33309,-0.561236,0.815262,0.190646,-0.378361,-0.289777,1.69852,13.7207,32.4749,-40.209,13.537,2.15914,3.26589,-0.995901,-1.1304,2.5448,-6.51046,2.67883,0.59793,2.22514,0.0682686
1722213,0.99,-2.69027,-1.30001,0.974235,-1.95556,1.11937,1.18173,2.12116,-2.69433,-1.30014,0.971985,-1.95286,1.11924,1.18309,2.12472,-1.40948,-0.564491,0.848265,0.162298,-0.416127,-0.28085,1.7721,-1.3184,-0.554663,0.807826,0.187974,-0.3747,-0.287393,1.68389,14.177,32.352,-40.4629,13.4894,2.38527,3.51034,-0.957449,-1.05679,2.54538,-6.53494,2.73726,0.608874,2.21771,0.0487991
1722214,0.99,-2.69168,-1.30056,0.975049,-1.95541,1.11896,1.18142,2.12292,-2.69563,-1.30068,0.972785,-1.95268,1.11887,1.1828,2.12639,-1.4047,-0.55591,0.840133,0.159672,-0.409397,-0.289915,1.76334,-1.3037,-0.548089,0.800391,0.185303,-0.371038,-0.285009,1.66927,14.657,32.3242,-40.7922,13.6362,2.35689,3.87747,-1.15154,-1.00104,2.56728,-6.57701,2.78236,0.618882,2.21054,0.0285317
1722215,0.99,-2.69302,-1.3011,0.975854,-1.95526,1.11855,1.18114,2.12467,-2.69692,-1.30123,0.973578,-1.95249,1.1185,1.18252,2.12804,-1.38458,-0.550927,0.825846,0.156625,-0.410283,-0.293312,1.74954,-1.289,-0.541516,0.792955,0.182631,-0.367377,-0.282626,1.65465,14.9069,32.225,-40.816,13.8346,2.35689,4.05783,-1.18358,-0.952637,2.59571,-6.62238,2.82051,0.628639,2.20303,0.00755425
1722216,0.99,-2.69439,-1.30163,0.976654,-1.95513,1.11815,1.18088,2.12635,-2.6982,-1.30176,0.974364,-1.95231,1.11814,1.18224,2.12968,-1.37335,-0.546158,0.813079,0.146551,-0.408376,-0.282377,1.73461,-1.2743,-0.534943,0.785519,0.17996,-0.363716,-0.280242,1.64002,15.3116,32.1496,-40.816,14.2353,2.40267,3.88388,-0.906179,-0.905485,2.61874,-6.65812,2.85769,0.638794,2.19511,-0.0141791
1722217,0.99,-2.69575,-1.30214,0.977429,-1.955,1.11774,1.18066,2.12804,-2.69946,-1.30229,0.975141,-1.95214,1.11778,1.18196,2.1313,-1.35549,-0.533641,0.80126,0.140043,-0.407309,-0.271396,1.71351,-1.25931,-0.528309,0.777506,0.17725,-0.359949,-0.277745,1.62334,15.7401,31.8957,-40.689,14.6082,2.4814,3.51034,-0.756948,-0.85381,2.62626,-6.67485,2.90018,0.649871,2.18672,-0.0366052
1722218,0.99,-2.69706,-1.30265,0.978193,-1.95487,1.11735,1.18043,2.12973,-2.7007,-1.30281,0.975911,-1.95196,1.11742,1.18169,2.13291,-1.33498,-0.526949,0.78609,0.137833,-0.40115,-0.258679,1.70786,-1.24432,-0.521676,0.769492,0.174539,-0.356181,-0.275248,1.60666,15.9662,31.745,-40.4629,14.9811,2.39168,3.1954,-0.918997,-0.797689,2.61125,-6.66564,2.94936,0.661862,2.17743,-0.0593239
1722219,0.99,-2.69839,-1.30317,0.978956,-1.95475,1.11697,1.18017,2.13143,-2.70193,-1.30333,0.976672,-1.95179,1.11707,1.18142,2.1345,-1.32817,-0.515301,0.780052,0.132133,-0.393356,-0.255855,1.70436,-1.22933,-0.515042,0.761478,0.171829,-0.352414,-0.272751,1.58998,16.3709,31.618,-40.3835,15.3025,2.3459,3.17617,-1.24859,-0.738569,2.57289,-6.6298,3.00364,0.674477,2.16657,-0.0818882
1722220,0.99,-2.69968,-1.30367,0.979727,-1.95462,1.11658,1.1799,2.13308,-2.70314,-1.30383,0.977425,-1.95162,1.11672,1.18115,2.13607,-1.3126,-0.509371,0.769443,0.129467,-0.388803,-0.261239,1.67942,-1.21434,-0.508408,0.753465,0.169119,-0.348647,-0.270254,1.5733,16.7993,31.5664,-40.4629,15.4254,2.33492,3.36294,-1.12591,-0.667942,2.51221,-6.57501,3.06674,0.687746,2.1539,-0.104201
1722221,0.99,-2.701,-1.30416,0.980502,-1.95448,1.11619,1.17963,2.13464,-2.70434,-1.30434,0.978171,-1.95145,1.11637,1.18088,2.13763,-1.30551,-0.504221,0.764311,0.131664,-0.385757,-0.263718,1.64563,-1.19935,-0.501775,0.745451,0.166409,-0.34488,-0.267758,1.55662,17.4301,31.5664,-40.6374,15.354,2.45943,3.5433,-0.718496,-0.582698,2.43673,-6.51199,3.13844,0.701445,2.13973,-0.126454
1722222,0.99,-2.70228,-1.30464,0.981243,-1.95435,1.11582,1.17937,2.13623,-2.70553,-1.30483,0.978908,-1.95129,1.11603,1.18061,2.13917,-1.29062,-0.494068,0.751277,0.134839,-0.378374,-0.261763,1.61416,-1.18436,-0.495141,0.737437,0.163698,-0.341112,-0.265261,1.53994,17.8348,31.5149,-40.8398,15.3263,2.46492,3.62661,-0.575674,-0.486027,2.35475,-6.44719,3.21336,0.715072,2.12449,-0.148575
1722223,0.99,-2.70354,-1.30511,0.981999,-1.95423,1.11546,1.17914,2.13784,-2.7067,-1.30532,0.979638,-1.95113,1.11569,1.18035,2.14069,-1.28173,-0.485867,0.750577,0.131252,-0.372948,-0.252748,1.60805,-1.16937,-0.488507,0.729424,0.160988,-0.337345,-0.262764,1.52326,18.2117,31.3125,-41.2722,15.4016,2.32942,3.51034,-0.976675,-0.378743,2.26836,-6.38309,3.28873,0.728408,2.10856,-0.170055
1722224,0.99,-2.7048,-1.30557,0.982727,-1.95413,1.1151,1.17892,2.13946,-2.70785,-1.3058,0.980359,-1.95097,1.11536,1.18009,2.1422,-1.25958,-0.473579,0.74725,0.119521,-0.36677,-0.238101,1.61367,-1.15438,-0.481874,0.72141,0.158278,-0.333578,-0.260267,1.50658,18.5132,31.011,-41.423,15.727,2.25527,3.30435,-1.52691,-0.259271,2.1784,-6.32591,3.36741,0.741681,2.09269,-0.190525
1722225,0.99,-2.70605,-1.30602,0.983451,-1.95402,1.11473,1.1787,2.14104,-2.70899,-1.30628,0.981073,-1.95082,1.11503,1.17983,2.14369,-1.27011,-0.467698,0.74339,0.115467,-0.365263,-0.232393,1.59225,-1.13939,-0.47524,0.713397,0.155568,-0.329811,-0.25777,1.4899,18.8663,30.8325,-41.4745,15.9967,2.40267,3.08554,-1.63036,-0.11482,2.08137,-6.28227,3.45936,0.755572,2.07725,-0.21033
1722226,0.99,-2.70728,-1.30647,0.984168,-1.95392,1.11436,1.17847,2.14252,-2.71012,-1.30675,0.981778,-1.95066,1.11471,1.17958,2.14516,-1.25609,-0.459943,0.726955,0.110734,-0.363243,-0.232104,1.56173,-1.1244,-0.468606,0.705383,0.152857,-0.326043,-0.255273,1.47322,19.2987,30.6302,-41.4983,16.2229,2.65169,3.08554,-1.28795,0.0732932,1.96944,-6.2505,3.57457,0.77082,2.06155,-0.230325
1722227,0.99,-2.7085,-1.30692,0.984857,-1.95383,1.114,1.17822,2.14401,-2.71123,-1.30721,0.982475,-1.95051,1.11438,1.17932,2.14662,-1.24318,-0.455157,0.714086,0.104813,-0.367315,-0.237951,1.52777,-1.10941,-0.461955,0.696772,0.150185,-0.322171,-0.252635,1.4548,19.624,30.5826,-41.4745,16.4212,2.82106,3.26589,-1.0609,0.299405,1.8412,-6.22049,3.71018,0.787428,2.04479,-0.251105
1722228,0.99,-2.70968,-1.30736,0.98555,-1.95372,1.11366,1.17797,2.1455,-2.71232,-1.30766,0.983163,-1.95036,1.11407,1.17907,2.14806,-1.23738,-0.451391,0.708373,0.103114,-0.358258,-0.241076,1.543,-1.09442,-0.455303,0.688162,0.147512,-0.318298,-0.249997,1.43637,19.8264,30.6817,-41.3992,16.4966,2.80367,3.42703,-1.04809,0.546562,1.7042,-6.18885,3.85748,0.805202,2.02701,-0.272583
1722229,0.99,-2.71087,-1.30781,0.986235,-1.95363,1.11332,1.17774,2.14702,-2.7134,-1.30811,0.983842,-1.95022,1.11375,1.17883,2.14947,-1.21235,-0.447703,0.712966,0.0994333,-0.346393,-0.237971,1.52865,-1.07943,-0.448652,0.679551,0.144839,-0.314426,-0.247359,1.41795,20.1041,30.8087,-41.3992,16.6712,2.75331,3.47189,-1.41063,0.798775,1.57517,-6.16798,4.00649,0.823778,2.00937,-0.294303
1722230,0.99,-2.71204,-1.30824,0.986925,-1.95353,1.11299,1.17753,2.14851,-2.71446,-1.30855,0.984513,-1.95008,1.11344,1.17858,2.15087,-1.18983,-0.444668,0.700675,0.0980044,-0.340555,-0.230465,1.51302,-1.06444,-0.442,0.670941,0.142166,-0.310553,-0.244721,1.39953,20.1795,30.8841,-41.3714,16.6434,2.66817,3.35653,-1.55895,1.02771,1.47409,-6.16822,4.1413,0.842054,1.99326,-0.31603
1722231,0.99,-2.71316,-1.30867,0.98761,-1.95344,1.11266,1.17731,2.14992,-2.71551,-1.30899,0.985176,-1.94994,1.11313,1.17834,2.15225,-1.1711,-0.435301,0.69186,0.0938739,-0.339373,-0.226624,1.48425,-1.04945,-0.435349,0.66233,0.139493,-0.306681,-0.242083,1.3811,20.0525,30.9356,-41.3992,16.7188,2.63979,3.28512,-1.33281,1.21415,1.4049,-6.18248,4.25209,0.859181,1.97877,-0.337968
1722232,0.99,-2.71429,-1.30908,0.988277,-1.95336,1.11234,1.17708,2.15133,-2.71655,-1.30942,0.985829,-1.9498,1.11283,1.1781,2.15362,-1.15345,-0.425535,0.68525,0.087647,-0.331046,-0.221982,1.45175,-1.03446,-0.428697,0.65372,0.136821,-0.302808,-0.239445,1.36268,19.9533,30.8603,-41.5261,16.9449,2.54366,3.28512,-1.19732,1.36187,1.35586,-6.19933,4.34244,0.875133,1.96534,-0.360321
1722233,0.99,-2.71541,-1.30949,0.988935,-1.95327,1.11203,1.17686,2.15276,-2.71757,-1.30984,0.986475,-1.94967,1.11253,1.17786,2.15496,-1.14561,-0.4234,0.673169,0.0856843,-0.321778,-0.2227,1.443,-1.01947,-0.422045,0.645109,0.134148,-0.298936,-0.236807,1.34425,19.9533,31.011,-41.5261,17.0679,2.47591,3.2723,-1.29436,1.48551,1.31597,-6.21418,4.42101,0.890206,1.95247,-0.382928
1722234,0.99,-2.7165,-1.30991,0.98958,-1.9532,1.11172,1.17665,2.15414,-2.71857,-1.31026,0.987111,-1.94954,1.11224,1.17763,2.15629,-1.12456,-0.421114,0.662102,0.0792733,-0.325513,-0.216347,1.42416,-1.00448,-0.415394,0.636498,0.131475,-0.295063,-0.234169,1.32583,20.0287,31.1856,-41.5261,17.2663,2.56655,3.20822,-1.33281,1.59478,1.28256,-6.22514,4.49253,0.904584,1.9397,-0.405511
1722235,0.99,-2.71759,-1.31031,0.990211,-1.95312,1.1114,1.17644,2.1555,-2.71956,-1.31066,0.987739,-1.94941,1.11195,1.1774,2.15759,-1.11435,-0.423708,0.649919,0.0773157,-0.32118,-0.212503,1.39822,-0.98949,-0.408742,0.627888,0.128802,-0.291191,-0.231531,1.3074,20.2033,31.3403,-41.4983,17.3416,2.62331,3.15603,-1.14513,1.68961,1.26009,-6.23219,4.55672,0.918266,1.92676,-0.427954
1722236,0.99,-2.71865,-1.31071,0.990845,-1.95304,1.11111,1.17623,2.15682,-2.72054,-1.31107,0.988358,-1.94928,1.11166,1.17717,2.15888,-1.09714,-0.415857,0.644611,0.0806768,-0.322986,-0.210329,1.38062,-0.9745,-0.402091,0.619277,0.12613,-0.287318,-0.228893,1.28898,20.3302,31.3879,-41.5499,17.3416,2.59493,3.11758,-1.02886,1.76924,1.25293,-6.23797,4.61158,0.931159,1.91353,-0.450156
1722237,1,-2.7197,-1.31111,0.991442,-1.95296,1.11082,1.17601,2.15816,-2.72149,-1.31146,0.988968,-1.94916,1.11137,1.17694,2.16015,-1.06969,-0.409153,0.632171,0.0819084,-0.310909,-0.210528,1.36594,-0.95951,-0.395482,0.610114,0.123569,-0.283347,-0.226093,1.26933,20.4056,31.5149,-41.4468,17.3893,2.54366,3.14321,-1.02886,1.82541,1.26235,-6.24263,4.65093,0.942661,1.89999,-0.471841
1722238,1,-2.72073,-1.31149,0.992037,-1.95289,1.11052,1.1758,2.15951,-2.72244,-1.31185,0.989569,-1.94904,1.1111,1.17672,2.1614,-1.0598,-0.406295,0.616856,0.081205,-0.303562,-0.210838,1.36396,-0.94452,-0.388873,0.600951,0.121009,-0.279377,-0.223294,1.24969,20.6357,31.618,-41.2206,17.4884,2.53267,3.16976,-1.255,1.84963,1.28565,-6.24036,4.66998,0.952182,1.88592,-0.492691
1722239,1,-2.72177,-1.31189,0.992619,-1.95282,1.11023,1.17559,2.16081,-2.72337,-1.31223,0.990161,-1.94892,1.11082,1.1765,2.16263,-1.04585,-0.404697,0.599268,0.0772794,-0.301204,-0.209709,1.34578,-0.92953,-0.382265,0.591788,0.118449,-0.275406,-0.220495,1.23004,20.8618,31.8957,-40.9945,17.6154,2.60042,3.16336,-1.30718,1.85272,1.31497,-6.22434,4.67499,0.960151,1.8708,-0.512614
1722240,1,-2.72279,-1.31225,0.99318,-1.95275,1.10994,1.17537,2.1621,-2.72428,-1.31261,0.990744,-1.9488,1.11055,1.17628,2.16384,-1.03429,-0.395432,0.588435,0.0744646,-0.296062,-0.212226,1.32374,-0.91454,-0.375656,0.582624,0.115888,-0.271436,-0.217695,1.2104,21.1118,31.9473,-40.7128,17.7384,2.73042,3.24026,-1.32,1.85259,1.34078,-6.19119,4.67691,0.967445,1.8544,-0.531779
1722241,1,-2.72376,-1.31262,0.993759,-1.95269,1.10967,1.17517,2.16333,-2.72518,-1.31298,0.991317,-1.94869,1.11028,1.17607,2.16503,-1.02362,-0.386523,0.583891,0.0712649,-0.285939,-0.209446,1.30841,-0.89955,-0.369047,0.573461,0.113328,-0.267465,-0.214896,1.19076,21.2387,31.9473,-40.7406,17.9129,2.67366,3.32998,-0.989492,1.8646,1.35547,-6.14465,4.68541,0.974769,1.8371,-0.550406
1722242,1,-2.72474,-1.31297,0.99431,-1.95263,1.1094,1.17496,2.16458,-2.72607,-1.31334,0.991881,-1.94858,1.11002,1.17585,2.1662,-1.00197,-0.371295,0.569334,0.065858,-0.280855,-0.203804,1.29038,-0.88456,-0.362439,0.564298,0.110768,-0.263495,-0.212096,1.17111,21.3895,31.8441,-40.689,18.0875,2.69106,3.3428,-1.0609,1.89616,1.35288,-6.08792,4.70613,0.982496,1.81944,-0.568501
1722243,1,-2.7257,-1.31332,0.994871,-1.95257,1.10913,1.17479,2.16583,-2.72694,-1.3137,0.992437,-1.94847,1.10976,1.17564,2.16736,-1.00592,-0.361018,0.567371,0.0645501,-0.27676,-0.195403,1.28007,-0.86957,-0.35583,0.555135,0.108207,-0.259524,-0.209297,1.15147,21.6156,31.7688,-40.8675,18.1351,2.58943,3.09835,-1.32641,1.95516,1.32557,-6.02071,4.74433,0.991002,1.80157,-0.585835
1722244,1,-2.72664,-1.31366,0.995432,-1.9525,1.10885,1.17461,2.16706,-2.72779,-1.31405,0.992983,-1.94836,1.1095,1.17544,2.16849,-0.983961,-0.349618,0.563545,0.0679121,-0.276402,-0.193321,1.27607,-0.85458,-0.349221,0.545971,0.105647,-0.255554,-0.206498,1.13182,21.7703,31.6418,-41.1215,18.1351,2.65718,2.94363,-1.721,2.04982,1.27422,-5.95081,4.80253,1.00052,1.7837,-0.602352
1722245,1,-2.72759,-1.31399,0.995963,-1.95244,1.10859,1.17442,2.16825,-2.72863,-1.31439,0.993519,-1.94826,1.10925,1.17523,2.1696,-0.964194,-0.345505,0.551087,0.0690242,-0.27424,-0.193114,1.24901,-0.83959,-0.342612,0.536808,0.103087,-0.251583,-0.203698,1.11218,21.9965,31.4157,-41.2444,18.1867,2.68556,2.94363,-1.81164,2.16117,1.21378,-5.88549,4.86827,1.01018,1.76613,-0.618504
1722246,1,-2.72849,-1.31432,0.996504,-1.95238,1.1083,1.17421,2.16938,-2.72946,-1.31472,0.994047,-1.94816,1.109,1.17503,2.17069,-0.958272,-0.338478,0.55027,0.0667866,-0.273903,-0.199141,1.21229,-0.8246,-0.336004,0.527645,0.100526,-0.247613,-0.200899,1.09254,21.9965,31.2887,-41.5261,18.2343,2.88332,3.11758,-1.50768,2.27091,1.15769,-5.82846,4.93107,1.01934,1.749,-0.63501
1722247,1,-2.72939,-1.31465,0.997014,-1.95233,1.10803,1.17401,2.17049,-2.73027,-1.31505,0.994565,-1.94806,1.10876,1.17484,2.17176,-0.937984,-0.333236,0.547557,0.0608577,-0.275653,-0.197064,1.18116,-0.80961,-0.329522,0.518057,0.0981491,-0.243562,-0.19793,1.07255,22.048,31.1856,-41.5261,18.4604,3.01332,3.2723,-1.32,2.38234,1.11184,-5.78901,4.99373,1.02851,1.73283,-0.652277
1722248,1,-2.73028,-1.31497,0.997536,-1.95227,1.10775,1.17383,2.1716,-2.73106,-1.31538,0.995074,-1.94797,1.10852,1.17464,2.17282,-0.918289,-0.328655,0.536127,0.0577349,-0.27862,-0.193328,1.15103,-0.79462,-0.323039,0.50847,0.0957719,-0.239512,-0.194962,1.05256,22.171,31.1618,-41.6531,18.508,3.08656,3.24026,-1.32641,2.49027,1.08086,-5.77063,5.05589,1.03809,1.71819,-0.670163
1722249,1,-2.73113,-1.31529,0.99803,-1.95223,1.1075,1.17367,2.17271,-2.73184,-1.31569,0.995572,-1.94787,1.10828,1.17445,2.17385,-0.896241,-0.323651,0.52242,0.0587588,-0.273423,-0.182073,1.13733,-0.77963,-0.316557,0.498882,0.0933946,-0.235461,-0.191994,1.03257,22.1988,31.2133,-41.6015,18.6588,3.06368,3.09835,-1.55895,2.57924,1.06647,-5.76353,5.10993,1.04793,1.7048,-0.688291
1722250,1,-2.732,-1.3156,0.99852,-1.95218,1.10726,1.17349,2.17378,-2.7326,-1.316,0.996062,-1.94778,1.10805,1.17426,2.17486,-0.876436,-0.316932,0.51019,0.0579555,-0.25778,-0.177698,1.11509,-0.76464,-0.310075,0.489295,0.0910174,-0.231411,-0.189025,1.01258,22.4011,31.138,-41.7007,18.758,2.84395,3.0599,-1.64318,2.63769,1.0665,-5.75519,5.1483,1.05754,1.69189,-0.706457
1722251,1,-2.73284,-1.3159,0.999012,-1.95213,1.10703,1.17332,2.17483,-2.73335,-1.31631,0.996541,-1.94769,1.10783,1.17407,2.17585,-0.871117,-0.307864,0.503484,0.0531636,-0.249691,-0.176824,1.08161,-0.74965,-0.303593,0.479707,0.0886402,-0.22736,-0.186057,0.992585,22.5757,31.0864,-41.9308,18.9087,2.70204,3.07913,-1.51409,2.67406,1.07286,-5.74088,5.17482,1.06695,1.67891,-0.724703
1722252,1,-2.73367,-1.31619,0.999479,-1.95209,1.1068,1.17314,2.17583,-2.73409,-1.3166,0.997012,-1.94761,1.1076,1.17389,2.17683,-0.85435,-0.299108,0.491039,0.0509291,-0.248196,-0.175684,1.0537,-0.73466,-0.29711,0.470119,0.086263,-0.22331,-0.183089,0.972595,22.8772,31.0626,-41.9546,19.0079,2.67366,3.09835,-1.32641,2.71118,1.07346,-5.72108,5.20241,1.07664,1.66563,-0.74308
1722253,1,-2.7345,-1.31647,0.999948,-1.95205,1.10655,1.17297,2.17683,-2.73481,-1.31689,0.997472,-1.94752,1.10738,1.17371,2.17778,-0.840214,-0.297901,0.487622,0.0474292,-0.249583,-0.175787,1.03806,-0.71967,-0.290628,0.460532,0.0838858,-0.219259,-0.18012,0.952605,23.2819,30.9079,-42.1053,19.1785,2.73042,3.13681,-1.30718,2.75728,1.06703,-5.69968,5.2361,1.08662,1.65223,-0.761441
1722254,1,-2.7353,-1.31674,1.00041,-1.95201,1.10632,1.1728,2.1778,-2.73551,-1.31718,0.997923,-1.94744,1.10717,1.17353,2.17871,-0.829507,-0.288873,0.478791,0.0454664,-0.242901,-0.171083,1.02058,-0.70468,-0.284146,0.450944,0.0815086,-0.215209,-0.177152,0.932615,23.635,30.8603,-42.1569,19.3293,2.73042,3.18258,-1.34563,2.81282,1.05975,-5.68416,5.27576,1.09673,1.63914,-0.779481
1722255,1,-2.73608,-1.317,1.00086,-1.95197,1.10609,1.17264,2.17876,-2.7362,-1.31746,0.998364,-1.94736,1.10696,1.17336,2.17963,-0.811658,-0.277137,0.470338,0.0446732,-0.235802,-0.163734,1.0002,-0.68969,-0.277664,0.441357,0.0791314,-0.211158,-0.174184,0.912625,23.7381,30.6064,-42.2323,19.4522,2.77529,3.13681,-1.28795,2.88074,1.04913,-5.67461,5.32219,1.1068,1.62634,-0.79694
1722256,1,-2.73683,-1.31724,1.0013,-1.95193,1.10587,1.17249,2.17969,-2.73688,-1.31773,0.998796,-1.94729,1.10675,1.17319,2.18052,-0.795233,-0.26735,0.463689,0.0423645,-0.228731,-0.160596,0.970306,-0.6747,-0.271181,0.431769,0.0767541,-0.207107,-0.171215,0.892635,23.6865,30.2771,-42.2839,19.5038,2.78169,3.00863,-1.08654,2.95787,1.03014,-5.66612,5.37353,1.11644,1.61366,-0.813675
1722257,1,-2.73757,-1.31749,1.00174,-1.9519,1.10565,1.17235,2.18061,-2.73754,-1.31799,0.999218,-1.94721,1.10655,1.17302,2.18139,-0.780334,-0.258875,0.452516,0.0394432,-0.228185,-0.151856,0.957615,-0.65971,-0.264937,0.421993,0.0746234,-0.203012,-0.168091,0.872645,23.635,30.0509,-42.2085,19.603,2.78169,2.82827,-1.15795,3.04033,1.00159,-5.65639,5.42814,1.12553,1.60102,-0.829517
1722258,1,-2.7383,-1.31773,1.00216,-1.95186,1.10545,1.1722,2.18152,-2.73818,-1.31825,0.99963,-1.94714,1.10635,1.17285,2.18224,-0.760887,-0.252814,0.440277,0.0396495,-0.220007,-0.149969,0.938429,-0.64472,-0.258693,0.412217,0.0724927,-0.198917,-0.164966,0.852655,23.635,29.9478,-42.0815,19.603,2.71395,2.76327,-1.30718,3.12347,0.964514,-5.64224,5.48357,1.13405,1.58801,-0.844272
1722259,1,-2.739,-1.31798,1.00258,-1.95182,1.10524,1.17203,2.18242,-2.73881,-1.3185,1.00003,-1.94707,1.10615,1.17269,2.18308,-0.751751,-0.25519,0.42852,0.0412848,-0.217335,-0.151926,0.944898,-0.62973,-0.252448,0.402441,0.070362,-0.194822,-0.161841,0.832665,23.5358,30.0232,-42.0062,19.5276,2.71944,2.91799,-1.59832,3.20017,0.926126,-5.62342,5.53439,1.14181,1.57422,-0.85796
1722260,1,-2.73969,-1.31822,1.00297,-1.95178,1.10505,1.17186,2.18327,-2.73943,-1.31875,1.00043,-1.947,1.10596,1.17253,2.18389,-0.726498,-0.247253,0.425647,0.0393768,-0.209242,-0.155431,0.911871,-0.61474,-0.246204,0.392665,0.0682313,-0.190727,-0.158717,0.812675,23.5358,29.9994,-41.9784,19.5792,2.69655,3.15603,-1.50127,3.26374,0.89779,-5.60693,5.57559,1.14857,1.55992,-0.870924
1722261,1,-2.74035,-1.31845,1.00336,-1.95174,1.10484,1.17171,2.18409,-2.74003,-1.31899,1.00081,-1.94693,1.10578,1.17238,2.18468,-0.71313,-0.238501,0.413966,0.0444626,-0.209646,-0.1576,0.877172,-0.59975,-0.23996,0.382889,0.0661006,-0.186632,-0.155592,0.792685,23.3573,29.9756,-41.8554,19.48,2.85494,3.26589,-1.20373,3.30776,0.883738,-5.59731,5.60393,1.154,1.54584,-0.883603
1722262,1,-2.74102,-1.31868,1.00375,-1.9517,1.10466,1.17156,2.18488,-2.74061,-1.31922,1.00118,-1.94687,1.10559,1.17223,2.18545,-0.695391,-0.238088,0.403826,0.0427681,-0.199941,-0.150429,0.855591,-0.58476,-0.233715,0.373113,0.0639699,-0.182537,-0.152467,0.772695,23.3573,30.0747,-41.9308,19.48,2.87142,3.26589,-1.04809,3.33171,0.881328,-5.59195,5.61882,1.15805,1.53232,-0.896148
1722263,1,-2.74166,-1.3189,1.00412,-1.95168,1.10449,1.17143,2.18571,-2.74118,-1.31945,1.00154,-1.94681,1.10541,1.17208,2.18621,-0.681351,-0.232008,0.395513,0.0373317,-0.190591,-0.140689,0.842133,-0.56977,-0.227471,0.363337,0.0618392,-0.178442,-0.149343,0.752705,23.3334,30.0747,-41.9784,19.6546,2.83205,3.14321,-1.2614,3.34145,0.888724,-5.58937,5.62389,1.16123,1.51949,-0.908301
1722264,1,-2.74228,-1.31911,1.00447,-1.95165,1.10432,1.17131,2.18652,-2.74174,-1.31967,1.0019,-1.94675,1.10524,1.17193,2.18694,-0.67097,-0.224808,0.382076,0.0305207,-0.180024,-0.13763,0.832758,-0.55478,-0.221226,0.353561,0.0597085,-0.174347,-0.146218,0.732715,23.3057,30.0985,-41.903,19.8252,2.69106,2.98941,-1.59191,3.35084,0.897972,-5.58751,5.6292,1.16446,1.50731,-0.919757
1722265,1,-2.74289,-1.31932,1.00482,-1.95163,1.10415,1.17118,2.18728,-2.74228,-1.31989,1.00224,-1.94669,1.10507,1.17179,2.18765,-0.643729,-0.218275,0.374379,0.0287357,-0.177344,-0.132192,0.809607,-0.53979,-0.214982,0.343784,0.0575778,-0.170252,-0.143093,0.712725,23.3057,30.1263,-41.903,19.9997,2.67916,2.87313,-1.72741,3.36585,0.901578,-5.58221,5.64059,1.16811,1.49555,-0.930627
1722266,1,-2.7435,-1.31952,1.00516,-1.95159,1.10397,1.17106,2.188,-2.7428,-1.3201,1.00258,-1.94664,1.1049,1.17165,2.18834,-0.631961,-0.213921,0.361085,0.0316547,-0.177442,-0.131106,0.777644,-0.5248,-0.208738,0.334008,0.0554471,-0.166156,-0.139969,0.692735,23.5358,30.1263,-41.8276,19.9997,2.73592,2.82186,-1.53972,3.37562,0.903003,-5.57217,5.65241,1.1716,1.48401,-0.941435
1722267,1,-2.74407,-1.31972,1.00548,-1.95156,1.10379,1.17093,2.18868,-2.74331,-1.3203,1.0029,-1.94658,1.10474,1.17151,2.18902,-0.615343,-0.207109,0.350096,0.0328167,-0.177201,-0.133034,0.746091,-0.50981,-0.202877,0.324414,0.0536163,-0.16208,-0.136732,0.672745,23.6112,30.0985,-41.7285,20.0235,2.90621,2.85391,-1.22936,3.37619,0.904805,-5.55664,5.66039,1.17456,1.47223,-0.952621
1722268,1,-2.74465,-1.31991,1.0058,-1.95154,1.10363,1.17079,2.18937,-2.7438,-1.3205,1.00322,-1.94653,1.10458,1.17138,2.18967,-0.600193,-0.202536,0.340804,0.0282161,-0.169553,-0.138325,0.724443,-0.49482,-0.197016,0.314819,0.0517855,-0.158004,-0.133494,0.652755,23.8135,30.0985,-41.7007,20.1505,2.88881,2.99581,-1.06731,3.37208,0.905996,-5.53632,5.66625,1.17718,1.46004,-0.964127
1722269,1,-2.7452,-1.32009,1.0061,-1.95151,1.10348,1.17066,2.19006,-2.74428,-1.32069,1.00352,-1.94648,1.10443,1.17125,2.1903,-0.586923,-0.195148,0.328795,0.0283889,-0.167147,-0.139237,0.712248,-0.47983,-0.191155,0.305225,0.0499547,-0.153928,-0.130257,0.632765,24.0396,30.0985,-41.6015,20.1267,2.83205,3.06631,-1.14513,3.36884,0.905142,-5.51321,5.67374,1.1799,1.44761,-0.97546
1722270,1,-2.74574,-1.32027,1.00639,-1.95149,1.10334,1.17054,2.19072,-2.74475,-1.32087,1.00382,-1.94643,1.10428,1.17112,2.19092,-0.570367,-0.189499,0.3161,0.0263518,-0.159857,-0.130312,0.692835,-0.46484,-0.185294,0.29563,0.0481239,-0.149851,-0.12702,0.612775,24.115,30.0747,-41.3238,20.1981,2.74782,3.01504,-1.19732,3.37083,0.899293,-5.48558,5.68502,1.18298,1.43492,-0.986134
1722271,1,-2.74627,-1.32044,1.00668,-1.95146,1.1032,1.17043,2.19135,-2.7452,-1.32105,1.0041,-1.94639,1.10413,1.171,2.19151,-0.550754,-0.190367,0.307377,0.0250395,-0.153131,-0.127057,0.668921,-0.44985,-0.179433,0.286035,0.0462931,-0.145775,-0.123783,0.592785,24.3689,29.9002,-41.1968,20.2497,2.6288,2.91159,-1.18358,3.37347,0.892509,-5.45377,5.69681,1.18618,1.42208,-0.99595
1722272,1,-2.74677,-1.3206,1.00695,-1.95144,1.10306,1.17033,2.19196,-2.74563,-1.32122,1.00438,-1.94634,1.10399,1.17088,2.19208,-0.543401,-0.179447,0.293906,0.0224233,-0.148872,-0.12018,0.647671,-0.43486,-0.173573,0.276441,0.0444623,-0.141699,-0.120546,0.572795,24.595,29.6978,-41.0699,20.3727,2.53267,2.81546,-1.17077,3.3762,0.888075,-5.41993,5.70828,1.1893,1.40922,-1.00491
1722273,1,-2.74727,-1.32077,1.00721,-1.95142,1.10292,1.17022,2.19256,-2.74605,-1.32139,1.00465,-1.9463,1.10386,1.17076,2.19263,-0.529792,-0.17079,0.28401,0.0192211,-0.143576,-0.116911,0.630452,-0.41987,-0.167712,0.266846,0.0426315,-0.137622,-0.117309,0.552805,24.7974,29.5193,-40.9429,20.4242,2.48781,2.76968,-1.24859,3.39307,0.875593,-5.38081,5.72717,1.19256,1.39589,-1.01304
1722274,1,-2.74776,-1.32092,1.00746,-1.95139,1.10278,1.17012,2.19315,-2.74646,-1.32155,1.0049,-1.94626,1.10372,1.17064,2.19317,-0.521963,-0.162652,0.271959,0.0204253,-0.142377,-0.110873,0.611917,-0.40488,-0.161851,0.257251,0.0408007,-0.133546,-0.114072,0.532815,25.0473,29.3408,-40.8675,20.448,2.52168,2.75045,-1.30077,3.43574,0.84542,-5.33333,5.75959,1.19606,1.38163,-1.02041
1722275,0.99,-2.74822,-1.32108,1.00771,-1.95137,1.10264,1.17001,2.1937,-2.74685,-1.32171,1.00515,-1.94622,1.10359,1.17053,2.19368,-0.50398,-0.161478,0.263325,0.022523,-0.140484,-0.106799,0.595552,-0.38989,-0.15599,0.247657,0.0389699,-0.12947,-0.110835,0.512825,25.2734,29.2654,-40.816,20.4242,2.65718,2.74404,-1.28795,3.50088,0.801729,-5.28009,5.80195,1.19943,1.36635,-1.02721
1722276,0.99,-2.74869,-1.32123,1.00794,-1.95134,1.1025,1.16991,2.19422,-2.74722,-1.32186,1.00539,-1.94618,1.10347,1.17043,2.19417,-0.486784,-0.161112,0.256615,0.023911,-0.137488,-0.104299,0.572342,-0.3749,-0.150129,0.238062,0.0371391,-0.125393,-0.107598,0.492835,25.5512,29.19,-40.7644,20.3965,2.77529,2.75045,-1.13872,3.57133,0.761055,-5.22969,5.84302,1.20202,1.35058,-1.03368
1722277,0.99,-2.74911,-1.32137,1.00817,-1.95131,1.10238,1.16981,2.19474,-2.74758,-1.32201,1.00562,-1.94615,1.10335,1.17032,2.19465,-0.46872,-0.155308,0.248299,0.0247606,-0.132108,-0.0981961,0.557331,-0.35991,-0.144839,0.229184,0.0356494,-0.121444,-0.104342,0.473552,25.5789,29.1662,-40.7406,20.3727,2.80367,2.77609,-1.11309,3.63108,0.737278,-5.18995,5.87344,1.20345,1.33501,-1.03989
1722278,0.99,-2.74953,-1.32151,1.00839,-1.95129,1.10227,1.16973,2.19525,-2.74793,-1.32214,1.00584,-1.94611,1.10323,1.17022,2.1951,-0.445481,-0.145813,0.241888,0.0253333,-0.124348,-0.094706,0.544606,-0.34492,-0.139549,0.220305,0.0341596,-0.117496,-0.101085,0.454268,25.5789,29.0631,-40.7406,20.3489,2.73592,2.712,-1.35204,3.67209,0.731242,-5.16085,5.88962,1.20366,1.31992,-1.04577
1722279,0.99,-2.74993,-1.32165,1.0086,-1.95127,1.10215,1.16965,2.19576,-2.74826,-1.32228,1.00605,-1.94608,1.10311,1.17012,2.19554,-0.432224,-0.145191,0.233294,0.0214026,-0.120968,-0.0893523,0.535043,-0.32993,-0.134259,0.211427,0.0326699,-0.113547,-0.097829,0.434985,25.7535,29.1385,-40.6652,20.3727,2.73042,2.56369,-1.59832,3.69312,0.73949,-5.14058,5.89252,1.20285,1.30548,-1.05128
1722280,0.99,-2.75032,-1.32177,1.00879,-1.95124,1.10204,1.16958,2.19623,-2.74857,-1.32241,1.00625,-1.94605,1.103,1.17003,2.19595,-0.413112,-0.138367,0.220836,0.0186592,-0.120199,-0.0833895,0.519162,-0.31494,-0.12897,0.202548,0.0311802,-0.109598,-0.0945725,0.415701,25.8051,29.0393,-40.4629,20.3965,2.7643,2.48037,-1.64318,3.70137,0.757684,-5.12679,5.88773,1.20162,1.2915,-1.05674
1722281,0.99,-2.7507,-1.32188,1.00899,-1.95123,1.10192,1.16949,2.19667,-2.74887,-1.32253,1.00645,-1.94602,1.1029,1.16994,2.19635,-0.397077,-0.129085,0.215771,0.0172921,-0.120762,-0.0898595,0.494778,-0.29995,-0.12368,0.193669,0.0296904,-0.105649,-0.0913161,0.396418,25.932,28.7854,-40.4351,20.5234,2.83205,2.56369,-1.47564,3.70446,0.778685,-5.11516,5.88094,1.20048,1.27761,-1.06261
1722282,0.99,-2.75106,-1.32199,1.00918,-1.95121,1.10181,1.1694,2.19707,-2.74916,-1.32265,1.00663,-1.94599,1.1028,1.16985,2.19672,-0.390369,-0.124475,0.205179,0.0165746,-0.119967,-0.0920498,0.463258,-0.28496,-0.11839,0.184791,0.0282007,-0.1017,-0.0880596,0.377134,26.0312,28.4561,-40.2606,20.6464,2.87142,2.71841,-1.15795,3.71341,0.79513,-5.10463,5.87834,1.19987,1.26369,-1.06915
1722283,0.99,-2.7514,-1.32209,1.00934,-1.9512,1.1017,1.16932,2.19748,-2.74943,-1.32276,1.00681,-1.94596,1.1027,1.16976,2.19708,-0.371674,-0.116336,0.191345,0.0149948,-0.117889,-0.0888256,0.446338,-0.26997,-0.1131,0.175912,0.026711,-0.0977509,-0.0848032,0.357851,26.2097,28.0792,-39.9551,20.821,2.87142,2.75686,-1.12591,3.73867,0.800715,-5.09218,5.88492,1.20027,1.24949,-1.07617
1722284,0.99,-2.75172,-1.3222,1.00952,-1.95119,1.10159,1.16925,2.1979,-2.74968,-1.32287,1.00697,-1.94594,1.10261,1.16968,2.19742,-0.356047,-0.115517,0.186292,0.0114827,-0.108979,-0.0823944,0.435237,-0.25498,-0.10781,0.167034,0.0252213,-0.093802,-0.0815467,0.338567,26.3605,27.8769,-39.8519,20.9717,2.80367,2.67996,-1.30077,3.77711,0.795868,-5.07499,5.89905,1.20163,1.23504,-1.0832
1722285,0.99,-2.75204,-1.3223,1.00968,-1.95118,1.1015,1.16919,2.1983,-2.74992,-1.32297,1.00713,-1.94591,1.10252,1.1696,2.19774,-0.343124,-0.107784,0.176467,0.0100969,-0.100395,-0.0721834,0.42054,-0.23999,-0.10252,0.158155,0.0237315,-0.0898531,-0.0782903,0.319284,26.5628,27.6468,-39.6496,21.0709,2.66817,2.5765,-1.54613,3.82403,0.785807,-5.05655,5.91819,1.20372,1.22068,-1.08992
1722286,0.99,-2.75232,-1.32239,1.00983,-1.95116,1.10141,1.16913,2.19865,-2.75015,-1.32307,1.00728,-1.94589,1.10243,1.16953,2.19804,-0.326599,-0.101566,0.168766,0.0122436,-0.0976446,-0.0668473,0.398775,-0.225,-0.0972301,0.149277,0.0222418,-0.0859042,-0.0750339,0.3,26.6382,27.3968,-39.5504,21.1701,2.62331,2.53164,-1.5205,3.87903,0.771032,-5.03781,5.94121,1.20622,1.20637,-1.09638
1722287,0.99,-2.7526,-1.32247,1.00997,-1.95114,1.10132,1.16907,2.19896,-2.75036,-1.32316,1.00742,-1.94587,1.10235,1.16946,2.19833,-0.310592,-0.0954653,0.15708,0.0183135,-0.0970055,-0.0653903,0.370209,-0.21375,-0.09275,0.141849,0.0211204,-0.0822646,-0.0719278,0.285,26.6382,27.2183,-39.475,21.0709,2.61781,2.55087,-1.28795,3.93592,0.75198,-5.01617,5.96296,1.20843,1.1918,-1.10288
1722288,0.99,-2.75287,-1.32256,1.0101,-1.95114,1.10123,1.169,2.19927,-2.75056,-1.32325,1.00756,-1.94585,1.10227,1.16939,2.1986,-0.296701,-0.0929034,0.146386,0.0135843,-0.0966426,-0.069918,0.352676,-0.2025,-0.0882699,0.134421,0.019999,-0.078625,-0.0688218,0.27,26.6898,27.1429,-39.3203,21.2177,2.74782,2.60214,-1.13872,3.98944,0.730557,-4.9899,5.97994,1.20992,1.1769,-1.10958
1722289,0.99,-2.75311,-1.32264,1.01022,-1.95113,1.10113,1.16893,2.19957,-2.75076,-1.32334,1.00768,-1.94583,1.10219,1.16932,2.19885,-0.278122,-0.0889393,0.13584,0.0130134,-0.0938116,-0.068172,0.335757,-0.19125,-0.0837898,0.126994,0.0188776,-0.0749854,-0.0657158,0.255,26.662,27.1191,-39.1934,21.2455,2.82656,2.64791,-1.14513,4.0395,0.707913,-4.95925,5.99398,1.21085,1.16188,-1.11623
1722290,0.99,-2.75333,-1.32272,1.01032,-1.95112,1.10105,1.16887,2.19986,-2.75094,-1.32342,1.0078,-1.94581,1.10212,1.16926,2.19909,-0.265939,-0.0868729,0.12426,0.0101082,-0.0889011,-0.065107,0.322007,-0.18,-0.0793098,0.119566,0.0177562,-0.0713458,-0.0626097,0.24,26.4359,27.1429,-38.9156,21.2455,2.82656,2.64791,-1.24218,4.08646,0.685355,-4.92506,6.00694,1.21154,1.14698,-1.12251
1722291,0.99,-2.75355,-1.32279,1.01044,-1.95112,1.10097,1.16882,2.20012,-2.7511,-1.32349,1.00792,-1.9458,1.10206,1.1692,2.19932,-0.250556,-0.0816241,0.123359,0.00706183,-0.0829987,-0.0613851,0.304171,-0.16875,-0.0748297,0.112138,0.0166348,-0.0677062,-0.0595037,0.225,25.932,27.1667,-38.8165,21.1423,2.7643,2.60946,-1.26781,4.13421,0.664156,-4.89157,6.02155,1.2124,1.13253,-1.1282
1722292,0.99,-2.75376,-1.32285,1.01055,-1.95112,1.1009,1.16878,2.20036,-2.75126,-1.32356,1.00802,-1.94578,1.10199,1.16914,2.19953,-0.239176,-0.0755595,0.120243,0.00484815,-0.0779026,-0.0509326,0.286885,-0.1575,-0.0703496,0.104711,0.0155133,-0.0640667,-0.0563977,0.21,25.325,27.0913,-38.6141,20.8963,2.67916,2.48678,-1.20373,4.18912,0.645776,-4.86765,6.04177,1.21376,1.11905,-1.13333
1722293,0.99,-2.75397,-1.32291,1.01065,-1.95111,1.10083,1.16873,2.20059,-2.75141,-1.32363,1.00812,-1.94577,1.10193,1.16909,2.19972,-0.229157,-0.0683486,0.111549,0.0055057,-0.0763812,-0.0498886,0.267432,-0.14625,-0.0658695,0.097283,0.0143919,-0.0604271,-0.0532917,0.195,24.6704,27.0437,-38.4118,20.5234,2.64528,2.40896,-1.20373,4.25746,0.627313,-4.856,6.07067,1.21579,1.10651,-1.13794
1722294,0.99,-2.75417,-1.32296,1.01074,-1.95111,1.10076,1.16867,2.20082,-2.75154,-1.32369,1.00821,-1.94575,1.10187,1.16904,2.1999,-0.218204,-0.061296,0.107121,0.00453918,-0.0694586,-0.0552117,0.251368,-0.135,-0.0613895,0.0898553,0.0132705,-0.0567875,-0.0501856,0.18,24.115,26.9168,-38.1579,20.325,2.58394,2.49319,-1.33922,4.34315,0.602995,-4.85254,6.10971,1.21843,1.09444,-1.14205
1722295,0.99,-2.75437,-1.323,1.01083,-1.95109,1.10069,1.16861,2.20102,-2.75167,-1.32374,1.00829,-1.94574,1.10182,1.16899,2.20007,-0.209745,-0.0598136,0.102276,0.00675675,-0.0653531,-0.0576814,0.242524,-0.12375,-0.0569094,0.0824277,0.0121491,-0.0531479,-0.0470796,0.165,23.635,26.8136,-37.9794,19.9997,2.54915,2.67355,-1.42986,4.44489,0.573261,-4.85712,6.15733,1.22145,1.08275,-1.14571
1722296,0.99,-2.75454,-1.32304,1.01091,-1.95109,1.10063,1.16856,2.20119,-2.75178,-1.3238,1.00837,-1.94573,1.10177,1.16895,2.20022,-0.191982,-0.0511306,0.0978508,0.00408075,-0.0635753,-0.055384,0.217645,-0.1125,-0.0524293,0.075,0.0110277,-0.0495083,-0.0439736,0.15,23.1311,26.6629,-37.777,19.8529,2.54915,2.76327,-1.255,4.55558,0.542803,-4.87132,6.20928,1.2245,1.0717,-1.14916
1722297,0.99,-2.75471,-1.32307,1.01098,-1.95108,1.10056,1.16852,2.20133,-2.75188,-1.32385,1.00844,-1.94572,1.10172,1.16891,2.20036,-0.18225,-0.0449178,0.0869339,0.0065037,-0.0594227,-0.0532468,0.193414,-0.105,-0.0490614,0.07,0.0102871,-0.0464794,-0.0413099,0.14,22.778,26.5121,-37.4993,19.6546,2.60591,2.712,-0.944631,4.6665,0.510833,-4.88992,6.26153,1.2272,1.06135,-1.15259
1722298,0.99,-2.75485,-1.32309,1.01104,-1.95108,1.1005,1.16848,2.20146,-2.75198,-1.32389,1.0085,-1.94571,1.10168,1.16887,2.20049,-0.16961,-0.0389773,0.0776151,0.00610597,-0.0572757,-0.0459716,0.171851,-0.0975,-0.0456934,0.065,0.00954649,-0.0434505,-0.0386462,0.13,22.3258,26.4367,-37.297,19.5514,2.56655,2.62869,-0.744131,4.77391,0.472384,-4.90348,6.31196,1.22941,1.05135,-1.15585
1722299,0.99,-2.75498,-1.32313,1.01109,-1.95108,1.10047,1.16845,2.20161,-2.75207,-1.32393,1.00856,-1.9457,1.10164,1.16883,2.20061,-0.150863,-0.037001,0.0655748,0.00470226,-0.0473586,-0.0413074,0.163042,-0.09,-0.0423255,0.06,0.00880588,-0.0404216,-0.0359825,0.12,21.8933,26.4843,-37.0193,19.5038,2.42555,2.55728,-0.87322,4.87122,0.427499,-4.90545,6.35703,1.23102,1.04134,-1.15848
1722300,0.99,-2.75508,-1.32316,1.01112,-1.95108,1.10043,1.16842,2.20174,-2.75215,-1.32397,1.00862,-1.94569,1.1016,1.1688,2.20072,-0.142851,-0.0386761,0.0580934,0.00333015,-0.0403411,-0.0385117,0.156068,-0.0825,-0.0389576,0.055,0.00806527,-0.0373928,-0.0333189,0.11,21.3657,26.5359,-36.5353,19.48,2.28914,2.4996,-1.00323,4.9502,0.38296,-4.89606,6.39283,1.23181,1.03126,-1.16005
1722301,0.99,-2.75519,-1.32319,1.01117,-1.95108,1.1004,1.16838,2.20185,-2.75223,-1.32401,1.00867,-1.94569,1.10157,1.16877,2.20082,-0.133322,-0.0397568,0.0538398,0.00407321,-0.0376834,-0.0392598,0.139678,-0.075,-0.0355896,0.05,0.00732465,-0.0343639,-0.0306552,0.1,20.7587,26.5875,-36.083,19.2539,2.2159,2.51882,-0.983084,5.01295,0.347389,-4.88367,6.41995,1.23183,1.02133,-1.16047
1722302,0.99,-2.7553,-1.32321,1.0112,-1.95107,1.10036,1.16834,2.20192,-2.7523,-1.32404,1.00871,-1.94568,1.10154,1.16874,2.20091,-0.125491,-0.0361292,0.0457389,0.00592496,-0.0380114,-0.0399999,0.115271,-0.0675,-0.0322217,0.045,0.00658404,-0.031335,-0.0279915,0.09,20.1279,26.4605,-35.5474,18.8333,2.20491,2.55087,-0.763357,5.06616,0.324518,-4.87558,6.44116,1.23115,1.01174,-1.1599
1722303,0.99,-2.75539,-1.32323,1.01124,-1.95106,1.10033,1.1683,2.20197,-2.75236,-1.32407,1.00875,-1.94567,1.10151,1.16872,2.20099,-0.114126,-0.0313462,0.0411129,0.00639117,-0.0371714,-0.0425373,0.0928463,-0.06,-0.0288538,0.04,0.00584343,-0.0283061,-0.0253278,0.08,19.3979,26.3614,-35.0674,18.4327,2.17653,2.6351,-0.537222,5.11391,0.310686,-4.87146,6.45875,1.22971,1.00248,-1.15842
1722304,0.99,-2.75549,-1.32324,1.01128,-1.95105,1.10031,1.16825,2.20205,-2.75241,-1.32409,1.00879,-1.94567,1.10148,1.16869,2.20106,-0.107954,-0.02767,0.040201,0.010212,-0.0300543,-0.0458579,0.0887368,-0.0525,-0.0254859,0.035,0.00510281,-0.0252772,-0.0226642,0.07,18.8663,26.2582,-34.6905,17.9883,2.09688,2.76327,-0.640676,5.15837,0.30244,-4.87171,6.47389,1.22741,0.993761,-1.15586
1722305,0.99,-2.75558,-1.32326,1.01131,-1.95103,1.10031,1.16821,2.20212,-2.75245,-1.32412,1.00882,-1.94567,1.10146,1.16867,2.20112,-0.100204,-0.0225505,0.0399926,0.0155986,-0.0237923,-0.0450382,0.0811724,-0.045,-0.0221179,0.03,0.0043622,-0.0222483,-0.0200005,0.06,18.3902,26.1828,-34.3334,17.5638,1.98976,2.80905,-0.769766,5.20107,0.300181,-4.88083,6.48581,1.22409,0.98601,-1.15195
1722306,0.99,-2.75566,-1.32327,1.01134,-1.95102,1.10029,1.16819,2.20217,-2.75249,-1.32414,1.00884,-1.94566,1.10144,1.16866,2.20117,-0.089568,-0.0169576,0.0359911,0.0177112,-0.0178883,-0.0384515,0.0732922,-0.0375,-0.01875,0.025,0.00362159,-0.0192194,-0.0173368,0.05,17.934,26.0321,-33.9526,17.2147,1.97237,2.69277,-0.853994,5.24102,0.303398,-4.89956,6.49243,1.21949,0.979425,-1.14672
1722307,0.99,-2.75572,-1.32328,1.01136,-1.951,1.10028,1.16818,2.2022,-2.75253,-1.32415,1.00886,-1.94566,1.10143,1.16864,2.20121,-0.0835095,-0.0152626,0.0310073,0.015087,-0.01498,-0.0325371,0.0564372,-0.03375,-0.016875,0.0225,0.00325943,-0.0172975,-0.0156031,0.045,17.5571,25.9805,-33.6233,16.9171,2.00075,2.53805,-0.776174,5.27791,0.308701,-4.9232,6.49426,1.21363,0.973854,-1.14049
1722308,0.99,-2.75577,-1.32328,1.01137,-1.951,1.10027,1.16816,2.20221,-2.75256,-1.32417,1.00888,-1.94566,1.10141,1.16863,2.20125,-0.0704683,-0.0127923,0.0219603,0.0116441,-0.0125403,-0.0249172,0.0444149,-0.03,-0.015,0.02,0.00289727,-0.0153755,-0.0138695,0.04,17.1008,25.8813,-33.3456,16.818,2.02913,2.40896,-0.698355,5.31314,0.312275,-4.94516,6.49445,1.20694,0.968867,-1.13361
1722309,0.99,-2.7558,-1.32329,1.01137,-1.95099,1.10027,1.16815,2.20221,-2.75258,-1.32418,1.0089,-1.94565,1.1014,1.16861,2.20129,-0.0593971,-0.010671,0.0164219,0.0158509,-0.00908012,-0.0202709,0.0297356,-0.02625,-0.013125,0.0175,0.00253511,-0.0134536,-0.0121358,0.035,16.597,25.9051,-32.9925,16.7188,2.01814,2.30642,-0.5949,5.34095,0.313802,-4.95926,6.49129,1.19954,0.9639,-1.12627
1722310,0.99,-2.75583,-1.32329,1.01136,-1.95098,1.10027,1.16814,2.20222,-2.7526,-1.32419,1.00892,-1.94565,1.10139,1.1686,2.20132,-0.0542494,-0.0091811,0.00945071,0.0135578,-0.00689855,-0.0184375,0.0235038,-0.0225,-0.01125,0.015,0.00217295,-0.0115316,-0.0104021,0.03,15.9662,25.802,-32.5124,16.5958,2.01814,2.24234,-0.614126,5.35716,0.3146,-4.96322,6.48213,1.19147,0.958442,-1.11851
1722311,0.99,-2.75584,-1.32329,1.01135,-1.95097,1.10027,1.16813,2.20222,-2.75262,-1.3242,1.00893,-1.94565,1.10138,1.1686,2.20134,-0.0437082,-0.00637298,0.00345094,0.0106047,-0.00397827,-0.0147961,0.0174204,-0.01875,-0.009375,0.0125,0.00181079,-0.00960971,-0.00866841,0.025,15.1608,25.6274,-31.8539,16.3974,1.98427,2.24874,-0.601309,5.36652,0.313043,-4.95714,6.4703,1.18317,0.952152,-1.11024
1722312,0.99,-2.75587,-1.32328,1.01134,-1.95096,1.10027,1.16811,2.20221,-2.75264,-1.32421,1.00894,-1.94565,1.10137,1.16859,2.20136,-0.0386546,-0.00129839,-0.00125835,0.0162435,-0.0012287,-0.0155995,0.00945144,-0.015,-0.0075,0.01,0.00144864,-0.00768777,-0.00693473,0.02,14.4547,25.3219,-31.1675,15.9967,1.933,2.35769,-0.497854,5.37222,0.306672,-4.9408,6.45832,1.17491,0.944836,-1.10145
1722313,0.99,-2.75588,-1.32328,1.01133,-1.95094,1.10028,1.16809,2.20219,-2.75265,-1.32421,1.00895,-1.94565,1.10136,1.16858,2.20138,-0.0327473,0.00060223,-0.00437126,0.0169186,0.00174045,-0.016456,-0.000890883,-0.01125,-0.005625,0.0075,0.00108648,-0.00576582,-0.00520105,0.015,13.6453,25.072,-30.4852,15.6,1.85426,2.48678,-0.400808,5.37517,0.295143,-4.91578,6.44547,1.16662,0.936539,-1.09211
1722314,0.99,-2.7559,-1.32327,1.01133,-1.95093,1.1003,1.16806,2.20219,-2.75266,-1.32422,1.00895,-1.94565,1.10136,1.16858,2.20139,-0.0288975,0.00209225,-0.00533825,0.0164715,0.00719986,-0.0169455,0.00211116,-0.0075,-0.00375,0.005,0.000724318,-0.00384388,-0.00346736,0.01,12.9907,24.8181,-29.9774,15.2271,1.68398,2.62228,-0.459402,5.37826,0.280437,-4.88699,6.43264,1.15836,0.927765,-1.08213
1722315,0.99,-2.75592,-1.32326,1.01132,-1.9509,1.10032,1.16805,2.20219,-2.75266,-1.32422,1.00895,-1.94565,1.10136,1.16858,2.20139,-0.0261859,0.0050376,-0.00505042,0.0209297,0.00982125,-0.0180323,0.00635238,-0.00375,-0.001875,0.0025,0.000362159,-0.00192194,-0.00173368,0.005,12.4591,24.6158,-29.5251,14.7788,1.54299,2.66073,-0.582083,5.38482,0.265176,-4.86047,6.42128,1.15016,0.919249,-1.07143
1722316,0.99,-2.75593,-1.32326,1.01131,-1.95089,1.10033,1.16804,2.20218,-2.75266,-1.32422,1.00895,-1.94565,1.10136,1.16858,2.20139,-0.0236824,0.00495365,-0.00589913,0.0198602,0.0119381,-0.0159797,-0.00129308,-2.04932e-14,-2.4033e-15,8.23701e-15,-1.12761e-15,1.05977e-15,-1.99328e-15,1.35915e-15,11.9315,24.5126,-29.168,14.509,1.5201,2.61587,-0.550039,5.39732,0.251069,-4.84031,6.41181,1.14185,0.911585,-1.06009
1722317,0.99,-2.75593,-1.32324,1.01131,-1.95087,1.10034,1.16804,2.20216,-2.75266,-1.32422,1.00895,-1.94565,1.10136,1.16858,2.20139,-0.0145727,0.00853576,-0.00761243,0.0251075,0.0129414,-0.00837835,-0.0094325,-2.04932e-14,-2.4033e-15,8.23701e-15,-1.12761e-15,1.05977e-15,-1.99328e-15,1.35915e-15,11.376,24.2627,-28.9141,14.2591,1.5201,2.52523,-0.322988,5.41241,0.23967,-4.8265,6.40195,1.13307,0.905043,-1.04834
1722318,0.99,-2.75592,-1.32323,1.01129,-1.95085,1.10035,1.16804,2.20212,-2.75266,-1.32422,1.00895,-1.94565,1.10136,1.16858,2.20139,-0.00724218,0.00904694,-0.00987636,0.0236023,0.0128539,-0.000666671,-0.0194742,-2.04932e-14,-2.4033e-15,8.23701e-15,-1.12761e-15,1.05977e-15,-1.99328e-15,1.35915e-15,10.9476,24.2349,-28.6364,14.1083,1.54848,2.37051,-0.0968531,5.42024,0.232373,-4.8154,6.38659,1.12334,0.899519,-1.03631
1722319,0.99,-2.75591,-1.32322,1.01126,-1.95083,1.10036,1.16804,2.20211,-2.75266,-1.32422,1.00895,-1.94565,1.10136,1.16858,2.20139,0.000270015,0.00706388,-0.0173011,0.0216911,0.0136602,0.00226985,-0.0148884,-2.04932e-14,-2.4033e-15,8.23701e-15,-1.12761e-15,1.05977e-15,-1.99328e-15,1.35915e-15,10.5707,24.1873,-28.2595,14.0091,1.56038,2.28079,-0.0584009,5.41403,0.229424,-4.80224,6.36361,1.11261,0.894661,-1.02382
1722320,0.99,-2.75588,-1.32322,1.01122,-1.95081,1.10037,1.16804,2.20211,-2.75266,-1.32422,1.00895,-1.94565,1.10136,1.16858,2.20139,0.00630524,0.00288524,-0.0175842,0.0202794,0.0122303,0.00271821,-0.00333546,-2.04932e-14,-2.4033e-15,8.23701e-15,-1.12761e-15,1.05977e-15,-1.99328e-15,1.35915e-15,9.91212,24.2627,-27.7001,13.787,1.50362,2.23593,-0.246084,5.3917,0.232856,-4.78544,6.33363,1.10118,0.89016,-1.01052
1722321,0.99,-2.75585,-1.32322,1.01119,-1.95078,1.10039,1.16804,2.20211,-2.75266,-1.32422,1.00895,-1.94565,1.10136,1.16858,2.20139,0.0138419,0.00364115,-0.0187347,0.0232661,0.0126832,-0.00175259,-0.00288321,-2.04932e-14,-2.4033e-15,8.23701e-15,-1.12761e-15,1.05977e-15,-1.99328e-15,1.35915e-15,9.10676,24.1873,-27.0931,13.3902,1.40199,2.19656,-0.362356,5.35142,0.247164,-4.76856,6.29597,1.08922,0.886002,-0.996275
1722322,0.99,-2.75583,-1.32321,1.01116,-1.95075,1.1004,1.16803,2.20209,-2.75266,-1.32422,1.00895,-1.94565,1.10136,1.16858,2.20139,0.016554,0.00888939,-0.0209274,0.0237372,0.0119799,-0.00398537,-0.00563609,-2.04932e-14,-2.4033e-15,8.23701e-15,-1.12761e-15,1.05977e-15,-1.99328e-15,1.35915e-15,8.29744,23.9096,-26.4108,12.9181,1.32234,2.25515,-0.278127,5.2954,0.26967,-4.75191,6.25148,1.07673,0.882067,-0.981246
1722323,0.99,-2.7558,-1.3232,1.01114,-1.95071,1.1004,1.16802,2.20206,-2.75266,-1.32422,1.00895,-1.94565,1.10136,1.16858,2.20139,0.017575,0.00911662,-0.0246978,0.0298363,0.00926514,-0.00599035,-0.010205,-2.04932e-14,-2.4033e-15,8.23701e-15,-1.12761e-15,1.05977e-15,-1.99328e-15,1.35915e-15,7.49208,23.5049,-25.7522,12.3191,1.29946,2.33206,-0.116079,5.23166,0.291068,-4.73037,6.20353,1.06378,0.877871,-0.965731
1722324,0.99,-2.75578,-1.32319,1.01112,-1.95068,1.10041,1.168,2.20204,-2.75266,-1.32422,1.00895,-1.94565,1.10136,1.16858,2.20139,0.0215044,0.00889062,-0.0259912,0.0320468,0.00836483,-0.00985057,-0.0107319,-2.04932e-14,-2.4033e-15,8.23701e-15,-1.12761e-15,1.05977e-15,-1.99328e-15,1.35915e-15,6.68275,23.2272,-25.1452,11.7994,1.2491,2.48037,-0.0190333,5.16443,0.307897,-4.70128,6.15261,1.05035,0.873158,-0.949872
1722325,0.99,-2.75576,-1.32318,1.0111,-1.95064,1.10042,1.16798,2.20204,-2.75266,-1.32422,1.00895,-1.94565,1.10136,1.16858,2.20139,0.0214029,0.0106426,-0.0229553,0.0377138,0.0140413,-0.0155591,-0.00211566,-2.04932e-14,-2.4033e-15,8.23701e-15,-1.12761e-15,1.05977e-15,-1.99328e-15,1.35915e-15,6.00434,22.9971,-24.7128,11.3749,1.15297,2.58932,-0.161856,5.09357,0.322296,-4.66743,6.09708,1.03629,0.868293,-0.933588
1722326,0.99,-2.75573,-1.32317,1.01107,-1.95061,1.10043,1.16797,2.20204,-2.75266,-1.32422,1.00895,-1.94565,1.10136,1.16858,2.20139,0.0226925,0.0101213,-0.0270479,0.0351309,0.0113892,-0.0150568,-0.00117564,-2.04932e-14,-2.4033e-15,8.23701e-15,-1.12761e-15,1.05977e-15,-1.99328e-15,1.35915e-15,5.39735,22.8463,-24.1573,11.1011,1.1136,2.57009,-0.297354,5.02229,0.333791,-4.6314,6.03846,1.02171,0.863792,-0.916794
1722327,0.99,-2.75571,-1.32316,1.01105,-1.95057,1.10044,1.16798,2.20203,-2.75266,-1.32422,1.00895,-1.94565,1.10136,1.16858,2.20139,0.0253353,0.00989886,-0.0305877,0.0366951,0.00676588,-0.00968564,-0.00201985,-2.04932e-14,-2.4033e-15,8.23701e-15,-1.12761e-15,1.05977e-15,-1.99328e-15,1.35915e-15,4.8697,22.6956,-23.8519,10.8274,1.14748,2.40896,-0.278127,4.9537,0.338859,-4.58977,5.9798,1.00688,0.859753,-0.899661
1722328,0.99,-2.75567,-1.32315,1.01101,-1.95054,1.10045,1.16799,2.202,-2.75266,-1.32422,1.00895,-1.94565,1.10136,1.16858,2.20139,0.027167,0.0080811,-0.0315347,0.0363796,0.00483136,-0.00057198,-0.00964024,-2.04932e-14,-2.4033e-15,8.23701e-15,-1.12761e-15,1.05977e-15,-1.99328e-15,1.35915e-15,4.36189,22.6202,-23.4988,10.629,1.14748,2.22219,-0.0648096,4.88645,0.336597,-4.53894,5.92145,0.991989,0.855979,-0.882521
1722329,0.99,-2.75563,-1.32316,1.01098,-1.9505,1.10046,1.16799,2.20198,-2.75266,-1.32422,1.00895,-1.94565,1.10136,1.16858,2.20139,0.0373295,0.00461956,-0.0320123,0.0346228,0.00366493,0.00311699,-0.0131344,-2.04932e-14,-2.4033e-15,8.23701e-15,-1.12761e-15,1.05977e-15,-1.99328e-15,1.35915e-15,3.75886,22.644,-23.1695,10.506,1.14198,2.10684,-0.0190333,4.81309,0.332312,-4.48077,5.8602,0.976939,0.852408,-0.86554
1722330,0.99,-2.75559,-1.32316,1.01093,-1.95047,1.10048,1.16799,2.20197,-2.75266,-1.32422,1.00895,-1.94565,1.10136,1.16858,2.20139,0.0382152,0.00311973,-0.0323709,0.0357052,0.00921587,0.0019721,-0.0134856,-2.04932e-14,-2.4033e-15,8.23701e-15,-1.12761e-15,1.05977e-15,-1.99328e-15,1.35915e-15,3.30262,22.771,-22.7133,10.4306,1.09072,2.09402,-0.0382593,4.72452,0.332757,-4.41903,5.79223,0.961532,0.849064,-0.848611
1722331,0.99,-2.75554,-1.32316,1.01088,-1.95043,1.10049,1.16799,2.20196,-2.75266,-1.32422,1.00895,-1.94565,1.10136,1.16858,2.20139,0.0409225,0.0029593,-0.0360984,0.0369454,0.0112851,0.000404553,-0.0093786,-2.04932e-14,-2.4033e-15,8.23701e-15,-1.12761e-15,1.05977e-15,-1.99328e-15,1.35915e-15,2.90193,22.8701,-22.2332,10.3553,1.09621,2.10684,-0.0510767,4.62049,0.337876,-4.35393,5.71744,0.945712,0.84565,-0.831566
1722332,0.99,-2.7555,-1.32318,1.01083,-1.95039,1.10051,1.16799,2.20193,-2.75266,-1.32422,1.00895,-1.94565,1.10136,1.16858,2.20139,0.0402637,-0.00183974,-0.0450242,0.0396475,0.0140605,-0.00195577,-0.0159029,-2.04932e-14,-2.4033e-15,8.23701e-15,-1.12761e-15,1.05977e-15,-1.99328e-15,1.35915e-15,2.49726,23.0487,-21.7492,10.2085,1.06783,2.15811,0.0651953,4.50538,0.343096,-4.28008,5.63747,0.929561,0.841529,-0.814355
1722333,0.99,-2.75545,-1.32318,1.01077,-1.95034,1.10053,1.16798,2.2019,-2.75266,-1.32422,1.00895,-1.94565,1.10136,1.16858,2.20139,0.0432744,-0.000953875,-0.0480338,0.0398639,0.0120232,-0.00443101,-0.019449,-2.04932e-14,-2.4033e-15,8.23701e-15,-1.12761e-15,1.05977e-15,-1.99328e-15,1.35915e-15,2.0926,23.0487,-21.2969,10.0061,1.02297,2.23593,0.155832,4.38193,0.344942,-4.19147,5.55359,0.913198,0.83624,-0.796961
1722334,0.99,-2.7554,-1.32318,1.01073,-1.95029,1.10055,1.16798,2.20188,-2.75266,-1.32422,1.00895,-1.94565,1.10136,1.16858,2.20139,0.0471544,0.000125357,-0.0493176,0.0409867,0.0168067,-0.00527394,-0.0177254,-2.04932e-14,-2.4033e-15,8.23701e-15,-1.12761e-15,1.05977e-15,-1.99328e-15,1.35915e-15,1.76332,23.0249,-21.0153,9.88315,0.932329,2.2936,0.129282,4.25132,0.341421,-4.08719,5.46726,0.896678,0.829941,-0.779274
1722335,0.99,-2.75535,-1.32318,1.01067,-1.95024,1.10056,1.16797,2.20187,-2.75266,-1.32422,1.00895,-1.94565,1.10136,1.16858,2.20139,0.046666,0.00144334,-0.0511218,0.0464801,0.0168336,-0.00436582,-0.012654,-2.04932e-14,-2.4033e-15,8.23701e-15,-1.12761e-15,1.05977e-15,-1.99328e-15,1.35915e-15,1.438,22.9733,-20.7137,9.70859,0.932329,2.31283,-0.00621587,4.11413,0.331969,-3.96962,5.37879,0.879865,0.82302,-0.761172
1722336,0.99,-2.7553,-1.32317,1.01062,-1.95019,1.10057,1.16797,2.20186,-2.75266,-1.32422,1.00895,-1.94565,1.10136,1.16858,2.20139,0.0477052,0.00349009,-0.0541583,0.0487484,0.0153508,-0.0116773,-0.00865351,-2.04932e-14,-2.4033e-15,8.23701e-15,-1.12761e-15,1.05977e-15,-1.99328e-15,1.35915e-15,1.18409,22.8701,-20.4836,9.60941,0.97719,2.2936,-0.161856,3.97327,0.315483,-3.84025,5.28861,0.862666,0.8157,-0.742693
1722337,0.99,-2.75526,-1.32317,1.01057,-1.95014,1.10058,1.16797,2.20185,-2.75266,-1.32422,1.00895,-1.94565,1.10136,1.16858,2.20139,0.046685,0.0029698,-0.0531803,0.0457848,0.0131821,-0.00864365,-0.0105569,0,0,0,0,0,0,0,1.03334,22.8463,-20.4083,9.58561,1.05684,2.2936,-0.193899,3.83472,0.290463,-3.70144,5.2005,0.845394,0.808287,-0.724099
1722338,0.99,-2.7552,-1.32317,1.01051,-1.95009,1.10058,1.16797,2.20181,-2.75266,-1.32422,1.00895,-1.94565,1.10136,1.16858,2.20139,0.048709,0.00325098,-0.0534596,0.0460335,0.0121395,-0.0054571,-0.0176349,0,0,0,0,0,0,0,0.77943,22.7948,-20.3091,9.46262,1.13008,2.26797,-0.0712183,3.7038,0.25799,-3.55827,5.11895,0.828574,0.801159,-0.70577
1722339,0.99,-2.75515,-1.32317,1.01046,-1.95003,1.10059,1.16797,2.20179,-2.75266,-1.32422,1.00895,-1.94565,1.10136,1.16858,2.20139,0.04824,0.00156623,-0.0514099,0.0495438,0.0123738,-0.0031717,-0.0141742,0,0,0,0,0,0,0,0.60487,22.8225,-20.3091,9.33567,1.17586,2.24234,-0.044668,3.57985,0.222609,-3.41607,5.04344,0.812429,0.794536,-0.687977
1722340,0.99,-2.7551,-1.32317,1.0104,-1.94998,1.10059,1.16798,2.20179,-2.75266,-1.32422,1.00895,-1.94565,1.10136,1.16858,2.20139,0.0520647,0.00136046,-0.0545205,0.0495801,0.00925595,-0.00149343,-0.00642221,0,0,0,0,0,0,0,0.402538,22.9455,-20.1306,9.31186,1.18685,2.21578,-0.155447,3.45793,0.189065,-3.27744,4.9702,0.796954,0.788428,-0.670778
1722341,0.99,-2.75504,-1.32318,1.01034,-1.94993,1.1006,1.16798,2.20179,-2.75266,-1.32422,1.00895,-1.94565,1.10136,1.16858,2.20139,0.0532436,-0.00177233,-0.0549865,0.0515413,0.0120928,-0.000792626,-0.00477418,0,0,0,0,0,0,0,0.251781,23.0725,-20.0274,9.21268,1.18135,2.20297,-0.290945,3.33274,0.160059,-3.14167,4.89609,0.782159,0.782706,-0.654176
1722342,0.99,-2.75499,-1.32319,1.01028,-1.94987,1.10061,1.16798,2.20177,-2.75266,-1.32422,1.00895,-1.94565,1.10136,1.16858,2.20139,0.0503496,-0.00458307,-0.0547823,0.0499582,0.0094487,-0.00219028,-0.0108097,0,0,0,0,0,0,0,0.148632,23.2272,-19.952,9.1135,1.17586,2.24234,-0.23876,3.2047,0.137477,-3.0099,4.82132,0.768207,0.777342,-0.638283
1722343,0.99,-2.75493,-1.32321,1.01022,-1.9498,1.10061,1.16797,2.20175,-2.75266,-1.32422,1.00895,-1.94565,1.10136,1.16858,2.20139,0.053212,-0.01323,-0.059134,0.0547029,0.00698323,-0.00256247,-0.0170695,0,0,0,0,0,0,0,-0.0259286,23.4018,-19.8251,8.88736,1.18135,2.26797,-0.128897,3.07525,0.125007,-2.88464,4.74603,0.755239,0.772373,-0.623272
1722344,0.99,-2.75488,-1.32321,1.01016,-1.94975,1.10062,1.16797,2.20173,-2.75266,-1.32422,1.00895,-1.94565,1.10136,1.16858,2.20139,0.0526159,-0.013477,-0.0573269,0.0527603,0.0055246,-0.00277238,-0.0193573,0,0,0,0,0,0,0,-0.0775034,23.4533,-19.7775,8.88736,1.17586,2.2936,-0.0712183,2.9413,0.126409,-2.76644,4.66781,0.743138,0.767827,-0.609177
1722345,0.99,-2.75483,-1.32322,1.0101,-1.94969,1.10063,1.16797,2.20173,-2.75266,-1.32422,1.00895,-1.94565,1.10136,1.16858,2.20139,0.05516,-0.0145724,-0.0593928,0.0580808,0.00628463,-0.00217159,-0.0177198,0,0,0,0,0,0,0,-0.125111,23.5287,-19.7259,8.74057,1.1191,2.30001,-0.10967,2.80257,0.139539,-2.65417,4.58638,0.731756,0.763734,-0.595826
1722346,0.99,-2.75477,-1.32323,1.01004,-1.94962,1.10064,1.16797,2.20173,-2.75266,-1.32422,1.00895,-1.94565,1.10136,1.16858,2.20139,0.0513643,-0.012894,-0.0573063,0.0589443,0.0102665,-0.00127485,-0.0100902,0,0,0,0,0,0,0,-0.176685,23.5049,-19.6981,8.58982,1.09072,2.2936,-0.193899,2.66264,0.158295,-2.54559,4.50317,0.720927,0.759977,-0.583007
1722347,0.99,-2.75472,-1.32323,1.00998,-1.94957,1.10065,1.16797,2.20172,-2.75266,-1.32422,1.00895,-1.94565,1.10136,1.16858,2.20139,0.0510884,-0.00815928,-0.0533127,0.0553713,0.00815702,-0.000186185,-0.0117629,0,0,0,0,0,0,0,-0.204456,23.4533,-19.7775,8.61759,1.07332,2.27438,-0.213125,2.53142,0.174359,-2.44034,4.42409,0.710792,0.756552,-0.570613
1722348,0.99,-2.75467,-1.32323,1.00993,-1.9495,1.10066,1.16797,2.20171,-2.75266,-1.32422,1.00895,-1.94565,1.10136,1.16858,2.20139,0.0487924,-0.00742155,-0.0550735,0.055228,0.00529507,0.000551683,-0.0156022,0,0,0,0,0,0,0,-0.279835,23.378,-19.8013,8.41526,1.09072,2.25515,-0.161856,2.41918,0.179444,-2.33799,4.35674,0.701705,0.753508,-0.558649
1722349,0.99,-2.75462,-1.32323,1.00988,-1.94945,1.10067,1.16797,2.20169,-2.75266,-1.32422,1.00895,-1.94565,1.10136,1.16858,2.20139,0.0496616,-0.00323182,-0.0556793,0.0574054,0.00879907,0.000577944,-0.015269,0,0,0,0,0,0,0,-0.303639,23.2748,-19.8528,8.36765,1.08522,2.24874,-0.0648096,2.32664,0.169635,-2.23473,4.30186,0.693597,0.750598,-0.547146
1722350,0.99,-2.75457,-1.32325,1.00983,-1.94939,1.10068,1.16798,2.20169,-2.75266,-1.32422,1.00895,-1.94565,1.10136,1.16858,2.20139,0.0503137,-0.0038837,-0.0554774,0.0575103,0.00759,0.000602252,-0.010897,0,0,0,0,0,0,0,-0.355213,23.3264,-19.9282,8.26847,1.05684,2.24234,-0.0712183,2.24764,0.146053,-2.12798,4.25517,0.686072,0.747601,-0.536044
1722351,0.99,-2.75451,-1.32326,1.00978,-1.94932,1.10069,1.16798,2.20169,-2.75266,-1.32422,1.00895,-1.94565,1.10136,1.16858,2.20139,0.0512438,-0.00724064,-0.0531348,0.0598778,0.0068192,0.000148841,-0.00560732,0,0,0,0,0,0,0,-0.402821,23.378,-19.9798,8.19309,1.02297,2.24874,-0.135305,2.17386,0.116736,-2.02145,4.21114,0.678779,0.744677,-0.525218
1722352,0.99,-2.75447,-1.32327,1.00974,-1.94926,1.1007,1.16798,2.20168,-2.75266,-1.32422,1.00895,-1.94565,1.10136,1.16858,2.20139,0.0469803,-0.0103193,-0.0515841,0.0600573,0.0102695,-0.000149608,-0.00352941,0,0,0,0,0,0,0,-0.379017,23.4533,-20.0274,8.04233,1.00557,2.25515,-0.155447,2.10118,0.0915244,-1.9222,4.16621,0.671551,0.742108,-0.514596
1722353,0.99,-2.75442,-1.32329,1.00969,-1.94919,1.10071,1.16798,2.20166,-2.75266,-1.32422,1.00895,-1.94565,1.10136,1.16858,2.20139,0.0491699,-0.0136492,-0.0483418,0.0604991,0.0132516,-0.000345705,-0.0136957,0,0,0,0,0,0,0,-0.454395,23.5803,-20.0274,7.89554,0.97719,2.26156,0.0130102,2.02956,0.076263,-1.83566,4.11951,0.664314,0.740122,-0.504193
1722354,0.99,-2.75437,-1.3233,1.00965,-1.94913,1.10073,1.16797,2.20164,-2.75266,-1.32422,1.00895,-1.94565,1.10136,1.16858,2.20139,0.0499754,-0.0153576,-0.0466438,0.0618122,0.011189,-0.00166108,-0.0129439,0,0,0,0,0,0,0,-0.50597,23.6795,-20.1306,7.69718,0.937822,2.30001,0.0972387,1.95554,0.0745364,-1.7641,4.06917,0.656877,0.738924,-0.493983
1722355,0.99,-2.75431,-1.32332,1.00962,-1.94907,1.10074,1.16797,2.20164,-2.75266,-1.32422,1.00895,-1.94565,1.10136,1.16858,2.20139,0.0478113,-0.014048,-0.0429268,0.0631256,0.0149311,-0.00134959,-0.00820025,0,0,0,0,0,0,0,-0.557545,23.8064,-20.2059,7.6218,0.881059,2.30642,0.071604,1.87792,0.0852449,-1.70658,4.01451,0.649109,0.738527,-0.483788
1722356,0.99,-2.75427,-1.32334,1.00959,-1.949,1.10076,1.16797,2.20164,-2.75266,-1.32422,1.00895,-1.94565,1.10136,1.16858,2.20139,0.0478959,-0.0154684,-0.0384295,0.0638875,0.0125113,-0.000665997,-0.000330071,0,0,0,0,0,0,0,-0.557545,23.9096,-20.3567,7.54642,0.836199,2.30001,-0.077627,1.80073,0.104354,-1.66205,3.95758,0.641043,0.738857,-0.473396
1722357,0.99,-2.75422,-1.32335,1.00956,-1.94894,1.10077,1.16797,2.20163,-2.75266,-1.32422,1.00895,-1.94565,1.10136,1.16858,2.20139,0.0495467,-0.0151742,-0.0358021,0.0605414,0.00962299,2.79966e-05,-0.00498353,0,0,0,0,0,0,0,-0.605152,23.9572,-20.4836,7.52262,0.819719,2.2872,-0.0840357,1.7259,0.129796,-1.63013,3.90032,0.632755,0.739958,-0.462773
1722358,0.99,-2.75417,-1.32337,1.00953,-1.94888,1.10079,1.16797,2.20161,-2.75266,-1.32422,1.00895,-1.94565,1.10136,1.16858,2.20139,0.0482527,-0.0188782,-0.0290536,0.0634047,0.0112055,1.66219e-05,-0.00874924,0,0,0,0,0,0,0,-0.680531,24.0326,-20.686,7.39963,0.830705,2.2872,0.0459692,1.65293,0.162131,-1.61134,3.84345,0.624253,0.741928,-0.452067
1722359,0.99,-2.75412,-1.32338,1.00951,-1.94881,1.1008,1.16797,2.20159,-2.75266,-1.32422,1.00895,-1.94565,1.10136,1.16858,2.20139,0.0463064,-0.0169895,-0.0247504,0.0613301,0.0120519,0.000246908,-0.00937741,0,0,0,0,0,0,0,-0.732105,24.0326,-20.8645,7.32425,0.853594,2.28079,0.129282,1.58339,0.202035,-1.60749,3.78747,0.615512,0.744803,-0.441387
1722360,0.99,-2.75407,-1.32339,1.0095,-1.94875,1.10081,1.16797,2.20158,-2.75266,-1.32422,1.00895,-1.94565,1.10136,1.16858,2.20139,0.0456145,-0.016132,-0.0192064,0.0629699,0.00923705,0.000163457,-0.0108144,0,0,0,0,0,0,0,-0.807484,24.0603,-21.0153,7.24887,0.847185,2.28079,0.116465,1.52128,0.245755,-1.61748,3.73451,0.606667,0.74843,-0.430659
1722361,0.99,-2.75403,-1.3234,1.00949,-1.94869,1.10082,1.16797,2.20158,-2.75266,-1.32422,1.00895,-1.94565,1.10136,1.16858,2.20139,0.047472,-0.014966,-0.0174515,0.0643039,0.0117565,-0.000366609,-0.00473925,0,0,0,0,0,0,0,-0.859058,24.0603,-21.1938,7.1735,0.841692,2.2936,0.0322363,1.46562,0.289474,-1.63716,3.68414,0.597709,0.752529,-0.419751
1722362,0.99,-2.75398,-1.32342,1.00947,-1.94863,1.10084,1.16797,2.20158,-2.75266,-1.32422,1.00895,-1.94565,1.10136,1.16858,2.20139,0.0461402,-0.0170693,-0.0190907,0.0621304,0.0102279,-0.000482411,-0.00487447,0,0,0,0,0,0,0,-0.910633,24.1873,-21.2454,7.09812,0.802324,2.30001,-0.0584009,1.41229,0.331012,-1.66012,3.63427,0.588563,0.756704,-0.40865
1722363,0.99,-2.75394,-1.32344,1.00945,-1.94857,1.10085,1.16797,2.20156,-2.75266,-1.32422,1.00895,-1.94565,1.10136,1.16858,2.20139,0.0453721,-0.0167016,-0.0163861,0.0624209,0.0129726,-0.00079681,-0.00759123,0,0,0,0,0,0,0,-0.986012,24.2349,-21.3207,7.07431,0.784929,2.31283,0.038645,1.36139,0.367926,-1.68099,3.58558,0.579366,0.760609,-0.397494
1722364,0.99,-2.75388,-1.32345,1.00944,-1.9485,1.10087,1.16796,2.20154,-2.75266,-1.32422,1.00895,-1.94565,1.10136,1.16858,2.20139,0.0471422,-0.0165752,-0.0142134,0.0612759,0.00977703,-0.00171836,-0.0111484,0,0,0,0,0,0,0,-1.16057,24.2865,-21.3961,6.97513,0.779436,2.34487,0.187876,1.31296,0.399917,-1.69897,3.53848,0.57017,0.764229,-0.386443
1722365,0.99,-2.75384,-1.32347,1.00944,-1.94844,1.10088,1.16796,2.20153,-2.75266,-1.32422,1.00895,-1.94565,1.10136,1.16858,2.20139,0.0456456,-0.017048,-0.0108568,0.0608397,0.0127246,-0.00257,-0.0125533,0,0,0,0,0,0,0,-1.21215,24.3618,-21.5469,6.97513,0.757463,2.38333,0.187876,1.26561,0.428344,-1.71561,3.49256,0.560934,0.767749,-0.375484
1722366,0.99,-2.75379,-1.32349,1.00943,-1.94839,1.1009,1.16796,2.20153,-2.75266,-1.32422,1.00895,-1.94565,1.10136,1.16858,2.20139,0.0454091,-0.0190042,-0.0095704,0.0578929,0.0106497,-0.00242562,-0.00874512,0,0,0,0,0,0,0,-1.31133,24.5126,-21.65,6.97513,0.723589,2.40255,0.0523779,1.22019,0.454563,-1.73271,3.44861,0.551747,0.77133,-0.364458
1722367,0.99,-2.75374,-1.32351,1.00943,-1.94833,1.10091,1.16795,2.20152,-2.75266,-1.32422,1.00895,-1.94565,1.10136,1.16858,2.20139,0.0473792,-0.0187479,-0.00612042,0.0569595,0.0131195,-0.000905154,-0.00434347,0,0,0,0,0,0,0,-1.38671,24.5919,-21.8524,6.92752,0.706194,2.38333,-0.0126246,1.17638,0.479972,-1.75124,3.40694,0.542653,0.775092,-0.353306
1722368,0.99,-2.7537,-1.32353,1.00944,-1.94827,1.10092,1.16796,2.2015,-2.75266,-1.32422,1.00895,-1.94565,1.10136,1.16858,2.20139,0.0434189,-0.020777,-0.00244754,0.0562555,0.013285,0.000108526,-0.0119959,0,0,0,0,0,0,0,-1.3629,24.7665,-21.9793,6.87595,0.734575,2.3641,0.09083,1.13366,0.506067,-1.77274,3.36719,0.533588,0.779127,-0.342165
1722369,0.99,-2.75366,-1.32355,1.00944,-1.94821,1.10093,1.16796,2.20149,-2.75266,-1.32422,1.00895,-1.94565,1.10136,1.16858,2.20139,0.0424868,-0.0205286,0.00330494,0.0586776,0.00907741,0.000546982,-0.0154916,0,0,0,0,0,0,0,-1.38671,24.8697,-22.2332,6.82438,0.757463,2.35128,0.143015,1.09442,0.534405,-1.80045,3.32939,0.524557,0.783479,-0.331183
1722370,0.99,-2.75362,-1.32358,1.00945,-1.94816,1.10094,1.16796,2.20148,-2.75266,-1.32422,1.00895,-1.94565,1.10136,1.16858,2.20139,0.0410358,-0.0207698,0.0041435,0.0559935,0.00559834,0.000127231,-0.0108822,0,0,0,0,0,0,0,-1.38671,24.9966,-22.4832,6.82438,0.791338,2.35769,0.129282,1.06022,0.564977,-1.83529,3.29368,0.51566,0.788076,-0.320373
1722371,0.99,-2.75358,-1.3236,1.00946,-1.9481,1.10094,1.16796,2.20148,-2.75266,-1.32422,1.00895,-1.94565,1.10136,1.16858,2.20139,0.0408968,-0.0203798,0.00490512,0.0542358,0.00820717,0.00055949,-0.00965056,0,0,0,0,0,0,0,-1.43828,25.0958,-22.6101,6.82438,0.81331,2.34487,0.0459692,1.03153,0.594551,-1.8734,3.26114,0.507071,0.792672,-0.309668
1722372,0.99,-2.75354,-1.32363,1.00947,-1.94805,1.10095,1.16795,2.20148,-2.75266,-1.32422,1.00895,-1.94565,1.10136,1.16858,2.20139,0.0419019,-0.0219893,0.00561959,0.0537329,0.00505824,-0.00033912,-0.0113693,0,0,0,0,0,0,0,-1.51366,25.2743,-22.7371,6.80057,0.847185,2.3641,0.0258276,1.00615,0.621285,-1.91059,3.23141,0.498841,0.797039,-0.299072
1722373,0.99,-2.7535,-1.32365,1.00947,-1.948,1.10096,1.16796,2.20146,-2.75266,-1.32422,1.00895,-1.94565,1.10136,1.16858,2.20139,0.040787,-0.0247578,0.00625094,0.0534283,0.00805407,1.12517e-05,-0.0160593,0,0,0,0,0,0,0,-1.51366,25.3973,-22.864,6.77677,0.86458,2.35769,0.0972387,0.979441,0.647664,-1.9459,3.20174,0.490879,0.80111,-0.288683
1722374,0.99,-2.75345,-1.32368,1.00949,-1.94795,1.10097,1.16795,2.20145,-2.75266,-1.32422,1.00895,-1.94565,1.10136,1.16858,2.20139,0.0416846,-0.0276336,0.00940177,0.0511565,0.00687819,-0.000467237,-0.0153043,0,0,0,0,0,0,0,-1.58904,25.552,-22.9672,6.70139,0.847185,2.37051,0.187876,0.948676,0.677752,-1.98134,3.17026,0.483172,0.804983,-0.278584
1722375,1,-2.75341,-1.32371,1.0095,-1.9479,1.10098,1.16795,2.20144,-2.75266,-1.32422,1.00895,-1.94565,1.10136,1.16858,2.20139,0.0423523,-0.0241771,0.0105297,0.0464352,0.00689538,-0.00173566,-0.0156593,0,0,0,0,0,0,0,-1.66442,25.5996,-23.0148,6.75296,0.802324,2.40896,0.181467,0.914698,0.711396,-2.01823,3.13844,0.475875,0.808833,-0.268712
1722376,1,-2.75337,-1.32374,1.00951,-1.94785,1.10099,1.16795,2.20144,-2.75266,-1.32422,1.00895,-1.94565,1.10136,1.16858,2.20139,0.0414055,-0.0230571,0.012199,0.0447964,0.0112364,-0.00604201,-0.00651615,0,0,0,0,0,0,0,-1.69219,25.7028,-23.0941,6.72519,0.762956,2.41537,0.0459692,0.881623,0.742538,-2.05434,3.11006,0.469152,0.812695,-0.258918
1722377,0.99,-2.75333,-1.32377,1.00953,-1.94782,1.101,1.16794,2.20145,-2.75266,-1.32422,1.00895,-1.94565,1.10136,1.16858,2.20139,0.0431793,-0.0252672,0.0140786,0.041577,0.00950155,-0.0051613,-0.00527365,0,0,0,0,0,0,0,-1.69219,25.802,-23.1933,6.77677,0.729082,2.43551,-0.077627,0.85089,0.768998,-2.08868,3.08615,0.462933,0.816601,-0.249159
1722378,0.99,-2.75329,-1.3238,1.00955,-1.94777,1.101,1.16794,2.20143,-2.75266,-1.32422,1.00895,-1.94565,1.10136,1.16858,2.20139,0.0419181,-0.0265242,0.0166806,0.0460825,0.0058502,-0.00325662,-0.0130564,0,0,0,0,0,0,0,-1.71599,25.8813,-23.3441,6.67759,0.757463,2.42269,0.0258276,0.818738,0.795757,-2.12353,3.06315,0.45691,0.820614,-0.239617
1722379,0.99,-2.75326,-1.32382,1.00957,-1.94772,1.10101,1.16794,2.20141,-2.75266,-1.32422,1.00895,-1.94565,1.10136,1.16858,2.20139,0.0411516,-0.0262382,0.0154565,0.047077,0.00799403,-0.00164296,-0.0149034,0,0,0,0,0,0,0,-1.7398,25.9051,-23.4988,6.67759,0.784929,2.40255,0.162241,0.78207,0.825978,-2.159,3.03668,0.450708,0.82453,-0.230515
1722380,0.99,-2.75322,-1.32385,1.0096,-1.94769,1.10102,1.16794,2.20141,-2.75266,-1.32422,1.00895,-1.94565,1.10136,1.16858,2.20139,0.041328,-0.0247469,0.0180598,0.0434474,0.00498761,-0.000309262,-0.0103209,0,0,0,0,0,0,0,-1.79137,26.0043,-23.6733,6.72519,0.81331,2.37692,0.149424,0.742509,0.856912,-2.1925,3.00694,0.444283,0.828084,-0.22186
1722381,0.99,-2.75318,-1.32389,1.00962,-1.94765,1.10102,1.16794,2.20142,-2.75266,-1.32422,1.00895,-1.94565,1.10136,1.16858,2.20139,0.0410894,-0.0272362,0.0187772,0.0445389,0.00361979,0.000383357,-0.00933983,0,0,0,0,0,0,0,-1.84295,26.1313,-23.8003,6.75296,0.819719,2.35769,0.0651953,0.702447,0.886684,-2.22387,2.97634,0.437867,0.831267,-0.213484
1722382,0.99,-2.75314,-1.32393,1.00964,-1.94761,1.10103,1.16794,2.20142,-2.75266,-1.32422,1.00895,-1.94565,1.10136,1.16858,2.20139,0.0417697,-0.0314727,0.0231154,0.0428674,0.00325305,0.000875739,-0.00566341,0,0,0,0,0,0,0,-1.91832,26.3614,-23.955,6.75296,0.807817,2.33847,0.0258276,0.660009,0.920215,-2.2574,2.94402,0.431536,0.834281,-0.20529
1722383,0.99,-2.7531,-1.32396,1.00965,-1.94757,1.10104,1.16794,2.20141,-2.75266,-1.32422,1.00895,-1.94565,1.10136,1.16858,2.20139,0.0418441,-0.0318909,0.0197791,0.0422311,0.00287489,-0.000909259,-0.00756637,0,0,0,0,0,0,0,-1.9937,26.4843,-23.955,6.72519,0.796831,2.37692,0.110056,0.612674,0.961599,-2.29541,2.90869,0.425278,0.837224,-0.197321
1722384,0.99,-2.75306,-1.32401,1.00968,-1.94754,1.10105,1.16793,2.2014,-2.75266,-1.32422,1.00895,-1.94565,1.10136,1.16858,2.20139,0.042312,-0.0384514,0.0209699,0.0421601,0.00339567,-0.00282801,-0.00795514,0,0,0,0,0,0,0,-2.06908,26.7383,-24.1058,6.67759,0.762956,2.43551,0.175059,0.559018,1.01103,-2.33584,2.86987,0.419066,0.839986,-0.189628
1722385,0.99,-2.75303,-1.32404,1.0097,-1.9475,1.10106,1.16792,2.20139,-2.75266,-1.32422,1.00895,-1.94565,1.10136,1.16858,2.20139,0.0410728,-0.0395839,0.0187737,0.0382644,0.00368674,-0.00382299,-0.00663041,0,0,0,0,0,0,0,-2.09288,26.8414,-24.1296,6.65378,0.729082,2.48678,0.200693,0.499351,1.06862,-2.37737,2.82803,0.412918,0.842555,-0.18215
1722386,0.99,-2.75299,-1.32408,1.00972,-1.94746,1.10107,1.16792,2.20139,-2.75266,-1.32422,1.00895,-1.94565,1.10136,1.16858,2.20139,0.041373,-0.0417586,0.0191698,0.0366658,0.00407606,-0.00352717,-0.003754,0,0,0,0,0,0,0,-2.16826,26.9922,-24.2327,6.5784,0.688799,2.51242,0.175059,0.437589,1.13112,-2.41844,2.78621,0.406973,0.844978,-0.174743
1722387,0.99,-2.75295,-1.32413,1.00974,-1.94743,1.10107,1.16792,2.20139,-2.75266,-1.32422,1.00895,-1.94565,1.10136,1.16858,2.20139,0.0421789,-0.0401971,0.0187837,0.0323101,0.00382932,-0.00118646,-0.00125697,0,0,0,0,0,0,0,-2.24761,27.1429,-24.3081,6.62601,0.661333,2.48037,0.135691,0.377218,1.19339,-2.45668,2.74733,0.401281,0.847293,-0.167296
1722388,0.99,-2.75291,-1.32416,1.00976,-1.9474,1.10107,1.16792,2.20139,-2.75266,-1.32422,1.00895,-1.94565,1.10136,1.16858,2.20139,0.0393299,-0.036806,0.0216382,0.0308997,0.00136929,0.00037946,0.000901614,0,0,0,0,0,0,0,-2.32299,27.1945,-24.3835,6.60221,0.695207,2.44833,0.0844213,0.323034,1.24942,-2.49079,2.7147,0.395892,0.849527,-0.159779
1722389,0.99,-2.75288,-1.32419,1.00979,-1.94737,1.10108,1.16792,2.20138,-2.75266,-1.32422,1.00895,-1.94565,1.10136,1.16858,2.20139,0.0392765,-0.0357593,0.0256388,0.0298577,0.00515505,-0.00271322,-0.00287532,0,0,0,0,0,0,0,-2.37059,27.1667,-24.5342,6.5784,0.711687,2.40255,0.175059,0.279985,1.29548,-2.52251,2.69075,0.390807,0.851777,-0.152242
1722390,0.99,-2.75285,-1.32423,1.00981,-1.94734,1.10108,1.16792,2.20138,-2.75266,-1.32422,1.00895,-1.94565,1.10136,1.16858,2.20139,0.0354535,-0.0326505,0.0237605,0.0333593,0.00197772,-0.000781308,-0.00224383,0,0,0,0,0,0,0,-2.37059,27.1667,-24.6136,6.50303,0.762956,2.3641,0.181467,0.248275,1.33162,-2.55329,2.67395,0.385844,0.853996,-0.144747
1722391,0.99,-2.75281,-1.32426,1.00984,-1.94731,1.10108,1.16792,2.20138,-2.75266,-1.32422,1.00895,-1.94565,1.10136,1.16858,2.20139,0.0333266,-0.0353331,0.0246011,0.0304631,0.00144495,-0.00010628,-0.000376286,0,0,0,0,0,0,0,-2.39837,27.2461,-24.6612,6.52683,0.76845,2.34487,0.149424,0.227234,1.35812,-2.58141,2.66226,0.380973,0.855799,-0.137296
1722392,0.99,-2.75278,-1.32431,1.00987,-1.94727,1.10109,1.16791,2.20138,-2.75266,-1.32422,1.00895,-1.94565,1.10136,1.16858,2.20139,0.0350453,-0.035273,0.0267359,0.0345329,0.000363025,-0.00582805,0.00281832,0,0,0,0,0,0,0,-2.44597,27.369,-24.7643,6.42765,0.791338,2.3641,0.0651953,0.21231,1.38004,-2.60846,2.65241,0.376175,0.857128,-0.129883
1722393,0.99,-2.75274,-1.32435,1.00989,-1.94724,1.10109,1.1679,2.20138,-2.75266,-1.32422,1.00895,-1.94565,1.10136,1.16858,2.20139,0.0332835,-0.0383004,0.0220271,0.0320946,0.000224145,-0.00662467,0.00160372,0,0,0,0,0,0,0,-2.47374,27.496,-24.7366,6.42765,0.796831,2.42269,0.071604,0.195422,1.40351,-2.63575,2.63973,0.371275,0.858098,-0.122579
1722394,0.99,-2.75271,-1.32439,1.00991,-1.94721,1.10109,1.1679,2.20137,-2.75266,-1.32422,1.00895,-1.94565,1.10136,1.16858,2.20139,0.0320063,-0.0405982,0.0194025,0.0312261,0.000932874,-0.00626748,-0.00255349,0,0,0,0,0,0,0,-2.52532,27.623,-24.7366,6.38004,0.779436,2.46115,0.16865,0.174428,1.42912,-2.65987,2.62347,0.366369,0.858529,-0.115508
1722395,0.99,-2.75267,-1.32444,1.00993,-1.94718,1.1011,1.16789,2.20136,-2.75266,-1.32422,1.00895,-1.94565,1.10136,1.16858,2.20139,0.0333465,-0.0439131,0.0187317,0.0300124,0.00218437,-0.00639735,-0.00196095,0,0,0,0,0,0,0,-2.67608,27.8253,-24.7881,6.35227,0.740068,2.51242,0.175059,0.14885,1.45761,-2.67932,2.60401,0.361581,0.858421,-0.108727
1722396,0.99,-2.75264,-1.32448,1.00996,-1.94716,1.1011,1.16788,2.20137,-2.75266,-1.32422,1.00895,-1.94565,1.10136,1.16858,2.20139,0.0344725,-0.0433694,0.0180676,0.0310206,0.00278915,-0.00895724,-0.000373808,0,0,0,0,0,0,0,-2.69988,27.9007,-24.8397,6.38004,0.706194,2.50601,0.149424,0.11486,1.49158,-2.69566,2.57953,0.356741,0.858087,-0.10217
1722397,0.99,-2.7526,-1.32452,1.00998,-1.94713,1.1011,1.16788,2.20137,-2.75266,-1.32422,1.00895,-1.94565,1.10136,1.16858,2.20139,0.033,-0.0404861,0.019509,0.0301569,0.00256241,-0.0105162,0.00333313,0,0,0,0,0,0,0,-2.75145,28.0038,-24.8397,6.35227,0.688799,2.48678,0.0523779,0.0726613,1.52923,-2.70964,2.55044,0.351711,0.857795,-0.0957502
1722398,0.99,-2.75257,-1.32456,1.01001,-1.9471,1.1011,1.16788,2.20137,-2.75266,-1.32422,1.00895,-1.94565,1.10136,1.16858,2.20139,0.0316553,-0.0397979,0.0219658,0.0286889,0.00110805,-0.00735474,0.00126368,0,0,0,0,0,0,0,-2.79906,28.0276,-24.8913,6.35227,0.706194,2.47396,0.0780126,0.0287471,1.566,-2.72268,2.52083,0.34662,0.857697,-0.0894665
1722399,0.99,-2.75253,-1.3246,1.01004,-1.94708,1.1011,1.16787,2.20137,-2.75266,-1.32422,1.00895,-1.94565,1.10136,1.16858,2.20139,0.0346284,-0.0398111,0.0242072,0.0265821,-0.000279431,-0.00575451,0.000361008,0,0,0,0,0,0,0,-2.87841,28.0792,-24.9667,6.40384,0.734575,2.48037,0.09083,-0.0137038,1.60161,-2.73793,2.49315,0.341585,0.857961,-0.0834051
1722400,0.99,-2.7525,-1.32464,1.01006,-1.94705,1.1011,1.16787,2.20136,-2.75266,-1.32422,1.00895,-1.94565,1.10136,1.16858,2.20139,0.0327624,-0.0389573,0.0259706,0.0273411,-0.000568417,-0.00311004,-0.00288395,0,0,0,0,0,0,0,-2.90221,28.0792,-25.0421,6.35227,0.745561,2.44833,0.175059,-0.0565219,1.63843,-2.75758,2.46668,0.336565,0.858689,-0.0776278
1722401,0.99,-2.75247,-1.32468,1.01009,-1.94703,1.10109,1.16787,2.20136,-2.75266,-1.32422,1.00895,-1.94565,1.10136,1.16858,2.20139,0.0318171,-0.0388421,0.0266387,0.0277545,-0.000801175,-0.00170666,-0.000468354,0,0,0,0,0,0,0,-2.95379,28.103,-25.0936,6.30466,0.757463,2.4291,0.135691,-0.099351,1.67672,-2.78158,2.44081,0.33155,0.859734,-0.0721018
1722402,0.99,-2.75244,-1.32471,1.01012,-1.947,1.10109,1.16787,2.20138,-2.75266,-1.32422,1.00895,-1.94565,1.10136,1.16858,2.20139,0.0292035,-0.0353808,0.0270796,0.0268866,-0.000282824,-0.000413455,0.00277059,0,0,0,0,0,0,0,-2.92601,28.103,-25.1452,6.30466,0.751055,2.40255,0.0523779,-0.138755,1.71345,-2.80774,2.41673,0.326662,0.860786,-0.0667392
1722403,0.99,-2.7524,-1.32476,1.01014,-1.94698,1.10109,1.16786,2.20138,-2.75266,-1.32422,1.00895,-1.94565,1.10136,1.16858,2.20139,0.0300731,-0.0373798,0.0262973,0.0231073,2.5352e-05,-0.00121589,0.00208229,0,0,0,0,0,0,0,-3.02916,28.1784,-25.1452,6.30466,0.745561,2.42269,0.0459692,-0.171997,1.74537,-2.83343,2.39655,0.322093,0.861635,-0.0615178
1722404,0.99,-2.75236,-1.3248,1.01017,-1.94695,1.10109,1.16785,2.20137,-2.75266,-1.32422,1.00895,-1.94565,1.10136,1.16858,2.20139,0.0302362,-0.0389912,0.0264059,0.0248275,2.47392e-05,-0.00380461,-0.000512273,0,0,0,0,0,0,0,-3.10454,28.2538,-25.169,6.25309,0.745561,2.4996,0.0972387,-0.202281,1.77497,-2.85839,2.37909,0.317829,0.862322,-0.0565176
1722405,0.99,-2.75233,-1.32484,1.01019,-1.94693,1.1011,1.16784,2.20137,-2.75266,-1.32422,1.00895,-1.94565,1.10136,1.16858,2.20139,0.0322803,-0.040533,0.0222302,0.0216134,0.000225822,-0.00454455,-0.00251285,0,0,0,0,0,0,0,-3.12835,28.3569,-25.1452,6.25309,0.740068,2.55087,0.155832,-0.236357,1.80661,-2.88202,2.36056,0.313649,0.86292,-0.051802
1722406,0.99,-2.7523,-1.32488,1.01021,-1.94691,1.1011,1.16783,2.20137,-2.75266,-1.32422,1.00895,-1.94565,1.10136,1.16858,2.20139,0.0358158,-0.0412487,0.0234443,0.0217975,0.000358407,-0.0040611,-0.000455429,0,0,0,0,0,0,0,-3.2315,28.4323,-25.169,6.28086,0.734575,2.5765,0.122873,-0.280059,1.84226,-2.90239,2.33802,0.309348,0.86351,-0.0473341
1722407,0.99,-2.75226,-1.32492,1.01023,-1.94689,1.1011,1.16782,2.20138,-2.75266,-1.32422,1.00895,-1.94565,1.10136,1.16858,2.20139,0.0343033,-0.0421893,0.0200942,0.0234401,3.87943e-05,-0.00181943,0.00254401,0,0,0,0,0,0,0,-3.30687,28.5315,-25.1452,6.25309,0.740068,2.55087,0.0459692,-0.336351,1.88299,-2.91898,2.30941,0.304758,0.86417,-0.0430351
1722408,0.99,-2.75223,-1.32496,1.01026,-1.94688,1.1011,1.16782,2.20137,-2.75266,-1.32422,1.00895,-1.94565,1.10136,1.16858,2.20139,0.0358259,-0.0417945,0.0224103,0.0225783,-0.000378558,-0.00393723,0.000746069,0,0,0,0,0,0,0,-3.35448,28.583,-25.1928,6.30466,0.751055,2.49319,0.071604,-0.403076,1.92813,-2.93231,2.27489,0.299861,0.864906,-0.0388898
1722409,0.99,-2.7522,-1.325,1.01029,-1.94686,1.1011,1.16781,2.20137,-2.75266,-1.32422,1.00895,-1.94565,1.10136,1.16858,2.20139,0.0327069,-0.0414382,0.0247712,0.0227636,-0.000250512,-0.00211116,-0.00187659,0,0,0,0,0,0,0,-3.35448,28.6346,-25.2682,6.32846,0.751055,2.46755,0.135691,-0.474495,1.97637,-2.94562,2.23744,0.294844,0.865871,-0.0349343
1722410,0.99,-2.75217,-1.32503,1.01031,-1.94684,1.1011,1.16781,2.20136,-2.75266,-1.32422,1.00895,-1.94565,1.10136,1.16858,2.20139,0.034429,-0.0406996,0.0252586,0.0240126,-0.000165613,-0.000547476,-0.00270941,0,0,0,0,0,0,0,-3.38225,28.6584,-25.296,6.30466,0.751055,2.43551,0.175059,-0.545864,2.02678,-2.96206,2.19948,0.289851,0.867107,-0.0311593
1722411,0.99,-2.75214,-1.32507,1.01034,-1.94682,1.1011,1.1678,2.20137,-2.75266,-1.32422,1.00895,-1.94565,1.10136,1.16858,2.20139,0.0339069,-0.0377191,0.0230945,0.0211803,-0.000346721,-0.00155954,-0.000111062,0,0,0,0,0,0,0,-3.35448,28.71,-25.3475,6.30466,0.757463,2.46115,0.129282,-0.615478,2.07603,-2.97936,2.16238,0.284942,0.868355,-0.0274766
1722412,0.99,-2.75211,-1.32511,1.01035,-1.9468,1.10109,1.1678,2.20137,-2.75266,-1.32422,1.00895,-1.94565,1.10136,1.16858,2.20139,0.0361009,-0.0390336,0.0215724,0.0194943,6.99598e-06,-0.00098618,0.000163157,0,0,0,0,0,0,0,-3.40606,28.7854,-25.2682,6.28086,0.751055,2.45474,0.122873,-0.682649,2.12011,-2.99309,2.12795,0.280236,0.869358,-0.0237975
1722413,0.99,-2.75208,-1.32514,1.01038,-1.94679,1.1011,1.16779,2.20137,-2.75266,-1.32422,1.00895,-1.94565,1.10136,1.16858,2.20139,0.0365407,-0.0400165,0.0237308,0.0202919,0.000208703,-0.00103269,0.00058337,0,0,0,0,0,0,0,-3.40606,28.7338,-25.3198,6.30466,0.745561,2.46115,0.110056,-0.74959,2.16124,-3.00372,2.09531,0.275716,0.870149,-0.0201114
1722414,0.99,-2.75205,-1.32518,1.0104,-1.94676,1.1011,1.16778,2.20136,-2.75266,-1.32422,1.00895,-1.94565,1.10136,1.16858,2.20139,0.0353956,-0.0411281,0.0240279,0.0206073,0.000343027,-0.00245339,-0.00201867,0,0,0,0,0,0,0,-3.48143,28.8131,-25.3198,6.20548,0.740068,2.50601,0.175059,-0.81839,2.20473,-3.01562,2.06225,0.271256,0.870937,-0.0164499
1722415,0.99,-2.75201,-1.32521,1.01042,-1.94675,1.1011,1.16777,2.20136,-2.75266,-1.32422,1.00895,-1.94565,1.10136,1.16858,2.20139,0.0361265,-0.0404526,0.026281,0.0215982,0.00107673,-0.00289995,-0.00351599,0,0,0,0,0,0,0,-3.50524,28.8369,-25.2682,6.20548,0.71718,2.53805,0.233652,-0.888246,2.25251,-3.03163,2.02815,0.266802,0.871865,-0.0128123
1722416,0.99,-2.75198,-1.32525,1.01044,-1.94673,1.1011,1.16777,2.20136,-2.75266,-1.32422,1.00895,-1.94565,1.10136,1.16858,2.20139,0.0342036,-0.0370447,0.0249441,0.0222724,0.000480707,-0.00762864,-0.000885981,0,0,0,0,0,0,0,-3.55681,28.8607,-25.2206,6.20548,0.723589,2.56369,0.194285,-0.957069,2.30192,-3.05075,1.99381,0.262338,0.872957,-0.00912013
1722417,0.99,-2.75195,-1.32529,1.01046,-1.94672,1.1011,1.16776,2.20136,-2.75266,-1.32422,1.00895,-1.94565,1.10136,1.16858,2.20139,0.0329592,-0.0355368,0.0242798,0.0204712,0.000964917,-0.010173,0.00107082,0,0,0,0,0,0,0,-3.60839,28.9361,-25.1928,6.18167,0.706194,2.56369,0.149424,-1.02011,2.3465,-3.06881,1.96227,0.258004,0.874101,-0.00527244
1722418,0.99,-2.75192,-1.32532,1.01047,-1.9467,1.1011,1.16776,2.20137,-2.75266,-1.32422,1.00895,-1.94565,1.10136,1.16858,2.20139,0.0350893,-0.0333755,0.0215285,0.0194667,0.000439967,-0.00678338,0.00288399,0,0,0,0,0,0,0,-3.65996,28.9639,-25.1928,6.1301,0.711687,2.54446,0.09083,-1.07525,2.38177,-3.08135,1.93571,0.253928,0.875145,-0.00126645
1722419,0.99,-2.7519,-1.32535,1.0105,-1.94668,1.1011,1.16775,2.20136,-2.75266,-1.32422,1.00895,-1.94565,1.10136,1.16858,2.20139,0.0327036,-0.0311135,0.0218049,0.0187413,-0.000554294,-0.00363319,-0.00190901,0,0,0,0,0,0,0,-3.68377,28.9639,-25.296,6.07853,0.734575,2.50601,0.194285,-1.12353,2.40648,-3.08568,1.91411,0.250111,0.875917,0.00279187
1722420,0.99,-2.75187,-1.32538,1.01052,-1.94666,1.1011,1.16775,2.20136,-2.75266,-1.32422,1.00895,-1.94565,1.10136,1.16858,2.20139,0.0305883,-0.0287504,0.0242068,0.0174443,-0.000369451,-0.00689936,-0.000560614,0,0,0,0,0,0,0,-3.68377,28.9361,-25.3713,6.05472,0.734575,2.48678,0.175059,-1.16238,2.42072,-3.08373,1.89868,0.246667,0.876428,0.00682187
1722421,0.99,-2.75184,-1.32541,1.01054,-1.94665,1.1011,1.16775,2.20137,-2.75266,-1.32422,1.00895,-1.94565,1.10136,1.16858,2.20139,0.0288295,-0.0290752,0.0246644,0.0160498,-4.27911e-05,-0.00482484,0.00081304,0,0,0,0,0,0,0,-3.68377,28.9877,-25.3951,6.05472,0.729082,2.47396,0.143015,-1.18897,2.42695,-3.08056,1.89065,0.243746,0.876878,0.010837
1722422,0.99,-2.75182,-1.32544,1.01056,-1.94663,1.1011,1.16774,2.20137,-2.75266,-1.32422,1.00895,-1.94565,1.10136,1.16858,2.20139,0.0277402,-0.029141,0.0246208,0.01619,0.000174967,-0.00374155,0.00152536,0,0,0,0,0,0,0,-3.68377,29.0393,-25.3951,6.00711,0.723589,2.47396,0.116465,-1.20514,2.42942,-3.07929,1.88844,0.24132,0.877314,0.0148379
1722423,0.99,-2.75179,-1.32547,1.01058,-1.94662,1.1011,1.16773,2.20138,-2.75266,-1.32422,1.00895,-1.94565,1.10136,1.16858,2.20139,0.027656,-0.0314317,0.0214913,0.0182429,0.000760938,-0.00383755,0.00291577,0,0,0,0,0,0,0,-3.70757,29.0631,-25.3951,6.00711,0.706194,2.4996,0.0651953,-1.21705,2.43282,-3.07971,1.88754,0.239129,0.877583,0.0187549
1722424,0.99,-2.75176,-1.3255,1.0106,-1.9466,1.1011,1.16773,2.20137,-2.75266,-1.32422,1.00895,-1.94565,1.10136,1.16858,2.20139,0.0289694,-0.0302642,0.0247262,0.0204378,-0.000136943,-0.00884351,-0.000938372,0,0,0,0,0,0,0,-3.78295,29.0909,-25.4983,5.97934,0.723589,2.53164,0.143015,-1.23293,2.44201,-3.08177,1.88229,0.236762,0.877697,0.0224905
1722425,0.99,-2.75174,-1.32553,1.01062,-1.94658,1.1011,1.16773,2.20137,-2.75266,-1.32422,1.00895,-1.94565,1.10136,1.16858,2.20139,0.0270162,-0.0292797,0.0202404,0.0200305,0.000146082,-0.00628005,-0.000354318,0,0,0,0,0,0,0,-3.75914,29.1147,-25.4467,5.90793,0.71718,2.52523,0.135691,-1.25616,2.45762,-3.08518,1.87069,0.234025,0.877757,0.0259881
1722426,0.99,-2.7517,-1.32555,1.01063,-1.94657,1.1011,1.16772,2.20137,-2.75266,-1.32422,1.00895,-1.94565,1.10136,1.16858,2.20139,0.0290033,-0.0269575,0.0170764,0.0173769,9.74021e-05,-0.00417828,-0.000744841,0,0,0,0,0,0,0,-3.8861,29.0631,-25.3951,5.93174,0.71718,2.51242,0.149424,-1.28413,2.47369,-3.0847,1.8554,0.231077,0.877526,0.0292686
1722427,0.99,-2.75168,-1.32558,1.01065,-1.94656,1.1011,1.16773,2.20137,-2.75266,-1.32422,1.00895,-1.94565,1.10136,1.16858,2.20139,0.0247329,-0.0271955,0.0154758,0.0136532,-0.000172414,-0.00218581,0.00238565,0,0,0,0,0,0,0,-3.8861,29.0909,-25.3713,6.03092,0.723589,2.48678,0.071604,-1.31154,2.48417,-3.07597,1.84116,0.228276,0.876782,0.032384
1722428,0.99,-2.75165,-1.3256,1.01066,-1.94654,1.1011,1.16773,2.20137,-2.75266,-1.32422,1.00895,-1.94565,1.10136,1.16858,2.20139,0.024596,-0.0253484,0.0168193,0.0147312,-0.000725286,-0.00124478,0.00135307,0,0,0,0,0,0,0,-3.8861,29.0393,-25.3198,5.97934,0.740068,2.47396,0.0780126,-1.33306,2.4879,-3.0612,1.83155,0.225912,0.87562,0.0353508
1722429,0.99,-2.75163,-1.32563,1.01068,-1.94652,1.1011,1.16772,2.20137,-2.75266,-1.32422,1.00895,-1.94565,1.10136,1.16858,2.20139,0.0244182,-0.0248325,0.0171134,0.014193,-0.000483518,-0.00173865,0.000189972,0,0,0,0,0,0,0,-3.8861,29.0155,-25.3713,5.97934,0.740068,2.49319,0.0972387,-1.3494,2.48796,-3.04494,1.82558,0.223903,0.87428,0.0381283
1722430,0.99,-2.7516,-1.32566,1.01069,-1.94651,1.1011,1.16772,2.20137,-2.75266,-1.32422,1.00895,-1.94565,1.10136,1.16858,2.20139,0.0220373,-0.0255454,0.0154547,0.0138004,-0.000729242,-0.001544,-0.000822789,0,0,0,0,0,0,0,-3.9099,29.0393,-25.3475,5.97934,0.751055,2.4996,0.122873,-1.36354,2.48761,-3.02982,1.82103,0.222095,0.872922,0.0406828
1722431,0.99,-2.75158,-1.32568,1.01071,-1.94649,1.1011,1.16772,2.20137,-2.75266,-1.32422,1.00895,-1.94565,1.10136,1.16858,2.20139,0.0210108,-0.0227607,0.0185416,0.0145867,-7.9257e-05,-0.000902631,-7.38087e-05,0,0,0,0,0,0,0,-3.83452,29.0631,-25.3713,5.93174,0.740068,2.49319,0.110056,-1.37528,2.48797,-3.01726,1.81749,0.220478,0.871611,0.0430384
1722432,0.99,-2.75156,-1.3257,1.01073,-1.94648,1.1011,1.16772,2.20138,-2.75266,-1.32422,1.00895,-1.94565,1.10136,1.16858,2.20139,0.0221445,-0.0233731,0.018818,0.0184812,0.000557516,-0.000684745,0.00161231,0,0,0,0,0,0,0,-3.83452,29.0631,-25.4467,5.88016,0.723589,2.49319,0.0651953,-1.38746,2.4913,-3.00935,1.81241,0.218832,0.870473,0.0452396
1722433,0.99,-2.75154,-1.32573,1.01074,-1.94647,1.1011,1.16773,2.20138,-2.75266,-1.32422,1.00895,-1.94565,1.10136,1.16858,2.20139,0.0190559,-0.0256828,0.0152515,0.0136949,0.000168229,-0.000281382,0.00107487,0,0,0,0,0,0,0,-3.81072,29.1385,-25.3713,5.88016,0.729082,2.48678,0.0651953,-1.40337,2.49997,-3.00606,1.80354,0.217011,0.86951,0.0472887
1722434,0.99,-2.75152,-1.32575,1.01076,-1.94645,1.1011,1.16772,2.20138,-2.75266,-1.32422,1.00895,-1.94565,1.10136,1.16858,2.20139,0.0200832,-0.0211587,0.0150648,0.0133222,-9.12967e-05,-0.000946347,0.00071658,0,0,0,0,0,0,0,-3.78295,29.0909,-25.3951,5.88016,0.734575,2.50601,0.0651953,-1.42018,2.51086,-3.00385,1.79374,0.215252,0.868568,0.0491583
1722435,0.99,-2.75149,-1.32577,1.01077,-1.94644,1.1011,1.16772,2.20137,-2.75266,-1.32422,1.00895,-1.94565,1.10136,1.16858,2.20139,0.0224559,-0.0230954,0.0131495,0.0136389,-6.08634e-05,-0.000903269,-0.00264185,0,0,0,0,0,0,0,-3.83452,29.1385,-25.3475,5.85636,0.734575,2.51242,0.149424,-1.4386,2.52111,-2.9997,1.7837,0.213554,0.867601,0.0508308
1722436,0.99,-2.75147,-1.32579,1.01078,-1.94643,1.1011,1.16772,2.20137,-2.75266,-1.32422,1.00895,-1.94565,1.10136,1.16858,2.20139,0.0234976,-0.0260401,0.00994287,0.0158363,-4.05748e-05,-0.000628438,0.000171543,0,0,0,0,0,0,0,-3.85833,29.1147,-25.3475,5.88016,0.734575,2.51242,0.0972387,-1.46648,2.53494,-2.99311,1.76844,0.211561,0.866637,0.0523221
1722437,0.99,-2.75145,-1.32581,1.01079,-1.94642,1.1011,1.16773,2.20137,-2.75266,-1.32422,1.00895,-1.94565,1.10136,1.16858,2.20139,0.0197318,-0.0221197,0.0126058,0.0143016,-0.0002305,0.000510783,0.000351721,0,0,0,0,0,0,0,-3.81072,29.0909,-25.296,5.90793,0.740068,2.48678,0.09083,-1.50403,2.55424,-2.9852,1.74697,0.209233,0.865675,0.0536987
1722438,0.99,-2.75143,-1.32583,1.0108,-1.9464,1.1011,1.16772,2.20137,-2.75266,-1.32422,1.00895,-1.94565,1.10136,1.16858,2.20139,0.0196331,-0.0228592,0.0121191,0.0139305,-0.000357117,-0.000148967,0.000471839,0,0,0,0,0,0,0,-3.8861,29.0909,-25.2682,5.90793,0.745561,2.4996,0.0844213,-1.54246,2.57512,-2.97813,1.72433,0.2069,0.864783,0.0550158
1722439,0.99,-2.75142,-1.32585,1.01082,-1.94639,1.1011,1.16772,2.20136,-2.75266,-1.32422,1.00895,-1.94565,1.10136,1.16858,2.20139,0.0191239,-0.0233908,0.0152464,0.0142839,0.000168824,-0.000110389,-0.00280502,0,0,0,0,0,0,0,-3.81072,29.0909,-25.3951,5.88016,0.734575,2.4996,0.16865,-1.57846,2.59759,-2.97509,1.70265,0.204704,0.864155,0.056279
1722440,0.99,-2.7514,-1.32587,1.01082,-1.94638,1.1011,1.16772,2.20136,-2.75266,-1.32422,1.00895,-1.94565,1.10136,1.16858,2.20139,0.0167721,-0.0237078,0.0109243,0.0138394,0.000112549,-8.19014e-05,-0.00234473,0,0,0,0,0,0,0,-3.78295,29.0909,-25.2444,5.88016,0.734575,2.4996,0.181467,-1.61261,2.62314,-2.97702,1.68146,0.202628,0.863829,0.0575127
1722441,0.99,-2.75139,-1.32588,1.01084,-1.94636,1.1011,1.16772,2.20137,-2.75266,-1.32422,1.00895,-1.94565,1.10136,1.16858,2.20139,0.0148572,-0.0209655,0.012766,0.0144942,0.000481934,-0.000298191,-0.000138998,0,0,0,0,0,0,0,-3.73534,29.0909,-25.296,5.83255,0.723589,2.50601,0.143015,-1.64221,2.64833,-2.9808,1.66213,0.200749,0.863563,0.0588055
1722442,0.99,-2.75137,-1.3259,1.01085,-1.94635,1.1011,1.16772,2.20137,-2.75266,-1.32422,1.00895,-1.94565,1.10136,1.16858,2.20139,0.0139389,-0.0193438,0.0127461,0.0138068,0.00096555,3.38912e-05,0.000178602,0,0,0,0,0,0,0,-3.70757,29.1147,-25.296,5.83255,0.706194,2.4996,0.135691,-1.66473,2.66951,-2.98456,1.64614,0.199107,0.863242,0.0602356
1722443,0.99,-2.75136,-1.32592,1.01086,-1.94634,1.1011,1.16772,2.20136,-2.75266,-1.32422,1.00895,-1.94565,1.10136,1.16858,2.20139,0.0127561,-0.0170705,0.0120981,0.0170387,0.0006437,0.000256448,-0.00157635,0,0,0,0,0,0,0,-3.65996,29.0909,-25.2682,5.80875,0.706194,2.49319,0.181467,-1.68089,2.68558,-2.98763,1.63289,0.197586,0.862848,0.0618046
1722444,0.99,-2.75134,-1.32593,1.01087,-1.94632,1.1011,1.16772,2.20136,-2.75266,-1.32422,1.00895,-1.94565,1.10136,1.16858,2.20139,0.0134813,-0.0153469,0.00978991,0.0164687,0.000632584,-0.00054374,-0.000338825,0,0,0,0,0,0,0,-3.68377,29.0631,-25.296,5.78098,0.700701,2.51242,0.162241,-1.694,2.69624,-2.9875,1.62022,0.195976,0.862244,0.0634912
1722445,0.99,-2.75133,-1.32595,1.01088,-1.94632,1.1011,1.16772,2.20136,-2.75266,-1.32422,1.00895,-1.94565,1.10136,1.16858,2.20139,0.0167764,-0.0154985,0.00612637,0.0141958,0.000218272,0.000110253,-0.00212476,0,0,0,0,0,0,0,-3.68377,29.0909,-25.2444,5.83255,0.706194,2.4996,0.213511,-1.70903,2.70193,-2.98102,1.60632,0.194146,0.86136,0.0652934
1722446,0.99,-2.75131,-1.32596,1.01089,-1.94631,1.1011,1.16772,2.20136,-2.75266,-1.32422,1.00895,-1.94565,1.10136,1.16858,2.20139,0.0171064,-0.0130312,0.00785686,0.0112261,-0.000498745,0.000309382,-0.000941786,0,0,0,0,0,0,0,-3.73534,29.0155,-25.2444,5.80875,0.723589,2.49319,0.200693,-1.72907,2.70393,-2.96776,1.59133,0.192144,0.860337,0.0672248
1722447,0.99,-2.7513,-1.32597,1.0109,-1.94629,1.1011,1.16773,2.20136,-2.75266,-1.32422,1.00895,-1.94565,1.10136,1.16858,2.20139,0.0103551,-0.0130692,0.00842301,0.0114327,-9.51378e-05,0.000442505,-0.00133993,0,0,0,0,0,0,0,-3.63219,29.0155,-25.2206,5.80875,0.71718,2.48678,0.219919,-1.74832,2.70247,-2.95183,1.5788,0.190274,0.859375,0.0693237
1722448,0.99,-2.75129,-1.32599,1.0109,-1.94628,1.1011,1.16772,2.20136,-2.75266,-1.32422,1.00895,-1.94565,1.10136,1.16858,2.20139,0.0136582,-0.0130423,0.0101943,0.0122574,0.000343476,-0.000180547,0.00100558,0,0,0,0,0,0,0,-3.60839,29.0155,-25.1174,5.78098,0.706194,2.4996,0.16865,-1.76148,2.6996,-2.93849,1.57027,0.188701,0.858605,0.0716146
1722449,0.99,-2.75128,-1.326,1.01091,-1.94627,1.1011,1.16772,2.20136,-2.75266,-1.32422,1.00895,-1.94565,1.10136,1.16858,2.20139,0.0134461,-0.0117148,0.0110748,0.00847534,0.000228984,-0.000120988,-0.000991124,0,0,0,0,0,0,0,-3.60839,28.9639,-25.1174,5.80875,0.706194,2.4996,0.213511,-1.77234,2.69935,-2.93063,1.56324,0.187258,0.85822,0.0740753
1722450,0.99,-2.75127,-1.326,1.01092,-1.94626,1.1011,1.16772,2.20135,-2.75266,-1.32422,1.00895,-1.94565,1.10136,1.16858,2.20139,0.0114418,-0.0104658,0.0146809,0.00940986,0.000152656,-8.11267e-05,-0.000898109,0,0,0,0,0,0,0,-3.53301,28.8885,-25.1174,5.80875,0.706194,2.4996,0.219919,-1.78197,2.70263,-2.92965,1.55756,0.18592,0.858382,0.0766694
1722451,0.99,-2.75126,-1.32602,1.01093,-1.94625,1.10111,1.16772,2.20135,-2.75266,-1.32422,1.00895,-1.94565,1.10136,1.16858,2.20139,0.0100225,-0.011119,0.0137436,0.00954507,0.000746031,-5.44354e-05,-0.00036138,0,0,0,0,0,0,0,-3.45763,28.8885,-25.0936,5.83255,0.688799,2.4996,0.213511,-1.7882,2.70912,-2.93613,1.55366,0.184715,0.859047,0.0793818
1722452,0.99,-2.75126,-1.32602,1.01094,-1.94624,1.10111,1.16772,2.20136,-2.75266,-1.32422,1.00895,-1.94565,1.10136,1.16858,2.20139,0.00931881,-0.010353,0.0128177,0.0084155,0.00131116,0.000200805,0.000233798,0,0,0,0,0,0,0,-3.38225,28.8369,-25.0659,5.78098,0.666826,2.49319,0.200693,-1.79136,2.7182,-2.94747,1.55055,0.183575,0.859973,0.0822025
1722453,0.99,-2.75125,-1.32603,1.01095,-1.94623,1.10111,1.16772,2.20136,-2.75266,-1.32422,1.00895,-1.94565,1.10136,1.16858,2.20139,0.00732952,-0.0104262,0.0141241,0.00941257,6.03018e-05,-0.000103686,0.000867942,0,0,0,0,0,0,0,-3.38225,28.8131,-25.1174,5.78098,0.688799,2.4996,0.181467,-1.79184,2.72859,-2.96074,1.54784,0.18246,0.860956,0.0851034
1722454,0.99,-2.75124,-1.32604,1.01096,-1.94621,1.10111,1.16773,2.20136,-2.75266,-1.32422,1.00895,-1.94565,1.10136,1.16858,2.20139,0.00451766,-0.00679829,0.00882024,0.0107062,0.000243652,0.000405446,0.000341269,0,0,0,0,0,0,0,-3.33068,28.7616,-25.0421,5.75718,0.683306,2.48678,0.187876,-1.78842,2.73708,-2.9723,1.54566,0.181343,0.86171,0.0880387
1722455,0.99,-2.75123,-1.32605,1.01096,-1.94621,1.10111,1.16772,2.20136,-2.75266,-1.32422,1.00895,-1.94565,1.10136,1.16858,2.20139,0.00686319,-0.0078447,0.00979082,0.00940095,-0.000685276,-0.000204532,0.000702231,0,0,0,0,0,0,0,-3.33068,28.7338,-25.0421,5.83255,0.706194,2.4996,0.175059,-1.78179,2.74034,-2.97751,1.54361,0.180166,0.861955,0.0909548
1722456,0.99,-2.75123,-1.32606,1.01097,-1.94619,1.10111,1.16772,2.20136,-2.75266,-1.32422,1.00895,-1.94565,1.10136,1.16858,2.20139,0.00299523,-0.00870808,0.00940334,0.0120806,-0.00110111,0.000100921,-0.000243923,0,0,0,0,0,0,0,-3.2315,28.71,-24.9905,5.75718,0.723589,2.49319,0.194285,-1.77557,2.74136,-2.97774,1.53983,0.178844,0.861821,0.0938056
1722457,0.99,-2.75122,-1.32606,1.01097,-1.94619,1.10111,1.16772,2.20136,-2.75266,-1.32422,1.00895,-1.94565,1.10136,1.16858,2.20139,0.00190207,-0.00494982,0.00805471,0.00980074,-0.000734074,-0.000170141,0.00173626,0,0,0,0,0,0,0,-3.20372,28.6346,-24.8913,5.85636,0.723589,2.4996,0.143015,-1.76873,2.74144,-2.97529,1.53479,0.177463,0.861431,0.0965703
1722458,0.99,-2.75121,-1.32606,1.01098,-1.94618,1.10111,1.16773,2.20136,-2.75266,-1.32422,1.00895,-1.94565,1.10136,1.16858,2.20139,0.0016842,-0.00156778,0.0107249,0.0094502,-0.000489383,0.000361244,0.000920145,0,0,0,0,0,0,0,-3.20372,28.5315,-24.9429,5.90793,0.723589,2.48678,0.149424,-1.75748,2.73639,-2.96949,1.53153,0.176217,0.860812,0.0992433
1722459,0.99,-2.75121,-1.32607,1.01099,-1.94617,1.10111,1.16772,2.20137,-2.75266,-1.32422,1.00895,-1.94565,1.10136,1.16858,2.20139,0.0014352,-0.00417065,0.010116,0.0109709,-8.88961e-05,-0.000233924,0.00278357,0,0,0,0,0,0,0,-3.07677,28.5077,-24.8913,5.88016,0.71718,2.4996,0.09083,-1.74356,2.72741,-2.96236,1.52971,0.17507,0.860179,0.101787
1722460,0.99,-2.75121,-1.32607,1.01099,-1.94617,1.10111,1.16772,2.20137,-2.75266,-1.32422,1.00895,-1.94565,1.10136,1.16858,2.20139,0.00236023,-0.00351104,0.00775476,0.00709604,-0.000296623,8.13835e-05,0.00114364,0,0,0,0,0,0,0,-2.97759,28.3807,-24.8913,5.93174,0.723589,2.49319,0.110056,-1.73172,2.7192,-2.95545,1.52685,0.17391,0.859657,0.104128
1722461,0.99,-2.75121,-1.32607,1.011,-1.94616,1.10111,1.16772,2.20136,-2.75266,-1.32422,1.00895,-1.94565,1.10136,1.16858,2.20139,0.00129092,-0.00435359,0.00527828,0.00602889,0.000243061,-0.000657841,-0.000187012,0,0,0,0,0,0,0,-2.79906,28.3053,-24.8635,5.90793,0.711687,2.51242,0.135691,-1.72298,2.71186,-2.94664,1.52338,0.172818,0.859179,0.106201
1722462,0.99,-2.75121,-1.32608,1.01101,-1.94615,1.10111,1.16772,2.20137,-2.75266,-1.32422,1.00895,-1.94565,1.10136,1.16858,2.20139,0.000492342,-0.00688451,0.0072591,0.00647201,0.000568942,-0.000438575,0.00201156,0,0,0,0,0,0,0,-2.75145,28.3053,-24.8635,5.95554,0.700701,2.51242,0.0780126,-1.71667,2.7063,-2.93647,1.51959,0.171844,0.858764,0.107986
1722463,0.99,-2.75121,-1.32608,1.01102,-1.94615,1.10111,1.16772,2.20137,-2.75266,-1.32422,1.00895,-1.94565,1.10136,1.16858,2.20139,0.00235211,-0.00249046,0.00934894,0.00321933,-0.000468416,0.000419682,0.00181576,0,0,0,0,0,0,0,-2.67608,28.1784,-24.8913,6.03092,0.723589,2.49319,0.0651953,-1.71273,2.70476,-2.9289,1.51503,0.170927,0.858651,0.109499
1722464,0.99,-2.7512,-1.32608,1.01102,-1.94615,1.10111,1.16772,2.20137,-2.75266,-1.32422,1.00895,-1.94565,1.10136,1.16858,2.20139,0.00104992,-0.00119952,0.0107445,0.00293326,-0.000719178,0.00027978,2.37087e-05,0,0,0,0,0,0,0,-2.6245,28.1308,-24.9151,6.1539,0.734575,2.49319,0.0972387,-1.70919,2.70472,-2.92529,1.51137,0.170092,0.858996,0.110737
1722465,0.99,-2.7512,-1.32608,1.01103,-1.94615,1.10111,1.16773,2.20137,-2.75266,-1.32422,1.00895,-1.94565,1.10136,1.16858,2.20139,0.00121615,0.000566735,0.00745723,0.00138835,-7.25513e-05,0.000661231,0.000727883,0,0,0,0,0,0,0,-2.6245,28.0514,-24.8913,6.20548,0.723589,2.48037,0.0780126,-1.70363,2.70208,-2.92313,1.51013,0.169389,0.859623,0.111694
1722466,0.99,-2.7512,-1.32608,1.01103,-1.94614,1.10111,1.16773,2.20137,-2.75266,-1.32422,1.00895,-1.94565,1.10136,1.16858,2.20139,-8.50711e-06,0.000567415,0.00871655,0.00140502,-0.000251818,0.000203457,-0.000226822,0,0,0,0,0,0,0,-2.57293,28.0276,-24.8913,6.20548,0.729082,2.48678,0.0972387,-1.69546,2.69509,-2.91947,1.51126,0.168817,0.860253,0.112391
1722467,0.99,-2.75121,-1.32609,1.01104,-1.94614,1.10111,1.16773,2.20137,-2.75266,-1.32422,1.00895,-1.94565,1.10136,1.16858,2.20139,-0.00147854,-0.00045395,0.00710544,0.00266645,-0.000371329,0.000610353,-0.000151214,0,0,0,0,0,0,0,-2.49755,28.0514,-24.9151,6.28086,0.734575,2.47396,0.0972387,-1.6854,2.6856,-2.91461,1.51345,0.168309,0.860782,0.112856
1722468,0.99,-2.75121,-1.32609,1.01104,-1.94614,1.10111,1.16773,2.20137,-2.75266,-1.32422,1.00895,-1.94565,1.10136,1.16858,2.20139,-0.00132474,-0.000509195,0.00845066,0.00473416,0.000159348,-0.000305178,-0.000338169,0,0,0,0,0,0,0,-2.47374,28.0514,-24.9151,6.30466,0.723589,2.49319,0.103647,-1.67586,2.67743,-2.9104,1.51401,0.167703,0.861197,0.113123
1722469,0.99,-2.75122,-1.32609,1.01105,-1.94613,1.10111,1.16773,2.20137,-2.75266,-1.32422,1.00895,-1.94565,1.10136,1.16858,2.20139,-0.00192625,-0.00235042,0.0101359,0.00500919,0.000953943,-0.000440813,-0.000700164,0,0,0,0,0,0,0,-2.42217,28.1308,-24.9429,6.25309,0.700701,2.4996,0.116465,-1.67001,2.67464,-2.90961,1.51045,0.166821,0.861637,0.113233
1722470,0.99,-2.75123,-1.32609,1.01105,-1.94613,1.10111,1.16773,2.20137,-2.75266,-1.32422,1.00895,-1.94565,1.10136,1.16858,2.20139,-0.00726489,0.0053149,0.00688086,0.00317483,0.000229061,-5.65177e-05,-0.000229417,0,0,0,0,0,0,0,-2.29522,28.103,-24.9151,6.28086,0.711687,2.49319,0.110056,-1.66314,2.67345,-2.91123,1.50591,0.165835,0.862049,0.113248
1722471,0.99,-2.75123,-1.32609,1.01105,-1.94613,1.10111,1.16773,2.20136,-2.75266,-1.32422,1.00895,-1.94565,1.10136,1.16858,2.20139,-0.00884946,0.00333554,0.00899349,0.00192348,-0.000288102,-3.76796e-05,-0.0027978,0,0,0,0,0,0,0,-2.27141,28.1308,-24.9429,6.30466,0.723589,2.49319,0.181467,-1.64503,2.66441,-2.91071,1.50723,0.165173,0.862163,0.113234
1722472,0.99,-2.75124,-1.32608,1.01106,-1.94613,1.10111,1.16773,2.20137,-2.75266,-1.32422,1.00895,-1.94565,1.10136,1.16858,2.20139,-0.0105214,0.00376154,0.00725213,-0.00403406,-0.000192068,0.000212238,-0.00016978,0,0,0,0,0,0,0,-2.21984,28.0792,-24.9667,6.28086,0.723589,2.48678,0.135691,-1.61245,2.64675,-2.90854,1.5175,0.165107,0.862074,0.113254
1722473,0.99,-2.75125,-1.32608,1.01106,-1.94613,1.10111,1.16773,2.20136,-2.75266,-1.32422,1.00895,-1.94565,1.10136,1.16858,2.20139,-0.0123856,0.00396268,0.00591632,-0.00544218,0.000109313,-9.58673e-05,-0.000859172,0,0,0,0,0,0,0,-2.14446,28.0276,-24.9905,6.25309,0.71718,2.49319,0.155832,-1.5668,2.62275,-2.9055,1.5372,0.165754,0.861925,0.113372
1722474,0.99,-2.75125,-1.32607,1.01106,-1.94613,1.10111,1.16773,2.20137,-2.75266,-1.32422,1.00895,-1.94565,1.10136,1.16858,2.20139,-0.0094822,0.00459145,0.00433777,-0.0041167,-0.000164483,0.000410806,-9.80633e-05,0,0,0,0,0,0,0,-2.12066,27.9522,-24.9905,6.25309,0.723589,2.48037,0.143015,-1.51427,2.59431,-2.89982,1.56264,0.166849,0.861653,0.113606
1722475,0.99,-2.75126,-1.32607,1.01107,-1.94613,1.10111,1.16773,2.20136,-2.75266,-1.32422,1.00895,-1.94565,1.10136,1.16858,2.20139,-0.0111709,0.00440721,0.00439344,-0.0031109,-0.000516557,3.65113e-05,-0.00125217,0,0,0,0,0,0,0,-2.06908,27.9007,-25.0421,6.25309,0.734575,2.48678,0.175059,-1.46478,2.56599,-2.89138,1.58672,0.167855,0.861248,0.113939
1722476,0.99,-2.75127,-1.32607,1.01106,-1.94614,1.10111,1.16773,2.20136,-2.75266,-1.32422,1.00895,-1.94565,1.10136,1.16858,2.20139,-0.0104051,0.00424943,0.00259353,-0.00355518,6.253e-05,2.43406e-05,-0.0013095,0,0,0,0,0,0,0,-1.9699,27.8491,-25.0182,6.30466,0.723589,2.48678,0.187876,-1.42277,2.54077,-2.88126,1.60578,0.168512,0.860738,0.114368
1722477,0.99,-2.75128,-1.32607,1.01107,-1.94614,1.10111,1.16773,2.20136,-2.75266,-1.32422,1.00895,-1.94565,1.10136,1.16858,2.20139,-0.00982789,0.00170517,0.00365829,-0.00257624,0.000279046,-0.000458491,7.64371e-05,0,0,0,0,0,0,0,-1.86675,27.9007,-25.0936,6.30466,0.71718,2.4996,0.162241,-1.39038,2.52151,-2.87147,1.61815,0.16873,0.860231,0.114906
1722479,0.97,-2.75131,-1.32606,1.01107,-1.94614,1.10111,1.16773,2.20136,-2.75266,-1.32422,1.00895,-1.94565,1.10136,1.16858,2.20139,-0.0114419,0.00186224,0.000441222,-0.00247762,0.000191837,0.000350064,0.00042957,0,0,0,0,0,0,0,-1.69219,27.8491,-25.0182,6.35227,0.711687,2.48037,0.155832,-1.35999,2.50804,-2.85745,1.61861,0.167571,0.859485,0.116322
1722480,0.96,-2.75132,-1.32606,1.01107,-1.94614,1.10111,1.16773,2.20136,-2.75266,-1.32422,1.00895,-1.94565,1.10136,1.16858,2.20139,-0.0120669,0.0023883,0.00147782,-0.0017387,0.000127891,-3.98334e-06,0.00028638,0,0,0,0,0,0,0,-1.64061,27.8015,-25.0659,6.35227,0.711687,2.48678,0.155832,-1.35371,2.5081,-2.85154,1.61137,0.166475,0.859075,0.117172
1722481,0.96,-2.75133,-1.32606,1.01108,-1.94614,1.10111,1.16773,2.20136,-2.75266,-1.32422,1.00895,-1.94565,1.10136,1.16858,2.20139,-0.0116776,0.00106027,0.00168736,-0.00122435,-0.000355549,-0.000240015,-0.000995875,0,0,0,0,0,0,0,-1.64061,27.8253,-25.0936,6.35227,0.723589,2.49319,0.187876,-1.34906,2.51113,-2.84804,1.60165,0.165182,0.858728,0.118086
1722482,0.96,-2.75135,-1.32605,1.01108,-1.94615,1.10111,1.16773,2.20136,-2.75266,-1.32422,1.00895,-1.94565,1.10136,1.16858,2.20139,-0.014492,0.00193194,0.00172112,-0.00207157,3.26591e-07,-0.00016001,0.000760237,0,0,0,0,0,0,0,-1.51366,27.7737,-25.1174,6.40384,0.71718,2.49319,0.149424,-1.34498,2.51733,-2.84821,1.59022,0.163753,0.858533,0.119048
1722483,0.96,-2.75136,-1.32605,1.01108,-1.94616,1.10111,1.16773,2.20136,-2.75266,-1.32422,1.00895,-1.94565,1.10136,1.16858,2.20139,-0.014934,0.00634146,0.00117696,-0.00318097,2.17728e-07,0.000130686,0.00149017,0,0,0,0,0,0,0,-1.46209,27.6983,-25.1174,6.47922,0.71718,2.48678,0.122873,-1.33644,2.52182,-2.85016,1.58063,0.162415,0.858394,0.120066
1722484,0.96,-2.75138,-1.32604,1.01108,-1.94616,1.10111,1.16773,2.20137,-2.75266,-1.32422,1.00895,-1.94565,1.10136,1.16858,2.20139,-0.0159408,0.0062744,0.000249993,-0.00270497,-0.000440664,0.000561842,0.00218024,0,0,0,0,0,0,0,-1.3629,27.623,-25.0936,6.50303,0.729082,2.47396,0.09083,-1.32033,2.51931,-2.85064,1.57539,0.161291,0.858147,0.121109
1722485,0.96,-2.75139,-1.32603,1.01109,-1.94616,1.10111,1.16773,2.20137,-2.75266,-1.32422,1.00895,-1.94565,1.10136,1.16858,2.20139,-0.0165494,0.00853596,0.000740096,-0.00238076,-0.000293776,0.000374561,2.93402e-05,0,0,0,0,0,0,0,-1.28753,27.5714,-25.1174,6.52683,0.729082,2.47396,0.129282,-1.298,2.50971,-2.84876,1.57378,0.16032,0.857739,0.122101
1722486,0.96,-2.75141,-1.32603,1.01108,-1.94617,1.10111,1.16773,2.20137,-2.75266,-1.32422,1.00895,-1.94565,1.10136,1.16858,2.20139,-0.0174973,0.00927008,-0.00181419,-0.00280908,-0.000602752,0.000249707,0.000256919,0,0,0,0,0,0,0,-1.18834,27.5714,-25.0182,6.5784,0.740068,2.47396,0.122873,-1.27096,2.49393,-2.84433,1.57483,0.15945,0.857143,0.122979
1722487,0.96,-2.75143,-1.32602,1.01109,-1.94618,1.10111,1.16773,2.20137,-2.75266,-1.32422,1.00895,-1.94565,1.10136,1.16858,2.20139,-0.0170974,0.00786129,0.00241456,-0.00603424,0.000208517,0.000403831,0.00112072,0,0,0,0,0,0,0,-1.13677,27.5238,-25.0421,6.62601,0.723589,2.46755,0.0972387,-1.24027,2.47435,-2.83912,1.57849,0.158727,0.856504,0.123731
1722488,0.96,-2.75145,-1.32602,1.01109,-1.94618,1.10111,1.16773,2.20137,-2.75266,-1.32422,1.00895,-1.94565,1.10136,1.16858,2.20139,-0.0179451,0.00510975,0.000665114,-0.00372774,-6.44392e-05,-0.000205498,0.00122186,0,0,0,0,0,0,0,-1.03362,27.5476,-24.9905,6.60221,0.729082,2.48037,0.0844213,-1.20873,2.4574,-2.83812,1.58329,0.158133,0.856144,0.12435
1722489,0.96,-2.75146,-1.32602,1.01109,-1.94618,1.10111,1.16773,2.20138,-2.75266,-1.32422,1.00895,-1.94565,1.10136,1.16858,2.20139,-0.0188185,0.00687761,0.000639785,-0.00323827,-4.29595e-05,0.000100361,0.00223873,0,0,0,0,0,0,0,-0.910633,27.5476,-24.9905,6.62601,0.729082,2.47396,0.0459692,-1.17924,2.44649,-2.84218,1.58665,0.157512,0.856056,0.124805
1722490,0.96,-2.75149,-1.32601,1.01109,-1.94619,1.10111,1.16773,2.20137,-2.75266,-1.32422,1.00895,-1.94565,1.10136,1.16858,2.20139,-0.0234015,0.00629361,-0.000539819,-0.00406931,-2.86396e-05,6.6907e-05,-0.000406386,0,0,0,0,0,0,0,-0.755909,27.496,-24.9429,6.70139,0.729082,2.47396,0.0972387,-1.14888,2.43835,-2.84835,1.5895,0.156907,0.855981,0.125059
1722491,0.96,-2.75151,-1.326,1.01109,-1.94619,1.10111,1.16773,2.20137,-2.75266,-1.32422,1.00895,-1.94565,1.10136,1.16858,2.20139,-0.0224554,0.00773158,0.000307393,-0.006106,-0.000222544,0.000281964,0.000678512,0,0,0,0,0,0,0,-0.656727,27.496,-24.9667,6.70139,0.734575,2.46755,0.071604,-1.11247,2.42905,-2.85505,1.59517,0.156543,0.855824,0.125101
1722492,0.96,-2.75153,-1.326,1.01109,-1.9462,1.10111,1.16773,2.20137,-2.75266,-1.32422,1.00895,-1.94565,1.10136,1.16858,2.20139,-0.0209804,0.0057001,0.000287775,-0.00803088,-0.000351813,0.000425335,0.000214982,0,0,0,0,0,0,0,-0.581349,27.496,-24.9667,6.72519,0.740068,2.46115,0.0780126,-1.07181,2.41915,-2.86255,1.60378,0.156423,0.855729,0.124951
1722493,0.96,-2.75155,-1.32599,1.01109,-1.94621,1.1011,1.16773,2.20138,-2.75266,-1.32422,1.00895,-1.94565,1.10136,1.16858,2.20139,-0.0195778,0.00727239,-0.000952442,-0.00966427,-0.000878802,-0.00042852,0.00109276,0,0,0,0,0,0,0,-0.529774,27.496,-24.9151,6.75296,0.757463,2.48037,0.0523779,-1.03241,2.41082,-2.87073,1.61324,0.1564,0.855834,0.124629
1722494,0.96,-2.75157,-1.32599,1.01109,-1.94622,1.10111,1.16773,2.20138,-2.75266,-1.32422,1.00895,-1.94565,1.10136,1.16858,2.20139,-0.0184563,0.00910682,6.12536e-05,-0.0107004,-0.000348509,0.000426397,0.000253787,0,0,0,0,0,0,0,-0.478199,27.4722,-24.9429,6.77677,0.751055,2.46115,0.0651953,-0.996699,2.40316,-2.87789,1.62258,0.156376,0.856114,0.124148
1722495,0.96,-2.75159,-1.32598,1.01109,-1.94623,1.1011,1.16773,2.20138,-2.75266,-1.32422,1.00895,-1.94565,1.10136,1.16858,2.20139,-0.0220816,0.0110044,0.000632598,-0.00899065,-0.000469698,0.000758982,0.00040655,0,0,0,0,0,0,0,-0.379017,27.4206,-24.9667,6.82438,0.757463,2.44833,0.0587866,-0.962468,2.39373,-2.88341,1.63227,0.156342,0.85647,0.123519
1722496,0.96,-2.75161,-1.32597,1.01109,-1.94624,1.10111,1.16773,2.20138,-2.75266,-1.32422,1.00895,-1.94565,1.10136,1.16858,2.20139,-0.018815,0.00810234,-0.000758481,-0.0109245,0.000331128,0.000505988,0.000271033,0,0,0,0,0,0,0,-0.402821,27.4206,-24.9151,6.87595,0.740068,2.44833,0.0587866,-0.928306,2.38307,-2.88804,1.64193,0.156286,0.85681,0.122754
1722497,0.96,-2.75163,-1.32596,1.01108,-1.94625,1.10111,1.16774,2.20138,-2.75266,-1.32422,1.00895,-1.94565,1.10136,1.16858,2.20139,-0.0203935,0.0108924,-0.000485994,-0.0122209,-0.000186149,0.0010494,-5.667e-05,0,0,0,0,0,0,0,-0.252064,27.3452,-24.9151,6.92752,0.751055,2.4291,0.0651953,-0.895891,2.37303,-2.89191,1.65069,0.156181,0.857121,0.121862
1722498,0.96,-2.75166,-1.32595,1.01108,-1.94626,1.10111,1.16774,2.20138,-2.75266,-1.32422,1.00895,-1.94565,1.10136,1.16858,2.20139,-0.021961,0.00739849,-0.000866063,-0.0145277,-0.000124099,0.000224884,0.000674297,0,0,0,0,0,0,0,-0.22826,27.369,-24.8913,6.89975,0.751055,2.44192,0.0459692,-0.863032,2.36336,-2.89548,1.66025,0.156175,0.857401,0.120865
1722499,0.96,-2.75168,-1.32595,1.01108,-1.94626,1.10111,1.16773,2.20137,-2.75266,-1.32422,1.00895,-1.94565,1.10136,1.16858,2.20139,-0.0236305,0.00782505,-0.000566317,-0.00901819,-8.2733e-05,-0.000324795,-0.000974622,0,0,0,0,0,0,0,-0.176685,27.3968,-24.8913,6.82438,0.751055,2.45474,0.0844213,-0.82796,2.35554,-2.90038,1.6705,0.156286,0.857615,0.119778
1722500,0.96,-2.7517,-1.32593,1.01108,-1.94627,1.1011,1.16773,2.20138,-2.75266,-1.32422,1.00895,-1.94565,1.10136,1.16858,2.20139,-0.0258713,0.0101242,-0.00101886,-0.00988018,-0.000292514,-0.00021653,0.000299687,0,0,0,0,0,0,0,-0.0775034,27.3452,-24.8635,6.82438,0.757463,2.45474,0.0587866,-0.791059,2.34978,-2.90646,1.67942,0.15634,0.857637,0.118619
1722501,0.96,-2.75173,-1.32593,1.01108,-1.94629,1.10111,1.16773,2.20137,-2.75266,-1.32422,1.00895,-1.94565,1.10136,1.16858,2.20139,-0.0268608,0.00748593,-0.00122983,-0.0134752,0.0002458,-0.000144354,-0.000987003,0,0,0,0,0,0,0,-0.00212494,27.3452,-24.8397,6.95133,0.745561,2.45474,0.09083,-0.749648,2.34327,-2.91251,1.68883,0.156454,0.857427,0.117427
1722502,0.96,-2.75175,-1.32591,1.01108,-1.94629,1.1011,1.16774,2.20137,-2.75266,-1.32422,1.00895,-1.94565,1.10136,1.16858,2.20139,-0.0264446,0.00989628,-0.000258412,-0.0123793,0.000163867,0.000378482,5.40748e-05,0,0,0,0,0,0,0,0.0256461,27.2937,-24.8635,6.92752,0.745561,2.44192,0.071604,-0.703156,2.33575,-2.91893,1.70042,0.156772,0.857136,0.116235
1722503,0.96,-2.75178,-1.3259,1.01108,-1.94631,1.10111,1.16774,2.20137,-2.75266,-1.32422,1.00895,-1.94565,1.10136,1.16858,2.20139,-0.028175,0.0156505,-0.000725588,-0.0139895,0.000312695,0.000252321,-0.000676027,0,0,0,0,0,0,0,0.124828,27.1945,-24.8397,6.99894,0.740068,2.44192,0.09083,-0.652004,2.32434,-2.92413,1.71467,0.157236,0.856763,0.115079
1722504,0.96,-2.75179,-1.32589,1.01108,-1.94632,1.1011,1.16774,2.20137,-2.75266,-1.32422,1.00895,-1.94565,1.10136,1.16858,2.20139,-0.0266928,0.0120954,-0.000481101,-0.0144676,5.01278e-06,0.000642932,-0.0021122,0,0,0,0,0,0,0,0.124828,27.1667,-24.8397,7.05051,0.745561,2.4291,0.135691,-0.596525,2.30639,-2.92621,1.73186,0.157792,0.85625,0.113986
1722505,0.96,-2.75182,-1.32587,1.01108,-1.94633,1.1011,1.16774,2.20137,-2.75266,-1.32422,1.00895,-1.94565,1.10136,1.16858,2.20139,-0.0261757,0.0111427,0.00144447,-0.0148918,-0.000437468,0.00117461,-0.000933414,0,0,0,0,0,0,0,0.148632,27.0675,-24.9151,7.09812,0.757463,2.40896,0.122873,-0.542156,2.2882,-2.92837,1.74897,0.158286,0.855803,0.112978
1722506,0.96,-2.75184,-1.32586,1.01108,-1.94634,1.10111,1.16774,2.20137,-2.75266,-1.32422,1.00895,-1.94565,1.10136,1.16858,2.20139,-0.0273347,0.00799775,-0.00079878,-0.0115679,0.000149164,0.000274445,-0.000859635,0,0,0,0,0,0,0,0.227978,27.0675,-24.8397,7.12589,0.745561,2.42269,0.129282,-0.494623,2.27702,-2.934,1.76184,0.158506,0.855544,0.112088
1722507,0.96,-2.75187,-1.32585,1.01108,-1.94636,1.10111,1.16774,2.20137,-2.75266,-1.32422,1.00895,-1.94565,1.10136,1.16858,2.20139,-0.0286244,0.00696523,2.53988e-05,-0.0121732,9.94429e-05,-5.43957e-05,-9.83719e-05,0,0,0,0,0,0,0,0.32716,27.016,-24.8635,7.14969,0.745561,2.4291,0.116465,-0.454905,2.27475,-2.94312,1.76878,0.158367,0.855339,0.11134
1722508,0.96,-2.75189,-1.32584,1.01108,-1.94636,1.10111,1.16774,2.20137,-2.75266,-1.32422,1.00895,-1.94565,1.10136,1.16858,2.20139,-0.0253028,0.00916303,-0.000539049,-0.00772963,-0.000137155,-0.000510982,-0.00030294,0,0,0,0,0,0,0,0.378734,26.9644,-24.8397,7.09812,0.751055,2.44192,0.122873,-0.42368,2.28007,-2.95428,1.7691,0.15778,0.855095,0.110736
1722509,0.96,-2.75192,-1.32582,1.01108,-1.94638,1.10111,1.16774,2.20137,-2.75266,-1.32422,1.00895,-1.94565,1.10136,1.16858,2.20139,-0.0251716,0.010849,0.000847683,-0.0106997,0.000112014,0.000134063,-0.000676678,0,0,0,0,0,0,0,0.402538,26.9168,-24.8913,7.1735,0.745561,2.4291,0.135691,-0.402071,2.28942,-2.96523,1.76291,0.156645,0.85481,0.110272
1722510,0.96,-2.75194,-1.32581,1.01108,-1.94639,1.10111,1.16774,2.20137,-2.75266,-1.32422,1.00895,-1.94565,1.10136,1.16858,2.20139,-0.0260755,0.0096245,-8.40252e-05,-0.0110292,-0.000128775,-0.000385342,0.000260958,0,0,0,0,0,0,0,0.454113,26.8414,-24.8635,7.1735,0.751055,2.44192,0.116465,-0.386094,2.29896,-2.97509,1.75376,0.155199,0.854532,0.109948
1722511,0.96,-2.75196,-1.32579,1.01108,-1.94641,1.1011,1.16774,2.20137,-2.75266,-1.32422,1.00895,-1.94565,1.10136,1.16858,2.20139,-0.0252602,0.0142203,0.000593947,-0.0136195,-0.000526659,-0.000494254,-6.33868e-05,0,0,0,0,0,0,0,0.454113,26.7898,-24.8913,7.27268,0.762956,2.44833,0.122873,-0.369619,2.30485,-2.98325,1.74628,0.153797,0.854268,0.109765
1722512,0.96,-2.75199,-1.32578,1.01108,-1.94642,1.1011,1.16774,2.20137,-2.75266,-1.32422,1.00895,-1.94565,1.10136,1.16858,2.20139,-0.023769,0.0158991,-0.000810198,-0.0136698,-0.000554557,-9.21436e-05,0.00043246,0,0,0,0,0,0,0,0.529491,26.6867,-24.8397,7.29648,0.76845,2.44192,0.110056,-0.350134,2.30281,-2.98729,1.74285,0.152572,0.853948,0.109709
1722513,0.96,-2.75201,-1.32577,1.01108,-1.94643,1.1011,1.16774,2.20137,-2.75266,-1.32422,1.00895,-1.94565,1.10136,1.16858,2.20139,-0.0274738,0.0151826,0.000666491,-0.0137209,3.71966e-05,-6.14291e-05,0.000525666,0,0,0,0,0,0,0,0.553295,26.6629,-24.8913,7.32425,0.757463,2.44192,0.103647,-0.326524,2.29217,-2.98699,1.74384,0.151566,0.85353,0.109752
1722514,0.96,-2.75203,-1.32575,1.01108,-1.94645,1.1011,1.16774,2.20137,-2.75266,-1.32422,1.00895,-1.94565,1.10136,1.16858,2.20139,-0.0239374,0.0165519,-0.000761951,-0.0154515,2.47977e-05,-0.000278312,0.00129988,0,0,0,0,0,0,0,0.581066,26.5637,-24.8397,7.42344,0.757463,2.44833,0.0780126,-0.298441,2.27563,-2.98442,1.74876,0.150801,0.853057,0.109855
1722515,0.96,-2.75206,-1.32573,1.01108,-1.94646,1.1011,1.16774,2.20138,-2.75266,-1.32422,1.00895,-1.94565,1.10136,1.16858,2.20139,-0.0249959,0.014418,0.00125538,-0.0156623,-0.00059382,-0.0004229,0.000866586,0,0,0,0,0,0,0,0.628673,26.4605,-24.9151,7.47104,0.773943,2.45474,0.0780126,-0.268843,2.25681,-2.98152,1.75598,0.150202,0.852669,0.109965
1722516,0.96,-2.75208,-1.32571,1.01108,-1.94647,1.1011,1.16774,2.20138,-2.75266,-1.32422,1.00895,-1.94565,1.10136,1.16858,2.20139,-0.0260474,0.0152787,0.000837004,-0.0108776,-0.00039588,0.000192785,0.000577724,0,0,0,0,0,0,0,0.680248,26.3852,-24.9151,7.44724,0.773943,2.44192,0.0780126,-0.240538,2.23973,-2.98061,1.76281,0.149604,0.852435,0.110024
1722517,0.96,-2.75211,-1.3257,1.01108,-1.94649,1.1011,1.16774,2.20138,-2.75266,-1.32422,1.00895,-1.94565,1.10136,1.16858,2.20139,-0.0235508,0.0141668,-0.00698179,-0.0108733,-6.04694e-05,-0.000108836,-0.000564286,0,0,0,0,0,0,0,0.731823,26.3852,-24.8635,7.57022,0.76845,2.44833,0.103647,-0.216466,2.22464,-2.9786,1.76605,0.148778,0.852039,0.109983
1722518,0.96,-2.75213,-1.32569,1.01108,-1.9465,1.1011,1.16774,2.20137,-2.75266,-1.32422,1.00895,-1.94565,1.10136,1.16858,2.20139,-0.0245409,0.0153704,-0.00453265,-0.00780737,-0.000243763,-7.25573e-05,0.000335886,0,0,0,0,0,0,0,0.77943,26.3098,-24.8913,7.57022,0.773943,2.44833,0.0844213,-0.199642,2.20956,-2.97016,1.76379,0.147574,0.851153,0.109828
1722519,0.96,-2.75216,-1.32567,1.01108,-1.94652,1.1011,1.16774,2.20138,-2.75266,-1.32422,1.00895,-1.94565,1.10136,1.16858,2.20139,-0.0260945,0.0154335,-0.00341757,-0.00794385,-0.000162509,-0.00028573,0.00117336,0,0,0,0,0,0,0,0.858776,26.2582,-24.8913,7.66941,0.773943,2.45474,0.0587866,-0.187327,2.19448,-2.9581,1.75763,0.146092,0.849938,0.109588
1722520,0.96,-2.75219,-1.32565,1.01108,-1.94653,1.1011,1.16774,2.20137,-2.75266,-1.32422,1.00895,-1.94565,1.10136,1.16858,2.20139,-0.0270842,0.0155818,-0.00378166,-0.00876932,-0.00051524,4.6872e-05,-0.000641914,0,0,0,0,0,0,0,0.934154,26.2066,-24.8397,7.66941,0.784929,2.44833,0.0972387,-0.173568,2.17923,-2.94716,1.75144,0.144612,0.848684,0.109279
1722521,0.96,-2.75221,-1.32564,1.01108,-1.94655,1.1011,1.16774,2.20138,-2.75266,-1.32422,1.00895,-1.94565,1.10136,1.16858,2.20139,-0.0249928,0.0144618,-0.00218694,-0.010796,-0.000140043,3.1248e-05,0.00123357,0,0,0,0,0,0,0,1.00953,26.2066,-24.8635,7.72098,0.779436,2.44833,0.0523779,-0.156266,2.16403,-2.9393,1.74778,0.143349,0.847602,0.108901
1722522,0.96,-2.75224,-1.32563,1.01108,-1.94657,1.1011,1.16774,2.20138,-2.75266,-1.32422,1.00895,-1.94565,1.10136,1.16858,2.20139,-0.0268813,0.0150369,-0.000975324,-0.0126987,-0.000296813,-0.000691245,-0.000364415,0,0,0,0,0,0,0,1.10871,26.159,-24.8913,7.79636,0.784929,2.46755,0.0844213,-0.135441,2.15002,-2.93648,1.74791,0.142416,0.846926,0.108463
1722523,0.96,-2.75226,-1.32562,1.01108,-1.94658,1.1011,1.16774,2.20138,-2.75266,-1.32422,1.00895,-1.94565,1.10136,1.16858,2.20139,-0.0259959,0.0140818,-0.00142506,-0.0123675,-0.000435234,1.3888e-05,0.0019272,0,0,0,0,0,0,0,1.10871,26.159,-24.8635,7.79636,0.791338,2.45474,0.0258276,-0.110155,2.13702,-2.93912,1.75269,0.141878,0.846711,0.107968
1722524,0.96,-2.75229,-1.3256,1.01108,-1.9466,1.1011,1.16774,2.20138,-2.75266,-1.32422,1.00895,-1.94565,1.10136,1.16858,2.20139,-0.027006,0.0135801,-0.00215759,-0.0145337,0.000150653,9.25866e-06,0.00104744,0,0,0,0,0,0,0,1.18409,26.159,-24.8159,7.89554,0.779436,2.45474,0.0322363,-0.0808763,2.12453,-2.94538,1.76156,0.141699,0.84682,0.107397
1722525,0.96,-2.75232,-1.32559,1.01108,-1.94661,1.1011,1.16774,2.20138,-2.75266,-1.32422,1.00895,-1.94565,1.10136,1.16858,2.20139,-0.0274446,0.00952298,-0.000952028,-0.0175711,-0.000340374,0.000243531,0.000698292,0,0,0,0,0,0,0,1.23567,26.1828,-24.8397,7.91935,0.791338,2.44833,0.0322363,-0.0477202,2.11347,-2.95496,1.77455,0.141921,0.847221,0.106714
1722526,0.96,-2.75234,-1.32557,1.01108,-1.94663,1.1011,1.16774,2.20138,-2.75266,-1.32422,1.00895,-1.94565,1.10136,1.16858,2.20139,-0.0262962,0.0128283,-0.00124433,-0.0172649,-0.00104072,0.000637072,0.000228169,0,0,0,0,0,0,0,1.23567,26.0797,-24.8159,7.97092,0.81331,2.43551,0.038645,-0.0110046,2.10453,-2.96816,1.79166,0.142551,0.84794,0.10589
1722527,0.96,-2.75238,-1.32556,1.01108,-1.94665,1.1011,1.16774,2.20138,-2.75266,-1.32422,1.00895,-1.94565,1.10136,1.16858,2.20139,-0.0287829,0.0136428,-0.000869179,-0.0163835,-0.000490361,-5.00031e-05,-0.000119155,0,0,0,0,0,0,0,1.36262,26.0321,-24.8159,7.99472,0.807817,2.44833,0.0459692,0.0288545,2.09466,-2.98238,1.81206,0.143445,0.848786,0.104932
1722528,0.96,-2.7524,-1.32555,1.01107,-1.94666,1.1011,1.16774,2.20139,-2.75266,-1.32422,1.00895,-1.94565,1.10136,1.16858,2.20139,-0.0284311,0.0125959,-0.00125879,-0.0146657,-0.000530358,-0.000270694,0.00137863,0,0,0,0,0,0,0,1.41023,26.0559,-24.7881,7.97092,0.81331,2.45474,0.00660151,0.0716531,2.08195,-2.99559,1.83429,0.144451,0.849541,0.103864
1722529,0.96,-2.75243,-1.32554,1.01107,-1.94668,1.1011,1.16774,2.20138,-2.75266,-1.32422,1.00895,-1.94565,1.10136,1.16858,2.20139,-0.0283771,0.0124004,-0.00141829,-0.015584,5.33289e-05,-0.000655181,0.000207007,0,0,0,0,0,0,0,1.4618,26.0559,-24.7643,8.04233,0.802324,2.46755,0.0258276,0.114813,2.06832,-3.0078,1.85606,0.145423,0.850169,0.102689
1722530,0.96,-2.75246,-1.32553,1.01106,-1.94669,1.10109,1.16774,2.20139,-2.75266,-1.32422,1.00895,-1.94565,1.10136,1.16858,2.20139,-0.025435,0.0124968,-0.0033751,-0.0142085,-0.000167898,-0.000199428,0.000850081,0,0,0,0,0,0,0,1.51338,26.0559,-24.6612,8.01853,0.807817,2.46115,0.00660151,0.15427,2.05513,-3.01787,1.87526,0.146212,0.850677,0.101395
1722531,0.96,-2.75248,-1.32551,1.01106,-1.94671,1.10109,1.16774,2.20138,-2.75266,-1.32422,1.00895,-1.94565,1.10136,1.16858,2.20139,-0.0266146,0.0124454,-0.00161299,-0.0148186,-0.000552741,0.000104407,-0.000382715,0,0,0,0,0,0,0,1.58876,26.0559,-24.689,8.0701,0.819719,2.45474,0.0322363,0.187568,2.04287,-3.02498,1.89076,0.146723,0.851085,0.0999784
1722532,0.96,-2.75251,-1.3255,1.01106,-1.94673,1.10109,1.16774,2.20138,-2.75266,-1.32422,1.00895,-1.94565,1.10136,1.16858,2.20139,-0.025888,0.0136815,-0.00108473,-0.0152181,-0.000571945,0.000306963,-1.77843e-05,0,0,0,0,0,0,0,1.58876,26.0043,-24.689,8.11771,0.825212,2.44833,0.0258276,0.216962,2.03124,-3.03061,1.90398,0.147061,0.851493,0.0984577
1722533,0.96,-2.75253,-1.32548,1.01106,-1.94675,1.10109,1.16774,2.20139,-2.75266,-1.32422,1.00895,-1.94565,1.10136,1.16858,2.20139,-0.0262517,0.0112521,-0.00249344,-0.0165811,-0.000584747,-3.27166e-05,0.00093758,0,0,0,0,0,0,0,1.61256,25.9567,-24.6136,8.21689,0.830705,2.45474,0.000192821,0.245355,2.01971,-3.03571,1.91694,0.147398,0.851955,0.096866
1722534,0.96,-2.75256,-1.32547,1.01106,-1.94676,1.10109,1.16774,2.20139,-2.75266,-1.32422,1.00895,-1.94565,1.10136,1.16858,2.20139,-0.0272861,0.0115511,-0.00111077,-0.0152474,-0.000593282,-2.18111e-05,0.000150335,0,0,0,0,0,0,0,1.66413,25.9567,-24.6374,8.21689,0.836199,2.45474,0.0130102,0.273856,2.00889,-3.04066,1.93023,0.147826,0.852449,0.0952177
1722535,0.96,-2.75259,-1.32546,1.01105,-1.94678,1.10109,1.16774,2.20139,-2.75266,-1.32422,1.00895,-1.94565,1.10136,1.16858,2.20139,-0.0282503,0.0128942,-0.00390498,-0.0181899,-0.00103978,-0.0002519,0.000337582,0,0,0,0,0,0,0,1.73951,25.9051,-24.6374,8.24466,0.853594,2.46115,0.00660151,0.305207,1.99699,-3.04468,1.94541,0.148461,0.852887,0.0935145
1722536,0.96,-2.75262,-1.32544,1.01105,-1.94679,1.10109,1.16774,2.20139,-2.75266,-1.32422,1.00895,-1.94565,1.10136,1.16858,2.20139,-0.0280049,0.0159559,-0.00342648,-0.0190164,-4.89275e-05,0.000544144,-1.2304e-05,0,0,0,0,0,0,0,1.79109,25.9051,-24.6136,8.21689,0.836199,2.44192,0.0130102,0.342931,1.97875,-3.04455,1.96529,0.149466,0.853114,0.091771
1722537,0.96,-2.75264,-1.32543,1.01106,-1.94681,1.10109,1.16774,2.20139,-2.75266,-1.32422,1.00895,-1.94565,1.10136,1.16858,2.20139,-0.0275039,0.0150224,-0.00137046,-0.0189851,0.000374283,-0.000111955,0.000703874,0,0,0,0,0,0,0,1.81489,25.9051,-24.6612,8.29227,0.825212,2.45474,-0.00621587,0.38669,1.95332,-3.04046,1.99,0.150813,0.853186,0.0900042
1722538,0.96,-2.75267,-1.32542,1.01105,-1.94683,1.10109,1.16774,2.20139,-2.75266,-1.32422,1.00895,-1.94565,1.10136,1.16858,2.20139,-0.0286052,0.0137753,-0.00217709,-0.0166453,-0.00056428,0.000400081,-0.000480186,0,0,0,0,0,0,0,1.89027,25.9289,-24.6136,8.26847,0.847185,2.44192,0.0194189,0.432464,1.92606,-3.0362,2.01616,0.152269,0.85328,0.0882112
1722539,0.96,-2.75269,-1.32541,1.01105,-1.94685,1.10109,1.16774,2.20139,-2.75266,-1.32422,1.00895,-1.94565,1.10136,1.16858,2.20139,-0.0277397,0.0103251,-0.0034198,-0.0166358,-0.000613546,0.000266721,0.000154594,0,0,0,0,0,0,0,1.89027,25.9289,-24.5342,8.31607,0.853594,2.44192,0.00660151,0.475908,1.90251,-3.03354,2.03998,0.153626,0.853396,0.086378
1722540,0.96,-2.75272,-1.3254,1.01105,-1.94686,1.10109,1.16774,2.20139,-2.75266,-1.32422,1.00895,-1.94565,1.10136,1.16858,2.20139,-0.0250696,0.0114731,-0.00115771,-0.0190462,3.17789e-05,-0.000296904,-0.000371655,0,0,0,0,0,0,0,1.94184,25.9051,-24.5858,8.34385,0.841692,2.45474,0.0194189,0.51353,1.88569,-3.03312,2.05974,0.154804,0.853612,0.0845123
1722541,0.96,-2.75274,-1.32538,1.01104,-1.94688,1.10109,1.16774,2.20139,-2.75266,-1.32422,1.00895,-1.94565,1.10136,1.16858,2.20139,-0.0210323,0.012925,-0.00204144,-0.0215822,-0.00102998,0.000276782,0.000226948,0,0,0,0,0,0,0,1.91804,25.8535,-24.5342,8.39145,0.870073,2.44192,0.00660151,0.543359,1.87453,-3.03466,2.07628,0.15582,0.854118,0.0826428
1722542,0.96,-2.75277,-1.32537,1.01104,-1.9469,1.10109,1.16774,2.20139,-2.75266,-1.32422,1.00895,-1.94565,1.10136,1.16858,2.20139,-0.0225873,0.0132964,-0.00140837,-0.0216233,-0.0004832,-5.28377e-05,0.000388657,0,0,0,0,0,0,0,1.96565,25.8297,-24.5342,8.36765,0.86458,2.44833,0.000192821,0.566572,1.86533,-3.03613,2.09141,0.15675,0.854893,0.0807925
1722543,0.96,-2.75279,-1.32536,1.01104,-1.94692,1.10109,1.16774,2.20139,-2.75266,-1.32422,1.00895,-1.94565,1.10136,1.16858,2.20139,-0.0198203,0.012951,-0.00350408,-0.0198544,-0.000322133,-0.000272584,-0.000690331,0,0,0,0,0,0,0,1.96565,25.8297,-24.562,8.39145,0.86458,2.45474,0.0258276,0.58507,1.85626,-3.03589,2.10532,0.157605,0.855739,0.0789621
1722544,0.96,-2.75281,-1.32534,1.01104,-1.94693,1.10108,1.16774,2.20139,-2.75266,-1.32422,1.00895,-1.94565,1.10136,1.16858,2.20139,-0.0222952,0.0113863,-0.00207084,-0.0184895,0.000192146,0.000292995,0.00120129,0,0,0,0,0,0,0,2.01722,25.7544,-24.5858,8.41526,0.853594,2.44192,-0.0190333,0.598976,1.84845,-3.03396,2.11633,0.158286,0.856502,0.0771452
1722545,0.96,-2.75284,-1.32533,1.01104,-1.94695,1.10108,1.16774,2.20139,-2.75266,-1.32422,1.00895,-1.94565,1.10136,1.16858,2.20139,-0.0202282,0.00953909,-0.00215607,-0.01757,-0.000482254,-4.20288e-05,8.87845e-05,0,0,0,0,0,0,0,2.04103,25.7028,-24.562,8.44303,0.870073,2.44833,0.000192821,0.608872,1.84455,-3.03275,2.12352,0.158763,0.857202,0.0753369
1722546,0.96,-2.75286,-1.32532,1.01104,-1.94697,1.10108,1.16774,2.20139,-2.75266,-1.32422,1.00895,-1.94565,1.10136,1.16858,2.20139,-0.0182611,0.0057093,-0.00225102,-0.0173247,-0.00116921,0.00020934,0.000771266,0,0,0,0,0,0,0,2.04103,25.7544,-24.5342,8.49063,0.892961,2.44192,-0.0190333,0.612757,1.84819,-3.0347,2.12557,0.158991,0.857968,0.0735122
1722547,0.96,-2.75288,-1.3253,1.01104,-1.94698,1.10108,1.16774,2.20139,-2.75266,-1.32422,1.00895,-1.94565,1.10136,1.16858,2.20139,-0.0190216,0.00969296,-0.00218051,-0.0164689,-0.000779476,0.00013956,-0.000909976,0,0,0,0,0,0,0,2.01722,25.6512,-24.5104,8.51841,0.892961,2.44192,0.0194189,0.610132,1.85879,-3.0393,2.12267,0.158985,0.858809,0.0716554
1722548,0.96,-2.7529,-1.3253,1.01104,-1.947,1.10108,1.16774,2.20139,-2.75266,-1.32422,1.00895,-1.94565,1.10136,1.16858,2.20139,-0.0205785,0.00886069,-0.00154594,-0.0153469,-0.000926551,-0.000144319,-0.000606651,0,0,0,0,0,0,0,2.01722,25.7028,-24.5104,8.51841,0.903948,2.44833,0.0194189,0.607117,1.87005,-3.04425,2.11851,0.158952,0.859565,0.0697892
1722549,0.96,-2.75292,-1.32528,1.01103,-1.94702,1.10108,1.16774,2.20139,-2.75266,-1.32422,1.00895,-1.94565,1.10136,1.16858,2.20139,-0.0229513,0.0104437,-0.0043916,-0.0151127,-0.00468406,-0.000570931,0.000545002,0,0,0,0,0,0,0,2.0688,25.679,-24.5104,8.54221,0.887468,2.46115,-0.00621587,0.61049,1.87636,-3.0472,2.11695,0.15917,0.860028,0.0679552
1722550,0.96,-2.75295,-1.32527,1.01103,-1.94703,1.10108,1.16774,2.20139,-2.75266,-1.32422,1.00895,-1.94565,1.10136,1.16858,2.20139,-0.0239322,0.00774669,-0.00446037,-0.0149206,-0.00391933,9.40975e-05,-0.000348742,0,0,0,0,0,0,0,2.0926,25.679,-24.4589,8.56601,0.898454,2.44833,0.0130102,0.623651,1.87559,-3.04644,2.12007,0.159849,0.860055,0.0661741
1722551,0.96,-2.75296,-1.32526,1.01103,-1.94705,1.10107,1.16774,2.20139,-2.75266,-1.32422,1.00895,-1.94565,1.10136,1.16858,2.20139,-0.0239893,0.00519582,-0.00201182,-0.0141158,-0.00290518,6.27317e-05,4.86417e-06,0,0,0,0,0,0,0,2.0926,25.7028,-24.5104,8.56601,0.898454,2.44833,0.00660151,0.644608,1.87188,-3.04489,2.12681,0.160938,0.859841,0.0644384
1722552,0.96,-2.75298,-1.32525,1.01103,-1.94707,1.10107,1.16774,2.20139,-2.75266,-1.32422,1.00895,-1.94565,1.10136,1.16858,2.20139,-0.0236903,0.00390501,-0.00208152,-0.0148371,-0.00215601,-0.000670256,-0.000471475,0,0,0,0,0,0,0,2.0688,25.7028,-24.4866,8.61759,0.898454,2.46755,0.0194189,0.668857,1.87128,-3.04734,2.13475,0.162256,0.859751,0.0627468
1722553,0.96,-2.753,-1.32523,1.01103,-1.94708,1.10107,1.16774,2.20139,-2.75266,-1.32422,1.00895,-1.94565,1.10136,1.16858,2.20139,-0.0246381,0.00772896,-0.0015253,-0.0129315,-0.0013983,-0.000209478,-0.000314317,0,0,0,0,0,0,0,2.0926,25.6274,-24.4866,8.56601,0.892961,2.46115,0.0194189,0.69512,1.87271,-3.05322,2.14369,0.163706,0.859836,0.0611154
1722554,0.96,-2.75301,-1.32522,1.01103,-1.94709,1.10107,1.16774,2.2014,-2.75266,-1.32422,1.00895,-1.94565,1.10136,1.16858,2.20139,-0.0216211,0.00870523,-0.00056327,-0.0141818,-0.00146242,0.000572425,2.78145e-05,0,0,0,0,0,0,0,1.96565,25.6274,-24.5104,8.61759,0.903948,2.44192,0.0130102,0.723207,1.87142,-3.05916,2.15416,0.165203,0.85999,0.0595664
1722555,0.96,-2.75304,-1.32521,1.01103,-1.94711,1.10107,1.16774,2.2014,-2.75266,-1.32422,1.00895,-1.94565,1.10136,1.16858,2.20139,-0.0242767,0.00956802,-0.00359737,-0.0142315,-0.00171169,-9.31014e-05,0.00120534,0,0,0,0,0,0,0,2.04103,25.6274,-24.5104,8.64139,0.921343,2.45474,-0.0190333,0.752719,1.86442,-3.06227,2.16673,0.166744,0.860102,0.058108
1722556,0.96,-2.75306,-1.3252,1.01103,-1.94713,1.10107,1.16774,2.2014,-2.75266,-1.32422,1.00895,-1.94565,1.10136,1.16858,2.20139,-0.021183,0.00711232,-0.00271834,-0.0137273,-0.00121049,-6.20676e-05,0.00175299,0,0,0,0,0,0,0,2.04103,25.6274,-24.5104,8.64139,0.921343,2.45474,-0.044668,0.782725,1.85223,-3.06123,2.18106,0.168362,0.860072,0.0567128
1722557,0.96,-2.75307,-1.32519,1.01103,-1.94714,1.10107,1.16774,2.2014,-2.75266,-1.32422,1.00895,-1.94565,1.10136,1.16858,2.20139,-0.0192574,0.00959425,-0.00260911,-0.0174733,-0.000655563,0.000195981,-0.00049285,0,0,0,0,0,0,0,2.0688,25.5758,-24.4866,8.689,0.915849,2.44833,0.000192821,0.809844,1.83803,-3.05744,2.19572,0.170003,0.860038,0.0553227
1722558,0.96,-2.75309,-1.32518,1.01102,-1.94716,1.10107,1.16774,2.2014,-2.75266,-1.32422,1.00895,-1.94565,1.10136,1.16858,2.20139,-0.0211596,0.0096755,-0.00191946,-0.0196856,-0.000476059,-0.000344064,-9.12076e-05,0,0,0,0,0,0,0,2.0926,25.5996,-24.4866,8.71677,0.915849,2.46115,-0.00621587,0.835709,1.8212,-3.05218,2.21279,0.171821,0.860168,0.0539068
1722559,0.96,-2.75311,-1.32517,1.01103,-1.94717,1.10107,1.16774,2.2014,-2.75266,-1.32422,1.00895,-1.94565,1.10136,1.16858,2.20139,-0.0215056,0.00912231,-0.000857869,-0.0166902,0.000297625,0.000245342,0.000413913,0,0,0,0,0,0,0,2.0688,25.6512,-24.5104,8.6652,0.898454,2.44833,-0.0190333,0.864659,1.80105,-3.04689,2.23414,0.173955,0.860455,0.0524775
1722560,0.96,-2.75312,-1.32516,1.01103,-1.94719,1.10107,1.16774,2.2014,-2.75266,-1.32422,1.00895,-1.94565,1.10136,1.16858,2.20139,-0.0229601,0.0100989,-0.000673193,-0.0192425,0.00017647,-7.37978e-05,0.000513301,0,0,0,0,0,0,0,2.0926,25.6512,-24.5104,8.689,0.898454,2.45474,-0.0254419,0.897551,1.77931,-3.04316,2.2586,0.17632,0.860846,0.0510445
1722561,0.96,-2.75314,-1.32515,1.01102,-1.9472,1.10107,1.16774,2.2014,-2.75266,-1.32422,1.00895,-1.94565,1.10136,1.16858,2.20139,-0.020463,0.0107681,-0.00108157,-0.0181983,-0.000102264,-0.000523916,-0.000369876,0,0,0,0,0,0,0,2.0926,25.6512,-24.4866,8.71677,0.903948,2.46755,-0.00621587,0.933566,1.75595,-3.04024,2.28536,0.178829,0.86128,0.0496015
1722562,0.96,-2.75315,-1.32514,1.01102,-1.94721,1.10107,1.16774,2.2014,-2.75266,-1.32422,1.00895,-1.94565,1.10136,1.16858,2.20139,-0.0183412,0.0118326,-0.000778015,-0.0172712,0.00052983,-0.000111919,-0.000246584,0,0,0,0,0,0,0,2.0926,25.6274,-24.4866,8.74057,0.887468,2.46115,-0.00621587,0.967643,1.73192,-3.03653,2.31153,0.181227,0.861729,0.048141
1722563,0.96,-2.75316,-1.32513,1.01102,-1.94723,1.10107,1.16774,2.2014,-2.75266,-1.32422,1.00895,-1.94565,1.10136,1.16858,2.20139,-0.0164648,0.0114279,-0.00176783,-0.0166964,-6.29396e-05,0.000162747,0.000785046,0,0,0,0,0,0,0,2.0688,25.6512,-24.4351,8.76438,0.898454,2.45474,-0.0318506,0.994018,1.70938,-3.03112,2.33351,0.183221,0.862176,0.0466677
1722564,0.96,-2.75318,-1.32511,1.01102,-1.94724,1.10107,1.16774,2.2014,-2.75266,-1.32422,1.00895,-1.94565,1.10136,1.16858,2.20139,-0.0159536,0.0128461,0.000552639,-0.0191827,-0.000252354,0.000345857,-0.000426072,0,0,0,0,0,0,0,2.0926,25.5996,-24.5104,8.78818,0.903948,2.44833,-0.00621587,1.01256,1.68897,-3.02451,2.35147,0.184828,0.862664,0.0451889
1722565,0.96,-2.75319,-1.3251,1.01102,-1.94725,1.10107,1.16774,2.2014,-2.75266,-1.32422,1.00895,-1.94565,1.10136,1.16858,2.20139,-0.0141409,0.0118541,-0.000212421,-0.0150687,-0.000173444,-6.78787e-06,0.000428029,0,0,0,0,0,0,0,2.0688,25.6274,-24.4866,8.689,0.903948,2.45474,-0.0254419,1.02477,1.67124,-3.01826,2.36625,0.186123,0.863262,0.0437046
1722566,0.96,-2.7532,-1.3251,1.01102,-1.94727,1.10107,1.16774,2.2014,-2.75266,-1.32422,1.00895,-1.94565,1.10136,1.16858,2.20139,-0.0168629,0.0119274,-0.00333887,-0.0163415,-0.000560345,-4.52525e-06,0.000522712,0,0,0,0,0,0,0,2.0688,25.6274,-24.4866,8.76438,0.915849,2.45474,-0.0318506,1.03196,1.65595,-3.01138,2.37763,0.187128,0.863792,0.0422125
1722567,0.96,-2.75321,-1.32508,1.01102,-1.94728,1.10107,1.16774,2.2014,-2.75266,-1.32422,1.00895,-1.94565,1.10136,1.16858,2.20139,-0.0148296,0.0127684,-0.00250437,-0.0141108,-0.000376493,-3.01683e-06,-0.00083832,0,0,0,0,0,0,0,2.04103,25.5996,-24.4866,8.71677,0.915849,2.45474,0.000192821,1.03737,1.64072,-3.00153,2.38689,0.187972,0.864012,0.0407077
1722568,0.96,-2.75322,-1.32508,1.01102,-1.94729,1.10107,1.16774,2.2014,-2.75266,-1.32422,1.00895,-1.94565,1.10136,1.16858,2.20139,-0.0144438,0.0119307,-0.000764795,-0.014341,-0.000253192,-0.000476729,0.000390556,0,0,0,0,0,0,0,2.04103,25.6274,-24.5342,8.74057,0.915849,2.46755,-0.0254419,1.04135,1.62618,-2.99036,2.39428,0.188686,0.864044,0.0391957
1722569,0.96,-2.75323,-1.32507,1.01102,-1.9473,1.10107,1.16774,2.2014,-2.75266,-1.32422,1.00895,-1.94565,1.10136,1.16858,2.20139,-0.0123804,0.0120947,-0.00178012,-0.0127042,-0.000170443,-0.000555178,0.000735088,0,0,0,0,0,0,0,1.96565,25.6274,-24.4866,8.689,0.915849,2.47396,-0.0382593,1.04168,1.61502,-2.9807,2.3987,0.189204,0.864114,0.0376923
1722570,0.96,-2.75324,-1.32506,1.01102,-1.94731,1.10107,1.16774,2.2014,-2.75266,-1.32422,1.00895,-1.94565,1.10136,1.16858,2.20139,-0.00946203,0.0118104,-0.00195383,-0.0127447,-0.000318315,-0.00013276,0.00123604,0,0,0,0,0,0,0,1.96565,25.6512,-24.4589,8.689,0.921343,2.46755,-0.0584009,1.03571,1.60811,-2.97218,2.39901,0.189453,0.864271,0.0361891
1722571,0.96,-2.75325,-1.32506,1.01102,-1.94732,1.10107,1.16774,2.2014,-2.75266,-1.32422,1.00895,-1.94565,1.10136,1.16858,2.20139,-0.0104958,0.0108801,-0.00139066,-0.0121597,-0.000213137,-0.000325866,-0.00110875,0,0,0,0,0,0,0,1.96565,25.7028,-24.4589,8.6652,0.921343,2.47396,-0.00621587,1.02291,1.60555,-2.96451,2.39525,0.189451,0.864535,0.0346551
1722572,0.96,-2.75326,-1.32505,1.01102,-1.94733,1.10107,1.16774,2.2014,-2.75266,-1.32422,1.00895,-1.94565,1.10136,1.16858,2.20139,-0.00979764,0.0082969,0.000213241,-0.0129281,0.000501474,0.000257474,-0.000739167,0,0,0,0,0,0,0,1.91804,25.7028,-24.5104,8.689,0.903948,2.46115,-0.00621587,1.00671,1.60811,-2.96003,2.38928,0.189383,0.865012,0.0330828
1722573,0.96,-2.75327,-1.32504,1.01102,-1.94734,1.10107,1.16774,2.2014,-2.75266,-1.32422,1.00895,-1.94565,1.10136,1.16858,2.20139,-0.00933521,0.00992256,0.000649413,-0.0136343,-0.000107015,-0.000303068,0.000694017,0,0,0,0,0,0,0,1.86647,25.679,-24.5342,8.71677,0.915849,2.47396,-0.0382593,0.990438,1.6157,-2.96055,2.38324,0.189419,0.865793,0.0315115
1722574,0.96,-2.75327,-1.32503,1.01102,-1.94735,1.10106,1.16774,2.2014,-2.75266,-1.32422,1.00895,-1.94565,1.10136,1.16858,2.20139,-0.00543548,0.0111387,0.00104539,-0.0133394,-0.000682086,3.53133e-05,0.000225319,0,0,0,0,0,0,0,1.79109,25.6512,-24.562,8.71677,0.932329,2.46755,-0.0318506,0.97441,1.6255,-2.96435,2.37807,0.189568,0.866844,0.0299761
1722575,0.96,-2.75328,-1.32502,1.01102,-1.94736,1.10106,1.16774,2.2014,-2.75266,-1.32422,1.00895,-1.94565,1.10136,1.16858,2.20139,-0.00675611,0.00954378,0.000669048,-0.00997333,-0.000861918,2.35422e-05,0.000387572,0,0,0,0,0,0,0,1.76332,25.7266,-24.562,8.71677,0.943315,2.46755,-0.0382593,0.956345,1.63614,-2.96915,2.37232,0.189679,0.868027,0.0284656
1722576,0.96,-2.75329,-1.32501,1.01103,-1.94737,1.10106,1.16774,2.2014,-2.75266,-1.32422,1.00895,-1.94565,1.10136,1.16858,2.20139,-0.00742761,0.00783191,0.00163155,-0.00929502,-0.000371382,0.000253054,-0.000691055,0,0,0,0,0,0,0,1.71571,25.7028,-24.6136,8.6652,0.937822,2.46115,-0.0126246,0.936322,1.649,-2.97527,2.36465,0.189702,0.869215,0.0269577
1722577,0.97,-2.7533,-1.32501,1.01102,-1.94738,1.10106,1.16774,2.20141,-2.75266,-1.32422,1.00895,-1.94565,1.10136,1.16858,2.20139,-0.00843338,0.00469927,-0.000134407,-0.00761474,-0.000688562,-6.86564e-05,0.000726092,0,0,0,0,0,0,0,1.68794,25.7544,-24.562,8.689,0.949724,2.46755,-0.044668,0.916533,1.66548,-2.98373,2.35543,0.189742,0.870329,0.0254489
1722578,0.98,-2.7533,-1.325,1.01102,-1.94739,1.10106,1.16774,2.2014,-2.75266,-1.32422,1.00895,-1.94565,1.10136,1.16858,2.20139,-0.00422756,0.00747879,-0.000101365,-0.00572243,-0.000459165,0.000191588,-0.000465375,0,0,0,0,0,0,0,1.58876,25.7266,-24.562,8.689,0.949724,2.46115,-0.0190333,0.895569,1.68516,-2.99295,2.34399,0.189761,0.871283,0.0239436
1722579,0.99,-2.7533,-1.325,1.01102,-1.9474,1.10106,1.16774,2.2014,-2.75266,-1.32422,1.00895,-1.94565,1.10136,1.16858,2.20139,-0.00480219,0.00442967,0.000480415,-0.00735485,0.000541508,-0.000346993,-0.000784968,0,0,0,0,0,0,0,1.51338,25.7782,-24.5858,8.689,0.926836,2.47396,-0.00621587,0.87099,1.7066,-3.00131,2.32997,0.189682,0.872104,0.0224476
1722580,1,-2.75331,-1.32499,1.01102,-1.94741,1.10106,1.16774,2.2014,-2.75266,-1.32422,1.00895,-1.94565,1.10136,1.16858,2.20139,-0.00520489,0.00288399,-0.000243151,-0.0079971,0.000564386,-0.000231328,-0.000523312,0,0,0,0,0,0,0,1.438,25.802,-24.562,8.6652,0.921343,2.47396,-0.00621587,0.845136,1.72939,-3.00996,2.3158,0.189689,0.872928,0.0209842
1722581,1,-2.75331,-1.32499,1.01102,-1.94742,1.10106,1.16774,2.2014,-2.75266,-1.32422,1.00895,-1.94565,1.10136,1.16858,2.20139,-0.0025372,0.000432378,-0.000816676,-0.00798461,0.000376205,8.314e-05,-0.000348875,0,0,0,0,0,0,0,1.36262,25.8813,-24.5342,8.61759,0.921343,2.46755,-0.00621587,0.819557,1.75406,-3.01961,2.30293,0.18991,0.873808,0.0195816
1722582,1,-2.75331,-1.32498,1.01102,-1.94742,1.10106,1.16774,2.2014,-2.75266,-1.32422,1.00895,-1.94565,1.10136,1.16858,2.20139,-0.00110793,0.00121219,-0.000548172,-0.00739345,0.000691574,-0.000419291,0.000242135,0,0,0,0,0,0,0,1.31105,25.8535,-24.5342,8.54221,0.909441,2.48037,-0.0190333,0.791547,1.78101,-3.02954,2.29008,0.190204,0.874757,0.0182552
1722583,1,-2.75331,-1.32497,1.01102,-1.94743,1.10106,1.16774,2.2014,-2.75266,-1.32422,1.00895,-1.94565,1.10136,1.16858,2.20139,6.45509e-07,0.00471021,-0.000368239,-0.00770057,2.02103e-05,0.00019519,-0.000313295,0,0,0,0,0,0,0,1.25947,25.8297,-24.5342,8.49063,0.921343,2.46755,-0.00621587,0.761262,1.80692,-3.03794,2.27753,0.190486,0.875724,0.0170161
1722584,1,-2.75331,-1.32497,1.01102,-1.94744,1.10106,1.16774,2.2014,-2.75266,-1.32422,1.00895,-1.94565,1.10136,1.16858,2.20139,0.000763682,0.00485069,-0.000247586,-0.00984251,0.000216902,0.000130127,-0.000683581,0,0,0,0,0,0,0,1.21186,25.9051,-24.5342,8.51841,0.915849,2.46755,0.00660151,0.732574,1.82648,-3.04282,2.26791,0.190856,0.876631,0.0158728
1722585,1,-2.75332,-1.32497,1.01102,-1.94744,1.10106,1.16774,2.2014,-2.75266,-1.32422,1.00895,-1.94565,1.10136,1.16858,2.20139,-0.00149683,0.00435738,-0.000723439,-0.0100158,0.000144585,8.67513e-05,-0.000218362,0,0,0,0,0,0,0,1.16029,25.8813,-24.5104,8.49063,0.915849,2.46755,0.000192821,0.709734,1.83789,-3.04429,2.26367,0.191511,0.877446,0.0148347
1722586,1,-2.75332,-1.32497,1.01102,-1.94745,1.10106,1.16774,2.2014,-2.75266,-1.32422,1.00895,-1.94565,1.10136,1.16858,2.20139,-0.000791159,0.00397961,7.3342e-05,-0.00652934,-0.000107073,0.000295193,-0.00133237,0,0,0,0,0,0,0,1.13252,25.8535,-24.5342,8.44303,0.921343,2.46115,0.0322363,0.693984,1.84316,-3.04391,2.26421,0.192455,0.878123,0.0139068
1722587,1,-2.75331,-1.32497,1.01102,-1.94745,1.10106,1.16774,2.2014,-2.75266,-1.32422,1.00895,-1.94565,1.10136,1.16858,2.20139,0.000254021,0.00176546,4.80116e-05,-0.00747946,-7.13913e-05,-4.05635e-05,0.00101063,0,0,0,0,0,0,0,1.08491,25.9051,-24.5342,8.41526,0.921343,2.46755,-0.0190333,0.681363,1.84685,-3.04368,2.26588,0.193461,0.878696,0.0130892
1722588,1,-2.75331,-1.32497,1.01102,-1.94746,1.10106,1.16774,2.2014,-2.75266,-1.32422,1.00895,-1.94565,1.10136,1.16858,2.20139,-0.000636587,0.00197289,3.13455e-05,-0.00835441,0.000800109,-2.70423e-05,-3.83266e-05,0,0,0,0,0,0,0,1.10871,25.8813,-24.5342,8.39145,0.898454,2.46755,0.000192821,0.669586,1.85152,-3.04483,2.26744,0.194478,0.879259,0.0123797
1722589,1,-2.75331,-1.32497,1.01102,-1.94746,1.10106,1.16774,2.2014,-2.75266,-1.32422,1.00895,-1.94565,1.10136,1.16858,2.20139,-0.000611233,0.000937778,-0.000536412,-0.00410835,0.000940302,-0.000255387,0.000449167,0,0,0,0,0,0,0,1.10871,25.9051,-24.5104,8.29227,0.887468,2.47396,-0.0126246,0.659105,1.85686,-3.0469,2.26897,0.195509,0.879768,0.0117527
1722590,1,-2.75331,-1.32497,1.01102,-1.94746,1.10106,1.16774,2.2014,-2.75266,-1.32422,1.00895,-1.94565,1.10136,1.16858,2.20139,-0.00110443,0.000202871,-0.00035798,-0.00393981,0.000626864,-0.000170258,-0.00088735,0,0,0,0,0,0,0,1.13252,25.9289,-24.5104,8.31607,0.887468,2.47396,0.0194189,0.648658,1.86333,-3.0493,2.26867,0.196393,0.880136,0.0111739
1722591,1,-2.75331,-1.32497,1.01102,-1.94747,1.10106,1.16774,2.2014,-2.75266,-1.32422,1.00895,-1.94565,1.10136,1.16858,2.20139,-0.000284575,0.000792932,-0.000238933,-0.00375923,0.000417906,-0.000588223,0.00106995,0,0,0,0,0,0,0,1.10871,25.9051,-24.5104,8.34385,0.887468,2.48678,-0.0254419,0.63796,1.87078,-3.05191,2.26638,0.197092,0.880386,0.0106353
1722592,1,-2.7533,-1.32497,1.01101,-1.94747,1.10106,1.16774,2.2014,-2.75266,-1.32422,1.00895,-1.94565,1.10136,1.16858,2.20139,0.00775179,0.00116109,-0.00136592,-0.00221884,7.51516e-05,0.000319928,-0.000236139,0,0,0,0,0,0,0,1.03334,25.8813,-24.4589,8.31607,0.892961,2.46755,0.000192821,0.622348,1.87929,-3.05337,2.26062,0.197451,0.880612,0.01013
1722593,1,-2.7533,-1.32497,1.01102,-1.94747,1.10106,1.16774,2.2014,-2.75266,-1.32422,1.00895,-1.94565,1.10136,1.16858,2.20139,0.00563017,-0.000282824,0.000295653,-0.00119414,-0.000153351,0.000213285,-0.000869503,0,0,0,0,0,0,0,1.03334,25.9289,-24.5104,8.29227,0.898454,2.46755,0.0194189,0.59511,1.89098,-3.05317,2.24826,0.197213,0.880921,0.00963277
1722594,1,-2.7533,-1.32497,1.01102,-1.94747,1.10106,1.16774,2.2014,-2.75266,-1.32422,1.00895,-1.94565,1.10136,1.16858,2.20139,0.00586341,0.00096763,0.000753796,-0.00220632,-0.000102235,0.00014219,-0.000342309,0,0,0,0,0,0,0,0.957958,25.8813,-24.5342,8.34385,0.898454,2.46755,0.0130102,0.560629,1.90535,-3.05319,2.23172,0.196586,0.881368,0.00915185
1722595,1,-2.75329,-1.32498,1.01102,-1.94747,1.10106,1.16774,2.2014,-2.75266,-1.32422,1.00895,-1.94565,1.10136,1.16858,2.20139,0.00537542,-0.00108623,-5.43698e-05,-0.00162373,-0.000271608,-0.000142565,-0.000228206,0,0,0,0,0,0,0,0.906383,25.9567,-24.5104,8.34385,0.903948,2.47396,0.0130102,0.526752,1.9196,-3.0542,2.21554,0.195943,0.881901,0.00872279
1722596,1,-2.75329,-1.32498,1.01102,-1.94747,1.10106,1.16774,2.2014,-2.75266,-1.32422,1.00895,-1.94565,1.10136,1.16858,2.20139,0.00433546,-0.000700218,-3.63128e-05,9.30667e-06,-0.000181073,-9.50436e-05,0.000559939,0,0,0,0,0,0,0,0.88258,25.9567,-24.5104,8.29227,0.903948,2.47396,-0.00621587,0.49638,1.93259,-3.05557,2.20118,0.195426,0.882402,0.00835818
1722597,1,-2.75329,-1.32498,1.01102,-1.94747,1.10106,1.16774,2.2014,-2.75266,-1.32422,1.00895,-1.94565,1.10136,1.16858,2.20139,0.00424301,-0.00100567,0.000532554,0.00437069,8.27347e-05,-0.000300721,-0.000576143,0,0,0,0,0,0,0,0.831005,25.9805,-24.5342,8.36765,0.898454,2.48037,0.0194189,0.469637,1.94453,-3.05712,2.18765,0.194967,0.882767,0.00804731
1722598,1,-2.75328,-1.32498,1.01102,-1.94747,1.10106,1.16774,2.2014,-2.75266,-1.32422,1.00895,-1.94565,1.10136,1.16858,2.20139,0.00414481,-0.00121379,0.00156142,0.00513036,-0.000148294,3.6878e-05,0.000802699,0,0,0,0,0,0,0,0.77943,26.0043,-24.5858,8.29227,0.903948,2.47396,-0.0126246,0.444887,1.95649,-3.05949,2.17323,0.194421,0.882995,0.0077752
1722599,1,-2.75328,-1.32498,1.01102,-1.94746,1.10106,1.16773,2.2014,-2.75266,-1.32422,1.00895,-1.94565,1.10136,1.16858,2.20139,0.00395911,-0.000799098,-0.000722316,0.00431705,0.000511488,-0.000687491,6.04151e-05,0,0,0,0,0,0,0,0.731823,26.0043,-24.5104,8.26847,0.887468,2.49319,0.000192821,0.422341,1.96769,-3.06214,2.15878,0.193847,0.883106,0.0075346
1722600,1,-2.75327,-1.32499,1.01102,-1.94746,1.10106,1.16774,2.2014,-2.75266,-1.32422,1.00895,-1.94565,1.10136,1.16858,2.20139,0.00446435,-0.00173158,7.52468e-05,0.00433945,-0.00047281,-0.000220969,0.000752354,0,0,0,0,0,0,0,0.656444,26.0559,-24.5342,8.21689,0.909441,2.48678,-0.0190333,0.403325,1.97608,-3.06333,2.14649,0.193418,0.88309,0.00731188
1722601,1,-2.75326,-1.32499,1.01101,-1.94746,1.10106,1.16774,2.2014,-2.75266,-1.32422,1.00895,-1.94565,1.10136,1.16858,2.20139,0.00599218,-0.00170552,-0.00106348,0.0024346,-0.000111756,9.00465e-05,2.68511e-05,0,0,0,0,0,0,0,0.529491,26.0797,-24.4866,8.24466,0.903948,2.48037,-0.00621587,0.38711,1.98174,-3.06283,2.13706,0.193209,0.883036,0.00708585
1722602,1,-2.75325,-1.32499,1.01101,-1.94746,1.10106,1.16774,2.2014,-2.75266,-1.32422,1.00895,-1.94565,1.10136,1.16858,2.20139,0.0040295,-0.00178237,-0.000708995,0.00241612,-0.000515314,-0.000177328,0.000967337,0,0,0,0,0,0,0,0.529491,26.1075,-24.4866,8.21689,0.915849,2.48678,-0.0318506,0.373943,1.98457,-3.06082,2.13131,0.193303,0.883007,0.00684247
1722603,1,-2.75324,-1.325,1.01102,-1.94746,1.10106,1.16774,2.2014,-2.75266,-1.32422,1.00895,-1.94565,1.10136,1.16858,2.20139,0.00814024,-0.00565748,8.41396e-05,0.00227513,-0.000343543,0.00011914,0.000644891,0,0,0,0,0,0,0,0.426342,26.159,-24.5104,8.19309,0.915849,2.48037,-0.0318506,0.36232,1.98697,-3.05899,2.12833,0.193671,0.883106,0.00656328
1722604,1,-2.75323,-1.325,1.01102,-1.94745,1.10106,1.16774,2.2014,-2.75266,-1.32422,1.00895,-1.94565,1.10136,1.16858,2.20139,0.00807716,-0.00459824,5.60865e-05,0.00391749,8.33044e-06,7.94269e-05,-0.00123159,0,0,0,0,0,0,0,0.454113,26.1828,-24.5104,8.09391,0.909441,2.48037,0.0130102,0.346653,1.99374,-3.05959,2.12444,0.194075,0.883481,0.00621722
1722605,1,-2.75323,-1.32501,1.01102,-1.94745,1.10106,1.16774,2.2014,-2.75266,-1.32422,1.00895,-1.94565,1.10136,1.16858,2.20139,0.0064899,-0.00805313,3.7386e-05,0.00322898,0.000412455,0.00029031,-0.000346339,0,0,0,0,0,0,0,0.426342,26.2582,-24.5104,8.0701,0.898454,2.47396,0.000192821,0.326547,2.00548,-3.06278,2.11865,0.194443,0.884081,0.00580506
1722606,1,-2.75321,-1.32502,1.01102,-1.94744,1.10106,1.16774,2.2014,-2.75266,-1.32422,1.00895,-1.94565,1.10136,1.16858,2.20139,0.00578186,-0.00818519,0.000581732,0.00284765,7.15192e-05,0.00019354,0.000481184,0,0,0,0,0,0,0,0.378734,26.3614,-24.5342,8.04233,0.903948,2.47396,-0.0190333,0.306816,2.0206,-3.06876,2.11314,0.194952,0.884813,0.0053691
1722607,1,-2.7532,-1.32502,1.01102,-1.94744,1.10106,1.16774,2.2014,-2.75266,-1.32422,1.00895,-1.94565,1.10136,1.16858,2.20139,0.00531722,-0.0063163,-0.000168993,0.00248928,0.00025113,0.000366386,-0.00134072,0,0,0,0,0,0,0,0.32716,26.3852,-24.5104,8.01853,0.898454,2.46755,0.0258276,0.29128,2.03581,-3.07625,2.11012,0.195728,0.885571,0.00494117
1722608,1,-2.75319,-1.32503,1.01101,-1.94743,1.10106,1.16774,2.2014,-2.75266,-1.32422,1.00895,-1.94565,1.10136,1.16858,2.20139,0.00652008,-0.00499469,-0.00131909,0.00279868,0.00016742,6.89819e-06,-0.000181739,0,0,0,0,0,0,0,0.32716,26.409,-24.4589,7.97092,0.898454,2.47396,0.00660151,0.280946,2.04634,-3.08145,2.11049,0.196746,0.886165,0.00454177
1722609,1,-2.75318,-1.32503,1.01101,-1.94743,1.10106,1.16774,2.2014,-2.75266,-1.32422,1.00895,-1.94565,1.10136,1.16858,2.20139,0.0059292,-0.00470648,-0.000229781,0.00253454,0.000111613,-0.000470119,-0.000833236,0,0,0,0,0,0,0,0.275585,26.4605,-24.4866,7.94315,0.898454,2.48678,0.0258276,0.274515,2.05061,-3.08249,2.11362,0.197904,0.886522,0.00420035
1722610,1,-2.75317,-1.32504,1.01101,-1.94742,1.10106,1.16774,2.2014,-2.75266,-1.32422,1.00895,-1.94565,1.10136,1.16858,2.20139,0.00599808,-0.00326535,-0.000153189,0.00170406,0.00048131,0.000398664,0.000156586,0,0,0,0,0,0,0,0.200207,26.4605,-24.4866,7.94315,0.887468,2.46755,0.00660151,0.271824,2.04932,-3.08043,2.11937,0.199184,0.886727,0.00394152
1722611,1,-2.75315,-1.32504,1.01101,-1.94742,1.10106,1.16774,2.2014,-2.75266,-1.32422,1.00895,-1.94565,1.10136,1.16858,2.20139,0.00847091,-0.00227268,-0.000751741,0.00595433,0.000320873,-0.000208942,-0.00159103,0,0,0,0,0,0,0,0.148632,26.4605,-24.4589,7.87174,0.887468,2.48037,0.0523779,0.270349,2.04377,-3.07555,2.12588,0.200427,0.886801,0.0037696
1722612,1,-2.75314,-1.32504,1.01101,-1.94741,1.10106,1.16774,2.2014,-2.75266,-1.32422,1.00895,-1.94565,1.10136,1.16858,2.20139,0.00782368,-0.00214376,0.000148453,0.00423905,-0.000192986,-0.000376653,-0.00055206,0,0,0,0,0,0,0,0.0732535,26.4843,-24.4866,7.87174,0.898454,2.48678,0.038645,0.265727,2.0363,-3.06794,2.13006,0.201393,0.886746,0.00368697
1722613,1,-2.75313,-1.32505,1.01101,-1.9474,1.10106,1.16774,2.2014,-2.75266,-1.32422,1.00895,-1.94565,1.10136,1.16858,2.20139,0.00989637,-0.00463982,9.89681e-05,0.0047914,0.000278244,-0.000251102,0.000106678,0,0,0,0,0,0,0,0.0256461,26.4843,-24.4866,7.79636,0.887468,2.48678,0.0258276,0.25672,2.03,-3.05981,2.13132,0.202096,0.886707,0.00371193
1722614,1,-2.75311,-1.32506,1.01102,-1.9474,1.10107,1.16773,2.2014,-2.75266,-1.32422,1.00895,-1.94565,1.10136,1.16858,2.20139,0.0110389,-0.0083142,0.00182922,0.00334586,0.000422855,-0.00040476,0.000783195,0,0,0,0,0,0,0,-0.0259286,26.5637,-24.562,7.79636,0.881059,2.49319,0.00660151,0.24132,2.03025,-3.05495,2.12888,0.202585,0.88694,0.00384124
1722615,1,-2.75309,-1.32506,1.01101,-1.94739,1.10106,1.16774,2.20139,-2.75266,-1.32422,1.00895,-1.94565,1.10136,1.16858,2.20139,0.014155,-0.00537591,-0.000543761,0.0035507,-0.000158906,-3.24814e-05,-0.000427306,0,0,0,0,0,0,0,-0.152882,26.5359,-24.4866,7.74479,0.892961,2.48678,0.0322363,0.217368,2.03898,-3.05407,2.12196,0.202834,0.887538,0.0040404
1722616,1,-2.75308,-1.32507,1.01102,-1.94738,1.10106,1.16773,2.20139,-2.75266,-1.32422,1.00895,-1.94565,1.10136,1.16858,2.20139,0.014421,-0.00820906,0.000194305,0.00421564,-0.000309388,-0.000259013,-0.00174293,0,0,0,0,0,0,0,-0.204456,26.5875,-24.5104,7.66941,0.898454,2.49319,0.071604,0.185009,2.05308,-3.05406,2.11088,0.202826,0.888338,0.00427995
1722617,1,-2.75306,-1.32507,1.01102,-1.94738,1.10106,1.16774,2.2014,-2.75266,-1.32422,1.00895,-1.94565,1.10136,1.16858,2.20139,0.0154603,-0.00599896,0.000129536,0.00166795,0.000200642,0.000302042,5.87481e-05,0,0,0,0,0,0,0,-0.279835,26.5875,-24.5104,7.72098,0.887468,2.48037,0.038645,0.146975,2.06994,-3.05382,2.09718,0.202661,0.889244,0.00457426
1722618,1,-2.75305,-1.32508,1.01102,-1.94737,1.10106,1.16773,2.2014,-2.75266,-1.32422,1.00895,-1.94565,1.10136,1.16858,2.20139,0.0167578,-0.00615723,0.000643169,0.00292317,0.000133762,-0.000273356,3.91654e-05,0,0,0,0,0,0,0,-0.379017,26.6629,-24.5342,7.6456,0.887468,2.49319,0.038645,0.106926,2.08691,-3.05322,2.08317,0.202491,0.890237,0.00496208
1722619,1,-2.75303,-1.32508,1.01102,-1.94736,1.10106,1.16773,2.2014,-2.75266,-1.32422,1.00895,-1.94565,1.10136,1.16858,2.20139,0.0158994,-0.00754897,0.00163521,0.00622571,-0.000114276,-0.000419596,2.61103e-05,0,0,0,0,0,0,0,-0.402821,26.6629,-24.5858,7.598,0.892961,2.4996,0.038645,0.0653427,2.10415,-3.0529,2.06822,0.202252,0.891276,0.00544108
1722620,1,-2.75301,-1.3251,1.01102,-1.94736,1.10107,1.16773,2.20139,-2.75266,-1.32422,1.00895,-1.94565,1.10136,1.16858,2.20139,0.0184263,-0.0103309,-0.000116289,0.00760105,0.000771526,-0.00051709,-0.000965937,0,0,0,0,0,0,0,-0.557545,26.7383,-24.5342,7.598,0.870073,2.50601,0.0651953,0.0196422,2.12535,-3.05433,2.04924,0.201751,0.892327,0.00597653
1722621,1,-2.753,-1.32511,1.01102,-1.94735,1.10107,1.16773,2.20139,-2.75266,-1.32422,1.00895,-1.94565,1.10136,1.16858,2.20139,0.0143913,-0.00815435,0.0011289,0.00759849,0.000514351,-0.000344727,-0.00135604,0,0,0,0,0,0,0,-0.605152,26.766,-24.5858,7.6456,0.870073,2.50601,0.0844213,-0.0289512,2.15028,-3.05704,2.0265,0.20102,0.893313,0.00656035
1722622,1,-2.75297,-1.32511,1.01102,-1.94734,1.10107,1.16773,2.2014,-2.75266,-1.32422,1.00895,-1.94565,1.10136,1.16858,2.20139,0.0162418,-0.0079847,0.0007526,0.00829756,0.00013945,-0.000229818,0.00174083,0,0,0,0,0,0,0,-0.732105,26.7144,-24.5858,7.66941,0.875566,2.50601,0.0130102,-0.0743121,2.17421,-3.05983,2.0041,0.200309,0.894153,0.0072276
1722623,1,-2.75296,-1.32511,1.01102,-1.94733,1.10107,1.16773,2.20138,-2.75266,-1.32422,1.00895,-1.94565,1.10136,1.16858,2.20139,0.0151659,-0.00776516,-0.000704693,0.0099902,0.000499868,-0.000153212,-0.0026711,0,0,0,0,0,0,0,-0.755909,26.6629,-24.5342,7.6456,0.86458,2.50601,0.116465,-0.114965,2.19446,-3.06109,1.98349,0.199673,0.89478,0.00798505
1722624,1,-2.75294,-1.32512,1.01102,-1.94732,1.10107,1.16773,2.20139,-2.75266,-1.32422,1.00895,-1.94565,1.10136,1.16858,2.20139,0.01722,-0.0101523,0.000736631,0.011174,0.000536696,-0.000576859,0.000118141,0,0,0,0,0,0,0,-0.882862,26.7144,-24.5858,7.6218,0.859087,2.51882,0.0651953,-0.154337,2.21288,-3.06078,1.96293,0.198981,0.895224,0.00881245
1722625,1,-2.75293,-1.32513,1.01102,-1.94731,1.10107,1.16772,2.20138,-2.75266,-1.32422,1.00895,-1.94565,1.10136,1.16858,2.20139,0.0156812,-0.00635485,0.0011407,0.0114157,0.000357797,-0.00157137,-0.00205747,0,0,0,0,0,0,0,-0.882862,26.6629,-24.6136,7.6218,0.859087,2.55087,0.122873,-0.193684,2.23077,-3.06045,1.94208,0.198192,0.895636,0.00973309
1722626,1,-2.75291,-1.32514,1.01102,-1.9473,1.10107,1.16772,2.20139,-2.75266,-1.32422,1.00895,-1.94565,1.10136,1.16858,2.20139,0.0155944,-0.0111648,-0.000445959,0.0128927,3.50809e-05,-0.00104758,0.00100194,0,0,0,0,0,0,0,-0.934437,26.6629,-24.562,7.57022,0.86458,2.55087,0.0587866,-0.231445,2.24718,-3.06022,1.92217,0.197387,0.896056,0.0107785
1722627,1,-2.75289,-1.32514,1.01102,-1.94728,1.10107,1.16772,2.20139,-2.75266,-1.32422,1.00895,-1.94565,1.10136,1.16858,2.20139,0.0155166,-0.00665385,0.00090912,0.0143697,0.000871098,-0.0011731,0.00114268,0,0,0,0,0,0,0,-0.986012,26.5875,-24.6136,7.49881,0.841692,2.56369,0.0459692,-0.267373,2.26202,-3.05962,1.9032,0.196582,0.896459,0.0119481
1722628,1,-2.75288,-1.32515,1.01102,-1.94727,1.10107,1.16772,2.20139,-2.75266,-1.32422,1.00895,-1.94565,1.10136,1.16858,2.20139,0.0156806,-0.00830708,0.00116289,0.013167,0.000784182,-0.00125679,0.000287069,0,0,0,0,0,0,0,-1.03362,26.5875,-24.6374,7.52262,0.836199,2.5765,0.0587866,-0.301177,2.27427,-3.05863,1.88561,0.19578,0.896915,0.0132035
1722629,1,-2.75285,-1.32516,1.01102,-1.94726,1.10107,1.16772,2.20139,-2.75266,-1.32422,1.00895,-1.94565,1.10136,1.16858,2.20139,0.0210162,-0.00811083,-0.000987976,0.0142321,-0.000121472,-0.000837858,-0.00866535,0,0,0,0,0,0,0,-1.16057,26.6629,-24.562,7.47104,0.853594,2.5765,0.0459692,-0.33586,2.28438,-3.05672,1.86862,0.194908,0.897537,0.0144848
1722630,1,-2.75284,-1.32517,1.01102,-1.94725,1.10107,1.16772,2.20139,-2.75266,-1.32422,1.00895,-1.94565,1.10136,1.16858,2.20139,0.0197566,-0.00722081,-0.000101839,0.014236,0.000359828,-0.000558572,-0.00821604,0,0,0,0,0,0,0,-1.21215,26.7144,-24.5858,7.44724,0.841692,2.5765,0.09083,-0.37633,2.2939,-3.05268,1.84999,0.193809,0.898361,0.0157503
1722631,1,-2.75282,-1.32519,1.01102,-1.94723,1.10107,1.16772,2.20139,-2.75266,-1.32422,1.00895,-1.94565,1.10136,1.16858,2.20139,0.0182214,-0.00703248,-0.000624705,0.0155599,3.6435e-05,0.000102337,-0.00463642,0,0,0,0,0,0,0,-1.23595,26.7898,-24.562,7.37186,0.847185,2.56369,0.0523779,-0.419412,2.30145,-3.04653,1.83107,0.192592,0.899314,0.0169919
1722632,1,-2.7528,-1.3252,1.01102,-1.94722,1.10107,1.16772,2.20139,-2.75266,-1.32422,1.00895,-1.94565,1.10136,1.16858,2.20139,0.0203251,-0.00997482,0.000789956,0.015675,0.000227741,6.82244e-05,-0.00352836,0,0,0,0,0,0,0,-1.26372,26.8652,-24.6136,7.32425,0.841692,2.56369,0.0523779,-0.461928,2.30822,-3.04049,1.81286,0.191391,0.900398,0.0182131
1722633,1,-2.75278,-1.3252,1.01102,-1.94721,1.10107,1.16772,2.20139,-2.75266,-1.32422,1.00895,-1.94565,1.10136,1.16858,2.20139,0.0191418,-0.00962236,0.00108345,0.0158704,0.000151827,0.000282842,-0.00244294,0,0,0,0,0,0,0,-1.31133,26.8414,-24.6374,7.27268,0.841692,2.55728,0.0459692,-0.505083,2.3179,-3.03737,1.79439,0.190199,0.901738,0.019397
1722634,1,-2.75277,-1.32521,1.01103,-1.9472,1.10107,1.16772,2.20139,-2.75266,-1.32422,1.00895,-1.94565,1.10136,1.16858,2.20139,0.0171455,-0.0107851,0.00127911,0.0153403,-0.000339591,-0.000286157,-0.00329882,0,0,0,0,0,0,0,-1.31133,26.8652,-24.6612,7.24887,0.853594,2.57009,0.0844213,-0.546052,2.33013,-3.03795,1.77715,0.189156,0.903323,0.020526
1722635,1,-2.75275,-1.32522,1.01102,-1.94718,1.10107,1.16772,2.20139,-2.75266,-1.32422,1.00895,-1.94565,1.10136,1.16858,2.20139,0.0162448,-0.0123,-0.000910497,0.0161943,-0.000633295,4.65879e-05,-0.00143431,0,0,0,0,0,0,0,-1.3391,26.9168,-24.5858,7.1735,0.86458,2.56369,0.0587866,-0.581057,2.34269,-3.04084,1.76298,0.188431,0.90498,0.0216038
1722636,1,-2.75273,-1.32523,1.01102,-1.94717,1.10107,1.16772,2.20139,-2.75266,-1.32422,1.00895,-1.94565,1.10136,1.16858,2.20139,0.0125668,-0.0127175,0.000599428,0.0155717,-0.000218746,0.000268418,-0.000348623,0,0,0,0,0,0,0,-1.3629,26.9406,-24.6374,7.14969,0.859087,2.55728,0.038645,-0.607995,2.35436,-3.04487,1.75266,0.188123,0.906561,0.02265
1722637,1,-2.75272,-1.32525,1.01102,-1.94715,1.10107,1.16772,2.20139,-2.75266,-1.32422,1.00895,-1.94565,1.10136,1.16858,2.20139,0.0131181,-0.0137516,-0.000157193,0.0163266,5.76196e-05,0.000178945,-0.00131956,0,0,0,0,0,0,0,-1.38671,26.9922,-24.6136,7.07431,0.853594,2.55728,0.0651953,-0.625752,2.36461,-3.05023,1.74657,0.188269,0.908047,0.0236664
1722638,1,-2.7527,-1.32525,1.01103,-1.94714,1.10107,1.16772,2.20139,-2.75266,-1.32422,1.00895,-1.94565,1.10136,1.16858,2.20139,0.0124683,-0.0137032,0.00100883,0.0155759,0.000275772,0.000356656,-0.00143227,0,0,0,0,0,0,0,-1.38671,27.016,-24.6612,7.05051,0.847185,2.55087,0.0780126,-0.636974,2.37415,-3.05709,1.74342,0.188754,0.909504,0.0246392
1722639,1,-2.75269,-1.32527,1.01102,-1.94713,1.10108,1.16772,2.20139,-2.75266,-1.32422,1.00895,-1.94565,1.10136,1.16858,2.20139,0.0161696,-0.0137872,-0.00109069,0.017632,0.000590749,0.00023777,-0.00101324,0,0,0,0,0,0,0,-1.41448,27.0437,-24.5858,7.05051,0.836199,2.55087,0.0780126,-0.647657,2.38396,-3.06413,1.74016,0.189305,0.910952,0.0255765
1722640,1,-2.75267,-1.32527,1.01102,-1.94711,1.10107,1.16772,2.20139,-2.75266,-1.32422,1.00895,-1.94565,1.10136,1.16858,2.20139,0.015459,-0.0134486,-0.00128394,0.0142612,0.000597283,-7.88453e-05,0.000230154,0,0,0,0,0,0,0,-1.43828,27.0437,-24.562,6.99894,0.830705,2.55728,0.0523779,-0.662502,2.39381,-3.06894,1.73476,0.18972,0.912346,0.0265035
1722641,1,-2.75265,-1.32529,1.01102,-1.9471,1.10107,1.16772,2.20139,-2.75266,-1.32422,1.00895,-1.94565,1.10136,1.16858,2.20139,0.0171667,-0.0148632,0.000350469,0.0136542,-0.000212163,0.000184795,-0.000116766,0,0,0,0,0,0,0,-1.54143,27.1191,-24.6136,6.99894,0.847185,2.55087,0.0587866,-0.681003,2.40332,-3.07177,1.72845,0.190072,0.913771,0.0274336
1722642,1,-2.75264,-1.3253,1.01102,-1.94709,1.10107,1.16772,2.20138,-2.75266,-1.32422,1.00895,-1.94565,1.10136,1.16858,2.20139,0.0144447,-0.0146537,-0.00097278,0.0132306,6.20087e-05,0.000835274,-0.00223871,0,0,0,0,0,0,0,-1.48986,27.1429,-24.562,6.99894,0.841692,2.53164,0.116465,-0.700405,2.41282,-3.07453,1.72283,0.190494,0.915311,0.0283566
1722643,1,-2.75262,-1.32531,1.01102,-1.94708,1.10107,1.16772,2.20139,-2.75266,-1.32422,1.00895,-1.94565,1.10136,1.16858,2.20139,0.0125063,-0.0151289,-9.17081e-05,0.0145922,-0.00039947,0.00031949,0.000150567,0,0,0,0,0,0,0,-1.56524,27.1945,-24.5858,6.92752,0.853594,2.53805,0.071604,-0.71689,2.42117,-3.07728,1.71902,0.191071,0.916818,0.0292852
1722644,1,-2.7526,-1.32532,1.01102,-1.94706,1.10107,1.16772,2.20139,-2.75266,-1.32422,1.00895,-1.94565,1.10136,1.16858,2.20139,0.0117994,-0.0148285,-6.11387e-05,0.013343,-2.89546e-05,-2.43655e-05,8.65226e-05,0,0,0,0,0,0,0,-1.54143,27.2183,-24.5858,6.95133,0.847185,2.54446,0.071604,-0.727652,2.42736,-3.08015,1.71775,0.19186,0.918187,0.0302578
1722645,1,-2.75259,-1.32534,1.01102,-1.94705,1.10108,1.16772,2.20138,-2.75266,-1.32422,1.00895,-1.94565,1.10136,1.16858,2.20139,0.0126063,-0.0153654,-4.07591e-05,0.0155295,0.000591048,0.000458474,-0.00137686,0,0,0,0,0,0,0,-1.56524,27.2699,-24.5858,6.97513,0.830705,2.53164,0.110056,-0.734662,2.43229,-3.08329,1.71774,0.192754,0.919435,0.0312753
1722646,1,-2.75257,-1.32535,1.01102,-1.94704,1.10107,1.16772,2.20138,-2.75266,-1.32422,1.00895,-1.94565,1.10136,1.16858,2.20139,0.0126363,-0.0198857,0.000622441,0.0164507,-0.000216319,-0.000169068,-0.00187514,0,0,0,0,0,0,0,-1.56524,27.369,-24.6136,6.89975,0.847185,2.54446,0.135691,-0.743597,2.44027,-3.08784,1.71532,0.1935,0.920641,0.0323205
1722647,1,-2.75256,-1.32536,1.01102,-1.94703,1.10107,1.16772,2.20138,-2.75266,-1.32422,1.00895,-1.94565,1.10136,1.16858,2.20139,0.0132399,-0.0145642,-0.000791465,0.0158852,5.92377e-05,-0.000112712,-0.000543861,0,0,0,0,0,0,0,-1.58904,27.369,-24.562,6.87595,0.841692,2.54446,0.116465,-0.757343,2.45282,-3.09369,1.70889,0.193974,0.921828,0.0334233
1722648,1,-2.75254,-1.32538,1.01102,-1.94701,1.10107,1.16772,2.20138,-2.75266,-1.32422,1.00895,-1.94565,1.10136,1.16858,2.20139,0.0143326,-0.0145149,2.91685e-05,0.0149232,3.94918e-05,0.000162217,-0.000366958,0,0,0,0,0,0,0,-1.64061,27.3968,-24.5858,6.87595,0.841692,2.53805,0.116465,-0.773847,2.46448,-3.0973,1.7008,0.194267,0.922887,0.0346383
1722649,1,-2.75252,-1.32539,1.01102,-1.947,1.10107,1.16772,2.20138,-2.75266,-1.32422,1.00895,-1.94565,1.10136,1.16858,2.20139,0.017685,-0.0137941,0.00122587,0.0180974,2.63279e-05,-0.000129214,-0.000485286,0,0,0,0,0,0,0,-1.69219,27.3968,-24.6374,6.85215,0.841692,2.54446,0.122873,-0.794775,2.47431,-3.09805,1.69062,0.194301,0.923873,0.0359774
1722650,1,-2.7525,-1.3254,1.01102,-1.94699,1.10108,1.16772,2.20138,-2.75266,-1.32422,1.00895,-1.94565,1.10136,1.16858,2.20139,0.0180258,-0.0107626,-0.000389178,0.0177974,0.000221002,0.000388575,0.00109816,0,0,0,0,0,0,0,-1.76757,27.4206,-24.5858,6.80057,0.836199,2.53164,0.0844213,-0.823787,2.484,-3.09629,1.67598,0.193882,0.924828,0.0374232
1722651,1,-2.75249,-1.3254,1.01102,-1.94698,1.10108,1.16772,2.20138,-2.75266,-1.32422,1.00895,-1.94565,1.10136,1.16858,2.20139,0.0164621,-0.00737554,0.000390162,0.0150163,0.000350785,-0.000690386,-0.000931253,0,0,0,0,0,0,0,-1.76757,27.3968,-24.6136,6.85215,0.830705,2.55728,0.129282,-0.855816,2.48871,-3.08975,1.66027,0.193226,0.925607,0.0389603
1722652,1,-2.75247,-1.32541,1.01102,-1.94697,1.10107,1.16772,2.20138,-2.75266,-1.32422,1.00895,-1.94565,1.10136,1.16858,2.20139,0.0159951,-0.00920602,0.000260108,0.014289,-0.000173044,1.44608e-05,0.000327213,0,0,0,0,0,0,0,-1.79137,27.4206,-24.6136,6.85215,0.841692,2.54446,0.103647,-0.882717,2.48509,-3.07881,1.64888,0.192758,0.926203,0.0405693
1722653,1,-2.75245,-1.32542,1.01102,-1.94696,1.10107,1.16772,2.20138,-2.75266,-1.32422,1.00895,-1.94565,1.10136,1.16858,2.20139,0.0163195,-0.00830315,0.000173405,0.0139767,-0.000115363,0.000484358,-0.000732334,0,0,0,0,0,0,0,-1.84295,27.3452,-24.6136,6.85215,0.841692,2.53164,0.129282,-0.903393,2.47626,-3.06616,1.64227,0.192598,0.926721,0.0422289
1722654,1,-2.75244,-1.32543,1.01102,-1.94694,1.10108,1.16772,2.20138,-2.75266,-1.32422,1.00895,-1.94565,1.10136,1.16858,2.20139,0.0146396,-0.00990505,0.000115604,0.0147382,0.000533443,8.55467e-05,0.00117251,0,0,0,0,0,0,0,-1.81517,27.369,-24.6136,6.80057,0.825212,2.53805,0.0844213,-0.919921,2.46603,-3.05361,1.63847,0.192663,0.927191,0.0439208
1722655,1,-2.75243,-1.32544,1.01103,-1.94693,1.10108,1.16772,2.20138,-2.75266,-1.32422,1.00895,-1.94565,1.10136,1.16858,2.20139,0.0140978,-0.0110655,0.00295393,0.0109481,-5.12723e-05,5.70311e-05,0.00030637,0,0,0,0,0,0,0,-1.81517,27.3968,-24.7366,6.80057,0.836199,2.53805,0.0972387,-0.932191,2.45746,-3.04414,1.63718,0.192981,0.927738,0.0456255
1722656,1,-2.75241,-1.32545,1.01103,-1.94692,1.10108,1.16772,2.20138,-2.75266,-1.32422,1.00895,-1.94565,1.10136,1.16858,2.20139,0.0144061,-0.00825637,0.000206049,0.011305,0.00057617,-0.0051226,-0.000508269,0,0,0,0,0,0,0,-1.84295,27.3968,-24.6612,6.80057,0.819719,2.55087,0.116465,-0.939438,2.45068,-3.03889,1.63937,0.193621,0.928501,0.0473174
1722657,1,-2.7524,-1.32546,1.01103,-1.9469,1.10108,1.16772,2.20138,-2.75266,-1.32422,1.00895,-1.94565,1.10136,1.16858,2.20139,0.0123056,-0.0135986,0.00134379,0.0101951,0.000824923,-0.00380556,-0.000101816,0,0,0,0,0,0,0,-1.79137,27.4484,-24.7128,6.72519,0.807817,2.55087,0.110056,-0.942679,2.44496,-3.03623,1.64446,0.194517,0.929431,0.0489794
1722658,1,-2.75238,-1.32547,1.01103,-1.94689,1.10108,1.16772,2.20138,-2.75266,-1.32422,1.00895,-1.94565,1.10136,1.16858,2.20139,0.0134129,-0.0120422,0.000895861,0.00997282,0.000753399,-0.00259255,0.000169235,0,0,0,0,0,0,0,-1.84295,27.3968,-24.7128,6.75296,0.802324,2.54446,0.103647,-0.944098,2.44276,-3.03658,1.65045,0.195546,0.930483,0.0506054
1722659,1,-2.75237,-1.32548,1.01103,-1.94688,1.10108,1.16772,2.20138,-2.75266,-1.32422,1.00895,-1.94565,1.10136,1.16858,2.20139,0.0155149,-0.0132893,0.000597241,0.00741495,0.000909167,-0.00194802,0.000824715,0,0,0,0,0,0,0,-1.81517,27.4484,-24.7128,6.75296,0.791338,2.54446,0.0844213,-0.946851,2.44482,-3.03933,1.65569,0.196558,0.931632,0.0521888
1722660,1,-2.75235,-1.3255,1.01104,-1.94687,1.10108,1.16772,2.20138,-2.75266,-1.32422,1.00895,-1.94565,1.10136,1.16858,2.20139,0.0195687,-0.0153809,0.00160459,0.00809594,0.00019921,-0.00122606,-0.000874483,0,0,0,0,0,0,0,-1.89452,27.5476,-24.7643,6.77677,0.802324,2.53805,0.122873,-0.956925,2.45259,-3.04374,1.65739,0.1973,0.932939,0.0537074
1722661,1,-2.75234,-1.3255,1.01104,-1.94686,1.10108,1.16772,2.20138,-2.75266,-1.32422,1.00895,-1.94565,1.10136,1.16858,2.20139,0.0166111,-0.0118414,0.00106972,0.00729604,0.000336257,-0.000228849,-0.000583093,0,0,0,0,0,0,0,-1.84295,27.5714,-24.7643,6.72519,0.796831,2.51882,0.122873,-0.976228,2.46625,-3.04962,1.65433,0.197638,0.934398,0.0551508
1722662,1,-2.75233,-1.32551,1.01104,-1.94685,1.10108,1.16772,2.20138,-2.75266,-1.32422,1.00895,-1.94565,1.10136,1.16858,2.20139,0.0124574,-0.00755361,0.00191958,0.0122512,2.07211e-05,-0.000719949,0.000797988,0,0,0,0,0,0,0,-1.84295,27.5238,-24.8159,6.70139,0.802324,2.53164,0.09083,-0.995812,2.47786,-3.054,1.65018,0.197737,0.93564,0.0565594
1722663,1,-2.75231,-1.32552,1.01104,-1.94683,1.10108,1.16772,2.20138,-2.75266,-1.32422,1.00895,-1.94565,1.10136,1.16858,2.20139,0.0138459,-0.00878219,0.00127972,0.0127804,-0.000393087,-0.000312106,-0.000180143,0,0,0,0,0,0,0,-1.89452,27.5238,-24.8159,6.67759,0.81331,2.52523,0.110056,-1.00957,2.48244,-3.05496,1.64671,0.197666,0.936361,0.0579581
1722664,1,-2.7523,-1.32552,1.01104,-1.94682,1.10108,1.16772,2.20138,-2.75266,-1.32422,1.00895,-1.94565,1.10136,1.16858,2.20139,0.0128521,-0.00848538,0.000853145,0.0116363,-5.86075e-05,-0.000260195,0.000354578,0,0,0,0,0,0,0,-1.86675,27.4722,-24.8159,6.72519,0.807817,2.52523,0.0972387,-1.02004,2.48263,-3.05322,1.6425,0.197388,0.936619,0.0593275
1722665,1,-2.75229,-1.32553,1.01104,-1.94681,1.10108,1.16772,2.20138,-2.75266,-1.32422,1.00895,-1.94565,1.10136,1.16858,2.20139,0.00906909,-0.00644247,0.00168239,0.0124496,0.000164379,-0.000449916,-0.000238365,0,0,0,0,0,0,0,-1.84295,27.4722,-24.8635,6.70139,0.802324,2.53164,0.110056,-1.02598,2.47911,-3.04978,1.63916,0.19709,0.936525,0.0606604
1722666,1,-2.75229,-1.32554,1.01104,-1.9468,1.10108,1.16771,2.20138,-2.75266,-1.32422,1.00895,-1.94565,1.10136,1.16858,2.20139,0.0083706,-0.00738277,-0.00119846,0.0130205,0.000109586,-0.000803982,0.00102786,0,0,0,0,0,0,0,-1.76757,27.4484,-24.7643,6.67759,0.802324,2.54446,0.0780126,-1.02402,2.4704,-3.04447,1.63876,0.19695,0.936049,0.0619602
1722667,1,-2.75228,-1.32555,1.01104,-1.94679,1.10108,1.16771,2.20138,-2.75266,-1.32422,1.00895,-1.94565,1.10136,1.16858,2.20139,0.00827035,-0.00874445,0.000964266,0.0140654,-0.000130393,-0.0010327,0.000447862,0,0,0,0,0,0,0,-1.71599,27.4484,-24.8397,6.62601,0.807817,2.55728,0.0844213,-1.01711,2.45932,-3.03793,1.63956,0.19689,0.935266,0.0632087
1722668,1,-2.75226,-1.32555,1.01105,-1.94678,1.10109,1.16771,2.20139,-2.75266,-1.32422,1.00895,-1.94565,1.10136,1.16858,2.20139,0.0107865,-0.00978297,0.00240608,0.0123271,0.000760782,-0.00117967,0.000773279,0,0,0,0,0,0,0,-1.76757,27.4484,-24.9151,6.67759,0.784929,2.57009,0.071604,-1.01165,2.45208,-3.03401,1.63845,0.196728,0.934566,0.064375
1722669,1,-2.75226,-1.32556,1.01105,-1.94677,1.10108,1.16771,2.20139,-2.75266,-1.32422,1.00895,-1.94565,1.10136,1.16858,2.20139,0.00998422,-0.00737335,-0.000715995,0.0124117,-0.000137072,-0.00056146,0.00122759,0,0,0,0,0,0,0,-1.71599,27.4484,-24.8159,6.67759,0.802324,2.56369,0.0523779,-1.01079,2.44977,-3.03317,1.63471,0.196403,0.934149,0.0654369
1722670,1,-2.75224,-1.32557,1.01105,-1.94676,1.10108,1.16771,2.20139,-2.75266,-1.32422,1.00895,-1.94565,1.10136,1.16858,2.20139,0.0112212,-0.00884976,0.00128591,0.0124682,-0.000294832,-0.000146225,0.000343665,0,0,0,0,0,0,0,-1.7398,27.4484,-24.8913,6.67759,0.807817,2.55728,0.0651953,-1.01417,2.4494,-3.03243,1.62909,0.195935,0.933895,0.0663717
1722671,1,-2.75223,-1.32558,1.01105,-1.94676,1.10108,1.16771,2.20138,-2.75266,-1.32422,1.00895,-1.94565,1.10136,1.16858,2.20139,0.0091052,-0.00665337,-0.000349154,0.00758882,-0.000637364,0.000132918,-8.25497e-06,0,0,0,0,0,0,0,-1.76757,27.4484,-24.8397,6.75296,0.819719,2.55087,0.071604,-1.01869,2.44888,-3.03132,1.62389,0.195498,0.933794,0.0671643
1722672,1,-2.75223,-1.32559,1.01105,-1.94674,1.10108,1.16771,2.20138,-2.75266,-1.32422,1.00895,-1.94565,1.10136,1.16858,2.20139,0.00825739,-0.00732078,0.00153047,0.0102198,-0.00018755,8.33938e-05,-5.50771e-06,0,0,0,0,0,0,0,-1.69219,27.5476,-24.9151,6.70139,0.81331,2.55087,0.071604,-1.01953,2.44596,-3.03021,1.62227,0.19534,0.933841,0.0678282
1722673,1,-2.75222,-1.3256,1.01105,-1.94674,1.10108,1.16771,2.20139,-2.75266,-1.32422,1.00895,-1.94565,1.10136,1.16858,2.20139,0.00785919,-0.00847734,0.00102031,0.00791803,-0.000125034,0.0005264,0.000945761,0,0,0,0,0,0,0,-1.61681,27.5476,-24.9151,6.82438,0.81331,2.53805,0.0459692,-1.01624,2.44195,-3.03047,1.62377,0.195448,0.93403,0.0683823
1722674,1,-2.75221,-1.3256,1.01105,-1.94673,1.10108,1.16771,2.20138,-2.75266,-1.32422,1.00895,-1.94565,1.10136,1.16858,2.20139,0.00770258,-0.00996239,0.00328141,0.0109421,0.000526996,0.000110639,-0.00198044,0,0,0,0,0,0,0,-1.56524,27.5714,-24.8913,6.75296,0.796831,2.54446,0.116465,-1.01223,2.44124,-3.03453,1.62553,0.195641,0.934437,0.068828
1722675,1,-2.75221,-1.32561,1.01106,-1.94672,1.10108,1.16771,2.20138,-2.75266,-1.32422,1.00895,-1.94565,1.10136,1.16858,2.20139,0.00873536,-0.00799225,0.0036572,0.0102744,0.00014788,-0.000165801,-0.000370862,0,0,0,0,0,0,0,-1.54143,27.5992,-24.9429,6.80057,0.802324,2.55087,0.09083,-1.01073,2.44613,-3.04341,1.62513,0.195709,0.935108,0.069184
1722676,1,-2.7522,-1.32562,1.01106,-1.94671,1.10108,1.16771,2.20138,-2.75266,-1.32422,1.00895,-1.94565,1.10136,1.16858,2.20139,0.00781329,-0.00696757,0.00319232,0.0115179,-0.000749124,0.000125174,-0.000484602,0,0,0,0,0,0,0,-1.46209,27.6468,-24.9667,6.77677,0.825212,2.54446,0.0972387,-1.01232,2.45437,-3.05496,1.62225,0.195559,0.935932,0.0695074
1722677,1,-2.7522,-1.32562,1.01106,-1.94671,1.10108,1.16771,2.20138,-2.75266,-1.32422,1.00895,-1.94565,1.10136,1.16858,2.20139,0.00504555,-0.00392576,0.00171944,0.0107169,-5.86064e-05,8.22109e-05,0.000863726,0,0,0,0,0,0,0,-1.41448,27.5992,-24.9429,6.82438,0.81331,2.54446,0.0651953,-1.0127,2.46012,-3.06482,1.6195,0.195341,0.936616,0.069847
1722678,1,-2.75219,-1.32562,1.01106,-1.9467,1.10108,1.16771,2.20138,-2.75266,-1.32422,1.00895,-1.94565,1.10136,1.16858,2.20139,0.00713429,-0.0017065,0.0006077,0.00951805,0.00016438,5.38785e-05,-0.0010857,0,0,0,0,0,0,0,-1.41448,27.5476,-24.9151,6.89975,0.807817,2.54446,0.110056,-1.00781,2.45801,-3.06902,1.61974,0.195237,0.936921,0.0702147
1722679,1,-2.75218,-1.32563,1.01106,-1.94669,1.10108,1.16771,2.20138,-2.75266,-1.32422,1.00895,-1.94565,1.10136,1.16858,2.20139,0.00378233,-0.00448925,0.00225164,0.00847172,0.000313037,0.000272581,0.000225638,0,0,0,0,0,0,0,-1.3391,27.5476,-24.9905,6.85215,0.802324,2.53805,0.0844213,-0.997484,2.44864,-3.06808,1.6237,0.195322,0.93692,0.0706066
1722680,1,-2.75218,-1.32563,1.01107,-1.94669,1.10108,1.16772,2.20138,-2.75266,-1.32422,1.00895,-1.94565,1.10136,1.16858,2.20139,0.00563322,-0.00538029,0.00429981,0.0084617,0.000208691,0.000418557,0.000150425,0,0,0,0,0,0,0,-1.31133,27.496,-24.9667,6.89975,0.802324,2.53164,0.0844213,-0.983704,2.43886,-3.06796,1.63004,0.195581,0.936947,0.0710222
1722681,1,-2.75217,-1.32563,1.01106,-1.94668,1.10108,1.16772,2.20138,-2.75266,-1.32422,1.00895,-1.94565,1.10136,1.16858,2.20139,0.00270037,-0.00361432,0.00263099,0.00950041,-0.000708583,0.000278646,-0.00108651,0,0,0,0,0,0,0,-1.23595,27.4722,-24.9429,6.89975,0.825212,2.53164,0.116465,-0.968496,2.43225,-3.07145,1.63704,0.195913,0.93713,0.071455
1722682,1,-2.75217,-1.32563,1.01107,-1.94668,1.10108,1.16771,2.20138,-2.75266,-1.32422,1.00895,-1.94565,1.10136,1.16858,2.20139,0.00500263,-0.00229094,0.00199494,0.00916506,-0.000268938,-0.000289247,-1.22647e-05,0,0,0,0,0,0,0,-1.21215,27.4484,-24.9429,6.95133,0.819719,2.54446,0.0972387,-0.95267,2.42612,-3.07522,1.64402,0.196227,0.937261,0.071906
1722683,1,-2.75217,-1.32564,1.01107,-1.94667,1.10108,1.16771,2.20138,-2.75266,-1.32422,1.00895,-1.94565,1.10136,1.16858,2.20139,0.00223918,-0.00185595,0.00262429,0.0120594,5.80668e-05,-0.000193052,-0.000245536,0,0,0,0,0,0,0,-1.13677,27.4484,-24.9905,6.87595,0.81331,2.54446,0.103647,-0.93738,2.41881,-3.07697,1.65007,0.196429,0.937209,0.0723918
1722684,1,-2.75216,-1.32564,1.01107,-1.94667,1.10108,1.16771,2.20138,-2.75266,-1.32422,1.00895,-1.94565,1.10136,1.16858,2.20139,0.00370976,-0.00148379,0.00132825,0.0077963,0.000445612,-0.000366226,0.0010231,0,0,0,0,0,0,0,-1.08519,27.4484,-24.9667,6.92752,0.802324,2.55087,0.071604,-0.922617,2.4105,-3.07696,1.65522,0.196529,0.937005,0.072918
1722685,1,-2.75216,-1.32565,1.01107,-1.94666,1.10108,1.16771,2.20138,-2.75266,-1.32422,1.00895,-1.94565,1.10136,1.16858,2.20139,0.00188569,-0.00349411,0.00580102,0.0071263,9.36243e-05,-0.000244274,0.000682069,0,0,0,0,0,0,0,-1.03362,27.5476,-25.0421,6.87595,0.807817,2.55087,0.071604,-0.906734,2.40264,-3.07791,1.66132,0.196707,0.936885,0.0734709
1722686,1,-2.75216,-1.32565,1.01107,-1.94666,1.10108,1.16771,2.20138,-2.75266,-1.32422,1.00895,-1.94565,1.10136,1.16858,2.20139,-4.18978e-05,-0.00191125,0.00364099,0.00721718,-0.000581844,7.44164e-05,-0.00168152,0,0,0,0,0,0,0,-0.958241,27.5238,-25.0182,6.92752,0.825212,2.54446,0.129282,-0.887657,2.39696,-3.08301,1.66967,0.197092,0.937044,0.0740184
1722687,1,-2.75216,-1.32564,1.01108,-1.94665,1.10108,1.16771,2.20138,-2.75266,-1.32422,1.00895,-1.94565,1.10136,1.16858,2.20139,0.00096984,-0.000728538,0.00564483,0.00668511,-0.000184445,4.95412e-05,-0.000883653,0,0,0,0,0,0,0,-0.986012,27.496,-25.1452,6.87595,0.819719,2.54446,0.122873,-0.864458,2.39192,-3.09104,1.68027,0.197666,0.937372,0.074554
1722688,1,-2.75215,-1.32565,1.01108,-1.94665,1.10108,1.16772,2.20138,-2.75266,-1.32422,1.00895,-1.94565,1.10136,1.16858,2.20139,0.00146449,-0.00177011,0.00274268,0.00440035,0.000317846,0.000507693,-0.000826461,0,0,0,0,0,0,0,-1.00982,27.5476,-25.0936,6.89975,0.807817,2.53164,0.129282,-0.839601,2.3864,-3.09938,1.69207,0.198337,0.93776,0.0751159
1722689,1,-2.75215,-1.32565,1.01109,-1.94665,1.10108,1.16772,2.20138,-2.75266,-1.32422,1.00895,-1.94565,1.10136,1.16858,2.20139,0.00172898,-0.000681754,0.00428791,0.00265927,8.44676e-06,0.000338423,0.000398462,0,0,0,0,0,0,0,-1.03362,27.5238,-25.1928,6.92752,0.81331,2.53164,0.103647,-0.815267,2.38062,-3.10676,1.70454,0.199082,0.93818,0.0757402
1722690,1,-2.75215,-1.32565,1.01109,-1.94665,1.10108,1.16771,2.20138,-2.75266,-1.32422,1.00895,-1.94565,1.10136,1.16858,2.20139,0.00129953,0.000151241,0.00240635,0.00326076,0.000412532,-1.17732e-05,-0.000683795,0,0,0,0,0,0,0,-1.03362,27.496,-25.169,6.87595,0.802324,2.53805,0.129282,-0.791689,2.37392,-3.11245,1.71763,0.199882,0.938574,0.0764362
1722691,1,-2.75215,-1.32564,1.01109,-1.94665,1.10108,1.16771,2.20138,-2.75266,-1.32422,1.00895,-1.94565,1.10136,1.16858,2.20139,0.000976514,0.000624737,0.00168266,0.00238496,-0.000369239,-7.87084e-06,-0.000218504,0,0,0,0,0,0,0,-1.03362,27.4722,-25.169,6.87595,0.819719,2.53805,0.122873,-0.768912,2.36534,-3.11534,1.73076,0.200666,0.938816,0.0771944
1722692,1,-2.75215,-1.32564,1.0111,-1.94665,1.10108,1.16771,2.20138,-2.75266,-1.32422,1.00895,-1.94565,1.10136,1.16858,2.20139,0.00314648,0.000948626,0.00118058,0.00174831,0.00019465,-0.000242623,-0.000383028,0,0,0,0,0,0,0,-1.13677,27.4484,-25.169,6.87595,0.807817,2.54446,0.129282,-0.748415,2.3552,-3.11485,1.74284,0.201353,0.938861,0.0780083
1722693,1,-2.75215,-1.32564,1.0111,-1.94664,1.10108,1.16771,2.20138,-2.75266,-1.32422,1.00895,-1.94565,1.10136,1.16858,2.20139,0.000953192,5.70979e-05,0.00138798,0.00249072,0.000129767,7.55981e-05,0.000456725,0,0,0,0,0,0,0,-1.08519,27.4722,-25.1928,6.82438,0.807817,2.53805,0.110056,-0.731914,2.34552,-3.11245,1.75265,0.201871,0.938795,0.0788747
1722694,1,-2.75216,-1.32564,1.01111,-1.94665,1.10108,1.16771,2.20138,-2.75266,-1.32422,1.00895,-1.94565,1.10136,1.16858,2.20139,-0.0010813,0.000580996,0.00160802,0.000543117,8.65113e-05,5.03894e-05,-0.000407594,0,0,0,0,0,0,0,-1.00982,27.4484,-25.2206,6.87595,0.807817,2.53805,0.129282,-0.716553,2.33699,-3.11032,1.76121,0.202321,0.938668,0.0797848
1722695,1,-2.75216,-1.32564,1.01111,-1.94665,1.10108,1.16771,2.20138,-2.75266,-1.32422,1.00895,-1.94565,1.10136,1.16858,2.20139,0.000520413,0.00102653,0.00109682,-0.000127936,-0.000383135,0.000508304,-0.000509088,0,0,0,0,0,0,0,-1.06139,27.4206,-25.2206,6.89975,0.819719,2.52523,0.135691,-0.699182,2.3286,-3.10927,1.7704,0.202852,0.938507,0.0807287
1722696,1,-2.75216,-1.32564,1.01111,-1.94665,1.10108,1.16771,2.20138,-2.75266,-1.32422,1.00895,-1.94565,1.10136,1.16858,2.20139,-0.000276531,2.69344e-05,0.0039153,0.00052162,0.000185386,0.000101505,-0.000339392,0,0,0,0,0,0,0,-1.03362,27.4484,-25.2206,6.87595,0.807817,2.53164,0.135691,-0.681807,2.32177,-3.11051,1.7793,0.203386,0.938425,0.081704
1722697,1,-2.75216,-1.32563,1.01112,-1.94665,1.10108,1.16771,2.20138,-2.75266,-1.32422,1.00895,-1.94565,1.10136,1.16858,2.20139,-0.00192799,0.00121853,0.00400157,0.000385321,0.000733942,0.000305025,-0.000734888,0,0,0,0,0,0,0,-0.958241,27.3968,-25.2682,6.87595,0.791338,2.52523,0.149424,-0.665368,2.31843,-3.11631,1.78687,0.203841,0.938533,0.08272
1722698,1,-2.75216,-1.32563,1.01111,-1.94665,1.10108,1.16771,2.20138,-2.75266,-1.32422,1.00895,-1.94565,1.10136,1.16858,2.20139,-0.00127062,0.00201438,0.00493161,-0.00147818,0.000285844,-0.000271371,0.000493419,0,0,0,0,0,0,0,-0.958241,27.3452,-25.2206,6.95133,0.796831,2.53805,0.122873,-0.647975,2.31705,-3.1264,1.79425,0.204269,0.938807,0.083791
1722699,1,-2.75217,-1.32564,1.01112,-1.94665,1.10108,1.16771,2.20138,-2.75266,-1.32422,1.00895,-1.94565,1.10136,1.16858,2.20139,-0.00259929,0.000133203,0.0068723,-0.000964316,0.000190563,0.000293802,-0.000654398,0,0,0,0,0,0,0,-0.882862,27.3968,-25.2206,6.95133,0.796831,2.52523,0.149424,-0.629449,2.31732,-3.14057,1.80197,0.204692,0.939271,0.0849172
1722700,1,-2.75217,-1.32563,1.01112,-1.94665,1.10108,1.16771,2.20138,-2.75266,-1.32422,1.00895,-1.94565,1.10136,1.16858,2.20139,-0.00172459,0.00129276,0.00832221,-7.02136e-05,-0.000279859,-4.14927e-05,0.00030972,0,0,0,0,0,0,0,-0.882862,27.3452,-25.2206,6.92752,0.807817,2.53164,0.129282,-0.611695,2.32154,-3.16018,1.80862,0.205016,0.940002,0.0860817
1722701,1,-2.75218,-1.32563,1.01113,-1.94666,1.10108,1.16771,2.20138,-2.75266,-1.32422,1.00895,-1.94565,1.10136,1.16858,2.20139,-0.00290676,0.0014168,0.00865044,-0.00170536,-0.000186573,-2.76631e-05,0.00020648,0,0,0,0,0,0,0,-0.807484,27.3214,-25.1928,6.99894,0.807817,2.53164,0.129282,-0.595568,2.32945,-3.18439,1.81363,0.205186,0.940959,0.0872748
1722702,1,-2.75218,-1.32563,1.01113,-1.94666,1.10108,1.16771,2.20138,-2.75266,-1.32422,1.00895,-1.94565,1.10136,1.16858,2.20139,-0.00193319,0.000943142,0.00775117,-0.0017776,7.90687e-05,0.000218916,-0.000370973,0,0,0,0,0,0,0,-0.807484,27.3214,-25.2444,7.02671,0.802324,2.52523,0.143015,-0.580614,2.33887,-3.21038,1.81775,0.205261,0.942008,0.0884821
1722703,1,-2.75218,-1.32563,1.01113,-1.94666,1.10108,1.16771,2.20138,-2.75266,-1.32422,1.00895,-1.94565,1.10136,1.16858,2.20139,-0.00249173,0.000627719,0.00771356,-0.002292,-0.000591548,0.000145943,0.000261311,0,0,0,0,0,0,0,-0.755909,27.3214,-25.1928,7.07431,0.819719,2.52523,0.129282,-0.567529,2.34895,-3.2357,1.82086,0.205252,0.943015,0.0896848
1722704,1,-2.75219,-1.32562,1.01113,-1.94667,1.10108,1.16771,2.20138,-2.75266,-1.32422,1.00895,-1.94565,1.10136,1.16858,2.20139,-0.00342177,0.00218094,0.00473035,-0.0020798,-0.000157006,-0.000140064,0.00112364,0,0,0,0,0,0,0,-0.680531,27.2461,-25.1452,7.09812,0.81331,2.53164,0.103647,-0.55581,2.35766,-3.25748,1.82326,0.205182,0.943787,0.0908759
1722705,1,-2.7522,-1.32562,1.01113,-1.94667,1.10108,1.16771,2.20138,-2.75266,-1.32422,1.00895,-1.94565,1.10136,1.16858,2.20139,-0.00404246,0.00210298,0.00303016,-0.00138277,-0.00034203,-9.33764e-05,0.000986454,0,0,0,0,0,0,0,-0.605152,27.2183,-25.1174,7.09812,0.819719,2.53164,0.0972387,-0.543794,2.36163,-3.27203,1.82571,0.205091,0.944064,0.0920342
1722706,1,-2.7522,-1.32561,1.01114,-1.94667,1.10108,1.16771,2.20139,-2.75266,-1.32422,1.00895,-1.94565,1.10136,1.16858,2.20139,-0.00325031,0.00260798,0.00417799,-0.00778968,0.00021279,-0.00029961,0.00208179,0,0,0,0,0,0,0,-0.581349,27.1667,-25.1928,7.12589,0.807817,2.53805,0.0587866,-0.530049,2.3598,-3.2791,1.82974,0.205096,0.94389,0.0931229
1722707,1,-2.75221,-1.32561,1.01114,-1.94668,1.10108,1.16771,2.20138,-2.75266,-1.32422,1.00895,-1.94565,1.10136,1.16858,2.20139,-0.00392901,0.00285194,0.000761268,-0.00737986,-0.000705851,0.000274978,0.000913142,0,0,0,0,0,0,0,-0.50597,27.1191,-25.0936,7.1973,0.830705,2.52523,0.071604,-0.512873,2.35212,-3.28034,1.83769,0.20539,0.943482,0.0940974
1722708,1,-2.75222,-1.32561,1.01114,-1.94668,1.10108,1.16771,2.20138,-2.75266,-1.32422,1.00895,-1.94565,1.10136,1.16858,2.20139,-0.00382494,0.0049149,0.000729503,-0.00651356,-0.000267117,-5.40407e-05,0.000608761,0,0,0,0,0,0,0,-0.454395,27.1191,-25.0936,7.24887,0.825212,2.53164,0.071604,-0.492789,2.33825,-3.27523,1.84893,0.205912,0.942795,0.0949054
1722709,1,-2.75223,-1.32561,1.01115,-1.94668,1.10108,1.16771,2.20138,-2.75266,-1.32422,1.00895,-1.94565,1.10136,1.16858,2.20139,-0.00431257,0.00417718,3.21485e-06,-0.00518961,2.53728e-05,-3.60273e-05,0.000168482,0,0,0,0,0,0,0,-0.379017,27.0913,-25.0659,7.27268,0.819719,2.53164,0.0780126,-0.472288,2.31979,-3.26444,1.86054,0.20642,0.941791,0.0955196
1722710,1,-2.75224,-1.3256,1.01115,-1.94669,1.10108,1.16772,2.20139,-2.75266,-1.32422,1.00895,-1.94565,1.10136,1.16858,2.20139,-0.00566419,0.0067078,0.00198305,-0.00840961,-0.000186535,0.000688059,0.00106176,0,0,0,0,0,0,0,-0.379017,27.0675,-25.1452,7.34806,0.825212,2.51242,0.0523779,-0.450913,2.29862,-3.25108,1.87228,0.206892,0.940627,0.095951
1722711,1,-2.75225,-1.3256,1.01115,-1.94669,1.10108,1.16772,2.20138,-2.75266,-1.32422,1.00895,-1.94565,1.10136,1.16858,2.20139,-0.00577148,0.00608429,0.00273386,-0.00657398,7.90936e-05,-1.60123e-05,-4.23878e-06,0,0,0,0,0,0,0,-0.303639,27.016,-25.0659,7.37186,0.819719,2.52523,0.071604,-0.42639,2.27574,-3.2386,1.88568,0.207435,0.939509,0.0962192
1722712,1,-2.75226,-1.3256,1.01115,-1.9467,1.10108,1.16772,2.20139,-2.75266,-1.32422,1.00895,-1.94565,1.10136,1.16858,2.20139,-0.00828603,0.0043607,0.00215733,-0.00534034,5.27291e-05,-1.06749e-05,0.000471892,0,0,0,0,0,0,0,-0.252064,27.016,-25.0659,7.39963,0.819719,2.52523,0.0587866,-0.399718,2.25422,-3.22948,1.89946,0.207978,0.93852,0.0963268
1722713,1,-2.75227,-1.32559,1.01115,-1.9467,1.10108,1.16771,2.20139,-2.75266,-1.32422,1.00895,-1.94565,1.10136,1.16858,2.20139,-0.0107269,0.00313551,0.00168929,-0.0061935,0.000272512,0.000230242,0.000551954,0,0,0,0,0,0,0,-0.176685,27.016,-25.0659,7.37186,0.81331,2.51882,0.0523779,-0.371078,2.23651,-3.22441,1.91258,0.2085,0.937592,0.0962785
1722714,1,-2.75228,-1.32559,1.01115,-1.94671,1.10108,1.16772,2.20138,-2.75266,-1.32422,1.00895,-1.94565,1.10136,1.16858,2.20139,-0.00890124,0.00226162,0.000757681,-0.00834209,-5.56845e-05,0.000153495,-0.000344108,0,0,0,0,0,0,0,-0.125111,27.016,-25.0421,7.39963,0.819719,2.51882,0.071604,-0.340047,2.22258,-3.22262,1.9259,0.209095,0.936703,0.0960849
1722715,1,-2.75229,-1.32559,1.01115,-1.94671,1.10108,1.16772,2.20139,-2.75266,-1.32422,1.00895,-1.94565,1.10136,1.16858,2.20139,-0.0106986,0.00219302,8.95343e-05,-0.00987069,-3.7123e-05,-0.000372388,0.000245313,0,0,0,0,0,0,0,-0.0775034,26.9922,-25.0182,7.42344,0.819719,2.53164,0.0587866,-0.308024,2.21152,-3.22255,1.93999,0.209799,0.935893,0.0957632
1722716,1,-2.7523,-1.32559,1.01115,-1.94672,1.10108,1.16771,2.20138,-2.75266,-1.32422,1.00895,-1.94565,1.10136,1.16858,2.20139,-0.0109655,0.00155836,0.00192885,-0.007838,0.00021261,0.000463818,-0.000785894,0,0,0,0,0,0,0,-0.0775034,26.9922,-25.0936,7.44724,0.81331,2.51242,0.0844213,-0.275564,2.20287,-3.22405,1.95464,0.210572,0.935191,0.0953419
1722717,1,-2.75231,-1.32558,1.01115,-1.94672,1.10108,1.16771,2.20139,-2.75266,-1.32422,1.00895,-1.94565,1.10136,1.16858,2.20139,-0.0116574,0.0028744,0.000158911,-0.00695731,0.00014174,-0.000402865,0.000900224,0,0,0,0,0,0,0,-0.0497324,26.9168,-25.0421,7.49881,0.81331,2.53164,0.0459692,-0.24396,2.19675,-3.22726,1.96819,0.211247,0.934567,0.0948504
1722718,1,-2.75232,-1.32558,1.01115,-1.94673,1.10108,1.16771,2.20138,-2.75266,-1.32422,1.00895,-1.94565,1.10136,1.16858,2.20139,-0.00854871,0.00317689,-0.000391292,-0.00503236,-0.000346316,-3.12176e-05,-0.00129872,0,0,0,0,0,0,0,-0.0497324,26.8652,-25.0182,7.49881,0.825212,2.52523,0.0972387,-0.217019,2.19237,-3.22982,1.97811,0.211579,0.933902,0.0943061
1722719,1,-2.75233,-1.32557,1.01115,-1.94673,1.10108,1.16772,2.20138,-2.75266,-1.32422,1.00895,-1.94565,1.10136,1.16858,2.20139,-0.00683876,0.00271538,0.000897448,-0.00365053,-2.74268e-05,0.000453906,-0.000628456,0,0,0,0,0,0,0,-0.0259286,26.8414,-25.0659,7.49881,0.819719,2.51242,0.09083,-0.200534,2.19112,-3.2308,1.98128,0.211308,0.933222,0.0937183
1722720,1,-2.75235,-1.32557,1.01115,-1.94673,1.10108,1.16772,2.20138,-2.75266,-1.32422,1.00895,-1.94565,1.10136,1.16858,2.20139,-0.00949708,0.00249035,-0.000481812,-0.0026554,-0.000221735,6.52452e-05,-0.000181612,0,0,0,0,0,0,0,0.0256461,26.8136,-25.0182,7.49881,0.825212,2.51882,0.0844213,-0.195129,2.19431,-3.23152,1.97725,0.210424,0.932596,0.0931213
1722721,1,-2.75236,-1.32557,1.01115,-1.94673,1.10108,1.16772,2.20138,-2.75266,-1.32422,1.00895,-1.94565,1.10136,1.16858,2.20139,-0.00693375,0.0041767,-0.000296073,-0.000730126,-0.000554724,-0.000431221,-0.000121074,0,0,0,0,0,0,0,0.0256461,26.8414,-25.0182,7.44724,0.836199,2.53164,0.0844213,-0.196695,2.19975,-3.23156,1.96822,0.209108,0.931936,0.0925539
1722722,1,-2.75237,-1.32556,1.01115,-1.94675,1.10108,1.16772,2.20138,-2.75266,-1.32422,1.00895,-1.94565,1.10136,1.16858,2.20139,-0.0061879,0.00688113,-0.000828145,-0.00293152,-0.000369816,0.000187237,0.000156643,0,0,0,0,0,0,0,0.0732535,26.8136,-24.9905,7.54642,0.836199,2.51882,0.0780126,-0.20316,2.20405,-3.22918,1.95618,0.207483,0.931202,0.0920342
1722723,1,-2.75238,-1.32556,1.01115,-1.94675,1.10108,1.16771,2.20138,-2.75266,-1.32422,1.00895,-1.94565,1.10136,1.16858,2.20139,-0.00891116,0.00506073,0.000111656,-0.00410097,-0.000653445,0.000124825,-0.00013293,0,0,0,0,0,0,0,0.124828,26.8136,-25.0182,7.49881,0.847185,2.51882,0.0844213,-0.20992,2.20459,-3.22448,1.94493,0.205855,0.930461,0.0915707
1722724,1,-2.75239,-1.32556,1.01115,-1.94675,1.10108,1.16771,2.20138,-2.75266,-1.32422,1.00895,-1.94565,1.10136,1.16858,2.20139,-0.010045,0.00690301,-0.000564573,-0.00418165,-0.00023218,-0.000391501,0.000386098,0,0,0,0,0,0,0,0.148632,26.8136,-24.9905,7.54642,0.841692,2.53164,0.071604,-0.21045,2.20065,-3.21936,1.93834,0.204584,0.929757,0.0911637
1722725,1,-2.75241,-1.32555,1.01114,-1.94676,1.10108,1.16771,2.20138,-2.75266,-1.32422,1.00895,-1.94565,1.10136,1.16858,2.20139,-0.0124896,0.00448315,-0.000925241,-0.00359511,4.86641e-05,0.000213717,0.000257398,0,0,0,0,0,0,0,0.227978,26.8414,-24.9667,7.57022,0.836199,2.51882,0.071604,-0.202102,2.19279,-3.2146,1.93719,0.20378,0.929039,0.0908027
1722726,1,-2.75242,-1.32555,1.01114,-1.94676,1.10108,1.16771,2.20138,-2.75266,-1.32422,1.00895,-1.94565,1.10136,1.16858,2.20139,-0.0122866,0.00403644,-0.00116767,-0.00202783,-0.000171008,0.000379837,-0.000303119,0,0,0,0,0,0,0,0.227978,26.8136,-24.9429,7.54642,0.841692,2.51242,0.0844213,-0.186777,2.18377,-3.21088,1.93948,0.203333,0.928275,0.0904618
1722727,1,-2.75244,-1.32554,1.01114,-1.94677,1.10108,1.16771,2.20139,-2.75266,-1.32422,1.00895,-1.94565,1.10136,1.16858,2.20139,-0.0138452,0.00410314,-0.0019804,-0.00518671,8.94453e-05,-0.000221493,0.00149334,0,0,0,0,0,0,0,0.303356,26.766,-24.8913,7.57022,0.836199,2.52523,0.038645,-0.166707,2.17526,-3.20837,1.94391,0.203158,0.927485,0.090126
1722728,1,-2.75245,-1.32554,1.01114,-1.94678,1.10108,1.16771,2.20138,-2.75266,-1.32422,1.00895,-1.94565,1.10136,1.16858,2.20139,-0.0171218,0.00558427,-0.000760101,-0.00679715,0.000669982,-0.000147662,-0.000225142,0,0,0,0,0,0,0,0.32716,26.7898,-24.9151,7.57022,0.819719,2.52523,0.071604,-0.138591,2.16448,-3.20645,1.95339,0.203438,0.926698,0.0897942
1722729,1,-2.75246,-1.32553,1.01114,-1.94678,1.10108,1.16772,2.20139,-2.75266,-1.32422,1.00895,-1.94565,1.10136,1.16858,2.20139,-0.0166136,0.00415592,-0.00106103,-0.00822242,3.97535e-05,0.000138917,0.000324623,0,0,0,0,0,0,0,0.378734,26.7898,-24.8913,7.57022,0.830705,2.51882,0.0587866,-0.099648,2.14973,-3.20554,1.97012,0.204305,0.925983,0.0894515
1722730,1,-2.75247,-1.32553,1.01114,-1.94679,1.10108,1.16771,2.20139,-2.75266,-1.32422,1.00895,-1.94565,1.10136,1.16858,2.20139,-0.0122076,0.00637813,-0.000148654,-0.00929466,-0.000176948,-0.000144747,0.000962401,0,0,0,0,0,0,0,0.378734,26.7898,-24.9151,7.57022,0.836199,2.52523,0.038645,-0.0562565,2.1335,-3.20582,1.99095,0.205489,0.925475,0.0890824
1722731,1,-2.75248,-1.32552,1.01113,-1.9468,1.10108,1.16772,2.20139,-2.75266,-1.32422,1.00895,-1.94565,1.10136,1.16858,2.20139,-0.00954412,0.00653249,-0.00766006,-0.0101159,-0.000321416,0.000140861,0.000132974,0,0,0,0,0,0,0,0.402538,26.7144,-24.8635,7.57022,0.841692,2.51882,0.0523779,-0.018606,2.11669,-3.20293,2.0108,0.206569,0.925075,0.0886646
1722732,1,-2.7525,-1.32551,1.01113,-1.9468,1.10108,1.16772,2.20139,-2.75266,-1.32422,1.00895,-1.94565,1.10136,1.16858,2.20139,-0.00820584,0.0079221,-0.00619212,-0.00646046,-0.000417728,0.000568625,0.000597276,0,0,0,0,0,0,0,0.454113,26.7144,-24.8397,7.52262,0.847185,2.50601,0.038645,0.00705296,2.09839,-3.19134,2.02558,0.207214,0.924455,0.0881662
1722733,1,-2.75251,-1.32551,1.01113,-1.94681,1.10108,1.16772,2.20139,-2.75266,-1.32422,1.00895,-1.94565,1.10136,1.16858,2.20139,-0.00956394,0.00900645,-0.00508134,-0.00797541,0.000128416,0.000379083,-0.000347801,0,0,0,0,0,0,0,0.477917,26.7144,-24.8159,7.52262,0.836199,2.50601,0.0587866,0.0217319,2.07958,-3.17307,2.03425,0.207346,0.923603,0.0875822
1722734,1,-2.75252,-1.3255,1.01113,-1.94682,1.10108,1.16772,2.20139,-2.75266,-1.32422,1.00895,-1.94565,1.10136,1.16858,2.20139,-0.0112116,0.0110398,-0.00312809,-0.00603771,0.000695962,1.53633e-05,0.00122619,0,0,0,0,0,0,0,0.529491,26.6629,-24.8397,7.52262,0.819719,2.51242,0.0194189,0.0326381,2.0604,-3.15374,2.03988,0.207187,0.922722,0.0869363
1722735,1,-2.75253,-1.32549,1.01113,-1.94683,1.10108,1.16772,2.20139,-2.75266,-1.32422,1.00895,-1.94565,1.10136,1.16858,2.20139,-0.010786,0.00813298,-0.00286521,-0.00882255,0.000463975,1.02422e-05,-0.00040324,0,0,0,0,0,0,0,0.505688,26.6629,-24.8159,7.57022,0.819719,2.51242,0.0523779,0.0449365,2.04174,-3.13732,2.04506,0.206959,0.921976,0.0862405
1722736,1,-2.75255,-1.32549,1.01113,-1.94683,1.10108,1.16772,2.20139,-2.75266,-1.32422,1.00895,-1.94565,1.10136,1.16858,2.20139,-0.012124,0.00959847,-0.00152058,-0.00916022,-9.75846e-05,0.000244187,0.0002398,0,0,0,0,0,0,0,0.553295,26.6391,-24.8397,7.54642,0.830705,2.50601,0.038645,0.0600641,2.02577,-3.12624,2.05105,0.206809,0.921509,0.0854897
1722737,1,-2.75256,-1.32548,1.01112,-1.94684,1.10108,1.16772,2.20139,-2.75266,-1.32422,1.00895,-1.94565,1.10136,1.16858,2.20139,-0.0134224,0.0108641,-0.00234558,-0.0111176,0.000138394,0.00040015,-0.000586119,0,0,0,0,0,0,0,0.60487,26.6113,-24.7881,7.598,0.825212,2.4996,0.0587866,0.0807939,2.01068,-3.11976,2.06,0.206897,0.921277,0.0846968
1722738,1,-2.75257,-1.32547,1.01112,-1.94685,1.10108,1.16772,2.20139,-2.75266,-1.32422,1.00895,-1.94565,1.10136,1.16858,2.20139,-0.0131468,0.00857629,-0.00221461,-0.00823846,-0.000111188,-0.00044531,0.000355239,0,0,0,0,0,0,0,0.60487,26.5875,-24.7643,7.598,0.830705,2.51882,0.038645,0.107102,1.99525,-3.11597,2.07168,0.207199,0.921129,0.08388
1722739,1,-2.75258,-1.32546,1.01113,-1.94686,1.10108,1.16772,2.20139,-2.75266,-1.32422,1.00895,-1.94565,1.10136,1.16858,2.20139,-0.00916466,0.0106485,0.000773081,-0.00666916,-0.000481026,-5.95144e-05,-3.44411e-05,0,0,0,0,0,0,0,0.581066,26.5359,-24.8635,7.6218,0.841692,2.51242,0.0459692,0.131429,1.98375,-3.11539,2.081,0.207338,0.921114,0.0830422
1722740,1,-2.75259,-1.32546,1.01113,-1.94686,1.10108,1.16772,2.20139,-2.75266,-1.32422,1.00895,-1.94565,1.10136,1.16858,2.20139,-0.0111617,0.0103186,-0.000651157,-0.00491113,-0.000320684,0.000435042,-0.00026032,0,0,0,0,0,0,0,0.628673,26.5637,-24.8159,7.6218,0.841692,2.4996,0.0523779,0.147786,1.97855,-3.11829,2.08413,0.207005,0.921293,0.0821821
1722741,1,-2.7526,-1.32545,1.01112,-1.94687,1.10108,1.16772,2.20139,-2.75266,-1.32422,1.00895,-1.94565,1.10136,1.16858,2.20139,-0.0104247,0.00887376,-0.00112341,-0.00473648,0.000193112,5.26688e-05,0.00033508,0,0,0,0,0,0,0,0.581066,26.5121,-24.7881,7.66941,0.830705,2.50601,0.038645,0.157258,1.97816,-3.1228,2.08163,0.206259,0.921506,0.0813037
1722742,1,-2.75262,-1.32544,1.01113,-1.94688,1.10108,1.16772,2.20138,-2.75266,-1.32422,1.00895,-1.94565,1.10136,1.16858,2.20139,-0.0121984,0.00650704,0.00042772,-0.00406884,0.000128741,-0.000202246,-0.000759958,0,0,0,0,0,0,0,0.628673,26.5121,-24.8397,7.69718,0.830705,2.51242,0.0651953,0.162293,1.98289,-3.12913,2.075,0.205273,0.921711,0.0804129
1722743,1,-2.75262,-1.32543,1.01112,-1.94689,1.10108,1.16772,2.20139,-2.75266,-1.32422,1.00895,-1.94565,1.10136,1.16858,2.20139,-0.0103361,0.00783567,-0.000943605,-0.00402237,-0.000117623,-0.000134831,0.000951424,0,0,0,0,0,0,0,0.553295,26.5121,-24.7881,7.74479,0.836199,2.51242,0.0258276,0.164295,1.99281,-3.13799,2.06557,0.204162,0.921966,0.0795198
1722744,1,-2.75264,-1.32542,1.01113,-1.9469,1.10108,1.16772,2.20139,-2.75266,-1.32422,1.00895,-1.94565,1.10136,1.16858,2.20139,-0.0120239,0.00646046,0.000560612,-0.00664007,0.000125035,-8.98873e-05,-0.000111703,0,0,0,0,0,0,0,0.60487,26.4843,-24.8397,7.77256,0.830705,2.51242,0.0459692,0.165383,2.00513,-3.14811,2.05572,0.203071,0.922269,0.0786368
1722745,1,-2.75265,-1.32541,1.01112,-1.94691,1.10108,1.16772,2.20139,-2.75266,-1.32422,1.00895,-1.94565,1.10136,1.16858,2.20139,-0.0114746,0.00840372,-0.000195629,-0.00717065,8.33567e-05,-0.000297284,0.000671517,0,0,0,0,0,0,0,0.581066,26.4605,-24.8159,7.74479,0.830705,2.51882,0.0258276,0.169125,2.01652,-3.15858,2.04875,0.202213,0.922633,0.0777652
1722746,1,-2.75266,-1.3254,1.01113,-1.94691,1.10108,1.16772,2.20139,-2.75266,-1.32422,1.00895,-1.94565,1.10136,1.16858,2.20139,-0.0121807,0.00739743,0.000973786,-0.00840255,-0.00055478,-0.000198189,-0.000535666,0,0,0,0,0,0,0,0.60487,26.409,-24.8635,7.74479,0.847185,2.51882,0.0523779,0.177501,2.02483,-3.16875,2.04633,0.201683,0.923053,0.0768997
1722747,1,-2.75267,-1.3254,1.01112,-1.94693,1.10108,1.16772,2.20139,-2.75266,-1.32422,1.00895,-1.94565,1.10136,1.16858,2.20139,-0.0117559,0.00729636,-0.000471497,-0.0106351,3.70474e-05,0.000342592,0.000388874,0,0,0,0,0,0,0,0.581066,26.4605,-24.8159,7.79636,0.836199,2.50601,0.0322363,0.1904,2.02971,-3.1782,2.04859,0.201498,0.923522,0.0760374
1722748,1,-2.75268,-1.32539,1.01113,-1.94694,1.10108,1.16771,2.20139,-2.75266,-1.32422,1.00895,-1.94565,1.10136,1.16858,2.20139,-0.0122293,0.00863031,0.000793995,-0.0115677,2.46983e-05,-0.000483682,2.18906e-05,0,0,0,0,0,0,0,0.60487,26.4605,-24.8635,7.82016,0.836199,2.52523,0.038645,0.207794,2.03068,-3.18641,2.05571,0.201678,0.92402,0.0751845
1722749,1,-2.75268,-1.32538,1.01112,-1.94694,1.10108,1.16772,2.20139,-2.75266,-1.32422,1.00895,-1.94565,1.10136,1.16858,2.20139,-0.0124308,0.010694,-0.000588268,-0.011274,-0.000390436,0.000152263,-0.000731392,0,0,0,0,0,0,0,0.60487,26.409,-24.8159,7.79636,0.847185,2.51242,0.0587866,0.22977,2.026,-3.19207,2.06748,0.20216,0.924462,0.0743467
1722750,1,-2.7527,-1.32537,1.01113,-1.94695,1.10107,1.16772,2.20139,-2.75266,-1.32422,1.00895,-1.94565,1.10136,1.16858,2.20139,-0.00930283,0.0109706,0.000718465,-0.0121195,-0.00026029,0.000576227,-0.000487594,0,0,0,0,0,0,0,0.60487,26.409,-24.8635,7.82016,0.847185,2.4996,0.0587866,0.253591,2.01573,-3.19427,2.0819,0.20276,0.924796,0.0735292
1722751,1,-2.7527,-1.32536,1.01113,-1.94696,1.10108,1.16772,2.20139,-2.75266,-1.32422,1.00895,-1.94565,1.10136,1.16858,2.20139,-0.00955573,0.00694973,-0.00255124,-0.0102216,0.000640275,-9.05668e-05,-8.7704e-05,0,0,0,0,0,0,0,0.581066,26.4605,-24.8635,7.87174,0.825212,2.51242,0.0523779,0.273009,2.00445,-3.19369,2.09476,0.203211,0.925048,0.0727396
1722752,1,-2.75271,-1.32535,1.01113,-1.94697,1.10107,1.16772,2.20139,-2.75266,-1.32422,1.00895,-1.94565,1.10136,1.16858,2.20139,-0.0072042,0.00896867,-0.00195483,-0.0094626,-0.000624311,0.000176981,-0.000770546,0,0,0,0,0,0,0,0.581066,26.4367,-24.8635,7.82016,0.853594,2.50601,0.071604,0.283318,1.99658,-3.19089,2.10236,0.203294,0.925183,0.0719783
1722753,1,-2.75273,-1.32535,1.01113,-1.94698,1.10108,1.16772,2.20139,-2.75266,-1.32422,1.00895,-1.94565,1.10136,1.16858,2.20139,-0.0101842,0.00862484,-0.000844115,-0.0119855,-0.000619658,0.000355346,-3.89795e-05,0,0,0,0,0,0,0,0.656444,26.4843,-24.8913,7.89554,0.859087,2.4996,0.0587866,0.287118,1.99133,-3.18674,2.10605,0.203103,0.925211,0.0712613
1722754,1,-2.75273,-1.32534,1.01113,-1.94699,1.10107,1.16771,2.20139,-2.75266,-1.32422,1.00895,-1.94565,1.10136,1.16858,2.20139,-0.0095893,0.0114702,-0.000705623,-0.00828563,-0.000209655,-0.00023782,-2.59864e-05,0,0,0,0,0,0,0,0.60487,26.409,-24.8913,7.87174,0.853594,2.51242,0.0587866,0.29081,1.98562,-3.18258,2.10946,0.202883,0.925171,0.0706165
1722755,1,-2.75274,-1.32533,1.01113,-1.947,1.10108,1.16772,2.20139,-2.75266,-1.32422,1.00895,-1.94565,1.10136,1.16858,2.20139,-0.00776245,0.0105342,-0.00122719,-0.00878436,9.75892e-05,7.8812e-05,-1.73242e-05,0,0,0,0,0,0,0,0.628673,26.4605,-24.8635,7.84397,0.847185,2.50601,0.0587866,0.294402,1.97872,-3.1781,2.11209,0.202572,0.925017,0.070046
1722756,1,-2.75275,-1.32532,1.01112,-1.947,1.10108,1.16772,2.20138,-2.75266,-1.32422,1.00895,-1.94565,1.10136,1.16858,2.20139,-0.00867043,0.00914759,-0.00145531,-0.00605134,0.00047196,0.0002899,-0.000723626,0,0,0,0,0,0,0,0.628673,26.409,-24.8397,7.82016,0.836199,2.4996,0.0780126,0.294256,1.97309,-3.17334,2.1115,0.202011,0.924757,0.0695301
1722757,1,-2.75277,-1.32532,1.01112,-1.94702,1.10108,1.16772,2.20138,-2.75266,-1.32422,1.00895,-1.94565,1.10136,1.16858,2.20139,-0.010729,0.00558071,-0.00103048,-0.00580459,0.00011119,-0.000281451,-0.000245059,0,0,0,0,0,0,0,0.680248,26.4605,-24.8397,7.87174,0.841692,2.51242,0.071604,0.290605,1.97222,-3.17056,2.10715,0.201234,0.924447,0.0690587
1722758,1,-2.75277,-1.32531,1.01113,-1.94703,1.10108,1.16772,2.20139,-2.75266,-1.32422,1.00895,-1.94565,1.10136,1.16858,2.20139,-0.00941842,0.00600027,-0.000175384,-0.0054063,0.000277577,-0.000187634,0.000786063,0,0,0,0,0,0,0,0.60487,26.3852,-24.8635,7.91935,0.836199,2.51242,0.0459692,0.285302,1.97796,-3.17207,2.09991,0.200354,0.924192,0.0686396
1722759,1,-2.75278,-1.3253,1.01112,-1.94703,1.10107,1.16772,2.20139,-2.75266,-1.32422,1.00895,-1.94565,1.10136,1.16858,2.20139,-0.00713268,0.00494442,-0.00126445,-0.000487737,-0.00022185,0.00011227,0.000286683,0,0,0,0,0,0,0,0.60487,26.3614,-24.8159,7.77256,0.847185,2.50601,0.0523779,0.275561,1.99054,-3.17729,2.08851,0.199236,0.924033,0.0682633
1722760,1,-2.75279,-1.3253,1.01112,-1.94704,1.10107,1.16772,2.20139,-2.75266,-1.32422,1.00895,-1.94565,1.10136,1.16858,2.20139,-0.00865123,0.00423646,-0.000311586,-0.0022335,5.55507e-05,0.000312205,0.000191122,0,0,0,0,0,0,0,0.60487,26.3336,-24.8397,7.84397,0.841692,2.4996,0.0523779,0.258699,2.00923,-3.18452,2.0715,0.197735,0.923916,0.0678979
1722761,1,-2.7528,-1.32529,1.01112,-1.94705,1.10107,1.16772,2.20138,-2.75266,-1.32422,1.00895,-1.94565,1.10136,1.16858,2.20139,-0.00707584,0.00620645,-0.000783608,-0.00483042,3.70338e-05,-2.9222e-05,-0.000822021,0,0,0,0,0,0,0,0.628673,26.3336,-24.8159,7.84397,0.841692,2.50601,0.0780126,0.239452,2.02989,-3.19262,2.05297,0.196137,0.923849,0.0675363
1722762,1,-2.75281,-1.32529,1.01112,-1.94705,1.10108,1.16772,2.20139,-2.75266,-1.32422,1.00895,-1.94565,1.10136,1.16858,2.20139,-0.00824742,0.0089144,-0.000536709,-0.00250406,0.00022814,0.000217878,0.00185948,0,0,0,0,0,0,0,0.628673,26.282,-24.8159,7.79636,0.836199,2.4996,0.0130102,0.223429,2.04616,-3.19921,2.0376,0.194728,0.923775,0.0671995
1722763,1,-2.75282,-1.32529,1.01111,-1.94706,1.10107,1.16772,2.20139,-2.75266,-1.32422,1.00895,-1.94565,1.10136,1.16858,2.20139,-0.00920452,0.00531879,-0.00222457,-0.00621082,-0.000254808,0.000382611,1.89528e-05,0,0,0,0,0,0,0,0.628673,26.3336,-24.7366,7.84397,0.847185,2.49319,0.0459692,0.213486,2.05536,-3.20273,2.02714,0.193624,0.923578,0.0668852
1722764,1,-2.75283,-1.32528,1.01112,-1.94707,1.10108,1.16772,2.20139,-2.75266,-1.32422,1.00895,-1.94565,1.10136,1.16858,2.20139,-0.00989517,0.00947058,-0.00028467,-0.0064984,0.000237029,-0.000457003,0.000521261,0,0,0,0,0,0,0,0.628673,26.2344,-24.7881,7.79636,0.836199,2.51242,0.0322363,0.212292,2.05752,-3.20391,2.0233,0.192998,0.923279,0.0665625
1722765,1,-2.75283,-1.32528,1.01111,-1.94707,1.10108,1.16772,2.20139,-2.75266,-1.32422,1.00895,-1.94565,1.10136,1.16858,2.20139,-0.00965849,0.00892627,-0.00140224,-0.0092273,0.00036147,-0.000304669,-0.000161119,0,0,0,0,0,0,0,0.60487,26.282,-24.7366,7.84397,0.830705,2.51242,0.0459692,0.221185,2.05165,-3.20313,2.02735,0.192922,0.922953,0.0662195
1722766,1,-2.75284,-1.32528,1.01111,-1.94708,1.10108,1.16772,2.20139,-2.75266,-1.32422,1.00895,-1.94565,1.10136,1.16858,2.20139,-0.0107637,0.00721253,-0.00149616,-0.0080812,3.75294e-05,3.42465e-05,-0.000107412,0,0,0,0,0,0,0,0.628673,26.2582,-24.7128,7.89554,0.836199,2.50601,0.0459692,0.23822,2.03935,-3.20073,2.03789,0.193303,0.922626,0.0658511
1722767,1,-2.75285,-1.32527,1.01111,-1.94709,1.10108,1.16772,2.20139,-2.75266,-1.32422,1.00895,-1.94565,1.10136,1.16858,2.20139,-0.0112696,0.00589381,-0.00155765,-0.0059299,2.50196e-05,2.2831e-05,0.00138645,0,0,0,0,0,0,0,0.628673,26.2344,-24.689,7.89554,0.836199,2.50601,0.00660151,0.258957,2.02576,-3.19826,2.05092,0.193898,0.922291,0.0654466
1722768,1,-2.75286,-1.32527,1.01111,-1.94709,1.10108,1.16772,2.20139,-2.75266,-1.32422,1.00895,-1.94565,1.10136,1.16858,2.20139,-0.0111323,0.00497531,-0.00104098,-0.00547372,-0.000186771,1.52207e-05,-2.51332e-05,0,0,0,0,0,0,0,0.60487,26.2066,-24.689,7.94315,0.841692,2.50601,0.0322363,0.279097,2.01508,-3.19726,2.06262,0.194443,0.921964,0.0649896
1722769,1,-2.75287,-1.32527,1.01111,-1.94709,1.10107,1.16772,2.20139,-2.75266,-1.32422,1.00895,-1.94565,1.10136,1.16858,2.20139,-0.0114414,0.00296463,-0.00134551,-0.00589488,-0.000565323,-0.000464571,-1.67555e-05,0,0,0,0,0,0,0,0.60487,26.2344,-24.6612,7.89554,0.853594,2.51882,0.0322363,0.296394,2.0092,-3.19861,2.07166,0.194848,0.921715,0.0644573
1722770,1,-2.75287,-1.32526,1.01111,-1.9471,1.10107,1.16772,2.20139,-2.75266,-1.32422,1.00895,-1.94565,1.10136,1.16858,2.20139,-0.0110788,0.00522388,-0.000898438,-0.0100122,-0.000139523,-7.23549e-05,-0.000519797,0,0,0,0,0,0,0,0.581066,26.2344,-24.6612,7.99472,0.847185,2.51242,0.0459692,0.312265,2.0064,-3.20181,2.08007,0.195263,0.921608,0.0638583
1722771,1,-2.75288,-1.32526,1.0111,-1.94711,1.10108,1.16772,2.20139,-2.75266,-1.32422,1.00895,-1.94565,1.10136,1.16858,2.20139,-0.0113457,0.00769104,-0.00171366,-0.00731054,0.000313886,0.00066384,-7.52637e-05,0,0,0,0,0,0,0,0.581066,26.2066,-24.6136,7.99472,0.836199,2.49319,0.038645,0.329587,2.0014,-3.2041,2.09068,0.195825,0.921565,0.0632291
1722772,1,-2.75289,-1.32526,1.0111,-1.94711,1.10107,1.16772,2.20139,-2.75266,-1.32422,1.00895,-1.94565,1.10136,1.16858,2.20139,-0.0120647,0.00505385,-0.00114324,-0.00590732,-0.000197644,-3.21577e-05,0.000424542,0,0,0,0,0,0,0,0.60487,26.2344,-24.6136,8.01853,0.847185,2.50601,0.0258276,0.347697,1.9928,-3.20389,2.10238,0.196399,0.921438,0.062593
1722773,1,-2.7529,-1.32526,1.01109,-1.94711,1.10107,1.16772,2.20139,-2.75266,-1.32422,1.00895,-1.94565,1.10136,1.16858,2.20139,-0.0120677,0.00692743,-0.00261881,-0.00429583,-0.000369122,0.000453279,4.56691e-05,0,0,0,0,0,0,0,0.60487,26.2344,-24.5342,8.01853,0.853594,2.49319,0.0322363,0.364025,1.98323,-3.20169,2.11245,0.196801,0.921153,0.0619479
1722774,1,-2.75291,-1.32526,1.01109,-1.94712,1.10108,1.16772,2.20139,-2.75266,-1.32422,1.00895,-1.94565,1.10136,1.16858,2.20139,-0.0113666,0.00408923,-0.00109671,-0.00313209,0.000398179,-0.000172532,-0.000952898,0,0,0,0,0,0,0,0.581066,26.282,-24.562,8.01853,0.836199,2.50601,0.0587866,0.376409,1.97488,-3.19819,2.11929,0.196932,0.92073,0.0612838
1722775,1,-2.75292,-1.32525,1.01109,-1.94712,1.10108,1.16772,2.20139,-2.75266,-1.32422,1.00895,-1.94565,1.10136,1.16858,2.20139,-0.0124152,0.00316458,-0.00073148,-0.00284603,-0.000378807,-0.000115021,0.00011072,0,0,0,0,0,0,0,0.628673,26.282,-24.562,8.04233,0.853594,2.50601,0.038645,0.383501,1.97093,-3.19592,2.12213,0.196774,0.920334,0.0606087
1722776,1,-2.75292,-1.32525,1.01109,-1.94712,1.10107,1.16772,2.20139,-2.75266,-1.32422,1.00895,-1.94565,1.10136,1.16858,2.20139,-0.0086873,0.00243854,-0.00113752,-0.000377787,-0.000252538,-0.00031404,0.00149797,0,0,0,0,0,0,0,0.60487,26.282,-24.5342,7.97092,0.853594,2.51242,0.000192821,0.383521,1.97366,-3.19626,2.12015,0.196294,0.920083,0.0599406
1722777,1,-2.75293,-1.32525,1.01108,-1.94712,1.10108,1.16772,2.2014,-2.75266,-1.32422,1.00895,-1.94565,1.10136,1.16858,2.20139,-0.0103565,0.00242912,-0.00187216,-0.000921821,-0.000371809,2.79992e-05,0.00147336,0,0,0,0,0,0,0,0.628673,26.2582,-24.4866,7.99472,0.859087,2.50601,-0.0126246,0.374968,1.98219,-3.19749,2.11283,0.195448,0.919925,0.0592663
1722778,1,-2.75293,-1.32525,1.01108,-1.94712,1.10107,1.16772,2.2014,-2.75266,-1.32422,1.00895,-1.94565,1.10136,1.16858,2.20139,-0.0096447,0.00180438,-0.00245468,0.000507016,-0.000247873,0.000256025,0.000270165,0,0,0,0,0,0,0,0.581066,26.2582,-24.4351,7.94315,0.859087,2.4996,0.00660151,0.360786,1.99358,-3.19775,2.10213,0.194382,0.919754,0.0585401
1722779,1,-2.75294,-1.32525,1.01108,-1.94713,1.10107,1.16772,2.2014,-2.75266,-1.32422,1.00895,-1.94565,1.10136,1.16858,2.20139,-0.00785289,0.000135213,-0.00163656,-0.000375251,-0.00057215,0.000645401,0.000654828,0,0,0,0,0,0,0,0.60487,26.3098,-24.4351,7.97092,0.870073,2.48678,-0.00621587,0.342825,2.00696,-3.19707,2.08939,0.193217,0.919578,0.0577232
1722780,1,-2.75295,-1.32525,1.01108,-1.94713,1.10107,1.16772,2.2014,-2.75266,-1.32422,1.00895,-1.94565,1.10136,1.16858,2.20139,-0.0101493,0.000194183,-0.000534308,0.000351711,-0.000381433,0.000192909,-3.8166e-05,0,0,0,0,0,0,0,0.656444,26.3098,-24.4589,7.94315,0.870073,2.49319,0.00660151,0.322254,2.02297,-3.19725,2.07554,0.19205,0.919518,0.0568091
1722781,1,-2.75295,-1.32525,1.01107,-1.94713,1.10107,1.16772,2.2014,-2.75266,-1.32422,1.00895,-1.94565,1.10136,1.16858,2.20139,-0.00630185,0.000207486,-0.0021195,0.000198672,-0.000254289,0.000603324,0.000686633,0,0,0,0,0,0,0,0.60487,26.3098,-24.3835,7.94315,0.870073,2.48037,-0.0126246,0.301088,2.04022,-3.19828,2.06188,0.190971,0.919564,0.0558092
1722782,1,-2.75296,-1.32525,1.01106,-1.94713,1.10107,1.16772,2.20139,-2.75266,-1.32422,1.00895,-1.94565,1.10136,1.16858,2.20139,-0.00652105,0.000196847,-0.00196986,-0.00243007,3.39247e-05,-0.000309861,-0.00144112,0,0,0,0,0,0,0,0.680248,26.3098,-24.3597,7.91935,0.86458,2.4996,0.038645,0.278957,2.05671,-3.19802,2.04891,0.190001,0.919652,0.054735
1722783,1,-2.75296,-1.32525,1.01106,-1.94713,1.10107,1.16772,2.20139,-2.75266,-1.32422,1.00895,-1.94565,1.10136,1.16858,2.20139,-0.00857615,0.000175123,-0.000756462,-0.00366113,2.26165e-05,3.07849e-05,-0.000723385,0,0,0,0,0,0,0,0.704052,26.3098,-24.3835,7.99472,0.86458,2.49319,0.0322363,0.259627,2.07026,-3.19634,2.03949,0.189344,0.919802,0.05362
1722784,1,-2.75297,-1.32525,1.01106,-1.94713,1.10107,1.16772,2.20139,-2.75266,-1.32422,1.00895,-1.94565,1.10136,1.16858,2.20139,-0.00695134,-0.00105676,-0.00106115,-0.00209232,0.000421979,0.000495241,-0.000482257,0,0,0,0,0,0,0,0.731823,26.3614,-24.3597,7.97092,0.853594,2.48037,0.0322363,0.246491,2.08065,-3.1947,2.03497,0.189105,0.920028,0.0525181
1722785,1,-2.75297,-1.32525,1.01106,-1.94713,1.10107,1.16772,2.20139,-2.75266,-1.32422,1.00895,-1.94565,1.10136,1.16858,2.20139,-0.00442283,0.00117622,-0.00321454,-0.00155117,-0.000125582,-0.000144557,-0.000558864,0,0,0,0,0,0,0,0.704052,26.282,-24.3835,7.97092,0.86458,2.49319,0.038645,0.235223,2.08902,-3.19166,2.03207,0.189002,0.920217,0.0514635
1722786,1,-2.75297,-1.32525,1.01105,-1.94713,1.10107,1.16772,2.20139,-2.75266,-1.32422,1.00895,-1.94565,1.10136,1.16858,2.20139,-0.00327721,0.000802666,-0.00239836,-0.00170814,0.000119729,0.000140988,-0.000372576,0,0,0,0,0,0,0,0.704052,26.282,-24.3835,7.99472,0.859087,2.48678,0.038645,0.221371,2.09497,-3.18457,2.02815,0.188784,0.920251,0.0504738
1722787,1,-2.75297,-1.32525,1.01105,-1.94713,1.10107,1.16772,2.20139,-2.75266,-1.32422,1.00895,-1.94565,1.10136,1.16858,2.20139,-0.00492753,-0.000100615,-0.0012336,-0.000669861,-0.000123631,9.39917e-05,-0.000994369,0,0,0,0,0,0,0,0.680248,26.3098,-24.4073,7.97092,0.86458,2.48678,0.0587866,0.205655,2.09941,-3.17511,2.0233,0.188457,0.920197,0.0495658
1722788,1,-2.75297,-1.32525,1.01104,-1.94714,1.10107,1.16772,2.20139,-2.75266,-1.32422,1.00895,-1.94565,1.10136,1.16858,2.20139,-0.0031675,-0.00126309,-0.00207965,-0.00218294,-0.000285871,0.000537379,0.00055779,0,0,0,0,0,0,0,0.656444,26.3614,-24.3597,8.04233,0.870073,2.47396,0.0258276,0.1903,2.10427,-3.16625,2.01836,0.18813,0.920154,0.0487541
1722789,1,-2.75298,-1.32525,1.01104,-1.94714,1.10107,1.16772,2.20139,-2.75266,-1.32422,1.00895,-1.94565,1.10136,1.16858,2.20139,-0.00355476,0.00037218,-0.00399882,-0.00150475,1.28697e-05,0.000120894,-0.000374125,0,0,0,0,0,0,0,0.704052,26.3098,-24.3835,8.04233,0.86458,2.48037,0.0459692,0.176101,2.10867,-3.15692,2.01407,0.187873,0.920044,0.048043
1722790,1,-2.75298,-1.32525,1.01104,-1.94713,1.10107,1.16772,2.20139,-2.75266,-1.32422,1.00895,-1.94565,1.10136,1.16858,2.20139,-0.00150332,0.000253979,-0.00244499,7.33719e-05,8.57981e-06,0.000317955,-0.000249417,0,0,0,0,0,0,0,0.656444,26.3098,-24.4073,7.99472,0.86458,2.47396,0.0459692,0.162386,2.11107,-3.14522,2.0101,0.187624,0.919756,0.0474204
1722791,1,-2.75297,-1.32525,1.01104,-1.94714,1.10107,1.16772,2.2014,-2.75266,-1.32422,1.00895,-1.94565,1.10136,1.16858,2.20139,-0.000537923,-0.000383099,-0.0050474,-0.000535713,0.00020917,-2.53891e-05,0.00129178,0,0,0,0,0,0,0,0.628673,26.3336,-24.4073,8.01853,0.859087,2.48037,0.00660151,0.146917,2.11252,-3.13143,2.00497,0.187256,0.919308,0.0468736
1722792,1,-2.75298,-1.32526,1.01103,-1.94714,1.10107,1.16772,2.20139,-2.75266,-1.32422,1.00895,-1.94565,1.10136,1.16858,2.20139,-0.00114722,-0.000901717,-0.00437448,0.000178808,-6.40036e-05,-0.000254285,0.000149113,0,0,0,0,0,0,0,0.656444,26.3614,-24.3835,7.99472,0.86458,2.48678,0.0258276,0.129427,2.11386,-3.1159,1.99857,0.186785,0.918718,0.0463808
1722793,1,-2.75297,-1.32525,1.01103,-1.94714,1.10107,1.16772,2.20139,-2.75266,-1.32422,1.00895,-1.94565,1.10136,1.16858,2.20139,-0.000219448,0.000607753,-0.00325588,0.000103559,0.000364232,-0.000169523,0.000336767,0,0,0,0,0,0,0,0.628673,26.3098,-24.3835,7.99472,0.853594,2.48678,0.0194189,0.112246,2.11479,-3.09994,1.99217,0.186303,0.918047,0.0459096
1722794,1,-2.75297,-1.32525,1.01103,-1.94714,1.10107,1.16772,2.2014,-2.75266,-1.32422,1.00895,-1.94565,1.10136,1.16858,2.20139,-0.000224483,0.00105664,-0.00186844,0.000614116,0.000242821,0.000124343,0.000699229,0,0,0,0,0,0,0,0.628673,26.282,-24.4073,7.97092,0.853594,2.48037,0.00660151,0.0970329,2.11501,-3.08551,1.98674,0.185847,0.917436,0.0454441
1722795,1,-2.75297,-1.32525,1.01103,-1.94713,1.10107,1.16772,2.2014,-2.75266,-1.32422,1.00895,-1.94565,1.10136,1.16858,2.20139,0.000348518,-0.000500611,-0.000787013,0.00105022,-4.15696e-05,-0.000391822,0.000466153,0,0,0,0,0,0,0,0.60487,26.3336,-24.4351,7.94315,0.859087,2.49319,0.00660151,0.0838499,2.11567,-3.07446,1.9822,0.185413,0.917002,0.0449697
1722796,1,-2.75297,-1.32525,1.01102,-1.94713,1.10107,1.16772,2.20139,-2.75266,-1.32422,1.00895,-1.94565,1.10136,1.16858,2.20139,0.000745179,0.000224114,-0.00187435,0.000693548,-0.000231164,-2.38559e-05,-0.000876026,0,0,0,0,0,0,0,0.581066,26.3098,-24.3835,7.94315,0.86458,2.48678,0.038645,0.071959,2.11803,-3.06719,1.97807,0.184997,0.916768,0.0444624
1722797,1,-2.75297,-1.32525,1.01102,-1.94713,1.10107,1.16772,2.20139,-2.75266,-1.32422,1.00895,-1.94565,1.10136,1.16858,2.20139,0.00111342,0.000799805,-0.000800193,0.00101423,4.93414e-05,0.000458814,0.000128059,0,0,0,0,0,0,0,0.553295,26.282,-24.4073,7.91935,0.859087,2.47396,0.0194189,0.0615335,2.12068,-3.06185,1.97465,0.184629,0.916635,0.0439223
1722798,1,-2.75296,-1.32525,1.01102,-1.94713,1.10107,1.16772,2.2014,-2.75266,-1.32422,1.00895,-1.94565,1.10136,1.16858,2.20139,0.00248078,-0.000672636,-0.00117085,0.000115626,3.28943e-05,-0.000406201,0.000322732,0,0,0,0,0,0,0,0.477917,26.3336,-24.3835,7.94315,0.859087,2.49319,0.0130102,0.0522249,2.12312,-3.0576,1.97199,0.184321,0.916573,0.0433711
1722799,1,-2.75296,-1.32525,1.01102,-1.94713,1.10107,1.16772,2.2014,-2.75266,-1.32422,1.00895,-1.94565,1.10136,1.16858,2.20139,0.00219211,-0.000447984,0.00157185,0.00118792,0.00022538,-0.00050816,0.000452514,0,0,0,0,0,0,0,0.454113,26.3336,-24.4866,7.89554,0.853594,2.4996,0.00660151,0.0428796,2.12708,-3.05573,1.96949,0.18405,0.916675,0.042816
1722800,1,-2.75296,-1.32525,1.01102,-1.94713,1.10107,1.16772,2.20139,-2.75266,-1.32422,1.00895,-1.94565,1.10136,1.16858,2.20139,0.00144749,0.000258486,-0.000203851,0.00134667,0.000387612,0.000135945,-0.00064776,0,0,0,0,0,0,0,0.454113,26.3098,-24.4351,7.87174,0.847185,2.48678,0.0322363,0.0344788,2.13226,-3.05651,1.96738,0.183824,0.916926,0.0422492
1722801,1,-2.75295,-1.32526,1.01102,-1.94712,1.10107,1.16772,2.20139,-2.75266,-1.32422,1.00895,-1.94565,1.10136,1.16858,2.20139,0.0027178,-0.00103385,-0.000819509,0.00154583,0.000461859,9.06299e-05,-0.000940466,0,0,0,0,0,0,0,0.378734,26.3614,-24.4073,7.84397,0.841692,2.48678,0.0459692,0.0278119,2.13669,-3.05749,1.96589,0.183646,0.917144,0.0416689
1722802,1,-2.75295,-1.32526,1.01102,-1.94712,1.10107,1.16772,2.2014,-2.75266,-1.32422,1.00895,-1.94565,1.10136,1.16858,2.20139,0.00245365,-0.00180267,-0.000571835,0.00158619,0.000307906,-0.000176939,0.000593726,0,0,0,0,0,0,0,0.350963,26.409,-24.4073,7.82016,0.841692,2.49319,0.0130102,0.0214035,2.14077,-3.05745,1.96426,0.183476,0.917258,0.0410944
1722803,1,-2.75294,-1.32526,1.01102,-1.94712,1.10108,1.16772,2.20139,-2.75266,-1.32422,1.00895,-1.94565,1.10136,1.16858,2.20139,0.00339313,-0.000644832,0.000249269,0.00161339,0.000408721,0.0001194,-0.0012996,0,0,0,0,0,0,0,0.275585,26.3852,-24.4351,7.79636,0.836199,2.48678,0.0587866,0.0146673,2.14525,-3.05712,1.96228,0.18329,0.917332,0.0405494
1722804,1,-2.75294,-1.32526,1.01102,-1.94712,1.10108,1.16772,2.20139,-2.75266,-1.32422,1.00895,-1.94565,1.10136,1.16858,2.20139,0.0028145,0.000127028,0.00070865,0.00228136,0.000475931,0.000316959,0.0003543,0,0,0,0,0,0,0,0.251781,26.3614,-24.4589,7.74479,0.830705,2.48037,0.0258276,0.00849203,2.14892,-3.05664,1.96055,0.183092,0.91739,0.0400493
1722805,1,-2.75294,-1.32526,1.01102,-1.94711,1.10108,1.16772,2.20139,-2.75266,-1.32422,1.00895,-1.94565,1.10136,1.16858,2.20139,0.00572422,8.47639e-05,0.000461678,0.00207722,0.000113837,0.000211306,-0.00169658,0,0,0,0,0,0,0,0.227978,26.3614,-24.4589,7.72098,0.836199,2.48037,0.0780126,0.00212284,2.15122,-3.05559,1.95875,0.182829,0.917424,0.0396095
1722806,1,-2.75293,-1.32526,1.01102,-1.94711,1.10108,1.16772,2.20139,-2.75266,-1.32422,1.00895,-1.94565,1.10136,1.16858,2.20139,0.00473781,-0.00105706,0.000299718,0.00259087,7.58913e-05,-0.000333847,0.000801727,0,0,0,0,0,0,0,0.200207,26.409,-24.4589,7.66941,0.836199,2.49319,0.0258276,-0.00655884,2.15332,-3.05384,1.95578,0.182437,0.917444,0.0392425
1722807,1,-2.75293,-1.32526,1.01102,-1.94711,1.10107,1.16772,2.2014,-2.75266,-1.32422,1.00895,-1.94565,1.10136,1.16858,2.20139,0.00868713,0.000408964,-0.00036305,0.00228378,-0.000152856,-0.000459924,0.0010092,0,0,0,0,0,0,0,0.101024,26.3614,-24.4351,7.6456,0.841692,2.4996,0.0130102,-0.0190383,2.15592,-3.05102,1.95089,0.181885,0.917445,0.0389564
1722808,1,-2.75292,-1.32526,1.01102,-1.94711,1.10107,1.16772,2.20139,-2.75266,-1.32422,1.00895,-1.94565,1.10136,1.16858,2.20139,0.00740125,-0.00149056,0.000310241,0.00401493,-0.000101904,-6.9257e-05,0.000198084,0,0,0,0,0,0,0,0.0494498,26.4367,-24.4589,7.66941,0.841692,2.49319,0.0258276,-0.0365399,2.15948,-3.04694,1.94326,0.181126,0.917433,0.038722
1722809,1,-2.75291,-1.32526,1.01102,-1.9471,1.10107,1.16772,2.20139,-2.75266,-1.32422,1.00895,-1.94565,1.10136,1.16858,2.20139,0.00699996,-0.0015505,0.000203424,0.00404421,-0.000271387,0.000428547,-0.000613929,0,0,0,0,0,0,0,-0.0259286,26.4605,-24.4589,7.6218,0.847185,2.48037,0.0459692,-0.0574204,2.16482,-3.04291,1.93318,0.18022,0.917417,0.0384938
1722810,1,-2.7529,-1.32527,1.01102,-1.9471,1.10108,1.16772,2.20139,-2.75266,-1.32422,1.00895,-1.94565,1.10136,1.16858,2.20139,0.00922181,-0.00159046,0.000133064,0.0073693,0.000225977,0.000285698,0.000574058,0,0,0,0,0,0,0,-0.0775034,26.4843,-24.4589,7.57022,0.836199,2.48037,0.0194189,-0.0806032,2.17224,-3.03947,1.92065,0.179183,0.917354,0.0382597
1722811,1,-2.7529,-1.32527,1.01102,-1.9471,1.10108,1.16772,2.2014,-2.75266,-1.32422,1.00895,-1.94565,1.10136,1.16858,2.20139,0.0103261,-0.00291633,0.00129322,0.00467913,0.000150651,0.000190465,0.000857423,0,0,0,0,0,0,0,-0.101307,26.5637,-24.5104,7.598,0.836199,2.48037,0.00660151,-0.108171,2.18264,-3.03692,1.90474,0.177944,0.917293,0.0380227
1722812,1,-2.75289,-1.32528,1.01102,-1.9471,1.10107,1.16772,2.20139,-2.75266,-1.32422,1.00895,-1.94565,1.10136,1.16858,2.20139,0.0110294,-0.00305783,0.000860711,0.00721436,-0.000306467,-0.000110382,9.68976e-05,0,0,0,0,0,0,0,-0.125111,26.6113,-24.5104,7.57022,0.847185,2.48678,0.0194189,-0.140191,2.19667,-3.0362,1.88609,0.176561,0.917337,0.0377684
1722813,1,-2.75289,-1.32528,1.01102,-1.94709,1.10107,1.16772,2.2014,-2.75266,-1.32422,1.00895,-1.94565,1.10136,1.16858,2.20139,0.00990047,-0.00148174,-0.000633695,0.00641825,-0.000204311,0.00040113,0.00125139,0,0,0,0,0,0,0,-0.204456,26.5875,-24.4589,7.52262,0.847185,2.47396,-0.0126246,-0.17368,2.21163,-3.03566,1.86656,0.17516,0.917359,0.0374772
1722814,1,-2.75289,-1.32528,1.01101,-1.94709,1.10108,1.16772,2.20139,-2.75266,-1.32422,1.00895,-1.94565,1.10136,1.16858,2.20139,0.00888132,-0.00219424,-0.0016297,0.00520693,6.7243e-05,-0.000207298,-0.00106461,0,0,0,0,0,0,0,-0.152882,26.6391,-24.4073,7.49881,0.841692,2.48678,0.038645,-0.203322,2.22274,-3.03235,1.84938,0.173967,0.917136,0.0371392
1722815,1,-2.75288,-1.32528,1.01102,-1.94709,1.10108,1.16772,2.20139,-2.75266,-1.32422,1.00895,-1.94565,1.10136,1.16858,2.20139,0.0106866,-0.00146282,0.000119356,0.00263613,4.48286e-05,9.91602e-05,-0.000472381,0,0,0,0,0,0,0,-0.204456,26.6391,-24.4589,7.54642,0.841692,2.48037,0.0322363,-0.225858,2.22844,-3.02645,1.83731,0.173197,0.916727,0.0367588
1722816,1,-2.75287,-1.32529,1.01102,-1.94708,1.10108,1.16772,2.2014,-2.75266,-1.32422,1.00895,-1.94565,1.10136,1.16858,2.20139,0.0133698,-0.00153203,7.91161e-05,0.00372951,0.000233336,6.61068e-05,0.000397156,0,0,0,0,0,0,0,-0.303639,26.6629,-24.4589,7.47104,0.836199,2.48037,0.0130102,-0.244376,2.23112,-3.02004,1.82925,0.172759,0.91637,0.0363647
1722817,1,-2.75286,-1.32529,1.01102,-1.94708,1.10107,1.16772,2.20139,-2.75266,-1.32422,1.00895,-1.94565,1.10136,1.16858,2.20139,0.0102777,-0.00466116,-0.00115402,0.00689858,-0.000251344,-0.000193288,-0.00119329,0,0,0,0,0,0,0,-0.327442,26.6867,-24.4073,7.42344,0.847185,2.48678,0.0523779,-0.263387,2.23449,-3.01422,1.82158,0.172394,0.916089,0.0359697
1722818,1,-2.75286,-1.32529,1.01102,-1.94708,1.10108,1.16772,2.20139,-2.75266,-1.32422,1.00895,-1.94565,1.10136,1.16858,2.20139,0.00745757,-0.00522039,-0.00011999,0.00497837,0.000239339,0.0001085,-4.95422e-05,0,0,0,0,0,0,0,-0.327442,26.766,-24.4351,7.42344,0.836199,2.48037,0.0322363,-0.280595,2.24021,-3.01007,1.81379,0.172122,0.915755,0.035579
1722819,1,-2.75284,-1.3253,1.01102,-1.94708,1.10107,1.16772,2.20139,-2.75266,-1.32422,1.00895,-1.94565,1.10136,1.16858,2.20139,0.00718928,-0.00543619,0.000476627,0.00304658,-0.000484701,7.23336e-05,-0.000779013,0,0,0,0,0,0,0,-0.402821,26.8414,-24.4589,7.44724,0.853594,2.48037,0.0523779,-0.290034,2.24663,-3.00885,1.8094,0.172231,0.915397,0.0352258
1722820,1,-2.75283,-1.3253,1.01101,-1.94707,1.10108,1.16772,2.20139,-2.75266,-1.32422,1.00895,-1.94565,1.10136,1.16858,2.20139,0.00877033,-0.00311902,-0.000888818,0.00594444,0.000931478,0.000285581,0.000464002,0,0,0,0,0,0,0,-0.430592,26.8136,-24.4073,7.42344,0.819719,2.47396,0.0258276,-0.292264,2.25153,-3.00907,1.80895,0.172701,0.915019,0.034936
1722821,1,-2.75283,-1.3253,1.01102,-1.94707,1.10108,1.16773,2.20139,-2.75266,-1.32422,1.00895,-1.94565,1.10136,1.16858,2.20139,0.00514495,-0.00643164,5.69606e-05,0.00494173,0.000214084,0.000190388,-0.000911369,0,0,0,0,0,0,0,-0.379017,26.8652,-24.4351,7.39963,0.830705,2.47396,0.0587866,-0.290751,2.25471,-3.00888,1.8102,0.173313,0.914528,0.0347104
1722822,1,-2.75282,-1.32531,1.01101,-1.94707,1.10108,1.16772,2.20139,-2.75266,-1.32422,1.00895,-1.94565,1.10136,1.16858,2.20139,0.00858658,-0.00835069,-0.000611721,0.00426057,-6.07278e-05,-0.000347793,-0.000607579,0,0,0,0,0,0,0,-0.454395,26.889,-24.4073,7.37186,0.836199,2.48678,0.0587866,-0.287591,2.25927,-3.00976,1.81192,0.174006,0.914012,0.0345404
1722823,1,-2.75281,-1.32531,1.01101,-1.94707,1.10108,1.16772,2.20139,-2.75266,-1.32422,1.00895,-1.94565,1.10136,1.16858,2.20139,0.00449618,-0.00496862,-0.000407875,0.00307773,0.000366416,-0.000469221,0.000340933,0,0,0,0,0,0,0,-0.379017,26.8414,-24.4073,7.37186,0.825212,2.49319,0.038645,-0.283223,2.26532,-3.01177,1.81456,0.174812,0.913546,0.0344394
1722824,1,-2.7528,-1.32531,1.01102,-1.94706,1.10108,1.16772,2.20139,-2.75266,-1.32422,1.00895,-1.94565,1.10136,1.16858,2.20139,0.00460514,-0.00481238,0.000377652,0.00278664,4.08267e-05,-7.54549e-05,-0.000281338,0,0,0,0,0,0,0,-0.430592,26.889,-24.4351,7.34806,0.830705,2.48678,0.0523779,-0.273535,2.26785,-3.01293,1.82082,0.175855,0.913044,0.0344293
1722825,1,-2.75279,-1.32531,1.01102,-1.94706,1.10108,1.16772,2.20139,-2.75266,-1.32422,1.00895,-1.94565,1.10136,1.16858,2.20139,0.00619368,-0.00414762,0.000808546,0.00199127,2.72178e-05,-5.03033e-05,4.98003e-05,0,0,0,0,0,0,0,-0.430592,26.9168,-24.4589,7.34806,0.830705,2.48678,0.0459692,-0.258501,2.26575,-3.0131,1.83083,0.177105,0.912537,0.0345018
1722826,1,-2.75278,-1.32532,1.01102,-1.94706,1.10108,1.16772,2.20139,-2.75266,-1.32422,1.00895,-1.94565,1.10136,1.16858,2.20139,0.00875912,-0.0029824,0.000539005,0.00022122,-0.000185305,-0.000270894,-0.00139095,0,0,0,0,0,0,0,-0.478199,26.9168,-24.4589,7.39963,0.836199,2.49319,0.0844213,-0.243872,2.26116,-3.01215,1.84191,0.178353,0.912142,0.0346397
1722827,1,-2.75277,-1.32532,1.01102,-1.94705,1.10107,1.16772,2.20139,-2.75266,-1.32422,1.00895,-1.94565,1.10136,1.16858,2.20139,0.00908994,-0.00215125,-0.000197494,0.00198582,-0.000326987,5.67626e-05,0.000259492,0,0,0,0,0,0,0,-0.454395,26.9168,-24.4351,7.32425,0.841692,2.48678,0.0523779,-0.233731,2.25478,-3.00879,1.85201,0.179437,0.911839,0.0348435
1722828,1,-2.75275,-1.32532,1.01102,-1.94705,1.10108,1.16772,2.20139,-2.75266,-1.32422,1.00895,-1.94565,1.10136,1.16858,2.20139,0.0116613,-0.00211322,0.000425135,0.00082339,0.00039236,0.00051256,-6.4364e-05,0,0,0,0,0,0,0,-0.529774,26.9406,-24.4589,7.34806,0.825212,2.47396,0.0587866,-0.230451,2.24779,-3.00256,1.85921,0.180224,0.911568,0.0351198
1722829,1,-2.75274,-1.32532,1.01102,-1.94706,1.10108,1.16772,2.20139,-2.75266,-1.32422,1.00895,-1.94565,1.10136,1.16858,2.20139,0.0116218,-0.0020573,-0.0002734,-0.000615256,0.000261573,-0.000133011,-4.29093e-05,0,0,0,0,0,0,0,-0.529774,26.9644,-24.4351,7.39963,0.825212,2.48678,0.0587866,-0.234294,2.24157,-2.99442,1.86324,0.180723,0.911357,0.0354598
1722830,1,-2.75273,-1.32532,1.01103,-1.94705,1.10108,1.16772,2.20139,-2.75266,-1.32422,1.00895,-1.94565,1.10136,1.16858,2.20139,0.0130898,-0.000883485,0.00278739,0.000827938,-0.000232519,0.000148685,0.000717379,0,0,0,0,0,0,0,-0.581349,26.9406,-24.562,7.34806,0.836199,2.48037,0.038645,-0.243641,2.23687,-2.98616,1.86494,0.181008,0.911279,0.0358497
1722831,1,-2.75272,-1.32533,1.01102,-1.94705,1.10108,1.16772,2.20139,-2.75266,-1.32422,1.00895,-1.94565,1.10136,1.16858,2.20139,0.0140692,-0.00184699,-0.00111141,1.89084e-05,4.8438e-05,9.91231e-05,-0.000505092,0,0,0,0,0,0,0,-0.632923,26.9922,-24.4351,7.37186,0.830705,2.48037,0.0651953,-0.25815,2.23433,-2.97842,1.864,0.181058,0.911312,0.0362685
1722832,1,-2.75271,-1.32533,1.01102,-1.94705,1.10108,1.16772,2.20139,-2.75266,-1.32422,1.00895,-1.94565,1.10136,1.16858,2.20139,0.0103329,-0.000620387,-0.000184133,-0.001176,3.2292e-05,-0.000171277,0.000375349,0,0,0,0,0,0,0,-0.632923,26.9644,-24.4589,7.42344,0.830705,2.48678,0.0459692,-0.274359,2.23185,-2.96946,1.86213,0.181028,0.911259,0.0366966
1722833,1,-2.7527,-1.32533,1.01102,-1.94704,1.10108,1.16772,2.20139,-2.75266,-1.32422,1.00895,-1.94565,1.10136,1.16858,2.20139,0.00760367,0.000671024,0.00108367,0.000435793,-0.000181923,-0.000114185,0.0005215,0,0,0,0,0,0,0,-0.632923,26.9168,-24.5104,7.37186,0.836199,2.48678,0.038645,-0.283841,2.22588,-2.95939,1.86359,0.18124,0.910989,0.0371394
1722834,1,-2.75268,-1.32533,1.01102,-1.94704,1.10108,1.16772,2.20139,-2.75266,-1.32422,1.00895,-1.94565,1.10136,1.16858,2.20139,0.0111399,0.000425593,0.000722442,0.000300553,8.21688e-05,0.000161236,-0.000398318,0,0,0,0,0,0,0,-0.732105,26.9168,-24.5104,7.37186,0.830705,2.48037,0.0587866,-0.285543,2.21674,-2.94989,1.86843,0.181681,0.910561,0.0375873
1722835,1,-2.75267,-1.32533,1.01102,-1.94704,1.10108,1.16772,2.20139,-2.75266,-1.32422,1.00895,-1.94565,1.10136,1.16858,2.20139,0.0105596,0.000917026,-0.0007248,-0.000441727,5.47792e-05,-0.000129868,0.000209172,0,0,0,0,0,0,0,-0.708302,26.889,-24.4589,7.39963,0.830705,2.48678,0.0459692,-0.285825,2.20688,-2.94036,1.87353,0.182122,0.910041,0.0380174
1722836,1,-2.75266,-1.32533,1.01102,-1.94703,1.10108,1.16772,2.20139,-2.75266,-1.32422,1.00895,-1.94565,1.10136,1.16858,2.20139,0.0113529,-0.00322221,0.00128004,-0.000845658,-0.000166931,0.000388139,-0.00033527,0,0,0,0,0,0,0,-0.732105,26.9168,-24.5342,7.42344,0.836199,2.47396,0.0587866,-0.288271,2.1993,-2.93162,1.87736,0.1825,0.909532,0.0384219
1722837,1,-2.75265,-1.32533,1.01102,-1.94703,1.10108,1.16772,2.20139,-2.75266,-1.32422,1.00895,-1.94565,1.10136,1.16858,2.20139,0.00959089,-0.0012152,0.000296545,0.0012037,-0.000111287,-0.000453318,0.000759831,0,0,0,0,0,0,0,-0.78368,26.8652,-24.5104,7.34806,0.836199,2.49319,0.0322363,-0.293444,2.19691,-2.9261,1.87921,0.182809,0.909142,0.0388
1722838,1,-2.75264,-1.32533,1.01102,-1.94702,1.10108,1.16772,2.20139,-2.75266,-1.32422,1.00895,-1.94565,1.10136,1.16858,2.20139,0.00811944,-0.00222168,-0.000359116,0.000805635,-7.41916e-05,0.000172506,-0.000239431,0,0,0,0,0,0,0,-0.831288,26.9168,-24.4866,7.34806,0.836199,2.48037,0.0523779,-0.299081,2.19773,-2.92279,1.87977,0.183085,0.90874,0.0391519
1722839,1,-2.75263,-1.32533,1.01102,-1.94702,1.10108,1.16772,2.20139,-2.75266,-1.32422,1.00895,-1.94565,1.10136,1.16858,2.20139,0.0094801,-0.00098534,0.0003174,0.00302849,0.000153989,-0.000359714,0.000349005,0,0,0,0,0,0,0,-0.859058,26.889,-24.5104,7.37186,0.830705,2.49319,0.038645,-0.304054,2.19924,-2.91983,1.87953,0.183328,0.908208,0.0394724
1722840,1,-2.75262,-1.32533,1.01102,-1.94702,1.10108,1.16772,2.20139,-2.75266,-1.32422,1.00895,-1.94565,1.10136,1.16858,2.20139,0.00954003,-0.000772271,0.000768412,0.00338822,-0.000100791,-2.45022e-06,-3.8597e-05,0,0,0,0,0,0,0,-0.831288,26.889,-24.5342,7.32425,0.836199,2.48678,0.0459692,-0.310975,2.20177,-2.91725,1.87714,0.183407,0.907614,0.0397583
1722841,1,-2.7526,-1.32534,1.01102,-1.94701,1.10108,1.16772,2.20139,-2.75266,-1.32422,1.00895,-1.94565,1.10136,1.16858,2.20139,0.0107802,-0.00180781,-0.00060135,0.00245052,-6.71939e-05,-1.63348e-06,-2.57314e-05,0,0,0,0,0,0,0,-0.859058,26.9406,-24.4866,7.32425,0.836199,2.48678,0.0459692,-0.32159,2.20561,-2.91484,1.87219,0.183283,0.90702,0.0400085
1722842,1,-2.7526,-1.32533,1.01102,-1.94701,1.10108,1.16772,2.20139,-2.75266,-1.32422,1.00895,-1.94565,1.10136,1.16858,2.20139,0.00797851,-6.36782e-05,-0.0004009,0.00427368,0.000158655,-0.000238448,0.00096619,0,0,0,0,0,0,0,-0.859058,26.889,-24.4866,7.34806,0.830705,2.49319,0.0194189,-0.334361,2.2096,-2.91171,1.86595,0.183066,0.906385,0.040226
1722843,1,-2.75259,-1.32534,1.01103,-1.947,1.10108,1.16772,2.20139,-2.75266,-1.32422,1.00895,-1.94565,1.10136,1.16858,2.20139,0.0097601,-0.00129755,0.00205278,0.00690405,-9.76808e-05,7.83937e-05,-6.79502e-05,0,0,0,0,0,0,0,-0.882862,26.9406,-24.5858,7.32425,0.836199,2.48678,0.038645,-0.347932,2.21371,-2.90875,1.85852,0.182752,0.905715,0.0404077
1722844,1,-2.75258,-1.32534,1.01103,-1.947,1.10108,1.16772,2.20139,-2.75266,-1.32422,1.00895,-1.94565,1.10136,1.16858,2.20139,0.0105103,0.000304884,0.00081171,0.0045789,-0.000268571,5.22624e-05,0.000666777,0,0,0,0,0,0,0,-0.882862,26.889,-24.562,7.34806,0.841692,2.48678,0.0194189,-0.363965,2.21956,-2.90756,1.84898,0.182265,0.905139,0.0405384
1722845,1,-2.75257,-1.32534,1.01102,-1.94699,1.10108,1.16772,2.20139,-2.75266,-1.32422,1.00895,-1.94565,1.10136,1.16858,2.20139,0.00726338,-0.00158736,-0.000665286,0.00521559,2.44032e-05,3.48416e-05,-0.000267559,0,0,0,0,0,0,0,-0.859058,26.9644,-24.5104,7.27268,0.836199,2.48678,0.038645,-0.380673,2.22549,-2.90673,1.83925,0.181769,0.904609,0.0406122
1722846,1,-2.75255,-1.32534,1.01102,-1.94699,1.10108,1.16772,2.2014,-2.75266,-1.32422,1.00895,-1.94565,1.10136,1.16858,2.20139,0.00960941,3.48484e-05,0.000113288,0.00322007,0.00042317,0.000260587,0.000771063,0,0,0,0,0,0,0,-0.910633,26.9168,-24.5342,7.29648,0.825212,2.48037,0.0130102,-0.394493,2.22929,-2.90482,1.83183,0.181475,0.904019,0.0406322
1722847,1,-2.75254,-1.32534,1.01102,-1.94699,1.10108,1.16772,2.20139,-2.75266,-1.32422,1.00895,-1.94565,1.10136,1.16858,2.20139,0.00822329,-0.000548981,-0.0010381,0.00566076,-0.000124788,0.000648442,-0.00094402,0,0,0,0,0,0,0,-0.958241,26.9406,-24.4866,7.29648,0.836199,2.46755,0.0523779,-0.406162,2.23107,-2.90173,1.8264,0.181346,0.903384,0.0405994
1722848,1,-2.75254,-1.32534,1.01103,-1.94698,1.10108,1.16773,2.20139,-2.75266,-1.32422,1.00895,-1.94565,1.10136,1.16858,2.20139,0.00845394,-0.00422094,0.00107117,0.00356697,0.000323709,0.000194936,-0.00012072,0,0,0,0,0,0,0,-0.934437,26.9644,-24.562,7.32425,0.825212,2.47396,0.038645,-0.417515,2.23365,-2.89929,1.82152,0.181297,0.902786,0.0405167
1722849,1,-2.75253,-1.32535,1.01102,-1.94697,1.10108,1.16773,2.20139,-2.75266,-1.32422,1.00895,-1.94565,1.10136,1.16858,2.20139,0.0062817,-0.0030965,6.45007e-05,0.00633989,0.000215806,-0.000107402,-0.00106382,0,0,0,0,0,0,0,-0.934437,26.9644,-24.5342,7.29648,0.825212,2.48037,0.0651953,-0.428647,2.24007,-2.90022,1.81658,0.181323,0.902328,0.040405
1722850,1,-2.75252,-1.32535,1.01102,-1.94697,1.10108,1.16772,2.20139,-2.75266,-1.32422,1.00895,-1.94565,1.10136,1.16858,2.20139,0.00663494,-0.00292586,-0.00107062,0.0052808,0.000347321,-7.16011e-05,-0.000709216,0,0,0,0,0,0,0,-0.882862,26.9922,-24.4866,7.27268,0.819719,2.48037,0.0651953,-0.43837,2.24825,-2.9029,1.81198,0.181412,0.90188,0.0402992
1722851,1,-2.75251,-1.32535,1.01102,-1.94696,1.10108,1.16772,2.20139,-2.75266,-1.32422,1.00895,-1.94565,1.10136,1.16858,2.20139,0.00505063,-0.000903079,-0.000156937,0.0066079,0.000468906,-0.000285093,-0.00071017,0,0,0,0,0,0,0,-0.882862,26.9406,-24.5104,7.29648,0.81331,2.48678,0.071604,-0.445325,2.25435,-2.90439,1.80861,0.181558,0.901286,0.0402392
1722852,1,-2.7525,-1.32535,1.01102,-1.94696,1.10108,1.16772,2.20139,-2.75266,-1.32422,1.00895,-1.94565,1.10136,1.16858,2.20139,0.00705325,-0.00127806,-0.000661437,0.0111689,0.000516055,4.72969e-05,-0.000710805,0,0,0,0,0,0,0,-0.882862,26.9644,-24.4866,7.29648,0.807817,2.48037,0.0780126,-0.451492,2.25813,-2.90414,1.8049,0.181587,0.900536,0.0402541
1722853,1,-2.75249,-1.32535,1.01102,-1.94695,1.10108,1.16772,2.20138,-2.75266,-1.32422,1.00895,-1.94565,1.10136,1.16858,2.20139,0.00532302,-0.000941442,-0.000440958,0.00949145,-0.000300223,-0.000443187,-0.00142331,0,0,0,0,0,0,0,-0.882862,26.9644,-24.4866,7.24887,0.825212,2.49319,0.103647,-0.460261,2.26149,-2.90247,1.79835,0.181294,0.899657,0.0403562
1722854,1,-2.75249,-1.32535,1.01102,-1.94694,1.10108,1.16772,2.20138,-2.75266,-1.32422,1.00895,-1.94565,1.10136,1.16858,2.20139,0.00549172,-0.00439612,-0.000293972,0.011274,3.30156e-06,-0.000295458,-0.000474153,0,0,0,0,0,0,0,-0.807484,26.9922,-24.4866,7.1973,0.819719,2.49319,0.09083,-0.471344,2.26636,-2.90098,1.7895,0.180777,0.898769,0.0405653
1722855,1,-2.75248,-1.32535,1.01102,-1.94693,1.10108,1.16772,2.20138,-2.75266,-1.32422,1.00895,-1.94565,1.10136,1.16858,2.20139,0.00428042,-0.00258574,-0.000195981,0.0114591,-0.000201249,4.03871e-05,0.000158616,0,0,0,0,0,0,0,-0.807484,26.9644,-24.4866,7.1973,0.825212,2.48678,0.0780126,-0.483619,2.27418,-2.90121,1.77913,0.180158,0.897968,0.040902
1722856,1,-2.75247,-1.32535,1.01102,-1.94693,1.10108,1.16772,2.20138,-2.75266,-1.32422,1.00895,-1.94565,1.10136,1.16858,2.20139,0.00680553,-0.00512524,0.00098297,0.0084864,6.92842e-05,0.000264284,0.000343103,0,0,0,0,0,0,0,-0.831288,26.9644,-24.5342,7.1973,0.819719,2.48037,0.071604,-0.496687,2.28477,-2.90359,1.76819,0.179527,0.89735,0.0413656
1722857,1,-2.75247,-1.32536,1.01103,-1.94692,1.10108,1.16772,2.20138,-2.75266,-1.32422,1.00895,-1.94565,1.10136,1.16858,2.20139,0.00738542,-0.00385258,0.00130493,0.0100201,4.61895e-05,-6.11698e-05,-0.00143278,0,0,0,0,0,0,0,-0.807484,26.9644,-24.562,7.1735,0.819719,2.48678,0.116465,-0.511752,2.29833,-2.90865,1.75712,0.17892,0.897064,0.0419303
1722858,1,-2.75246,-1.32536,1.01102,-1.94691,1.10108,1.16772,2.20138,-2.75266,-1.32422,1.00895,-1.94565,1.10136,1.16858,2.20139,0.0080167,-0.0028952,-0.000893286,0.011138,3.0793e-05,-4.07799e-05,-0.000243108,0,0,0,0,0,0,0,-0.78368,26.9644,-24.4866,7.14969,0.819719,2.48678,0.0972387,-0.530305,2.31337,-2.91427,1.74497,0.178229,0.896991,0.0425802
1722859,1,-2.75246,-1.32536,1.01102,-1.9469,1.10108,1.16772,2.20138,-2.75266,-1.32422,1.00895,-1.94565,1.10136,1.16858,2.20139,0.0080119,-0.00106162,-0.000595524,0.0118492,2.05287e-05,-2.71866e-05,7.52869e-05,0,0,0,0,0,0,0,-0.732105,26.9168,-24.4866,7.12589,0.819719,2.48678,0.09083,-0.551383,2.32599,-2.91662,1.73168,0.177396,0.896846,0.0433268
1722860,1,-2.75245,-1.32536,1.01102,-1.9469,1.10108,1.16772,2.20138,-2.75266,-1.32422,1.00895,-1.94565,1.10136,1.16858,2.20139,0.00888416,-0.0014484,-0.00104663,0.0107107,-0.000393215,-0.000255483,0.000999627,0,0,0,0,0,0,0,-0.708302,26.9406,-24.4589,7.1735,0.830705,2.49319,0.0651953,-0.573153,2.33444,-2.91482,1.71826,0.176487,0.89656,0.0441698
1722861,1,-2.75244,-1.32535,1.01102,-1.94689,1.10108,1.16772,2.20138,-2.75266,-1.32422,1.00895,-1.94565,1.10136,1.16858,2.20139,0.00616632,0.000102954,-0.000697753,0.0080463,-5.8693e-05,6.70367e-05,-0.000283018,0,0,0,0,0,0,0,-0.680531,26.889,-24.4589,7.1735,0.825212,2.48678,0.09083,-0.591465,2.33773,-2.91001,1.70758,0.175748,0.896206,0.0450834
1722862,1,-2.75244,-1.32536,1.01102,-1.94688,1.10108,1.16772,2.20139,-2.75266,-1.32422,1.00895,-1.94565,1.10136,1.16858,2.20139,0.00478076,-0.000684385,0.000184445,0.0071572,0.000401681,0.000519409,4.86804e-05,0,0,0,0,0,0,0,-0.680531,26.9168,-24.4866,7.12589,0.81331,2.47396,0.0844213,-0.600177,2.33466,-2.90392,1.70345,0.175496,0.895847,0.0460404
1722863,1,-2.75243,-1.32535,1.01102,-1.94688,1.10108,1.16773,2.20138,-2.75266,-1.32422,1.00895,-1.94565,1.10136,1.16858,2.20139,0.00368958,0.000672614,0.00123659,0.00472419,3.04283e-05,0.000346273,3.24536e-05,0,0,0,0,0,0,0,-0.680531,26.8652,-24.5342,7.14969,0.819719,2.47396,0.0844213,-0.596391,2.32575,-2.89876,1.70745,0.175867,0.895564,0.0470296
1722864,1,-2.75243,-1.32536,1.01102,-1.94687,1.10108,1.16772,2.20138,-2.75266,-1.32422,1.00895,-1.94565,1.10136,1.16858,2.20139,0.00348614,-0.00137299,-0.000289232,0.0061291,-0.000183165,-6.51048e-06,-0.000215723,0,0,0,0,0,0,0,-0.708302,26.9406,-24.4866,7.1735,0.825212,2.48037,0.09083,-0.582372,2.3131,-2.89525,1.71792,0.176752,0.895371,0.0480389
1722865,1,-2.75242,-1.32536,1.01102,-1.94687,1.10108,1.16772,2.20138,-2.75266,-1.32422,1.00895,-1.94565,1.10136,1.16858,2.20139,0.00621054,-0.000958954,-0.000842436,0.00780226,0.000318699,-0.000479058,9.35435e-05,0,0,0,0,0,0,0,-0.732105,26.9406,-24.4589,7.1735,0.81331,2.49319,0.0844213,-0.565965,2.30045,-2.89229,1.72952,0.177761,0.895185,0.0490445
1722866,1,-2.75242,-1.32536,1.01102,-1.94685,1.10108,1.16772,2.20138,-2.75266,-1.32422,1.00895,-1.94565,1.10136,1.16858,2.20139,0.00668899,-0.000115209,-0.000561624,0.00764074,0.000212466,0.000392705,-0.000887073,0,0,0,0,0,0,0,-0.680531,26.9168,-24.4589,7.09812,0.81331,2.47396,0.110056,-0.554949,2.29048,-2.88863,1.73733,0.178499,0.894971,0.0500317
1722867,1,-2.75241,-1.32536,1.01102,-1.94685,1.10108,1.16772,2.20138,-2.75266,-1.32422,1.00895,-1.94565,1.10136,1.16858,2.20139,0.00961087,-0.000101345,-0.000374416,0.00693244,-0.000299165,2.44442e-05,0.000832771,0,0,0,0,0,0,0,-0.755909,26.9168,-24.4589,7.1735,0.825212,2.48037,0.071604,-0.551903,2.28349,-2.88411,1.74035,0.178855,0.894794,0.0510062
1722868,1,-2.75241,-1.32536,1.01102,-1.94685,1.10108,1.16772,2.20138,-2.75266,-1.32422,1.00895,-1.94565,1.10136,1.16858,2.20139,0.00775489,-0.00064278,0.00151363,0.00841532,-0.000199444,-0.000221063,0.000317822,0,0,0,0,0,0,0,-0.78368,26.9406,-24.5342,7.1735,0.825212,2.48678,0.0780126,-0.556418,2.2803,-2.88034,1.73895,0.178864,0.894761,0.0519741
1722869,1,-2.7524,-1.32536,1.01102,-1.94684,1.10108,1.16772,2.20139,-2.75266,-1.32422,1.00895,-1.94565,1.10136,1.16858,2.20139,0.00680707,0.000114489,0.00100908,0.0100555,7.04882e-05,-0.000384734,0.000211881,0,0,0,0,0,0,0,-0.831288,26.9168,-24.5342,7.14969,0.819719,2.49319,0.0780126,-0.565149,2.28086,-2.87896,1.73419,0.178621,0.894864,0.0529214
1722870,1,-2.7524,-1.32536,1.01102,-1.94684,1.10108,1.16772,2.20139,-2.75266,-1.32422,1.00895,-1.94565,1.10136,1.16858,2.20139,0.00437388,-0.000490838,0.000115911,0.00752209,0.000284351,-1.91305e-05,-0.000570823,0,0,0,0,0,0,0,-0.807484,26.9406,-24.5104,7.14969,0.81331,2.48678,0.0972387,-0.572566,2.28232,-2.87905,1.72892,0.178343,0.894949,0.0538333
1722871,1,-2.7524,-1.32536,1.01102,-1.94683,1.10108,1.16772,2.20138,-2.75266,-1.32422,1.00895,-1.94565,1.10136,1.16858,2.20139,0.0032104,0.000221822,0.000634086,0.00739179,0.000189567,0.000224605,-0.000617907,0,0,0,0,0,0,0,-0.807484,26.9168,-24.5342,7.07431,0.81331,2.48037,0.103647,-0.573518,2.28141,-2.87923,1.72677,0.178314,0.894917,0.0547174
1722872,1,-2.75239,-1.32536,1.01102,-1.94682,1.10108,1.16772,2.20138,-2.75266,-1.32422,1.00895,-1.94565,1.10136,1.16858,2.20139,0.00412436,-0.000971566,-0.000134088,0.00594503,-0.000517882,-8.76221e-05,0.000300139,0,0,0,0,0,0,0,-0.882862,26.9644,-24.5104,7.05051,0.830705,2.48678,0.0844213,-0.567554,2.27779,-2.87937,1.72869,0.178614,0.894801,0.0555945
1722873,1,-2.75239,-1.32536,1.01102,-1.94682,1.10108,1.16772,2.20138,-2.75266,-1.32422,1.00895,-1.94565,1.10136,1.16858,2.20139,0.00235841,-0.000652078,-8.93919e-05,0.00375182,0.000299005,-0.000295774,0.000200092,0,0,0,0,0,0,0,-0.859058,26.9644,-24.5104,7.07431,0.81331,2.49319,0.0844213,-0.556685,2.27234,-2.87947,1.73411,0.179222,0.894667,0.0564774
1722874,1,-2.75239,-1.32536,1.01102,-1.94682,1.10108,1.16772,2.20138,-2.75266,-1.32422,1.00895,-1.94565,1.10136,1.16858,2.20139,0.00290293,0.00067563,-0.000616407,0.00387379,-0.000241472,-0.000197182,-0.000103964,0,0,0,0,0,0,0,-0.910633,26.9168,-24.4866,7.02671,0.825212,2.49319,0.09083,-0.541188,2.26431,-2.87888,1.74324,0.180145,0.894523,0.0573629
1722875,1,-2.75239,-1.32536,1.01102,-1.94681,1.10108,1.16772,2.20138,-2.75266,-1.32422,1.00895,-1.94565,1.10136,1.16858,2.20139,0.00202846,-0.000108849,-0.000410938,0.00342636,0.000279828,0.000343263,-0.000544027,0,0,0,0,0,0,0,-0.910633,26.9406,-24.4866,6.99894,0.81331,2.48037,0.103647,-0.522604,2.25356,-2.87702,1.75488,0.181271,0.894343,0.0582405
1722876,1,-2.75239,-1.32536,1.01103,-1.94681,1.10108,1.16772,2.20138,-2.75266,-1.32422,1.00895,-1.94565,1.10136,1.16858,2.20139,0.000772577,-0.00063122,0.00148928,0.0024299,-5.08071e-05,-0.000245876,-0.000362685,0,0,0,0,0,0,0,-0.882862,26.9644,-24.562,6.99894,0.819719,2.49319,0.103647,-0.502301,2.24223,-2.87566,1.76775,0.182513,0.89421,0.0591124
1722877,1,-2.75238,-1.32536,1.01103,-1.9468,1.10108,1.16772,2.20139,-2.75266,-1.32422,1.00895,-1.94565,1.10136,1.16858,2.20139,0.00121708,0.000691429,0.000992853,0.00172918,0.000406938,0.000310801,0.000470287,0,0,0,0,0,0,0,-0.910633,26.9168,-24.562,6.99894,0.807817,2.48037,0.0844213,-0.480376,2.23155,-2.87654,1.78161,0.18386,0.894222,0.0599952
1722878,1,-2.75238,-1.32536,1.01102,-1.9468,1.10108,1.16772,2.20138,-2.75266,-1.32422,1.00895,-1.94565,1.10136,1.16858,2.20139,0.00389892,-9.6896e-05,0.00524458,0.00123472,6.78415e-05,-3.01585e-05,-0.000398552,0,0,0,0,0,0,0,-0.910633,26.9406,-24.4866,6.99894,0.81331,2.48678,0.103647,-0.460018,2.223,-2.88066,1.79486,0.185162,0.894501,0.0608917
1722879,1,-2.75238,-1.32537,1.01102,-1.9468,1.10108,1.16772,2.20138,-2.75266,-1.32422,1.00895,-1.94565,1.10136,1.16858,2.20139,0.00102674,-0.000622187,0.00458203,0.00280794,0.000452129,0.000217253,-2.83425e-05,0,0,0,0,0,0,0,-0.831288,26.9644,-24.5104,7.05051,0.802324,2.48037,0.0972387,-0.444611,2.21945,-2.88989,1.8052,0.186241,0.895166,0.0617897
1722880,1,-2.75238,-1.32536,1.01102,-1.94679,1.10108,1.16772,2.20138,-2.75266,-1.32422,1.00895,-1.94565,1.10136,1.16858,2.20139,0.000897121,0.000141438,0.00400812,0.00273567,0.000301419,-9.25234e-05,-0.000968331,0,0,0,0,0,0,0,-0.831288,26.9406,-24.5342,7.02671,0.802324,2.48678,0.122873,-0.43272,2.21999,-2.9027,1.81254,0.187086,0.89602,0.062685
1722881,1,-2.75238,-1.32537,1.01102,-1.94679,1.10108,1.16772,2.20138,-2.75266,-1.32422,1.00895,-1.94565,1.10136,1.16858,2.20139,0.000200738,-0.00166938,0.00241273,0.00326038,0.000200946,-0.000299041,6.6523e-05,0,0,0,0,0,0,0,-0.807484,27.016,-24.5104,6.97513,0.802324,2.49319,0.103647,-0.422731,2.22194,-2.91523,1.81749,0.187735,0.896767,0.0635852
1722882,1,-2.75238,-1.32537,1.01102,-1.94679,1.10108,1.16772,2.20138,-2.75266,-1.32422,1.00895,-1.94565,1.10136,1.16858,2.20139,-0.000303385,9.31759e-05,0.00183159,0.0011398,0.000337415,0.000512716,-0.000667728,0,0,0,0,0,0,0,-0.78368,26.9644,-24.5104,7.02671,0.796831,2.47396,0.122873,-0.413888,2.22352,-2.92498,1.82092,0.188254,0.89727,0.0645026
1722883,1,-2.75238,-1.32537,1.01102,-1.94679,1.10108,1.16773,2.20138,-2.75266,-1.32422,1.00895,-1.94565,1.10136,1.16858,2.20139,0.000444257,-0.00114455,0.00194519,0.000332526,2.14925e-05,0.00057917,-0.000207793,0,0,0,0,0,0,0,-0.807484,27.016,-24.5342,7.05051,0.802324,2.46755,0.116465,-0.404905,2.22315,-2.93106,1.82438,0.188748,0.89753,0.0654486
1722884,1,-2.75238,-1.32536,1.01102,-1.94679,1.10108,1.16772,2.20138,-2.75266,-1.32422,1.00895,-1.94565,1.10136,1.16858,2.20139,-0.000193365,0.00155683,0.000865477,0.00031879,1.43284e-05,-0.000563323,-0.000613247,0,0,0,0,0,0,0,-0.78368,26.9168,-24.5104,7.05051,0.802324,2.49319,0.129282,-0.39579,2.22016,-2.93343,1.82841,0.189233,0.897591,0.0664336
1722885,1,-2.75238,-1.32537,1.01102,-1.94678,1.10108,1.16772,2.20138,-2.75266,-1.32422,1.00895,-1.94565,1.10136,1.16858,2.20139,-7.84529e-05,0.000480936,0.00122792,0.000285356,-0.000193898,-0.00013819,0.00101532,0,0,0,0,0,0,0,-0.78368,26.9406,-24.5342,7.05051,0.807817,2.48678,0.09083,-0.386727,2.21406,-2.93199,1.83278,0.189668,0.897446,0.0674667
1722886,1,-2.75238,-1.32537,1.01102,-1.94678,1.10108,1.16772,2.20138,-2.75266,-1.32422,1.00895,-1.94565,1.10136,1.16858,2.20139,0.000542353,0.000877332,0.000889201,0.000244859,-0.000129266,-9.21263e-05,-3.51951e-05,0,0,0,0,0,0,0,-0.807484,26.9168,-24.5342,7.05051,0.807817,2.48678,0.110056,-0.378919,2.20635,-2.92791,1.83655,0.189994,0.897166,0.0685348
1722887,1,-2.75239,-1.32537,1.01102,-1.94678,1.10108,1.16772,2.20138,-2.75266,-1.32422,1.00895,-1.94565,1.10136,1.16858,2.20139,-0.000816475,-0.00442917,-0.000467881,0.000761018,-8.6177e-05,0.0004133,0.00116333,0,0,0,0,0,0,0,-0.755909,26.9922,-24.4866,7.02671,0.807817,2.47396,0.0780126,-0.374532,2.20092,-2.9233,1.838,0.190158,0.896837,0.0695975
1722888,1,-2.75239,-1.32536,1.01103,-1.94678,1.10108,1.16772,2.20138,-2.75266,-1.32422,1.00895,-1.94565,1.10136,1.16858,2.20139,-0.00052303,-0.00201731,0.00204784,-1.87418e-05,0.00034945,-0.000673902,-0.000885958,0,0,0,0,0,0,0,-0.755909,26.9406,-24.5858,7.05051,0.796831,2.4996,0.122873,-0.373808,2.20074,-2.92051,1.83657,0.190178,0.896558,0.0706188
1722889,1,-2.75239,-1.32537,1.01103,-1.94678,1.10108,1.16772,2.20138,-2.75266,-1.32422,1.00895,-1.94565,1.10136,1.16858,2.20139,-0.00144635,-0.0021049,0.000838192,1.05491e-05,-0.000377385,0.000500168,0.000833515,0,0,0,0,0,0,0,-0.708302,26.9644,-24.562,7.05051,0.81331,2.47396,0.0844213,-0.374495,2.20412,-2.92025,1.83379,0.190127,0.896396,0.0715932
1722890,1,-2.75239,-1.32536,1.01102,-1.94677,1.10108,1.16772,2.20139,-2.75266,-1.32422,1.00895,-1.94565,1.10136,1.16858,2.20139,-0.000395445,-0.000998864,-6.84842e-05,0.00178755,0.000155311,9.60861e-05,0.00197983,0,0,0,0,0,0,0,-0.732105,26.9406,-24.5342,6.97513,0.802324,2.48037,0.0459692,-0.375746,2.20771,-2.92012,1.8302,0.189989,0.89622,0.0725244
1722891,1,-2.75239,-1.32537,1.01102,-1.94678,1.10108,1.16772,2.20138,-2.75266,-1.32422,1.00895,-1.94565,1.10136,1.16858,2.20139,-0.00146108,-0.000780218,-2.89048e-05,-0.00111539,-0.00030336,6.40574e-05,0.00060781,0,0,0,0,0,0,0,-0.680531,26.9406,-24.5342,7.07431,0.81331,2.48037,0.0651953,-0.377611,2.20964,-2.91806,1.82593,0.189755,0.895912,0.0733836
1722892,1,-2.75239,-1.32536,1.01103,-1.94678,1.10108,1.16772,2.20139,-2.75266,-1.32422,1.00895,-1.94565,1.10136,1.16858,2.20139,0.000239111,0.000600549,0.00119972,-0.000733869,1.21026e-06,4.2705e-05,0.000642566,0,0,0,0,0,0,0,-0.732105,26.889,-24.5858,7.07431,0.807817,2.48037,0.0587866,-0.378832,2.209,-2.9145,1.82241,0.189526,0.89556,0.0741272
1722893,1,-2.75239,-1.32537,1.01103,-1.94678,1.10108,1.16772,2.20138,-2.75266,-1.32422,1.00895,-1.94565,1.10136,1.16858,2.20139,-0.00159878,-0.000870358,0.00145885,-0.000481955,8.06841e-07,-0.000446248,-4.63408e-05,0,0,0,0,0,0,0,-0.656727,26.9406,-24.6136,7.07431,0.807817,2.49319,0.071604,-0.379496,2.20701,-2.91129,1.81968,0.189312,0.895292,0.0747344
1722894,1,-2.75239,-1.32536,1.01103,-1.94678,1.10108,1.16772,2.20138,-2.75266,-1.32422,1.00895,-1.94565,1.10136,1.16858,2.20139,-0.00106206,-7.16508e-05,0.000330019,-0.00152226,0.000407439,-6.01397e-05,0.000206465,0,0,0,0,0,0,0,-0.656727,26.9168,-24.5858,7.12589,0.796831,2.48678,0.0651953,-0.379562,2.20483,-2.90912,1.81738,0.189107,0.895104,0.0752058
1722895,1,-2.7524,-1.32537,1.01103,-1.94678,1.10108,1.16772,2.20138,-2.75266,-1.32422,1.00895,-1.94565,1.10136,1.16858,2.20139,-0.00191163,-8.39351e-05,0.000874927,0.000195687,6.81754e-05,-4.00931e-05,0.000137643,0,0,0,0,0,0,0,-0.605152,26.9168,-24.6136,7.07431,0.802324,2.48678,0.0651953,-0.378737,2.2021,-2.90708,1.81549,0.18891,0.894915,0.075555
1722896,1,-2.7524,-1.32536,1.01103,-1.94678,1.10108,1.16772,2.20138,-2.75266,-1.32422,1.00895,-1.94565,1.10136,1.16858,2.20139,-0.000622673,0.00168016,-0.000619166,-0.00107289,-0.000158,-0.000501447,-0.000382956,0,0,0,0,0,0,0,-0.632923,26.8414,-24.562,7.12589,0.807817,2.4996,0.0780126,-0.377788,2.19809,-2.90399,1.81348,0.188657,0.894658,0.0757981
1722897,1,-2.7524,-1.32537,1.01103,-1.94678,1.10108,1.16772,2.20139,-2.75266,-1.32422,1.00895,-1.94565,1.10136,1.16858,2.20139,-0.00217676,-0.0017771,0.00079663,-0.000712954,9.8117e-05,-9.69388e-05,0.00120276,0,0,0,0,0,0,0,-0.557545,26.9644,-24.6136,7.12589,0.802324,2.49319,0.038645,-0.377237,2.19353,-2.90015,1.81117,0.188347,0.894369,0.0759523
1722898,1,-2.7524,-1.32536,1.01102,-1.94679,1.10108,1.16772,2.20138,-2.75266,-1.32422,1.00895,-1.94565,1.10136,1.16858,2.20139,-0.00144997,0.000563244,-0.00132272,-0.00214401,0.000268862,-6.46259e-05,-0.000181505,0,0,0,0,0,0,0,-0.557545,26.889,-24.5342,7.1973,0.796831,2.49319,0.0651953,-0.37671,2.18978,-2.89667,1.80886,0.188044,0.894111,0.0760255
1722899,1,-2.75241,-1.32536,1.01103,-1.94678,1.10108,1.16772,2.20139,-2.75266,-1.32422,1.00895,-1.94565,1.10136,1.16858,2.20139,-0.00217217,-0.000842373,0.000975905,-0.000314417,-0.000668469,0.000431634,0.000862341,0,0,0,0,0,0,0,-0.50597,26.9406,-24.6136,7.14969,0.819719,2.48037,0.038645,-0.375873,2.18664,-2.89353,1.80673,0.187751,0.893881,0.076013
1722900,1,-2.75241,-1.32537,1.01103,-1.94679,1.10108,1.16772,2.20139,-2.75266,-1.32422,1.00895,-1.94565,1.10136,1.16858,2.20139,-0.00209706,-1.33531e-05,0.00120867,-0.00132226,-4.83671e-06,0.000525115,-0.000171091,0,0,0,0,0,0,0,-0.478199,26.9168,-24.6374,7.1973,0.807817,2.47396,0.0587866,-0.374982,2.18491,-2.89204,1.80437,0.187429,0.893739,0.075914
1722901,1,-2.75241,-1.32536,1.01104,-1.94679,1.10108,1.16772,2.20139,-2.75266,-1.32422,1.00895,-1.94565,1.10136,1.16858,2.20139,-0.00139753,0.000634275,0.00136354,-0.00885772,-0.000206675,-0.000362,0.000869283,0,0,0,0,0,0,0,-0.478199,26.889,-24.6612,7.27268,0.81331,2.49319,0.0322363,-0.371793,2.18338,-2.89286,1.80431,0.18727,0.893797,0.0757411
1722902,1,-2.75242,-1.32536,1.01104,-1.94679,1.10108,1.16772,2.20139,-2.75266,-1.32422,1.00895,-1.94565,1.10136,1.16858,2.20139,-0.00204493,0.000418022,0.00155935,-0.00586559,-0.000375142,-0.000478692,0.000579522,0,0,0,0,0,0,0,-0.430592,26.889,-24.689,7.24887,0.819719,2.4996,0.0322363,-0.363835,2.17959,-2.89501,1.80949,0.187497,0.89409,0.0755063
1722903,1,-2.75242,-1.32536,1.01104,-1.9468,1.10108,1.16772,2.20139,-2.75266,-1.32422,1.00895,-1.94565,1.10136,1.16858,2.20139,-0.00256943,0.00027506,0.000390481,-0.00541197,-1.27359e-05,-0.000319128,0.000861066,0,0,0,0,0,0,0,-0.379017,26.889,-24.6612,7.29648,0.81331,2.4996,0.0194189,-0.35295,2.17444,-2.89773,1.81765,0.187942,0.894486,0.0751937
1722904,1,-2.75242,-1.32536,1.01104,-1.9468,1.10108,1.16772,2.20139,-2.75266,-1.32422,1.00895,-1.94565,1.10136,1.16858,2.20139,-0.00291917,-0.00102577,0.000910333,-0.00454855,-8.4906e-06,0.000261966,-0.000884018,0,0,0,0,0,0,0,-0.327442,26.9406,-24.689,7.32425,0.81331,2.48678,0.0587866,-0.341983,2.16992,-2.90052,1.8254,0.188363,0.894836,0.0747765
1722905,1,-2.75243,-1.32536,1.01104,-1.9468,1.10108,1.16772,2.20138,-2.75266,-1.32422,1.00895,-1.94565,1.10136,1.16858,2.20139,-0.00370919,0.00107736,0.00172081,-0.0038074,-0.00064992,-6.27151e-05,-0.000826704,0,0,0,0,0,0,0,-0.252064,26.8652,-24.7366,7.34806,0.830705,2.49319,0.0651953,-0.331534,2.16684,-2.90391,1.83174,0.188681,0.895128,0.0742593
1722906,1,-2.75243,-1.32536,1.01104,-1.94681,1.10108,1.16772,2.20139,-2.75266,-1.32422,1.00895,-1.94565,1.10136,1.16858,2.20139,-0.00126625,0.00127352,0.00179704,-0.00446517,-2.63792e-05,-4.18101e-05,0.000432208,0,0,0,0,0,0,0,-0.303639,26.8414,-24.7643,7.42344,0.819719,2.49319,0.038645,-0.322152,2.16451,-2.90784,1.83655,0.188851,0.895396,0.0736877
1722907,1,-2.75244,-1.32536,1.01104,-1.94681,1.10108,1.16772,2.20139,-2.75266,-1.32422,1.00895,-1.94565,1.10136,1.16858,2.20139,-0.0020505,0.000847869,-0.00056504,-0.00365634,-0.000627938,0.000209486,0.000525498,0,0,0,0,0,0,0,-0.252064,26.8414,-24.689,7.44724,0.836199,2.48678,0.0322363,-0.31573,2.16245,-2.91084,1.83933,0.188833,0.895606,0.0730964
1722908,1,-2.75244,-1.32536,1.01105,-1.94681,1.10108,1.16772,2.20139,-2.75266,-1.32422,1.00895,-1.94565,1.10136,1.16858,2.20139,-0.00192374,0.000564387,0.00138667,-0.00569012,-1.17241e-05,0.000377016,0.000587691,0,0,0,0,0,0,0,-0.22826,26.8414,-24.7643,7.44724,0.825212,2.48037,0.0258276,-0.311929,2.16066,-2.91238,1.84064,0.188698,0.895721,0.0724825
1722909,1,-2.75245,-1.32536,1.01104,-1.94682,1.10108,1.16772,2.20138,-2.75266,-1.32422,1.00895,-1.94565,1.10136,1.16858,2.20139,-0.0036953,0.000375613,-0.000281884,-0.00533226,-7.81606e-06,-0.000460733,-0.00154099,0,0,0,0,0,0,0,-0.125111,26.8414,-24.7128,7.49881,0.825212,2.4996,0.0780126,-0.30767,2.15883,-2.91366,1.8425,0.188621,0.895792,0.071836
1722910,1,-2.75246,-1.32536,1.01105,-1.94682,1.10108,1.16772,2.20139,-2.75266,-1.32422,1.00895,-1.94565,1.10136,1.16858,2.20139,-0.00635805,-0.000306886,0.00101857,-0.00738422,-5.21071e-06,0.000167563,0.000159471,0,0,0,0,0,0,0,-0.0775034,26.8652,-24.7643,7.52262,0.825212,2.48678,0.0459692,-0.298671,2.15595,-2.91553,1.84731,0.188792,0.89582,0.0711727
1722911,1,-2.75246,-1.32536,1.01105,-1.94683,1.10108,1.16772,2.20139,-2.75266,-1.32422,1.00895,-1.94565,1.10136,1.16858,2.20139,-0.00512003,0.000351859,0.000679102,-0.00647536,-3.47381e-06,-0.000125651,-0.000368404,0,0,0,0,0,0,0,-0.0497324,26.8414,-24.7643,7.57022,0.825212,2.49319,0.0587866,-0.282983,2.15162,-2.91858,1.85605,0.189283,0.895818,0.0705293
1722912,1,-2.75246,-1.32535,1.01105,-1.94682,1.10108,1.16772,2.20139,-2.75266,-1.32422,1.00895,-1.94565,1.10136,1.16858,2.20139,-0.00358714,0.00144073,0.00100959,-0.00408929,0.000201135,-0.000321126,0.000500382,0,0,0,0,0,0,0,-0.0497324,26.7898,-24.7881,7.54642,0.819719,2.4996,0.038645,-0.265524,2.14712,-2.92235,1.86567,0.189815,0.895813,0.0699196
1722913,1,-2.75247,-1.32535,1.01105,-1.94683,1.10108,1.16772,2.20138,-2.75266,-1.32422,1.00895,-1.94565,1.10136,1.16858,2.20139,-0.00484182,0.00216671,0.000116276,-0.00297309,-6.93608e-05,-0.000451443,-0.00112447,0,0,0,0,0,0,0,0.0494498,26.7383,-24.7643,7.54642,0.825212,2.50601,0.0780126,-0.25124,2.14302,-2.92533,1.87273,0.190077,0.895739,0.0693362
1722914,1,-2.75247,-1.32535,1.01105,-1.94683,1.10108,1.16772,2.20138,-2.75266,-1.32422,1.00895,-1.94565,1.10136,1.16858,2.20139,-0.00276882,0.00144432,0.000634351,-0.00393047,-4.62405e-05,0.000173756,-0.00051229,0,0,0,0,0,0,0,0.0256461,26.7383,-24.7881,7.6218,0.825212,2.49319,0.071604,-0.24076,2.13928,-2.92707,1.87686,0.190037,0.895585,0.0687805
1722915,1,-2.75248,-1.32535,1.01105,-1.94683,1.10108,1.16772,2.20139,-2.75266,-1.32422,1.00895,-1.94565,1.10136,1.16858,2.20139,-0.00543124,0.00658372,0.000422918,-0.00220238,-3.0827e-05,0.000353196,0.00037055,0,0,0,0,0,0,0,0.0494498,26.766,-24.7881,7.598,0.825212,2.48678,0.0523779,-0.232055,2.13409,-2.92713,1.87963,0.189804,0.895349,0.0682796
1722916,1,-2.75249,-1.32535,1.01105,-1.94684,1.10108,1.16772,2.20139,-2.75266,-1.32422,1.00895,-1.94565,1.10136,1.16858,2.20139,-0.00512851,0.00491161,0.000281958,-0.00324285,0.000182899,0.000235464,9.6744e-06,0,0,0,0,0,0,0,0.101024,26.766,-24.7881,7.66941,0.819719,2.48678,0.0587866,-0.221172,2.12418,-2.92458,1.88345,0.189527,0.894947,0.0678545
1722917,1,-2.75249,-1.32535,1.01105,-1.94684,1.10108,1.16772,2.20138,-2.75266,-1.32422,1.00895,-1.94565,1.10136,1.16858,2.20139,-0.0069033,0.00366625,0.0041216,-0.00112639,-0.000284968,-0.000317742,-0.000230909,0,0,0,0,0,0,0,0.101024,26.766,-24.8159,7.6218,0.830705,2.4996,0.0651953,-0.207264,2.11251,-2.92271,1.88857,0.189276,0.894529,0.0674909
1722918,1,-2.7525,-1.32535,1.01106,-1.94684,1.10108,1.16772,2.20138,-2.75266,-1.32422,1.00895,-1.94565,1.10136,1.16858,2.20139,-0.00758586,0.00394448,0.00357822,0.00095372,-0.000189979,-0.000449187,-0.000391299,0,0,0,0,0,0,0,0.0732535,26.7144,-24.8397,7.54642,0.830705,2.50601,0.071604,-0.192016,2.1046,-2.92617,1.89322,0.188988,0.894322,0.0671715
1722919,1,-2.75251,-1.32535,1.01105,-1.94684,1.10108,1.16772,2.20139,-2.75266,-1.32422,1.00895,-1.94565,1.10136,1.16858,2.20139,-0.00686043,0.00229325,0.00203392,3.5059e-05,-0.000330103,0.00017526,0.00068857,0,0,0,0,0,0,0,0.124828,26.7383,-24.8159,7.57022,0.836199,2.49319,0.0459692,-0.177243,2.10125,-2.93397,1.89616,0.188606,0.894262,0.0668904
1722920,1,-2.75251,-1.32535,1.01106,-1.94684,1.10108,1.16772,2.20139,-2.75266,-1.32422,1.00895,-1.94565,1.10136,1.16858,2.20139,-0.00800028,0.00225096,0.00150989,-0.00379628,0.000186832,-0.000120519,0.000459047,0,0,0,0,0,0,0,0.124828,26.7144,-24.8159,7.598,0.825212,2.4996,0.0459692,-0.162818,2.10046,-2.94289,1.89881,0.188284,0.894245,0.0666399
1722921,1,-2.75252,-1.32535,1.01106,-1.94685,1.10108,1.16772,2.20139,-2.75266,-1.32422,1.00895,-1.94565,1.10136,1.16858,2.20139,-0.00591746,0.00162462,0.00470803,-0.00337381,0.000124555,-0.000317705,-0.000168687,0,0,0,0,0,0,0,0.124828,26.7144,-24.8397,7.6218,0.825212,2.50601,0.0587866,-0.147555,2.10128,-2.95316,1.90332,0.188194,0.894401,0.0664046
1722922,1,-2.75253,-1.32534,1.01106,-1.94685,1.10108,1.16772,2.20139,-2.75266,-1.32422,1.00895,-1.94565,1.10136,1.16858,2.20139,-0.00382611,0.00238249,0.00347771,-0.00607366,8.30366e-05,-0.000686521,-0.000112458,0,0,0,0,0,0,0,0.101024,26.6629,-24.8397,7.6456,0.825212,2.51882,0.0587866,-0.134063,2.10473,-2.96606,1.90888,0.188242,0.894924,0.0661704
1722923,1,-2.75254,-1.32534,1.01106,-1.94685,1.10108,1.16772,2.20139,-2.75266,-1.32422,1.00895,-1.94565,1.10136,1.16858,2.20139,-0.00534327,0.00165807,0.00257274,-0.00390767,-0.000148093,1.70371e-05,-7.49719e-05,0,0,0,0,0,0,0,0.0732535,26.6629,-24.8397,7.6218,0.830705,2.50601,0.0587866,-0.124249,2.10994,-2.97967,1.91434,0.188307,0.895721,0.0659349
1722924,1,-2.75254,-1.32534,1.01106,-1.94685,1.10108,1.16772,2.20139,-2.75266,-1.32422,1.00895,-1.94565,1.10136,1.16858,2.20139,-0.00711743,0.00363241,0.00246267,-0.00347345,-0.000302179,1.13581e-05,0.000933363,0,0,0,0,0,0,0,0.0732535,26.6867,-24.8635,7.6456,0.836199,2.50601,0.0322363,-0.115405,2.11395,-2.99129,1.91996,0.188389,0.896486,0.0657014
1722925,1,-2.75256,-1.32534,1.01106,-1.94685,1.10108,1.16772,2.20138,-2.75266,-1.32422,1.00895,-1.94565,1.10136,1.16858,2.20139,-0.00906434,0.00150704,0.00243442,-0.00199247,-0.000608354,0.000719649,-0.00131054,0,0,0,0,0,0,0,0.101024,26.7383,-24.8913,7.6218,0.847185,2.48678,0.0844213,-0.103983,2.11524,-3.00064,1.92638,0.188533,0.897041,0.0654633
1722926,1,-2.75256,-1.32534,1.01106,-1.94686,1.10108,1.16772,2.20139,-2.75266,-1.32422,1.00895,-1.94565,1.10136,1.16858,2.20139,-0.00882423,0.00243001,0.000523789,-0.00261717,-0.000202119,5.04804e-06,0.000313103,0,0,0,0,0,0,0,0.0494498,26.6867,-24.8397,7.66941,0.841692,2.4996,0.0523779,-0.0893485,2.11424,-3.00796,1.93354,0.188765,0.897329,0.0652154
1722927,1,-2.75257,-1.32534,1.01106,-1.94685,1.10108,1.16772,2.20139,-2.75266,-1.32422,1.00895,-1.94565,1.10136,1.16858,2.20139,-0.00790699,0.00234099,0.000986456,-0.000205774,0.000272155,3.36536e-06,-2.86238e-05,0,0,0,0,0,0,0,0.101024,26.6629,-24.8635,7.598,0.830705,2.4996,0.0587866,-0.0743746,2.11172,-3.01255,1.94001,0.188982,0.897342,0.0649726
1722928,1,-2.75258,-1.32534,1.01107,-1.94686,1.10108,1.16772,2.20138,-2.75266,-1.32422,1.00895,-1.94565,1.10136,1.16858,2.20139,-0.00849337,0.00168379,0.00136759,-0.00134938,0.000181437,0.000239603,-0.000968518,0,0,0,0,0,0,0,0.0732535,26.6629,-24.8913,7.6456,0.830705,2.49319,0.0844213,-0.0619691,2.10924,-3.01536,1.94438,0.189061,0.897195,0.0647415
1722929,1,-2.75259,-1.32534,1.01106,-1.94686,1.10108,1.16772,2.20138,-2.75266,-1.32422,1.00895,-1.94565,1.10136,1.16858,2.20139,-0.0106472,0.000658057,-0.000806257,-0.0004167,-8.24926e-05,-7.76239e-05,-0.000883038,0,0,0,0,0,0,0,0.124828,26.6867,-24.8159,7.6218,0.836199,2.4996,0.09083,-0.0509829,2.10749,-3.01759,1.94745,0.189078,0.896952,0.0645295
1722930,1,-2.7526,-1.32534,1.01106,-1.94685,1.10108,1.16772,2.20138,-2.75266,-1.32422,1.00895,-1.94565,1.10136,1.16858,2.20139,-0.00963268,0.00106478,-0.000503564,0.00087318,0.000351906,-5.17493e-05,-0.00106341,0,0,0,0,0,0,0,0.0732535,26.6629,-24.8159,7.57022,0.825212,2.4996,0.103647,-0.0400625,2.10584,-3.0187,1.94988,0.189091,0.896553,0.0643652
1722931,1,-2.75261,-1.32534,1.01106,-1.94686,1.10108,1.16772,2.20138,-2.75266,-1.32422,1.00895,-1.94565,1.10136,1.16858,2.20139,-0.0113825,-0.00100144,-0.000959868,-0.00338921,3.11535e-05,-0.000271858,0.000240496,0,0,0,0,0,0,0,0.124828,26.7383,-24.7881,7.598,0.830705,2.50601,0.0780126,-0.0288855,2.10439,-3.01916,1.95235,0.189151,0.896074,0.064284
1722932,1,-2.75262,-1.32534,1.01106,-1.94686,1.10108,1.16772,2.20138,-2.75266,-1.32422,1.00895,-1.94565,1.10136,1.16858,2.20139,-0.010229,0.000577755,-0.00062082,-0.00135758,2.0769e-05,0.000293479,-7.70283e-05,0,0,0,0,0,0,0,0.200207,26.6867,-24.7881,7.54642,0.830705,2.49319,0.0844213,-0.0162031,2.10294,-3.01997,1.95648,0.189382,0.895654,0.0643061
1722933,1,-2.75263,-1.32534,1.01106,-1.94686,1.10108,1.16772,2.20138,-2.75266,-1.32422,1.00895,-1.94565,1.10136,1.16858,2.20139,-0.00692054,0.000414389,-0.000956374,-0.00057664,0.000217297,-4.17063e-05,-5.13522e-05,0,0,0,0,0,0,0,0.176403,26.6867,-24.7643,7.52262,0.825212,2.4996,0.0844213,-0.00581136,2.10216,-3.02076,1.96006,0.189576,0.895339,0.064417
1722934,0.99,-2.75263,-1.32534,1.01106,-1.94686,1.10108,1.16772,2.20138,-2.75266,-1.32422,1.00895,-1.94565,1.10136,1.16858,2.20139,-0.00799741,0.000298173,-0.000626843,-0.00111254,0.000144864,0.000209555,-0.000746312,0,0,0,0,0,0,0,0.176403,26.6867,-24.7643,7.54642,0.825212,2.49319,0.103647,-0.00212213,2.10339,-3.02122,1.96025,0.189487,0.895156,0.064594
1722935,0.99,-2.75264,-1.32534,1.01106,-1.94686,1.10108,1.16772,2.20138,-2.75266,-1.32422,1.00895,-1.94565,1.10136,1.16858,2.20139,-0.00473618,0.000215218,-0.000409841,-0.00447761,-0.000310325,0.000139703,0.000214536,0,0,0,0,0,0,0,0.124828,26.6867,-24.7643,7.57022,0.836199,2.49319,0.0844213,-0.003884,2.10644,-3.02195,1.9583,0.189222,0.895177,0.064836
1722936,0.99,-2.75265,-1.32534,1.01106,-1.94686,1.10108,1.16772,2.20138,-2.75266,-1.32422,1.00895,-1.94565,1.10136,1.16858,2.20139,-0.00797819,-0.000493809,0.00149605,-0.00333565,-3.43269e-06,9.31354e-05,0.000143024,0,0,0,0,0,0,0,0.176403,26.7144,-24.8397,7.57022,0.830705,2.49319,0.0844213,-0.00792119,2.11095,-3.02444,1.95648,0.18897,0.895491,0.0651492
1722937,0.99,-2.75266,-1.32534,1.01106,-1.94687,1.10107,1.16772,2.20138,-2.75266,-1.32422,1.00895,-1.94565,1.10136,1.16858,2.20139,-0.00713191,-0.000876773,0.0010019,-0.00313631,-0.00040919,-0.000175269,0.000570067,0,0,0,0,0,0,0,0.227978,26.7383,-24.8397,7.598,0.841692,2.4996,0.071604,-0.0111956,2.1171,-3.03017,1.95562,0.188814,0.896068,0.0655217
1722938,0.99,-2.75267,-1.32534,1.01106,-1.94686,1.10108,1.16772,2.20138,-2.75266,-1.32422,1.00895,-1.94565,1.10136,1.16858,2.20139,-0.0081979,-0.000577582,0.000114518,-0.000524835,-0.000713602,0.000120513,0.000142686,0,0,0,0,0,0,0,0.227978,26.7383,-24.8159,7.52262,0.853594,2.49319,0.0780126,-0.0133406,2.12442,-3.03791,1.95471,0.188683,0.896714,0.065923
1722939,0.99,-2.75268,-1.32534,1.01106,-1.94686,1.10108,1.16772,2.20138,-2.75266,-1.32422,1.00895,-1.94565,1.10136,1.16858,2.20139,-0.00929998,0.000176958,-0.00057072,-0.000497789,-3.49255e-05,-0.000157017,-0.000142235,0,0,0,0,0,0,0,0.227978,26.7144,-24.7881,7.52262,0.841692,2.4996,0.0844213,-0.0142872,2.13102,-3.04487,1.95303,0.188512,0.897195,0.0663253
1722940,0.99,-2.75269,-1.32535,1.01106,-1.94687,1.10108,1.16772,2.20138,-2.75266,-1.32422,1.00895,-1.94565,1.10136,1.16858,2.20139,-0.00802669,-0.00164137,-0.000935381,-0.00155641,0.000180167,-0.000342037,0.000142536,0,0,0,0,0,0,0,0.275585,26.7898,-24.7643,7.57022,0.836199,2.50601,0.0780126,-0.0134001,2.13592,-3.04997,1.95113,0.188353,0.897456,0.0667185
1722941,0.99,-2.75269,-1.32534,1.01106,-1.94687,1.10108,1.16772,2.20138,-2.75266,-1.32422,1.00895,-1.94565,1.10136,1.16858,2.20139,-0.00909295,0.000115107,-6.53418e-05,-0.00232722,0.000527012,-0.000228025,0.000332383,0,0,0,0,0,0,0,0.275585,26.7383,-24.7881,7.6218,0.825212,2.50601,0.071604,-0.0108259,2.13961,-3.05393,1.94981,0.188276,0.897628,0.067104
1722942,0.99,-2.7527,-1.32534,1.01106,-1.94687,1.10108,1.16772,2.20138,-2.75266,-1.32422,1.00895,-1.94565,1.10136,1.16858,2.20139,-0.00992384,7.8932e-05,-4.24861e-05,-0.00105707,-5.55595e-05,-0.000152016,0.000458947,0,0,0,0,0,0,0,0.275585,26.7383,-24.7881,7.598,0.836199,2.50601,0.0651953,-0.0051245,2.14138,-3.05739,1.9502,0.18833,0.897778,0.0674811
1722943,0.99,-2.75271,-1.32534,1.01106,-1.94687,1.10108,1.16772,2.20138,-2.75266,-1.32422,1.00895,-1.94565,1.10136,1.16858,2.20139,-0.00738329,5.42668e-05,0.000622096,-0.000101893,-3.70397e-05,0.000373374,-0.000406112,0,0,0,0,0,0,0,0.275585,26.7383,-24.8159,7.57022,0.836199,2.49319,0.0844213,0.00210275,2.14202,-3.06075,1.9511,0.188394,0.89793,0.0678336
1722944,0.99,-2.75271,-1.32534,1.01106,-1.94688,1.10108,1.16772,2.20138,-2.75266,-1.32422,1.00895,-1.94565,1.10136,1.16858,2.20139,-0.00438412,0.00124384,-0.000234278,-0.00130945,-0.000431594,1.15568e-05,0.000441336,0,0,0,0,0,0,0,0.227978,26.6867,-24.7881,7.6218,0.847185,2.4996,0.0651953,0.00512198,2.14366,-3.06374,1.94968,0.188241,0.898152,0.0681476
1722945,0.99,-2.75272,-1.32534,1.01107,-1.94688,1.10108,1.16772,2.20139,-2.75266,-1.32422,1.00895,-1.94565,1.10136,1.16858,2.20139,-0.00391122,-0.000376275,0.00160751,-0.00201291,-8.42789e-05,0.000245063,0.000531583,0,0,0,0,0,0,0,0.251781,26.7383,-24.8635,7.66941,0.841692,2.49319,0.0587866,0.00109362,2.14735,-3.06645,1.94525,0.187831,0.898542,0.068425
1722946,0.99,-2.75272,-1.32534,1.01106,-1.94688,1.10108,1.16772,2.20139,-2.75266,-1.32422,1.00895,-1.94565,1.10136,1.16858,2.20139,-0.00442634,0.000306656,-0.000691227,-0.00282101,0.000350715,-7.39833e-05,0.000354388,0,0,0,0,0,0,0,0.176403,26.7144,-24.7881,7.598,0.830705,2.4996,0.0587866,-0.00759266,2.15292,-3.06955,1.93944,0.18732,0.899109,0.0686611
1722947,0.99,-2.75273,-1.32534,1.01106,-1.94688,1.10108,1.16772,2.20139,-2.75266,-1.32422,1.00895,-1.94565,1.10136,1.16858,2.20139,-0.00650629,0.00141138,-0.000460563,-0.00326992,0.000437261,0.000188037,0.000710977,0,0,0,0,0,0,0,0.176403,26.6629,-24.7881,7.6456,0.825212,2.49319,0.0459692,-0.0151491,2.15694,-3.07153,1.93529,0.18693,0.899654,0.0688478
1722948,0.99,-2.75274,-1.32534,1.01106,-1.94688,1.10108,1.16772,2.20139,-2.75266,-1.32422,1.00895,-1.94565,1.10136,1.16858,2.20139,-0.00553351,0.000384501,0.000342763,-0.00182985,-0.000318845,-0.000112001,-7.33326e-07,0,0,0,0,0,0,0,0.200207,26.6867,-24.8159,7.6218,0.841692,2.4996,0.0587866,-0.0182902,2.15767,-3.07205,1.93409,0.186739,0.900067,0.0689761
1722949,0.99,-2.75275,-1.32534,1.01106,-1.94689,1.10108,1.16772,2.20139,-2.75266,-1.32422,1.00895,-1.94565,1.10136,1.16858,2.20139,-0.00537482,0.00137025,0.000228652,-0.00137494,-9.11248e-06,-7.46674e-05,0.000474229,0,0,0,0,0,0,0,0.251781,26.6391,-24.8159,7.6218,0.836199,2.4996,0.0459692,-0.0192678,2.1574,-3.07269,1.93388,0.186601,0.900418,0.0690335
1722950,0.99,-2.75275,-1.32534,1.01106,-1.94689,1.10108,1.16772,2.20139,-2.75266,-1.32422,1.00895,-1.94565,1.10136,1.16858,2.20139,-0.00643177,0.000356908,0.000152543,-0.00408473,0.000400826,-0.000287137,0.00106214,0,0,0,0,0,0,0,0.227978,26.6629,-24.8159,7.6218,0.825212,2.50601,0.0258276,-0.018659,2.15664,-3.07377,1.93445,0.18651,0.900745,0.0690198
1722951,0.99,-2.75275,-1.32534,1.01106,-1.9469,1.10108,1.16772,2.20139,-2.75266,-1.32422,1.00895,-1.94565,1.10136,1.16858,2.20139,-0.00837613,0.000794915,0.000101776,-0.00417831,0.000267217,4.59341e-05,-3.78933e-05,0,0,0,0,0,0,0,0.251781,26.6391,-24.8159,7.66941,0.825212,2.4996,0.0459692,-0.0128951,2.154,-3.07535,1.93829,0.18667,0.901051,0.0689321
1722952,0.99,-2.75276,-1.32534,1.01106,-1.9469,1.10108,1.16772,2.20139,-2.75266,-1.32422,1.00895,-1.94565,1.10136,1.16858,2.20139,-0.00895584,0.00117968,-0.000581703,-0.0036913,-0.000228756,-0.000206736,0.000958082,0,0,0,0,0,0,0,0.227978,26.6113,-24.7881,7.69718,0.836199,2.50601,0.0194189,7.43369e-05,2.1483,-3.07695,1.94635,0.187147,0.901273,0.0687599
1722953,0.99,-2.75276,-1.32534,1.01106,-1.9469,1.10108,1.16772,2.20139,-2.75266,-1.32422,1.00895,-1.94565,1.10136,1.16858,2.20139,-0.0072836,0.000786547,0.000818669,-0.00265297,-0.000152504,9.95348e-05,-0.000344623,0,0,0,0,0,0,0,0.251781,26.6113,-24.8397,7.69718,0.836199,2.4996,0.0459692,0.0170267,2.14078,-3.07841,1.95636,0.187752,0.901407,0.0684951
1722954,0.99,-2.75276,-1.32533,1.01106,-1.9469,1.10107,1.16772,2.20139,-2.75266,-1.32422,1.00895,-1.94565,1.10136,1.16858,2.20139,-0.00662933,0.00108125,-0.000660612,-0.00126312,-0.00030512,-0.000408361,0.000753596,0,0,0,0,0,0,0,0.303356,26.5875,-24.7881,7.66941,0.841692,2.51242,0.0194189,0.0318987,2.13434,-3.08008,1.96466,0.188203,0.901527,0.0681319
1722955,0.99,-2.75277,-1.32533,1.01106,-1.9469,1.10107,1.16772,2.20139,-2.75266,-1.32422,1.00895,-1.94565,1.10136,1.16858,2.20139,-0.00484493,0.000720883,-0.000440383,-0.000393328,-0.000203413,0.000202477,0.000265038,0,0,0,0,0,0,0,0.303356,26.5875,-24.7881,7.6456,0.841692,2.4996,0.0258276,0.0403524,2.13042,-3.08122,1.96866,0.188309,0.901626,0.0676714
1722956,0.99,-2.75277,-1.32533,1.01107,-1.94691,1.10108,1.16772,2.20139,-2.75266,-1.32422,1.00895,-1.94565,1.10136,1.16858,2.20139,-0.0041058,0.00103744,0.00146967,-0.000900077,-0.000135609,-0.000102374,0.00065141,0,0,0,0,0,0,0,0.32716,26.5637,-24.8635,7.66941,0.841692,2.50601,0.0130102,0.041083,2.12989,-3.08241,1.96782,0.188039,0.901783,0.0671163
1722957,0.99,-2.75277,-1.32533,1.01106,-1.94692,1.10108,1.16772,2.20139,-2.75266,-1.32422,1.00895,-1.94565,1.10136,1.16858,2.20139,-0.00297647,0.000691656,-0.00134026,-0.00503522,-9.04059e-05,0.000169109,0.000196914,0,0,0,0,0,0,0,0.32716,26.5637,-24.7643,7.72098,0.841692,2.4996,0.0194189,0.0364627,2.13171,-3.08422,1.96459,0.187597,0.902101,0.0664719
1722958,0.99,-2.75277,-1.32533,1.01106,-1.94692,1.10108,1.16772,2.20139,-2.75266,-1.32422,1.00895,-1.94565,1.10136,1.16858,2.20139,-0.0033702,0.000461126,-0.000336682,-0.00626885,-6.02706e-05,0.00011274,0.000368635,0,0,0,0,0,0,0,0.378734,26.5637,-24.7881,7.69718,0.841692,2.4996,0.0130102,0.0309024,2.13294,-3.08526,1.96279,0.187293,0.902541,0.0657465
1722959,0.99,-2.75277,-1.32533,1.01106,-1.94693,1.10108,1.16772,2.20139,-2.75266,-1.32422,1.00895,-1.94565,1.10136,1.16858,2.20139,-0.0053559,0.000307434,-0.000781258,-0.0052315,-0.000243631,-0.000399558,0.000245757,0,0,0,0,0,0,0,0.378734,26.5637,-24.7643,7.72098,0.847185,2.51242,0.0130102,0.028266,2.13234,-3.08571,1.9643,0.187281,0.903038,0.0649489
1722960,0.99,-2.75278,-1.32533,1.01106,-1.94693,1.10108,1.16772,2.20139,-2.75266,-1.32422,1.00895,-1.94565,1.10136,1.16858,2.20139,-0.00391942,-0.000351844,3.59792e-05,-0.00701233,4.10299e-05,-2.90132e-05,-7.35211e-05,0,0,0,0,0,0,0,0.378734,26.5875,-24.7881,7.72098,0.841692,2.50601,0.0194189,0.0299153,2.13053,-3.08673,1.9688,0.187537,0.903571,0.0640862
1722961,0.99,-2.75278,-1.32533,1.01106,-1.94693,1.10108,1.16772,2.20139,-2.75266,-1.32422,1.00895,-1.94565,1.10136,1.16858,2.20139,-0.00287456,-0.000234553,2.39907e-05,-0.00781878,0.000230804,-1.93421e-05,-4.90141e-05,0,0,0,0,0,0,0,0.378734,26.5875,-24.7881,7.69718,0.836199,2.50601,0.0194189,0.0338629,2.12881,-3.08898,1.97513,0.187968,0.904209,0.0631665
1722962,0.99,-2.75278,-1.32532,1.01106,-1.94694,1.10108,1.16772,2.20138,-2.75266,-1.32422,1.00895,-1.94565,1.10136,1.16858,2.20139,-0.0026694,0.00105006,0.000665611,-0.00523227,-4.95813e-05,0.000224464,-0.0017281,0,0,0,0,0,0,0,0.402538,26.5359,-24.8159,7.66941,0.841692,2.4996,0.0651953,0.037446,2.12776,-3.09217,1.98153,0.188408,0.904954,0.0622052
1722963,0.99,-2.75278,-1.32533,1.01106,-1.94695,1.10108,1.16772,2.20139,-2.75266,-1.32422,1.00895,-1.94565,1.10136,1.16858,2.20139,-0.000720332,-0.00106319,0.00100056,-0.00575344,0.000170396,0.000149643,0.000543356,0,0,0,0,0,0,0,0.350963,26.6113,-24.8397,7.74479,0.836199,2.4996,0.0194189,0.0379629,2.12853,-3.09627,1.98555,0.188651,0.905761,0.061233
1722964,0.99,-2.75278,-1.32533,1.01106,-1.94695,1.10108,1.16772,2.20139,-2.75266,-1.32422,1.00895,-1.94565,1.10136,1.16858,2.20139,-3.37781e-05,-0.000151977,0.000110227,-0.00722834,0.000317048,0.00057448,-0.000858466,0,0,0,0,0,0,0,0.32716,26.5875,-24.8159,7.74479,0.830705,2.48678,0.0523779,0.033758,2.13226,-3.10132,1.98635,0.188648,0.906636,0.0602854
1722965,0.99,-2.75278,-1.32533,1.01106,-1.94696,1.10107,1.16772,2.20139,-2.75266,-1.32422,1.00895,-1.94565,1.10136,1.16858,2.20139,-0.0039474,0.000455497,-0.00178255,-0.00916896,-0.000636345,0.000145628,0.000173675,0,0,0,0,0,0,0,0.350963,26.5637,-24.7366,7.77256,0.853594,2.49319,0.0322363,0.0298676,2.13504,-3.10507,1.98754,0.188672,0.907415,0.059386
1722966,0.99,-2.75278,-1.32533,1.01106,-1.94697,1.10108,1.16772,2.20139,-2.75266,-1.32422,1.00895,-1.94565,1.10136,1.16858,2.20139,-0.00120422,0.000303667,0.000667672,-0.00928524,0.00022003,-0.000377633,-0.00110492,0,0,0,0,0,0,0,0.275585,26.5637,-24.8159,7.74479,0.836199,2.50601,0.0651953,0.0319033,2.13338,-3.10655,1.99265,0.188973,0.907993,0.0585532
1722967,0.99,-2.75278,-1.32532,1.01106,-1.94697,1.10108,1.16772,2.20138,-2.75266,-1.32422,1.00895,-1.94565,1.10136,1.16858,2.20139,-0.00226113,-0.000354366,-0.000204499,-0.00639466,-5.67639e-05,-0.000251755,-0.00144869,0,0,0,0,0,0,0,0.32716,26.5875,-24.7881,7.72098,0.841692,2.50601,0.0844213,0.036935,2.13017,-3.10785,1.99941,0.189383,0.908494,0.0577967
1722968,0.99,-2.75279,-1.32532,1.01106,-1.94698,1.10107,1.16772,2.20139,-2.75266,-1.32422,1.00895,-1.94565,1.10136,1.16858,2.20139,-0.00225315,0.000320569,0.000513282,-0.00483409,-3.78426e-05,-0.000167837,0.000221001,0,0,0,0,0,0,0,0.350963,26.5637,-24.8159,7.72098,0.841692,2.50601,0.0523779,0.0409151,2.12826,-3.1099,2.0042,0.18963,0.908921,0.0571366
1722969,0.99,-2.75278,-1.32533,1.01106,-1.94698,1.10107,1.16772,2.20138,-2.75266,-1.32422,1.00895,-1.94565,1.10136,1.16858,2.20139,0.000119446,-0.000343098,-0.000307425,-0.00485739,-2.52284e-05,-0.00034925,-0.00127682,0,0,0,0,0,0,0,0.275585,26.5875,-24.7881,7.77256,0.841692,2.51242,0.09083,0.0418122,2.12824,-3.11211,2.00549,0.189595,0.909241,0.0565941
1722970,0.99,-2.75278,-1.32532,1.01106,-1.94699,1.10108,1.16772,2.20138,-2.75266,-1.32422,1.00895,-1.94565,1.10136,1.16858,2.20139,-0.00331711,-0.000228731,-0.00020495,-0.00355944,0.000593533,-0.000707551,-0.000376495,0,0,0,0,0,0,0,0.275585,26.5875,-24.7881,7.77256,0.825212,2.52523,0.0780126,0.0395519,2.12989,-3.11409,2.00359,0.189308,0.909471,0.0561739
1722971,0.99,-2.75278,-1.32532,1.01106,-1.94699,1.10108,1.16772,2.20138,-2.75266,-1.32422,1.00895,-1.94565,1.10136,1.16858,2.20139,-0.00145169,0.00161075,-0.00134306,-0.00501246,-1.12126e-05,-0.000234342,-0.000488356,0,0,0,0,0,0,0,0.227978,26.5121,-24.7366,7.74479,0.836199,2.51882,0.0844213,0.0377832,2.13057,-3.11476,2.00104,0.188944,0.909554,0.0558903
1722972,0.99,-2.75278,-1.32532,1.01106,-1.947,1.10108,1.16772,2.20139,-2.75266,-1.32422,1.00895,-1.94565,1.10136,1.16858,2.20139,-0.00179004,-0.000132592,0.000311053,-0.00442594,-7.47508e-06,-0.000630946,0.000623865,0,0,0,0,0,0,0,0.251781,26.5637,-24.7881,7.77256,0.836199,2.53164,0.0587866,0.037624,2.1291,-3.11393,1.99932,0.188599,0.90955,0.0557497
1722973,0.99,-2.75278,-1.32532,1.01106,-1.947,1.10108,1.16772,2.20138,-2.75266,-1.32422,1.00895,-1.94565,1.10136,1.16858,2.20139,-0.000835619,-8.83942e-05,0.000207369,-0.00688408,0.000198467,5.40873e-05,-0.000533526,0,0,0,0,0,0,0,0.227978,26.5637,-24.7881,7.79636,0.830705,2.51882,0.0844213,0.0378541,2.12765,-3.11371,1.99844,0.188303,0.909662,0.0557319
1722974,0.99,-2.75277,-1.32532,1.01106,-1.94701,1.10107,1.16772,2.20138,-2.75266,-1.32422,1.00895,-1.94565,1.10136,1.16858,2.20139,-5.67696e-05,-0.000615741,0.000138246,-0.00564493,-0.00047804,3.60582e-05,-0.000118325,0,0,0,0,0,0,0,0.200207,26.5875,-24.7881,7.82016,0.847185,2.51882,0.0780126,0.0375914,2.12753,-3.11504,1.99832,0.18807,0.909983,0.0558082
1722975,0.99,-2.75277,-1.32532,1.01106,-1.94701,1.10107,1.16772,2.20138,-2.75266,-1.32422,1.00895,-1.94565,1.10136,1.16858,2.20139,-0.000149825,-0.000410494,0.000741778,-0.00675598,-0.000556052,-0.00021332,0.000158476,0,0,0,0,0,0,0,0.200207,26.5875,-24.8159,7.79636,0.853594,2.52523,0.071604,0.0360234,2.12878,-3.11751,1.99848,0.187869,0.910484,0.0559632
1722976,0.99,-2.75277,-1.32533,1.01106,-1.94702,1.10107,1.16772,2.20139,-2.75266,-1.32422,1.00895,-1.94565,1.10136,1.16858,2.20139,0.000372945,-0.000830474,-0.000711907,-0.00560596,7.01079e-05,0.000332504,-0.000369067,0,0,0,0,0,0,0,0.176403,26.6113,-24.7643,7.82016,0.841692,2.51242,0.0844213,0.0332411,2.13097,-3.12048,1.99869,0.187685,0.911088,0.0561853
1722977,0.99,-2.75277,-1.32532,1.01106,-1.94702,1.10108,1.16772,2.20138,-2.75266,-1.32422,1.00895,-1.94565,1.10136,1.16858,2.20139,-0.00037117,3.16241e-06,8.22073e-05,-0.00470298,4.67386e-05,-1.56893e-05,-8.68597e-06,0,0,0,0,0,0,0,0.200207,26.5875,-24.7881,7.84397,0.841692,2.51882,0.0780126,0.029477,2.13324,-3.12279,1.99855,0.187486,0.91167,0.0564601
1722978,0.99,-2.75277,-1.32533,1.01106,-1.94703,1.10108,1.16772,2.20138,-2.75266,-1.32422,1.00895,-1.94565,1.10136,1.16858,2.20139,-0.000294687,-0.00120432,5.48049e-05,-0.00288516,-0.000172291,-0.000247818,-0.000480509,0,0,0,0,0,0,0,0.200207,26.6391,-24.7881,7.82016,0.847185,2.52523,0.09083,0.0248236,2.13583,-3.12468,1.99737,0.187208,0.912178,0.0567803
1722979,0.99,-2.75277,-1.32533,1.01106,-1.94703,1.10107,1.16772,2.20139,-2.75266,-1.32422,1.00895,-1.94565,1.10136,1.16858,2.20139,0.000974537,-0.000802878,-0.000520275,-0.00215343,-0.000114861,-0.000402571,0.00110381,0,0,0,0,0,0,0,0.148632,26.6391,-24.7643,7.82016,0.847185,2.53164,0.0523779,0.0179728,2.13993,-3.12662,1.99404,0.186773,0.912627,0.05714
1722980,0.99,-2.75277,-1.32533,1.01106,-1.94703,1.10107,1.16772,2.20138,-2.75266,-1.32422,1.00895,-1.94565,1.10136,1.16858,2.20139,0.00117993,0.000114362,-0.00034685,-0.00464678,-7.6574e-05,-3.10219e-05,-0.000213559,0,0,0,0,0,0,0,0.124828,26.6113,-24.7643,7.82016,0.847185,2.52523,0.0780126,0.00872688,2.1447,-3.12782,1.98917,0.18622,0.913035,0.0575273
1722981,0.99,-2.75277,-1.32532,1.01106,-1.94703,1.10108,1.16772,2.20138,-2.75266,-1.32422,1.00895,-1.94565,1.10136,1.16858,2.20139,0.0013235,0.000633053,-0.000231233,-0.0066509,0.000152401,-2.06813e-05,9.4986e-05,0,0,0,0,0,0,0,0.101024,26.5875,-24.7643,7.82016,0.841692,2.52523,0.071604,0.000470567,2.14733,-3.12773,1.98612,0.18579,0.913466,0.057928
1722982,0.99,-2.75277,-1.32533,1.01106,-1.94704,1.10108,1.16772,2.20139,-2.75266,-1.32422,1.00895,-1.94565,1.10136,1.16858,2.20139,0.000867388,-0.000134776,0.000402656,-0.0055419,-0.00010185,-0.000251146,-0.000648753,0,0,0,0,0,0,0,0.101024,26.6113,-24.7881,7.84397,0.847185,2.53164,0.09083,-0.00450154,2.14719,-3.12714,1.98664,0.185621,0.91398,0.0583354
1722983,0.99,-2.75277,-1.32533,1.01106,-1.94704,1.10107,1.16772,2.20138,-2.75266,-1.32422,1.00895,-1.94565,1.10136,1.16858,2.20139,0.00121666,-0.000739465,0.000918052,-0.00299433,-0.000305259,0.000544646,4.2216e-05,0,0,0,0,0,0,0,0.0732535,26.6391,-24.8159,7.79636,0.853594,2.51242,0.0780126,-0.00802057,2.147,-3.12766,1.9885,0.185566,0.914584,0.0587473
1722984,0.99,-2.75276,-1.32533,1.01106,-1.94704,1.10107,1.16771,2.20139,-2.75266,-1.32422,1.00895,-1.94565,1.10136,1.16858,2.20139,0.0008027,0.000156637,0.000612034,-0.00286306,3.38531e-05,-0.000586339,2.8144e-05,0,0,0,0,0,0,0,0.0732535,26.6113,-24.8159,7.82016,0.847185,2.53805,0.0780126,-0.0123616,2.14854,-3.12968,1.98924,0.185447,0.915224,0.0591663
1722985,0.99,-2.75276,-1.32533,1.01106,-1.94704,1.10107,1.16772,2.20139,-2.75266,-1.32422,1.00895,-1.94565,1.10136,1.16858,2.20139,0.00164245,-0.00165881,0.000964835,-0.00158441,-0.000418241,-0.000153533,0.00120556,0,0,0,0,0,0,0,0.0256461,26.6867,-24.8397,7.79636,0.859087,2.53164,0.0459692,-0.0183278,2.15194,-3.13275,1.98819,0.185218,0.91586,0.0595914
1722986,0.99,-2.75276,-1.32533,1.01106,-1.94704,1.10107,1.16772,2.20139,-2.75266,-1.32422,1.00895,-1.94565,1.10136,1.16858,2.20139,0.00109024,7.74862e-06,-0.000563203,-0.00123066,-0.000278827,0.000135003,0.00131233,0,0,0,0,0,0,0,0.0256461,26.6391,-24.7881,7.79636,0.859087,2.52523,0.0322363,-0.0262871,2.15687,-3.136,1.98526,0.184887,0.916446,0.0600001
1722987,0.99,-2.75276,-1.32533,1.01106,-1.94704,1.10107,1.16772,2.20139,-2.75266,-1.32422,1.00895,-1.94565,1.10136,1.16858,2.20139,0.000166466,5.16575e-06,-0.00093228,-0.000394417,-0.000185885,9.00022e-05,0.000128902,0,0,0,0,0,0,0,0.0494498,26.6391,-24.7643,7.77256,0.859087,2.52523,0.0523779,-0.0344623,2.16081,-3.13735,1.9816,0.18453,0.916848,0.0603514
1722988,0.99,-2.75276,-1.32533,1.01106,-1.94704,1.10107,1.16772,2.20139,-2.75266,-1.32422,1.00895,-1.94565,1.10136,1.16858,2.20139,0.000108317,-0.000553368,-6.47083e-05,0.000288577,-0.000123923,6.00015e-05,-0.000151424,0,0,0,0,0,0,0,0.0494498,26.6629,-24.7881,7.74479,0.859087,2.52523,0.0587866,-0.0410775,2.16275,-3.13671,1.97824,0.184225,0.917048,0.0606138
1722989,0.99,-2.75276,-1.32533,1.01107,-1.94704,1.10107,1.16772,2.20139,-2.75266,-1.32422,1.00895,-1.94565,1.10136,1.16858,2.20139,-0.000486596,-0.000925724,0.00116329,0.000675627,0.000358194,4.0001e-05,0.00183183,0,0,0,0,0,0,0,0.0732535,26.6867,-24.8397,7.72098,0.847185,2.52523,0.00660151,-0.0462608,2.16477,-3.13668,1.97506,0.183982,0.91721,0.0607874
1722990,0.99,-2.75276,-1.32533,1.01106,-1.94704,1.10107,1.16772,2.20139,-2.75266,-1.32422,1.00895,-1.94565,1.10136,1.16858,2.20139,0.0029351,-0.000617149,-0.000987713,0.000395241,0.000238796,2.66673e-05,0.000509144,0,0,0,0,0,0,0,0.0494498,26.6867,-24.7643,7.72098,0.847185,2.52523,0.0258276,-0.0521097,2.1681,-3.13779,1.97128,0.183744,0.917427,0.0608672
1722991,0.99,-2.75275,-1.32533,1.01106,-1.94704,1.10108,1.16772,2.20139,-2.75266,-1.32422,1.00895,-1.94565,1.10136,1.16858,2.20139,0.00338738,-0.000411433,-0.0018649,-0.000984315,0.000566098,-0.000219581,0.000339429,0,0,0,0,0,0,0,-0.00212494,26.6867,-24.7128,7.77256,0.836199,2.53164,0.0258276,-0.0615728,2.17185,-3.13739,1.96623,0.183434,0.917655,0.0608229
1722992,0.99,-2.75275,-1.32533,1.01106,-1.94704,1.10107,1.16772,2.20139,-2.75266,-1.32422,1.00895,-1.94565,1.10136,1.16858,2.20139,0.00242643,-0.000274289,-0.00124327,0.00107599,-2.95021e-05,9.09718e-05,-0.000519699,0,0,0,0,0,0,0,-0.00212494,26.6867,-24.7128,7.69718,0.847185,2.52523,0.0459692,-0.0739132,2.17481,-3.13436,1.96058,0.18308,0.917845,0.0606445
1722993,0.99,-2.75275,-1.32533,1.01106,-1.94704,1.10107,1.16771,2.20139,-2.75266,-1.32422,1.00895,-1.94565,1.10136,1.16858,2.20139,0.00350698,-0.000182859,-0.000828845,-0.000419574,-0.000257027,-0.00041407,0.00134895,0,0,0,0,0,0,0,-0.0775034,26.6867,-24.7128,7.74479,0.853594,2.53805,0.000192821,-0.0867516,2.17707,-3.13026,1.95518,0.182736,0.918036,0.0603548
1722994,0.99,-2.75275,-1.32533,1.01106,-1.94704,1.10107,1.16772,2.20139,-2.75266,-1.32422,1.00895,-1.94565,1.10136,1.16858,2.20139,0.00243258,-0.000121906,0.000653863,0.000816449,-0.000171351,0.00043603,0.000424585,0,0,0,0,0,0,0,-0.0775034,26.6867,-24.7643,7.69718,0.853594,2.51882,0.0130102,-0.0988162,2.17933,-3.12705,1.9506,0.18245,0.918329,0.0599727
1722995,0.99,-2.75275,-1.32533,1.01106,-1.94704,1.10107,1.16772,2.20139,-2.75266,-1.32422,1.00895,-1.94565,1.10136,1.16858,2.20139,0.00280629,0.00103235,-0.000213706,-0.000582418,0.000123125,5.33278e-05,0.000520416,0,0,0,0,0,0,0,-0.125111,26.6391,-24.7366,7.74479,0.847185,2.52523,0.00660151,-0.108553,2.18108,-3.12532,1.94769,0.182289,0.918738,0.0594944
1722996,0.99,-2.75274,-1.32533,1.01106,-1.94704,1.10107,1.16772,2.20139,-2.75266,-1.32422,1.00895,-1.94565,1.10136,1.16858,2.20139,0.00257369,-0.001075,0.000507144,0.000715525,0.000285534,-0.000201807,-0.000127774,0,0,0,0,0,0,0,-0.152882,26.7144,-24.7643,7.69718,0.841692,2.53164,0.0194189,-0.115783,2.1821,-3.12468,1.94651,0.182261,0.919219,0.0589129
1722997,0.99,-2.75274,-1.32533,1.01106,-1.94703,1.10107,1.16772,2.20139,-2.75266,-1.32422,1.00895,-1.94565,1.10136,1.16858,2.20139,0.000549272,0.00104657,0.000338096,0.000469651,-0.000250454,-0.000134538,-0.000797259,0,0,0,0,0,0,0,-0.101307,26.6391,-24.7643,7.69718,0.853594,2.53164,0.038645,-0.12027,2.18275,-3.12518,1.94688,0.182365,0.919731,0.058237
1722998,0.99,-2.75274,-1.32533,1.01106,-1.94703,1.10107,1.16772,2.20139,-2.75266,-1.32422,1.00895,-1.94565,1.10136,1.16858,2.20139,0.000396112,0.000140901,-0.000981029,0.000957191,0.00027384,0.000385026,0.000180571,0,0,0,0,0,0,0,-0.101307,26.6629,-24.7128,7.66941,0.841692,2.51882,0.0194189,-0.120198,2.18133,-3.12561,1.94954,0.182645,0.920153,0.0574979
1722999,0.99,-2.75274,-1.32533,1.01106,-1.94703,1.10107,1.16772,2.20139,-2.75266,-1.32422,1.00895,-1.94565,1.10136,1.16858,2.20139,0.00149295,-0.000462878,-9.72072e-05,0.00174761,-2.08903e-05,-0.000218034,-0.000591696,0,0,0,0,0,0,0,-0.152882,26.6867,-24.7366,7.6218,0.847185,2.53164,0.038645,-0.117405,2.17833,-3.12514,1.95336,0.183023,0.920438,0.0567261
1723000,0.99,-2.75273,-1.32534,1.01106,-1.94703,1.10107,1.16771,2.20139,-2.75266,-1.32422,1.00895,-1.94565,1.10136,1.16858,2.20139,0.00483751,-0.000958199,0.000584809,0.00116196,0.000189524,-0.000382715,0.000554971,0,0,0,0,0,0,0,-0.176685,26.7144,-24.7643,7.6218,0.841692,2.53805,0.0130102,-0.117853,2.17764,-3.12528,1.95517,0.183278,0.920771,0.055937
1723001,0.99,-2.75273,-1.32533,1.01106,-1.94703,1.10108,1.16771,2.20139,-2.75266,-1.32422,1.00895,-1.94565,1.10136,1.16858,2.20139,0.00527325,1.08145e-05,-0.000259741,-0.000341311,0.00053325,-1.77843e-05,-0.0015628,0,0,0,0,0,0,0,-0.252064,26.6867,-24.7366,7.66941,0.830705,2.53164,0.0651953,-0.124962,2.18048,-3.12635,1.9539,0.183315,0.921299,0.0551431
1723002,0.99,-2.75273,-1.32533,1.01106,-1.94703,1.10108,1.16772,2.20139,-2.75266,-1.32422,1.00895,-1.94565,1.10136,1.16858,2.20139,0.00667886,0.000564022,-0.000173161,0.000884335,0.0003555,0.000225503,0.000178837,0,0,0,0,0,0,0,-0.252064,26.6629,-24.7366,7.6218,0.830705,2.52523,0.0322363,-0.137794,2.18465,-3.12674,1.95053,0.183174,0.921959,0.0543654
1723003,0.99,-2.75272,-1.32533,1.01106,-1.94702,1.10108,1.16772,2.20139,-2.75266,-1.32422,1.00895,-1.94565,1.10136,1.16858,2.20139,0.0055083,0.000932826,-0.000115441,0.00179467,3.35495e-05,0.000387694,-0.00062676,0,0,0,0,0,0,0,-0.279835,26.6391,-24.7366,7.57022,0.836199,2.51882,0.0523779,-0.154336,2.18855,-3.12568,1.94562,0.182868,0.922623,0.0536329
1723004,0.99,-2.75272,-1.32533,1.01106,-1.94702,1.10107,1.16772,2.20139,-2.75266,-1.32422,1.00895,-1.94565,1.10136,1.16858,2.20139,0.00397679,-0.00049174,-0.000633772,0.00230909,-0.000181084,2.11038e-05,-0.000180481,0,0,0,0,0,0,0,-0.279835,26.6867,-24.7128,7.52262,0.841692,2.52523,0.0459692,-0.171412,2.19187,-3.1238,1.93998,0.182475,0.923194,0.0529616
1723005,0.99,-2.75271,-1.32533,1.01106,-1.94702,1.10107,1.16772,2.20139,-2.75266,-1.32422,1.00895,-1.94565,1.10136,1.16858,2.20139,0.00464287,-0.000327826,0.000134297,0.00153866,-0.000324173,-0.00022329,-0.000120321,0,0,0,0,0,0,0,-0.355213,26.6867,-24.7366,7.52262,0.847185,2.53164,0.0459692,-0.186315,2.1949,-3.12217,1.93479,0.182132,0.923668,0.0523584
1723006,0.99,-2.75271,-1.32533,1.01106,-1.94702,1.10108,1.16772,2.20138,-2.75266,-1.32422,1.00895,-1.94565,1.10136,1.16858,2.20139,0.00382339,0.000338261,0.000739145,0.000468405,0.000394236,8.84991e-05,-0.00150437,0,0,0,0,0,0,0,-0.379017,26.6629,-24.7643,7.54642,0.830705,2.52523,0.0844213,-0.197912,2.19744,-3.12169,1.93116,0.181937,0.924139,0.0518318
1723007,0.99,-2.75271,-1.32534,1.01106,-1.94702,1.10108,1.16772,2.20139,-2.75266,-1.32422,1.00895,-1.94565,1.10136,1.16858,2.20139,0.00267743,-0.000980919,-0.000713662,0.000868667,5.93735e-05,-0.00017836,-5.3476e-05,0,0,0,0,0,0,0,-0.379017,26.7144,-24.7128,7.52262,0.836199,2.53164,0.0587866,-0.204931,2.19851,-3.1221,1.93014,0.181971,0.92461,0.0513968
1723008,0.99,-2.75271,-1.32533,1.01106,-1.94702,1.10108,1.16772,2.20138,-2.75266,-1.32422,1.00895,-1.94565,1.10136,1.16858,2.20139,0.00534459,-4.33177e-06,8.10371e-05,0.00178523,0.000243033,0.000118453,-0.000985086,0,0,0,0,0,0,0,-0.402821,26.6867,-24.7366,7.47104,0.830705,2.52523,0.0844213,-0.209407,2.19864,-3.12251,1.93041,0.182131,0.925025,0.0510693
1723009,0.99,-2.75271,-1.32534,1.01106,-1.94701,1.10108,1.16772,2.20139,-2.75266,-1.32422,1.00895,-1.94565,1.10136,1.16858,2.20139,0.00276392,-0.00120931,-0.000502787,0.00118992,0.000365472,-0.000158391,5.53526e-05,0,0,0,0,0,0,0,-0.355213,26.7383,-24.7128,7.47104,0.825212,2.53164,0.0651953,-0.214156,2.19894,-3.12276,1.93023,0.182274,0.925397,0.0508551
1723010,0.99,-2.7527,-1.32534,1.01106,-1.94701,1.10108,1.16771,2.20139,-2.75266,-1.32422,1.00895,-1.94565,1.10136,1.16858,2.20139,0.0031921,-0.000249397,0.000871234,0.00190673,4.01978e-05,-0.000342953,0.000274261,0,0,0,0,0,0,0,-0.402821,26.7144,-24.7643,7.42344,0.830705,2.53805,0.0587866,-0.217899,2.19929,-3.1235,1.9302,0.182439,0.925752,0.0507573
1723011,0.99,-2.7527,-1.32533,1.01106,-1.947,1.10108,1.16771,2.20139,-2.75266,-1.32422,1.00895,-1.94565,1.10136,1.16858,2.20139,0.0064059,0.000483349,0.000580823,0.00182783,2.67985e-05,8.72385e-06,0.00018284,0,0,0,0,0,0,0,-0.454395,26.6867,-24.7643,7.39963,0.830705,2.53164,0.0587866,-0.221894,2.19983,-3.12489,1.92971,0.182557,0.926148,0.0507609
1723012,0.99,-2.7527,-1.32533,1.01106,-1.947,1.10108,1.16771,2.20138,-2.75266,-1.32422,1.00895,-1.94565,1.10136,1.16858,2.20139,0.00735112,0.000322233,-0.000819211,0.000661644,0.000221316,-0.000231543,-0.000352824,0,0,0,0,0,0,0,-0.430592,26.6867,-24.7128,7.42344,0.825212,2.53805,0.071604,-0.230381,2.20079,-3.12545,1.92706,0.182479,0.926609,0.0508333
1723013,0.99,-2.75269,-1.32533,1.01106,-1.947,1.10107,1.16771,2.20138,-2.75266,-1.32422,1.00895,-1.94565,1.10136,1.16858,2.20139,0.00656674,0.000214822,1.06715e-05,-0.000115789,-0.000462807,-0.000154362,-0.000709934,0,0,0,0,0,0,0,-0.478199,26.6867,-24.7366,7.44724,0.841692,2.53805,0.0844213,-0.242861,2.2015,-3.12427,1.92299,0.182279,0.927109,0.0509564
1723014,0.99,-2.75269,-1.32534,1.01106,-1.947,1.10108,1.16772,2.20139,-2.75266,-1.32422,1.00895,-1.94565,1.10136,1.16858,2.20139,0.00544171,-0.00106321,7.11436e-06,0.00103638,-0.000105088,0.000134451,0.00122213,0,0,0,0,0,0,0,-0.50597,26.7383,-24.7366,7.39963,0.836199,2.53164,0.038645,-0.255733,2.20208,-3.12279,1.91907,0.182114,0.927645,0.0511332
1723015,0.99,-2.75268,-1.32534,1.01106,-1.947,1.10108,1.16771,2.20138,-2.75266,-1.32422,1.00895,-1.94565,1.10136,1.16858,2.20139,0.00654599,-0.000151996,-0.000552069,0.0018973,0.000133392,8.96339e-05,-0.00016859,0,0,0,0,0,0,0,-0.478199,26.7144,-24.7128,7.34806,0.830705,2.53164,0.0651953,-0.268156,2.20329,-3.12181,1.9149,0.181972,0.928173,0.0513541
1723016,0.99,-2.75268,-1.32534,1.01106,-1.947,1.10107,1.16772,2.20139,-2.75266,-1.32422,1.00895,-1.94565,1.10136,1.16858,2.20139,0.00846094,-0.000658142,0.00083838,-0.000498401,-0.000317973,0.000534474,-0.000112393,0,0,0,0,0,0,0,-0.50597,26.7383,-24.7643,7.42344,0.841692,2.51882,0.0651953,-0.281892,2.20551,-3.12116,1.90965,0.18178,0.928715,0.0515898
1723017,0.99,-2.75268,-1.32534,1.01106,-1.947,1.10108,1.16772,2.20138,-2.75266,-1.32422,1.00895,-1.94565,1.10136,1.16858,2.20139,0.00835476,-0.00108838,0.00055892,0.00143095,0.000194919,0.000118957,-0.00102436,0,0,0,0,0,0,0,-0.454395,26.766,-24.7643,7.34806,0.830705,2.52523,0.09083,-0.29829,2.20959,-3.12163,1.90306,0.181518,0.929371,0.0518281
1723018,0.99,-2.75267,-1.32534,1.01106,-1.947,1.10108,1.16772,2.20139,-2.75266,-1.32422,1.00895,-1.94565,1.10136,1.16858,2.20139,0.00631227,-0.000725584,0.00213585,0.000397135,0.000333397,7.93046e-05,0.000978603,0,0,0,0,0,0,0,-0.454395,26.766,-24.8397,7.37186,0.825212,2.52523,0.0459692,-0.3154,2.21546,-3.1241,1.89584,0.181239,0.930131,0.0520847
1723019,0.99,-2.75267,-1.32534,1.01106,-1.947,1.10108,1.16771,2.20139,-2.75266,-1.32422,1.00895,-1.94565,1.10136,1.16858,2.20139,0.00689107,-0.00104053,0.000217475,-0.00038487,-0.000184637,5.28698e-05,0.000177684,0,0,0,0,0,0,0,-0.430592,26.7898,-24.7881,7.39963,0.836199,2.52523,0.0587866,-0.329304,2.2211,-3.12809,1.89001,0.18109,0.930897,0.0523721
1723020,0.99,-2.75267,-1.32534,1.01106,-1.947,1.10108,1.16772,2.20138,-2.75266,-1.32422,1.00895,-1.94565,1.10136,1.16858,2.20139,0.00523524,-0.00069369,-0.00106144,-0.000813402,8.03594e-05,3.52465e-05,-0.00106834,0,0,0,0,0,0,0,-0.430592,26.7898,-24.7366,7.42344,0.830705,2.52523,0.09083,-0.338129,2.22409,-3.13111,1.88696,0.181171,0.931511,0.0526719
1723021,0.99,-2.75266,-1.32535,1.01106,-1.947,1.10108,1.16772,2.20138,-2.75266,-1.32422,1.00895,-1.94565,1.10136,1.16858,2.20139,0.00702169,-0.00101927,-5.80145e-05,-0.000542275,5.35729e-05,0.000260857,-1.48961e-07,0,0,0,0,0,0,0,-0.430592,26.8136,-24.7643,7.42344,0.830705,2.51882,0.071604,-0.342738,2.22398,-3.13182,1.88626,0.181438,0.9319,0.0529759
1723022,0.99,-2.75266,-1.32535,1.01106,-1.947,1.10108,1.16772,2.20138,-2.75266,-1.32422,1.00895,-1.94565,1.10136,1.16858,2.20139,0.00769583,-0.00132913,-3.86763e-05,0.000195289,-0.000167735,0.000173904,-0.000474817,0,0,0,0,0,0,0,-0.402821,26.8414,-24.7643,7.39963,0.836199,2.51882,0.0844213,-0.346909,2.22343,-3.13162,1.88563,0.181709,0.932187,0.0532993
1723023,0.99,-2.75265,-1.32535,1.01106,-1.947,1.10108,1.16772,2.20139,-2.75266,-1.32422,1.00895,-1.94565,1.10136,1.16858,2.20139,0.00689635,-0.000886086,-0.000675398,-0.000426623,-0.000111823,0.000115936,0.00087025,0,0,0,0,0,0,0,-0.327442,26.8414,-24.7366,7.42344,0.836199,2.51882,0.0523779,-0.352626,2.22381,-3.1312,1.88385,0.181887,0.932425,0.0536507
1723024,0.99,-2.75264,-1.32535,1.01106,-1.947,1.10108,1.16772,2.20138,-2.75266,-1.32422,1.00895,-1.94565,1.10136,1.16858,2.20139,0.00963279,-0.000590724,0.00075616,-0.000284419,0.000773162,7.72908e-05,-0.00108135,0,0,0,0,0,0,0,-0.379017,26.8414,-24.7881,7.42344,0.81331,2.51882,0.0972387,-0.359716,2.22473,-3.13049,1.88116,0.181977,0.932632,0.0540258
1723025,0.99,-2.75264,-1.32535,1.01106,-1.947,1.10108,1.16771,2.20138,-2.75266,-1.32422,1.00895,-1.94565,1.10136,1.16858,2.20139,0.00995771,-0.00215705,-0.000702319,-0.000189615,-0.000332269,-0.000423191,0.000228538,0,0,0,0,0,0,0,-0.355213,26.9168,-24.7366,7.42344,0.836199,2.53164,0.071604,-0.370336,2.22756,-3.13007,1.87652,0.181893,0.932892,0.0544143
1723026,0.99,-2.75264,-1.32535,1.01106,-1.947,1.10108,1.16772,2.20139,-2.75266,-1.32422,1.00895,-1.94565,1.10136,1.16858,2.20139,0.00933179,-0.00023161,-0.000468213,-0.00124004,-0.000221513,0.000192591,-0.000322359,0,0,0,0,0,0,0,-0.303639,26.8652,-24.7366,7.47104,0.836199,2.51882,0.0844213,-0.383896,2.23199,-3.12943,1.87036,0.181671,0.933173,0.0548213
1723027,0.99,-2.75263,-1.32535,1.01106,-1.94699,1.10108,1.16772,2.20139,-2.75266,-1.32422,1.00895,-1.94565,1.10136,1.16858,2.20139,0.00981632,-0.000154407,0.0015439,0.000843744,-0.000351126,-0.000108965,0.000259812,0,0,0,0,0,0,0,-0.279835,26.8652,-24.8159,7.39963,0.841692,2.52523,0.071604,-0.397158,2.23612,-3.12857,1.86429,0.18142,0.93344,0.0552568
1723028,0.99,-2.75263,-1.32535,1.01106,-1.947,1.10108,1.16772,2.20138,-2.75266,-1.32422,1.00895,-1.94565,1.10136,1.16858,2.20139,0.0101229,-0.000102938,0.000379651,-0.000551129,0.000376268,-7.26434e-05,0.000173208,0,0,0,0,0,0,0,-0.252064,26.8652,-24.7881,7.44724,0.825212,2.52523,0.071604,-0.40954,2.24013,-3.12849,1.85832,0.181133,0.933736,0.0557179
1723029,0.99,-2.75263,-1.32535,1.01106,-1.947,1.10108,1.16772,2.20138,-2.75266,-1.32422,1.00895,-1.94565,1.10136,1.16858,2.20139,0.00718487,0.0011378,0.000253101,0.000189392,4.73946e-05,-0.000285788,-0.000121887,0,0,0,0,0,0,0,-0.22826,26.8136,-24.7881,7.42344,0.830705,2.53164,0.0780126,-0.41885,2.24263,-3.12838,1.85359,0.180904,0.933978,0.0561958
1723030,0.99,-2.75262,-1.32535,1.01106,-1.947,1.10108,1.16772,2.20138,-2.75266,-1.32422,1.00895,-1.94565,1.10136,1.16858,2.20139,0.0100136,0.00010892,0.000818348,-0.000430551,3.15964e-05,0.000284193,0.000156101,0,0,0,0,0,0,0,-0.279835,26.8414,-24.8159,7.44724,0.830705,2.51882,0.071604,-0.42325,2.24249,-3.12759,1.85112,0.180816,0.934106,0.0566812
1723031,0.99,-2.75261,-1.32535,1.01106,-1.947,1.10107,1.16772,2.20138,-2.75266,-1.32422,1.00895,-1.94565,1.10136,1.16858,2.20139,0.007507,0.000722227,-0.000660861,0.00217117,-0.000385837,-0.000285256,-0.000845368,0,0,0,0,0,0,0,-0.279835,26.8136,-24.7643,7.47104,0.841692,2.53164,0.0972387,-0.42516,2.24131,-3.12636,1.84931,0.180761,0.934136,0.0571638
1723032,0.99,-2.75261,-1.32535,1.01106,-1.947,1.10108,1.16772,2.20138,-2.75266,-1.32422,1.00895,-1.94565,1.10136,1.16858,2.20139,0.00674176,0.000481485,0.000116238,0.0016987,0.000353127,0.000759265,0.000385857,0,0,0,0,0,0,0,-0.327442,26.8136,-24.7881,7.47104,0.825212,2.50601,0.071604,-0.424692,2.23927,-3.12432,1.84759,0.180709,0.933992,0.0576454
1723033,0.99,-2.7526,-1.32535,1.01106,-1.947,1.10107,1.16772,2.20138,-2.75266,-1.32422,1.00895,-1.94565,1.10136,1.16858,2.20139,0.00616854,-0.000885436,7.74921e-05,0.00243453,-0.000374934,0.000268818,0.000257238,0,0,0,0,0,0,0,-0.379017,26.8652,-24.7881,7.42344,0.841692,2.51242,0.071604,-0.42077,2.23684,-3.12246,1.84651,0.180721,0.933691,0.0581356
1723034,1,-2.75259,-1.32535,1.01106,-1.947,1.10108,1.16771,2.20138,-2.75266,-1.32422,1.00895,-1.94565,1.10136,1.16858,2.20139,0.0062263,0.000616135,0.00125809,0.000650725,-0.000249956,-0.000295506,0.000171492,0,0,0,0,0,0,0,-0.454395,26.8136,-24.8397,7.47104,0.841692,2.52523,0.071604,-0.41393,2.23506,-3.12221,1.84652,0.180842,0.933375,0.0586299
1723035,1,-2.75259,-1.32535,1.01106,-1.947,1.10108,1.16772,2.20138,-2.75266,-1.32422,1.00895,-1.94565,1.10136,1.16858,2.20139,0.00497071,0.000410757,0.000838725,-0.000109801,0.000240264,-0.000197004,0.000114328,0,0,0,0,0,0,0,-0.478199,26.8136,-24.8397,7.49881,0.830705,2.52523,0.071604,-0.403355,2.23262,-3.12356,1.84909,0.181171,0.933121,0.0591219
1723036,1,-2.75259,-1.32535,1.01106,-1.947,1.10108,1.16771,2.20139,-2.75266,-1.32422,1.00895,-1.94565,1.10136,1.16858,2.20139,0.00416069,-0.000375776,2.33797e-06,-0.000550515,-0.000246725,-0.000131336,0.00102565,0,0,0,0,0,0,0,-0.50597,26.8414,-24.8159,7.52262,0.841692,2.52523,0.0459692,-0.388253,2.22835,-3.12561,1.85519,0.181782,0.932896,0.0596041
1723037,1,-2.75259,-1.32535,1.01107,-1.947,1.10108,1.16771,2.20139,-2.75266,-1.32422,1.00895,-1.94565,1.10136,1.16858,2.20139,0.00621352,-0.000807329,0.00111518,0.000249425,0.000242418,-0.000324916,0.00068377,0,0,0,0,0,0,0,-0.50597,26.8652,-24.8635,7.49881,0.830705,2.53164,0.0459692,-0.371667,2.22391,-3.12817,1.86302,0.182552,0.932703,0.0600526
1723038,1,-2.75258,-1.32535,1.01106,-1.947,1.10108,1.16771,2.20138,-2.75266,-1.32422,1.00895,-1.94565,1.10136,1.16858,2.20139,0.00573405,-0.00053822,0.000186643,0.00141743,0.000568513,2.07481e-05,-0.000730948,0,0,0,0,0,0,0,-0.557545,26.8652,-24.8397,7.44724,0.819719,2.52523,0.0780126,-0.358545,2.22163,-3.13146,1.86948,0.183228,0.932587,0.0604324
1723039,1,-2.75258,-1.32535,1.01107,-1.947,1.10108,1.16771,2.20138,-2.75266,-1.32422,1.00895,-1.94565,1.10136,1.16858,2.20139,0.00522529,0.000847613,0.00133085,0.000421677,-2.78925e-05,-0.000698245,-0.000487299,0,0,0,0,0,0,0,-0.605152,26.8136,-24.8913,7.47104,0.830705,2.54446,0.0780126,-0.349231,2.2207,-3.13483,1.87417,0.183738,0.932518,0.0607378
1723040,1,-2.75257,-1.32535,1.01107,-1.947,1.10108,1.16772,2.20139,-2.75266,-1.32422,1.00895,-1.94565,1.10136,1.16858,2.20139,0.00490667,-8.45387e-05,0.00209366,-0.000900154,-1.8595e-05,0.000483939,0.00062457,0,0,0,0,0,0,0,-0.656727,26.8414,-24.9429,7.52262,0.830705,2.51882,0.0523779,-0.340624,2.21939,-3.13865,1.8792,0.184225,0.932528,0.0610031
1723041,1,-2.75257,-1.32535,1.01107,-1.947,1.10108,1.16772,2.20139,-2.75266,-1.32422,1.00895,-1.94565,1.10136,1.16858,2.20139,0.0070375,-5.63591e-05,0.000189349,0.000625188,-0.000622748,-0.000152092,0.000653739,0,0,0,0,0,0,0,-0.680531,26.8414,-24.8913,7.47104,0.847185,2.53164,0.0459692,-0.333515,2.21832,-3.14307,1.8844,0.1847,0.932644,0.0612436
1723042,1,-2.75257,-1.32535,1.01107,-1.947,1.10108,1.16771,2.20138,-2.75266,-1.32422,1.00895,-1.94565,1.10136,1.16858,2.20139,0.00395386,0.000612041,-0.00108019,0.000987753,-8.26445e-06,0.000135964,-0.00051361,0,0,0,0,0,0,0,-0.632923,26.8136,-24.8397,7.44724,0.836199,2.52523,0.071604,-0.329614,2.21706,-3.14576,1.8884,0.18507,0.932681,0.0614401
1723043,1,-2.75257,-1.32535,1.01107,-1.947,1.10108,1.16771,2.20138,-2.75266,-1.32422,1.00895,-1.94565,1.10136,1.16858,2.20139,0.00347459,-0.00135521,0.000486297,0.000112302,0.000197941,-0.000146716,-0.000342407,0,0,0,0,0,0,0,-0.656727,26.889,-24.8913,7.47104,0.830705,2.53164,0.071604,-0.326058,2.21456,-3.14641,1.89227,0.185439,0.932544,0.0615866
1723044,1,-2.75256,-1.32535,1.01107,-1.94699,1.10108,1.16771,2.20139,-2.75266,-1.32422,1.00895,-1.94565,1.10136,1.16858,2.20139,0.00197098,-0.000346662,0.000324198,0.00175326,0.000335411,-9.78106e-05,0.00122979,0,0,0,0,0,0,0,-0.632923,26.8652,-24.8913,7.39963,0.825212,2.53164,0.0322363,-0.320514,2.21197,-3.14759,1.89697,0.185901,0.932347,0.0617034
1723045,1,-2.75256,-1.32536,1.01107,-1.94699,1.10108,1.16771,2.20139,-2.75266,-1.32422,1.00895,-1.94565,1.10136,1.16858,2.20139,0.000822925,-0.00143753,-0.000433482,0.00182442,0.000223607,0.000172152,7.38754e-05,0,0,0,0,0,0,0,-0.605152,26.9168,-24.8635,7.37186,0.825212,2.52523,0.0523779,-0.312836,2.20962,-3.14975,1.90219,0.186425,0.932098,0.0617947
1723046,1,-2.75256,-1.32536,1.01107,-1.947,1.10108,1.16772,2.20139,-2.75266,-1.32422,1.00895,-1.94565,1.10136,1.16858,2.20139,0.00066753,-0.000958356,0.000360626,-0.000542478,-5.43789e-05,0.000352127,0.000286609,0,0,0,0,0,0,0,-0.605152,26.9168,-24.8913,7.44724,0.830705,2.51882,0.0459692,-0.302515,2.2068,-3.1523,1.90846,0.187044,0.931786,0.0618418
1723047,1,-2.75256,-1.32535,1.01107,-1.94699,1.10108,1.16771,2.20139,-2.75266,-1.32422,1.00895,-1.94565,1.10136,1.16858,2.20139,-0.000579419,1.07101e-05,-0.000409197,0.00196176,-0.000239703,-0.000239967,0.000191073,0,0,0,0,0,0,0,-0.557545,26.889,-24.8635,7.34806,0.836199,2.53164,0.0459692,-0.28938,2.20275,-3.15494,1.91638,0.187792,0.931448,0.0618389
1723048,1,-2.75256,-1.32536,1.01107,-1.94699,1.10108,1.16771,2.20139,-2.75266,-1.32422,1.00895,-1.94565,1.10136,1.16858,2.20139,-0.00152582,-0.000642474,-0.000272798,0.000103929,0.000247099,-0.000159978,0.000636008,0,0,0,0,0,0,0,-0.50597,26.9168,-24.8635,7.39963,0.825212,2.53164,0.0322363,-0.273685,2.1968,-3.15695,1.92565,0.188626,0.931046,0.0617887
1723049,1,-2.75256,-1.32536,1.01107,-1.94699,1.10108,1.16772,2.20139,-2.75266,-1.32422,1.00895,-1.94565,1.10136,1.16858,2.20139,-0.000967045,0.000221298,-0.00129549,0.0012776,-3.87179e-05,-0.000106652,-8.46208e-05,0,0,0,0,0,0,0,-0.50597,26.889,-24.8159,7.34806,0.830705,2.53164,0.0459692,-0.256445,2.18919,-3.15783,1.93565,0.189505,0.930572,0.0616853
1723050,1,-2.75256,-1.32536,1.01107,-1.94699,1.10108,1.16771,2.20139,-2.75266,-1.32422,1.00895,-1.94565,1.10136,1.16858,2.20139,0.00185004,0.000147532,0.000899578,0.00140996,-0.000229262,0.000166258,0.000452212,0,0,0,0,0,0,0,-0.478199,26.889,-24.8913,7.32425,0.836199,2.52523,0.0322363,-0.241915,2.18186,-3.15792,1.94414,0.190253,0.93013,0.0615201
1723051,1,-2.75255,-1.32536,1.01107,-1.94698,1.10108,1.16772,2.20139,-2.75266,-1.32422,1.00895,-1.94565,1.10136,1.16858,2.20139,0.00217008,9.83547e-05,-0.00116352,0.00159065,5.06089e-05,0.000110838,-0.000207151,0,0,0,0,0,0,0,-0.50597,26.889,-24.8159,7.29648,0.830705,2.52523,0.0459692,-0.234859,2.17726,-3.15792,1.9485,0.190671,0.929836,0.0612896
1723052,1,-2.75255,-1.32536,1.01106,-1.94699,1.10108,1.16772,2.20139,-2.75266,-1.32422,1.00895,-1.94565,1.10136,1.16858,2.20139,0.00286848,-0.00114086,-0.00142529,-0.000702007,3.37393e-05,7.38923e-05,-0.000138101,0,0,0,0,0,0,0,-0.557545,26.9406,-24.7881,7.37186,0.830705,2.52523,0.0459692,-0.235379,2.17552,-3.15722,1.94898,0.190811,0.929667,0.0609976
1723053,1,-2.75255,-1.32536,1.01107,-1.94698,1.10108,1.16772,2.20139,-2.75266,-1.32422,1.00895,-1.94565,1.10136,1.16858,2.20139,0.00142421,-0.000203759,0.00025623,8.94049e-05,0.000429394,4.92615e-05,0.000891277,0,0,0,0,0,0,0,-0.529774,26.9168,-24.8397,7.34806,0.819719,2.52523,0.0194189,-0.23997,2.17573,-3.15627,1.94771,0.190855,0.929615,0.0606617
1723054,1,-2.75255,-1.32536,1.01107,-1.94698,1.10108,1.16771,2.20139,-2.75266,-1.32422,1.00895,-1.94565,1.10136,1.16858,2.20139,0.0010706,-0.000692651,0.000727632,6.00514e-05,8.28121e-05,3.2841e-05,-0.000626519,0,0,0,0,0,0,0,-0.529774,26.9406,-24.8635,7.34806,0.825212,2.52523,0.0523779,-0.244989,2.17744,-3.157,1.94631,0.190905,0.929723,0.0602946
1723055,1,-2.75255,-1.32536,1.01107,-1.94698,1.10108,1.16772,2.20139,-2.75266,-1.32422,1.00895,-1.94565,1.10136,1.16858,2.20139,0.000247763,-0.00101858,-0.000628536,0.00320087,5.5208e-05,0.000259253,0.000328306,0,0,0,0,0,0,0,-0.50597,26.9644,-24.8159,7.34806,0.825212,2.51882,0.0322363,-0.249689,2.18063,-3.1594,1.94427,0.190909,0.929894,0.059892
1723056,1,-2.75255,-1.32536,1.01107,-1.94697,1.10108,1.16772,2.20139,-2.75266,-1.32422,1.00895,-1.94565,1.10136,1.16858,2.20139,0.000790121,-0.000679053,-0.000419024,0.00416078,0.000240256,-6.45236e-05,-0.000764473,0,0,0,0,0,0,0,-0.529774,26.9644,-24.8159,7.27268,0.819719,2.52523,0.0587866,-0.255845,2.18545,-3.16191,1.9397,0.190714,0.929965,0.0594557
1723057,1,-2.75255,-1.32536,1.01107,-1.94698,1.10108,1.16771,2.20139,-2.75266,-1.32422,1.00895,-1.94565,1.10136,1.16858,2.20139,-0.000628578,0.00010411,-0.000279349,0.00176515,-4.32799e-05,-0.000280375,-3.4931e-05,0,0,0,0,0,0,0,-0.478199,26.9406,-24.8159,7.32425,0.825212,2.53164,0.0459692,-0.262634,2.19058,-3.16371,1.93344,0.190368,0.92991,0.0590061
1723058,1,-2.75255,-1.32536,1.01106,-1.94697,1.10108,1.16771,2.20139,-2.75266,-1.32422,1.00895,-1.94565,1.10136,1.16858,2.20139,0.000268886,0.00127583,-0.000835847,0.00253148,0.000411956,5.04425e-05,-2.32874e-05,0,0,0,0,0,0,0,-0.50597,26.889,-24.7881,7.27268,0.81331,2.52523,0.0459692,-0.267141,2.19347,-3.16426,1.92827,0.190063,0.929773,0.0585722
1723059,1,-2.75255,-1.32536,1.01107,-1.94697,1.10108,1.16771,2.20139,-2.75266,-1.32422,1.00895,-1.94565,1.10136,1.16858,2.20139,-0.000441612,0.000200941,9.23828e-05,0.00124206,-0.000166172,0.000508346,-0.000490243,0,0,0,0,0,0,0,-0.478199,26.9168,-24.8159,7.29648,0.825212,2.51242,0.0587866,-0.269095,2.19372,-3.16353,1.92486,0.189847,0.929595,0.0581661
1723060,1,-2.75255,-1.32536,1.01107,-1.94697,1.10108,1.16772,2.20139,-2.75266,-1.32422,1.00895,-1.94565,1.10136,1.16858,2.20139,-0.000272851,-0.000422851,6.15885e-05,0.000911452,-0.000314232,0.000101539,0.000147889,0,0,0,0,0,0,0,-0.478199,26.9406,-24.8159,7.29648,0.830705,2.51882,0.0459692,-0.269317,2.19341,-3.16317,1.92283,0.189731,0.929475,0.0577891
1723061,1,-2.75255,-1.32536,1.01106,-1.94697,1.10108,1.16771,2.20138,-2.75266,-1.32422,1.00895,-1.94565,1.10136,1.16858,2.20139,0.00104069,0.000274911,-0.000608555,2.05809e-05,0.000197413,0.000305051,-0.000613484,0,0,0,0,0,0,0,-0.529774,26.9168,-24.7881,7.32425,0.819719,2.51242,0.0651953,-0.269045,2.19367,-3.16358,1.92169,0.189704,0.929454,0.0574457
1723062,1,-2.75255,-1.32536,1.01107,-1.94697,1.10108,1.16772,2.20138,-2.75266,-1.32422,1.00895,-1.94565,1.10136,1.16858,2.20139,0.00014911,0.000832888,0.000800723,6.06405e-05,0.000131609,-3.39914e-05,-0.000408989,0,0,0,0,0,0,0,-0.50597,26.889,-24.8397,7.32425,0.819719,2.51882,0.0651953,-0.269203,2.19394,-3.16405,1.92108,0.189717,0.929508,0.0571426
1723063,1,-2.75255,-1.32536,1.01107,-1.94697,1.10108,1.16772,2.20139,-2.75266,-1.32422,1.00895,-1.94565,1.10136,1.16858,2.20139,0.000108501,0.000555259,-2.29969e-05,0.000725231,-0.000115711,-2.26609e-05,0.000202058,0,0,0,0,0,0,0,-0.50597,26.889,-24.8159,7.29648,0.825212,2.51882,0.0523779,-0.269236,2.19391,-3.16478,1.92095,0.189751,0.929611,0.0568924
1723064,1,-2.75255,-1.32536,1.01107,-1.94697,1.10108,1.16772,2.20138,-2.75266,-1.32422,1.00895,-1.94565,1.10136,1.16858,2.20139,0.000635967,0.000370172,-1.53313e-05,0.00050988,-0.000280591,0.000459611,-0.00152681,0,0,0,0,0,0,0,-0.529774,26.889,-24.8159,7.29648,0.830705,2.50601,0.0972387,-0.269706,2.19406,-3.16559,1.92053,0.189754,0.929708,0.0566965
1723065,1,-2.75255,-1.32536,1.01107,-1.94697,1.10108,1.16772,2.20139,-2.75266,-1.32422,1.00895,-1.94565,1.10136,1.16858,2.20139,-0.000127718,-0.000402832,-1.02208e-05,0.000916526,0.00021984,-0.000168311,-6.84356e-05,0,0,0,0,0,0,0,-0.50597,26.9168,-24.8159,7.27268,0.819719,2.51882,0.071604,-0.271502,2.19515,-3.16641,1.91911,0.189696,0.929775,0.0565589
1723066,1,-2.75255,-1.32536,1.01106,-1.94696,1.10108,1.16772,2.20138,-2.75266,-1.32422,1.00895,-1.94565,1.10136,1.16858,2.20139,0.0032014,0.000381059,-0.00121324,0.00118268,-5.68905e-05,0.000125152,-0.000995059,0,0,0,0,0,0,0,-0.50597,26.889,-24.7643,7.24887,0.825212,2.51242,0.0972387,-0.276357,2.19775,-3.16685,1.91571,0.189507,0.929806,0.0564981
1723067,1,-2.75255,-1.32536,1.01107,-1.94697,1.10108,1.16771,2.20139,-2.75266,-1.32422,1.00895,-1.94565,1.10136,1.16858,2.20139,0.00120428,0.000254039,0.000397599,-0.000963653,-3.7927e-05,-0.000628642,0.000523422,0,0,0,0,0,0,0,-0.454395,26.889,-24.8159,7.32425,0.825212,2.53164,0.0651953,-0.284963,2.20141,-3.16644,1.9104,0.189179,0.92983,0.0565297
1723068,1,-2.75255,-1.32536,1.01106,-1.94696,1.10108,1.16772,2.20138,-2.75266,-1.32422,1.00895,-1.94565,1.10136,1.16858,2.20139,0.00221661,0.00016936,-0.000384548,0.000572341,0.000178166,-0.000181736,-0.00107521,0,0,0,0,0,0,0,-0.50597,26.889,-24.7881,7.27268,0.819719,2.52523,0.103647,-0.294693,2.20537,-3.16608,1.90483,0.188837,0.929911,0.0566579
1723069,1,-2.75255,-1.32536,1.01106,-1.94696,1.10108,1.16771,2.20138,-2.75266,-1.32422,1.00895,-1.94565,1.10136,1.16858,2.20139,0.000426808,0.000669718,-0.000256365,-0.000168988,0.000118777,0.000353561,-0.000242086,0,0,0,0,0,0,0,-0.454395,26.8652,-24.7881,7.29648,0.819719,2.51242,0.09083,-0.303522,2.20894,-3.16582,1.89968,0.188528,0.93,0.056876
1723072,0.97,-2.75255,-1.32536,1.01107,-1.94696,1.10108,1.16772,2.20138,-2.75266,-1.32422,1.00895,-1.94565,1.10136,1.16858,2.20139,0.000673412,0.000322171,-0.00363546,0.00035915,-0.000707024,0.00044761,0.000534855,0,0,0,0,0,0,0,-0.478199,26.8652,-24.8159,7.29648,0.836199,2.50601,0.0780126,-0.316536,2.20215,-3.14407,1.8908,0.188092,0.928684,0.0580535
1723073,0.96,-2.75255,-1.32536,1.01107,-1.94696,1.10108,1.16772,2.20138,-2.75266,-1.32422,1.00895,-1.94565,1.10136,1.16858,2.20139,-0.000615483,0.000214781,-0.00160492,-0.000965011,-6.44485e-05,-0.000176311,-0.000355507,0,0,0,0,0,0,0,-0.430592,26.8652,-24.8635,7.34806,0.825212,2.51882,0.0972387,-0.317918,2.19702,-3.134,1.88927,0.188034,0.927987,0.0586021
1723074,0.96,-2.75255,-1.32536,1.01106,-1.94696,1.10108,1.16772,2.20138,-2.75266,-1.32422,1.00895,-1.94565,1.10136,1.16858,2.20139,0.00018339,0.000143187,-0.00361118,-0.00119867,-4.29657e-05,-0.000117541,0.000237713,0,0,0,0,0,0,0,-0.454395,26.8652,-24.7643,7.37186,0.825212,2.51882,0.0844213,-0.3171,2.19261,-3.12667,1.88881,0.188059,0.927413,0.059204
1723075,0.96,-2.75256,-1.32536,1.01106,-1.94696,1.10108,1.16771,2.20138,-2.75266,-1.32422,1.00895,-1.94565,1.10136,1.16858,2.20139,-0.0016133,9.54581e-05,-0.00201653,-0.000797996,0.000615616,0.000158999,-0.000553601,0,0,0,0,0,0,0,-0.379017,26.8652,-24.7881,7.37186,0.807817,2.51242,0.103647,-0.314083,2.18857,-3.12142,1.88957,0.188178,0.926933,0.0598455
1723076,0.96,-2.75256,-1.32536,1.01106,-1.94696,1.10108,1.16771,2.20138,-2.75266,-1.32422,1.00895,-1.94565,1.10136,1.16858,2.20139,-0.00105478,-0.000493173,-0.00202558,0.000582462,-0.0004373,0.000105999,0.00105509,0,0,0,0,0,0,0,-0.379017,26.889,-24.7643,7.32425,0.830705,2.51242,0.0651953,-0.309577,2.18566,-3.11854,1.89069,0.188318,0.926536,0.0605169
1723077,0.96,-2.75256,-1.32536,1.01106,-1.94696,1.10108,1.16772,2.20138,-2.75266,-1.32422,1.00895,-1.94565,1.10136,1.16858,2.20139,-0.00124443,-0.000328782,-0.000886883,-0.000167877,-0.000494984,-0.000166693,0.000466032,0,0,0,0,0,0,0,-0.355213,26.889,-24.7881,7.34806,0.836199,2.51882,0.071604,-0.305056,2.18523,-3.11879,1.89109,0.188398,0.926271,0.0612024
1723078,0.96,-2.75256,-1.32535,1.01106,-1.94696,1.10108,1.16771,2.20138,-2.75266,-1.32422,1.00895,-1.94565,1.10136,1.16858,2.20139,-0.000817945,0.00154405,-0.00121805,-0.000668259,0.000280362,-0.000348488,0.000310688,0,0,0,0,0,0,0,-0.355213,26.8136,-24.7643,7.37186,0.819719,2.52523,0.071604,-0.300739,2.18616,-3.12127,1.89116,0.188437,0.926149,0.061876
1723079,0.96,-2.75256,-1.32536,1.01106,-1.94697,1.10108,1.16772,2.20138,-2.75266,-1.32422,1.00895,-1.94565,1.10136,1.16858,2.20139,-0.00053654,-0.000177059,-0.00086452,-0.000445154,-1.65422e-05,5.0339e-06,-0.000267593,0,0,0,0,0,0,0,-0.355213,26.8652,-24.7643,7.37186,0.825212,2.51882,0.0844213,-0.296586,2.18706,-3.12464,1.89137,0.188458,0.926143,0.0625137
1723080,0.96,-2.75256,-1.32536,1.01106,-1.94697,1.10108,1.16771,2.20139,-2.75266,-1.32422,1.00895,-1.94565,1.10136,1.16858,2.20139,-0.00100074,-0.00011804,-5.89002e-05,-0.000296505,-0.000417929,0.000240715,0.000771041,0,0,0,0,0,0,0,-0.327442,26.8652,-24.7881,7.37186,0.836199,2.51242,0.0587866,-0.293602,2.18922,-3.1292,1.89102,0.188434,0.926261,0.0631045
1723081,0.96,-2.75256,-1.32535,1.01106,-1.94697,1.10108,1.16772,2.20139,-2.75266,-1.32422,1.00895,-1.94565,1.10136,1.16858,2.20139,-0.000662235,0.00168454,-0.00183203,-0.000847085,0.000128282,0.000160477,0.000751386,0,0,0,0,0,0,0,-0.327442,26.7898,-24.7128,7.39963,0.825212,2.51242,0.0523779,-0.291287,2.19193,-3.13413,1.89036,0.188387,0.926435,0.0636457
1723082,0.96,-2.75257,-1.32535,1.01106,-1.94697,1.10108,1.16772,2.20138,-2.75266,-1.32422,1.00895,-1.94565,1.10136,1.16858,2.20139,-0.000994607,0.00167984,0.000519742,-0.0016782,8.55211e-05,-0.000130375,-0.000211153,0,0,0,0,0,0,0,-0.303639,26.766,-24.7881,7.44724,0.825212,2.51882,0.071604,-0.288119,2.19266,-3.13776,1.89063,0.188382,0.92658,0.0641272
1723083,0.96,-2.75257,-1.32535,1.01106,-1.94697,1.10108,1.16772,2.20139,-2.75266,-1.32422,1.00895,-1.94565,1.10136,1.16858,2.20139,-0.00242354,-0.000643343,-0.000226924,-0.000561876,-0.000553338,0.000150443,0.000808667,0,0,0,0,0,0,0,-0.22826,26.8414,-24.7643,7.42344,0.841692,2.51242,0.0459692,-0.283366,2.19254,-3.14162,1.89209,0.18846,0.926759,0.0645358
1723084,0.96,-2.75257,-1.32535,1.01106,-1.94697,1.10108,1.16772,2.20139,-2.75266,-1.32422,1.00895,-1.94565,1.10136,1.16858,2.20139,-0.0010568,0.00133434,-0.000813352,-0.0003745,0.00044491,0.000100295,0.000539111,0,0,0,0,0,0,0,-0.252064,26.766,-24.7366,7.42344,0.819719,2.51242,0.0459692,-0.278021,2.19324,-3.14617,1.89362,0.188565,0.926947,0.0648636
1723085,0.96,-2.75257,-1.32535,1.01106,-1.94697,1.10108,1.16772,2.20139,-2.75266,-1.32422,1.00895,-1.94565,1.10136,1.16858,2.20139,-0.0018166,0.00033275,-0.000551576,-0.000249604,-0.000110294,6.68634e-05,0.00110539,0,0,0,0,0,0,0,-0.204456,26.7898,-24.7366,7.42344,0.830705,2.51242,0.0258276,-0.273454,2.19407,-3.14978,1.8944,0.188616,0.927051,0.0650997
1723086,0.96,-2.75258,-1.32535,1.01106,-1.94697,1.10108,1.16771,2.20139,-2.75266,-1.32422,1.00895,-1.94565,1.10136,1.16858,2.20139,-0.0012099,-0.000334979,0.000831702,0.000390456,-7.35294e-05,-0.000192783,0.000974288,0,0,0,0,0,0,0,-0.204456,26.8136,-24.7881,7.39963,0.830705,2.51882,0.0194189,-0.270333,2.19592,-3.15335,1.89401,0.188583,0.92714,0.0652257
1723087,0.96,-2.75258,-1.32535,1.01106,-1.94697,1.10108,1.16772,2.20139,-2.75266,-1.32422,1.00895,-1.94565,1.10136,1.16858,2.20139,-0.000805722,-0.000872933,-0.000657212,-0.000853284,-4.90196e-05,-0.000128522,-0.000333819,0,0,0,0,0,0,0,-0.204456,26.8414,-24.7366,7.44724,0.830705,2.51882,0.0459692,-0.269377,2.2003,-3.15805,1.89213,0.188462,0.927302,0.0652182
1723088,0.96,-2.75258,-1.32535,1.01106,-1.94697,1.10108,1.16771,2.20139,-2.75266,-1.32422,1.00895,-1.94565,1.10136,1.16858,2.20139,-0.0011861,0.00118128,-0.000998895,-1.20178e-05,0.000170771,-8.56815e-05,0.000523439,0,0,0,0,0,0,0,-0.176685,26.766,-24.7128,7.42344,0.825212,2.51882,0.0258276,-0.269908,2.20523,-3.16199,1.88952,0.188295,0.927452,0.0650742
1723089,0.96,-2.75258,-1.32535,1.01106,-1.94698,1.10108,1.16772,2.20139,-2.75266,-1.32422,1.00895,-1.94565,1.10136,1.16858,2.20139,-0.00408202,0.00143714,-0.000112073,-0.00177123,-0.000496504,-5.7121e-05,-0.000125758,0,0,0,0,0,0,0,-0.176685,26.7383,-24.7366,7.49881,0.841692,2.51882,0.038645,-0.267708,2.20695,-3.1636,1.88868,0.188234,0.927474,0.0648209
1723090,0.96,-2.75259,-1.32535,1.01106,-1.94697,1.10108,1.16772,2.20139,-2.75266,-1.32422,1.00895,-1.94565,1.10136,1.16858,2.20139,-0.00420172,-0.000248336,-7.69324e-05,-0.000531191,0.000279349,0.000199278,0.000390879,0,0,0,0,0,0,0,-0.125111,26.7898,-24.7366,7.47104,0.825212,2.51242,0.0258276,-0.259258,2.20501,-3.16432,1.89141,0.188425,0.927399,0.0644812
1723091,0.96,-2.75258,-1.32535,1.01106,-1.94697,1.10108,1.16772,2.20139,-2.75266,-1.32422,1.00895,-1.94565,1.10136,1.16858,2.20139,-0.00235699,0.000391255,0.00115347,0.000202696,-0.000220669,0.000132852,0.000497945,0,0,0,0,0,0,0,-0.152882,26.766,-24.7881,7.44724,0.836199,2.51242,0.0194189,-0.247972,2.20289,-3.16606,1.89538,0.188722,0.927339,0.064061
1723092,0.96,-2.75259,-1.32534,1.01106,-1.94697,1.10108,1.16772,2.20139,-2.75266,-1.32422,1.00895,-1.94565,1.10136,1.16858,2.20139,-0.0058792,0.00211688,-0.00043869,-0.000421673,-0.000350563,0.000325927,-0.000651381,0,0,0,0,0,0,0,-0.101307,26.6867,-24.7366,7.47104,0.841692,2.50601,0.0459692,-0.236091,2.20077,-3.16822,1.8993,0.189004,0.927275,0.0635647
1723093,0.96,-2.75259,-1.32535,1.01106,-1.94697,1.10108,1.16772,2.20139,-2.75266,-1.32422,1.00895,-1.94565,1.10136,1.16858,2.20139,-0.00428065,0.000204825,0.000356219,-0.000281109,-0.000437159,0.000217285,0.000311731,0,0,0,0,0,0,0,-0.101307,26.7383,-24.7643,7.47104,0.847185,2.50601,0.0258276,-0.221613,2.19648,-3.16936,1.90447,0.189369,0.927103,0.0630064
1723094,0.96,-2.75259,-1.32535,1.01106,-1.94698,1.10108,1.16772,2.20139,-2.75266,-1.32422,1.00895,-1.94565,1.10136,1.16858,2.20139,-0.00312466,0.00013655,-0.000412836,-0.000837015,0.000115462,0.000382215,-2.95381e-05,0,0,0,0,0,0,0,-0.101307,26.7383,-24.7366,7.49881,0.836199,2.4996,0.0322363,-0.207364,2.19211,-3.16998,1.90958,0.189758,0.926885,0.0624019
1723095,0.96,-2.75259,-1.32534,1.01106,-1.94698,1.10108,1.16772,2.20139,-2.75266,-1.32422,1.00895,-1.94565,1.10136,1.16858,2.20139,-0.0034927,0.000647845,-0.00027575,-0.00743085,0.000280425,-0.000219908,0.000455026,0,0,0,0,0,0,0,-0.0497324,26.7144,-24.7366,7.52262,0.830705,2.51242,0.0194189,-0.194466,2.18811,-3.17025,1.91531,0.190236,0.926743,0.0617666
1723096,0.96,-2.7526,-1.32534,1.01106,-1.94698,1.10108,1.16772,2.20139,-2.75266,-1.32422,1.00895,-1.94565,1.10136,1.16858,2.20139,-0.00248084,-0.000124915,0.0010222,-0.00548024,0.00018695,9.07539e-05,-0.000679994,0,0,0,0,0,0,0,-0.0497324,26.7383,-24.7881,7.52262,0.830705,2.50601,0.0459692,-0.180326,2.18302,-3.17058,1.92434,0.190991,0.926776,0.0611127
1723097,0.96,-2.7526,-1.32534,1.01106,-1.94698,1.10108,1.16772,2.20139,-2.75266,-1.32422,1.00895,-1.94565,1.10136,1.16858,2.20139,-0.0028818,-8.32767e-05,-0.000525256,-0.00284181,0.000328084,-0.000176856,0.000292656,0,0,0,0,0,0,0,-0.00212494,26.7383,-24.7366,7.47104,0.825212,2.51242,0.0258276,-0.167327,2.17873,-3.17163,1.93401,0.191801,0.926951,0.0604408
1723098,0.96,-2.7526,-1.32534,1.01106,-1.94698,1.10108,1.16772,2.20139,-2.75266,-1.32422,1.00895,-1.94565,1.10136,1.16858,2.20139,-0.0014501,0.000501294,-0.00146402,-0.00395384,-0.000188178,0.000119455,-0.00078824,0,0,0,0,0,0,0,-0.0259286,26.7144,-24.689,7.54642,0.836199,2.50601,0.0523779,-0.158692,2.17591,-3.17161,1.94083,0.192376,0.927062,0.059754
1723099,0.96,-2.7526,-1.32534,1.01105,-1.94698,1.10108,1.16772,2.20139,-2.75266,-1.32422,1.00895,-1.94565,1.10136,1.16858,2.20139,-0.00223744,0.00098381,-0.000976178,-0.00230113,7.79982e-05,7.96365e-05,-0.000525493,0,0,0,0,0,0,0,0.0256461,26.6867,-24.689,7.52262,0.830705,2.50601,0.0523779,-0.154211,2.17322,-3.16901,1.94467,0.192684,0.927004,0.0590677
1723100,0.96,-2.7526,-1.32534,1.01106,-1.94698,1.10108,1.16772,2.20139,-2.75266,-1.32422,1.00895,-1.94565,1.10136,1.16858,2.20139,-0.000890225,0.0017695,0.000462714,-0.00170062,5.19988e-05,-0.000421627,-0.000350329,0,0,0,0,0,0,0,-0.00212494,26.6391,-24.7366,7.52262,0.830705,2.51882,0.0523779,-0.153134,2.17073,-3.16505,1.94573,0.192719,0.926849,0.0584094
1723101,0.96,-2.75261,-1.32534,1.01106,-1.94698,1.10108,1.16772,2.20138,-2.75266,-1.32422,1.00895,-1.94565,1.10136,1.16858,2.20139,-0.00127926,6.60409e-05,0.000308382,-0.00237227,-0.000372235,0.000193633,-0.00142035,0,0,0,0,0,0,0,0.0256461,26.6867,-24.7366,7.57022,0.841692,2.50601,0.0844213,-0.155221,2.16983,-3.16186,1.94409,0.192502,0.92673,0.0578035
1723102,0.96,-2.75261,-1.32534,1.01105,-1.94698,1.10108,1.16772,2.20139,-2.75266,-1.32422,1.00895,-1.94565,1.10136,1.16858,2.20139,-0.00143677,0.00115765,-0.000908106,-0.00111838,-4.47063e-05,0.000366448,0.0014606,0,0,0,0,0,0,0,0.0494498,26.6391,-24.689,7.54642,0.836199,2.4996,0.0194189,-0.159374,2.17064,-3.15951,1.94057,0.192129,0.926639,0.05727
1723103,0.96,-2.75261,-1.32534,1.01105,-1.94699,1.10108,1.16772,2.20139,-2.75266,-1.32422,1.00895,-1.94565,1.10136,1.16858,2.20139,-0.000978185,0.000214956,-0.000605457,-0.00516303,-2.98042e-05,0.000244299,-0.00024697,0,0,0,0,0,0,0,0.0494498,26.6629,-24.689,7.598,0.836199,2.4996,0.0523779,-0.163375,2.17139,-3.15674,1.93698,0.191757,0.926496,0.0568174
1723104,0.96,-2.75261,-1.32534,1.01105,-1.94698,1.10108,1.16772,2.20139,-2.75266,-1.32422,1.00895,-1.94565,1.10136,1.16858,2.20139,-0.00122419,-0.000413508,-0.000403677,-0.00255002,-0.00042677,0.000162866,-0.000164647,0,0,0,0,0,0,0,0.0732535,26.6867,-24.689,7.54642,0.847185,2.4996,0.0523779,-0.166035,2.17188,-3.15397,1.93466,0.191502,0.926356,0.0564211
1723105,0.96,-2.75262,-1.32534,1.01106,-1.94698,1.10108,1.16772,2.20139,-2.75266,-1.32422,1.00895,-1.94565,1.10136,1.16858,2.20139,-0.00147718,0.00028114,0.000287664,-0.00193583,0.000122387,-0.000366141,-0.000347123,0,0,0,0,0,0,0,0.101024,26.6629,-24.7128,7.54642,0.836199,2.51242,0.0587866,-0.168078,2.17343,-3.15232,1.93257,0.191288,0.92625,0.0560623
1723106,0.96,-2.75262,-1.32534,1.01106,-1.94698,1.10108,1.16772,2.20138,-2.75266,-1.32422,1.00895,-1.94565,1.10136,1.16858,2.20139,-0.00155018,0.000187427,0.00139818,-0.000910603,0.000285042,-0.000244094,-0.00118085,0,0,0,0,0,0,0,0.124828,26.6629,-24.7643,7.52262,0.830705,2.51242,0.0844213,-0.169993,2.17635,-3.15237,1.92962,0.191012,0.926177,0.055747
1723107,0.96,-2.75262,-1.32534,1.01105,-1.94698,1.10108,1.16772,2.20138,-2.75266,-1.32422,1.00895,-1.94565,1.10136,1.16858,2.20139,-0.00103989,0.000124951,-0.000831135,-0.000739716,-1.34224e-05,-0.000637447,-0.000549875,0,0,0,0,0,0,0,0.124828,26.6629,-24.689,7.52262,0.836199,2.52523,0.0780126,-0.172082,2.18015,-3.15345,1.92559,0.190645,0.926114,0.0554913
1723108,0.96,-2.75262,-1.32534,1.01105,-1.94699,1.10108,1.16772,2.20138,-2.75266,-1.32422,1.00895,-1.94565,1.10136,1.16858,2.20139,-0.000698086,-0.000473511,-0.000554102,-0.00291268,0.000194502,4.97531e-05,-0.000603942,0,0,0,0,0,0,0,0.124828,26.6867,-24.689,7.6218,0.830705,2.51242,0.0844213,-0.17447,2.18377,-3.15368,1.92101,0.190238,0.925997,0.0553184
1723109,0.96,-2.75262,-1.32534,1.01105,-1.94699,1.10108,1.16772,2.20139,-2.75266,-1.32422,1.00895,-1.94565,1.10136,1.16858,2.20139,-0.000469011,-0.000315674,-0.00101902,-0.00145959,0.000129668,0.000507887,-0.000165269,0,0,0,0,0,0,0,0.124828,26.6867,-24.6612,7.598,0.830705,2.4996,0.0780126,-0.176723,2.18672,-3.15251,1.91675,0.189864,0.925838,0.0552442
1723110,0.96,-2.75262,-1.32534,1.01105,-1.94699,1.10108,1.16772,2.20138,-2.75266,-1.32422,1.00895,-1.94565,1.10136,1.16858,2.20139,0.000891037,-0.000210449,-2.9743e-05,-0.00214264,8.64454e-05,0.000101232,-0.00011018,0,0,0,0,0,0,0,0.0732535,26.6867,-24.689,7.6456,0.830705,2.50601,0.0780126,-0.179662,2.18964,-3.15061,1.9124,0.189475,0.925683,0.0552705
1723111,0.96,-2.75262,-1.32533,1.01106,-1.94699,1.10108,1.16772,2.20138,-2.75266,-1.32422,1.00895,-1.94565,1.10136,1.16858,2.20139,-0.00303442,0.000973324,0.000536978,-0.000356775,-0.00014582,-0.000169871,-0.00078553,0,0,0,0,0,0,0,0.101024,26.6391,-24.7128,7.598,0.836199,2.51242,0.0972387,-0.181793,2.19207,-3.14886,1.90852,0.189083,0.925542,0.0553943
1723112,0.96,-2.75263,-1.32533,1.01106,-1.94699,1.10108,1.16772,2.20139,-2.75266,-1.32422,1.00895,-1.94565,1.10136,1.16858,2.20139,-0.00282935,0.0012985,0.000914793,-0.00082614,-9.72135e-05,0.000124112,0.00113783,0,0,0,0,0,0,0,0.124828,26.6113,-24.7366,7.6218,0.836199,2.50601,0.0523779,-0.178813,2.19214,-3.14775,1.90704,0.188816,0.92536,0.0556171
1723113,0.96,-2.75263,-1.32533,1.01106,-1.94699,1.10108,1.16772,2.20138,-2.75266,-1.32422,1.00895,-1.94565,1.10136,1.16858,2.20139,-0.00207343,0.000216051,5.30473e-05,-1.75563e-05,0.000342092,8.27411e-05,-0.000428244,0,0,0,0,0,0,0,0.124828,26.6391,-24.7128,7.598,0.825212,2.50601,0.0844213,-0.17131,2.19008,-3.14705,1.90764,0.188665,0.925112,0.0559225
1723114,0.96,-2.75263,-1.32533,1.01106,-1.94699,1.10108,1.16772,2.20139,-2.75266,-1.32422,1.00895,-1.94565,1.10136,1.16858,2.20139,-0.00272911,0.000144034,0.000592175,-0.000586222,-0.00038229,-0.000182198,0.00066394,0,0,0,0,0,0,0,0.176403,26.6391,-24.7366,7.6218,0.841692,2.51242,0.0587866,-0.162712,2.18785,-3.14661,1.90869,0.188536,0.924838,0.0562736
1723115,0.96,-2.75263,-1.32534,1.01106,-1.94699,1.10108,1.16772,2.20138,-2.75266,-1.32422,1.00895,-1.94565,1.10136,1.16858,2.20139,-0.00399069,-0.000460789,-0.000162031,-0.000960907,-5.14096e-05,0.000115893,-0.000506809,0,0,0,0,0,0,0,0.124828,26.6629,-24.7128,7.6456,0.836199,2.50601,0.0844213,-0.152662,2.18567,-3.14656,1.9106,0.188485,0.924553,0.0566472
1723116,0.96,-2.75263,-1.32534,1.01106,-1.94699,1.10108,1.16772,2.20139,-2.75266,-1.32422,1.00895,-1.94565,1.10136,1.16858,2.20139,-0.00356895,-0.000307193,-0.000108022,-9.37522e-05,-0.000237724,-0.000397456,0.00108628,0,0,0,0,0,0,0,0.148632,26.6629,-24.7128,7.6218,0.841692,2.51882,0.0459692,-0.140385,2.18309,-3.14658,1.91387,0.18856,0.924233,0.0570317
1723117,0.96,-2.75264,-1.32534,1.01106,-1.947,1.10108,1.16772,2.20139,-2.75266,-1.32422,1.00895,-1.94565,1.10136,1.16858,2.20139,-0.00264305,-0.000204795,0.00169122,-0.0011836,4.49681e-05,0.000209748,0.000249469,0,0,0,0,0,0,0,0.148632,26.6629,-24.7881,7.66941,0.836199,2.50601,0.0587866,-0.127725,2.18086,-3.14711,1.9176,0.188685,0.92395,0.0574132
1723118,0.96,-2.75264,-1.32534,1.01106,-1.94699,1.10108,1.16772,2.20139,-2.75266,-1.32422,1.00895,-1.94565,1.10136,1.16858,2.20139,-0.00260947,-0.00013653,-7.89449e-05,0.00087577,0.000233429,0.00061455,0.000912298,0,0,0,0,0,0,0,0.176403,26.6629,-24.7366,7.598,0.830705,2.49319,0.038645,-0.116883,2.17979,-3.14848,1.92065,0.188759,0.923763,0.0577663
1723119,0.96,-2.75264,-1.32533,1.01106,-1.94699,1.10108,1.16772,2.20139,-2.75266,-1.32422,1.00895,-1.94565,1.10136,1.16858,2.20139,-0.00123839,0.00167222,-0.000609442,2.2833e-05,0.000562521,-6.50182e-05,0.000336931,0,0,0,0,0,0,0,0.148632,26.5875,-24.7128,7.6218,0.819719,2.50601,0.0459692,-0.109141,2.1786,-3.14849,1.92223,0.18869,0.923535,0.0580632
1723120,0.96,-2.75264,-1.32534,1.01105,-1.94699,1.10108,1.16772,2.20139,-2.75266,-1.32422,1.00895,-1.94565,1.10136,1.16858,2.20139,-0.000380055,-0.000648426,-0.000963107,1.20706e-05,-0.000235338,-4.33455e-05,0.000733247,0,0,0,0,0,0,0,0.124828,26.6629,-24.689,7.6218,0.836199,2.50601,0.0322363,-0.10542,2.17665,-3.14577,1.92208,0.188446,0.92321,0.0582837
1723121,0.96,-2.75264,-1.32533,1.01106,-1.947,1.10108,1.16772,2.20139,-2.75266,-1.32422,1.00895,-1.94565,1.10136,1.16858,2.20139,-0.000336824,0.000774142,-8.52599e-05,-0.000551128,4.65586e-05,0.000208462,0.00072619,0,0,0,0,0,0,0,0.124828,26.6113,-24.7128,7.6456,0.830705,2.4996,0.0258276,-0.105643,2.17532,-3.14178,1.92047,0.188074,0.922892,0.0584131
1723122,0.96,-2.75264,-1.32533,1.01106,-1.947,1.10108,1.16772,2.20138,-2.75266,-1.32422,1.00895,-1.94565,1.10136,1.16858,2.20139,-0.000843952,0.000516095,-5.68401e-05,-0.000369192,-0.000375862,-9.83843e-05,-0.00121129,0,0,0,0,0,0,0,0.148632,26.6113,-24.7128,7.6456,0.841692,2.50601,0.071604,-0.107485,2.1744,-3.13785,1.91862,0.187671,0.922637,0.0584439
1723123,0.96,-2.75264,-1.32534,1.01105,-1.94699,1.10107,1.16772,2.20139,-2.75266,-1.32422,1.00895,-1.94565,1.10136,1.16858,2.20139,-5.27652e-05,-0.000862363,-0.000594706,0.00207259,-0.000250575,0.000171769,0.000413174,0,0,0,0,0,0,0,0.124828,26.6629,-24.689,7.54642,0.841692,2.4996,0.038645,-0.11034,2.17424,-3.13445,1.91627,0.187231,0.922415,0.0583837
1723124,0.96,-2.75264,-1.32534,1.01105,-1.94699,1.10108,1.16772,2.20139,-2.75266,-1.32422,1.00895,-1.94565,1.10136,1.16858,2.20139,-0.00127681,-0.000574909,-0.00039647,-0.000382507,0.000443302,0.000589231,0.000987526,0,0,0,0,0,0,0,0.176403,26.6629,-24.689,7.6218,0.825212,2.48678,0.0194189,-0.114501,2.17583,-3.13176,1.91275,0.186736,0.922187,0.0582593
1723125,0.96,-2.75264,-1.32533,1.01105,-1.94699,1.10108,1.16772,2.20139,-2.75266,-1.32422,1.00895,-1.94565,1.10136,1.16858,2.20139,-0.000877612,0.00017354,-0.000264314,0.00030106,0.000295535,0.000155462,0.000183633,0,0,0,0,0,0,0,0.176403,26.6391,-24.689,7.598,0.825212,2.49319,0.0322363,-0.117319,2.17751,-3.12958,1.9099,0.186321,0.921941,0.0580822
1723126,0.96,-2.75265,-1.32533,1.01105,-1.94699,1.10108,1.16772,2.20139,-2.75266,-1.32422,1.00895,-1.94565,1.10136,1.16858,2.20139,-0.000604879,-0.000441119,-0.000176209,0.00084976,-0.000209878,-0.000133718,0.000359781,0,0,0,0,0,0,0,0.176403,26.6629,-24.689,7.57022,0.836199,2.4996,0.0258276,-0.11817,2.17843,-3.1277,1.90823,0.185998,0.921679,0.0578402
1723127,0.96,-2.75265,-1.32533,1.01106,-1.94699,1.10108,1.16772,2.20139,-2.75266,-1.32422,1.00895,-1.94565,1.10136,1.16858,2.20139,-0.000974917,-0.000294079,0.000439339,0.0011229,-0.000343369,-8.91452e-05,0.000239854,0,0,0,0,0,0,0,0.200207,26.6629,-24.7128,7.54642,0.841692,2.4996,0.0258276,-0.118417,2.17958,-3.12651,1.90667,0.185683,0.921425,0.0575266
1723128,0.96,-2.75265,-1.32533,1.01105,-1.94699,1.10108,1.16772,2.20139,-2.75266,-1.32422,1.00895,-1.94565,1.10136,1.16858,2.20139,-0.000661085,-0.000196053,-0.000263919,0.000191471,0.000177988,0.000415288,-0.000314815,0,0,0,0,0,0,0,0.200207,26.6629,-24.689,7.57022,0.830705,2.48678,0.038645,-0.117781,2.18088,-3.12604,1.90537,0.185402,0.921185,0.057145
1723129,0.96,-2.75265,-1.32533,1.01105,-1.947,1.10108,1.16772,2.20139,-2.75266,-1.32422,1.00895,-1.94565,1.10136,1.16858,2.20139,0.00187097,0.00107572,-0.00082556,-0.000522203,0.000118659,-0.000197859,2.74821e-05,0,0,0,0,0,0,0,0.101024,26.6113,-24.6612,7.598,0.830705,2.4996,0.0322363,-0.116939,2.18112,-3.12476,1.90455,0.18516,0.920929,0.0567073
1723130,0.96,-2.75265,-1.32533,1.01105,-1.94699,1.10108,1.16772,2.20139,-2.75266,-1.32422,1.00895,-1.94565,1.10136,1.16858,2.20139,0.000127425,0.000717149,-0.00110719,0.000301301,7.91059e-05,0.000105453,-0.000219038,0,0,0,0,0,0,0,0.148632,26.6113,-24.6374,7.57022,0.830705,2.49319,0.038645,-0.116954,2.17951,-3.12136,1.90396,0.184918,0.920618,0.056232
1723131,0.96,-2.75265,-1.32533,1.01105,-1.94699,1.10108,1.16772,2.20139,-2.75266,-1.32422,1.00895,-1.94565,1.10136,1.16858,2.20139,0.000637062,-0.000171514,-0.000181312,0.000757546,-0.000354164,7.03018e-05,0.000328693,0,0,0,0,0,0,0,0.124828,26.6391,-24.6612,7.54642,0.841692,2.49319,0.0258276,-0.117213,2.17703,-3.11688,1.90334,0.184672,0.920253,0.0557329
1723132,0.96,-2.75265,-1.32534,1.01105,-1.947,1.10108,1.16772,2.20139,-2.75266,-1.32422,1.00895,-1.94565,1.10136,1.16858,2.20139,-0.000135629,-0.000671155,-0.000120874,-0.000701495,-3.26587e-05,4.68679e-05,-0.000526857,0,0,0,0,0,0,0,0.148632,26.6629,-24.6612,7.598,0.836199,2.49319,0.0459692,-0.116848,2.17545,-3.11346,1.90283,0.184471,0.919917,0.0552175
1723133,0.96,-2.75265,-1.32534,1.01105,-1.94699,1.10108,1.16772,2.20139,-2.75266,-1.32422,1.00895,-1.94565,1.10136,1.16858,2.20139,0.00102056,-0.00165386,-8.0583e-05,0.000181876,0.000588579,3.12452e-05,0.000157389,0,0,0,0,0,0,0,0.101024,26.7144,-24.6612,7.57022,0.819719,2.49319,0.0322363,-0.116,2.17574,-3.11199,1.90252,0.18434,0.919675,0.054693
1723134,0.96,-2.75265,-1.32533,1.01105,-1.94699,1.10108,1.16772,2.20139,-2.75266,-1.32422,1.00895,-1.94565,1.10136,1.16858,2.20139,0.000678392,0.000103851,0.000595892,0.000121194,-0.000217965,0.000258189,-0.000132433,0,0,0,0,0,0,0,0.101024,26.6629,-24.689,7.57022,0.836199,2.48678,0.038645,-0.115541,2.1778,-3.11209,1.90192,0.18422,0.919515,0.0541704
1723135,0.96,-2.75265,-1.32534,1.01105,-1.947,1.10108,1.16772,2.20139,-2.75266,-1.32422,1.00895,-1.94565,1.10136,1.16858,2.20139,-0.00333165,-0.000487578,-0.00136598,-0.00056886,5.81402e-05,-0.00077731,0.00109851,0,0,0,0,0,0,0,0.124828,26.6867,-24.6136,7.598,0.830705,2.51242,0.00660151,-0.11222,2.17866,-3.11225,1.90276,0.184208,0.919305,0.0536619
1723136,0.96,-2.75265,-1.32534,1.01105,-1.947,1.10108,1.16772,2.20139,-2.75266,-1.32422,1.00895,-1.94565,1.10136,1.16858,2.20139,-0.0019342,0.00023176,-0.000353839,-0.000379271,-0.00016469,0.00019387,-0.00120044,0,0,0,0,0,0,0,0.101024,26.6629,-24.6374,7.598,0.836199,2.49319,0.0587866,-0.102055,2.17561,-3.1111,1.90726,0.184466,0.918916,0.0531628
1723137,0.96,-2.75265,-1.32534,1.01105,-1.94699,1.10108,1.16772,2.20139,-2.75266,-1.32422,1.00895,-1.94565,1.10136,1.16858,2.20139,-0.0014919,-0.000402305,-0.000235893,0.000396743,0.000297107,0.000366606,-5.43099e-05,0,0,0,0,0,0,0,0.101024,26.6867,-24.6374,7.57022,0.825212,2.48678,0.038645,-0.0880828,2.17033,-3.10915,1.91373,0.184865,0.918426,0.0526623
1723138,0.96,-2.75265,-1.32534,1.01105,-1.947,1.10108,1.16772,2.20139,-2.75266,-1.32422,1.00895,-1.94565,1.10136,1.16858,2.20139,-0.00170324,-0.000268204,0.00039955,-0.000385137,-0.000208829,7.04496e-06,-0.000307474,0,0,0,0,0,0,0,0.124828,26.6867,-24.6612,7.598,0.836199,2.49319,0.0459692,-0.0743751,2.16544,-3.10764,1.91995,0.185235,0.91796,0.0521744
1723139,0.96,-2.75265,-1.32534,1.01105,-1.947,1.10108,1.16772,2.20139,-2.75266,-1.32422,1.00895,-1.94565,1.10136,1.16858,2.20139,0.00107068,-0.000178802,-0.000847257,-0.000256771,-0.00034267,0.000242056,0.000541003,0,0,0,0,0,0,0,0.0256461,26.6867,-24.6136,7.598,0.841692,2.48678,0.0258276,-0.0631449,2.16174,-3.10639,1.92505,0.185517,0.917554,0.0517145
1723140,0.96,-2.75265,-1.32534,1.01105,-1.94699,1.10108,1.16772,2.20139,-2.75266,-1.32422,1.00895,-1.94565,1.10136,1.16858,2.20139,-0.000485238,-0.000119202,-0.000564838,0.00159205,-0.000228447,-7.59886e-05,-0.000860035,0,0,0,0,0,0,0,0.0732535,26.6867,-24.6136,7.52262,0.841692,2.49319,0.0587866,-0.0566041,2.15939,-3.10429,1.9278,0.185617,0.91716,0.0512767
1723141,0.96,-2.75265,-1.32534,1.01104,-1.94699,1.10108,1.16772,2.20139,-2.75266,-1.32422,1.00895,-1.94565,1.10136,1.16858,2.20139,0.000169268,-0.000729082,-0.00102617,0.00106136,0.000254603,0.000424059,-0.000573356,0,0,0,0,0,0,0,0.0494498,26.7144,-24.5858,7.52262,0.830705,2.48037,0.0587866,-0.0542564,2.15842,-3.10123,1.92792,0.185527,0.916716,0.0508584
1723142,0.96,-2.75265,-1.32533,1.01104,-1.947,1.10108,1.16772,2.20139,-2.75266,-1.32422,1.00895,-1.94565,1.10136,1.16858,2.20139,0.000621618,0.00016356,-0.000684115,-0.00105567,0.000373186,-0.000192012,0.000601107,0,0,0,0,0,0,0,0.0256461,26.6867,-24.5858,7.598,0.825212,2.49319,0.0322363,-0.0540157,2.15808,-3.09758,1.92694,0.185371,0.916252,0.0504808
1723143,0.96,-2.75264,-1.32533,1.01105,-1.94699,1.10108,1.16772,2.20138,-2.75266,-1.32422,1.00895,-1.94565,1.10136,1.16858,2.20139,0.00158481,0.000665852,0.000750349,0.00105945,0.000248791,0.00034671,-0.000819965,0,0,0,0,0,0,0,-0.0259286,26.6629,-24.6374,7.52262,0.825212,2.48037,0.0651953,-0.0551709,2.15783,-3.09393,1.92582,0.185201,0.915856,0.0501591
1723144,0.96,-2.75265,-1.32534,1.01105,-1.94699,1.10108,1.16772,2.20138,-2.75266,-1.32422,1.00895,-1.94565,1.10136,1.16858,2.20139,-0.000733721,-0.000762525,-5.65792e-05,0.000149486,-3.75901e-05,-0.000243578,-0.000784003,0,0,0,0,0,0,0,0.0494498,26.7144,-24.6136,7.54642,0.830705,2.49319,0.071604,-0.057112,2.15819,-3.09133,1.9245,0.184998,0.915551,0.0498877
1723145,0.96,-2.75265,-1.32534,1.01105,-1.94699,1.10108,1.16772,2.20138,-2.75266,-1.32422,1.00895,-1.94565,1.10136,1.16858,2.20139,-0.00106623,-0.00050835,-3.77195e-05,-0.000457157,0.000381841,-0.000162385,-0.000522668,0,0,0,0,0,0,0,0.0732535,26.7144,-24.6136,7.57022,0.819719,2.49319,0.071604,-0.0570489,2.15878,-3.08991,1.92421,0.184884,0.91527,0.0496796
1723146,0.96,-2.75265,-1.32534,1.01105,-1.94699,1.10108,1.16772,2.20139,-2.75266,-1.32422,1.00895,-1.94565,1.10136,1.16858,2.20139,-0.000169205,0.000867526,-2.51463e-05,-0.000304773,-0.00015234,0.000129102,-0.000111087,0,0,0,0,0,0,0,0.0494498,26.6629,-24.6136,7.57022,0.830705,2.48678,0.0651953,-0.0536904,2.15815,-3.08867,1.92593,0.184923,0.914962,0.0495584
1723147,0.96,-2.75265,-1.32534,1.01104,-1.94699,1.10108,1.16772,2.20139,-2.75266,-1.32422,1.00895,-1.94565,1.10136,1.16858,2.20139,0.00108222,0.000578351,-0.000666378,0.000353629,-0.00010156,-0.000151291,-0.000548776,0,0,0,0,0,0,0,-0.00212494,26.6629,-24.5858,7.54642,0.830705,2.49319,0.0780126,-0.0497896,2.15605,-3.08635,1.92823,0.184974,0.914609,0.0495284
1723148,0.96,-2.75265,-1.32534,1.01104,-1.94699,1.10108,1.16772,2.20139,-2.75266,-1.32422,1.00895,-1.94565,1.10136,1.16858,2.20139,0.000712932,-0.000171245,-0.000444252,0.000792563,0.000135744,-0.000100861,-0.000128491,0,0,0,0,0,0,0,-0.00212494,26.6867,-24.5858,7.52262,0.825212,2.49319,0.071604,-0.048273,2.15394,-3.08283,1.92925,0.184901,0.914217,0.0495807
1723149,0.96,-2.75264,-1.32534,1.01104,-1.94699,1.10108,1.16772,2.20139,-2.75266,-1.32422,1.00895,-1.94565,1.10136,1.16858,2.20139,0.00102569,-0.000114163,-0.00085298,-2.84371e-05,-0.000112955,-0.000304599,0.000151698,0,0,0,0,0,0,0,-0.0259286,26.6867,-24.562,7.54642,0.830705,2.4996,0.0651953,-0.0492616,2.15291,-3.07888,1.92876,0.184718,0.913819,0.0497105
1723150,0.96,-2.75264,-1.32534,1.01104,-1.94699,1.10108,1.16772,2.20138,-2.75266,-1.32422,1.00895,-1.94565,1.10136,1.16858,2.20139,0.000678982,-7.61088e-05,-0.000568653,-1.89586e-05,-0.000278754,-0.000203066,-0.000373586,0,0,0,0,0,0,0,-0.0259286,26.6867,-24.562,7.54642,0.836199,2.4996,0.0780126,-0.0511998,2.15245,-3.07477,1.92783,0.184517,0.913438,0.0499105
1723151,0.96,-2.75264,-1.32534,1.01105,-1.94699,1.10108,1.16772,2.20138,-2.75266,-1.32422,1.00895,-1.94565,1.10136,1.16858,2.20139,0.00100586,-5.07392e-05,0.000827324,0.00110098,1.76147e-05,-0.000135377,-0.000486416,0,0,0,0,0,0,0,-0.0497324,26.6867,-24.6136,7.49881,0.830705,2.4996,0.0844213,-0.0534452,2.15265,-3.07133,1.92674,0.184315,0.913125,0.0501701
1723152,0.96,-2.75264,-1.32534,1.01104,-1.94699,1.10108,1.16772,2.20139,-2.75266,-1.32422,1.00895,-1.94565,1.10136,1.16858,2.20139,0.000111056,0.000522986,-0.000654877,0.000177177,0.000418644,0.000384466,0.000862517,0,0,0,0,0,0,0,-0.0259286,26.6629,-24.562,7.52262,0.819719,2.48678,0.0523779,-0.0555047,2.1533,-3.06884,1.92552,0.184111,0.912878,0.0504888
1723153,0.96,-2.75264,-1.32533,1.01104,-1.94699,1.10108,1.16772,2.20139,-2.75266,-1.32422,1.00895,-1.94565,1.10136,1.16858,2.20139,7.20083e-05,0.000348657,0.000120227,0.000118118,-0.000331255,-0.000455766,-0.000137065,0,0,0,0,0,0,0,-0.0259286,26.6629,-24.5858,7.52262,0.836199,2.50601,0.071604,-0.0558619,2.15289,-3.06626,1.92521,0.183978,0.912625,0.0508598
1723154,0.96,-2.75264,-1.32534,1.01104,-1.94699,1.10108,1.16772,2.20139,-2.75266,-1.32422,1.00895,-1.94565,1.10136,1.16858,2.20139,0.000603296,-0.000324374,-0.00296688,7.87451e-05,-0.000220837,0.000408233,0.000383341,0,0,0,0,0,0,0,-0.0497324,26.6867,-24.5858,7.52262,0.836199,2.48678,0.0587866,-0.0547597,2.15097,-3.06234,1.92584,0.183932,0.912294,0.0512557
1723155,0.96,-2.75264,-1.32534,1.01104,-1.94699,1.10108,1.16772,2.20138,-2.75266,-1.32422,1.00895,-1.94565,1.10136,1.16858,2.20139,0.000401056,0.000340563,-0.00102541,0.000609309,-0.000147225,-0.000202563,-0.000456516,0,0,0,0,0,0,0,-0.0497324,26.6629,-24.6374,7.49881,0.836199,2.4996,0.0780126,-0.053821,2.14803,-3.05637,1.92644,0.18391,0.911843,0.0516532
1723156,0.96,-2.75264,-1.32534,1.01104,-1.94698,1.10108,1.16772,2.20139,-2.75266,-1.32422,1.00895,-1.94565,1.10136,1.16858,2.20139,0.000266515,-0.000979384,-0.00208047,0.00105582,0.000308751,0.000339676,0.00139108,0,0,0,0,0,0,0,-0.0497324,26.7144,-24.5858,7.47104,0.825212,2.48678,0.0322363,-0.0536471,2.14518,-3.04958,1.92639,0.183871,0.911333,0.0520459
1723157,0.96,-2.75264,-1.32534,1.01104,-1.94699,1.10108,1.16772,2.20139,-2.75266,-1.32422,1.00895,-1.94565,1.10136,1.16858,2.20139,0.00138346,0.000553503,-0.000880199,5.42657e-05,0.000205834,0.000226451,0.000418758,0,0,0,0,0,0,0,-0.101307,26.6629,-24.6136,7.49881,0.825212,2.48678,0.0459692,-0.0545436,2.14323,-3.04328,1.92553,0.183797,0.910845,0.0524225
1723158,0.96,-2.75264,-1.32534,1.01104,-1.94699,1.10108,1.16772,2.20139,-2.75266,-1.32422,1.00895,-1.94565,1.10136,1.16858,2.20139,0.000921825,0.000369002,-0.00134354,-0.00107745,0.000340673,-0.000323751,0.00055044,0,0,0,0,0,0,0,-0.101307,26.6629,-24.5858,7.54642,0.819719,2.4996,0.038645,-0.0558321,2.14126,-3.03758,1.92486,0.183738,0.910436,0.052758
1723159,0.96,-2.75264,-1.32533,1.01104,-1.94699,1.10108,1.16772,2.20139,-2.75266,-1.32422,1.00895,-1.94565,1.10136,1.16858,2.20139,0.000614189,0.000802813,-0.00153284,0.000395326,-0.000179785,0.000258884,-0.000141667,0,0,0,0,0,0,0,-0.101307,26.6391,-24.562,7.49881,0.830705,2.48678,0.0523779,-0.0562926,2.13828,-3.03215,1.92525,0.183737,0.910085,0.0530311
1723160,0.96,-2.75264,-1.32534,1.01105,-1.94699,1.10108,1.16772,2.20139,-2.75266,-1.32422,1.00895,-1.94565,1.10136,1.16858,2.20139,0.000409189,-0.000578415,0.000124274,-0.000293261,-0.000323308,-0.000302129,0.0008889,0,0,0,0,0,0,0,-0.101307,26.6867,-24.6136,7.52262,0.836199,2.4996,0.0258276,-0.0559771,2.13531,-3.02771,1.92615,0.183767,0.909786,0.0532339
1723161,0.96,-2.75263,-1.32533,1.01104,-1.94698,1.10107,1.16772,2.20139,-2.75266,-1.32422,1.00895,-1.94565,1.10136,1.16858,2.20139,0.000829401,-0.00038561,-0.00181838,0.00101092,-0.000418989,-0.000201419,0.000829959,0,0,0,0,0,0,0,-0.125111,26.6867,-24.5342,7.47104,0.841692,2.4996,0.0194189,-0.0560316,2.134,-3.02514,1.92659,0.183782,0.909574,0.053361
1723162,0.96,-2.75264,-1.32534,1.01104,-1.94699,1.10108,1.16772,2.20139,-2.75266,-1.32422,1.00895,-1.94565,1.10136,1.16858,2.20139,-4.03013e-06,-0.000906687,-3.97235e-05,2.43316e-05,0.000331026,0.000340439,-0.000430038,0,0,0,0,0,0,0,-0.101307,26.7144,-24.5858,7.49881,0.825212,2.48678,0.0459692,-0.0569076,2.13439,-3.02384,1.92622,0.18377,0.909412,0.0533963
1723163,0.96,-2.75264,-1.32534,1.01104,-1.94699,1.10108,1.16772,2.20139,-2.75266,-1.32422,1.00895,-1.94565,1.10136,1.16858,2.20139,-0.000559613,-0.000604458,-5.19029e-05,-0.000540591,1.72332e-05,-0.000247759,0.000221934,0,0,0,0,0,0,0,-0.0775034,26.7144,-24.5858,7.52262,0.830705,2.4996,0.0322363,-0.0568307,2.13571,-3.02411,1.92623,0.18382,0.909325,0.0533386
1723164,0.96,-2.75263,-1.32534,1.01103,-1.94699,1.10108,1.16772,2.20139,-2.75266,-1.32422,1.00895,-1.94565,1.10136,1.16858,2.20139,0.000740463,-0.000959784,-0.00181691,0.000196418,1.14888e-05,-0.000165173,-0.00036067,0,0,0,0,0,0,0,-0.125111,26.7383,-24.5104,7.49881,0.830705,2.4996,0.0459692,-0.0555446,2.1372,-3.02519,1.92703,0.183951,0.909286,0.0532062
1723165,0.96,-2.75263,-1.32534,1.01104,-1.94698,1.10108,1.16772,2.20139,-2.75266,-1.32422,1.00895,-1.94565,1.10136,1.16858,2.20139,0.000493578,-8.30441e-05,-1.91434e-05,0.00189418,0.00041456,0.000127244,0.000268179,0,0,0,0,0,0,0,-0.125111,26.7144,-24.562,7.42344,0.819719,2.49319,0.0322363,-0.0556543,2.13887,-3.02549,1.92689,0.184007,0.909211,0.0530142
1723166,0.96,-2.75263,-1.32534,1.01104,-1.94699,1.10108,1.16772,2.20139,-2.75266,-1.32422,1.00895,-1.94565,1.10136,1.16858,2.20139,0.00153543,0.000594251,0.000533325,-0.000500449,-0.000130528,8.48293e-05,-0.00032984,0,0,0,0,0,0,0,-0.176685,26.6867,-24.5858,7.49881,0.830705,2.49319,0.0459692,-0.0578002,2.14087,-3.02564,1.92541,0.183932,0.909163,0.0527804
1723167,0.96,-2.75263,-1.32534,1.01104,-1.94699,1.10108,1.16772,2.20139,-2.75266,-1.32422,1.00895,-1.94565,1.10136,1.16858,2.20139,0.00102358,-0.000810258,-0.000858919,-0.000333633,-0.000290469,-0.000180806,-0.000219893,0,0,0,0,0,0,0,-0.176685,26.7383,-24.5342,7.49881,0.836199,2.4996,0.0459692,-0.0607516,2.14273,-3.026,1.92394,0.183834,0.9092,0.0525208
1723168,0.96,-2.75263,-1.32534,1.01104,-1.94698,1.10108,1.16772,2.20138,-2.75266,-1.32422,1.00895,-1.94565,1.10136,1.16858,2.20139,0.000682362,-0.00118979,-0.000578645,0.000427192,9.8046e-06,-0.000120537,-0.00133339,0,0,0,0,0,0,0,-0.176685,26.766,-24.5342,7.47104,0.830705,2.4996,0.0780126,-0.0641303,2.14477,-3.02608,1.92263,0.183764,0.909259,0.0522463
1723169,0.96,-2.75263,-1.32534,1.01104,-1.94698,1.10108,1.16772,2.20138,-2.75266,-1.32422,1.00895,-1.94565,1.10136,1.16858,2.20139,-0.00130835,-0.000143577,-0.000390288,0.000284795,0.000209987,0.000157001,-0.000651568,0,0,0,0,0,0,0,-0.101307,26.7383,-24.5342,7.47104,0.825212,2.49319,0.071604,-0.0663992,2.14669,-3.02588,1.92175,0.183751,0.909268,0.0519864
1723170,0.97,-2.75263,-1.32534,1.01104,-1.94698,1.10108,1.16772,2.20138,-2.75266,-1.32422,1.00895,-1.94565,1.10136,1.16858,2.20139,0.000890989,0.000461094,-0.000263585,0.000189863,-6.34592e-05,0.000579385,-0.00019702,0,0,0,0,0,0,0,-0.176685,26.7144,-24.5342,7.47104,0.830705,2.48037,0.0651953,-0.0662291,2.14709,-3.02509,1.92203,0.183819,0.909204,0.0517847
1723171,0.98,-2.75263,-1.32534,1.01104,-1.94699,1.10108,1.16772,2.20139,-2.75266,-1.32422,1.00895,-1.94565,1.10136,1.16858,2.20139,0.000593981,-0.000249416,-0.00224811,-0.000523039,-0.000245757,-0.00032582,0.000106013,0,0,0,0,0,0,0,-0.176685,26.7383,-24.5858,7.49881,0.836199,2.4996,0.0587866,-0.0655607,2.14579,-3.02266,1.92282,0.18391,0.909053,0.0516621
1723172,0.99,-2.75263,-1.32534,1.01104,-1.94699,1.10108,1.16772,2.20138,-2.75266,-1.32422,1.00895,-1.94565,1.10136,1.16858,2.20139,-0.000160833,-0.000166277,-0.0029801,-0.000348692,0.000243063,2.01455e-05,-0.00111612,0,0,0,0,0,0,0,-0.152882,26.7383,-24.5342,7.49881,0.825212,2.49319,0.09083,-0.0652533,2.14283,-3.01738,1.92382,0.18402,0.908751,0.0516118
1723173,1,-2.75263,-1.32534,1.01104,-1.94698,1.10108,1.16772,2.20139,-2.75266,-1.32422,1.00895,-1.94565,1.10136,1.16858,2.20139,0.000449584,0.00044596,-0.00219293,0.000417152,-0.000244859,1.34303e-05,-0.000269362,0,0,0,0,0,0,0,-0.176685,26.7144,-24.5342,7.47104,0.836199,2.49319,0.0780126,-0.0647539,2.13823,-3.00955,1.92508,0.184154,0.908282,0.0516331
1723174,1,-2.75262,-1.32534,1.01104,-1.94698,1.10108,1.16772,2.20138,-2.75266,-1.32422,1.00895,-1.94565,1.10136,1.16858,2.20139,0.000949331,0.000297307,-0.000966987,0.000834914,0.000447112,0.000246312,-0.000416934,0,0,0,0,0,0,0,-0.204456,26.7144,-24.562,7.44724,0.819719,2.48678,0.0844213,-0.0653069,2.13367,-3.00132,1.92557,0.184218,0.907782,0.0517393
1723175,1,-2.75262,-1.32534,1.01103,-1.94698,1.10108,1.16772,2.20139,-2.75266,-1.32422,1.00895,-1.94565,1.10136,1.16858,2.20139,-1.67299e-05,-0.000358607,-0.00141026,0.00111342,0.000535434,-7.31506e-05,0.00067148,0,0,0,0,0,0,0,-0.176685,26.7383,-24.5342,7.42344,0.81331,2.49319,0.0587866,-0.0676177,2.13087,-2.9947,1.92467,0.184165,0.907366,0.051936
1723176,1,-2.75262,-1.32534,1.01104,-1.94698,1.10108,1.16772,2.20138,-2.75266,-1.32422,1.00895,-1.94565,1.10136,1.16858,2.20139,0.00119527,0.000967354,0.000179264,0.000742281,-0.000287304,-0.000286126,-0.0009765,0,0,0,0,0,0,0,-0.22826,26.6867,-24.5858,7.42344,0.830705,2.4996,0.0972387,-0.0709711,2.12989,-2.99026,1.92283,0.184028,0.907069,0.0522107
1723177,1,-2.75262,-1.32534,1.01104,-1.94698,1.10108,1.16772,2.20138,-2.75266,-1.32422,1.00895,-1.94565,1.10136,1.16858,2.20139,0.000240033,-0.000561523,-0.00115216,0.000494854,-0.000191536,-0.000190751,-0.000413641,0,0,0,0,0,0,0,-0.204456,26.7383,-24.5342,7.42344,0.830705,2.4996,0.09083,-0.074801,2.13016,-2.98777,1.92067,0.183855,0.906906,0.0525493
1723178,1,-2.75262,-1.32534,1.01104,-1.94698,1.10108,1.16772,2.20138,-2.75266,-1.32422,1.00895,-1.94565,1.10136,1.16858,2.20139,0.000716832,-0.000374349,-0.000817038,-0.000226909,-0.000127691,0.000347551,-3.84019e-05,0,0,0,0,0,0,0,-0.22826,26.7383,-24.5342,7.44724,0.830705,2.48678,0.0844213,-0.0785775,2.13134,-2.98648,1.91869,0.183712,0.906832,0.052954
1723179,1,-2.75262,-1.32534,1.01103,-1.94698,1.10108,1.16772,2.20138,-2.75266,-1.32422,1.00895,-1.94565,1.10136,1.16858,2.20139,0.00168431,0.000307246,-0.0011382,-0.000151273,0.000118323,0.000469059,0.000211758,0,0,0,0,0,0,0,-0.279835,26.7144,-24.5104,7.44724,0.825212,2.48037,0.0780126,-0.0825496,2.13289,-2.98545,1.91693,0.183612,0.906797,0.0534278
1723180,1,-2.75262,-1.32534,1.01104,-1.94698,1.10108,1.16772,2.20138,-2.75266,-1.32422,1.00895,-1.94565,1.10136,1.16858,2.20139,0.00047326,-0.0010016,-0.000229514,0.000455963,-0.000328019,7.53474e-05,-9.61872e-05,0,0,0,0,0,0,0,-0.252064,26.766,-24.5342,7.42344,0.836199,2.48678,0.0844213,-0.0873177,2.13489,-2.98465,1.91498,0.183512,0.906795,0.0539573
1723181,1,-2.75261,-1.32534,1.01104,-1.94698,1.10108,1.16772,2.20138,-2.75266,-1.32422,1.00895,-1.94565,1.10136,1.16858,2.20139,0.00152193,-1.81161e-05,-0.000173652,0.000303976,0.000391672,5.02316e-05,-0.000301484,0,0,0,0,0,0,0,-0.303639,26.7383,-24.5342,7.42344,0.819719,2.48678,0.09083,-0.0927552,2.13804,-2.98488,1.91257,0.183396,0.906838,0.0545254
1723182,1,-2.75262,-1.32534,1.01103,-1.94698,1.10108,1.16772,2.20138,-2.75266,-1.32422,1.00895,-1.94565,1.10136,1.16858,2.20139,-0.000191805,0.000544735,-0.000131251,0.00140908,-0.000349237,-0.00044123,0.000273729,0,0,0,0,0,0,0,-0.252064,26.7144,-24.5342,7.37186,0.836199,2.4996,0.0780126,-0.0980729,2.14138,-2.98574,1.90998,0.183267,0.906886,0.0551271
1723183,1,-2.75262,-1.32534,1.01103,-1.94698,1.10108,1.16772,2.20138,-2.75266,-1.32422,1.00895,-1.94565,1.10136,1.16858,2.20139,-0.00012787,-0.00140008,-9.91122e-05,-0.000267042,0.000174077,-0.000294153,-5.48731e-05,0,0,0,0,0,0,0,-0.252064,26.7898,-24.5342,7.42344,0.825212,2.4996,0.0844213,-0.101829,2.14413,-2.98685,1.90798,0.183186,0.906902,0.0557582
1723184,1,-2.75262,-1.32534,1.01103,-1.94698,1.10108,1.16772,2.20138,-2.75266,-1.32422,1.00895,-1.94565,1.10136,1.16858,2.20139,-0.000642059,0.00082985,-0.000631596,0.000378784,-8.73994e-05,-0.000196102,-3.65821e-05,0,0,0,0,0,0,0,-0.22826,26.7144,-24.5104,7.39963,0.830705,2.4996,0.0844213,-0.103157,2.14605,-2.98803,1.90725,0.183225,0.906891,0.0564073
1723185,1,-2.75261,-1.32534,1.01104,-1.94697,1.10108,1.16772,2.20138,-2.75266,-1.32422,1.00895,-1.94565,1.10136,1.16858,2.20139,-0.00042804,-3.57849e-06,0.00133564,0.000902137,-5.82663e-05,-0.000368094,-0.000499106,0,0,0,0,0,0,0,-0.22826,26.7383,-24.5858,7.37186,0.830705,2.50601,0.0972387,-0.102436,2.1467,-2.98903,1.90759,0.183349,0.906865,0.057068
1723186,1,-2.75261,-1.32534,1.01104,-1.94697,1.10108,1.16772,2.20139,-2.75266,-1.32422,1.00895,-1.94565,1.10136,1.16858,2.20139,0.00147788,-2.38566e-06,0.000328718,-4.81895e-05,0.000164606,0.000229322,0.00109142,0,0,0,0,0,0,0,-0.303639,26.7383,-24.562,7.39963,0.825212,2.49319,0.0587866,-0.102076,2.14755,-2.99061,1.90766,0.183449,0.906913,0.0577389
1723187,1,-2.75261,-1.32534,1.01103,-1.94697,1.10108,1.16772,2.20138,-2.75266,-1.32422,1.00895,-1.94565,1.10136,1.16858,2.20139,-0.000221174,-0.000651204,-0.00154777,0.000617488,-9.3713e-05,-8.44776e-05,-0.000459184,0,0,0,0,0,0,0,-0.252064,26.766,-24.4866,7.37186,0.830705,2.4996,0.09083,-0.103869,2.14911,-2.99172,1.90662,0.183484,0.906989,0.058407
1723188,1,-2.75261,-1.32534,1.01103,-1.94697,1.10108,1.16772,2.20139,-2.75266,-1.32422,1.00895,-1.94565,1.10136,1.16858,2.20139,0.00161579,0.000215478,7.90239e-05,0.000411658,0.000140975,0.000418399,0.000880672,0,0,0,0,0,0,0,-0.327442,26.7383,-24.5342,7.37186,0.825212,2.48678,0.0587866,-0.107448,2.15047,-2.99099,1.90462,0.183465,0.906985,0.0590525
1723189,1,-2.75261,-1.32534,1.01104,-1.94697,1.10108,1.16772,2.20139,-2.75266,-1.32422,1.00895,-1.94565,1.10136,1.16858,2.20139,0.00052038,-0.00106277,0.00070023,-0.000375175,9.39835e-05,0.000278933,0.0013331,0,0,0,0,0,0,0,-0.303639,26.7898,-24.562,7.39963,0.825212,2.48678,0.038645,-0.11245,2.15242,-2.99007,1.90193,0.183406,0.907003,0.0596654
1723190,1,-2.7526,-1.32534,1.01103,-1.94697,1.10108,1.16772,2.20138,-2.75266,-1.32422,1.00895,-1.94565,1.10136,1.16858,2.20139,0.00537489,0.00049791,-0.000184344,0.000399497,0.000706916,0.000185955,-0.00033197,0,0,0,0,0,0,0,-0.379017,26.7383,-24.5342,7.37186,0.807817,2.48678,0.071604,-0.120797,2.15608,-2.98981,1.89776,0.183236,0.907134,0.0602184
1723191,1,-2.75261,-1.32534,1.01104,-1.94697,1.10108,1.16772,2.20139,-2.75266,-1.32422,1.00895,-1.94565,1.10136,1.16858,2.20139,0.00209208,0.00033194,0.00108237,0.000823143,3.04676e-05,0.00012397,0.000490764,0,0,0,0,0,0,0,-0.303639,26.7383,-24.5858,7.34806,0.819719,2.48678,0.0523779,-0.134159,2.16115,-2.98931,1.89119,0.182844,0.907335,0.0606832
1723192,1,-2.7526,-1.32535,1.01103,-1.94697,1.10108,1.16772,2.20139,-2.75266,-1.32422,1.00895,-1.94565,1.10136,1.16858,2.20139,0.00215558,-0.00154194,-0.000485719,-0.000657664,-0.00059004,8.26468e-05,0.000564535,0,0,0,0,0,0,0,-0.327442,26.8136,-24.5342,7.39963,0.836199,2.48678,0.0459692,-0.148762,2.16663,-2.98884,1.88399,0.182381,0.907535,0.0610623
1723193,1,-2.7526,-1.32534,1.01103,-1.94697,1.10108,1.16772,2.20139,-2.75266,-1.32422,1.00895,-1.94565,1.10136,1.16858,2.20139,0.00159009,0.000735275,-0.000881279,0.000211172,1.35412e-05,5.50979e-05,0.000647624,0,0,0,0,0,0,0,-0.327442,26.7383,-24.5104,7.37186,0.825212,2.48678,0.038645,-0.160792,2.17101,-2.98781,1.87821,0.182035,0.907627,0.0613573
1723194,1,-2.7526,-1.32535,1.01104,-1.94698,1.10108,1.16772,2.20139,-2.75266,-1.32422,1.00895,-1.94565,1.10136,1.16858,2.20139,6.12095e-05,-0.000159431,0.000618416,-0.00106564,0.000449837,-0.000200627,-0.000551595,0,0,0,0,0,0,0,-0.279835,26.766,-24.562,7.42344,0.81331,2.49319,0.0651953,-0.168454,2.17265,-2.98561,1.87489,0.18187,0.90757,0.061564
1723195,1,-2.7526,-1.32535,1.01104,-1.94697,1.10108,1.16772,2.20139,-2.75266,-1.32422,1.00895,-1.94565,1.10136,1.16858,2.20139,0.00189013,-0.00121991,0.00161834,0.000495996,0.000299891,-0.000133751,-0.000130371,0,0,0,0,0,0,0,-0.355213,26.8136,-24.6136,7.37186,0.81331,2.49319,0.0587866,-0.1723,2.17349,-2.98468,1.87354,0.181844,0.907521,0.0616877
1723196,1,-2.7526,-1.32535,1.01104,-1.94697,1.10108,1.16772,2.20139,-2.75266,-1.32422,1.00895,-1.94565,1.10136,1.16858,2.20139,0.000675031,-0.000813274,-0.000127811,0.000887476,-0.000240882,-8.91676e-05,0.00089643,0,0,0,0,0,0,0,-0.327442,26.8136,-24.562,7.34806,0.825212,2.49319,0.0322363,-0.175854,2.17622,-2.98591,1.87182,0.181792,0.907544,0.0617433
1723197,1,-2.7526,-1.32535,1.01103,-1.94697,1.10108,1.16772,2.20139,-2.75266,-1.32422,1.00895,-1.94565,1.10136,1.16858,2.20139,0.00170487,1.46293e-05,-0.000735028,-0.00117159,-0.000364038,-0.000296804,-0.000148365,0,0,0,0,0,0,0,-0.379017,26.7898,-24.5342,7.42344,0.830705,2.4996,0.0523779,-0.179525,2.17893,-2.98656,1.8698,0.181705,0.907498,0.0617407
1723198,1,-2.7526,-1.32535,1.01104,-1.94697,1.10108,1.16772,2.20139,-2.75266,-1.32422,1.00895,-1.94565,1.10136,1.16858,2.20139,0.00117289,9.75284e-06,0.00015944,-0.000224246,0.000164209,0.000276849,-0.000336269,0,0,0,0,0,0,0,-0.379017,26.7898,-24.562,7.39963,0.819719,2.48678,0.0587866,-0.182187,2.17956,-2.98526,1.86876,0.181671,0.90735,0.0616799
1723199,1,-2.7526,-1.32535,1.01103,-1.94697,1.10108,1.16772,2.20139,-2.75266,-1.32422,1.00895,-1.94565,1.10136,1.16858,2.20139,0.000809166,0.000563314,-0.00110025,0.00105693,-9.3978e-05,-5.27932e-05,0.000759165,0,0,0,0,0,0,0,-0.379017,26.766,-24.5104,7.34806,0.825212,2.49319,0.0322363,-0.184189,2.17848,-2.98246,1.86823,0.181648,0.907114,0.0615706
1723200,1,-2.7526,-1.32535,1.01103,-1.94697,1.10108,1.16772,2.20139,-2.75266,-1.32422,1.00895,-1.94565,1.10136,1.16858,2.20139,0.00111668,-0.000181269,-0.000733587,0.000704619,-6.2652e-05,-0.000272554,0.00050611,0,0,0,0,0,0,0,-0.402821,26.7898,-24.5104,7.34806,0.825212,2.4996,0.0322363,-0.186323,2.1764,-2.97824,1.86723,0.181571,0.906757,0.0614206
1723201,1,-2.7526,-1.32534,1.01104,-1.94697,1.10108,1.16772,2.20139,-2.75266,-1.32422,1.00895,-1.94565,1.10136,1.16858,2.20139,0.000202965,0.000435966,0.00127411,0.00102656,0.000161683,0.000293015,-0.000408579,0,0,0,0,0,0,0,-0.379017,26.766,-24.5858,7.32425,0.819719,2.48678,0.0523779,-0.188603,2.17452,-2.9742,1.86578,0.181456,0.906388,0.0612211
1723202,1,-2.7526,-1.32534,1.01104,-1.94697,1.10108,1.16772,2.20139,-2.75266,-1.32422,1.00895,-1.94565,1.10136,1.16858,2.20139,-0.000410012,0.000940258,0.000849361,-0.000429252,-0.000299113,0.000195343,-0.000272386,0,0,0,0,0,0,0,-0.355213,26.7383,-24.5858,7.37186,0.830705,2.48678,0.0523779,-0.189064,2.17278,-2.97205,1.8652,0.181406,0.906121,0.0609752
1723203,1,-2.75259,-1.32535,1.01104,-1.94697,1.10108,1.16772,2.20139,-2.75266,-1.32422,1.00895,-1.94565,1.10136,1.16858,2.20139,0.000292089,-2.27755e-05,9.39165e-06,0.000827456,4.04205e-06,-0.000344489,0.00103911,0,0,0,0,0,0,0,-0.379017,26.766,-24.562,7.32425,0.825212,2.4996,0.0194189,-0.187307,2.17046,-2.97106,1.86596,0.181464,0.905915,0.060701
1723204,1,-2.75259,-1.32534,1.01104,-1.94697,1.10108,1.16772,2.20139,-2.75266,-1.32422,1.00895,-1.94565,1.10136,1.16858,2.20139,0.000201189,0.00063443,-0.00064338,-5.17466e-06,2.6947e-06,-0.000229659,-0.000527961,0,0,0,0,0,0,0,-0.379017,26.7383,-24.5342,7.34806,0.825212,2.4996,0.0523779,-0.185551,2.16788,-2.96965,1.8668,0.18155,0.905689,0.0603994
1723205,1,-2.75259,-1.32534,1.01103,-1.94697,1.10108,1.16772,2.20139,-2.75266,-1.32422,1.00895,-1.94565,1.10136,1.16858,2.20139,0.0013454,-0.000783472,-0.000985753,0.000553362,-0.000201654,-0.000390465,-0.000351974,0,0,0,0,0,0,0,-0.430592,26.7898,-24.5104,7.32425,0.830705,2.50601,0.0523779,-0.185682,2.16566,-2.96714,1.86669,0.181594,0.90543,0.0600594
1723206,1,-2.75259,-1.32535,1.01104,-1.94697,1.10108,1.16772,2.20139,-2.75266,-1.32422,1.00895,-1.94565,1.10136,1.16858,2.20139,0.000250955,-0.000522315,0.000549242,0.000368908,-0.000134436,0.000214408,0.000273977,0,0,0,0,0,0,0,-0.402821,26.7898,-24.562,7.32425,0.830705,2.49319,0.038645,-0.188369,2.16509,-2.96466,1.86519,0.181577,0.905216,0.0596922
1723207,0.99,-2.7526,-1.32535,1.01104,-1.94697,1.10108,1.16772,2.20139,-2.75266,-1.32422,1.00895,-1.94565,1.10136,1.16858,2.20139,-0.000943594,0.000208602,0.000366149,0.000245939,-8.9624e-05,-0.000331779,0.000182651,0,0,0,0,0,0,0,-0.355213,26.766,-24.562,7.32425,0.830705,2.50601,0.038645,-0.191187,2.16576,-2.96353,1.86347,0.181583,0.905099,0.0593202
1723208,0.99,-2.75259,-1.32535,1.01104,-1.94697,1.10108,1.16772,2.20139,-2.75266,-1.32422,1.00895,-1.94565,1.10136,1.16858,2.20139,0.000486606,-0.000417744,0.000244091,-0.000392853,0.000347152,0.000490891,-0.0001495,0,0,0,0,0,0,0,-0.402821,26.7898,-24.562,7.34806,0.819719,2.48678,0.0459692,-0.192295,2.16622,-2.96341,1.86269,0.181683,0.905051,0.0589474
1723209,0.99,-2.75259,-1.32535,1.01103,-1.94697,1.10108,1.16772,2.20139,-2.75266,-1.32422,1.00895,-1.94565,1.10136,1.16858,2.20139,0.000975552,-0.000835308,-0.000486893,-0.00146833,-0.000582368,-0.000384816,0.000646319,0,0,0,0,0,0,0,-0.430592,26.8136,-24.5342,7.39963,0.841692,2.50601,0.0258276,-0.193584,2.16683,-2.96344,1.86226,0.181837,0.905068,0.0585678
1723210,0.99,-2.75259,-1.32535,1.01104,-1.94697,1.10108,1.16772,2.20139,-2.75266,-1.32422,1.00895,-1.94565,1.10136,1.16858,2.20139,0.000651518,-5.999e-08,0.000325014,-0.000329271,-0.000388245,-1.91854e-05,-4.38388e-05,0,0,0,0,0,0,0,-0.430592,26.7898,-24.562,7.37186,0.841692,2.4996,0.038645,-0.19621,2.16788,-2.96326,1.86171,0.182007,0.905147,0.0581767
1723211,0.99,-2.75259,-1.32534,1.01104,-1.94697,1.10108,1.16772,2.20139,-2.75266,-1.32422,1.00895,-1.94565,1.10136,1.16858,2.20139,-0.000771218,0.00120639,0.000773484,-0.000219514,0.000351522,0.000461928,-0.000775211,0,0,0,0,0,0,0,-0.379017,26.7383,-24.5858,7.37186,0.825212,2.48678,0.0587866,-0.198535,2.1682,-2.96291,1.8615,0.1822,0.905239,0.0577711
1723212,0.99,-2.75259,-1.32535,1.01104,-1.94697,1.10108,1.16772,2.20139,-2.75266,-1.32422,1.00895,-1.94565,1.10136,1.16858,2.20139,-0.000513498,-0.000958981,0.00116527,0.000967281,0.000234348,7.05928e-05,-0.000279448,0,0,0,0,0,0,0,-0.379017,26.8136,-24.6136,7.32425,0.825212,2.49319,0.0523779,-0.199519,2.16792,-2.96317,1.86161,0.182407,0.905323,0.0573607
1723213,0.99,-2.75259,-1.32534,1.01104,-1.94697,1.10108,1.16772,2.20139,-2.75266,-1.32422,1.00895,-1.94565,1.10136,1.16858,2.20139,0.000214965,0.000474304,0.000127229,-0.00111838,0.000156232,-0.000190297,0.000559686,0,0,0,0,0,0,0,-0.402821,26.766,-24.5858,7.39963,0.825212,2.4996,0.0322363,-0.200441,2.1683,-2.96428,1.86138,0.182592,0.905416,0.0569659
1723214,0.99,-2.75258,-1.32534,1.01104,-1.94697,1.10108,1.16772,2.20139,-2.75266,-1.32422,1.00895,-1.94565,1.10136,1.16858,2.20139,0.000793288,-0.00024061,0.000734432,-9.59752e-05,-9.9296e-05,-0.000126865,0.000373124,0,0,0,0,0,0,0,-0.430592,26.7898,-24.6136,7.37186,0.830705,2.4996,0.0322363,-0.202485,2.16903,-2.96527,1.86075,0.182746,0.905518,0.056593
1723215,0.99,-2.75259,-1.32535,1.01104,-1.94696,1.10108,1.16772,2.20139,-2.75266,-1.32422,1.00895,-1.94565,1.10136,1.16858,2.20139,-0.000677294,-0.000160406,0.00048962,0.00104964,0.000340704,-8.45765e-05,-0.000734595,0,0,0,0,0,0,0,-0.379017,26.7898,-24.6136,7.32425,0.819719,2.4996,0.0587866,-0.205925,2.1702,-2.96606,1.85938,0.182832,0.905613,0.0562251
1723216,0.99,-2.75259,-1.32535,1.01104,-1.94697,1.10108,1.16772,2.20139,-2.75266,-1.32422,1.00895,-1.94565,1.10136,1.16858,2.20139,0.000105487,-0.000106938,-0.000880014,-0.00106348,-0.000383216,-5.63843e-05,0.000493614,0,0,0,0,0,0,0,-0.402821,26.7898,-24.562,7.39963,0.836199,2.4996,0.0322363,-0.209723,2.17134,-2.96628,1.85757,0.182876,0.905644,0.0558557
1723217,0.99,-2.75259,-1.32535,1.01104,-1.94697,1.10108,1.16772,2.20139,-2.75266,-1.32422,1.00895,-1.94565,1.10136,1.16858,2.20139,7.04784e-05,-0.000628104,-2.98644e-05,-5.93711e-05,-5.20267e-05,-3.75895e-05,-0.00017955,0,0,0,0,0,0,0,-0.402821,26.8136,-24.5858,7.37186,0.830705,2.4996,0.0459692,-0.213279,2.17171,-2.96526,1.8561,0.182947,0.9056,0.0554937
1723218,0.99,-2.75259,-1.32535,1.01104,-1.94697,1.10108,1.16772,2.20139,-2.75266,-1.32422,1.00895,-1.94565,1.10136,1.16858,2.20139,4.71008e-05,-0.00106835,0.000629704,-0.000689195,0.000372217,0.000449658,0.000863644,0,0,0,0,0,0,0,-0.402821,26.8414,-24.6136,7.39963,0.819719,2.48678,0.0194189,-0.217295,2.17273,-2.96443,1.8546,0.183024,0.905579,0.0551374
1723219,0.99,-2.75259,-1.32535,1.01104,-1.94697,1.10108,1.16772,2.20138,-2.75266,-1.32422,1.00895,-1.94565,1.10136,1.16858,2.20139,3.14869e-05,-6.26192e-05,0.000976614,-0.00157309,0.000248144,6.24132e-05,-0.00159438,0,0,0,0,0,0,0,-0.402821,26.8136,-24.6374,7.44724,0.819719,2.49319,0.0780126,-0.221226,2.17478,-2.96501,1.85339,0.183122,0.905656,0.0547798
1723220,0.99,-2.75259,-1.32535,1.01104,-1.94697,1.10108,1.16772,2.20139,-2.75266,-1.32422,1.00895,-1.94565,1.10136,1.16858,2.20139,-0.000535756,-4.17461e-05,-0.00055535,0.000714513,-0.000241471,4.16088e-05,0.000123877,0,0,0,0,0,0,0,-0.379017,26.8136,-24.5858,7.37186,0.830705,2.49319,0.0459692,-0.224324,2.17639,-2.96589,1.85289,0.183239,0.905747,0.0544269
1723221,0.99,-2.75259,-1.32535,1.01104,-1.94697,1.10108,1.16772,2.20139,-2.75266,-1.32422,1.00895,-1.94565,1.10136,1.16858,2.20139,0.00019969,0.000528981,0.00027938,0.000476342,0.00024592,2.77392e-05,8.25849e-05,0,0,0,0,0,0,0,-0.402821,26.7898,-24.6136,7.37186,0.819719,2.49319,0.0459692,-0.227483,2.17697,-2.96559,1.85209,0.183279,0.905723,0.0541012
1723222,0.99,-2.75259,-1.32535,1.01104,-1.94697,1.10108,1.16772,2.20138,-2.75266,-1.32422,1.00895,-1.94565,1.10136,1.16858,2.20139,0.000133163,-0.000853772,-0.000463361,0.000317561,-0.000242954,-0.000218866,-0.00184381,0,0,0,0,0,0,0,-0.402821,26.8414,-24.5858,7.37186,0.830705,2.4996,0.0972387,-0.231844,2.17746,-2.96445,1.85027,0.183205,0.905616,0.0538111
1723223,0.99,-2.75259,-1.32535,1.01104,-1.94697,1.10108,1.16772,2.20138,-2.75266,-1.32422,1.00895,-1.94565,1.10136,1.16858,2.20139,-0.00102482,8.04328e-05,0.000340707,-0.000437906,4.1481e-05,-0.000145911,-0.000279774,0,0,0,0,0,0,0,-0.355213,26.8136,-24.6136,7.39963,0.825212,2.4996,0.071604,-0.236362,2.17829,-2.96337,1.84831,0.18311,0.905498,0.0535712
1723224,0.99,-2.75259,-1.32535,1.01104,-1.94697,1.10108,1.16772,2.20138,-2.75266,-1.32422,1.00895,-1.94565,1.10136,1.16858,2.20139,-0.000126382,5.36218e-05,0.000227138,0.000357676,2.7654e-05,-0.000334633,-0.000423875,0,0,0,0,0,0,0,-0.379017,26.8136,-24.6136,7.37186,0.825212,2.50601,0.0780126,-0.239553,2.17884,-2.9627,1.84715,0.183065,0.905397,0.0534204
1723225,0.99,-2.75259,-1.32535,1.01104,-1.94697,1.10108,1.16772,2.20139,-2.75266,-1.32422,1.00895,-1.94565,1.10136,1.16858,2.20139,-8.42391e-05,3.57479e-05,-0.000498189,-0.000411163,-0.000388465,1.42704e-05,0.000429493,0,0,0,0,0,0,0,-0.379017,26.8136,-24.5858,7.39963,0.836199,2.4996,0.0587866,-0.242272,2.17902,-2.96199,1.84634,0.183035,0.90531,0.0533729
1723226,0.99,-2.75258,-1.32535,1.01104,-1.94697,1.10108,1.16772,2.20138,-2.75266,-1.32422,1.00895,-1.94565,1.10136,1.16858,2.20139,0.00115028,2.38319e-05,0.000317488,-0.00138773,-5.55262e-05,-0.000227845,-0.000900466,0,0,0,0,0,0,0,-0.430592,26.8136,-24.6136,7.44724,0.830705,2.50601,0.09083,-0.245686,2.17915,-2.96097,1.84558,0.183006,0.905264,0.0534151
1723227,0.99,-2.75259,-1.32535,1.01104,-1.94697,1.10108,1.16772,2.20138,-2.75266,-1.32422,1.00895,-1.94565,1.10136,1.16858,2.20139,0.000117247,0.0005727,0.000768471,0.000188469,-3.70175e-05,0.000322821,-0.00060031,0,0,0,0,0,0,0,-0.402821,26.7898,-24.6374,7.39963,0.830705,2.49319,0.09083,-0.249935,2.17962,-2.96031,1.84486,0.182979,0.905311,0.0535365
1723228,0.99,-2.75259,-1.32535,1.01104,-1.94697,1.10108,1.16772,2.20138,-2.75266,-1.32422,1.00895,-1.94565,1.10136,1.16858,2.20139,-0.000478641,-0.000175012,-4.44983e-05,0.000125646,-2.46783e-05,-0.000496863,-0.00111228,0,0,0,0,0,0,0,-0.379017,26.8136,-24.6136,7.39963,0.830705,2.51242,0.110056,-0.254242,2.18042,-2.9603,1.84401,0.182939,0.905406,0.0537432
1723229,0.99,-2.75259,-1.32535,1.01104,-1.94697,1.10108,1.16772,2.20138,-2.75266,-1.32422,1.00895,-1.94565,1.10136,1.16858,2.20139,-0.000319089,-0.000116675,-2.96655e-05,8.37639e-05,-1.64522e-05,0.000380835,-0.000741523,0,0,0,0,0,0,0,-0.379017,26.8136,-24.6136,7.39963,0.830705,2.49319,0.110056,-0.257864,2.18131,-2.96045,1.84315,0.182908,0.905473,0.0540517
1723230,0.99,-2.75259,-1.32535,1.01104,-1.94697,1.10108,1.16772,2.20138,-2.75266,-1.32422,1.00895,-1.94565,1.10136,1.16858,2.20139,-0.000769534,-0.000727397,0.000537035,5.58426e-05,0.000192482,0.00025389,0.000692446,0,0,0,0,0,0,0,-0.355213,26.8414,-24.6374,7.39963,0.825212,2.49319,0.0780126,-0.260838,2.18264,-2.96093,1.84236,0.182905,0.905523,0.0544784
1723231,0.99,-2.75259,-1.32535,1.01104,-1.94697,1.10108,1.16772,2.20138,-2.75266,-1.32422,1.00895,-1.94565,1.10136,1.16858,2.20139,4.37918e-05,-0.00104174,0.000358023,0.00124365,-7.51289e-05,-6.8099e-05,0.000461631,0,0,0,0,0,0,0,-0.379017,26.8652,-24.6374,7.34806,0.830705,2.4996,0.0780126,-0.264141,2.18539,-2.96245,1.84098,0.182883,0.905598,0.0550159
1723232,0.99,-2.75259,-1.32535,1.01105,-1.94697,1.10108,1.16772,2.20138,-2.75266,-1.32422,1.00895,-1.94565,1.10136,1.16858,2.20139,0.000586009,-0.000137684,0.00200192,-0.000377323,0.000153365,-4.53993e-05,-0.000879041,0,0,0,0,0,0,0,-0.402821,26.8414,-24.7128,7.39963,0.825212,2.4996,0.110056,-0.268936,2.19007,-2.96542,1.83852,0.18279,0.905757,0.0556276
1723233,0.99,-2.75259,-1.32535,1.01104,-1.94697,1.10108,1.16772,2.20138,-2.75266,-1.32422,1.00895,-1.94565,1.10136,1.16858,2.20139,-0.00072295,0.000557825,-0.00163505,-0.000251549,-0.000101207,-3.02662e-05,0.000363409,0,0,0,0,0,0,0,-0.355213,26.8136,-24.5858,7.39963,0.830705,2.4996,0.0844213,-0.273677,2.19422,-2.96825,1.83638,0.182706,0.905937,0.0562925
1723234,0.99,-2.75259,-1.32535,1.01104,-1.94696,1.10108,1.16772,2.20138,-2.75266,-1.32422,1.00895,-1.94565,1.10136,1.16858,2.20139,-0.000481966,0.000371883,0.000116392,0.00224515,0.000780239,-0.000257536,-0.000232445,0,0,0,0,0,0,0,-0.355213,26.8136,-24.6374,7.29648,0.807817,2.50601,0.0972387,-0.277011,2.1956,-2.96859,1.83503,0.182652,0.905951,0.0570061
1723235,0.99,-2.75259,-1.32535,1.01104,-1.94697,1.10108,1.16772,2.20138,-2.75266,-1.32422,1.00895,-1.94565,1.10136,1.16858,2.20139,-0.000321309,0.000804734,-0.00112883,0.000290343,-0.000124101,0.000303027,-0.000154964,0,0,0,0,0,0,0,-0.355213,26.7898,-24.5858,7.34806,0.825212,2.49319,0.0972387,-0.279895,2.1951,-2.96673,1.83344,0.182545,0.905795,0.0577556
1723236,0.99,-2.75259,-1.32535,1.01104,-1.94697,1.10108,1.16772,2.20138,-2.75266,-1.32422,1.00895,-1.94565,1.10136,1.16858,2.20139,-0.000214206,0.000536489,0.000453872,-0.00036325,-0.000286184,-3.5341e-05,-0.000578027,0,0,0,0,0,0,0,-0.355213,26.7898,-24.6374,7.37186,0.830705,2.4996,0.110056,-0.282101,2.19349,-2.9641,1.83225,0.182443,0.905604,0.0585345
1723237,0.99,-2.75259,-1.32535,1.01104,-1.94697,1.10108,1.16772,2.20138,-2.75266,-1.32422,1.00895,-1.94565,1.10136,1.16858,2.20139,0.000414009,0.00035766,-0.000254231,-0.000242167,-0.00019079,-0.00026092,0.000564084,0,0,0,0,0,0,0,-0.379017,26.7898,-24.6136,7.37186,0.830705,2.50601,0.0844213,-0.283597,2.19159,-2.9619,1.83192,0.182405,0.905492,0.0593468
1723238,0.99,-2.75259,-1.32535,1.01104,-1.94697,1.10108,1.16772,2.20138,-2.75266,-1.32422,1.00895,-1.94565,1.10136,1.16858,2.20139,-0.00093042,-0.000967986,-0.000169487,-0.00136787,7.62575e-05,6.34125e-05,-9.86616e-05,0,0,0,0,0,0,0,-0.327442,26.8414,-24.6136,7.42344,0.825212,2.4996,0.0972387,-0.284735,2.19049,-2.96079,1.83216,0.182436,0.905485,0.0601874
1723239,0.99,-2.75259,-1.32535,1.01104,-1.94697,1.10108,1.16772,2.20139,-2.75266,-1.32422,1.00895,-1.94565,1.10136,1.16858,2.20139,-0.00062028,0.000561102,0.000443821,-0.000911914,-0.000152612,0.000516993,0.000883661,0,0,0,0,0,0,0,-0.327442,26.7898,-24.6374,7.42344,0.830705,2.48678,0.071604,-0.284383,2.18994,-2.96081,1.83348,0.182581,0.905551,0.0610406
1723240,0.99,-2.75259,-1.32535,1.01104,-1.94697,1.10108,1.16772,2.20138,-2.75266,-1.32422,1.00895,-1.94565,1.10136,1.16858,2.20139,-0.00041352,0.000374068,0.00029588,-0.000607942,0.00030516,0.000107303,-0.00107241,0,0,0,0,0,0,0,-0.327442,26.7898,-24.6374,7.42344,0.819719,2.49319,0.116465,-0.282631,2.18924,-2.96162,1.83567,0.182793,0.905659,0.0618875
1723241,0.99,-2.75259,-1.32535,1.01104,-1.94697,1.10108,1.16772,2.20138,-2.75266,-1.32422,1.00895,-1.94565,1.10136,1.16858,2.20139,-0.0013893,-0.000307433,0.000754066,0.000801131,-1.08059e-08,-0.000165824,0.000709217,0,0,0,0,0,0,0,-0.279835,26.8136,-24.6612,7.37186,0.825212,2.4996,0.0780126,-0.280794,2.18893,-2.96312,1.83755,0.182963,0.905773,0.0627165
1723242,0.99,-2.75259,-1.32535,1.01104,-1.94697,1.10108,1.16772,2.20138,-2.75266,-1.32422,1.00895,-1.94565,1.10136,1.16858,2.20139,0.000187422,-0.00085457,-5.41016e-05,-0.00122915,-0.000203458,0.00012681,0.00071017,0,0,0,0,0,0,0,-0.327442,26.8414,-24.6374,7.44724,0.830705,2.49319,0.071604,-0.279824,2.19008,-2.96554,1.83846,0.183062,0.905896,0.0635278
1723243,0.99,-2.75259,-1.32535,1.01105,-1.94697,1.10108,1.16772,2.20139,-2.75266,-1.32422,1.00895,-1.94565,1.10136,1.16858,2.20139,-0.000431864,0.000636713,0.00117036,-0.000262622,0.000271263,-0.000627537,0.000948165,0,0,0,0,0,0,0,-0.303639,26.7898,-24.689,7.42344,0.819719,2.51242,0.0587866,-0.279996,2.19229,-2.96846,1.83877,0.183114,0.906053,0.0643083
1723244,0.99,-2.75259,-1.32535,1.01104,-1.94697,1.10108,1.16772,2.20138,-2.75266,-1.32422,1.00895,-1.94565,1.10136,1.16858,2.20139,-0.000287909,0.000424475,-0.00218942,0.000381731,-0.000226059,-0.000418358,-0.0010294,0,0,0,0,0,0,0,-0.303639,26.7898,-24.562,7.39963,0.830705,2.51242,0.103647,-0.280846,2.19369,-2.97017,1.83878,0.183114,0.906155,0.0650277
1723245,0.99,-2.75259,-1.32535,1.01104,-1.94697,1.10108,1.16772,2.20139,-2.75266,-1.32422,1.00895,-1.94565,1.10136,1.16858,2.20139,-0.000191939,0.000282984,0.000860433,-0.000302325,-0.000150706,-0.000278905,0.0012126,0,0,0,0,0,0,0,-0.303639,26.7898,-24.6612,7.42344,0.830705,2.51242,0.0523779,-0.282219,2.19371,-2.96978,1.83835,0.18305,0.906141,0.0656747
1723246,0.99,-2.75259,-1.32534,1.01105,-1.94697,1.10108,1.16772,2.20139,-2.75266,-1.32422,1.00895,-1.94565,1.10136,1.16858,2.20139,-0.00012796,0.00139508,0.000573622,-0.000758362,0.00010298,0.00052614,0.00131703,0,0,0,0,0,0,0,-0.303639,26.7383,-24.6612,7.44724,0.825212,2.49319,0.038645,-0.283493,2.19324,-2.96924,1.83805,0.182979,0.906156,0.0662598
1723247,0.99,-2.75259,-1.32535,1.01104,-1.94697,1.10108,1.16772,2.20139,-2.75266,-1.32422,1.00895,-1.94565,1.10136,1.16858,2.20139,-8.53064e-05,0.00028044,-0.000174397,-0.000505575,0.000272104,0.000113401,0.000878019,0,0,0,0,0,0,0,-0.303639,26.766,-24.6374,7.44724,0.819719,2.4996,0.038645,-0.284148,2.19236,-2.96924,1.83835,0.182936,0.906244,0.0667625
1723248,0.99,-2.75259,-1.32535,1.01105,-1.94697,1.10108,1.16772,2.20139,-2.75266,-1.32422,1.00895,-1.94565,1.10136,1.16858,2.20139,-5.68709e-05,-0.000369852,0.000440547,0.000219762,-0.000428949,-0.000399117,0.000314079,0,0,0,0,0,0,0,-0.303639,26.7898,-24.6612,7.42344,0.836199,2.51242,0.0459692,-0.285251,2.19204,-2.96954,1.83837,0.182876,0.906358,0.0671389
1723249,0.99,-2.7526,-1.32535,1.01105,-1.94697,1.10108,1.16772,2.20139,-2.75266,-1.32422,1.00895,-1.94565,1.10136,1.16858,2.20139,-0.00124434,-0.00080338,0.000293698,0.000146508,0.000324385,0.00020864,0.000718012,0,0,0,0,0,0,0,-0.252064,26.8136,-24.6612,7.42344,0.819719,2.4996,0.0322363,-0.287008,2.19358,-2.97104,1.83763,0.182782,0.906514,0.0673703
1723250,0.99,-2.7526,-1.32535,1.01104,-1.94697,1.10108,1.16772,2.20139,-2.75266,-1.32422,1.00895,-1.94565,1.10136,1.16858,2.20139,-0.00138637,-0.000535586,-0.000917825,-0.00045914,0.000216257,0.000139093,-0.00050467,0,0,0,0,0,0,0,-0.22826,26.8136,-24.6136,7.44724,0.819719,2.4996,0.0587866,-0.287713,2.19584,-2.97312,1.83707,0.182726,0.906653,0.0674599
1723251,0.99,-2.7526,-1.32534,1.01105,-1.94697,1.10108,1.16772,2.20139,-2.75266,-1.32422,1.00895,-1.94565,1.10136,1.16858,2.20139,-0.000924248,0.00140618,0.00115135,-0.000306093,-5.92792e-05,-0.00014463,0.000884257,0,0,0,0,0,0,0,-0.22826,26.7383,-24.689,7.44724,0.825212,2.50601,0.0258276,-0.286275,2.19684,-2.97471,1.83768,0.182746,0.906739,0.0674267
1723252,0.99,-2.7526,-1.32535,1.01104,-1.94697,1.10108,1.16772,2.20139,-2.75266,-1.32422,1.00895,-1.94565,1.10136,1.16858,2.20139,-0.000616165,0.00028784,0.000117956,0.00035275,-0.000446421,-0.000333779,0.000114787,0,0,0,0,0,0,0,-0.22826,26.766,-24.6612,7.42344,0.836199,2.51242,0.038645,-0.283713,2.19644,-2.97606,1.83902,0.182776,0.906831,0.0672924
1723253,0.99,-2.7526,-1.32534,1.01105,-1.94697,1.10108,1.16772,2.20139,-2.75266,-1.32422,1.00895,-1.94565,1.10136,1.16858,2.20139,0.000146035,0.000841507,0.000728251,-0.000321645,-9.41631e-05,1.48396e-05,0.000551242,0,0,0,0,0,0,0,-0.252064,26.7383,-24.689,7.44724,0.830705,2.50601,0.0258276,-0.28197,2.19591,-2.97746,1.83995,0.182748,0.906965,0.0670594
1723254,0.99,-2.7526,-1.32534,1.01104,-1.94697,1.10108,1.16772,2.20139,-2.75266,-1.32422,1.00895,-1.94565,1.10136,1.16858,2.20139,-0.000459455,0.000561005,-0.000720925,0.000342382,-6.27754e-05,9.89305e-06,0.000367495,0,0,0,0,0,0,0,-0.22826,26.7383,-24.6374,7.42344,0.830705,2.50601,0.0258276,-0.28161,2.1954,-2.97833,1.84016,0.182663,0.907107,0.0667275
1723255,0.99,-2.7526,-1.32534,1.01105,-1.94697,1.10108,1.16772,2.20139,-2.75266,-1.32422,1.00895,-1.94565,1.10136,1.16858,2.20139,0.000250508,0.000374003,7.61952e-05,-0.000328558,0.0001616,-0.000230764,-0.000738348,0,0,0,0,0,0,0,-0.252064,26.7383,-24.6612,7.44724,0.825212,2.51242,0.0523779,-0.282222,2.19467,-2.97831,1.83987,0.182548,0.907221,0.0663001
1723256,0.99,-2.7526,-1.32535,1.01104,-1.94698,1.10108,1.16772,2.20139,-2.75266,-1.32422,1.00895,-1.94565,1.10136,1.16858,2.20139,-0.00215304,-0.000957091,-0.000506015,-0.00077585,-9.5717e-05,8.35166e-05,0.000491112,0,0,0,0,0,0,0,-0.152882,26.7898,-24.6374,7.47104,0.830705,2.50601,0.0258276,-0.282366,2.19411,-2.97824,1.83983,0.182483,0.907333,0.0657935
1723257,0.99,-2.7526,-1.32534,1.01104,-1.94698,1.10108,1.16772,2.20139,-2.75266,-1.32422,1.00895,-1.94565,1.10136,1.16858,2.20139,-0.000228937,-8.12484e-05,-0.000337343,-0.00116685,-0.000267262,5.56777e-05,-0.000418577,0,0,0,0,0,0,0,-0.204456,26.766,-24.6374,7.49881,0.836199,2.50601,0.0459692,-0.280587,2.19373,-2.9787,1.84095,0.18255,0.907464,0.0652344
1723258,0.99,-2.7526,-1.32534,1.01105,-1.94698,1.10108,1.16772,2.20139,-2.75266,-1.32422,1.00895,-1.94565,1.10136,1.16858,2.20139,0.000404187,0.00115226,0.00098153,-0.00133471,2.52759e-05,-0.00020024,0.000466934,0,0,0,0,0,0,0,-0.22826,26.7144,-24.689,7.52262,0.830705,2.51242,0.0258276,-0.278219,2.19321,-2.9795,1.84282,0.182681,0.907657,0.0646417
1723259,0.99,-2.7526,-1.32534,1.01104,-1.94698,1.10108,1.16772,2.20139,-2.75266,-1.32422,1.00895,-1.94565,1.10136,1.16858,2.20139,-0.000287354,0.000768174,-0.000552072,0.000316619,0.000423752,0.000103865,-0.000672055,0,0,0,0,0,0,0,-0.204456,26.7144,-24.6374,7.47104,0.819719,2.50601,0.0523779,-0.276754,2.19226,-2.98025,1.8445,0.182766,0.907909,0.064027
1723260,0.99,-2.7526,-1.32534,1.01105,-1.94698,1.10108,1.16772,2.20139,-2.75266,-1.32422,1.00895,-1.94565,1.10136,1.16858,2.20139,0.000365243,-4.46963e-05,0.000838378,-0.00155216,-0.0001244,6.92435e-05,-0.000448037,0,0,0,0,0,0,0,-0.22826,26.7383,-24.689,7.54642,0.830705,2.50601,0.0523779,-0.276213,2.19136,-2.98092,1.84563,0.182787,0.908173,0.0633979
1723261,0.99,-2.7526,-1.32534,1.01104,-1.94698,1.10108,1.16772,2.20139,-2.75266,-1.32422,1.00895,-1.94565,1.10136,1.16858,2.20139,-0.000962931,0.000527014,-0.00120432,-0.00103477,-8.29333e-05,-0.000191197,-6.13321e-05,0,0,0,0,0,0,0,-0.176685,26.7144,-24.6136,7.54642,0.830705,2.51242,0.0459692,-0.275514,2.19052,-2.98162,1.84701,0.182821,0.90844,0.0627756
1723262,0.99,-2.7526,-1.32534,1.01104,-1.94698,1.10108,1.16772,2.20139,-2.75266,-1.32422,1.00895,-1.94565,1.10136,1.16858,2.20139,-0.000641954,0.000351343,-0.000246068,0.00107339,-5.52889e-05,-0.000127464,0.000467738,0,0,0,0,0,0,0,-0.176685,26.7144,-24.6374,7.47104,0.830705,2.51242,0.0322363,-0.273972,2.18902,-2.98156,1.84871,0.182872,0.908624,0.0621798
1723263,0.99,-2.7526,-1.32534,1.01105,-1.94698,1.10108,1.16772,2.20138,-2.75266,-1.32422,1.00895,-1.94565,1.10136,1.16858,2.20139,-0.000427969,0.000234229,0.002156,0.000715593,0.000166591,-0.000322335,-0.00162095,0,0,0,0,0,0,0,-0.176685,26.7144,-24.7366,7.47104,0.825212,2.51882,0.0844213,-0.272904,2.18837,-2.98217,1.84941,0.18283,0.908796,0.0616095
1723264,0.99,-2.7526,-1.32534,1.01105,-1.94698,1.10108,1.16772,2.20139,-2.75266,-1.32422,1.00895,-1.94565,1.10136,1.16858,2.20139,-0.000285313,0.000156152,0.000880525,-0.000172552,-9.23897e-05,2.24688e-05,0.000343517,0,0,0,0,0,0,0,-0.176685,26.7144,-24.7128,7.49881,0.830705,2.51242,0.0459692,-0.27275,2.18989,-2.98539,1.84909,0.182702,0.909119,0.0610744
1723265,0.99,-2.7526,-1.32534,1.01105,-1.94698,1.10108,1.16772,2.20139,-2.75266,-1.32422,1.00895,-1.94565,1.10136,1.16858,2.20139,-0.000190209,-0.00045271,-0.00061941,-0.00122866,-6.15931e-05,1.49792e-05,0.000974997,0,0,0,0,0,0,0,-0.176685,26.7383,-24.6612,7.54642,0.830705,2.51242,0.0258276,-0.272587,2.19199,-2.9894,1.849,0.182601,0.909519,0.0605965
1723266,0.99,-2.75261,-1.32534,1.01105,-1.94698,1.10108,1.16772,2.20138,-2.75266,-1.32422,1.00895,-1.94565,1.10136,1.16858,2.20139,-0.000683618,0.000904619,0.0013503,-0.00702792,-0.000447963,0.000247345,-0.00104542,0,0,0,0,0,0,0,-0.152882,26.6867,-24.7366,7.54642,0.841692,2.50601,0.071604,-0.269485,2.192,-2.99263,1.85205,0.182757,0.909953,0.0601724
1723267,0.99,-2.7526,-1.32534,1.01105,-1.94698,1.10108,1.16772,2.20138,-2.75266,-1.32422,1.00895,-1.94565,1.10136,1.16858,2.20139,0.000101067,0.000603079,0.000343387,-0.00464587,-9.51916e-05,0.000639615,-0.00164638,0,0,0,0,0,0,0,-0.176685,26.6867,-24.7128,7.52262,0.836199,2.49319,0.0972387,-0.261119,2.18849,-2.99554,1.86042,0.183323,0.910494,0.0597917
1723268,0.99,-2.75261,-1.32534,1.01105,-1.94698,1.10108,1.16772,2.20138,-2.75266,-1.32422,1.00895,-1.94565,1.10136,1.16858,2.20139,-0.000489434,-0.000247561,0.000228925,-0.00292849,-6.3461e-05,-0.000285667,-0.000148154,0,0,0,0,0,0,0,-0.152882,26.7144,-24.7128,7.49881,0.836199,2.51242,0.071604,-0.250859,2.18343,-2.99815,1.87089,0.184055,0.911058,0.0594734
1723269,0.99,-2.75261,-1.32534,1.01105,-1.94698,1.10108,1.16772,2.20138,-2.75266,-1.32422,1.00895,-1.94565,1.10136,1.16858,2.20139,-0.000326289,0.000484573,-0.00105381,-0.00280017,-4.23074e-05,0.000284273,-0.00104821,0,0,0,0,0,0,0,-0.152882,26.6867,-24.6612,7.52262,0.836199,2.4996,0.0972387,-0.242211,2.1787,-2.99972,1.8798,0.184685,0.911485,0.0592462
1723270,0.99,-2.75261,-1.32534,1.01105,-1.94699,1.10108,1.16772,2.20138,-2.75266,-1.32422,1.00895,-1.94565,1.10136,1.16858,2.20139,-0.000217526,0.000323049,0.000503886,-0.00264187,0.000175246,-4.78435e-05,0.000250632,0,0,0,0,0,0,0,-0.152882,26.6867,-24.7128,7.54642,0.830705,2.50601,0.071604,-0.235412,2.17424,-3.00007,1.88671,0.185174,0.911753,0.0591256
1723271,0.99,-2.75261,-1.32534,1.01105,-1.94699,1.10108,1.16772,2.20138,-2.75266,-1.32422,1.00895,-1.94565,1.10136,1.16858,2.20139,-0.000794631,-0.00099106,0.000335924,-0.00192496,-0.000290071,-0.000506614,-0.000544989,0,0,0,0,0,0,0,-0.125111,26.7383,-24.7128,7.54642,0.841692,2.51882,0.09083,-0.230387,2.17119,-3.00086,1.89166,0.185528,0.91197,0.0591142
1723272,0.99,-2.75261,-1.32534,1.01105,-1.94699,1.10108,1.16772,2.20138,-2.75266,-1.32422,1.00895,-1.94565,1.10136,1.16858,2.20139,-0.000529754,0.000545719,-0.000332863,-0.00140609,-0.00019338,-0.000100383,0.000111392,0,0,0,0,0,0,0,-0.125111,26.6867,-24.689,7.54642,0.841692,2.51242,0.0780126,-0.226973,2.17,-3.00257,1.89467,0.185753,0.912165,0.0592014
1723273,0.99,-2.75261,-1.32534,1.01105,-1.94699,1.10108,1.16772,2.20139,-2.75266,-1.32422,1.00895,-1.94565,1.10136,1.16858,2.20139,-0.000909981,0.000363813,0.000334904,-0.00158629,0.000277981,-0.00054164,-0.000400456,0,0,0,0,0,0,0,-0.101307,26.6867,-24.7128,7.57022,0.830705,2.52523,0.09083,-0.224388,2.16905,-3.00399,1.89639,0.18588,0.912291,0.0593769
1723274,0.99,-2.75261,-1.32534,1.01105,-1.94699,1.10108,1.16772,2.20138,-2.75266,-1.32422,1.00895,-1.94565,1.10136,1.16858,2.20139,-0.000606654,-0.000963884,0.000223269,-0.000569779,-0.000221581,0.000113624,-2.9612e-05,0,0,0,0,0,0,0,-0.101307,26.7383,-24.7128,7.54642,0.841692,2.51242,0.0844213,-0.222537,2.1686,-3.00556,1.89705,0.185925,0.912398,0.0596301
1723276,0.97,-2.75261,-1.32534,1.01105,-1.94698,1.10108,1.16772,2.20138,-2.75266,-1.32422,1.00895,-1.94565,1.10136,1.16858,2.20139,-0.000640832,0.000375891,0.000656043,0.000415799,-9.84802e-05,5.04998e-05,0.000303318,0,0,0,0,0,0,0,-0.0775034,26.6867,-24.7366,7.52262,0.836199,2.51242,0.071604,-0.221274,2.17018,-3.00982,1.89536,0.185786,0.912629,0.0603193
1723277,0.97,-2.75262,-1.32534,1.01105,-1.94699,1.10108,1.16772,2.20138,-2.75266,-1.32422,1.00895,-1.94565,1.10136,1.16858,2.20139,-0.00107684,-0.00039902,-0.00011945,-0.000865561,-0.000269104,-0.000441051,-3.51471e-05,0,0,0,0,0,0,0,-0.0497324,26.7144,-24.7128,7.57022,0.841692,2.52523,0.0780126,-0.221057,2.17095,-3.0119,1.89377,0.185633,0.912734,0.0607159
1723278,0.97,-2.75261,-1.32534,1.01105,-1.94699,1.10108,1.16772,2.20138,-2.75266,-1.32422,1.00895,-1.94565,1.10136,1.16858,2.20139,0.000488536,-0.000266013,-7.96335e-05,-0.000598893,-0.000179403,0.000418043,-0.000972867,0,0,0,0,0,0,0,-0.101307,26.7144,-24.7128,7.57022,0.841692,2.50601,0.103647,-0.221468,2.17216,-3.01389,1.89192,0.185468,0.91286,0.0611175
1723279,0.97,-2.75262,-1.32534,1.01105,-1.94699,1.10108,1.16772,2.20139,-2.75266,-1.32422,1.00895,-1.94565,1.10136,1.16858,2.20139,-0.00143755,-0.000734154,-5.3089e-05,-0.00106527,8.38487e-05,4.13361e-05,0.00125029,0,0,0,0,0,0,0,-0.0259286,26.7383,-24.7128,7.598,0.836199,2.51242,0.0523779,-0.222303,2.17373,-3.01572,1.89016,0.185329,0.913016,0.0615278
1723280,0.97,-2.75262,-1.32534,1.01105,-1.94699,1.10108,1.16772,2.20139,-2.75266,-1.32422,1.00895,-1.94565,1.10136,1.16858,2.20139,-0.000401553,0.00071699,0.000521419,-0.00127928,0.00025935,-0.000209802,0.00134216,0,0,0,0,0,0,0,-0.0497324,26.6867,-24.7366,7.6218,0.830705,2.51882,0.038645,-0.221826,2.17476,-3.01761,1.88952,0.185281,0.913195,0.0619538
1723281,0.97,-2.75262,-1.32534,1.01105,-1.94699,1.10108,1.16772,2.20139,-2.75266,-1.32422,1.00895,-1.94565,1.10136,1.16858,2.20139,-0.000824514,-0.00137805,-0.000209199,0.000344353,-0.000234001,-0.000139868,-8.8574e-05,0,0,0,0,0,0,0,-0.0259286,26.766,-24.7128,7.57022,0.841692,2.51882,0.0651953,-0.220339,2.1754,-3.01967,1.88966,0.185284,0.913396,0.0623575
1723282,0.97,-2.75262,-1.32534,1.01105,-1.94699,1.10108,1.16772,2.20138,-2.75266,-1.32422,1.00895,-1.94565,1.10136,1.16858,2.20139,7.13599e-06,-0.000269084,-0.000139466,0.000222654,0.000454351,0.000144114,-0.000771126,0,0,0,0,0,0,0,-0.0497324,26.7383,-24.7128,7.57022,0.825212,2.51242,0.0844213,-0.220046,2.17704,-3.02181,1.88891,0.185216,0.913599,0.0626923
1723283,0.97,-2.75262,-1.32534,1.01105,-1.94699,1.10108,1.16772,2.20139,-2.75266,-1.32422,1.00895,-1.94565,1.10136,1.16858,2.20139,4.75733e-06,0.00102704,-9.29774e-05,0.000143251,9.945e-05,-0.000141283,0.000435352,0,0,0,0,0,0,0,-0.0497324,26.6867,-24.7128,7.57022,0.830705,2.51882,0.0587866,-0.221006,2.17877,-3.02328,1.88735,0.185058,0.913777,0.0629664
1723284,0.97,-2.75262,-1.32534,1.01105,-1.94699,1.10108,1.16772,2.20139,-2.75266,-1.32422,1.00895,-1.94565,1.10136,1.16858,2.20139,-0.00055364,-0.000521735,-6.19849e-05,9.16111e-05,6.63e-05,0.00014317,0.00269773,0,0,0,0,0,0,0,-0.0259286,26.7383,-24.7128,7.57022,0.830705,2.51242,-0.00621587,-0.221844,2.17939,-3.02389,1.886,0.184873,0.91393,0.0632055
1723285,0.97,-2.75262,-1.32534,1.01105,-1.94699,1.10108,1.16772,2.20138,-2.75266,-1.32422,1.00895,-1.94565,1.10136,1.16858,2.20139,-0.000369094,0.000858603,-0.000598135,-0.00114827,-0.000159251,9.54468e-05,-0.00155845,0,0,0,0,0,0,0,-0.0259286,26.6867,-24.689,7.6218,0.836199,2.51242,0.0844213,-0.221303,2.17892,-3.02401,1.88573,0.184748,0.914068,0.0633838
1723286,0.97,-2.75262,-1.32534,1.01106,-1.94699,1.10108,1.16772,2.20139,-2.75266,-1.32422,1.00895,-1.94565,1.10136,1.16858,2.20139,0.00031075,0.000572402,0.00136448,0.000995538,-0.000106167,0.00030099,0.00038519,0,0,0,0,0,0,0,-0.0497324,26.6867,-24.7643,7.54642,0.836199,2.50601,0.0459692,-0.219661,2.17764,-3.02411,1.88641,0.184669,0.914227,0.0634671
1723287,0.97,-2.75262,-1.32534,1.01105,-1.94699,1.10108,1.16772,2.20139,-2.75266,-1.32422,1.00895,-1.94565,1.10136,1.16858,2.20139,0.000207166,0.000381601,-0.000853584,0.000105239,-0.000274229,0.000438019,0.000256793,0,0,0,0,0,0,0,-0.0497324,26.6867,-24.689,7.57022,0.841692,2.4996,0.0459692,-0.218621,2.17664,-3.02463,1.88674,0.184543,0.914416,0.0634714
1723288,0.97,-2.75262,-1.32534,1.01105,-1.94699,1.10108,1.16772,2.20139,-2.75266,-1.32422,1.00895,-1.94565,1.10136,1.16858,2.20139,0.000138111,-0.000395213,0.00119418,-0.000580685,0.000224082,5.46538e-05,0.00162926,0,0,0,0,0,0,0,-0.0497324,26.7144,-24.7643,7.598,0.830705,2.50601,0.00660151,-0.218209,2.17639,-3.02562,1.88675,0.184406,0.914619,0.0634145
1723289,0.97,-2.75262,-1.32534,1.01105,-1.94699,1.10108,1.16772,2.20139,-2.75266,-1.32422,1.00895,-1.94565,1.10136,1.16858,2.20139,-0.000464738,-0.000820287,0.000146507,0.000818379,0.000352839,-0.000200923,0.000374095,0,0,0,0,0,0,0,-0.0259286,26.7383,-24.7366,7.54642,0.825212,2.51242,0.0258276,-0.217597,2.17744,-3.02793,1.88691,0.184312,0.914868,0.063281
1723290,0.97,-2.75262,-1.32534,1.01105,-1.94699,1.10108,1.16772,2.20139,-2.75266,-1.32422,1.00895,-1.94565,1.10136,1.16858,2.20139,-0.000866637,0.000659568,-0.00045914,0.000544894,3.17752e-05,-0.000133949,-0.000496589,0,0,0,0,0,0,0,-0.00212494,26.6867,-24.7128,7.54642,0.830705,2.51242,0.0459692,-0.216174,2.17889,-3.03073,1.88722,0.184241,0.915082,0.0630444
1723291,0.97,-2.75262,-1.32534,1.01106,-1.94699,1.10108,1.16772,2.20139,-2.75266,-1.32422,1.00895,-1.94565,1.10136,1.16858,2.20139,-2.09462e-05,-0.000209902,0.00145714,-0.000843682,0.000224634,0.00014806,0.000414926,0,0,0,0,0,0,0,-0.0259286,26.7144,-24.7881,7.598,0.825212,2.50601,0.0258276,-0.213162,2.17927,-3.03314,1.88837,0.18422,0.915238,0.0627088
1723292,0.97,-2.75263,-1.32534,1.01105,-1.94699,1.10108,1.16772,2.20139,-2.75266,-1.32422,1.00895,-1.94565,1.10136,1.16858,2.20139,-0.00122039,-0.000696747,-0.000234996,0.000643582,-0.000257145,-0.000376011,0.000276617,0,0,0,0,0,0,0,0.0256461,26.7383,-24.7366,7.54642,0.836199,2.51882,0.0258276,-0.208861,2.17947,-3.0362,1.89041,0.184262,0.915426,0.0622981
1723293,0.97,-2.75262,-1.32534,1.01106,-1.94699,1.10108,1.16772,2.20139,-2.75266,-1.32422,1.00895,-1.94565,1.10136,1.16858,2.20139,0.000949644,0.000741928,0.00104976,0.000428762,-0.00017143,0.000224044,0.000184412,0,0,0,0,0,0,0,-0.0497324,26.6867,-24.7881,7.54642,0.836199,2.50601,0.0258276,-0.204725,2.18003,-3.03956,1.89228,0.184288,0.915623,0.0618193
1723294,0.97,-2.75262,-1.32534,1.01105,-1.94699,1.10108,1.16772,2.20139,-2.75266,-1.32422,1.00895,-1.94565,1.10136,1.16858,2.20139,7.62844e-05,0.000494619,-0.0010634,0.000285623,8.91638e-05,-0.000325355,-0.000860403,0,0,0,0,0,0,0,-0.0259286,26.6867,-24.7128,7.54642,0.830705,2.51882,0.0523779,-0.201908,2.18,-3.04178,1.89343,0.184238,0.915774,0.0612764
1723295,0.97,-2.75262,-1.32534,1.01105,-1.94699,1.10108,1.16772,2.20139,-2.75266,-1.32422,1.00895,-1.94565,1.10136,1.16858,2.20139,5.08562e-05,-0.000319868,-0.000152119,0.000190251,0.000703703,0.000257814,-6.49758e-05,0,0,0,0,0,0,0,-0.0259286,26.7144,-24.7366,7.54642,0.81331,2.50601,0.038645,-0.199838,2.17895,-3.04238,1.89428,0.184156,0.915846,0.0606884
1723296,0.97,-2.75262,-1.32534,1.01105,-1.94699,1.10108,1.16772,2.20139,-2.75266,-1.32422,1.00895,-1.94565,1.10136,1.16858,2.20139,0.00124033,-0.000770057,-0.000101413,0.000126711,2.83256e-05,0.000171876,0.00066876,0,0,0,0,0,0,0,-0.0775034,26.7383,-24.7366,7.54642,0.825212,2.50601,0.0194189,-0.19866,2.1784,-3.04263,1.89463,0.184047,0.915902,0.0600827
1723297,0.97,-2.75262,-1.32534,1.01105,-1.94699,1.10108,1.16772,2.20139,-2.75266,-1.32422,1.00895,-1.94565,1.10136,1.16858,2.20139,0.000177273,0.000693054,-6.76085e-05,8.43814e-05,-0.000591468,-0.000122775,-2.88781e-05,0,0,0,0,0,0,0,-0.0497324,26.6867,-24.7366,7.54642,0.841692,2.51242,0.0322363,-0.198538,2.17875,-3.04328,1.89449,0.183901,0.915997,0.0594702
1723298,0.97,-2.75263,-1.32534,1.01106,-1.94699,1.10108,1.16772,2.20139,-2.75266,-1.32422,1.00895,-1.94565,1.10136,1.16858,2.20139,-0.000995442,0.000462036,0.000604542,5.6185e-05,-0.000190861,0.000155509,0.000455466,0,0,0,0,0,0,0,-0.00212494,26.6867,-24.7643,7.54642,0.836199,2.50601,0.0194189,-0.196765,2.17809,-3.04407,1.89534,0.183814,0.916087,0.0588485
1723299,0.97,-2.75262,-1.32534,1.01106,-1.94699,1.10108,1.16772,2.20139,-2.75266,-1.32422,1.00895,-1.94565,1.10136,1.16858,2.20139,-0.000106816,0.000308024,0.000403028,-0.000519407,7.62096e-05,0.000103673,-0.00139178,0,0,0,0,0,0,0,-0.0259286,26.6867,-24.7643,7.57022,0.830705,2.50601,0.0651953,-0.191897,2.17602,-3.04537,1.8979,0.183855,0.916173,0.0582155
1723300,0.97,-2.75262,-1.32534,1.01105,-1.94699,1.10108,1.16772,2.20139,-2.75266,-1.32422,1.00895,-1.94565,1.10136,1.16858,2.20139,0.000485601,-0.00100108,-0.000380929,0.000210501,-0.000152644,6.91151e-05,-0.000215775,0,0,0,0,0,0,0,-0.0497324,26.7383,-24.7366,7.54642,0.836199,2.50601,0.0459692,-0.186488,2.17419,-3.04722,1.9008,0.183943,0.916278,0.0575786
1723301,0.97,-2.75262,-1.32534,1.01106,-1.94699,1.10108,1.16772,2.20139,-2.75266,-1.32422,1.00895,-1.94565,1.10136,1.16858,2.20139,-0.000233078,0.000539042,0.000952473,0.000140305,0.000101688,-0.000191282,-0.00014385,0,0,0,0,0,0,0,-0.0259286,26.6867,-24.7881,7.54642,0.830705,2.51242,0.0459692,-0.182331,2.17351,-3.04946,1.90289,0.183998,0.916396,0.0569669
1723302,0.97,-2.75262,-1.32534,1.01106,-1.94699,1.10108,1.16772,2.20138,-2.75266,-1.32422,1.00895,-1.94565,1.10136,1.16858,2.20139,-0.000155385,-0.000847065,7.81703e-05,-0.000463297,6.77918e-05,-0.00036488,-0.00152005,0,0,0,0,0,0,0,-0.0259286,26.7383,-24.7643,7.57022,0.830705,2.51882,0.0844213,-0.178313,2.17336,-3.0523,1.90483,0.184057,0.916538,0.056405
1723303,0.97,-2.75262,-1.32534,1.01106,-1.94699,1.10108,1.16772,2.20138,-2.75266,-1.32422,1.00895,-1.94565,1.10136,1.16858,2.20139,-0.00010359,0.000641716,0.000608925,0.000804743,4.51946e-05,-0.000480613,-0.000301292,0,0,0,0,0,0,0,-0.0259286,26.6867,-24.7881,7.52262,0.830705,2.52523,0.0651953,-0.174026,2.17324,-3.05543,1.90685,0.184128,0.916694,0.0559114
1723304,0.97,-2.75262,-1.32534,1.01106,-1.94699,1.10108,1.16772,2.20139,-2.75266,-1.32422,1.00895,-1.94565,1.10136,1.16858,2.20139,0.00113737,-0.000221803,0.00302335,-0.000577141,-0.000173321,-8.30494e-05,3.64975e-05,0,0,0,0,0,0,0,-0.0775034,26.7144,-24.7643,7.57022,0.836199,2.51882,0.0587866,-0.170494,2.17384,-3.05964,1.9084,0.184158,0.916945,0.0555151
1723305,0.97,-2.75262,-1.32534,1.01106,-1.94699,1.10108,1.16772,2.20139,-2.75266,-1.32422,1.00895,-1.94565,1.10136,1.16858,2.20139,-0.000448182,0.00105856,0.00348651,-0.00103438,-0.000115547,0.000419352,0.00100768,0,0,0,0,0,0,0,-0.0259286,26.6629,-24.8159,7.598,0.836199,2.50601,0.0322363,-0.167011,2.17563,-3.06669,1.91022,0.184203,0.917428,0.0552262
1723306,0.97,-2.75262,-1.32534,1.01106,-1.94699,1.10108,1.16772,2.20138,-2.75266,-1.32422,1.00895,-1.94565,1.10136,1.16858,2.20139,0.000258024,0.000148893,0.00187311,-0.00431031,0.000126419,-0.00019515,-0.00149835,0,0,0,0,0,0,0,-0.0497324,26.6867,-24.7881,7.6218,0.830705,2.51882,0.09083,-0.160874,2.17668,-3.07556,1.91447,0.184432,0.918089,0.0550221
1723307,0.98,-2.75262,-1.32534,1.01105,-1.94699,1.10108,1.16772,2.20138,-2.75266,-1.32422,1.00895,-1.94565,1.10136,1.16858,2.20139,0.00082163,9.92618e-05,0.000191108,-0.00192244,-0.000526072,0.000107259,-0.000998903,0,0,0,0,0,0,0,-0.0775034,26.6867,-24.7366,7.57022,0.847185,2.51242,0.09083,-0.152605,2.17555,-3.08305,1.92117,0.18486,0.91873,0.0548787
1723308,0.98,-2.75262,-1.32534,1.01106,-1.94699,1.10108,1.16772,2.20138,-2.75266,-1.32422,1.00895,-1.94565,1.10136,1.16858,2.20139,0.000547753,0.000622987,0.000888613,-0.00212274,5.61862e-05,7.15059e-05,-0.000428577,0,0,0,0,0,0,0,-0.0775034,26.6629,-24.7643,7.598,0.836199,2.51242,0.0844213,-0.145203,2.17289,-3.08743,1.92792,0.185307,0.919209,0.0548095
1723309,0.98,-2.75262,-1.32534,1.01106,-1.94699,1.10108,1.16772,2.20139,-2.75266,-1.32422,1.00895,-1.94565,1.10136,1.16858,2.20139,-0.000841257,-0.000791102,0.00123292,-0.000352358,3.74575e-05,4.76706e-05,-0.000285718,0,0,0,0,0,0,0,-0.0259286,26.7144,-24.7881,7.54642,0.836199,2.51242,0.0844213,-0.139058,2.17002,-3.09001,1.93347,0.185681,0.919526,0.0548408
1723310,0.98,-2.75262,-1.32534,1.01106,-1.94699,1.10108,1.16772,2.20138,-2.75266,-1.32422,1.00895,-1.94565,1.10136,1.16858,2.20139,-4.02608e-06,-0.00108421,0.000884715,-0.000899434,-0.000178479,-0.000205579,4.68804e-05,0,0,0,0,0,0,0,-0.0497324,26.7383,-24.7881,7.57022,0.841692,2.51882,0.0780126,-0.133944,2.16864,-3.09271,1.9374,0.185971,0.919753,0.0549739
1723311,0.98,-2.75262,-1.32534,1.01106,-1.94699,1.10108,1.16772,2.20138,-2.75266,-1.32422,1.00895,-1.94565,1.10136,1.16858,2.20139,-0.000559496,0.000483617,0.000636888,-0.00133003,0.000287915,-0.000374411,-0.000206105,0,0,0,0,0,0,0,-0.0259286,26.6867,-24.7881,7.598,0.830705,2.52523,0.0844213,-0.129637,2.16817,-3.09524,1.94017,0.186203,0.919909,0.0552
1723312,0.98,-2.75262,-1.32534,1.01106,-1.94699,1.10108,1.16772,2.20138,-2.75266,-1.32422,1.00895,-1.94565,1.10136,1.16858,2.20139,0.000183815,0.000322411,-0.000746525,-0.00029766,0.000395394,-1.22486e-05,0.000574673,0,0,0,0,0,0,0,-0.0497324,26.6867,-24.7366,7.57022,0.825212,2.51882,0.0651953,-0.125562,2.16634,-3.09584,1.94258,0.186398,0.919939,0.0555069
1723313,0.98,-2.75262,-1.32534,1.01106,-1.94699,1.10108,1.16772,2.20138,-2.75266,-1.32422,1.00895,-1.94565,1.10136,1.16858,2.20139,0.000772157,0.000214941,0.00138484,-0.00145031,0.000263596,-0.000245525,-0.000803679,0,0,0,0,0,0,0,-0.0775034,26.6867,-24.8159,7.6218,0.825212,2.52523,0.0972387,-0.122652,2.16347,-3.09466,1.94428,0.18651,0.919886,0.0558736
1723314,0.98,-2.75262,-1.32534,1.01106,-1.94699,1.10108,1.16772,2.20139,-2.75266,-1.32422,1.00895,-1.94565,1.10136,1.16858,2.20139,-0.000134843,-0.00171275,0.000293473,-0.00100096,-0.000638071,-0.000163683,-6.10682e-05,0,0,0,0,0,0,0,-0.0497324,26.766,-24.7881,7.6218,0.847185,2.52523,0.0844213,-0.121342,2.16186,-3.0941,1.94516,0.186553,0.919912,0.0562827
1723315,0.98,-2.75262,-1.32534,1.01106,-1.94699,1.10108,1.16772,2.20139,-2.75266,-1.32422,1.00895,-1.94565,1.10136,1.16858,2.20139,0.000559719,6.45953e-05,0.000210544,-0.000692865,-0.000425381,0.000128237,0.00138344,0,0,0,0,0,0,0,-0.0775034,26.7144,-24.7881,7.6218,0.847185,2.51882,0.0459692,-0.121057,2.16193,-3.09453,1.94548,0.18657,0.920015,0.0567317
1723316,0.98,-2.75262,-1.32534,1.01106,-1.94699,1.10108,1.16772,2.20139,-2.75266,-1.32422,1.00895,-1.94565,1.10136,1.16858,2.20139,-0.000276468,4.30636e-05,0.000151535,-0.000481082,0.000326764,-0.000151868,0.000447576,0,0,0,0,0,0,0,-0.0497324,26.7144,-24.7881,7.6218,0.830705,2.52523,0.0587866,-0.121078,2.1619,-3.09456,1.94558,0.186567,0.920094,0.0572051
1723317,0.98,-2.75262,-1.32534,1.01106,-1.94699,1.10108,1.16772,2.20139,-2.75266,-1.32422,1.00895,-1.94565,1.10136,1.16858,2.20139,-0.000184312,2.8709e-05,0.000759016,0.00142814,1.43923e-05,-0.000101245,0.000773102,0,0,0,0,0,0,0,-0.0497324,26.7144,-24.8159,7.54642,0.836199,2.52523,0.0459692,-0.121026,2.16133,-3.09421,1.9454,0.186523,0.920135,0.0576619
1723318,0.98,-2.75262,-1.32534,1.01106,-1.94699,1.10108,1.16772,2.20139,-2.75266,-1.32422,1.00895,-1.94565,1.10136,1.16858,2.20139,0.00108355,1.91394e-05,-0.000694131,0.000941308,9.59488e-06,-6.74968e-05,4.06836e-05,0,0,0,0,0,0,0,-0.101307,26.7144,-24.7643,7.54642,0.836199,2.52523,0.0587866,-0.122341,2.16117,-3.09366,1.94385,0.186358,0.920145,0.0580644
1723319,0.98,-2.75262,-1.32534,1.01106,-1.94699,1.10108,1.16772,2.20139,-2.75266,-1.32422,1.00895,-1.94565,1.10136,1.16858,2.20139,0.00127918,1.27596e-05,9.87712e-05,6.26389e-05,6.39658e-06,-4.49978e-05,0.00124783,0,0,0,0,0,0,0,-0.125111,26.7144,-24.7881,7.57022,0.836199,2.52523,0.0258276,-0.12609,2.1615,-3.09239,1.94085,0.186077,0.920145,0.0583948
1723320,0.98,-2.75262,-1.32534,1.01106,-1.94699,1.10108,1.16771,2.20139,-2.75266,-1.32422,1.00895,-1.94565,1.10136,1.16858,2.20139,-0.000260838,-0.000548306,0.00127581,-0.000613921,0.000207715,-0.000504716,0.000357166,0,0,0,0,0,0,0,-0.0775034,26.7383,-24.8397,7.598,0.830705,2.53805,0.038645,-0.130146,2.16222,-3.09171,1.93811,0.185827,0.920239,0.0586454
1723321,0.98,-2.75262,-1.32534,1.01106,-1.94699,1.10108,1.16771,2.20139,-2.75266,-1.32422,1.00895,-1.94565,1.10136,1.16858,2.20139,-0.000173892,0.0013977,-0.000910048,0.000792596,-6.49739e-05,-0.000336478,-3.31568e-05,0,0,0,0,0,0,0,-0.0775034,26.6629,-24.7643,7.54642,0.836199,2.53805,0.0459692,-0.131769,2.16214,-3.09185,1.93707,0.185708,0.920412,0.0588034
1723322,0.98,-2.75262,-1.32534,1.01106,-1.94699,1.10108,1.16771,2.20139,-2.75266,-1.32422,1.00895,-1.94565,1.10136,1.16858,2.20139,0.000440884,-0.000831437,0.00115853,-0.000681441,-4.33159e-05,-0.000224318,0.000486522,0,0,0,0,0,0,0,-0.101307,26.7383,-24.8397,7.598,0.836199,2.53805,0.0322363,-0.131347,2.16068,-3.09178,1.93734,0.185681,0.920595,0.0588636
1723323,0.98,-2.75262,-1.32534,1.01106,-1.94699,1.10108,1.16771,2.20139,-2.75266,-1.32422,1.00895,-1.94565,1.10136,1.16858,2.20139,-0.000262889,-0.000554292,0.000217031,-0.00101366,0.000174573,0.000325172,8.69889e-05,0,0,0,0,0,0,0,-0.0775034,26.7383,-24.8159,7.6218,0.830705,2.52523,0.038645,-0.130063,2.15969,-3.09275,1.93844,0.185735,0.920888,0.0588328
1723324,0.98,-2.75262,-1.32533,1.01106,-1.94699,1.10107,1.16771,2.20139,-2.75266,-1.32422,1.00895,-1.94565,1.10136,1.16858,2.20139,0.000381552,0.00195052,-0.000503808,0.00052873,-0.000290519,-2.05774e-05,0.000770069,0,0,0,0,0,0,0,-0.101307,26.6391,-24.7881,7.57022,0.841692,2.53164,0.0194189,-0.127859,2.15832,-3.0939,1.94039,0.185859,0.921228,0.058718
1723325,0.98,-2.75262,-1.32534,1.01106,-1.94699,1.10108,1.16772,2.20139,-2.75266,-1.32422,1.00895,-1.94565,1.10136,1.16858,2.20139,0.000254368,0.000186724,-0.000335033,-0.000298567,9.77126e-06,-1.37183e-05,3.86617e-05,0,0,0,0,0,0,0,-0.101307,26.6867,-24.7881,7.598,0.836199,2.53164,0.0322363,-0.125346,2.15493,-3.09324,1.94264,0.185973,0.92148,0.0585211
1723326,0.98,-2.75262,-1.32534,1.01106,-1.94699,1.10108,1.16772,2.20139,-2.75266,-1.32422,1.00895,-1.94565,1.10136,1.16858,2.20139,0.001376,-0.000525131,0.0009837,-0.000200124,6.51417e-06,0.000228213,0.000263133,0,0,0,0,0,0,0,-0.152882,26.7144,-24.8397,7.598,0.836199,2.52523,0.0258276,-0.124156,2.15204,-3.0926,1.94426,0.18604,0.921764,0.0582379
1723327,0.98,-2.75262,-1.32534,1.01106,-1.947,1.10107,1.16772,2.20139,-2.75266,-1.32422,1.00895,-1.94565,1.10136,1.16858,2.20139,0.000267723,-0.000906899,9.94596e-05,-0.000134226,-0.000199108,0.000389501,-0.000807922,0,0,0,0,0,0,0,-0.125111,26.7383,-24.8159,7.598,0.841692,2.51882,0.0523779,-0.125029,2.15195,-3.09397,1.94478,0.186061,0.922185,0.0578718
1723328,0.98,-2.75262,-1.32534,1.01106,-1.94699,1.10108,1.16772,2.20139,-2.75266,-1.32422,1.00895,-1.94565,1.10136,1.16858,2.20139,-0.000935142,-0.0006046,6.66603e-05,0.000559523,0.000274163,0.000259667,-0.00148805,0,0,0,0,0,0,0,-0.0775034,26.7383,-24.8159,7.57022,0.830705,2.51882,0.0780126,-0.126065,2.15346,-3.09662,1.94499,0.186091,0.922639,0.0574462
1723329,0.98,-2.75262,-1.32534,1.01106,-1.94699,1.10108,1.16772,2.20139,-2.75266,-1.32422,1.00895,-1.94565,1.10136,1.16858,2.20139,0.000490196,0.000153746,0.000601518,-0.000277054,-2.06755e-05,0.000173112,0.000194761,0,0,0,0,0,0,0,-0.125111,26.7144,-24.8397,7.598,0.836199,2.51882,0.0459692,-0.125735,2.15476,-3.09954,1.94571,0.186169,0.923039,0.057012
1723330,0.98,-2.75262,-1.32534,1.01106,-1.94699,1.10108,1.16772,2.20139,-2.75266,-1.32422,1.00895,-1.94565,1.10136,1.16858,2.20139,-0.000230015,0.000102497,-0.000155601,0.00102138,0.000189667,-0.000121951,-0.000344877,0,0,0,0,0,0,0,-0.101307,26.7144,-24.8159,7.54642,0.830705,2.52523,0.0587866,-0.124924,2.15535,-3.10223,1.94667,0.186248,0.923387,0.0566165
1723331,0.98,-2.75262,-1.32534,1.01107,-1.94699,1.10108,1.16772,2.20138,-2.75266,-1.32422,1.00895,-1.94565,1.10136,1.16858,2.20139,-0.000153343,6.83314e-05,0.00101004,0.000123853,0.000126445,-0.00031866,-0.000704636,0,0,0,0,0,0,0,-0.101307,26.7144,-24.8635,7.57022,0.830705,2.53164,0.071604,-0.12404,2.15541,-3.10468,1.94759,0.186303,0.923692,0.056272
1723332,0.98,-2.75261,-1.32534,1.01106,-1.94699,1.10108,1.16772,2.20138,-2.75266,-1.32422,1.00895,-1.94565,1.10136,1.16858,2.20139,0.00166101,-0.000511258,-0.00108977,8.23764e-05,8.42964e-05,2.49191e-05,-0.000232398,0,0,0,0,0,0,0,-0.176685,26.7383,-24.7881,7.57022,0.830705,2.52523,0.0651953,-0.123976,2.15557,-3.10693,1.94815,0.186321,0.923985,0.0559835
1723333,0.98,-2.75262,-1.32534,1.01106,-1.94699,1.10108,1.16772,2.20139,-2.75266,-1.32422,1.00895,-1.94565,1.10136,1.16858,2.20139,-9.90865e-05,-0.000340838,-7.68131e-05,5.47735e-05,-0.000147253,-0.000220746,0.000557145,0,0,0,0,0,0,0,-0.125111,26.7383,-24.8159,7.57022,0.836199,2.53164,0.0459692,-0.125588,2.15602,-3.10833,1.94808,0.186293,0.924251,0.0557604
1723334,0.98,-2.75262,-1.32534,1.01106,-1.94699,1.10108,1.16772,2.20139,-2.75266,-1.32422,1.00895,-1.94565,1.10136,1.16858,2.20139,-6.60577e-05,0.0009792,-0.00070076,0.00059322,0.000105282,9.01948e-05,0.000880056,0,0,0,0,0,0,0,-0.125111,26.6867,-24.7881,7.54642,0.830705,2.52523,0.0322363,-0.126847,2.15555,-3.10872,1.94829,0.186278,0.924448,0.0556001
1723335,0.98,-2.75262,-1.32534,1.01106,-1.94699,1.10108,1.16772,2.20138,-2.75266,-1.32422,1.00895,-1.94565,1.10136,1.16858,2.20139,-4.40385e-05,-0.000553626,0.000182488,0.000952211,0.000477089,6.01299e-05,-0.00134608,0,0,0,0,0,0,0,-0.125111,26.7383,-24.8159,7.52262,0.819719,2.52523,0.0844213,-0.126885,2.15401,-3.10862,1.94895,0.186278,0.924586,0.055474
1723336,0.98,-2.75262,-1.32534,1.01106,-1.94699,1.10108,1.16772,2.20139,-2.75266,-1.32422,1.00895,-1.94565,1.10136,1.16858,2.20139,-2.9359e-05,-0.00157551,0.000121694,-0.000478878,-0.000292292,-0.000197272,0.000289411,0,0,0,0,0,0,0,-0.125111,26.7898,-24.8159,7.57022,0.836199,2.53164,0.0523779,-0.126884,2.1536,-3.1096,1.9494,0.18627,0.924772,0.0553628
1723337,0.98,-2.75262,-1.32534,1.01106,-1.94699,1.10108,1.16772,2.20138,-2.75266,-1.32422,1.00895,-1.94565,1.10136,1.16858,2.20139,-0.000576385,0.000156086,8.1156e-05,0.000237515,-0.000398312,0.000105844,-0.000756495,0,0,0,0,0,0,0,-0.101307,26.7383,-24.8159,7.54642,0.841692,2.52523,0.0780126,-0.126377,2.15453,-3.11208,1.95016,0.186309,0.925045,0.0552811
1723338,0.98,-2.75262,-1.32534,1.01106,-1.94699,1.10108,1.16772,2.20139,-2.75266,-1.32422,1.00895,-1.94565,1.10136,1.16858,2.20139,0.000172556,0.000104057,5.41239e-05,0.000158309,0.00014136,7.05627e-05,0.000445106,0,0,0,0,0,0,0,-0.125111,26.7383,-24.8159,7.54642,0.830705,2.52523,0.0523779,-0.124807,2.15488,-3.11461,1.9516,0.186397,0.925329,0.0552433
1723339,0.98,-2.75262,-1.32534,1.01106,-1.94699,1.10108,1.16772,2.20138,-2.75266,-1.32422,1.00895,-1.94565,1.10136,1.16858,2.20139,-0.000441775,-0.00113705,-0.000613516,0.000105514,9.42398e-05,-0.000190317,-0.00136478,0,0,0,0,0,0,0,-0.101307,26.7898,-24.7881,7.54642,0.830705,2.53164,0.0972387,-0.12307,2.15471,-3.11664,1.95313,0.186486,0.925588,0.055249
1723340,0.98,-2.75262,-1.32534,1.01106,-1.94699,1.10108,1.16771,2.20138,-2.75266,-1.32422,1.00895,-1.94565,1.10136,1.16858,2.20139,-0.000294517,-0.000201224,0.000240614,0.000627135,-0.000140624,-0.000364237,3.95854e-05,0,0,0,0,0,0,0,-0.101307,26.766,-24.8159,7.52262,0.836199,2.53805,0.071604,-0.121639,2.15495,-3.11856,1.95432,0.186564,0.925839,0.0553019
1723341,0.98,-2.75262,-1.32534,1.01106,-1.94699,1.10108,1.16771,2.20139,-2.75266,-1.32422,1.00895,-1.94565,1.10136,1.16858,2.20139,0.00101008,-0.000690961,0.000160418,0.000418076,-9.37493e-05,0.000231893,2.63903e-05,0,0,0,0,0,0,0,-0.152882,26.7898,-24.8159,7.52262,0.836199,2.52523,0.071604,-0.121265,2.15601,-3.12077,1.95473,0.18659,0.926122,0.0554168
1723342,0.98,-2.75262,-1.32534,1.01107,-1.94699,1.10108,1.16772,2.20139,-2.75266,-1.32422,1.00895,-1.94565,1.10136,1.16858,2.20139,-0.000533038,0.0013026,0.00122058,0.000278706,0.000344401,0.000391954,0.000254952,0,0,0,0,0,0,0,-0.101307,26.7144,-24.8635,7.52262,0.825212,2.51882,0.0651953,-0.121752,2.1573,-3.1233,1.95463,0.186566,0.926461,0.0555969
1723343,0.98,-2.75262,-1.32534,1.01106,-1.94699,1.10108,1.16771,2.20138,-2.75266,-1.32422,1.00895,-1.94565,1.10136,1.16858,2.20139,-0.000355359,-0.000338028,-0.000949516,0.000742608,-0.0001773,-0.000213415,-0.000542109,0,0,0,0,0,0,0,-0.101307,26.766,-24.7881,7.49881,0.836199,2.53164,0.0844213,-0.121212,2.15736,-3.12545,1.95504,0.186563,0.926776,0.055828
1723344,0.98,-2.75262,-1.32534,1.01107,-1.94699,1.10108,1.16771,2.20138,-2.75266,-1.32422,1.00895,-1.94565,1.10136,1.16858,2.20139,-0.000236906,0.000424262,1.66067e-05,-6.1746e-05,0.000288701,9.50823e-05,-0.000361406,0,0,0,0,0,0,0,-0.101307,26.7383,-24.8159,7.52262,0.825212,2.52523,0.0844213,-0.119623,2.15617,-3.12646,1.9559,0.186593,0.926999,0.0560967
1723345,0.98,-2.75262,-1.32534,1.01106,-1.94699,1.10108,1.16771,2.20138,-2.75266,-1.32422,1.00895,-1.94565,1.10136,1.16858,2.20139,0.000398875,0.000839653,1.10738e-05,-0.000597981,-0.000214434,-0.000173971,0.00047114,0,0,0,0,0,0,0,-0.125111,26.7144,-24.8159,7.54642,0.836199,2.53164,0.0651953,-0.117642,2.15415,-3.12666,1.95716,0.186655,0.927188,0.0564075
1723346,0.98,-2.75262,-1.32534,1.01106,-1.94699,1.10108,1.16771,2.20138,-2.75266,-1.32422,1.00895,-1.94565,1.10136,1.16858,2.20139,-0.000290895,2.95689e-06,7.38454e-06,-0.000955469,6.04947e-05,-0.00011598,-0.000872702,0,0,0,0,0,0,0,-0.101307,26.7383,-24.8159,7.57022,0.830705,2.53164,0.0972387,-0.115132,2.15152,-3.12674,1.95918,0.186773,0.92741,0.0567612
1723347,0.98,-2.75262,-1.32534,1.01106,-1.94699,1.10108,1.16771,2.20139,-2.75266,-1.32422,1.00895,-1.94565,1.10136,1.16858,2.20139,0.0010125,1.97126e-06,4.92452e-06,-8.017e-05,4.03298e-05,0.000397398,0.000367635,0,0,0,0,0,0,0,-0.152882,26.7383,-24.8159,7.54642,0.830705,2.51882,0.071604,-0.113047,2.14942,-3.12715,1.96119,0.186902,0.927676,0.0571473
1723348,0.98,-2.75261,-1.32534,1.01106,-1.94699,1.10108,1.16772,2.20139,-2.75266,-1.32422,1.00895,-1.94565,1.10136,1.16858,2.20139,0.00123181,-0.0006483,0.000560096,-5.34486e-05,-0.000176564,0.000502291,0.000957167,0,0,0,0,0,0,0,-0.176685,26.766,-24.8397,7.54642,0.836199,2.51242,0.0523779,-0.113504,2.1494,-3.12836,1.96171,0.186934,0.927997,0.0575606
1723349,0.98,-2.75261,-1.32534,1.01106,-1.94699,1.10108,1.16772,2.20138,-2.75266,-1.32422,1.00895,-1.94565,1.10136,1.16858,2.20139,0.000821206,-0.0004322,0.000373398,0.000521178,8.57412e-05,-0.000139857,-0.000311325,0,0,0,0,0,0,0,-0.176685,26.766,-24.8397,7.52262,0.830705,2.52523,0.0780126,-0.116928,2.1519,-3.13071,1.96031,0.186837,0.928368,0.0579817
1723350,0.98,-2.75262,-1.32534,1.01106,-1.94699,1.10108,1.16772,2.20138,-2.75266,-1.32422,1.00895,-1.94565,1.10136,1.16858,2.20139,-9.34129e-06,0.00156791,-0.000307879,-0.000209361,5.71608e-05,-0.000330597,0.000267168,0,0,0,0,0,0,0,-0.152882,26.6867,-24.8159,7.54642,0.830705,2.53164,0.0651953,-0.120648,2.15441,-3.133,1.95856,0.186704,0.928695,0.0583907
1723351,0.98,-2.75261,-1.32534,1.01107,-1.94699,1.10108,1.16772,2.20139,-2.75266,-1.32422,1.00895,-1.94565,1.10136,1.16858,2.20139,0.0012002,-0.000810769,0.00035156,-0.000696387,0.000241558,-0.000220398,0.000415471,0,0,0,0,0,0,0,-0.204456,26.766,-24.8397,7.57022,0.825212,2.53164,0.0587866,-0.122977,2.15522,-3.13437,1.95774,0.186621,0.928943,0.0587849
1723352,0.98,-2.75262,-1.32534,1.01106,-1.94698,1.10108,1.16772,2.20139,-2.75266,-1.32422,1.00895,-1.94565,1.10136,1.16858,2.20139,-0.000406294,-0.000540513,-0.000322438,0.00185579,-4.2412e-05,0.000327786,0.00051434,0,0,0,0,0,0,0,-0.152882,26.766,-24.8159,7.47104,0.830705,2.51882,0.0523779,-0.12529,2.15638,-3.13586,1.9568,0.186534,0.929164,0.0591512
1723353,0.98,-2.75262,-1.32534,1.01106,-1.94699,1.10108,1.16772,2.20138,-2.75266,-1.32422,1.00895,-1.94565,1.10136,1.16858,2.20139,-0.000270862,0.000289272,-0.000864573,0.00058758,0.000175176,-0.000256194,-0.000369184,0,0,0,0,0,0,0,-0.152882,26.7383,-24.7881,7.49881,0.825212,2.53164,0.071604,-0.127596,2.15797,-3.13712,1.95518,0.186403,0.929289,0.0594711
1723354,0.98,-2.75261,-1.32534,1.01107,-1.94699,1.10108,1.16772,2.20138,-2.75266,-1.32422,1.00895,-1.94565,1.10136,1.16858,2.20139,0.00102585,-0.000456766,0.000630044,0.00039172,0.000116784,0.000303922,-0.000246122,0,0,0,0,0,0,0,-0.204456,26.766,-24.8397,7.49881,0.825212,2.51882,0.071604,-0.129444,2.15905,-3.13781,1.95352,0.186258,0.929342,0.0597436
1723355,0.98,-2.75261,-1.32534,1.01106,-1.94699,1.10108,1.16772,2.20139,-2.75266,-1.32422,1.00895,-1.94565,1.10136,1.16858,2.20139,0.00124071,0.000345103,-0.000786396,-0.000295666,-0.000329045,0.000202615,0.000310636,0,0,0,0,0,0,0,-0.22826,26.7383,-24.7881,7.52262,0.836199,2.51882,0.0587866,-0.132083,2.16028,-3.13857,1.95175,0.186098,0.929438,0.0599827
1723356,0.98,-2.75261,-1.32534,1.01106,-1.94699,1.10108,1.16772,2.20139,-2.75266,-1.32422,1.00895,-1.94565,1.10136,1.16858,2.20139,-0.000379284,-0.000419545,0.00012535,-0.000753923,0.000187538,0.000135076,0.000207091,0,0,0,0,0,0,0,-0.176685,26.766,-24.8159,7.54642,0.825212,2.51882,0.0587866,-0.134497,2.16107,-3.13916,1.95065,0.185987,0.929555,0.060201
1723357,0.98,-2.75261,-1.32534,1.01106,-1.94699,1.10107,1.16771,2.20139,-2.75266,-1.32422,1.00895,-1.94565,1.10136,1.16858,2.20139,-0.000252856,-0.000279697,8.35667e-05,5.41967e-05,-0.000485326,0.00032741,0.000138061,0,0,0,0,0,0,0,-0.176685,26.766,-24.8159,7.52262,0.841692,2.51242,0.0587866,-0.134751,2.16115,-3.14009,1.95101,0.185998,0.929665,0.0603972
1723358,0.98,-2.75261,-1.32534,1.01106,-1.94699,1.10108,1.16771,2.20139,-2.75266,-1.32422,1.00895,-1.94565,1.10136,1.16858,2.20139,-0.000725383,-0.000743276,-0.00180033,3.6131e-05,8.33501e-05,-0.000256445,-0.000857395,0,0,0,0,0,0,0,-0.152882,26.7898,-24.7366,7.52262,0.830705,2.52523,0.0844213,-0.1333,2.16084,-3.14101,1.9522,0.18609,0.929713,0.0605636
1723359,0.98,-2.75261,-1.32534,1.01106,-1.94699,1.10108,1.16771,2.20139,-2.75266,-1.32422,1.00895,-1.94565,1.10136,1.16858,2.20139,-0.000483588,-0.000495518,-0.000550605,0.000580899,0.000462468,6.63958e-05,0.00136118,0,0,0,0,0,0,0,-0.152882,26.7898,-24.7643,7.49881,0.819719,2.51882,0.0322363,-0.131332,2.16008,-3.14086,1.95338,0.186197,0.929636,0.0607068
1723360,0.98,-2.75261,-1.32534,1.01106,-1.94699,1.10108,1.16771,2.20139,-2.75266,-1.32422,1.00895,-1.94565,1.10136,1.16858,2.20139,0.00023442,0.000226467,0.000189742,-0.000726358,-0.00030204,4.42639e-05,-0.000313248,0,0,0,0,0,0,0,-0.176685,26.766,-24.7881,7.54642,0.836199,2.51882,0.0651953,-0.12947,2.15935,-3.14055,1.95441,0.186289,0.929536,0.0608349
1723361,0.98,-2.75261,-1.32535,1.01107,-1.94699,1.10108,1.16771,2.20139,-2.75266,-1.32422,1.00895,-1.94565,1.10136,1.16858,2.20139,-0.000400532,-0.000405834,0.00133292,-0.000484239,-0.00040481,-0.00020785,0.000265886,0,0,0,0,0,0,0,-0.152882,26.7898,-24.8397,7.54642,0.841692,2.52523,0.0523779,-0.127588,2.1592,-3.14167,1.95573,0.186392,0.92956,0.0609376
1723362,0.98,-2.75261,-1.32535,1.01107,-1.94699,1.10108,1.16772,2.20138,-2.75266,-1.32422,1.00895,-1.94565,1.10136,1.16858,2.20139,0.00028979,-0.000270556,0.000331802,-0.000322826,-6.6423e-05,-0.000375925,-0.00148426,0,0,0,0,0,0,0,-0.176685,26.7898,-24.8159,7.54642,0.836199,2.53164,0.0972387,-0.125817,2.16012,-3.14461,1.95725,0.186509,0.929731,0.0610094
1723363,0.98,-2.75261,-1.32534,1.01106,-1.94699,1.10108,1.16771,2.20139,-2.75266,-1.32422,1.00895,-1.94565,1.10136,1.16858,2.20139,0.00139962,0.000376441,-0.00163484,-0.000215217,0.000362619,-1.3258e-05,0.000909368,0,0,0,0,0,0,0,-0.22826,26.766,-24.7366,7.54642,0.825212,2.52523,0.0459692,-0.125735,2.16132,-3.14698,1.95801,0.18657,0.929909,0.0610661
1723364,0.98,-2.7526,-1.32535,1.01106,-1.94698,1.10108,1.16771,2.20139,-2.75266,-1.32422,1.00895,-1.94565,1.10136,1.16858,2.20139,0.00213951,0.000250961,0.000116533,0.00161976,0.000241746,-8.83866e-06,0.00135223,0,0,0,0,0,0,0,-0.279835,26.766,-24.7881,7.47104,0.825212,2.52523,0.0258276,-0.129518,2.16243,-3.14694,1.95664,0.186453,0.929993,0.0611239
1723365,0.98,-2.75261,-1.32534,1.01106,-1.94699,1.10108,1.16771,2.20139,-2.75266,-1.32422,1.00895,-1.94565,1.10136,1.16858,2.20139,0.000219911,0.000167307,7.7689e-05,-0.000126586,-4.22865e-05,0.000468825,-8.18571e-05,0,0,0,0,0,0,0,-0.22826,26.766,-24.7881,7.52262,0.830705,2.51242,0.0523779,-0.136253,2.16421,-3.14615,1.95337,0.186174,0.93005,0.0611629
1723366,0.98,-2.75261,-1.32534,1.01106,-1.94698,1.10108,1.16771,2.20139,-2.75266,-1.32422,1.00895,-1.94565,1.10136,1.16858,2.20139,0.000146607,0.000761152,5.17927e-05,0.00112204,-2.8191e-05,-0.000399527,0.00164085,0,0,0,0,0,0,0,-0.22826,26.7383,-24.7881,7.47104,0.830705,2.53164,0.00660151,-0.142017,2.16574,-3.14577,1.95042,0.18591,0.930105,0.0611526
1723367,0.98,-2.75261,-1.32535,1.01106,-1.94699,1.10108,1.16771,2.20139,-2.75266,-1.32422,1.00895,-1.94565,1.10136,1.16858,2.20139,9.77383e-05,-0.000698991,-0.000522284,9.84095e-05,0.000184657,0.000683085,-0.000601521,0,0,0,0,0,0,0,-0.22826,26.7898,-24.7643,7.49881,0.825212,2.50601,0.0523779,-0.145652,2.16652,-3.1455,1.94847,0.185727,0.93012,0.0610714
1723368,0.98,-2.75261,-1.32534,1.01106,-1.94699,1.10108,1.16771,2.20139,-2.75266,-1.32422,1.00895,-1.94565,1.10136,1.16858,2.20139,6.51589e-05,9.08178e-05,-0.000348189,-0.000491206,-0.000283797,-0.000494046,0.000344971,0,0,0,0,0,0,0,-0.22826,26.766,-24.7643,7.52262,0.836199,2.53164,0.0322363,-0.147821,2.16707,-3.14526,1.94739,0.185632,0.93011,0.0609029
1723369,0.98,-2.75261,-1.32535,1.01106,-1.94699,1.10108,1.16772,2.20139,-2.75266,-1.32422,1.00895,-1.94565,1.10136,1.16858,2.20139,4.34392e-05,6.05452e-05,0.000324686,-0.000884282,-0.000189198,0.000145354,-0.000278646,0,0,0,0,0,0,0,-0.22826,26.766,-24.7881,7.54642,0.836199,2.51882,0.0459692,-0.148242,2.16711,-3.14527,1.94772,0.185661,0.930123,0.0606594
1723370,0.98,-2.75261,-1.32535,1.01106,-1.94699,1.10108,1.16772,2.20139,-2.75266,-1.32422,1.00895,-1.94565,1.10136,1.16858,2.20139,0.000585771,-0.00107326,-0.000989969,0.000524102,7.73187e-05,-0.000377815,0.000322863,0,0,0,0,0,0,0,-0.252064,26.8136,-24.7366,7.49881,0.830705,2.53164,0.0322363,-0.148215,2.1673,-3.14561,1.94856,0.185747,0.93017,0.0603577
1723371,0.98,-2.75261,-1.32535,1.01106,-1.94699,1.10108,1.16772,2.20139,-2.75266,-1.32422,1.00895,-1.94565,1.10136,1.16858,2.20139,-0.000166298,-0.000158695,0.000546447,0.000349402,0.000254996,0.0004602,-2.21172e-05,0,0,0,0,0,0,0,-0.22826,26.7898,-24.7881,7.49881,0.825212,2.51242,0.038645,-0.149334,2.16865,-3.14623,1.94854,0.185788,0.930223,0.0600049
1723372,0.98,-2.75261,-1.32534,1.01106,-1.94698,1.10108,1.16771,2.20139,-2.75266,-1.32422,1.00895,-1.94565,1.10136,1.16858,2.20139,-0.000110865,0.00110063,0.000364298,0.000882548,-3.3453e-05,-0.000405277,0.000222614,0,0,0,0,0,0,0,-0.22826,26.7383,-24.7881,7.47104,0.830705,2.53164,0.0322363,-0.150564,2.17013,-3.14717,1.94811,0.185785,0.930278,0.0596135
1723373,0.98,-2.75261,-1.32535,1.01107,-1.94699,1.10108,1.16772,2.20139,-2.75266,-1.32422,1.00895,-1.94565,1.10136,1.16858,2.20139,0.000482902,8.41389e-05,0.000892479,-0.00061806,-0.000429203,0.000441892,0.000623127,0,0,0,0,0,0,0,-0.252064,26.766,-24.8159,7.52262,0.841692,2.51242,0.0194189,-0.15106,2.1708,-3.14837,1.94807,0.185784,0.930356,0.0591921
1723374,0.98,-2.75261,-1.32534,1.01106,-1.94699,1.10108,1.16772,2.20139,-2.75266,-1.32422,1.00895,-1.94565,1.10136,1.16858,2.20139,-0.000234877,0.000705707,-5.46278e-05,0.000144772,-8.26848e-05,5.72359e-05,-0.000296659,0,0,0,0,0,0,0,-0.22826,26.7383,-24.7881,7.49881,0.836199,2.51882,0.038645,-0.151092,2.17087,-3.14964,1.94854,0.185821,0.93046,0.0587361
1723375,0.99,-2.75261,-1.32534,1.01106,-1.94699,1.10108,1.16771,2.20139,-2.75266,-1.32422,1.00895,-1.94565,1.10136,1.16858,2.20139,0.000400227,0.000470471,-3.64185e-05,9.65145e-05,0.000351778,3.81573e-05,-0.000706399,0,0,0,0,0,0,0,-0.252064,26.7383,-24.7881,7.49881,0.825212,2.51882,0.0523779,-0.150927,2.17023,-3.15028,1.94927,0.185885,0.930524,0.058241
1723376,1,-2.75261,-1.32534,1.01106,-1.94699,1.10108,1.16772,2.20138,-2.75266,-1.32422,1.00895,-1.94565,1.10136,1.16858,2.20139,0.000266818,-0.000335967,-2.4279e-05,6.4343e-05,0.000234519,2.54382e-05,-0.00094565,0,0,0,0,0,0,0,-0.252064,26.766,-24.7881,7.49881,0.825212,2.51882,0.0651953,-0.15149,2.16954,-3.15029,1.94956,0.185928,0.930541,0.0577238
1723377,1,-2.75261,-1.32535,1.01106,-1.94699,1.10108,1.16772,2.20139,-2.75266,-1.32422,1.00895,-1.94565,1.10136,1.16858,2.20139,0.000177879,-0.00078079,-0.000572998,-0.000513917,-4.71048e-05,-0.000457759,0.00059027,0,0,0,0,0,0,0,-0.252064,26.7898,-24.7643,7.52262,0.830705,2.53164,0.0322363,-0.1531,2.16983,-3.15036,1.94928,0.185952,0.930554,0.0572191
1723378,1,-2.7526,-1.32535,1.01107,-1.94699,1.10107,1.16772,2.20139,-2.75266,-1.32422,1.00895,-1.94565,1.10136,1.16858,2.20139,0.000118586,3.62855e-05,0.000824427,-0.000342611,-0.000438304,0.000169545,-0.000115113,0,0,0,0,0,0,0,-0.252064,26.766,-24.8159,7.52262,0.841692,2.51882,0.0459692,-0.154962,2.17094,-3.15085,1.94898,0.185996,0.930591,0.0567506
1723379,1,-2.7526,-1.32535,1.01106,-1.94698,1.10108,1.16772,2.20139,-2.75266,-1.32422,1.00895,-1.94565,1.10136,1.16858,2.20139,7.90572e-05,2.41903e-05,-0.000656808,0.000978019,0.000114698,-0.000124329,-0.000314101,0,0,0,0,0,0,0,-0.252064,26.766,-24.7643,7.47104,0.830705,2.52523,0.0523779,-0.156854,2.17221,-3.15158,1.94861,0.186034,0.930638,0.0563144
1723380,1,-2.75261,-1.32535,1.01106,-1.94699,1.10108,1.16771,2.20139,-2.75266,-1.32422,1.00895,-1.94565,1.10136,1.16858,2.20139,-0.000504107,-0.000540685,-0.000437872,2.39839e-06,-0.000126985,0.000154473,-0.00044676,0,0,0,0,0,0,0,-0.22826,26.7898,-24.7643,7.49881,0.836199,2.51882,0.0587866,-0.158872,2.17321,-3.1517,1.94784,0.186042,0.930621,0.0559055
1723381,1,-2.75261,-1.32535,1.01106,-1.94698,1.10108,1.16771,2.20139,-2.75266,-1.32422,1.00895,-1.94565,1.10136,1.16858,2.20139,-0.000336071,-0.000360457,-0.000941528,0.000651213,0.000322244,0.000102982,-0.00029784,0,0,0,0,0,0,0,-0.22826,26.7898,-24.7366,7.47104,0.825212,2.51882,0.0587866,-0.160572,2.17384,-3.15103,1.94695,0.186054,0.930524,0.0555334
1723382,1,-2.7526,-1.32534,1.01106,-1.94699,1.10108,1.16771,2.20139,-2.75266,-1.32422,1.00895,-1.94565,1.10136,1.16858,2.20139,0.00153919,0.000966121,2.19283e-05,-0.000772284,1.1379e-05,6.86547e-05,3.87991e-05,0,0,0,0,0,0,0,-0.303639,26.7383,-24.7643,7.52262,0.830705,2.51882,0.0523779,-0.162552,2.17399,-3.14967,1.94604,0.18606,0.930406,0.0552122
1723383,1,-2.7526,-1.32535,1.01106,-1.94698,1.10108,1.16772,2.20139,-2.75266,-1.32422,1.00895,-1.94565,1.10136,1.16858,2.20139,0.00102613,-0.000562345,0.000571431,0.00069157,7.58603e-06,0.000283129,-0.000211493,0,0,0,0,0,0,0,-0.303639,26.7898,-24.7881,7.47104,0.830705,2.51242,0.0587866,-0.166304,2.17446,-3.14849,1.94452,0.185999,0.930366,0.0549459
1723384,1,-2.7526,-1.32535,1.01106,-1.94698,1.10108,1.16771,2.20139,-2.75266,-1.32422,1.00895,-1.94565,1.10136,1.16858,2.20139,0.000684085,-0.000374897,0.000380954,-0.000188567,5.05735e-06,-4.86065e-05,-0.000853072,0,0,0,0,0,0,0,-0.303639,26.7898,-24.7881,7.49881,0.830705,2.51882,0.0780126,-0.171787,2.17659,-3.14871,1.94213,0.185869,0.93044,0.0547284
1723385,1,-2.7526,-1.32534,1.01106,-1.94699,1.10108,1.16772,2.20139,-2.75266,-1.32422,1.00895,-1.94565,1.10136,1.16858,2.20139,0.00166248,0.000956495,0.000253969,-0.000682524,0.000410273,0.000204955,0.00061808,0,0,0,0,0,0,0,-0.355213,26.7383,-24.7881,7.52262,0.819719,2.51242,0.0459692,-0.177634,2.17926,-3.1497,1.93972,0.185732,0.930567,0.0545671
1723386,1,-2.7526,-1.32534,1.01106,-1.94699,1.10108,1.16772,2.20138,-2.75266,-1.32422,1.00895,-1.94565,1.10136,1.16858,2.20139,-0.000654916,0.00119448,0.000818927,0.000101796,-0.000743738,0.000373995,-0.000537382,0,0,0,0,0,0,0,-0.279835,26.7144,-24.8159,7.49881,0.847185,2.50601,0.071604,-0.181966,2.18023,-3.15029,1.93852,0.185655,0.930667,0.0544708
1723387,1,-2.7526,-1.32535,1.01106,-1.94698,1.10108,1.16772,2.20138,-2.75266,-1.32422,1.00895,-1.94565,1.10136,1.16858,2.20139,-0.000436611,-0.000410109,-0.000103663,0.000717478,-0.000292375,-0.000225388,-0.00107033,0,0,0,0,0,0,0,-0.279835,26.766,-24.7881,7.47104,0.841692,2.51882,0.09083,-0.183606,2.17958,-3.15071,1.93864,0.185663,0.930679,0.0544286
1723388,1,-2.7526,-1.32534,1.01106,-1.94699,1.10108,1.16771,2.20138,-2.75266,-1.32422,1.00895,-1.94565,1.10136,1.16858,2.20139,0.00082255,-0.000273406,-0.00183235,-0.000171295,0.000618886,-0.000387617,-0.000476196,0,0,0,0,0,0,0,-0.327442,26.766,-24.7128,7.49881,0.819719,2.52523,0.0844213,-0.18456,2.17872,-3.15042,1.93876,0.185701,0.930565,0.0544412
1723389,1,-2.7526,-1.32535,1.01106,-1.94698,1.10108,1.16771,2.20139,-2.75266,-1.32422,1.00895,-1.94565,1.10136,1.16858,2.20139,0.000548367,-0.000739083,0.000541674,0.000535417,-0.000401212,-2.10526e-05,0.000631972,0,0,0,0,0,0,0,-0.327442,26.7898,-24.7881,7.47104,0.841692,2.51882,0.0587866,-0.187215,2.17869,-3.14926,1.93786,0.185699,0.93038,0.0545286
1723390,1,-2.7526,-1.32535,1.01106,-1.94698,1.10108,1.16772,2.20138,-2.75266,-1.32422,1.00895,-1.94565,1.10136,1.16858,2.20139,-0.000191234,-0.00104953,0.00101073,-0.000292669,-0.000267474,-0.000251394,-0.000528121,0,0,0,0,0,0,0,-0.303639,26.8136,-24.8159,7.49881,0.841692,2.52523,0.0844213,-0.190867,2.18054,-3.14955,1.93635,0.185687,0.930287,0.054693
1723391,1,-2.7526,-1.32534,1.01106,-1.94698,1.10108,1.16771,2.20138,-2.75266,-1.32422,1.00895,-1.94565,1.10136,1.16858,2.20139,-0.000127489,0.000413935,-0.000532606,0.00101131,0.000228585,6.97629e-05,0.000122637,0,0,0,0,0,0,0,-0.303639,26.766,-24.7643,7.44724,0.830705,2.51882,0.071604,-0.1939,2.18329,-3.15139,1.93503,0.185712,0.930277,0.0549191
1723392,1,-2.7526,-1.32535,1.01106,-1.94698,1.10108,1.16772,2.20138,-2.75266,-1.32422,1.00895,-1.94565,1.10136,1.16858,2.20139,-0.000641805,-0.000280855,0.000201741,-0.000532217,0.00035584,4.65086e-05,-0.000867678,0,0,0,0,0,0,0,-0.279835,26.7898,-24.7881,7.49881,0.825212,2.51882,0.0972387,-0.195535,2.18475,-3.15259,1.93441,0.185788,0.930218,0.055199
1723393,1,-2.7526,-1.32535,1.01106,-1.94699,1.10108,1.16772,2.20138,-2.75266,-1.32422,1.00895,-1.94565,1.10136,1.16858,2.20139,0.000685754,-0.000187237,-0.00107193,-0.000354811,0.000237227,3.10057e-05,0.000370984,0,0,0,0,0,0,0,-0.327442,26.7898,-24.7366,7.49881,0.825212,2.51882,0.071604,-0.196205,2.1848,-3.15267,1.93455,0.185915,0.930109,0.055533
1723394,1,-2.7526,-1.32535,1.01106,-1.94698,1.10108,1.16771,2.20138,-2.75266,-1.32422,1.00895,-1.94565,1.10136,1.16858,2.20139,-0.000656455,-0.000124825,-6.50072e-05,0.000969885,-0.00024875,0.000258029,9.96372e-06,0,0,0,0,0,0,0,-0.279835,26.7898,-24.7643,7.44724,0.836199,2.51242,0.0780126,-0.197139,2.18434,-3.15181,1.93468,0.186033,0.929964,0.0559187
1723395,1,-2.7526,-1.32535,1.01106,-1.94698,1.10108,1.16771,2.20138,-2.75266,-1.32422,1.00895,-1.94565,1.10136,1.16858,2.20139,-0.00108725,-8.32164e-05,0.000513474,0.0012034,0.000444518,0.00017202,0.000244001,0,0,0,0,0,0,0,-0.252064,26.7898,-24.7881,7.42344,0.819719,2.51242,0.071604,-0.198008,2.184,-3.15103,1.93436,0.1861,0.929789,0.0563443
1723396,1,-2.7526,-1.32535,1.01106,-1.94698,1.10108,1.16771,2.20138,-2.75266,-1.32422,1.00895,-1.94565,1.10136,1.16858,2.20139,-7.52196e-05,-0.00061229,-0.000214496,0.000245456,9.28951e-05,-0.000122679,-7.46913e-05,0,0,0,0,0,0,0,-0.279835,26.8136,-24.7643,7.44724,0.825212,2.51882,0.0780126,-0.198483,2.18425,-3.15113,1.93375,0.186132,0.92963,0.0567935
1723397,1,-2.7526,-1.32535,1.01106,-1.94698,1.10108,1.16771,2.20138,-2.75266,-1.32422,1.00895,-1.94565,1.10136,1.16858,2.20139,0.000506666,-0.000408193,-0.000792611,-0.000393175,-0.00014152,-8.17861e-05,-0.000287153,0,0,0,0,0,0,0,-0.303639,26.8136,-24.7366,7.47104,0.830705,2.51882,0.0844213,-0.199744,2.185,-3.15119,1.93281,0.186136,0.929496,0.057253
1723398,1,-2.7526,-1.32535,1.01106,-1.94698,1.10108,1.16772,2.20139,-2.75266,-1.32422,1.00895,-1.94565,1.10136,1.16858,2.20139,-0.000219035,0.000284683,-0.000528408,0.000294696,0.000109104,0.000182835,0.00123272,0,0,0,0,0,0,0,-0.279835,26.7898,-24.7366,7.44724,0.825212,2.51242,0.0459692,-0.201834,2.18543,-3.15026,1.93181,0.186124,0.929354,0.0577193
1723399,1,-2.7526,-1.32535,1.01106,-1.94698,1.10108,1.16772,2.20138,-2.75266,-1.32422,1.00895,-1.94565,1.10136,1.16858,2.20139,-0.000146023,-0.000367023,-0.000909084,0.000196464,-0.000334165,0.00012189,-0.00107706,0,0,0,0,0,0,0,-0.279835,26.8136,-24.7128,7.44724,0.836199,2.51242,0.0972387,-0.203842,2.18508,-3.14834,1.93095,0.186105,0.929168,0.0581824
1723400,1,-2.7526,-1.32535,1.01106,-1.94698,1.10108,1.16772,2.20139,-2.75266,-1.32422,1.00895,-1.94565,1.10136,1.16858,2.20139,-9.73489e-05,-0.000244682,0.00115718,0.000130976,-0.000222777,-0.000156099,0.0014521,0,0,0,0,0,0,0,-0.279835,26.8136,-24.7881,7.44724,0.836199,2.51882,0.038645,-0.205652,2.185,-3.14682,1.93008,0.186083,0.929007,0.0586281
1723401,1,-2.7526,-1.32535,1.01106,-1.94698,1.10108,1.16772,2.20138,-2.75266,-1.32422,1.00895,-1.94565,1.10136,1.16858,2.20139,-6.48992e-05,-0.000163121,0.000771455,0.000644129,5.49326e-05,-0.000104066,-0.00143943,0,0,0,0,0,0,0,-0.279835,26.8136,-24.7881,7.42344,0.830705,2.51882,0.103647,-0.207569,2.18631,-3.14722,1.92897,0.186049,0.928971,0.0590531
1723402,1,-2.7526,-1.32535,1.01106,-1.94698,1.10108,1.16771,2.20139,-2.75266,-1.32422,1.00895,-1.94565,1.10136,1.16858,2.20139,0.00107036,0.000448064,-0.000692123,0.000429419,0.000240072,-6.93773e-05,0.00117661,0,0,0,0,0,0,0,-0.327442,26.7898,-24.7366,7.42344,0.825212,2.51882,0.0459692,-0.210381,2.18832,-3.1483,1.92719,0.185964,0.928995,0.059454
1723403,1,-2.7526,-1.32535,1.01106,-1.94698,1.10108,1.16771,2.20139,-2.75266,-1.32422,1.00895,-1.94565,1.10136,1.16858,2.20139,-0.000400052,-0.000907716,0.000188199,-0.000270532,0.000160048,0.000428466,-0.000877106,0,0,0,0,0,0,0,-0.279835,26.8414,-24.7643,7.44724,0.825212,2.50601,0.09083,-0.214048,2.19012,-3.14849,1.92494,0.185846,0.928985,0.0598335
1723404,1,-2.7526,-1.32535,1.01106,-1.94698,1.10108,1.16772,2.20139,-2.75266,-1.32422,1.00895,-1.94565,1.10136,1.16858,2.20139,0.000290111,0.000601282,-0.00108096,0.000933269,0.000547508,-0.000189074,0.000364698,0,0,0,0,0,0,0,-0.303639,26.7898,-24.7128,7.39963,0.81331,2.51882,0.0651953,-0.217394,2.19145,-3.14787,1.92282,0.185743,0.928917,0.0601936
1723405,1,-2.7526,-1.32535,1.01106,-1.94698,1.10108,1.16771,2.20139,-2.75266,-1.32422,1.00895,-1.94565,1.10136,1.16858,2.20139,-0.000363405,0.000957666,0.000485786,-0.000491445,-0.000686156,0.00011131,0.000243132,0,0,0,0,0,0,0,-0.279835,26.766,-24.7643,7.44724,0.841692,2.51242,0.0651953,-0.219584,2.19138,-3.14625,1.92128,0.185662,0.928774,0.0605419
1723406,1,-2.7526,-1.32535,1.01106,-1.94698,1.10108,1.16772,2.20139,-2.75266,-1.32422,1.00895,-1.94565,1.10136,1.16858,2.20139,0.000871354,-0.00047518,0.000323857,-0.00032763,-0.000253987,7.42066e-05,0.000874165,0,0,0,0,0,0,0,-0.327442,26.8136,-24.7643,7.44724,0.836199,2.51242,0.0459692,-0.220783,2.19055,-3.1447,1.92051,0.185623,0.928651,0.0608789
1723407,1,-2.7526,-1.32535,1.01106,-1.94698,1.10108,1.16772,2.20139,-2.75266,-1.32422,1.00895,-1.94565,1.10136,1.16858,2.20139,2.40907e-05,0.000240026,0.000772717,-0.00021842,-0.000169324,4.9471e-05,0.0010914,0,0,0,0,0,0,0,-0.303639,26.7898,-24.7881,7.44724,0.836199,2.51242,0.0322363,-0.222178,2.19078,-3.14451,1.91982,0.18561,0.928628,0.0611824
1723408,1,-2.7526,-1.32535,1.01106,-1.94698,1.10108,1.16772,2.20139,-2.75266,-1.32422,1.00895,-1.94565,1.10136,1.16858,2.20139,-0.00119037,-0.000396795,-4.16674e-05,0.000411199,-0.000112883,-0.000204378,-1.83833e-05,0,0,0,0,0,0,0,-0.252064,26.8136,-24.7643,7.42344,0.836199,2.51882,0.0523779,-0.223131,2.19172,-3.14524,1.9192,0.185631,0.92863,0.061422
1723409,1,-2.7526,-1.32535,1.01106,-1.94698,1.10108,1.16772,2.20139,-2.75266,-1.32422,1.00895,-1.94565,1.10136,1.16858,2.20139,-0.000793577,-0.00026453,0.000529034,-0.000839491,0.000128195,0.000101107,0.000496371,0,0,0,0,0,0,0,-0.252064,26.8136,-24.7881,7.47104,0.830705,2.51242,0.038645,-0.222198,2.19243,-3.14634,1.91932,0.185738,0.928596,0.0615761
1723410,1,-2.7526,-1.32535,1.01106,-1.94697,1.10108,1.16771,2.20139,-2.75266,-1.32422,1.00895,-1.94565,1.10136,1.16858,2.20139,-0.000529051,0.000380459,-0.000204123,0.00111077,8.54635e-05,6.74045e-05,5.96465e-05,0,0,0,0,0,0,0,-0.252064,26.7898,-24.7643,7.39963,0.830705,2.51242,0.0459692,-0.220248,2.19277,-3.14729,1.91979,0.18589,0.928518,0.0616424
1723411,1,-2.7526,-1.32535,1.01106,-1.94698,1.10108,1.16772,2.20139,-2.75266,-1.32422,1.00895,-1.94565,1.10136,1.16858,2.20139,-0.000352701,-0.000952787,-0.00134251,-0.000373107,0.000463877,-0.000192423,0.000311032,0,0,0,0,0,0,0,-0.252064,26.8414,-24.7128,7.44724,0.819719,2.51882,0.038645,-0.219047,2.19283,-3.14707,1.91958,0.185996,0.928352,0.0616225
1723412,1,-2.7526,-1.32535,1.01106,-1.94698,1.10108,1.16772,2.20139,-2.75266,-1.32422,1.00895,-1.94565,1.10136,1.16858,2.20139,0.000971292,0.00112805,0.000868233,-0.000248738,0.000309251,-0.000128282,0.000682072,0,0,0,0,0,0,0,-0.303639,26.766,-24.7881,7.44724,0.819719,2.51882,0.0258276,-0.219405,2.19289,-3.14578,1.91858,0.186034,0.92815,0.061523
1723413,1,-2.7526,-1.32535,1.01106,-1.94698,1.10108,1.16772,2.20139,-2.75266,-1.32422,1.00895,-1.94565,1.10136,1.16858,2.20139,9.0716e-05,0.000752031,2.20098e-05,-0.00137225,-0.000404184,0.000389197,-0.00029127,0,0,0,0,0,0,0,-0.279835,26.766,-24.7643,7.49881,0.836199,2.50601,0.0459692,-0.220546,2.1925,-3.14438,1.91771,0.186043,0.928021,0.0613505
1723414,1,-2.7526,-1.32535,1.01106,-1.94698,1.10108,1.16772,2.20139,-2.75266,-1.32422,1.00895,-1.94565,1.10136,1.16858,2.20139,6.04774e-05,0.000501354,-0.000634941,0.000848404,0.000137445,-0.000452612,0.000314446,0,0,0,0,0,0,0,-0.279835,26.766,-24.7366,7.42344,0.825212,2.52523,0.0322363,-0.221591,2.19126,-3.14266,1.91722,0.186042,0.92791,0.0611054
1723415,1,-2.75259,-1.32535,1.01105,-1.94698,1.10108,1.16772,2.20139,-2.75266,-1.32422,1.00895,-1.94565,1.10136,1.16858,2.20139,0.00115394,-0.000222576,-0.00153692,0.00314588,-0.000111821,-0.000301742,-0.000298996,0,0,0,0,0,0,0,-0.327442,26.7898,-24.689,7.44724,0.830705,2.52523,0.0459692,-0.224908,2.19062,-3.13986,1.91479,0.185878,0.927701,0.0607895
1723416,1,-2.7526,-1.32535,1.01106,-1.94698,1.10108,1.16772,2.20139,-2.75266,-1.32422,1.00895,-1.94565,1.10136,1.16858,2.20139,-0.000344329,-0.000148384,0.000738626,0.00235868,-7.4547e-05,0.000273557,0.000546655,0,0,0,0,0,0,0,-0.279835,26.7898,-24.7643,7.44724,0.830705,2.51242,0.0258276,-0.232012,2.19232,-3.1369,1.90896,0.185456,0.927426,0.0604123
1723417,1,-2.7526,-1.32535,1.01106,-1.94697,1.10108,1.16771,2.20139,-2.75266,-1.32422,1.00895,-1.94565,1.10136,1.16858,2.20139,0.000327259,0.000457889,-0.000157197,0.00288214,0.000357203,0.000182371,-0.000381549,0,0,0,0,0,0,0,-0.303639,26.766,-24.7366,7.39963,0.819719,2.51242,0.0459692,-0.24031,2.19583,-3.13526,1.90158,0.184916,0.927187,0.0599903
1723418,1,-2.7526,-1.32535,1.01106,-1.94698,1.10108,1.16771,2.20139,-2.75266,-1.32422,1.00895,-1.94565,1.10136,1.16858,2.20139,-0.00154507,-0.000251552,-0.000104798,0.000954855,-0.000575667,0.000121581,-0.000966443,0,0,0,0,0,0,0,-0.22826,26.7898,-24.7366,7.44724,0.841692,2.51242,0.0651953,-0.246784,2.19919,-3.13455,1.89505,0.18444,0.926981,0.0595377
1723419,1,-2.7526,-1.32535,1.01106,-1.94698,1.10108,1.16772,2.20139,-2.75266,-1.32422,1.00895,-1.94565,1.10136,1.16858,2.20139,0.000176383,-0.000724514,-6.98652e-05,-0.000459568,-0.000383778,-0.000393664,0.000339049,0,0,0,0,0,0,0,-0.279835,26.8136,-24.7366,7.49881,0.841692,2.52523,0.038645,-0.249813,2.20155,-3.13443,1.89112,0.184185,0.926824,0.0590808
1723420,1,-2.7526,-1.32535,1.01106,-1.94698,1.10108,1.16771,2.20139,-2.75266,-1.32422,1.00895,-1.94565,1.10136,1.16858,2.20139,-0.00108884,0.000630615,0.000603037,0.00153958,0.0003545,-2.50837e-05,-0.000282594,0,0,0,0,0,0,0,-0.22826,26.766,-24.7643,7.42344,0.825212,2.51882,0.0523779,-0.250167,2.20318,-3.13508,1.8896,0.184142,0.926764,0.0586475
1723421,1,-2.7526,-1.32534,1.01106,-1.94697,1.10108,1.16772,2.20139,-2.75266,-1.32422,1.00895,-1.94565,1.10136,1.16858,2.20139,0.00103735,0.00107002,-0.000247589,0.00164523,0.000677143,0.000220636,0.00055759,0,0,0,0,0,0,0,-0.303639,26.7383,-24.7366,7.39963,0.81331,2.51242,0.0322363,-0.250111,2.20393,-3.13554,1.88864,0.184126,0.926734,0.0582418
1723422,1,-2.7526,-1.32535,1.01106,-1.94698,1.10108,1.16772,2.20139,-2.75266,-1.32422,1.00895,-1.94565,1.10136,1.16858,2.20139,-0.000514862,-0.00104989,0.000484555,2.97258e-05,-0.000192832,0.000147091,-0.00179841,0,0,0,0,0,0,0,-0.252064,26.8136,-24.7643,7.44724,0.830705,2.51242,0.09083,-0.250946,2.20443,-3.13562,1.88736,0.184067,0.92672,0.0578545
1723423,1,-2.7526,-1.32534,1.01106,-1.94698,1.10108,1.16772,2.20138,-2.75266,-1.32422,1.00895,-1.94565,1.10136,1.16858,2.20139,0.000306373,0.00106331,-0.000326578,5.4713e-05,-0.000332005,-0.000139298,-0.00119894,0,0,0,0,0,0,0,-0.279835,26.7383,-24.7366,7.44724,0.836199,2.51882,0.09083,-0.251555,2.20494,-3.13582,1.8867,0.184059,0.926754,0.0574968
1723424,1,-2.7526,-1.32535,1.01106,-1.94698,1.10108,1.16772,2.20139,-2.75266,-1.32422,1.00895,-1.94565,1.10136,1.16858,2.20139,0.000204248,5.92608e-05,-0.000217718,6.26473e-05,-0.000221337,0.000144493,0.000624859,0,0,0,0,0,0,0,-0.279835,26.766,-24.7366,7.44724,0.836199,2.51242,0.0523779,-0.251283,2.2044,-3.13542,1.8871,0.184127,0.926784,0.0572146
1723425,1,-2.7526,-1.32535,1.01106,-1.94698,1.10108,1.16772,2.20138,-2.75266,-1.32422,1.00895,-1.94565,1.10136,1.16858,2.20139,0.000136166,3.95072e-05,0.000504468,6.13938e-05,-0.000147558,9.63289e-05,-0.000295504,0,0,0,0,0,0,0,-0.279835,26.766,-24.7643,7.44724,0.836199,2.51242,0.071604,-0.250933,2.20343,-3.13469,1.88783,0.184228,0.926811,0.0570327
1723426,1,-2.7526,-1.32534,1.01106,-1.94698,1.10108,1.16772,2.20138,-2.75266,-1.32422,1.00895,-1.94565,1.10136,1.16858,2.20139,-0.000558837,0.00123276,-0.000313302,5.56509e-05,0.000105079,6.42193e-05,-0.000671721,0,0,0,0,0,0,0,-0.252064,26.7144,-24.7366,7.44724,0.830705,2.51242,0.0844213,-0.249966,2.20216,-3.13411,1.88894,0.184368,0.926837,0.0569371
1723427,1,-2.7526,-1.32534,1.01105,-1.94698,1.10108,1.16772,2.20138,-2.75266,-1.32422,1.00895,-1.94565,1.10136,1.16858,2.20139,-0.00092937,0.000265031,-0.00132249,0.000604954,7.00525e-05,-0.000431905,-0.000922532,0,0,0,0,0,0,0,-0.22826,26.7383,-24.689,7.42344,0.830705,2.52523,0.0972387,-0.247489,2.19927,-3.13244,1.89076,0.18456,0.92676,0.0569209
1723428,1,-2.7526,-1.32535,1.01106,-1.94697,1.10108,1.16772,2.20138,-2.75266,-1.32422,1.00895,-1.94565,1.10136,1.16858,2.20139,-6.27679e-05,-0.000472927,-0.000324849,0.000968395,4.67016e-05,0.000186781,0.000334415,0,0,0,0,0,0,0,-0.252064,26.766,-24.7128,7.39963,0.830705,2.51242,0.071604,-0.244852,2.19598,-3.12977,1.89223,0.184738,0.926577,0.0569923
1723429,1,-2.7526,-1.32535,1.01106,-1.94698,1.10108,1.16772,2.20139,-2.75266,-1.32422,1.00895,-1.94565,1.10136,1.16858,2.20139,0.000607769,-0.00142891,-0.000216566,-0.000461816,3.11344e-05,0.000124521,-1.44158e-05,0,0,0,0,0,0,0,-0.279835,26.8136,-24.7128,7.44724,0.830705,2.51242,0.0780126,-0.244344,2.19507,-3.128,1.89215,0.184841,0.926442,0.0571518
1723430,1,-2.7526,-1.32534,1.01106,-1.94698,1.10108,1.16772,2.20138,-2.75266,-1.32422,1.00895,-1.94565,1.10136,1.16858,2.20139,-0.000244435,0.000810632,-0.000144377,-0.000303219,0.000224207,0.000320373,-9.61054e-06,0,0,0,0,0,0,0,-0.252064,26.7383,-24.7128,7.44724,0.825212,2.50601,0.0780126,-0.245274,2.196,-3.12742,1.89139,0.184918,0.926411,0.0573869
1723431,1,-2.7526,-1.32534,1.01105,-1.94698,1.10108,1.16772,2.20138,-2.75266,-1.32422,1.00895,-1.94565,1.10136,1.16858,2.20139,-0.000719769,0.000540421,-0.000653064,-0.000755465,0.000149471,0.000213582,-0.000243766,0,0,0,0,0,0,0,-0.22826,26.7383,-24.689,7.47104,0.825212,2.50601,0.0844213,-0.244749,2.19559,-3.12653,1.89176,0.18506,0.926377,0.0576856
1723432,1,-2.75261,-1.32534,1.01105,-1.94698,1.10108,1.16772,2.20138,-2.75266,-1.32422,1.00895,-1.94565,1.10136,1.16858,2.20139,-0.00168627,0.000360281,-0.000435376,-0.000501023,-0.000103803,0.000142388,7.48483e-05,0,0,0,0,0,0,0,-0.176685,26.7383,-24.689,7.47104,0.830705,2.50601,0.0780126,-0.241192,2.1928,-3.12478,1.89394,0.185307,0.926262,0.0580391
1723433,1,-2.75261,-1.32534,1.01105,-1.94698,1.10108,1.16772,2.20138,-2.75266,-1.32422,1.00895,-1.94565,1.10136,1.16858,2.20139,-0.000474567,0.000796999,0.000266561,0.000224762,-0.000476103,-0.000142434,4.98989e-05,0,0,0,0,0,0,0,-0.204456,26.7144,-24.7128,7.44724,0.841692,2.51242,0.0780126,-0.235672,2.18896,-3.12296,1.89707,0.185602,0.926098,0.0584365
1723434,1,-2.75261,-1.32534,1.01105,-1.94698,1.10108,1.16772,2.20138,-2.75266,-1.32422,1.00895,-1.94565,1.10136,1.16858,2.20139,-0.000965992,-2.54791e-05,0.000177708,0.000151315,0.00029295,-9.49558e-05,-0.00091617,0,0,0,0,0,0,0,-0.176685,26.7383,-24.7128,7.44724,0.825212,2.51242,0.103647,-0.230525,2.18575,-3.12187,1.89963,0.185838,0.925953,0.0588648
1723435,1,-2.75261,-1.32535,1.01106,-1.94698,1.10108,1.16772,2.20138,-2.75266,-1.32422,1.00895,-1.94565,1.10136,1.16858,2.20139,-0.000643995,-0.00122341,0.000675284,-0.00045483,-8.15085e-06,-6.33039e-05,0.000338656,0,0,0,0,0,0,0,-0.176685,26.7898,-24.7366,7.47104,0.830705,2.51242,0.0780126,-0.226798,2.18465,-3.1223,1.90107,0.186002,0.925888,0.0593206
1723436,1,-2.7526,-1.32535,1.01105,-1.94698,1.10108,1.16772,2.20138,-2.75266,-1.32422,1.00895,-1.94565,1.10136,1.16858,2.20139,0.000777096,-0.000258796,-0.000106623,0.000254421,0.000198017,0.000195156,-0.000723665,0,0,0,0,0,0,0,-0.22826,26.766,-24.7128,7.44724,0.825212,2.50601,0.103647,-0.225419,2.18618,-3.12407,1.90103,0.186078,0.925913,0.0598081
1723437,1,-2.7526,-1.32535,1.01105,-1.94698,1.10108,1.16771,2.20138,-2.75266,-1.32422,1.00895,-1.94565,1.10136,1.16858,2.20139,0.000518064,-0.000729343,-0.000627894,-0.001593,0.000132011,-0.000107255,0.000466992,0,0,0,0,0,0,0,-0.22826,26.7898,-24.689,7.52262,0.825212,2.51242,0.0780126,-0.226905,2.18903,-3.12551,1.89961,0.18605,0.925964,0.0603281
1723438,1,-2.7526,-1.32535,1.01106,-1.94698,1.10108,1.16771,2.20138,-2.75266,-1.32422,1.00895,-1.94565,1.10136,1.16858,2.20139,0.000345376,7.05835e-05,0.000138216,-0.000504723,8.80074e-05,-0.000308862,0.000311328,0,0,0,0,0,0,0,-0.22826,26.766,-24.7128,7.49881,0.825212,2.51882,0.0780126,-0.229564,2.19159,-3.12588,1.89805,0.185993,0.925999,0.0608817
1723439,1,-2.7526,-1.32534,1.01106,-1.94698,1.10108,1.16772,2.20139,-2.75266,-1.32422,1.00895,-1.94565,1.10136,1.16858,2.20139,0.000787063,0.00069667,9.2144e-05,-0.000336132,-0.000144779,0.00026881,0.000207552,0,0,0,0,0,0,0,-0.252064,26.7383,-24.7128,7.49881,0.830705,2.50601,0.0780126,-0.232276,2.19327,-3.12555,1.89676,0.185913,0.926018,0.0614558
1723440,1,-2.75261,-1.32535,1.01106,-1.94698,1.10108,1.16772,2.20138,-2.75266,-1.32422,1.00895,-1.94565,1.10136,1.16858,2.20139,-0.00123853,-0.000185168,0.000618241,-0.00653243,-0.00050342,-5.81524e-05,-0.000573709,0,0,0,0,0,0,0,-0.176685,26.766,-24.7366,7.49881,0.841692,2.51242,0.0972387,-0.232176,2.19295,-3.12505,1.8979,0.185981,0.926064,0.0620353
1723441,1,-2.75261,-1.32534,1.01105,-1.94698,1.10108,1.16772,2.20138,-2.75266,-1.32422,1.00895,-1.94565,1.10136,1.16858,2.20139,-0.000825686,0.00173259,-0.00135108,-0.00423086,-0.000132163,-0.000276127,0.000566963,0,0,0,0,0,0,0,-0.176685,26.6867,-24.6612,7.47104,0.836199,2.51882,0.071604,-0.225245,2.18846,-3.12392,1.90465,0.186463,0.926127,0.0626231
1723442,1,-2.7526,-1.32534,1.01106,-1.94698,1.10108,1.16772,2.20138,-2.75266,-1.32422,1.00895,-1.94565,1.10136,1.16858,2.20139,0.000655968,-5.13627e-05,0.000305708,-0.00321471,0.000115342,-0.000184085,-9.67424e-05,0,0,0,0,0,0,0,-0.22826,26.7383,-24.7128,7.47104,0.830705,2.51882,0.0844213,-0.214809,2.1809,-3.12132,1.91427,0.187154,0.926135,0.0632138
1723443,1,-2.75261,-1.32534,1.01106,-1.94698,1.10108,1.16772,2.20138,-2.75266,-1.32422,1.00895,-1.94565,1.10136,1.16858,2.20139,-0.000769114,0.00052257,0.00141023,-0.00308836,-0.000126556,0.000351995,-6.44949e-05,0,0,0,0,0,0,0,-0.176685,26.7144,-24.7643,7.49881,0.836199,2.50601,0.0844213,-0.205995,2.17454,-3.11936,1.92251,0.187746,0.926177,0.0637887
1723444,1,-2.75261,-1.32534,1.01105,-1.94698,1.10108,1.16772,2.20139,-2.75266,-1.32422,1.00895,-1.94565,1.10136,1.16858,2.20139,-0.00106955,0.00034838,-0.000823084,-0.00283742,0.00032253,-2.69582e-06,0.0011438,0,0,0,0,0,0,0,-0.152882,26.7144,-24.689,7.52262,0.825212,2.51242,0.0523779,-0.198233,2.16993,-3.11881,1.92924,0.188238,0.926251,0.0643421
1723445,1,-2.75261,-1.32534,1.01105,-1.94698,1.10108,1.16772,2.20138,-2.75266,-1.32422,1.00895,-1.94565,1.10136,1.16858,2.20139,-0.000713036,-0.000324559,-0.000548722,-0.000851468,1.15697e-05,0.00071028,5.04552e-05,0,0,0,0,0,0,0,-0.152882,26.7383,-24.689,7.47104,0.830705,2.49319,0.071604,-0.191493,2.16603,-3.11774,1.9342,0.188607,0.926194,0.0648596
1723446,1,-2.75261,-1.32534,1.01106,-1.94698,1.10108,1.16772,2.20139,-2.75266,-1.32422,1.00895,-1.94565,1.10136,1.16858,2.20139,-0.00112497,-0.000216372,0.000190997,0.00042127,0.000414614,-1.19814e-06,0.0014917,0,0,0,0,0,0,0,-0.125111,26.7383,-24.7128,7.42344,0.819719,2.50601,0.0322363,-0.187788,2.16416,-3.11627,1.93578,0.188727,0.92599,0.0653127
1723447,1,-2.75261,-1.32534,1.01105,-1.94698,1.10108,1.16772,2.20139,-2.75266,-1.32422,1.00895,-1.94565,1.10136,1.16858,2.20139,-0.000100367,0.000412564,-0.00107909,-0.00157592,0.000513768,0.00023656,0.00048584,0,0,0,0,0,0,0,-0.152882,26.7144,-24.6612,7.49881,0.81331,2.4996,0.0459692,-0.187052,2.16413,-3.11478,1.93434,0.188607,0.925692,0.0656815
1723448,1,-2.75261,-1.32534,1.01105,-1.94698,1.10108,1.16772,2.20139,-2.75266,-1.32422,1.00895,-1.94565,1.10136,1.16858,2.20139,-0.000716525,0.000924656,-6.97824e-05,-0.00047115,-0.000301748,0.000157707,0.000323893,0,0,0,0,0,0,0,-0.125111,26.6867,-24.689,7.47104,0.830705,2.4996,0.0459692,-0.187654,2.16395,-3.11243,1.93178,0.188365,0.925322,0.0659461
1723449,1,-2.75261,-1.32534,1.01105,-1.94698,1.10108,1.16772,2.20139,-2.75266,-1.32422,1.00895,-1.94565,1.10136,1.16858,2.20139,-0.00682861,0.000616438,-4.65216e-05,-0.000366711,-0.000201165,0.000105138,0.000215929,0,0,0,0,0,0,0,-0.125111,26.6867,-24.689,7.47104,0.830705,2.4996,0.0459692,-0.184502,2.16176,-3.10982,1.93082,0.188208,0.924848,0.0661016
1723450,1,-2.75261,-1.32535,1.01105,-1.94698,1.10108,1.16772,2.20139,-2.75266,-1.32422,1.00895,-1.94565,1.10136,1.16858,2.20139,-0.00508165,-0.00144508,-0.00123744,0.000272879,6.93404e-05,7.00919e-05,0.000143952,0,0,0,0,0,0,0,-0.125111,26.766,-24.6374,7.44724,0.825212,2.4996,0.0459692,-0.173361,2.1573,-3.10794,1.93317,0.188311,0.924211,0.0661555
1723451,1,-2.75261,-1.32534,1.01105,-1.94698,1.10108,1.16772,2.20139,-2.75266,-1.32422,1.00895,-1.94565,1.10136,1.16858,2.20139,-0.0037847,0.000243038,-0.00082496,-0.0010541,4.6227e-05,0.000284087,0.000604595,0,0,0,0,0,0,0,-0.125111,26.7144,-24.6374,7.49881,0.825212,2.49319,0.0322363,-0.15843,2.15242,-3.10633,1.93698,0.188556,0.923466,0.0661114
1723452,1,-2.75261,-1.32534,1.01105,-1.94698,1.10108,1.16772,2.20139,-2.75266,-1.32422,1.00895,-1.94565,1.10136,1.16858,2.20139,-0.00337765,0.000162026,6.83848e-06,-7.5315e-05,0.000234268,-0.000522686,-0.000105563,0,0,0,0,0,0,0,-0.101307,26.7144,-24.6612,7.47104,0.819719,2.51242,0.0459692,-0.144901,2.14813,-3.10463,1.94029,0.188762,0.922749,0.0659761
1723453,1,-2.75261,-1.32534,1.01105,-1.94698,1.10108,1.16772,2.20139,-2.75266,-1.32422,1.00895,-1.94565,1.10136,1.16858,2.20139,-0.00126861,0.000108017,4.55898e-06,-6.68566e-05,-0.000657623,0.00036362,0.000438251,0,0,0,0,0,0,0,-0.152882,26.7144,-24.6612,7.47104,0.841692,2.49319,0.0322363,-0.135593,2.14542,-3.10334,1.94179,0.188802,0.922166,0.0657547
1723454,1,-2.75261,-1.32534,1.01105,-1.94698,1.10108,1.16772,2.20139,-2.75266,-1.32422,1.00895,-1.94565,1.10136,1.16858,2.20139,-0.00166281,-0.000484801,0.000652653,-0.00126348,0.000171936,0.000242413,0.000292167,0,0,0,0,0,0,0,-0.125111,26.7383,-24.689,7.52262,0.825212,2.49319,0.0322363,-0.132039,2.14549,-3.103,1.94077,0.188641,0.921774,0.0654524
1723455,1,-2.75261,-1.32534,1.01105,-1.94698,1.10108,1.16772,2.20139,-2.75266,-1.32422,1.00895,-1.94565,1.10136,1.16858,2.20139,-0.00123413,-0.0003232,-0.000214512,-0.000294873,0.000318075,0.000161609,0.000669496,0,0,0,0,0,0,0,-0.125111,26.7383,-24.6612,7.49881,0.819719,2.49319,0.0194189,-0.132856,2.1479,-3.10352,1.93807,0.188359,0.921541,0.0650751
1723456,1,-2.75261,-1.32534,1.01105,-1.94698,1.10108,1.16772,2.20139,-2.75266,-1.32422,1.00895,-1.94565,1.10136,1.16858,2.20139,-0.00091695,-0.000215467,0.000506606,-0.000203605,-0.000194851,-0.00012962,-2.83872e-05,0,0,0,0,0,0,0,-0.125111,26.7383,-24.689,7.49881,0.830705,2.4996,0.0322363,-0.136841,2.15176,-3.10425,1.93406,0.187976,0.921379,0.0646212
1723457,1,-2.75262,-1.32535,1.01105,-1.94698,1.10108,1.16772,2.20139,-2.75266,-1.32422,1.00895,-1.94565,1.10136,1.16858,2.20139,-0.00123876,-0.00135007,-0.000311877,-0.000697816,-0.000129901,-0.000323772,-0.000527551,0,0,0,0,0,0,0,-0.101307,26.7898,-24.6612,7.52262,0.830705,2.50601,0.0459692,-0.14311,2.15676,-3.10503,1.92907,0.187516,0.921251,0.0640908
1723458,1,-2.75262,-1.32534,1.01105,-1.94698,1.10108,1.16772,2.20139,-2.75266,-1.32422,1.00895,-1.94565,1.10136,1.16858,2.20139,-0.00143563,0.000306379,-0.000207918,8.76513e-05,-8.66006e-05,-0.000453207,-8.04334e-05,0,0,0,0,0,0,0,-0.0775034,26.7383,-24.6612,7.49881,0.830705,2.51242,0.038645,-0.149907,2.16196,-3.10547,1.92401,0.187052,0.921115,0.063503
1723459,1,-2.75262,-1.32534,1.01105,-1.94698,1.10108,1.16772,2.20139,-2.75266,-1.32422,1.00895,-1.94565,1.10136,1.16858,2.20139,-0.000440016,0.00196749,-0.000138612,0.000705085,-0.000261184,0.000409939,-5.36222e-05,0,0,0,0,0,0,0,-0.101307,26.6629,-24.6612,7.47104,0.836199,2.49319,0.038645,-0.156226,2.16527,-3.10428,1.91929,0.186582,0.920897,0.0628896
1723460,1,-2.75262,-1.32534,1.01105,-1.94698,1.10108,1.16772,2.20139,-2.75266,-1.32422,1.00895,-1.94565,1.10136,1.16858,2.20139,-0.000323147,0.000105234,0.000557206,-0.000738591,0.000232778,0.000273293,0.000201611,0,0,0,0,0,0,0,-0.101307,26.7144,-24.689,7.52262,0.825212,2.49319,0.0322363,-0.162358,2.16653,-3.10168,1.91485,0.186091,0.92063,0.0622694
1723461,1,-2.75262,-1.32535,1.01105,-1.94698,1.10108,1.16772,2.20139,-2.75266,-1.32422,1.00895,-1.94565,1.10136,1.16858,2.20139,-0.000237784,-0.00113627,-0.000834955,0.000712365,-0.000251716,-5.51639e-05,-0.000102952,0,0,0,0,0,0,0,-0.101307,26.766,-24.6374,7.47104,0.836199,2.4996,0.038645,-0.169213,2.16833,-3.09925,1.91014,0.185598,0.920394,0.0616423
1723462,1,-2.75262,-1.32534,1.01105,-1.94698,1.10108,1.16772,2.20139,-2.75266,-1.32422,1.00895,-1.94565,1.10136,1.16858,2.20139,-0.000175287,-0.000107899,-0.00111345,-0.000732766,3.56401e-05,0.000437942,-0.000339902,0,0,0,0,0,0,0,-0.101307,26.7383,-24.6136,7.52262,0.830705,2.48678,0.0459692,-0.176926,2.17133,-3.09676,1.90495,0.185119,0.920142,0.0610061
1723463,1,-2.75262,-1.32534,1.01105,-1.94698,1.10108,1.16772,2.20139,-2.75266,-1.32422,1.00895,-1.94565,1.10136,1.16858,2.20139,-0.000686244,0.000484879,0.00102094,-0.000489448,2.37601e-05,0.000291961,-0.000226601,0,0,0,0,0,0,0,-0.0775034,26.7144,-24.689,7.52262,0.830705,2.48678,0.0459692,-0.183522,2.17387,-3.09398,1.9006,0.184726,0.919863,0.0603762
1723464,1,-2.75262,-1.32534,1.01105,-1.94698,1.10108,1.16772,2.20138,-2.75266,-1.32422,1.00895,-1.94565,1.10136,1.16858,2.20139,8.98862e-05,0.000972867,3.10118e-05,-0.000327002,0.000422741,-4.27181e-05,-0.00157522,0,0,0,0,0,0,0,-0.101307,26.6867,-24.6612,7.52262,0.819719,2.49319,0.0844213,-0.187822,2.17523,-3.0918,1.89783,0.18444,0.919617,0.0597749
1723465,1,-2.75261,-1.32534,1.01105,-1.94698,1.10108,1.16772,2.20139,-2.75266,-1.32422,1.00895,-1.94565,1.10136,1.16858,2.20139,0.000609664,-0.000557848,-0.000536137,0.000338284,0.000281827,-0.000265838,-0.000100712,0,0,0,0,0,0,0,-0.125111,26.7383,-24.6374,7.49881,0.819719,2.4996,0.0587866,-0.191802,2.17626,-3.0898,1.89533,0.184155,0.919374,0.0592244
1723466,1,-2.75262,-1.32534,1.01105,-1.94698,1.10108,1.16772,2.20138,-2.75266,-1.32422,1.00895,-1.94565,1.10136,1.16858,2.20139,-0.000712486,-0.000371899,0.000199387,0.000225127,-1.55656e-05,6.01338e-05,-0.00149129,0,0,0,0,0,0,0,-0.0775034,26.7383,-24.6612,7.49881,0.825212,2.49319,0.0972387,-0.196506,2.17813,-3.08791,1.89222,0.183824,0.919108,0.0587515
1723467,0.99,-2.75262,-1.32534,1.01105,-1.94698,1.10108,1.16772,2.20138,-2.75266,-1.32422,1.00895,-1.94565,1.10136,1.16858,2.20139,-0.00112858,0.000308879,-0.000423887,0.000799402,-0.000620729,-0.00019727,-0.000519479,0,0,0,0,0,0,0,-0.0497324,26.7144,-24.6374,7.47104,0.841692,2.4996,0.0844213,-0.199856,2.18016,-3.08641,1.88945,0.18352,0.9188,0.0583824
1723468,0.99,-2.75262,-1.32534,1.01105,-1.94698,1.10108,1.16772,2.20138,-2.75266,-1.32422,1.00895,-1.94565,1.10136,1.16858,2.20139,-0.000105758,-0.00100051,-0.000839403,0.000532712,-0.000210369,-0.000131513,-0.000346319,0,0,0,0,0,0,0,-0.0775034,26.766,-24.6136,7.47104,0.836199,2.4996,0.0844213,-0.201469,2.18159,-3.08465,1.88727,0.183269,0.918421,0.0581402
1723469,0.99,-2.75262,-1.32534,1.01105,-1.94698,1.10108,1.16772,2.20138,-2.75266,-1.32422,1.00895,-1.94565,1.10136,1.16858,2.20139,-0.000722357,0.000539422,0.000554022,0.000354975,-0.000343696,-8.76754e-05,-0.000230879,0,0,0,0,0,0,0,-0.0497324,26.7144,-24.6612,7.47104,0.841692,2.4996,0.0844213,-0.202489,2.18296,-3.08279,1.88524,0.183054,0.918026,0.0580332
1723470,0.99,-2.75262,-1.32534,1.01105,-1.94698,1.10108,1.16772,2.20138,-2.75266,-1.32422,1.00895,-1.94565,1.10136,1.16858,2.20139,0.000166364,-0.000197197,-0.000187464,-0.000413089,0.000381221,-5.84503e-05,0.000320798,0,0,0,0,0,0,0,-0.0775034,26.7383,-24.6374,7.49881,0.825212,2.4996,0.071604,-0.202623,2.18402,-3.08135,1.88384,0.182907,0.917688,0.0580557
1723471,0.99,-2.75262,-1.32534,1.01105,-1.94698,1.10108,1.16772,2.20138,-2.75266,-1.32422,1.00895,-1.94565,1.10136,1.16858,2.20139,0.000666463,0.000425347,-0.000681788,-0.000275487,0.000457598,0.000198392,-0.00073557,0,0,0,0,0,0,0,-0.101307,26.7144,-24.6136,7.49881,0.819719,2.49319,0.0972387,-0.202496,2.18442,-3.07962,1.88298,0.182814,0.917393,0.0581878
1723472,0.99,-2.75262,-1.32534,1.01105,-1.94698,1.10108,1.16772,2.20138,-2.75266,-1.32422,1.00895,-1.94565,1.10136,1.16858,2.20139,-0.000113448,0.000283565,0.000102287,-0.000183728,-0.000305286,0.00036962,0.000221697,0,0,0,0,0,0,0,-0.0775034,26.7144,-24.6374,7.49881,0.836199,2.48678,0.0780126,-0.202546,2.18413,-3.07716,1.88235,0.182739,0.917103,0.0584087
1723473,0.99,-2.75262,-1.32534,1.01105,-1.94698,1.10108,1.16772,2.20138,-2.75266,-1.32422,1.00895,-1.94565,1.10136,1.16858,2.20139,-0.000725954,-0.000367769,-0.000488621,0.000527076,-7.37724e-08,-0.000465663,-8.95612e-05,0,0,0,0,0,0,0,-0.0497324,26.7383,-24.6136,7.47104,0.830705,2.50601,0.0844213,-0.201769,2.18349,-3.07467,1.88212,0.182696,0.916803,0.058709
1723474,0.99,-2.75262,-1.32534,1.01105,-1.94698,1.10108,1.16772,2.20138,-2.75266,-1.32422,1.00895,-1.94565,1.10136,1.16858,2.20139,0.000721926,0.000311633,0.000231065,-0.000855082,-0.00040695,0.000401635,0.00041501,0,0,0,0,0,0,0,-0.101307,26.7144,-24.6374,7.52262,0.841692,2.48678,0.071604,-0.200228,2.183,-3.07261,1.88219,0.182689,0.916512,0.0590741
1723475,0.99,-2.75262,-1.32534,1.01105,-1.94698,1.10108,1.16772,2.20138,-2.75266,-1.32422,1.00895,-1.94565,1.10136,1.16858,2.20139,-7.59264e-05,0.000857369,-0.000402769,-0.000570084,0.000339051,-0.00044432,-0.000910121,0,0,0,0,0,0,0,-0.0775034,26.6867,-24.6136,7.52262,0.825212,2.50601,0.103647,-0.198278,2.18206,-3.07053,1.88277,0.182724,0.916252,0.059486
1723476,0.99,-2.75262,-1.32534,1.01104,-1.94698,1.10108,1.16772,2.20138,-2.75266,-1.32422,1.00895,-1.94565,1.10136,1.16858,2.20139,-5.09163e-05,-7.80346e-05,-0.000918127,0.00138316,-0.000180867,-0.000296214,0.000342688,0,0,0,0,0,0,0,-0.0775034,26.7144,-24.5858,7.44724,0.836199,2.50601,0.0780126,-0.196167,2.18037,-3.06776,1.88347,0.182763,0.915963,0.0599341
1723477,0.99,-2.75262,-1.32534,1.01105,-1.94698,1.10108,1.16772,2.20138,-2.75266,-1.32422,1.00895,-1.94565,1.10136,1.16858,2.20139,-3.41683e-05,0.000597591,3.75296e-05,-0.000841148,0.000286323,3.98832e-05,0.000465818,0,0,0,0,0,0,0,-0.0775034,26.6867,-24.6136,7.52262,0.825212,2.4996,0.071604,-0.194238,2.17859,-3.06453,1.88373,0.182772,0.915632,0.0604164
1723478,0.99,-2.75262,-1.32534,1.01105,-1.94698,1.10108,1.16772,2.20138,-2.75266,-1.32422,1.00895,-1.94565,1.10136,1.16858,2.20139,-2.29469e-05,0.000955206,0.00113864,-3.96607e-06,0.000190882,2.65888e-05,-0.000164173,0,0,0,0,0,0,0,-0.0775034,26.6629,-24.6612,7.49881,0.825212,2.4996,0.0844213,-0.191641,2.17681,-3.06205,1.88439,0.182809,0.915371,0.060924
1723479,0.99,-2.75262,-1.32534,1.01105,-1.94698,1.10108,1.16772,2.20139,-2.75266,-1.32422,1.00895,-1.94565,1.10136,1.16858,2.20139,0.0010982,-0.00112643,0.000202284,-2.65344e-06,0.000127255,1.77259e-05,-0.000109448,0,0,0,0,0,0,0,-0.125111,26.7383,-24.6374,7.49881,0.825212,2.4996,0.0844213,-0.18936,2.17616,-3.06123,1.88497,0.182838,0.915249,0.0614357
1723480,0.99,-2.75262,-1.32534,1.01105,-1.94698,1.10108,1.16772,2.20138,-2.75266,-1.32422,1.00895,-1.94565,1.10136,1.16858,2.20139,-0.000381585,-0.000194144,-0.000421956,0.000647838,-0.000118614,1.18172e-05,-0.000547684,0,0,0,0,0,0,0,-0.0775034,26.7144,-24.6136,7.47104,0.830705,2.4996,0.0972387,-0.188907,2.17755,-3.06138,1.88434,0.18279,0.915191,0.0619401
1723481,0.99,-2.75262,-1.32534,1.01104,-1.94699,1.10108,1.16772,2.20138,-2.75266,-1.32422,1.00895,-1.94565,1.10136,1.16858,2.20139,-0.000904075,-0.000129429,-0.000281304,-0.000774539,0.000124375,7.87816e-06,0.000109596,0,0,0,0,0,0,0,-0.0497324,26.7144,-24.6136,7.52262,0.825212,2.4996,0.0844213,-0.187854,2.17885,-3.0611,1.88386,0.182763,0.915078,0.062448
1723482,0.99,-2.75262,-1.32534,1.01104,-1.94699,1.10108,1.16772,2.20139,-2.75266,-1.32422,1.00895,-1.94565,1.10136,1.16858,2.20139,4.68442e-05,-8.62862e-05,-0.00083715,-0.000516363,-0.000323985,0.00047997,0.00149722,0,0,0,0,0,0,0,-0.0775034,26.7144,-24.5858,7.52262,0.836199,2.48678,0.0459692,-0.184511,2.17848,-3.0598,1.88483,0.182842,0.914886,0.0629715
1723483,0.99,-2.75262,-1.32534,1.01105,-1.94698,1.10108,1.16772,2.20138,-2.75266,-1.32422,1.00895,-1.94565,1.10136,1.16858,2.20139,0.000588002,-0.000614336,0.000648326,0.000212567,0.000190911,0.00031998,4.87091e-05,0,0,0,0,0,0,0,-0.101307,26.7383,-24.6374,7.49881,0.825212,2.48678,0.071604,-0.181198,2.17789,-3.05816,1.886,0.182933,0.914681,0.0634881
1723484,0.99,-2.75262,-1.32534,1.01105,-1.94699,1.10108,1.16772,2.20139,-2.75266,-1.32422,1.00895,-1.94565,1.10136,1.16858,2.20139,-0.000164841,0.000147255,0.000432217,-0.000415103,0.000127274,-2.40389e-05,0.000981909,0,0,0,0,0,0,0,-0.0775034,26.7144,-24.6374,7.52262,0.825212,2.49319,0.0459692,-0.179145,2.17837,-3.05738,1.88648,0.182963,0.914535,0.063961
1723485,0.99,-2.75262,-1.32534,1.01105,-1.94698,1.10108,1.16772,2.20139,-2.75266,-1.32422,1.00895,-1.94565,1.10136,1.16858,2.20139,-0.000109916,9.81697e-05,0.000288145,0.000280075,-0.000118601,0.000221333,-0.00029483,0,0,0,0,0,0,0,-0.0775034,26.7144,-24.6374,7.49881,0.830705,2.48678,0.071604,-0.177005,2.17895,-3.05723,1.88701,0.182976,0.914412,0.0643702
1723486,0.99,-2.75262,-1.32534,1.01105,-1.94698,1.10108,1.16772,2.20139,-2.75266,-1.32422,1.00895,-1.94565,1.10136,1.16858,2.20139,-7.32944e-05,6.54465e-05,0.00139852,0.000186715,-0.000282518,-0.000327163,0.00149887,0,0,0,0,0,0,0,-0.0775034,26.7144,-24.689,7.49881,0.836199,2.4996,0.0258276,-0.17445,2.17932,-3.0575,1.88771,0.182981,0.914287,0.0647064
1723487,0.99,-2.75262,-1.32534,1.01105,-1.94698,1.10108,1.16772,2.20139,-2.75266,-1.32422,1.00895,-1.94565,1.10136,1.16858,2.20139,-4.88755e-05,4.3631e-05,-0.00083089,0.00077409,-0.000391796,1.92506e-05,-0.000458817,0,0,0,0,0,0,0,-0.0775034,26.7144,-24.6136,7.47104,0.841692,2.49319,0.0651953,-0.172146,2.17973,-3.05788,1.88809,0.182956,0.91414,0.0649581
1723488,0.99,-2.75262,-1.32534,1.01104,-1.94698,1.10108,1.16772,2.20139,-2.75266,-1.32422,1.00895,-1.94565,1.10136,1.16858,2.20139,-3.25931e-05,0.000678701,-0.00120354,0.000516059,0.000552605,1.28337e-05,0.000406199,0,0,0,0,0,0,0,-0.0775034,26.6867,-24.5858,7.47104,0.819719,2.49319,0.0459692,-0.170275,2.17899,-3.05635,1.88808,0.182904,0.913851,0.065113
1723489,0.99,-2.75262,-1.32534,1.01104,-1.94698,1.10108,1.16772,2.20139,-2.75266,-1.32422,1.00895,-1.94565,1.10136,1.16858,2.20139,-0.00067135,-0.000753958,-0.00200879,0.000900851,-3.84978e-05,-0.000228803,-0.000203919,0,0,0,0,0,0,0,-0.0497324,26.7383,-24.5342,7.44724,0.830705,2.4996,0.0587866,-0.168546,2.17662,-3.05205,1.88782,0.182845,0.913367,0.0651768
1723490,0.99,-2.75262,-1.32534,1.01104,-1.94698,1.10108,1.16772,2.20139,-2.75266,-1.32422,1.00895,-1.94565,1.10136,1.16858,2.20139,0.000202042,-0.000502639,0.00107366,-0.000605859,0.000177785,-0.000152535,0.00108476,0,0,0,0,0,0,0,-0.0775034,26.7383,-24.6374,7.49881,0.825212,2.4996,0.0258276,-0.16674,2.17447,-3.04744,1.88755,0.182812,0.91286,0.0651659
1723491,0.99,-2.75262,-1.32534,1.01104,-1.94698,1.10108,1.16772,2.20139,-2.75266,-1.32422,1.00895,-1.94565,1.10136,1.16858,2.20139,0.000691503,0.000221719,-0.000490652,-0.000403906,0.000118524,-0.000339049,0.000248454,0,0,0,0,0,0,0,-0.101307,26.7144,-24.5858,7.49881,0.825212,2.50601,0.038645,-0.165088,2.17363,-3.04463,1.88754,0.182816,0.912523,0.0650871
1723492,0.99,-2.75262,-1.32534,1.01104,-1.94698,1.10108,1.16772,2.20139,-2.75266,-1.32422,1.00895,-1.94565,1.10136,1.16858,2.20139,0.000460999,0.00135424,-0.000327101,-0.000826083,-0.000124435,0.000486044,-0.000342991,0,0,0,0,0,0,0,-0.101307,26.6629,-24.5858,7.52262,0.830705,2.48678,0.0523779,-0.163389,2.1723,-3.04212,1.8882,0.182848,0.912295,0.0649333
1723493,0.99,-2.75262,-1.32534,1.01104,-1.94698,1.10108,1.16772,2.20139,-2.75266,-1.32422,1.00895,-1.94565,1.10136,1.16858,2.20139,0.00030733,0.000346014,-0.000218067,0.000655704,0.000323944,-0.000150689,0.000517325,0,0,0,0,0,0,0,-0.101307,26.6867,-24.5858,7.47104,0.819719,2.4996,0.0322363,-0.161395,2.16955,-3.03877,1.88931,0.182878,0.912064,0.0647061
1723494,0.99,-2.75262,-1.32534,1.01105,-1.94698,1.10108,1.16772,2.20139,-2.75266,-1.32422,1.00895,-1.94565,1.10136,1.16858,2.20139,0.000204885,0.000230676,0.00106105,-0.000212478,-0.000394389,0.0001369,0.000582242,0,0,0,0,0,0,0,-0.101307,26.6867,-24.6374,7.49881,0.836199,2.49319,0.0258276,-0.159577,2.1672,-3.03611,1.89016,0.182872,0.911875,0.0644177
1723495,0.99,-2.75262,-1.32534,1.01105,-1.94698,1.10108,1.16772,2.20139,-2.75266,-1.32422,1.00895,-1.94565,1.10136,1.16858,2.20139,0.000136589,-0.00105264,0.000707365,0.00106477,-5.94752e-05,0.000565984,0.000150803,0,0,0,0,0,0,0,-0.101307,26.7383,-24.6374,7.44724,0.830705,2.48037,0.0322363,-0.158443,2.16705,-3.03564,1.89021,0.182823,0.911793,0.0640643
1723496,0.99,-2.75262,-1.32534,1.01105,-1.94698,1.10108,1.16772,2.20139,-2.75266,-1.32422,1.00895,-1.94565,1.10136,1.16858,2.20139,-0.00111537,-0.000144949,0.00102839,-0.000496577,0.00060461,-9.73949e-05,-0.00064545,0,0,0,0,0,0,0,-0.0497324,26.7144,-24.6612,7.49881,0.81331,2.49319,0.0523779,-0.157149,2.16882,-3.03726,1.88994,0.182777,0.911784,0.063641
1723497,0.99,-2.75262,-1.32534,1.01105,-1.94699,1.10108,1.16772,2.20139,-2.75266,-1.32422,1.00895,-1.94565,1.10136,1.16858,2.20139,-0.000743579,-0.00130306,0.00012878,-0.00144468,-0.000241187,0.000172429,0.000315685,0,0,0,0,0,0,0,-0.0497324,26.766,-24.6374,7.54642,0.830705,2.48678,0.0322363,-0.15365,2.17065,-3.03982,1.89096,0.182852,0.911785,0.0631663
1723498,0.99,-2.75262,-1.32534,1.01105,-1.94698,1.10108,1.16772,2.20139,-2.75266,-1.32422,1.00895,-1.94565,1.10136,1.16858,2.20139,0.000153894,-0.000868706,8.58537e-05,0.000150507,-0.000160791,0.000114953,-0.000772887,0,0,0,0,0,0,0,-0.0775034,26.766,-24.6374,7.49881,0.830705,2.48678,0.0587866,-0.148965,2.17221,-3.04222,1.89298,0.183017,0.911756,0.0626608
1723499,0.99,-2.75262,-1.32534,1.01105,-1.94698,1.10108,1.16772,2.20139,-2.75266,-1.32422,1.00895,-1.94565,1.10136,1.16858,2.20139,-0.000547018,0.0012769,-0.000499576,0.000749952,-0.000107194,-0.000160724,0.000468086,0,0,0,0,0,0,0,-0.0497324,26.6867,-24.6136,7.47104,0.830705,2.49319,0.0322363,-0.145217,2.17303,-3.04305,1.89445,0.18312,0.911612,0.0621403
1723500,0.99,-2.75262,-1.32534,1.01104,-1.94698,1.10108,1.16772,2.20139,-2.75266,-1.32422,1.00895,-1.94565,1.10136,1.16858,2.20139,0.00139856,-0.000355157,-0.000982665,0.000499968,0.000131988,0.00013021,-0.000433928,0,0,0,0,0,0,0,-0.125111,26.7383,-24.5858,7.47104,0.825212,2.48678,0.0523779,-0.143153,2.17219,-3.04124,1.89481,0.183092,0.911299,0.0616204
1723501,0.98,-2.75262,-1.32534,1.01104,-1.94698,1.10108,1.16772,2.20139,-2.75266,-1.32422,1.00895,-1.94565,1.10136,1.16858,2.20139,0.000932372,-0.000886386,-0.00186154,-0.000316302,8.79919e-05,-0.000387911,0.000219341,0,0,0,0,0,0,0,-0.125111,26.766,-24.5342,7.49881,0.825212,2.4996,0.038645,-0.144052,2.17116,-3.03724,1.89361,0.182939,0.910881,0.061103
1723502,0.98,-2.75262,-1.32534,1.01104,-1.94698,1.10108,1.16772,2.20139,-2.75266,-1.32422,1.00895,-1.94565,1.10136,1.16858,2.20139,-0.000492043,5.86902e-05,0.00117183,-0.000210868,5.86612e-05,0.000453469,0.00109566,0,0,0,0,0,0,0,-0.0775034,26.7383,-24.6374,7.49881,0.825212,2.48037,0.0130102,-0.146032,2.17075,-3.03303,1.89206,0.182772,0.910472,0.0605943
1723503,0.98,-2.75262,-1.32534,1.01105,-1.94698,1.10108,1.16772,2.20139,-2.75266,-1.32422,1.00895,-1.94565,1.10136,1.16858,2.20139,-0.000328029,3.91268e-05,0.000781219,0.000509035,3.91075e-05,6.49539e-05,-0.000964979,0,0,0,0,0,0,0,-0.0775034,26.7383,-24.6374,7.47104,0.825212,2.48678,0.0587866,-0.14596,2.17059,-3.0308,1.89162,0.182683,0.910166,0.0600909
1723504,0.98,-2.75262,-1.32534,1.01104,-1.94698,1.10108,1.16772,2.20139,-2.75266,-1.32422,1.00895,-1.94565,1.10136,1.16858,2.20139,0.000894938,-0.000623529,-3.59995e-05,0.000339357,0.000466881,0.00051802,0.000340025,0,0,0,0,0,0,0,-0.125111,26.766,-24.6136,7.47104,0.81331,2.47396,0.0322363,-0.145083,2.17111,-3.03031,1.89141,0.182598,0.909939,0.0595776
1723505,0.98,-2.75262,-1.32534,1.01104,-1.94698,1.10108,1.16772,2.20139,-2.75266,-1.32422,1.00895,-1.94565,1.10136,1.16858,2.20139,0.000596625,0.00079074,-2.39997e-05,0.000226238,0.000311254,-0.00036673,0.000226683,0,0,0,0,0,0,0,-0.125111,26.7144,-24.6136,7.47104,0.81331,2.49319,0.0322363,-0.145364,2.172,-3.02977,1.89053,0.182441,0.909706,0.0590607
1723506,0.98,-2.75262,-1.32534,1.01105,-1.94698,1.10108,1.16772,2.20139,-2.75266,-1.32422,1.00895,-1.94565,1.10136,1.16858,2.20139,-0.000159062,-0.000679266,0.000540812,-0.000498789,-0.000233307,-0.000244487,-0.000832222,0,0,0,0,0,0,0,-0.101307,26.766,-24.6374,7.49881,0.825212,2.49319,0.0587866,-0.145622,2.17241,-3.02891,1.88989,0.182275,0.909459,0.058547
1723507,0.98,-2.75262,-1.32534,1.01105,-1.94698,1.10108,1.16772,2.20139,-2.75266,-1.32422,1.00895,-1.94565,1.10136,1.16858,2.20139,-0.000106041,-0.000452844,0.000360541,-0.000332526,-0.000358988,-0.000162991,-0.000554815,0,0,0,0,0,0,0,-0.101307,26.766,-24.6374,7.49881,0.830705,2.49319,0.0587866,-0.144493,2.17277,-3.02873,1.89024,0.182177,0.909246,0.058041
1723508,0.97,-2.75262,-1.32534,1.01104,-1.94698,1.10108,1.16772,2.20139,-2.75266,-1.32422,1.00895,-1.94565,1.10136,1.16858,2.20139,-7.06942e-05,-0.000301896,-0.000966065,0.000984742,0.000167575,-0.00034602,0.000104841,0,0,0,0,0,0,0,-0.101307,26.766,-24.5858,7.44724,0.819719,2.4996,0.0459692,-0.142731,2.17323,-3.0286,1.89089,0.182107,0.909016,0.057563
1723509,0.96,-2.75262,-1.32534,1.01105,-1.94698,1.10108,1.16772,2.20139,-2.75266,-1.32422,1.00895,-1.94565,1.10136,1.16858,2.20139,-0.000603941,-0.000201264,5.57066e-06,0.000656495,0.000111717,0.000244038,0.000341162,0,0,0,0,0,0,0,-0.0775034,26.766,-24.6136,7.44724,0.819719,2.48678,0.038645,-0.141091,2.17328,-3.02741,1.89107,0.181998,0.908693,0.057128
1723510,0.96,-2.75262,-1.32534,1.01104,-1.94698,1.10108,1.16772,2.20139,-2.75266,-1.32422,1.00895,-1.94565,1.10136,1.16858,2.20139,0.000710996,0.000515438,-0.0006459,0.000437663,-0.000535874,0.000162692,-0.000518544,0,0,0,0,0,0,0,-0.125111,26.7383,-24.5858,7.44724,0.836199,2.48678,0.0587866,-0.139609,2.17272,-3.02528,1.89092,0.181856,0.90831,0.0567311
1723511,0.96,-2.75262,-1.32534,1.01104,-1.94698,1.10108,1.16772,2.20139,-2.75266,-1.32422,1.00895,-1.94565,1.10136,1.16858,2.20139,-8.28145e-05,0.000900437,0.000775826,0.000291775,0.000253103,-0.000128898,0.000637648,0,0,0,0,0,0,0,-0.101307,26.7144,-24.6374,7.44724,0.819719,2.49319,0.0322363,-0.138314,2.17138,-3.02268,1.89078,0.1817,0.907936,0.0563673
1723512,0.96,-2.75262,-1.32534,1.01104,-1.94698,1.10108,1.16772,2.20139,-2.75266,-1.32422,1.00895,-1.94565,1.10136,1.16858,2.20139,-5.52096e-05,0.000600291,0.000517217,0.0065056,-0.000238166,0.000151427,-0.000558245,0,0,0,0,0,0,0,-0.101307,26.7144,-24.6374,7.44724,0.830705,2.48678,0.0587866,-0.138443,2.17055,-3.02051,1.88906,0.181412,0.907571,0.0560303
1723513,0.96,-2.75262,-1.32534,1.01104,-1.94698,1.10108,1.16772,2.20139,-2.75266,-1.32422,1.00895,-1.94565,1.10136,1.16858,2.20139,-0.000593618,-0.000806232,-0.00141843,0.00365656,0.000485483,0.000100951,0.000611181,0,0,0,0,0,0,0,-0.0775034,26.766,-24.562,7.49881,0.81331,2.48678,0.0322363,-0.14178,2.17186,-3.01862,1.88361,0.180851,0.907116,0.0557041
1723514,0.96,-2.75261,-1.32534,1.01104,-1.94698,1.10108,1.16772,2.20138,-2.75266,-1.32422,1.00895,-1.94565,1.10136,1.16858,2.20139,0.000717878,-0.000537488,-0.000388806,0.00403858,-0.000320605,6.7301e-05,-0.00105061,0,0,0,0,0,0,0,-0.125111,26.766,-24.5858,7.44724,0.830705,2.48678,0.071604,-0.147753,2.17501,-3.01624,1.87562,0.180135,0.906564,0.0553832
1723515,0.96,-2.75262,-1.32534,1.01104,-1.94698,1.10108,1.16772,2.20139,-2.75266,-1.32422,1.00895,-1.94565,1.10136,1.16858,2.20139,0.000478586,-0.000915137,-0.000816016,0.00354503,-0.000417187,-0.000192492,1.16712e-05,0,0,0,0,0,0,0,-0.125111,26.7898,-24.562,7.42344,0.836199,2.49319,0.0523779,-0.155334,2.17948,-3.01383,1.86693,0.179403,0.906035,0.0550764
1723516,0.96,-2.75262,-1.32534,1.01105,-1.94698,1.10108,1.16772,2.20139,-2.75266,-1.32422,1.00895,-1.94565,1.10136,1.16858,2.20139,-0.000237755,0.00115315,0.00177604,0.00258523,0.000569586,-0.000128328,7.78083e-06,0,0,0,0,0,0,0,-0.101307,26.7144,-24.6612,7.42344,0.81331,2.49319,0.0523779,-0.162339,2.18411,-3.01236,1.85922,0.17876,0.905623,0.0548079
1723517,0.96,-2.75262,-1.32534,1.01104,-1.94698,1.10108,1.16772,2.20139,-2.75266,-1.32422,1.00895,-1.94565,1.10136,1.16858,2.20139,0.000398309,0.000768764,-0.000579212,0.000776266,-6.10856e-05,0.000389166,0.000988531,0,0,0,0,0,0,0,-0.125111,26.7144,-24.5858,7.47104,0.825212,2.48037,0.0258276,-0.165657,2.18652,-3.01168,1.85482,0.178357,0.905347,0.0545934
1723518,0.96,-2.75261,-1.32534,1.01104,-1.94698,1.10108,1.16772,2.20139,-2.75266,-1.32422,1.00895,-1.94565,1.10136,1.16858,2.20139,0.000915153,-4.43024e-05,0.000263473,0.00119913,-0.000244174,2.20851e-05,-0.000561682,0,0,0,0,0,0,0,-0.152882,26.7383,-24.6136,7.44724,0.830705,2.48678,0.0587866,-0.165938,2.18645,-3.0107,1.85362,0.178197,0.905152,0.0544103
1723519,0.96,-2.75261,-1.32534,1.01104,-1.94698,1.10108,1.16772,2.20139,-2.75266,-1.32422,1.00895,-1.94565,1.10136,1.16858,2.20139,0.000610102,-0.00123596,-0.000473965,0.000336209,0.000244118,-0.000459994,0.000100263,0,0,0,0,0,0,0,-0.152882,26.7898,-24.5858,7.47104,0.819719,2.4996,0.0459692,-0.165571,2.18618,-3.00975,1.85394,0.178185,0.905032,0.0542309
1723520,0.96,-2.75261,-1.32534,1.01104,-1.94698,1.10108,1.16772,2.20139,-2.75266,-1.32422,1.00895,-1.94565,1.10136,1.16858,2.20139,0.000406735,-0.000267162,-0.000315977,0.00140797,-0.000244156,0.000405414,6.68421e-05,0,0,0,0,0,0,0,-0.152882,26.766,-24.5858,7.42344,0.830705,2.48037,0.0459692,-0.165127,2.18667,-3.0092,1.85489,0.178262,0.904966,0.0540523
1723521,0.96,-2.75261,-1.32534,1.01104,-1.94698,1.10108,1.16772,2.20138,-2.75266,-1.32422,1.00895,-1.94565,1.10136,1.16858,2.20139,0.000271156,0.00167793,0.000438963,-0.000771943,0.000244131,-0.000204442,-0.00209167,0,0,0,0,0,0,0,-0.152882,26.6867,-24.6136,7.49881,0.819719,2.49319,0.103647,-0.163178,2.18597,-3.00829,1.85713,0.178437,0.904898,0.0538841
1723522,0.96,-2.75261,-1.32534,1.01104,-1.94698,1.10108,1.16772,2.20138,-2.75266,-1.32422,1.00895,-1.94565,1.10136,1.16858,2.20139,0.0013872,-0.000737419,0.000849454,0.000731286,-4.06968e-05,0.000101064,-0.000682369,0,0,0,0,0,0,0,-0.204456,26.766,-24.6374,7.44724,0.825212,2.48678,0.0844213,-0.159767,2.18383,-3.00749,1.86076,0.178691,0.904879,0.0537521
1723523,0.96,-2.75261,-1.32534,1.01104,-1.94698,1.10108,1.16772,2.20138,-2.75266,-1.32422,1.00895,-1.94565,1.10136,1.16858,2.20139,0.000275184,-0.000491612,9.49053e-06,0.000517141,-0.000230582,6.73762e-05,-0.00116699,0,0,0,0,0,0,0,-0.176685,26.766,-24.6136,7.44724,0.830705,2.48678,0.103647,-0.157234,2.18284,-3.00778,1.86398,0.178922,0.904935,0.0536971
1723524,0.96,-2.75262,-1.32534,1.01104,-1.94698,1.10108,1.16772,2.20138,-2.75266,-1.32422,1.00895,-1.94565,1.10136,1.16858,2.20139,-0.00157978,0.000321872,-0.000643287,0.000366973,-0.000153721,-0.0004298,-0.000303275,0,0,0,0,0,0,0,-0.101307,26.7383,-24.5858,7.44724,0.830705,2.4996,0.09083,-0.154078,2.18204,-3.0081,1.86719,0.179173,0.904934,0.0537548
1723525,0.96,-2.75261,-1.32534,1.01104,-1.94698,1.10108,1.16772,2.20138,-2.75266,-1.32422,1.00895,-1.94565,1.10136,1.16858,2.20139,0.00071005,-0.000435032,0.000777568,-0.000295504,0.00030442,-4.91747e-05,3.51755e-05,0,0,0,0,0,0,0,-0.176685,26.766,-24.6374,7.47104,0.819719,2.49319,0.0844213,-0.148599,2.17989,-3.00781,1.87151,0.179518,0.904843,0.0539448
1723526,0.96,-2.75261,-1.32534,1.01104,-1.94697,1.10108,1.16772,2.20139,-2.75266,-1.32422,1.00895,-1.94565,1.10136,1.16858,2.20139,0.00112298,0.000359592,-0.000688047,0.00148593,-5.0366e-07,-3.27831e-05,2.34503e-05,0,0,0,0,0,0,0,-0.204456,26.7383,-24.5858,7.39963,0.825212,2.49319,0.0844213,-0.144323,2.17808,-3.00738,1.87505,0.179805,0.904758,0.0542565
1723527,0.96,-2.75261,-1.32534,1.01104,-1.94698,1.10108,1.16772,2.20138,-2.75266,-1.32422,1.00895,-1.94565,1.10136,1.16858,2.20139,0.000748654,0.00079654,-0.000458698,-0.00132006,-3.35773e-07,-0.000259214,0.000252992,0,0,0,0,0,0,0,-0.204456,26.7144,-24.5858,7.49881,0.825212,2.4996,0.0780126,-0.142577,2.17629,-3.00586,1.87722,0.179975,0.904653,0.0546644
1723528,0.96,-2.75261,-1.32535,1.01104,-1.94698,1.10108,1.16772,2.20138,-2.75266,-1.32422,1.00895,-1.94565,1.10136,1.16858,2.20139,-0.000707323,-0.000675399,0.000343815,-0.000223398,-0.000610575,-0.00017281,-0.000543415,0,0,0,0,0,0,0,-0.152882,26.766,-24.6136,7.47104,0.841692,2.4996,0.0972387,-0.140382,2.17359,-3.00369,1.87995,0.180184,0.904542,0.0551476
1723529,0.96,-2.75261,-1.32534,1.01104,-1.94698,1.10108,1.16772,2.20138,-2.75266,-1.32422,1.00895,-1.94565,1.10136,1.16858,2.20139,0.000734877,0.000199348,-0.000420404,0.00605082,0.000203301,0.000122153,0.000112441,0,0,0,0,0,0,0,-0.204456,26.7383,-24.5858,7.47104,0.825212,2.49319,0.0844213,-0.139076,2.17218,-3.00221,1.88128,0.180304,0.904423,0.0556819
1723530,0.96,-2.75261,-1.32534,1.01104,-1.94698,1.10108,1.16772,2.20138,-2.75266,-1.32422,1.00895,-1.94565,1.10136,1.16858,2.20139,0.00104673,0.000132899,0.000926157,0.00511085,-6.79163e-05,0.000556153,-0.000162398,0,0,0,0,0,0,0,-0.22826,26.7383,-24.6374,7.44724,0.830705,2.48037,0.09083,-0.143389,2.17419,-3.00125,1.87715,0.180008,0.904227,0.0562501
1723531,0.96,-2.75261,-1.32534,1.01104,-1.94698,1.10108,1.16772,2.20138,-2.75266,-1.32422,1.00895,-1.94565,1.10136,1.16858,2.20139,-0.000508606,8.85991e-05,-0.0011458,0.00379735,-4.52776e-05,-0.000578667,0.000366452,0,0,0,0,0,0,0,-0.176685,26.7383,-24.562,7.44724,0.830705,2.50601,0.0780126,-0.151689,2.1782,-3.00033,1.8693,0.179423,0.903963,0.0568494
1723532,0.96,-2.75261,-1.32534,1.01104,-1.94698,1.10108,1.16772,2.20138,-2.75266,-1.32422,1.00895,-1.94565,1.10136,1.16858,2.20139,-0.000339071,5.9066e-05,0.000442559,0.00282416,-0.000233636,-0.000148419,-0.000467775,0,0,0,0,0,0,0,-0.176685,26.7383,-24.6136,7.44724,0.836199,2.4996,0.0972387,-0.158661,2.1814,-2.99906,1.86222,0.178911,0.903663,0.057478
1723533,0.96,-2.75261,-1.32534,1.01104,-1.94698,1.10108,1.16772,2.20138,-2.75266,-1.32422,1.00895,-1.94565,1.10136,1.16858,2.20139,-0.000226047,3.93774e-05,0.000295039,0.00210221,-0.000155757,0.000138413,0.000637586,0,0,0,0,0,0,0,-0.176685,26.7383,-24.6136,7.44724,0.836199,2.49319,0.071604,-0.162517,2.18327,-2.99816,1.85769,0.178618,0.903423,0.0581306
1723534,0.96,-2.75261,-1.32534,1.01104,-1.94698,1.10108,1.16772,2.20138,-2.75266,-1.32422,1.00895,-1.94565,1.10136,1.16858,2.20139,0.00105573,2.62516e-05,0.000753505,0.00156606,0.000506514,-0.000145084,0.000425057,0,0,0,0,0,0,0,-0.22826,26.7383,-24.6374,7.44724,0.819719,2.4996,0.071604,-0.164571,2.18463,-2.99826,1.8553,0.178512,0.903331,0.0587982
1723535,0.96,-2.75261,-1.32534,1.01104,-1.94698,1.10108,1.16772,2.20138,-2.75266,-1.32422,1.00895,-1.94565,1.10136,1.16858,2.20139,-0.000502607,-0.000632113,-5.44753e-05,0.00172429,-6.92253e-05,0.000377995,4.60124e-05,0,0,0,0,0,0,0,-0.176685,26.766,-24.6136,7.42344,0.830705,2.48678,0.0780126,-0.165938,2.18591,-2.99904,1.8543,0.178537,0.903363,0.0594581
1723536,0.96,-2.75261,-1.32534,1.01104,-1.94698,1.10108,1.16772,2.20138,-2.75266,-1.32422,1.00895,-1.94565,1.10136,1.16858,2.20139,0.000314542,-0.000421409,-0.000685931,0.0012421,-4.61502e-05,1.4638e-05,3.0675e-05,0,0,0,0,0,0,0,-0.204456,26.766,-24.5858,7.42344,0.830705,2.49319,0.0780126,-0.166308,2.18674,-2.99959,1.8545,0.178677,0.903413,0.0600883
1723537,0.96,-2.75261,-1.32534,1.01104,-1.94698,1.10108,1.16772,2.20138,-2.75266,-1.32422,1.00895,-1.94565,1.10136,1.16858,2.20139,0.000209695,0.000368675,0.000749139,0.000897501,-3.07668e-05,9.75866e-06,-0.000928986,0,0,0,0,0,0,0,-0.204456,26.7383,-24.6374,7.42344,0.830705,2.49319,0.103647,-0.165658,2.18662,-2.99953,1.85582,0.178911,0.903453,0.0606864
1723538,0.96,-2.75261,-1.32534,1.01105,-1.94698,1.10108,1.16772,2.20139,-2.75266,-1.32422,1.00895,-1.94565,1.10136,1.16858,2.20139,0.000696609,-0.000403831,0.00105624,-0.00111283,0.00038639,-0.000468212,0.00127955,0,0,0,0,0,0,0,-0.22826,26.766,-24.6612,7.49881,0.819719,2.50601,0.0523779,-0.163998,2.18588,-3.00002,1.85848,0.179245,0.90359,0.0612698
1723539,0.96,-2.75261,-1.32534,1.01104,-1.94698,1.10108,1.16772,2.20139,-2.75266,-1.32422,1.00895,-1.94565,1.10136,1.16858,2.20139,-9.24062e-05,-0.00026922,0.000147347,-5.32161e-05,5.41427e-05,0.000162576,0.00109039,0,0,0,0,0,0,0,-0.204456,26.766,-24.6374,7.47104,0.825212,2.49319,0.0459692,-0.161156,2.18493,-3.0015,1.86263,0.179691,0.903846,0.061844
1723540,0.96,-2.7526,-1.32534,1.01104,-1.94698,1.10108,1.16772,2.20138,-2.75266,-1.32422,1.00895,-1.94565,1.10136,1.16858,2.20139,0.00170163,-0.000736292,-0.00110819,-0.000655799,-0.000370806,-0.000128975,1.48503e-05,0,0,0,0,0,0,0,-0.279835,26.7898,-24.5858,7.49881,0.836199,2.4996,0.0651953,-0.158542,2.18374,-3.00238,1.8671,0.180161,0.904092,0.0623703
1723541,0.96,-2.75261,-1.32534,1.01104,-1.94698,1.10108,1.16772,2.20139,-2.75266,-1.32422,1.00895,-1.94565,1.10136,1.16858,2.20139,-7.20034e-05,-0.000490862,0.000467629,0.000791195,0.000159697,0.000151376,0.000721977,0,0,0,0,0,0,0,-0.22826,26.7898,-24.6374,7.44724,0.825212,2.49319,0.0459692,-0.15758,2.18279,-3.0021,1.87068,0.180556,0.904272,0.0628117
1723542,0.96,-2.75261,-1.32534,1.01105,-1.94698,1.10108,1.16772,2.20139,-2.75266,-1.32422,1.00895,-1.94565,1.10136,1.16858,2.20139,-4.80023e-05,0.000879185,0.000311753,0.00054394,-9.69858e-05,0.000100917,0.000989944,0,0,0,0,0,0,0,-0.22826,26.7383,-24.6374,7.44724,0.830705,2.49319,0.0322363,-0.156894,2.18179,-3.00164,1.87365,0.180881,0.9044,0.0631644
1723543,0.96,-2.75261,-1.32534,1.01104,-1.94697,1.10108,1.16772,2.20139,-2.75266,-1.32422,1.00895,-1.94565,1.10136,1.16858,2.20139,-0.000588813,0.00114294,0.000207835,0.00148861,-0.000268108,6.72782e-05,0.000659963,0,0,0,0,0,0,0,-0.204456,26.7144,-24.6374,7.39963,0.836199,2.49319,0.0322363,-0.154868,2.17937,-3.00084,1.87673,0.181169,0.904441,0.0634205
1723544,0.96,-2.75261,-1.32534,1.01105,-1.94698,1.10108,1.16772,2.20139,-2.75266,-1.32422,1.00895,-1.94565,1.10136,1.16858,2.20139,0.00016427,-0.00100128,0.000138557,-0.00011195,2.4712e-05,-0.000192507,-0.00030601,0,0,0,0,0,0,0,-0.22826,26.7898,-24.6374,7.44724,0.830705,2.4996,0.0523779,-0.15225,2.17629,-2.99979,1.87965,0.18143,0.904419,0.0635582
1723545,0.96,-2.75261,-1.32534,1.01104,-1.94697,1.10108,1.16772,2.20139,-2.75266,-1.32422,1.00895,-1.94565,1.10136,1.16858,2.20139,0.000109513,-0.000110709,-0.000464441,0.00104594,0.000660735,-0.000128338,0.00030462,0,0,0,0,0,0,0,-0.22826,26.766,-24.6136,7.39963,0.81331,2.4996,0.038645,-0.150644,2.17439,-2.99913,1.88173,0.181652,0.904403,0.0635734
1723546,0.96,-2.75261,-1.32535,1.01104,-1.94698,1.10108,1.16772,2.20139,-2.75266,-1.32422,1.00895,-1.94565,1.10136,1.16858,2.20139,7.30087e-05,-7.38058e-05,-0.000309627,-0.000967928,-3.19675e-07,-8.55586e-05,-0.000305547,0,0,0,0,0,0,0,-0.22826,26.766,-24.6136,7.47104,0.825212,2.4996,0.0523779,-0.149952,2.17311,-2.99829,1.88326,0.181849,0.904385,0.0634869
1723547,0.96,-2.75261,-1.32534,1.01105,-1.94698,1.10108,1.16772,2.20139,-2.75266,-1.32422,1.00895,-1.94565,1.10136,1.16858,2.20139,0.000605484,0.00060041,0.000907206,0.000472249,-0.000203664,0.000417679,0.00101701,0,0,0,0,0,0,0,-0.252064,26.7383,-24.6612,7.42344,0.830705,2.48678,0.0194189,-0.149331,2.17158,-2.99736,1.88496,0.182045,0.904392,0.0633225
1723548,0.96,-2.75261,-1.32534,1.01104,-1.94697,1.10108,1.16772,2.20139,-2.75266,-1.32422,1.00895,-1.94565,1.10136,1.16858,2.20139,-0.000709968,0.000400273,-0.00115843,0.000874577,0.000271125,-0.000433624,-0.0005427,0,0,0,0,0,0,0,-0.204456,26.7383,-24.5858,7.39963,0.819719,2.50601,0.0523779,-0.148832,2.16975,-2.99638,1.88648,0.182203,0.904399,0.0630891
1723549,0.96,-2.75261,-1.32534,1.01104,-1.94697,1.10108,1.16772,2.20139,-2.75266,-1.32422,1.00895,-1.94565,1.10136,1.16858,2.20139,-0.000473312,-0.000382765,0.000434137,2.84386e-05,-2.27003e-05,-5.17239e-05,0.000146827,0,0,0,0,0,0,0,-0.204456,26.766,-24.6374,7.42344,0.825212,2.4996,0.038645,-0.14798,2.1676,-2.99503,1.88774,0.18233,0.904349,0.062788
1723550,0.96,-2.75261,-1.32534,1.01104,-1.94698,1.10108,1.16772,2.20139,-2.75266,-1.32422,1.00895,-1.94565,1.10136,1.16858,2.20139,0.000241271,0.000394437,-0.000267388,-0.000536203,-0.000625485,0.000202876,0.000335243,0,0,0,0,0,0,0,-0.22826,26.7383,-24.6136,7.44724,0.841692,2.49319,0.0322363,-0.146662,2.16569,-2.99402,1.88917,0.182475,0.904315,0.0624343
1723551,0.96,-2.75261,-1.32534,1.01104,-1.94698,1.10108,1.16772,2.20139,-2.75266,-1.32422,1.00895,-1.94565,1.10136,1.16858,2.20139,0.000160847,-0.000943468,-0.000178258,-0.000356232,-0.00021354,-0.000102108,0.000223496,0,0,0,0,0,0,0,-0.22826,26.7898,-24.6136,7.44724,0.836199,2.4996,0.0322363,-0.145861,2.16448,-2.9935,1.8905,0.182633,0.904343,0.062038
1723552,0.96,-2.7526,-1.32534,1.01104,-1.94697,1.10108,1.16772,2.20139,-2.75266,-1.32422,1.00895,-1.94565,1.10136,1.16858,2.20139,0.000664043,-7.21665e-05,0.000437973,0.000320252,0.000264541,0.000169287,0.000148997,0,0,0,0,0,0,0,-0.252064,26.766,-24.6374,7.42344,0.825212,2.49319,0.0322363,-0.146618,2.16465,-2.99355,1.89097,0.182753,0.904428,0.0615968
1723553,0.96,-2.75261,-1.32534,1.01104,-1.94698,1.10108,1.16772,2.20139,-2.75266,-1.32422,1.00895,-1.94565,1.10136,1.16858,2.20139,-0.000114116,-4.8111e-05,-0.000914444,-0.000342615,-2.70896e-05,0.000112858,-0.000409295,0,0,0,0,0,0,0,-0.22826,26.766,-24.5858,7.44724,0.830705,2.49319,0.0459692,-0.14861,2.16557,-2.99378,1.8906,0.182822,0.904528,0.0611129
1723554,0.96,-2.7526,-1.32534,1.01105,-1.94697,1.10108,1.16772,2.20139,-2.75266,-1.32422,1.00895,-1.94565,1.10136,1.16858,2.20139,0.000480734,0.00061754,0.00115361,0.000328924,0.000185391,-0.000399479,0.000473122,0,0,0,0,0,0,0,-0.252064,26.7383,-24.6612,7.42344,0.825212,2.50601,0.0258276,-0.150636,2.16602,-2.99366,1.89012,0.182874,0.904605,0.0605999
1723555,0.96,-2.7526,-1.32534,1.01104,-1.94698,1.10108,1.16772,2.20139,-2.75266,-1.32422,1.00895,-1.94565,1.10136,1.16858,2.20139,-0.000236322,0.000968505,0.00021226,0.000219674,0.000767854,-2.89606e-05,-0.00066793,0,0,0,0,0,0,0,-0.22826,26.7144,-24.6374,7.42344,0.807817,2.4996,0.0523779,-0.152241,2.1659,-2.9938,1.88976,0.182906,0.9047,0.0600725
1723556,0.96,-2.7526,-1.32535,1.01104,-1.94698,1.10108,1.16772,2.20139,-2.75266,-1.32422,1.00895,-1.94565,1.10136,1.16858,2.20139,0.00104888,-0.000560756,0.000141507,0.000146743,7.10931e-05,0.000218052,0.000775417,0,0,0,0,0,0,0,-0.279835,26.766,-24.6374,7.42344,0.819719,2.49319,0.0194189,-0.154102,2.16575,-2.99415,1.8891,0.182887,0.904809,0.0595356
1723557,0.96,-2.7526,-1.32535,1.01104,-1.94697,1.10108,1.16772,2.20139,-2.75266,-1.32422,1.00895,-1.94565,1.10136,1.16858,2.20139,-0.000507174,-0.000373837,-0.000462474,0.000654861,4.73954e-05,-9.1991e-05,-0.000703759,0,0,0,0,0,0,0,-0.22826,26.766,-24.6136,7.39963,0.819719,2.4996,0.0523779,-0.157007,2.16648,-2.99448,1.88764,0.182802,0.904902,0.0589888
1723558,0.96,-2.75261,-1.32535,1.01104,-1.94697,1.10108,1.16772,2.20139,-2.75266,-1.32422,1.00895,-1.94565,1.10136,1.16858,2.20139,-0.000894928,-0.000806037,0.000248496,-0.000120073,-0.000375304,0.000176032,3.94539e-05,0,0,0,0,0,0,0,-0.204456,26.7898,-24.6374,7.42344,0.830705,2.49319,0.038645,-0.15942,2.16781,-2.99499,1.88616,0.182719,0.904959,0.0584356
1723559,0.96,-2.7526,-1.32535,1.01104,-1.94698,1.10108,1.16772,2.20139,-2.75266,-1.32422,1.00895,-1.94565,1.10136,1.16858,2.20139,0.00116662,-0.000537358,-0.000391148,-7.99248e-05,0.000156698,0.000354713,2.63026e-05,0,0,0,0,0,0,0,-0.279835,26.7898,-24.6136,7.42344,0.819719,2.48678,0.038645,-0.161117,2.16942,-2.99575,1.885,0.182665,0.905004,0.0578887
1723560,0.96,-2.75261,-1.32535,1.01105,-1.94697,1.10108,1.16772,2.20138,-2.75266,-1.32422,1.00895,-1.94565,1.10136,1.16858,2.20139,0.000128132,0.000198573,0.000852859,-5.31903e-05,-0.000302436,0.000236476,-0.00144053,0,0,0,0,0,0,0,-0.252064,26.766,-24.6612,7.42344,0.830705,2.48678,0.0780126,-0.163736,2.17144,-2.99662,1.88354,0.182579,0.905077,0.0573578
1723561,0.96,-2.7526,-1.32534,1.01105,-1.94698,1.10108,1.16772,2.20139,-2.75266,-1.32422,1.00895,-1.94565,1.10136,1.16858,2.20139,0.00129185,0.000781996,0.00121819,-3.53905e-05,1.82685e-06,-0.000317068,-1.09156e-05,0,0,0,0,0,0,0,-0.303639,26.7383,-24.689,7.42344,0.825212,2.4996,0.0523779,-0.167004,2.17332,-2.9979,1.88198,0.182454,0.905203,0.0568636
1723562,0.96,-2.7526,-1.32534,1.01104,-1.94697,1.10108,1.16772,2.20138,-2.75266,-1.32422,1.00895,-1.94565,1.10136,1.16858,2.20139,0.000861232,-0.000128283,-0.000394302,-2.35414e-05,-0.000405683,-0.000448737,-0.00166879,0,0,0,0,0,0,0,-0.303639,26.766,-24.6374,7.42344,0.836199,2.50601,0.0972387,-0.170914,2.17487,-2.99929,1.8803,0.182295,0.905359,0.0564352
1723563,0.96,-2.75261,-1.32535,1.01104,-1.94698,1.10108,1.16772,2.20138,-2.75266,-1.32422,1.00895,-1.94565,1.10136,1.16858,2.20139,-0.0017459,-0.000642334,-0.000262868,-1.56551e-05,-0.000270455,-6.17992e-05,-0.000163091,0,0,0,0,0,0,0,-0.204456,26.7898,-24.6374,7.42344,0.836199,2.4996,0.071604,-0.1741,2.17575,-2.99996,1.879,0.182183,0.905443,0.0560946
1723564,0.96,-2.7526,-1.32535,1.01105,-1.94697,1.10108,1.16772,2.20138,-2.75266,-1.32422,1.00895,-1.94565,1.10136,1.16858,2.20139,-5.03064e-05,0.000128589,0.000381567,-1.04073e-05,2.31469e-05,-4.11995e-05,0.000128632,0,0,0,0,0,0,0,-0.252064,26.766,-24.6612,7.42344,0.830705,2.4996,0.0651953,-0.174582,2.17568,-3.00027,1.87893,0.182204,0.905434,0.0558662
1723565,0.96,-2.7526,-1.32535,1.01104,-1.94697,1.10108,1.16772,2.20139,-2.75266,-1.32422,1.00895,-1.94565,1.10136,1.16858,2.20139,-3.35376e-05,-0.000471086,-0.000859246,0.000549896,1.54313e-05,-2.74663e-05,0.000323113,0,0,0,0,0,0,0,-0.252064,26.7898,-24.6136,7.39963,0.830705,2.4996,0.0587866,-0.174265,2.17527,-3.00032,1.87909,0.182271,0.905383,0.0557488
1723566,0.96,-2.7526,-1.32535,1.01104,-1.94697,1.10108,1.16772,2.20138,-2.75266,-1.32422,1.00895,-1.94565,1.10136,1.16858,2.20139,-0.00057917,0.000242755,-1.60188e-05,-0.000190198,0.000213738,0.000219048,-0.000734027,0,0,0,0,0,0,0,-0.22826,26.766,-24.6374,7.42344,0.825212,2.49319,0.0844213,-0.174493,2.17469,-2.99967,1.87883,0.182325,0.905291,0.0557155
1723567,0.97,-2.7526,-1.32535,1.01104,-1.94697,1.10108,1.16772,2.20138,-2.75266,-1.32422,1.00895,-1.94565,1.10136,1.16858,2.20139,0.000820312,-0.0016014,-1.06792e-05,-0.000126786,-0.000264409,-0.000328686,-0.000489351,0,0,0,0,0,0,0,-0.279835,26.8414,-24.6374,7.42344,0.836199,2.50601,0.0844213,-0.175299,2.17466,-2.99915,1.87828,0.182379,0.905225,0.0557498
1723568,0.97,-2.7526,-1.32535,1.01104,-1.94697,1.10108,1.16772,2.20138,-2.75266,-1.32422,1.00895,-1.94565,1.10136,1.16858,2.20139,0.00110369,0.000695637,-7.11945e-06,-8.4515e-05,0.000230628,1.8235e-05,0.000385843,0,0,0,0,0,0,0,-0.303639,26.766,-24.6374,7.42344,0.825212,2.4996,0.0651953,-0.178088,2.17608,-2.99928,1.87684,0.182384,0.905253,0.0558548
1723569,0.97,-2.7526,-1.32534,1.01104,-1.94698,1.10108,1.16772,2.20139,-2.75266,-1.32422,1.00895,-1.94565,1.10136,1.16858,2.20139,-0.000470635,0.00111337,-4.7463e-06,-5.63363e-05,-4.96983e-05,0.000486875,0.000494587,0,0,0,0,0,0,0,-0.252064,26.7383,-24.6374,7.42344,0.830705,2.48678,0.0587866,-0.181486,2.17685,-2.99892,1.8753,0.182362,0.905296,0.0560336
1723570,0.97,-2.7526,-1.32534,1.01104,-1.94697,1.10108,1.16772,2.20138,-2.75266,-1.32422,1.00895,-1.94565,1.10136,1.16858,2.20139,-0.000870568,0.000742248,-0.000559976,0.00116887,0.000170318,0.000324583,-0.000382352,0,0,0,0,0,0,0,-0.22826,26.7383,-24.6136,7.37186,0.825212,2.48678,0.0780126,-0.1828,2.17519,-2.99738,1.87479,0.182385,0.90524,0.0562645
1723571,0.97,-2.7526,-1.32535,1.01104,-1.94697,1.10108,1.16772,2.20138,-2.75266,-1.32422,1.00895,-1.94565,1.10136,1.16858,2.20139,0.000626047,-0.000711594,0.000183495,-0.000427173,0.000316996,-2.09702e-05,-0.000729619,0,0,0,0,0,0,0,-0.279835,26.7898,-24.6374,7.42344,0.819719,2.49319,0.09083,-0.183144,2.17304,-2.99564,1.87447,0.18242,0.90512,0.056521
1723572,0.97,-2.7526,-1.32534,1.01104,-1.94698,1.10108,1.16772,2.20138,-2.75266,-1.32422,1.00895,-1.94565,1.10136,1.16858,2.20139,-0.000232249,0.00073203,-0.0010841,-0.0013984,7.8802e-06,-1.39802e-05,-1.16949e-05,0,0,0,0,0,0,0,-0.252064,26.7383,-24.5858,7.47104,0.825212,2.49319,0.0780126,-0.183714,2.17152,-2.99423,1.87428,0.182476,0.905027,0.0568068
1723573,0.97,-2.75261,-1.32535,1.01104,-1.94698,1.10108,1.16772,2.20138,-2.75266,-1.32422,1.00895,-1.94565,1.10136,1.16858,2.20139,-0.00126846,-0.000718406,0.000483695,-0.000375454,0.000208704,-0.000484038,0.000229562,0,0,0,0,0,0,0,-0.204456,26.7898,-24.6374,7.44724,0.819719,2.50601,0.071604,-0.182925,2.16972,-2.99305,1.87532,0.182628,0.904956,0.0571375
1723574,0.97,-2.7526,-1.32535,1.01104,-1.94698,1.10108,1.16772,2.20138,-2.75266,-1.32422,1.00895,-1.94565,1.10136,1.16858,2.20139,-0.000288826,-0.000478937,0.000322463,-0.000250301,-6.43145e-05,-8.53331e-05,-0.000559035,0,0,0,0,0,0,0,-0.22826,26.7898,-24.6374,7.44724,0.825212,2.4996,0.09083,-0.18091,2.16873,-2.99326,1.87698,0.182824,0.904942,0.0575074
1723575,0.97,-2.7526,-1.32535,1.01104,-1.94697,1.10108,1.16772,2.20138,-2.75266,-1.32422,1.00895,-1.94565,1.10136,1.16858,2.20139,0.000364261,-0.000319292,0.000214976,0.00159637,-0.000246327,0.00018047,-0.000135331,0,0,0,0,0,0,0,-0.252064,26.7898,-24.6374,7.37186,0.830705,2.49319,0.0844213,-0.180559,2.16992,-2.99488,1.87722,0.182903,0.904999,0.0579023
1723576,0.97,-2.7526,-1.32535,1.01104,-1.94698,1.10108,1.16772,2.20138,-2.75266,-1.32422,1.00895,-1.94565,1.10136,1.16858,2.20139,-0.000313971,-0.000212861,0.000143317,-0.000698989,3.92326e-05,-0.000354404,-9.02208e-05,0,0,0,0,0,0,0,-0.22826,26.7898,-24.6374,7.44724,0.825212,2.50601,0.0844213,-0.182576,2.17249,-2.99673,1.87575,0.182834,0.905077,0.0583252
1723577,0.97,-2.7526,-1.32534,1.01104,-1.94697,1.10108,1.16772,2.20138,-2.75266,-1.32422,1.00895,-1.94565,1.10136,1.16858,2.20139,0.000347498,0.00162133,9.55447e-05,9.08198e-05,2.61551e-05,-0.000473629,0.000414571,0,0,0,0,0,0,0,-0.252064,26.7144,-24.6374,7.42344,0.825212,2.51242,0.071604,-0.184725,2.1742,-2.99792,1.87438,0.182743,0.905152,0.0587846
1723578,0.97,-2.7526,-1.32535,1.01104,-1.94698,1.10108,1.16772,2.20138,-2.75266,-1.32422,1.00895,-1.94565,1.10136,1.16858,2.20139,0.000881279,-0.000682351,6.36965e-05,-0.000496265,1.74367e-05,0.000158966,-0.000673055,0,0,0,0,0,0,0,-0.279835,26.7898,-24.6374,7.44724,0.825212,2.4996,0.0972387,-0.186913,2.17465,-2.99817,1.8734,0.182652,0.905237,0.0592713
1723579,0.97,-2.7526,-1.32534,1.01104,-1.94698,1.10108,1.16772,2.20138,-2.75266,-1.32422,1.00895,-1.94565,1.10136,1.16858,2.20139,-6.20945e-05,0.00195795,4.24643e-05,-0.000330843,-0.000191826,0.000105977,0.000500732,0,0,0,0,0,0,0,-0.252064,26.6867,-24.6374,7.44724,0.830705,2.4996,0.071604,-0.189534,2.17455,-2.99783,1.87247,0.182549,0.905338,0.0597738
1723580,0.97,-2.7526,-1.32534,1.01104,-1.94698,1.10108,1.16772,2.20139,-2.75266,-1.32422,1.00895,-1.94565,1.10136,1.16858,2.20139,0.00116503,9.88749e-05,2.83095e-05,0.00033625,-0.000127884,-0.000404067,0.000333821,0,0,0,0,0,0,0,-0.303639,26.7383,-24.6374,7.42344,0.830705,2.51242,0.071604,-0.192111,2.17361,-2.99686,1.87172,0.182444,0.905431,0.0602909
1723581,0.97,-2.7526,-1.32535,1.01104,-1.94698,1.10108,1.16772,2.20138,-2.75266,-1.32422,1.00895,-1.94565,1.10136,1.16858,2.20139,0.000776686,-0.00169732,1.8873e-05,-0.000332645,-0.000288707,0.000442699,-0.000489529,0,0,0,0,0,0,0,-0.303639,26.8136,-24.6374,7.44724,0.836199,2.49319,0.09083,-0.196269,2.17405,-2.99634,1.87,0.18229,0.905564,0.0608036
1723582,0.97,-2.7526,-1.32535,1.01105,-1.94698,1.10108,1.16772,2.20139,-2.75266,-1.32422,1.00895,-1.94565,1.10136,1.16858,2.20139,-0.00124545,-0.000574736,0.000569394,-0.00142819,0.00021443,-0.000416944,0.000860442,0,0,0,0,0,0,0,-0.22826,26.7898,-24.6612,7.49881,0.825212,2.51242,0.0587866,-0.200608,2.17681,-2.99754,1.86814,0.182192,0.905787,0.0613008
1723583,0.97,-2.7526,-1.32535,1.01104,-1.94697,1.10108,1.16772,2.20138,-2.75266,-1.32422,1.00895,-1.94565,1.10136,1.16858,2.20139,-0.000830298,0.000173655,-0.000734028,0.00136792,-6.04972e-05,-4.06038e-05,9.89101e-05,0,0,0,0,0,0,0,-0.22826,26.766,-24.6136,7.39963,0.830705,2.50601,0.071604,-0.202003,2.17912,-2.99933,1.8678,0.182238,0.905994,0.0617865
1723584,0.97,-2.75261,-1.32535,1.01104,-1.94698,1.10108,1.16772,2.20139,-2.75266,-1.32422,1.00895,-1.94565,1.10136,1.16858,2.20139,-0.00111034,0.00011577,6.746e-05,-0.000201675,0.000163119,0.00021029,0.000540658,0,0,0,0,0,0,0,-0.204456,26.766,-24.6374,7.44724,0.825212,2.4996,0.0587866,-0.201134,2.17963,-3.00009,1.86827,0.182333,0.906082,0.0622455
1723585,0.97,-2.7526,-1.32535,1.01105,-1.94698,1.10108,1.16772,2.20139,-2.75266,-1.32422,1.00895,-1.94565,1.10136,1.16858,2.20139,-0.000183417,-0.000479632,0.000601785,-0.00134088,0.000312197,-0.000334525,0.00134378,0,0,0,0,0,0,0,-0.22826,26.7898,-24.6612,7.49881,0.819719,2.51242,0.0322363,-0.199149,2.17929,-3.00058,1.86935,0.182463,0.906155,0.0626625
1723586,0.97,-2.7526,-1.32535,1.01105,-1.94697,1.10108,1.16772,2.20139,-2.75266,-1.32422,1.00895,-1.94565,1.10136,1.16858,2.20139,-0.000122278,0.000237057,-0.000155622,0.00142613,-0.000809122,-0.000460375,0.000658496,0,0,0,0,0,0,0,-0.22826,26.766,-24.6374,7.39963,0.847185,2.51882,0.038645,-0.197543,2.17931,-3.00157,1.87047,0.182588,0.906303,0.0630134
1723587,0.97,-2.75261,-1.32535,1.01104,-1.94698,1.10108,1.16772,2.20139,-2.75266,-1.32422,1.00895,-1.94565,1.10136,1.16858,2.20139,-0.000638331,0.000158038,-0.000103748,-0.000719681,0.000274388,-6.9558e-05,-0.000306988,0,0,0,0,0,0,0,-0.204456,26.766,-24.6374,7.47104,0.825212,2.51242,0.0587866,-0.197162,2.17946,-3.00213,1.87081,0.182641,0.906458,0.0632629
1723588,0.97,-2.7526,-1.32535,1.01105,-1.94698,1.10108,1.16772,2.20139,-2.75266,-1.32422,1.00895,-1.94565,1.10136,1.16858,2.20139,0.000131258,0.000105359,0.000487647,-0.000479787,-0.000427426,-4.6372e-05,0.000270059,0,0,0,0,0,0,0,-0.22826,26.766,-24.6612,7.47104,0.841692,2.51242,0.0459692,-0.196879,2.17916,-3.00227,1.87122,0.182697,0.906634,0.0634053
1723589,0.97,-2.7526,-1.32534,1.01105,-1.94698,1.10108,1.16772,2.20139,-2.75266,-1.32422,1.00895,-1.94565,1.10136,1.16858,2.20139,0.000644317,0.000719853,0.000974712,0.000236954,0.000325401,0.000206444,0.00116338,0,0,0,0,0,0,0,-0.252064,26.7383,-24.689,7.44724,0.825212,2.50601,0.0194189,-0.197266,2.1791,-3.00282,1.87154,0.182748,0.9069,0.0634571
1723590,0.97,-2.7526,-1.32534,1.01104,-1.94698,1.10108,1.16772,2.20139,-2.75266,-1.32422,1.00895,-1.94565,1.10136,1.16858,2.20139,0.000429545,0.000479902,-0.000556618,0.000157969,1.34832e-05,0.00013763,6.35124e-05,0,0,0,0,0,0,0,-0.252064,26.7383,-24.6374,7.44724,0.830705,2.50601,0.038645,-0.199344,2.17938,-3.00332,1.87094,0.182721,0.907207,0.0634176
1723591,0.97,-2.7526,-1.32535,1.01105,-1.94698,1.10108,1.16772,2.20139,-2.75266,-1.32422,1.00895,-1.94565,1.10136,1.16858,2.20139,-0.000270449,-0.000886491,0.000185733,-0.000451499,0.000212439,0.000329112,4.23416e-05,0,0,0,0,0,0,0,-0.22826,26.7898,-24.6612,7.47104,0.825212,2.4996,0.038645,-0.202204,2.17977,-3.00328,1.86987,0.182667,0.907483,0.0632735
1723592,0.97,-2.7526,-1.32535,1.01105,-1.94698,1.10108,1.16772,2.20139,-2.75266,-1.32422,1.00895,-1.94565,1.10136,1.16858,2.20139,0.000376513,-0.000590994,0.000123822,0.000255813,0.000141626,-0.000492669,-0.000480399,0,0,0,0,0,0,0,-0.252064,26.7898,-24.6612,7.44724,0.825212,2.51882,0.0523779,-0.205194,2.18117,-3.00369,1.86863,0.182628,0.907763,0.0630311
1723593,0.97,-2.7526,-1.32534,1.01105,-1.94698,1.10108,1.16772,2.20139,-2.75266,-1.32422,1.00895,-1.94565,1.10136,1.16858,2.20139,-0.000305803,0.00081243,8.25481e-05,-0.00103588,-0.000312484,-9.1087e-05,0.0011378,0,0,0,0,0,0,0,-0.22826,26.7383,-24.6612,7.49881,0.836199,2.51242,0.0130102,-0.207732,2.18281,-3.00449,1.86773,0.182617,0.90806,0.0627186
1723594,0.97,-2.7526,-1.32534,1.01105,-1.94698,1.10108,1.16772,2.20139,-2.75266,-1.32422,1.00895,-1.94565,1.10136,1.16858,2.20139,-0.000203869,0.00054162,5.50321e-05,-0.000690589,-4.87185e-06,0.000888711,-0.000462172,0,0,0,0,0,0,0,-0.22826,26.7383,-24.6612,7.49881,0.830705,2.48678,0.0459692,-0.208337,2.18264,-3.00466,1.86827,0.182691,0.908324,0.0623536
1723595,0.97,-2.7526,-1.32534,1.01105,-1.94698,1.10108,1.16772,2.20139,-2.75266,-1.32422,1.00895,-1.94565,1.10136,1.16858,2.20139,-0.000135913,-0.000845346,0.000686302,-0.000460393,0.000200203,0.000117756,-0.000308115,0,0,0,0,0,0,0,-0.22826,26.7898,-24.689,7.49881,0.825212,2.4996,0.0459692,-0.207604,2.1817,-3.00487,1.86976,0.182827,0.908573,0.0619328
1723596,0.97,-2.7526,-1.32534,1.01105,-1.94698,1.10108,1.16772,2.20139,-2.75266,-1.32422,1.00895,-1.94565,1.10136,1.16858,2.20139,0.000466204,-6.75203e-06,-0.000192079,-0.000306929,-6.99821e-05,-0.000396214,0.000303216,0,0,0,0,0,0,0,-0.252064,26.766,-24.6612,7.49881,0.830705,2.51242,0.0322363,-0.207595,2.18196,-3.00589,1.87079,0.182934,0.908841,0.0614676
1723597,0.97,-2.7526,-1.32534,1.01104,-1.94698,1.10108,1.16772,2.20139,-2.75266,-1.32422,1.00895,-1.94565,1.10136,1.16858,2.20139,-0.00024601,0.00120192,-0.000684865,0.00100181,-4.66547e-05,-2.67836e-05,0.000676862,0,0,0,0,0,0,0,-0.22826,26.7144,-24.6374,7.44724,0.830705,2.50601,0.0194189,-0.208655,2.18219,-3.00622,1.87108,0.182964,0.909035,0.0609779
1723600,0.94,-2.7526,-1.32534,1.01105,-1.94698,1.10108,1.16772,2.20139,-2.75266,-1.32422,1.00895,-1.94565,1.10136,1.16858,2.20139,0.000607656,-0.00054096,0.000601361,-0.000600254,-0.000126852,1.84373e-05,0.000437911,0,0,0,0,0,0,0,-0.252064,26.766,-24.689,7.49881,0.830705,2.50601,0.0194189,-0.210372,2.17902,-3.0039,1.87154,0.1829,0.909213,0.059306
1723601,0.94,-2.75261,-1.32534,1.01105,-1.94698,1.10108,1.16772,2.20139,-2.75266,-1.32422,1.00895,-1.94565,1.10136,1.16858,2.20139,-0.00070852,0.000288974,-0.000248707,-0.00040017,-8.45678e-05,-0.000225067,-0.00116612,0,0,0,0,0,0,0,-0.204456,26.7383,-24.6612,7.49881,0.830705,2.51242,0.0587866,-0.21149,2.18001,-3.00553,1.8717,0.182888,0.909442,0.0586751
1723602,0.94,-2.7526,-1.32534,1.01105,-1.94698,1.10108,1.16772,2.20139,-2.75266,-1.32422,1.00895,-1.94565,1.10136,1.16858,2.20139,8.44654e-05,-0.000456965,0.00048381,0.000382834,-5.63785e-05,-0.000150045,0.000680648,0,0,0,0,0,0,0,-0.22826,26.766,-24.689,7.47104,0.830705,2.51242,0.0194189,-0.212083,2.18088,-3.00714,1.87221,0.182905,0.909664,0.0580305
1723603,0.94,-2.75261,-1.32534,1.01105,-1.94698,1.10108,1.16772,2.20139,-2.75266,-1.32422,1.00895,-1.94565,1.10136,1.16858,2.20139,-0.000500502,0.000344971,-0.000327074,-0.000394391,-0.000444487,0.000374688,-0.000258312,0,0,0,0,0,0,0,-0.204456,26.7383,-24.6612,7.49881,0.841692,2.4996,0.038645,-0.212423,2.18158,-3.00855,1.87275,0.182926,0.90986,0.0573907
1723604,0.94,-2.75261,-1.32534,1.01105,-1.94698,1.10108,1.16772,2.20139,-2.75266,-1.32422,1.00895,-1.94565,1.10136,1.16858,2.20139,-0.000333668,-0.000419633,-0.000218049,0.000386687,-0.000296324,1.2433e-05,0.00030251,0,0,0,0,0,0,0,-0.204456,26.766,-24.6612,7.47104,0.841692,2.50601,0.0258276,-0.212448,2.18183,-3.0094,1.87339,0.182966,0.910008,0.0567585
1723605,0.94,-2.75261,-1.32535,1.01105,-1.94698,1.10108,1.16772,2.20139,-2.75266,-1.32422,1.00895,-1.94565,1.10136,1.16858,2.20139,-0.000872059,-0.000279756,0.000504248,0.000814603,0.000412802,-0.00022907,-0.00149375,0,0,0,0,0,0,0,-0.176685,26.766,-24.689,7.44724,0.825212,2.51242,0.071604,-0.212311,2.18215,-3.01018,1.87383,0.183011,0.910122,0.0561317
1723606,0.94,-2.75261,-1.32535,1.01105,-1.94698,1.10108,1.16772,2.20139,-2.75266,-1.32422,1.00895,-1.94565,1.10136,1.16858,2.20139,6.82412e-05,-0.000186504,0.000336165,-1.37433e-05,-0.0001317,8.46454e-05,-4.6396e-05,0,0,0,0,0,0,0,-0.204456,26.766,-24.689,7.47104,0.836199,2.50601,0.0459692,-0.212425,2.18321,-3.01167,1.8738,0.18304,0.910265,0.0555276
1723607,0.94,-2.75261,-1.32534,1.01105,-1.94698,1.10108,1.16772,2.20139,-2.75266,-1.32422,1.00895,-1.94565,1.10136,1.16858,2.20139,-0.00060412,-0.000124336,0.00022411,0.00054765,0.000115651,-0.000180929,0.000477696,0,0,0,0,0,0,0,-0.176685,26.766,-24.689,7.44724,0.830705,2.51242,0.0322363,-0.212758,2.18455,-3.01352,1.8736,0.183067,0.91044,0.054976
1723608,0.95,-2.75261,-1.32534,1.01104,-1.94698,1.10108,1.16772,2.20139,-2.75266,-1.32422,1.00895,-1.94565,1.10136,1.16858,2.20139,0.000246867,0.000566723,-0.00161383,0.0003651,7.71004e-05,0.000354099,8.11048e-05,0,0,0,0,0,0,0,-0.204456,26.7383,-24.6136,7.44724,0.830705,2.4996,0.038645,-0.213309,2.18504,-3.01421,1.8733,0.183088,0.910556,0.0544804
1723609,0.96,-2.7526,-1.32534,1.01105,-1.94698,1.10108,1.16772,2.20138,-2.75266,-1.32422,1.00895,-1.94565,1.10136,1.16858,2.20139,0.00072139,0.000377816,3.77365e-05,-0.000313412,-0.00015205,-0.000238652,-0.000929274,0,0,0,0,0,0,0,-0.22826,26.7383,-24.6612,7.47104,0.836199,2.51242,0.0651953,-0.214478,2.18413,-3.01287,1.87285,0.183089,0.910583,0.0540218
1723610,0.96,-2.7526,-1.32534,1.01105,-1.94698,1.10108,1.16772,2.20139,-2.75266,-1.32422,1.00895,-1.94565,1.10136,1.16858,2.20139,0.000480927,-0.000397737,0.00123158,0.000904683,-0.000101367,-0.000159101,-0.000382157,0,0,0,0,0,0,0,-0.22826,26.766,-24.7128,7.42344,0.836199,2.51242,0.0587866,-0.216831,2.18373,-3.01188,1.87192,0.183057,0.910678,0.0536004
1723611,0.96,-2.75261,-1.32534,1.01105,-1.94698,1.10108,1.16772,2.20139,-2.75266,-1.32422,1.00895,-1.94565,1.10136,1.16858,2.20139,-0.00144262,0.000384456,0.000821056,4.63097e-05,-6.75779e-05,0.000131291,0.000491214,0,0,0,0,0,0,0,-0.152882,26.7383,-24.7128,7.44724,0.836199,2.50601,0.038645,-0.218837,2.18476,-3.01318,1.87095,0.183039,0.910908,0.0532367
1723612,0.96,-2.75261,-1.32534,1.01105,-1.94698,1.10108,1.16772,2.20139,-2.75266,-1.32422,1.00895,-1.94565,1.10136,1.16858,2.20139,-0.000404935,0.00146273,0.00110418,-0.000525939,-4.50519e-05,8.75276e-05,5.62085e-05,0,0,0,0,0,0,0,-0.176685,26.6867,-24.7366,7.47104,0.836199,2.50601,0.0459692,-0.217734,2.18483,-3.01561,1.87159,0.183151,0.911178,0.0529391
1723613,0.96,-2.75261,-1.32534,1.01105,-1.94698,1.10108,1.16772,2.20138,-2.75266,-1.32422,1.00895,-1.94565,1.10136,1.16858,2.20139,0.000379657,0.000325539,0.000736122,-0.000350626,0.000173416,0.000295711,-0.00162404,0,0,0,0,0,0,0,-0.204456,26.7144,-24.7366,7.47104,0.830705,2.4996,0.09083,-0.214561,2.18329,-3.01801,1.87367,0.183366,0.911454,0.0526903
1723614,0.96,-2.75261,-1.32534,1.01105,-1.94698,1.10108,1.16772,2.20138,-2.75266,-1.32422,1.00895,-1.94565,1.10136,1.16858,2.20139,-0.000396509,-0.000339786,-0.00127249,-0.000883365,-8.78399e-05,-4.02185e-05,-0.000845335,0,0,0,0,0,0,0,-0.176685,26.7383,-24.6612,7.49881,0.836199,2.50601,0.0844213,-0.211873,2.18146,-3.01966,1.87573,0.183597,0.911695,0.0524874
1723615,0.96,-2.75261,-1.32534,1.01105,-1.94698,1.10108,1.16772,2.20138,-2.75266,-1.32422,1.00895,-1.94565,1.10136,1.16858,2.20139,-0.000264339,-0.000226524,-0.000198713,-0.00058891,0.000144891,-0.000264171,-0.000326197,0,0,0,0,0,0,0,-0.176685,26.7383,-24.689,7.49881,0.830705,2.51242,0.0780126,-0.209657,2.17958,-3.01999,1.87765,0.18385,0.911835,0.0523635
1723616,0.96,-2.75261,-1.32535,1.01105,-1.94698,1.10108,1.16772,2.20139,-2.75266,-1.32422,1.00895,-1.94565,1.10136,1.16858,2.20139,-0.000733038,-0.00080063,0.000424337,-0.000392606,-0.000106857,0.000535963,0.000731971,0,0,0,0,0,0,0,-0.152882,26.766,-24.7128,7.49881,0.836199,2.49319,0.0523779,-0.207479,2.17829,-3.0203,1.87946,0.184118,0.911935,0.0523444
1723617,0.96,-2.75261,-1.32535,1.01105,-1.94698,1.10108,1.16772,2.20138,-2.75266,-1.32422,1.00895,-1.94565,1.10136,1.16858,2.20139,-0.000488692,-0.000533753,-0.000273921,0.000387876,0.000132213,0.000119949,-0.00141089,0,0,0,0,0,0,0,-0.152882,26.766,-24.689,7.47104,0.830705,2.4996,0.103647,-0.205635,2.17832,-3.02156,1.88071,0.184355,0.912041,0.0524178
1723618,0.96,-2.75261,-1.32535,1.01105,-1.94698,1.10108,1.16772,2.20138,-2.75266,-1.32422,1.00895,-1.94565,1.10136,1.16858,2.20139,0.000880631,-0.000355835,-0.000182614,-0.00039103,0.000291592,-0.000157393,0.000246201,0,0,0,0,0,0,0,-0.204456,26.766,-24.689,7.49881,0.825212,2.50601,0.071604,-0.205222,2.17933,-3.02296,1.88087,0.184501,0.912127,0.0525682
1723619,0.96,-2.75261,-1.32534,1.01105,-1.94698,1.10108,1.16772,2.20138,-2.75266,-1.32422,1.00895,-1.94565,1.10136,1.16858,2.20139,-6.25265e-05,0.000969202,0.000991881,0.000388927,-0.000212506,-0.000342287,0.000401493,0,0,0,0,0,0,0,-0.176685,26.7144,-24.7366,7.47104,0.836199,2.51242,0.0651953,-0.206417,2.18055,-3.02418,1.88019,0.184546,0.912217,0.0528029
1723620,0.96,-2.75261,-1.32535,1.01105,-1.94698,1.10108,1.16772,2.20138,-2.75266,-1.32422,1.00895,-1.94565,1.10136,1.16858,2.20139,-0.000598496,-0.000560291,-0.00045237,0.000259285,0.00026523,-0.000228192,-0.000444415,0,0,0,0,0,0,0,-0.152882,26.766,-24.689,7.47104,0.825212,2.51242,0.0844213,-0.207557,2.18129,-3.02546,1.87947,0.184547,0.912309,0.0531121
1723621,0.96,-2.75261,-1.32535,1.01105,-1.94698,1.10108,1.16772,2.20139,-2.75266,-1.32422,1.00895,-1.94565,1.10136,1.16858,2.20139,0.000157814,-0.000930339,0.000255232,-0.000476757,-0.000230081,-0.000152128,0.000890518,0,0,0,0,0,0,0,-0.176685,26.7898,-24.7128,7.49881,0.836199,2.51242,0.0523779,-0.208171,2.18212,-3.02689,1.8789,0.184552,0.912392,0.0534688
1723622,0.96,-2.75261,-1.32534,1.01105,-1.94698,1.10108,1.16772,2.20138,-2.75266,-1.32422,1.00895,-1.94565,1.10136,1.16858,2.20139,-0.00110122,0.0005862,0.000170155,-0.00087465,-0.000153387,0.00013594,-0.000118398,0,0,0,0,0,0,0,-0.125111,26.7383,-24.7128,7.52262,0.836199,2.50601,0.071604,-0.207747,2.18288,-3.02852,1.87909,0.184619,0.912494,0.0538565
1723623,0.96,-2.75261,-1.32535,1.01105,-1.94698,1.10108,1.16772,2.20138,-2.75266,-1.32422,1.00895,-1.94565,1.10136,1.16858,2.20139,0.0011219,-0.000258814,0.000670248,-2.62881e-05,-0.000102258,-0.000384091,-0.000316291,0,0,0,0,0,0,0,-0.204456,26.766,-24.7366,7.49881,0.836199,2.51882,0.0780126,-0.206324,2.18293,-3.03022,1.88015,0.184735,0.912631,0.0542561
1723624,0.96,-2.75261,-1.32534,1.01105,-1.94698,1.10108,1.16772,2.20139,-2.75266,-1.32422,1.00895,-1.94565,1.10136,1.16858,2.20139,-0.000458495,0.000477071,0.000446832,-0.000574337,0.000338729,-1.87017e-05,-0.00044822,0,0,0,0,0,0,0,-0.152882,26.7383,-24.7366,7.52262,0.825212,2.51242,0.0844213,-0.205511,2.18302,-3.03208,1.88103,0.184817,0.912819,0.0546581
1723625,0.96,-2.75262,-1.32534,1.01105,-1.94698,1.10108,1.16772,2.20139,-2.75266,-1.32422,1.00895,-1.94565,1.10136,1.16858,2.20139,-0.00151209,0.000318047,0.000297888,-0.000382892,0.000225819,-1.24678e-05,0.000887982,0,0,0,0,0,0,0,-0.101307,26.7383,-24.7366,7.52262,0.825212,2.51242,0.0523779,-0.203639,2.18239,-3.03389,1.88252,0.184925,0.913007,0.0550737
1723626,0.96,-2.75261,-1.32534,1.01106,-1.94699,1.10108,1.16772,2.20139,-2.75266,-1.32422,1.00895,-1.94565,1.10136,1.16858,2.20139,0.000755178,0.00141846,0.000848206,-0.000812073,-5.29043e-05,0.000466406,0.00011727,0,0,0,0,0,0,0,-0.176685,26.6867,-24.7643,7.54642,0.830705,2.4996,0.0651953,-0.199765,2.1802,-3.03528,1.8852,0.185092,0.913161,0.0555024
1723627,0.96,-2.75261,-1.32534,1.01105,-1.94698,1.10108,1.16772,2.20138,-2.75266,-1.32422,1.00895,-1.94565,1.10136,1.16858,2.20139,0.000503452,-0.000260788,-0.000640955,1.54299e-05,-3.52696e-05,-0.000163781,-0.000396538,0,0,0,0,0,0,0,-0.176685,26.7383,-24.7128,7.52262,0.830705,2.51242,0.0780126,-0.197003,2.17773,-3.03604,1.88747,0.185196,0.913306,0.0559184
1723628,0.96,-2.75261,-1.32534,1.01105,-1.94699,1.10108,1.16772,2.20138,-2.75266,-1.32422,1.00895,-1.94565,1.10136,1.16858,2.20139,-0.000221177,-0.000173858,-0.000427303,-0.000546525,-2.3513e-05,0.000128172,-2.69997e-05,0,0,0,0,0,0,0,-0.152882,26.7383,-24.7128,7.54642,0.830705,2.50601,0.071604,-0.196425,2.17607,-3.03605,1.88856,0.185205,0.91341,0.0563084
1723629,0.96,-2.75261,-1.32534,1.01105,-1.94698,1.10108,1.16772,2.20139,-2.75266,-1.32422,1.00895,-1.94565,1.10136,1.16858,2.20139,-0.000147451,-0.000115906,-0.000284869,0.000749274,-0.000219126,-0.000151911,0.000456718,0,0,0,0,0,0,0,-0.152882,26.7383,-24.7128,7.49881,0.836199,2.51242,0.0587866,-0.196661,2.17519,-3.03575,1.88897,0.185171,0.913457,0.0566823
1723630,0.96,-2.75261,-1.32534,1.01106,-1.94698,1.10108,1.16772,2.20139,-2.75266,-1.32422,1.00895,-1.94565,1.10136,1.16858,2.20139,0.000458511,0.000479542,0.00101651,0.000499516,-0.000146084,-0.000338633,0.000304479,0,0,0,0,0,0,0,-0.176685,26.7144,-24.7643,7.49881,0.836199,2.51882,0.0587866,-0.197595,2.17519,-3.03601,1.88863,0.185077,0.91351,0.0570432
1723631,0.96,-2.75261,-1.32534,1.01106,-1.94699,1.10108,1.16772,2.20138,-2.75266,-1.32422,1.00895,-1.94565,1.10136,1.16858,2.20139,-0.000251138,-0.000237118,0.00123449,-0.000780613,0.000309512,-0.000225755,-0.00122117,0,0,0,0,0,0,0,-0.152882,26.7383,-24.7881,7.54642,0.825212,2.51882,0.0972387,-0.198819,2.17622,-3.03791,1.88806,0.184961,0.913674,0.0573833
1723632,0.96,-2.75261,-1.32534,1.01106,-1.94698,1.10108,1.16772,2.20138,-2.75266,-1.32422,1.00895,-1.94565,1.10136,1.16858,2.20139,-0.000167425,-0.000158078,0.00026618,3.6403e-05,2.89065e-06,8.68554e-05,-0.000102035,0,0,0,0,0,0,0,-0.152882,26.7383,-24.7643,7.52262,0.830705,2.51242,0.0780126,-0.199142,2.17777,-3.04132,1.88819,0.184904,0.91395,0.057709
1723633,0.96,-2.75261,-1.32534,1.01106,-1.94698,1.10108,1.16772,2.20138,-2.75266,-1.32422,1.00895,-1.94565,1.10136,1.16858,2.20139,-0.000111617,-0.000105386,0.000177453,0.000581081,0.000205378,-0.000179455,0.000169336,0,0,0,0,0,0,0,-0.152882,26.7383,-24.7643,7.49881,0.825212,2.51882,0.071604,-0.199001,2.17926,-3.04475,1.88855,0.184869,0.914222,0.0580427
1723634,0.96,-2.75261,-1.32534,1.01105,-1.94699,1.10108,1.16772,2.20138,-2.75266,-1.32422,1.00895,-1.94565,1.10136,1.16858,2.20139,-0.000724025,0.000486555,-0.000531312,-0.000726237,0.000136918,0.000117722,0.00011289,0,0,0,0,0,0,0,-0.125111,26.7144,-24.7366,7.54642,0.825212,2.51242,0.071604,-0.198316,2.17974,-3.04704,1.88915,0.184843,0.914414,0.0583948
1723635,0.96,-2.75261,-1.32534,1.01106,-1.94698,1.10108,1.16772,2.20138,-2.75266,-1.32422,1.00895,-1.94565,1.10136,1.16858,2.20139,0.000723742,-0.000882056,0.000852218,7.26541e-05,-0.000315622,7.84814e-05,-0.000162099,0,0,0,0,0,0,0,-0.176685,26.766,-24.7881,7.52262,0.836199,2.51242,0.0780126,-0.197103,2.17945,-3.04865,1.89022,0.184844,0.914576,0.0587569
1723636,0.96,-2.75261,-1.32534,1.01106,-1.94698,1.10108,1.16772,2.20138,-2.75266,-1.32422,1.00895,-1.94565,1.10136,1.16858,2.20139,-0.000723931,0.000618389,1.13334e-05,4.84361e-05,-0.000210415,-0.000185038,-0.000345425,0,0,0,0,0,0,0,-0.125111,26.7144,-24.7643,7.52262,0.836199,2.51882,0.0844213,-0.196322,2.17963,-3.05062,1.89115,0.184832,0.914776,0.0591222
1723637,0.96,-2.75261,-1.32534,1.01105,-1.94699,1.10107,1.16772,2.20139,-2.75266,-1.32422,1.00895,-1.94565,1.10136,1.16858,2.20139,0.000166993,0.000412259,-0.000642058,-0.00108133,-0.000343727,-0.000598077,0.00312665,0,0,0,0,0,0,0,-0.152882,26.7144,-24.7366,7.57022,0.841692,2.53164,-0.00621587,-0.194972,2.17888,-3.05202,1.89256,0.184851,0.914955,0.059496
1723638,0.96,-2.75261,-1.32534,1.01106,-1.94698,1.10108,1.16772,2.20139,-2.75266,-1.32422,1.00895,-1.94565,1.10136,1.16858,2.20139,0.00131775,0.000274839,0.000778387,0.000392735,0.00017775,0.000550718,0.000151654,0,0,0,0,0,0,0,-0.204456,26.7144,-24.7881,7.52262,0.830705,2.50601,0.0459692,-0.193837,2.1772,-3.0525,1.89419,0.184884,0.915122,0.0598468
1723639,0.96,-2.75261,-1.32534,1.01105,-1.94698,1.10108,1.16772,2.20139,-2.75266,-1.32422,1.00895,-1.94565,1.10136,1.16858,2.20139,-0.000327923,0.000183226,-0.000687501,0.000261823,-8.49507e-05,0.000129786,0.000609729,0,0,0,0,0,0,0,-0.152882,26.7144,-24.7366,7.52262,0.836199,2.51242,0.0322363,-0.194477,2.17618,-3.05299,1.8948,0.184845,0.915316,0.0601054
1723640,0.96,-2.75262,-1.32534,1.01106,-1.94699,1.10108,1.16772,2.20139,-2.75266,-1.32422,1.00895,-1.94565,1.10136,1.16858,2.20139,-0.00142504,-0.000434661,-0.000458334,-0.000382263,0.000146817,-0.000388194,-0.000339499,0,0,0,0,0,0,0,-0.101307,26.7383,-24.7366,7.54642,0.830705,2.52523,0.0523779,-0.194357,2.17499,-3.05329,1.89555,0.184836,0.915462,0.0602441
1723641,0.96,-2.75261,-1.32534,1.01105,-1.94698,1.10108,1.16772,2.20139,-2.75266,-1.32422,1.00895,-1.94565,1.10136,1.16858,2.20139,-0.000393215,0.000267038,-0.000862368,0.00030197,0.000301328,-2.14368e-05,0.000282293,0,0,0,0,0,0,0,-0.125111,26.7144,-24.7128,7.52262,0.825212,2.51882,0.038645,-0.191919,2.17291,-3.05321,1.89738,0.184929,0.915537,0.0602762
1723642,0.96,-2.75261,-1.32534,1.01106,-1.94698,1.10108,1.16772,2.20139,-2.75266,-1.32422,1.00895,-1.94565,1.10136,1.16858,2.20139,-0.000262144,0.000827639,0.000631514,0.000201313,-2.56497e-06,-1.42912e-05,0.000662913,0,0,0,0,0,0,0,-0.125111,26.6867,-24.7643,7.52262,0.830705,2.51882,0.0258276,-0.188827,2.1704,-3.05302,1.89946,0.185033,0.915606,0.0602199
1723643,0.96,-2.75261,-1.32534,1.01106,-1.94699,1.10108,1.16772,2.20139,-2.75266,-1.32422,1.00895,-1.94565,1.10136,1.16858,2.20139,0.000474852,-0.000654666,0.000421009,0.000134209,-0.000205161,-0.000246886,-3.27756e-05,0,0,0,0,0,0,0,-0.152882,26.7383,-24.7643,7.52262,0.836199,2.52523,0.038645,-0.186766,2.16879,-3.05385,1.90093,0.185077,0.915774,0.0600822
1723644,0.96,-2.75261,-1.32534,1.01106,-1.94699,1.10108,1.16772,2.20139,-2.75266,-1.32422,1.00895,-1.94565,1.10136,1.16858,2.20139,0.000316568,-0.000436444,-0.000368941,-0.00102415,-0.000136774,7.2768e-05,0.000690226,0,0,0,0,0,0,0,-0.152882,26.7383,-24.7366,7.57022,0.836199,2.51882,0.0194189,-0.186328,2.16899,-3.05597,1.90167,0.185081,0.916072,0.0598597
1723645,0.96,-2.75261,-1.32534,1.01106,-1.94698,1.10108,1.16772,2.20139,-2.75266,-1.32422,1.00895,-1.94565,1.10136,1.16858,2.20139,-0.000438569,-0.000290963,0.000403653,0.000430856,-9.11824e-05,-0.000426206,-0.000760552,0,0,0,0,0,0,0,-0.125111,26.7383,-24.7643,7.52262,0.836199,2.53164,0.0523779,-0.18648,2.17008,-3.05854,1.90229,0.185097,0.916433,0.0595566
1723646,0.96,-2.75261,-1.32534,1.01106,-1.94699,1.10108,1.16772,2.20139,-2.75266,-1.32422,1.00895,-1.94565,1.10136,1.16858,2.20139,0.000914047,0.000362837,0.000825914,0.000287238,-6.07883e-05,-0.000284137,0.000713668,0,0,0,0,0,0,0,-0.176685,26.7144,-24.7881,7.52262,0.836199,2.53164,0.0194189,-0.18687,2.17151,-3.06154,1.90269,0.185098,0.916839,0.0591867
1723647,0.96,-2.75261,-1.32534,1.01106,-1.94699,1.10108,1.16772,2.20139,-2.75266,-1.32422,1.00895,-1.94565,1.10136,1.16858,2.20139,5.25525e-05,0.000241891,-0.000655817,-0.00036532,0.000162925,0.000285293,-0.000507565,0,0,0,0,0,0,0,-0.152882,26.7144,-24.7366,7.54642,0.830705,2.51882,0.0459692,-0.187842,2.17273,-3.06435,1.90272,0.185061,0.917268,0.0587673
1723648,0.96,-2.75261,-1.32534,1.01106,-1.94699,1.10108,1.16772,2.20139,-2.75266,-1.32422,1.00895,-1.94565,1.10136,1.16858,2.20139,3.5035e-05,-0.000395551,-0.000994023,-0.000243547,0.000312067,-0.000284523,0.000882326,0,0,0,0,0,0,0,-0.152882,26.7383,-24.7128,7.54642,0.825212,2.53164,0.0130102,-0.188485,2.17273,-3.06569,1.90311,0.185053,0.91763,0.058308
1723649,0.96,-2.75261,-1.32534,1.01106,-1.94699,1.10107,1.16772,2.20139,-2.75266,-1.32422,1.00895,-1.94565,1.10136,1.16858,2.20139,-0.000626257,-0.000263701,0.00175017,-0.000162365,-0.000402307,0.000285036,-0.000361218,0,0,0,0,0,0,0,-0.125111,26.7383,-24.8159,7.54642,0.841692,2.51882,0.038645,-0.188023,2.17238,-3.06685,1.90412,0.185102,0.917977,0.0578133
1723650,0.96,-2.75261,-1.32534,1.01106,-1.94699,1.10108,1.16772,2.20139,-2.75266,-1.32422,1.00895,-1.94565,1.10136,1.16858,2.20139,0.000232109,0.000381011,0.000517166,-0.000108243,0.000342147,-0.000284694,-3.45323e-06,0,0,0,0,0,0,0,-0.152882,26.7144,-24.7881,7.54642,0.825212,2.53164,0.0322363,-0.186533,2.17268,-3.06969,1.90563,0.185187,0.918425,0.0572867
1723651,0.96,-2.75261,-1.32534,1.01106,-1.94699,1.10108,1.16772,2.20139,-2.75266,-1.32422,1.00895,-1.94565,1.10136,1.16858,2.20139,0.000154739,-0.000302804,0.000344777,-0.000628974,-0.000178803,0.000284922,-0.000748287,0,0,0,0,0,0,0,-0.152882,26.7383,-24.7881,7.57022,0.836199,2.51882,0.0523779,-0.184866,2.17313,-3.07321,1.90731,0.185274,0.918932,0.0567363
1723652,0.96,-2.75261,-1.32534,1.01106,-1.94699,1.10108,1.16772,2.20139,-2.75266,-1.32422,1.00895,-1.94565,1.10136,1.16858,2.20139,0.000659972,0.000354942,-0.00032696,-0.000419316,8.42485e-05,-4.74109e-05,-0.000498858,0,0,0,0,0,0,0,-0.176685,26.7144,-24.7643,7.57022,0.830705,2.52523,0.0523779,-0.183765,2.17318,-3.07594,1.90894,0.185349,0.919412,0.0561805
1723653,0.96,-2.75261,-1.32534,1.01106,-1.94699,1.10107,1.16772,2.20139,-2.75266,-1.32422,1.00895,-1.94565,1.10136,1.16858,2.20139,-0.000116831,-0.000320184,-0.000867588,0.000277268,-0.000554186,0.000205752,0.000176054,0,0,0,0,0,0,0,-0.152882,26.7383,-24.7366,7.54642,0.847185,2.51882,0.038645,-0.18334,2.1726,-3.07721,1.9103,0.185399,0.919801,0.0556439
1723654,0.96,-2.75261,-1.32534,1.01106,-1.94699,1.10108,1.16772,2.20139,-2.75266,-1.32422,1.00895,-1.94565,1.10136,1.16858,2.20139,-7.78873e-05,-0.000213456,0.00127765,-0.000371967,0.000240894,-0.000100191,-0.000628616,0,0,0,0,0,0,0,-0.152882,26.7383,-24.8159,7.57022,0.830705,2.52523,0.0587866,-0.183049,2.17199,-3.07804,1.91145,0.185439,0.920132,0.055144
1723655,0.96,-2.75261,-1.32534,1.01106,-1.94699,1.10108,1.16771,2.20138,-2.75266,-1.32422,1.00895,-1.94565,1.10136,1.16858,2.20139,-5.19249e-05,0.00106412,0.00140858,-0.000897592,0.000364047,0.000170565,-0.000893795,0,0,0,0,0,0,0,-0.152882,26.6867,-24.8397,7.598,0.825212,2.51882,0.071604,-0.181769,2.17167,-3.08028,1.9132,0.185524,0.920535,0.0546926
1723656,0.96,-2.75261,-1.32534,1.01106,-1.94699,1.10108,1.16772,2.20139,-2.75266,-1.32422,1.00895,-1.94565,1.10136,1.16858,2.20139,-0.000684231,-0.000497011,-0.000824186,0.000608031,3.92473e-05,0.00011371,0.00062484,0,0,0,0,0,0,0,-0.125111,26.7383,-24.7643,7.54642,0.830705,2.51882,0.038645,-0.179331,2.17084,-3.08311,1.91568,0.185648,0.920953,0.0543064
1723657,0.96,-2.75261,-1.32535,1.01106,-1.94699,1.10108,1.16772,2.20139,-2.75266,-1.32422,1.00895,-1.94565,1.10136,1.16858,2.20139,-0.000456154,-0.00153777,7.35444e-06,0.000962166,-0.000177286,-0.000161552,-0.000329425,0,0,0,0,0,0,0,-0.125111,26.7898,-24.7881,7.52262,0.836199,2.52523,0.0587866,-0.177346,2.17049,-3.08535,1.91743,0.185727,0.92126,0.0539844
1723658,0.96,-2.75261,-1.32534,1.01106,-1.94699,1.10108,1.16772,2.20138,-2.75266,-1.32422,1.00895,-1.94565,1.10136,1.16858,2.20139,0.000345511,0.00073806,4.90296e-06,8.46322e-05,-0.00011819,-0.000107702,-0.000931694,0,0,0,0,0,0,0,-0.152882,26.7144,-24.7881,7.54642,0.836199,2.52523,0.0780126,-0.176815,2.17131,-3.08732,1.9179,0.185724,0.921499,0.053714
1723659,0.96,-2.75261,-1.32534,1.01106,-1.94699,1.10107,1.16771,2.20138,-2.75266,-1.32422,1.00895,-1.94565,1.10136,1.16858,2.20139,0.000787153,0.00049204,3.26864e-06,5.64215e-05,-0.000282244,0.000165558,-0.00157056,0,0,0,0,0,0,0,-0.176685,26.7144,-24.7881,7.54642,0.841692,2.51882,0.103647,-0.177275,2.17164,-3.08858,1.91802,0.185676,0.921725,0.0535053
1723660,0.96,-2.75261,-1.32534,1.01106,-1.94699,1.10108,1.16772,2.20138,-2.75266,-1.32422,1.00895,-1.94565,1.10136,1.16858,2.20139,-3.20433e-05,0.000328027,2.17909e-06,3.76143e-05,0.000218738,0.000110372,0.00037711,0,0,0,0,0,0,0,-0.152882,26.7144,-24.7881,7.54642,0.830705,2.51882,0.0651953,-0.178089,2.1709,-3.08902,1.91832,0.185625,0.921939,0.0533917
1723661,0.96,-2.75261,-1.32534,1.01106,-1.94699,1.10108,1.16772,2.20138,-2.75266,-1.32422,1.00895,-1.94565,1.10136,1.16858,2.20139,-2.13622e-05,-0.000338127,0.000651067,2.50762e-05,0.000349276,7.35813e-05,-0.000935388,0,0,0,0,0,0,0,-0.152882,26.7383,-24.8159,7.54642,0.825212,2.51882,0.0972387,-0.178523,2.17006,-3.08975,1.91892,0.185605,0.922164,0.0533955
1723662,0.96,-2.75262,-1.32534,1.01106,-1.94699,1.10108,1.16772,2.20139,-2.75266,-1.32422,1.00895,-1.94565,1.10136,1.16858,2.20139,-0.00122067,-0.000225418,0.000434044,1.67175e-05,2.94002e-05,4.90542e-05,-0.000148874,0,0,0,0,0,0,0,-0.101307,26.7383,-24.8159,7.54642,0.830705,2.51882,0.0844213,-0.17769,2.16969,-3.09163,1.9201,0.185647,0.922418,0.0535141
1723663,0.96,-2.75261,-1.32534,1.01106,-1.94698,1.10108,1.16772,2.20138,-2.75266,-1.32422,1.00895,-1.94565,1.10136,1.16858,2.20139,-0.000256966,-0.000799893,0.000289363,0.00177438,1.96001e-05,3.27028e-05,-0.000336608,0,0,0,0,0,0,0,-0.125111,26.766,-24.8159,7.47104,0.830705,2.51882,0.09083,-0.175993,2.17006,-3.09449,1.92132,0.185705,0.922665,0.0537405
1723664,0.96,-2.75261,-1.32534,1.01106,-1.94698,1.10107,1.16772,2.20138,-2.75266,-1.32422,1.00895,-1.94565,1.10136,1.16858,2.20139,-0.000171311,0.000116352,-0.000456705,-2.3504e-05,-0.000597285,-0.000215557,-0.000699123,0,0,0,0,0,0,0,-0.125111,26.7383,-24.7881,7.52262,0.847185,2.52523,0.103647,-0.17494,2.17102,-3.09726,1.92171,0.185706,0.92286,0.0540665
1723665,0.96,-2.75261,-1.32534,1.01106,-1.94699,1.10108,1.16771,2.20138,-2.75266,-1.32422,1.00895,-1.94565,1.10136,1.16858,2.20139,0.00109222,0.00063438,0.000345144,-0.000572481,0.000415612,9.36542e-05,0.000483354,0,0,0,0,0,0,0,-0.176685,26.7144,-24.8159,7.54642,0.825212,2.51882,0.0780126,-0.174637,2.17132,-3.09902,1.92194,0.185694,0.923026,0.054491
1723666,0.96,-2.75261,-1.32534,1.01106,-1.94699,1.10108,1.16772,2.20138,-2.75266,-1.32422,1.00895,-1.94565,1.10136,1.16858,2.20139,-0.00047828,0.00042292,0.000230096,-0.000938466,-0.000129826,6.24361e-05,-0.000389841,0,0,0,0,0,0,0,-0.125111,26.7144,-24.8159,7.57022,0.836199,2.51882,0.0972387,-0.173967,2.17027,-3.10008,1.9231,0.185742,0.923214,0.0550103
1723667,0.96,-2.75261,-1.32534,1.01106,-1.94698,1.10108,1.16772,2.20138,-2.75266,-1.32422,1.00895,-1.94565,1.10136,1.16858,2.20139,0.000330761,0.000281947,0.000153397,0.00104479,-8.65508e-05,4.16241e-05,0.000214824,0,0,0,0,0,0,0,-0.152882,26.7144,-24.8159,7.49881,0.836199,2.51882,0.0844213,-0.172625,2.16852,-3.10109,1.92484,0.185833,0.923408,0.0556027
1723668,0.96,-2.75261,-1.32534,1.01106,-1.94699,1.10108,1.16772,2.20138,-2.75266,-1.32422,1.00895,-1.94565,1.10136,1.16858,2.20139,0.000220507,0.00139439,0.000102265,-0.000417096,-0.000261151,-0.00020961,-0.000568861,0,0,0,0,0,0,0,-0.152882,26.6629,-24.8159,7.54642,0.841692,2.52523,0.103647,-0.171429,2.16643,-3.10181,1.92629,0.185896,0.923565,0.0562485
1723669,0.96,-2.75261,-1.32534,1.01106,-1.94698,1.10108,1.16772,2.20138,-2.75266,-1.32422,1.00895,-1.94565,1.10136,1.16858,2.20139,-0.000502609,0.000372782,6.81765e-05,0.00148517,0.0002328,-0.00013974,0.000570195,0,0,0,0,0,0,0,-0.125111,26.6867,-24.8159,7.47104,0.830705,2.52523,0.0780126,-0.17033,2.16381,-3.10211,1.92743,0.185932,0.923677,0.0569393
1723670,0.96,-2.75262,-1.32534,1.01106,-1.94699,1.10108,1.16772,2.20138,-2.75266,-1.32422,1.00895,-1.94565,1.10136,1.16858,2.20139,-0.000891885,-0.000401093,0.000602263,-0.00021631,-4.82503e-05,-9.31598e-05,-9.45878e-05,0,0,0,0,0,0,0,-0.101307,26.7144,-24.8397,7.52262,0.836199,2.52523,0.09083,-0.168665,2.16159,-3.10299,1.92841,0.18598,0.923778,0.0576641
1723671,0.96,-2.75261,-1.32534,1.01106,-1.94699,1.10108,1.16771,2.20139,-2.75266,-1.32422,1.00895,-1.94565,1.10136,1.16858,2.20139,-3.77779e-05,-0.000267395,0.000401509,-0.000701019,-3.21669e-05,0.000412611,0.0001743,0,0,0,0,0,0,0,-0.125111,26.7144,-24.8397,7.54642,0.836199,2.51242,0.0844213,-0.166255,2.16059,-3.1053,1.92963,0.186095,0.923942,0.0584052
1723672,0.96,-2.75261,-1.32534,1.01106,-1.94699,1.10108,1.16771,2.20138,-2.75266,-1.32422,1.00895,-1.94565,1.10136,1.16858,2.20139,-2.51853e-05,-0.00138469,-0.000938753,8.94662e-05,0.000182006,3.77153e-05,-0.000358518,0,0,0,0,0,0,0,-0.125111,26.766,-24.7881,7.52262,0.830705,2.51882,0.0972387,-0.164206,2.16076,-3.10822,1.93081,0.186253,0.924151,0.0591463
1723673,0.96,-2.75261,-1.32535,1.01107,-1.94699,1.10108,1.16771,2.20139,-2.75266,-1.32422,1.00895,-1.94565,1.10136,1.16858,2.20139,0.00118964,-0.00147994,0.00178702,-0.000497168,0.000121337,2.51435e-05,0.0014225,0,0,0,0,0,0,0,-0.176685,26.7898,-24.8913,7.54642,0.830705,2.51882,0.0523779,-0.164472,2.16318,-3.11187,1.93074,0.186353,0.924416,0.0598798
1723674,0.96,-2.75261,-1.32534,1.01106,-1.94699,1.10108,1.16771,2.20138,-2.75266,-1.32422,1.00895,-1.94565,1.10136,1.16858,2.20139,0.000236279,0.000776612,-0.00177832,-0.000331445,8.08915e-05,-0.000220597,-0.000238461,0,0,0,0,0,0,0,-0.152882,26.7144,-24.7643,7.54642,0.830705,2.52523,0.0844213,-0.166612,2.16669,-3.1158,1.92978,0.186386,0.924723,0.0605957
1723675,0.96,-2.75262,-1.32534,1.01106,-1.94699,1.10108,1.16772,2.20138,-2.75266,-1.32422,1.00895,-1.94565,1.10136,1.16858,2.20139,-0.00104891,0.000517742,0.000577691,-0.000777775,-0.000149523,9.02945e-05,7.83851e-05,0,0,0,0,0,0,0,-0.101307,26.7144,-24.8397,7.57022,0.836199,2.51882,0.0780126,-0.167179,2.16742,-3.11774,1.93001,0.186463,0.924915,0.0612758
1723676,0.96,-2.75262,-1.32534,1.01106,-1.94698,1.10108,1.16772,2.20138,-2.75266,-1.32422,1.00895,-1.94565,1.10136,1.16858,2.20139,-0.000699271,-0.000211651,-0.000821298,0.00115192,0.000103769,0.000297555,5.22567e-05,0,0,0,0,0,0,0,-0.101307,26.7383,-24.7881,7.49881,0.830705,2.51242,0.0780126,-0.164878,2.16545,-3.11823,1.9317,0.186608,0.924971,0.0619126
1723677,0.96,-2.75261,-1.32534,1.01107,-1.94699,1.10108,1.16772,2.20139,-2.75266,-1.32422,1.00895,-1.94565,1.10136,1.16858,2.20139,9.06311e-05,-0.000141101,0.000658894,-0.00090249,0.00027263,-3.89887e-05,0.000746915,0,0,0,0,0,0,0,-0.125111,26.7383,-24.8397,7.57022,0.825212,2.51882,0.0587866,-0.162002,2.16347,-3.1189,1.93332,0.186734,0.924992,0.0625064
1723678,0.96,-2.75261,-1.32534,1.01107,-1.94699,1.10108,1.16772,2.20139,-2.75266,-1.32422,1.00895,-1.94565,1.10136,1.16858,2.20139,6.04207e-05,0.00111236,-0.000117549,-4.4848e-05,-0.000428598,-2.59925e-05,0.000735302,0,0,0,0,0,0,0,-0.125111,26.6867,-24.8159,7.54642,0.841692,2.51882,0.0523779,-0.159574,2.16173,-3.11988,1.93479,0.186828,0.925041,0.0630525
1723679,0.96,-2.75262,-1.32534,1.01106,-1.94699,1.10108,1.16772,2.20138,-2.75266,-1.32422,1.00895,-1.94565,1.10136,1.16858,2.20139,-0.000516531,-0.00111447,-7.83663e-05,0.000526913,-8.22818e-05,-1.73283e-05,1.54835e-05,0,0,0,0,0,0,0,-0.101307,26.766,-24.8159,7.52262,0.836199,2.51882,0.0651953,-0.157568,2.16012,-3.12099,1.93608,0.186893,0.925103,0.0635313
1723680,0.96,-2.75261,-1.32534,1.01107,-1.94699,1.10108,1.16772,2.20138,-2.75266,-1.32422,1.00895,-1.94565,1.10136,1.16858,2.20139,0.00141888,-9.33642e-05,0.000504568,-0.000205536,-0.000258305,-1.15522e-05,-0.000464396,0,0,0,0,0,0,0,-0.176685,26.7383,-24.8397,7.54642,0.841692,2.51882,0.0780126,-0.157258,2.16012,-3.12269,1.93622,0.186885,0.925194,0.0639239
1723681,0.96,-2.75261,-1.32534,1.01106,-1.94699,1.10108,1.16772,2.20139,-2.75266,-1.32422,1.00895,-1.94565,1.10136,1.16858,2.20139,-0.000260504,-6.22428e-05,-0.000870047,0.000419788,0.000234698,-0.00024506,0.000877198,0,0,0,0,0,0,0,-0.125111,26.7383,-24.7881,7.52262,0.830705,2.52523,0.0459692,-0.158865,2.16138,-3.12465,1.93529,0.186812,0.925318,0.0642424
1723682,0.96,-2.75261,-1.32534,1.01106,-1.94698,1.10108,1.16771,2.20139,-2.75266,-1.32422,1.00895,-1.94565,1.10136,1.16858,2.20139,0.000475945,-4.14952e-05,6.95823e-05,0.000279858,-4.69854e-05,-0.000163374,0.000347439,0,0,0,0,0,0,0,-0.152882,26.7383,-24.8159,7.52262,0.836199,2.52523,0.0523779,-0.160844,2.1623,-3.12588,1.93414,0.186724,0.9254,0.0645017
1723683,0.96,-2.75261,-1.32534,1.01107,-1.94699,1.10108,1.16771,2.20139,-2.75266,-1.32422,1.00895,-1.94565,1.10136,1.16858,2.20139,-0.000332317,0.000529148,4.63882e-05,-0.00037024,-0.000234774,-0.000108916,0.000977612,0,0,0,0,0,0,0,-0.125111,26.7144,-24.8159,7.54642,0.841692,2.52523,0.0322363,-0.161938,2.1625,-3.12679,1.93348,0.186676,0.925464,0.0646962
1723684,0.96,-2.75261,-1.32534,1.01107,-1.94698,1.10108,1.16771,2.20139,-2.75266,-1.32422,1.00895,-1.94565,1.10136,1.16858,2.20139,0.000428069,-0.000204046,3.09255e-05,0.00151641,4.69344e-05,-0.000309969,-0.000331603,0,0,0,0,0,0,0,-0.152882,26.7383,-24.8159,7.47104,0.836199,2.53164,0.0587866,-0.162357,2.16235,-3.12784,1.93315,0.186654,0.925544,0.0648099
1723685,0.96,-2.75261,-1.32534,1.01106,-1.94699,1.10108,1.16772,2.20139,-2.75266,-1.32422,1.00895,-1.94565,1.10136,1.16858,2.20139,0.000842191,-0.000136031,2.0617e-05,-0.000195485,3.12896e-05,-0.000206646,0.00123699,0,0,0,0,0,0,0,-0.176685,26.7383,-24.8159,7.52262,0.836199,2.53164,0.0194189,-0.163706,2.16291,-3.12916,1.93208,0.186591,0.925657,0.0648325
1723686,0.96,-2.75261,-1.32534,1.01107,-1.94699,1.10108,1.16771,2.20139,-2.75266,-1.32422,1.00895,-1.94565,1.10136,1.16858,2.20139,-0.000644965,-9.06872e-05,0.00112737,-0.00124395,2.08597e-05,-0.000137764,0.000349944,0,0,0,0,0,0,0,-0.125111,26.7383,-24.8635,7.57022,0.836199,2.53164,0.0322363,-0.164828,2.16394,-3.13128,1.93136,0.186578,0.925864,0.0647669
1723687,0.96,-2.75261,-1.32534,1.01106,-1.94699,1.10108,1.16772,2.20139,-2.75266,-1.32422,1.00895,-1.94565,1.10136,1.16858,2.20139,0.000219637,0.000496354,-0.000362045,-0.000272486,0.000217357,0.000382875,-4.06272e-06,0,0,0,0,0,0,0,-0.152882,26.7144,-24.8159,7.54642,0.830705,2.51882,0.038645,-0.163567,2.1641,-3.13396,1.93245,0.186714,0.926144,0.0646075
1723688,0.96,-2.75261,-1.32534,1.01107,-1.94699,1.10108,1.16771,2.20139,-2.75266,-1.32422,1.00895,-1.94565,1.10136,1.16858,2.20139,0.000146425,-0.000225909,0.000315449,-0.000181657,-5.85458e-05,-0.000219468,0.00023465,0,0,0,0,0,0,0,-0.152882,26.7383,-24.8397,7.54642,0.836199,2.53164,0.0322363,-0.161378,2.1634,-3.13618,1.93423,0.186898,0.926412,0.0643494
1723689,0.96,-2.75261,-1.32534,1.01107,-1.94699,1.10108,1.16772,2.20139,-2.75266,-1.32422,1.00895,-1.94565,1.10136,1.16858,2.20139,-0.000551997,-0.000150606,0.000210299,0.000992519,-3.90306e-05,0.000328406,-0.000589552,0,0,0,0,0,0,0,-0.125111,26.7383,-24.8397,7.49881,0.836199,2.51882,0.0523779,-0.159721,2.16298,-3.13818,1.93543,0.187036,0.926651,0.0640036
1723690,0.96,-2.75261,-1.32534,1.01106,-1.94699,1.10108,1.16772,2.20139,-2.75266,-1.32422,1.00895,-1.94565,1.10136,1.16858,2.20139,0.000281616,-0.000100404,-0.000416613,-0.000451945,-2.60204e-05,0.000218937,0.00059031,0,0,0,0,0,0,0,-0.152882,26.7383,-24.8159,7.54642,0.836199,2.51882,0.0258276,-0.158463,2.16297,-3.14009,1.93604,0.187132,0.926855,0.0635901
1723691,0.96,-2.75261,-1.32534,1.01107,-1.94699,1.10108,1.16772,2.20139,-2.75266,-1.32422,1.00895,-1.94565,1.10136,1.16858,2.20139,0.000744556,-6.69361e-05,-0.000277742,-0.000301296,-1.73469e-05,-0.00032876,-0.000589804,0,0,0,0,0,0,0,-0.176685,26.7383,-24.8159,7.54642,0.836199,2.53164,0.0523779,-0.157913,2.16284,-3.14127,1.93638,0.187209,0.927023,0.06313
1723692,0.96,-2.75261,-1.32534,1.01107,-1.94699,1.10108,1.16771,2.20139,-2.75266,-1.32422,1.00895,-1.94565,1.10136,1.16858,2.20139,-6.04415e-05,0.000512188,0.000371651,0.000355948,-1.15646e-05,1.81858e-05,0.0008275,0,0,0,0,0,0,0,-0.152882,26.7144,-24.8397,7.52262,0.836199,2.52523,0.0194189,-0.158086,2.16256,-3.14202,1.93657,0.187267,0.92719,0.0626378
1723693,0.96,-2.75262,-1.32534,1.01107,-1.94699,1.10108,1.16772,2.20139,-2.75266,-1.32422,1.00895,-1.94565,1.10136,1.16858,2.20139,-0.00124672,-0.000215353,0.000247767,-0.000319513,0.000195741,1.21239e-05,-0.000431677,0,0,0,0,0,0,0,-0.101307,26.7383,-24.8397,7.54642,0.830705,2.52523,0.0459692,-0.157251,2.1619,-3.14309,1.93723,0.187352,0.927359,0.0621228
1723695,0.94,-2.75261,-1.32534,1.01106,-1.94699,1.10108,1.16771,2.20139,-2.75266,-1.32422,1.00895,-1.94565,1.10136,1.16858,2.20139,6.45821e-05,-9.57126e-05,-0.00183872,0.000414806,-0.000252088,-7.37313e-05,0.000463706,0,0,0,0,0,0,0,-0.152882,26.7383,-24.7643,7.52262,0.841692,2.52523,0.0258276,-0.154394,2.16129,-3.14663,1.93915,0.187573,0.927743,0.0610301
1723696,0.94,-2.75261,-1.32534,1.01107,-1.94699,1.10108,1.16771,2.20139,-2.75266,-1.32422,1.00895,-1.94565,1.10136,1.16858,2.20139,0.000599867,0.000493004,-1.93895e-05,-0.000837087,0.000238842,0.000188205,-0.000911566,0,0,0,0,0,0,0,-0.176685,26.7144,-24.8159,7.57022,0.830705,2.51882,0.0587866,-0.154795,2.16063,-3.14653,1.93927,0.187615,0.927832,0.0604619
1723697,0.94,-2.75261,-1.32534,1.01106,-1.94698,1.10108,1.16772,2.20139,-2.75266,-1.32422,1.00895,-1.94565,1.10136,1.16858,2.20139,0.00160634,-0.000877757,-0.00066254,0.000555566,0.000159228,0.00012547,-0.000370352,0,0,0,0,0,0,0,-0.22826,26.766,-24.7881,7.52262,0.830705,2.51882,0.0523779,-0.156541,2.16007,-3.14574,1.93884,0.187612,0.927901,0.0598889
1723698,0.95,-2.75261,-1.32534,1.01107,-1.94698,1.10108,1.16772,2.20138,-2.75266,-1.32422,1.00895,-1.94565,1.10136,1.16858,2.20139,-0.000692347,-0.000585171,0.00020792,0.000927189,0.000106152,-0.000153712,-0.00119634,0,0,0,0,0,0,0,-0.152882,26.766,-24.8159,7.49881,0.830705,2.52523,0.0780126,-0.160104,2.16129,-3.1458,1.93719,0.18752,0.928009,0.0593333
1723699,0.96,-2.75261,-1.32534,1.01107,-1.94699,1.10108,1.16771,2.20139,-2.75266,-1.32422,1.00895,-1.94565,1.10136,1.16858,2.20139,9.52476e-05,-0.000390114,0.000138614,-0.00105231,-0.000132682,-0.000339834,0.000151878,0,0,0,0,0,0,0,-0.176685,26.766,-24.8159,7.57022,0.836199,2.53164,0.0523779,-0.162817,2.16336,-3.1471,1.93573,0.187446,0.928147,0.0588311
1723700,0.97,-2.75261,-1.32534,1.01107,-1.94699,1.10108,1.16771,2.20139,-2.75266,-1.32422,1.00895,-1.94565,1.10136,1.16858,2.20139,6.34984e-05,0.000389538,9.24091e-05,-0.00070154,-0.000291906,0.000248162,0.000101252,0,0,0,0,0,0,0,-0.176685,26.7383,-24.8159,7.57022,0.841692,2.51882,0.0523779,-0.163035,2.16454,-3.149,1.93602,0.187498,0.928324,0.0584096
1723701,0.98,-2.75261,-1.32534,1.01107,-1.94699,1.10108,1.16771,2.20138,-2.75266,-1.32422,1.00895,-1.94565,1.10136,1.16858,2.20139,-0.00116409,0.000816504,0.000618418,0.000645931,0.000212297,0.000165441,-0.00135665,0,0,0,0,0,0,0,-0.125111,26.7144,-24.8397,7.52262,0.830705,2.51882,0.09083,-0.161042,2.16408,-3.15074,1.93781,0.187638,0.928492,0.0580662
1723702,0.98,-2.75261,-1.32534,1.01106,-1.94699,1.10108,1.16771,2.20138,-2.75266,-1.32422,1.00895,-1.94565,1.10136,1.16858,2.20139,0.000430363,-0.00066209,-0.000794147,0.000430621,0.000141532,-0.000364424,-0.000429717,0,0,0,0,0,0,0,-0.176685,26.766,-24.7881,7.52262,0.830705,2.53164,0.0780126,-0.158269,2.16285,-3.15212,1.93972,0.187767,0.928602,0.0577964
1723703,0.98,-2.75261,-1.32534,1.01107,-1.94699,1.10108,1.16771,2.20138,-2.75266,-1.32422,1.00895,-1.94565,1.10136,1.16858,2.20139,0.000936523,-0.000441393,0.000120182,-0.000269732,-0.000109096,0.000231769,-0.000523837,0,0,0,0,0,0,0,-0.204456,26.766,-24.8159,7.54642,0.836199,2.51882,0.0844213,-0.157503,2.16268,-3.15318,1.94037,0.187807,0.928695,0.057615
1723704,0.98,-2.75261,-1.32534,1.01107,-1.94699,1.10108,1.16771,2.20139,-2.75266,-1.32422,1.00895,-1.94565,1.10136,1.16858,2.20139,-2.52653e-05,0.000912164,0.000636934,0.000376991,0.00013072,0.000154513,0.000600211,0,0,0,0,0,0,0,-0.176685,26.7144,-24.8397,7.52262,0.830705,2.51882,0.0587866,-0.158573,2.16345,-3.15433,1.94014,0.18778,0.928824,0.057537
1723705,0.98,-2.75261,-1.32534,1.01107,-1.94699,1.10108,1.16771,2.20138,-2.75266,-1.32422,1.00895,-1.94565,1.10136,1.16858,2.20139,0.00063277,5.12972e-05,-0.00013219,-0.000862297,8.71465e-05,0.000103008,-0.00149873,0,0,0,0,0,0,0,-0.204456,26.7383,-24.8159,7.57022,0.830705,2.51882,0.110056,-0.159422,2.1637,-3.15551,1.94025,0.187761,0.928972,0.0575577
1723706,0.98,-2.75261,-1.32534,1.01107,-1.94699,1.10107,1.16771,2.20138,-2.75266,-1.32422,1.00895,-1.94565,1.10136,1.16858,2.20139,-0.000227767,0.00059101,0.0010255,-0.000574864,-0.000348803,6.86722e-05,0.000187641,0,0,0,0,0,0,0,-0.176685,26.7144,-24.8635,7.57022,0.841692,2.51882,0.0780126,-0.15929,2.16322,-3.15674,1.94127,0.187797,0.92913,0.0576686
1723707,0.98,-2.75261,-1.32534,1.01107,-1.94699,1.10107,1.16771,2.20138,-2.75266,-1.32422,1.00895,-1.94565,1.10136,1.16858,2.20139,-0.000151845,-0.000812419,-0.000429959,0.00128719,-0.000232536,4.57815e-05,-0.000586983,0,0,0,0,0,0,0,-0.176685,26.766,-24.8159,7.49881,0.841692,2.51882,0.0972387,-0.158672,2.16293,-3.15837,1.94251,0.187856,0.929278,0.0578723
1723708,0.98,-2.75261,-1.32534,1.01106,-1.94699,1.10108,1.16771,2.20138,-2.75266,-1.32422,1.00895,-1.94565,1.10136,1.16858,2.20139,-0.00010123,-0.000541613,-0.000936253,-0.000255495,4.84268e-05,-0.000206838,0.000558114,0,0,0,0,0,0,0,-0.176685,26.766,-24.7881,7.54642,0.836199,2.52523,0.071604,-0.15874,2.16342,-3.15966,1.94287,0.187879,0.929339,0.0581619
1723709,0.98,-2.75261,-1.32534,1.01106,-1.94699,1.10108,1.16772,2.20139,-2.75266,-1.32422,1.00895,-1.94565,1.10136,1.16858,2.20139,-6.74865e-05,-0.000361075,-0.00183059,-0.00017033,3.22845e-05,9.9467e-05,0.000134717,0,0,0,0,0,0,0,-0.176685,26.766,-24.7366,7.54642,0.836199,2.51882,0.0780126,-0.159259,2.16365,-3.15934,1.94289,0.187908,0.92927,0.0585226
1723710,0.98,-2.75261,-1.32534,1.01107,-1.94699,1.10108,1.16771,2.20138,-2.75266,-1.32422,1.00895,-1.94565,1.10136,1.16858,2.20139,-4.4991e-05,0.000965709,0.00174927,-0.000113553,-0.000181927,6.63113e-05,-0.000384907,0,0,0,0,0,0,0,-0.176685,26.7144,-24.8635,7.54642,0.841692,2.51882,0.09083,-0.159209,2.16294,-3.15822,1.94345,0.187982,0.929162,0.0589364
1723711,0.98,-2.75261,-1.32534,1.01107,-1.94699,1.10108,1.16772,2.20138,-2.75266,-1.32422,1.00895,-1.94565,1.10136,1.16858,2.20139,-0.000586806,-0.00111943,0.000609366,-7.57023e-05,0.000692517,4.42075e-05,0.000218113,0,0,0,0,0,0,0,-0.152882,26.7898,-24.8397,7.54642,0.819719,2.51882,0.0780126,-0.158357,2.16272,-3.15894,1.94451,0.188086,0.929176,0.0593897
1723712,0.98,-2.75261,-1.32534,1.01107,-1.94699,1.10108,1.16771,2.20138,-2.75266,-1.32422,1.00895,-1.94565,1.10136,1.16858,2.20139,-0.00104082,0.000460138,0.000406244,-5.04682e-05,5.4777e-05,-0.000445246,-0.000804027,0,0,0,0,0,0,0,-0.125111,26.7383,-24.8397,7.54642,0.830705,2.53164,0.103647,-0.156515,2.16339,-3.16158,1.94597,0.188222,0.929291,0.0598754
1723713,0.98,-2.75261,-1.32534,1.01107,-1.94699,1.10108,1.16772,2.20138,-2.75266,-1.32422,1.00895,-1.94565,1.10136,1.16858,2.20139,-4.42647e-05,0.000306759,0.00147726,0.000523166,-0.000370383,-5.94718e-05,0.000650777,0,0,0,0,0,0,0,-0.152882,26.7383,-24.8913,7.52262,0.841692,2.52523,0.071604,-0.153947,2.16397,-3.16474,1.94769,0.188358,0.929426,0.0603919
1723714,0.98,-2.75261,-1.32534,1.01106,-1.94698,1.10108,1.16771,2.20139,-2.75266,-1.32422,1.00895,-1.94565,1.10136,1.16858,2.20139,-2.95098e-05,0.000204506,-0.00142801,0.00090559,-0.000246922,0.000672429,0.000908569,0,0,0,0,0,0,0,-0.152882,26.7383,-24.7881,7.49881,0.841692,2.50601,0.0587866,-0.152326,2.16427,-3.16721,1.94869,0.188417,0.929522,0.0609328
1723715,0.98,-2.75261,-1.32534,1.01106,-1.94698,1.10108,1.16771,2.20139,-2.75266,-1.32422,1.00895,-1.94565,1.10136,1.16858,2.20139,0.000537139,-0.00107009,-0.00150882,0.000603726,0.000242286,-2.64319e-05,-0.000106364,0,0,0,0,0,0,0,-0.176685,26.7898,-24.7643,7.49881,0.830705,2.51882,0.0780126,-0.15318,2.16447,-3.16731,1.94805,0.188365,0.929467,0.0614655
1723716,0.98,-2.75261,-1.32534,1.01106,-1.94698,1.10108,1.16771,2.20139,-2.75266,-1.32422,1.00895,-1.94565,1.10136,1.16858,2.20139,0.00100771,-0.000156581,-0.000449069,0.0010521,-4.19263e-05,0.000457097,0.000641167,0,0,0,0,0,0,0,-0.204456,26.766,-24.7881,7.47104,0.836199,2.50601,0.0587866,-0.156935,2.16538,-3.1656,1.94564,0.188206,0.929302,0.0619603
1723717,0.98,-2.75262,-1.32534,1.01106,-1.94699,1.10108,1.16771,2.20139,-2.75266,-1.32422,1.00895,-1.94565,1.10136,1.16858,2.20139,-0.00174105,-0.000104387,0.000350234,-0.000505027,-2.79509e-05,-0.000407346,0.000427445,0,0,0,0,0,0,0,-0.101307,26.766,-24.8159,7.52262,0.836199,2.52523,0.0587866,-0.160743,2.16666,-3.16422,1.94316,0.188059,0.929152,0.0624142
1723718,0.98,-2.75261,-1.32534,1.01106,-1.94698,1.10108,1.16771,2.20139,-2.75266,-1.32422,1.00895,-1.94565,1.10136,1.16858,2.20139,0.00060254,0.00113683,-0.000416124,0.000220127,-0.000222084,-3.42049e-05,0.00126831,0,0,0,0,0,0,0,-0.176685,26.7144,-24.7881,7.49881,0.841692,2.51882,0.0322363,-0.161413,2.16656,-3.16349,1.94263,0.188056,0.929036,0.0628227
1723719,0.98,-2.75261,-1.32534,1.01107,-1.94698,1.10108,1.16772,2.20139,-2.75266,-1.32422,1.00895,-1.94565,1.10136,1.16858,2.20139,-0.000155119,0.000201078,0.00092901,0.00135318,-0.000148056,-2.28033e-05,-0.000137806,0,0,0,0,0,0,0,-0.152882,26.7383,-24.8397,7.44724,0.841692,2.51882,0.0587866,-0.160966,2.16555,-3.16302,1.94276,0.188092,0.928948,0.0631592
1723720,0.98,-2.75261,-1.32534,1.01106,-1.94699,1.10108,1.16772,2.20139,-2.75266,-1.32422,1.00895,-1.94565,1.10136,1.16858,2.20139,0.00743894,-0.00107237,-0.00179351,-0.00141793,0.000511647,-1.52022e-05,0.000382847,0,0,0,0,0,0,0,-0.204456,26.7898,-24.7366,7.54642,0.825212,2.51882,0.0459692,-0.165916,2.16685,-3.16266,1.94017,0.187937,0.928969,0.063393
1723721,0.98,-2.75261,-1.32534,1.01106,-1.94698,1.10108,1.16771,2.20139,-2.75266,-1.32422,1.00895,-1.94565,1.10136,1.16858,2.20139,0.00363125,0.00049151,1.07512e-05,-0.000388476,0.000137648,-1.01348e-05,0.000526499,0,0,0,0,0,0,0,-0.125111,26.7383,-24.7881,7.52262,0.830705,2.51882,0.038645,-0.179846,2.17161,-3.16158,1.93369,0.187507,0.929148,0.0635202
1723722,0.98,-2.75261,-1.32534,1.01106,-1.94698,1.10108,1.16771,2.20139,-2.75266,-1.32422,1.00895,-1.94565,1.10136,1.16858,2.20139,0.00522968,-0.000321941,-0.000549644,0.000947442,0.000295216,0.000230602,0.000588358,0,0,0,0,0,0,0,-0.22826,26.766,-24.7643,7.47104,0.825212,2.51242,0.0322363,-0.198642,2.17801,-3.15999,1.92501,0.186902,0.929405,0.0635514
1723723,0.98,-2.75261,-1.32534,1.01106,-1.94698,1.10108,1.16771,2.20139,-2.75266,-1.32422,1.00895,-1.94565,1.10136,1.16858,2.20139,0.00257702,-0.000214627,0.000190382,0.00118844,0.000400261,0.000153735,-0.000116387,0,0,0,0,0,0,0,-0.176685,26.766,-24.7881,7.44724,0.819719,2.51242,0.0459692,-0.21776,2.18511,-3.1589,1.91551,0.186216,0.929649,0.0634854
1723724,0.98,-2.75261,-1.32534,1.01106,-1.94698,1.10108,1.16772,2.20139,-2.75266,-1.32422,1.00895,-1.94565,1.10136,1.16858,2.20139,0.00314719,0.000506529,0.000126922,-0.000414133,-0.00014006,-0.000134869,-0.00055231,0,0,0,0,0,0,0,-0.22826,26.7383,-24.7881,7.49881,0.830705,2.51882,0.0587866,-0.233614,2.19155,-3.15859,1.90713,0.185594,0.929849,0.0633301
1723725,0.98,-2.75261,-1.32534,1.01106,-1.94698,1.10108,1.16772,2.20139,-2.75266,-1.32422,1.00895,-1.94565,1.10136,1.16858,2.20139,0.00170837,-0.000311928,-0.000472198,-0.000276088,0.000313527,0.000147446,0.00108986,0,0,0,0,0,0,0,-0.204456,26.766,-24.7643,7.49881,0.819719,2.51242,0.0194189,-0.243524,2.19563,-3.15863,1.90189,0.185189,0.929986,0.0631126
1723726,0.98,-2.7526,-1.32535,1.01106,-1.94699,1.10108,1.16772,2.20139,-2.75266,-1.32422,1.00895,-1.94565,1.10136,1.16858,2.20139,0.00237784,-0.000207952,0.000242014,-0.00129768,-0.000401333,-0.000139061,-0.000256774,0,0,0,0,0,0,0,-0.252064,26.766,-24.7881,7.54642,0.836199,2.51882,0.0459692,-0.247818,2.19755,-3.15885,1.89988,0.185023,0.930066,0.0628479
1723727,0.98,-2.75261,-1.32535,1.01106,-1.94699,1.10107,1.16771,2.20139,-2.75266,-1.32422,1.00895,-1.94565,1.10136,1.16858,2.20139,-8.40425e-05,-0.000695447,0.000161342,-0.000865122,-0.000471006,0.000144651,-0.000171182,0,0,0,0,0,0,0,-0.176685,26.7898,-24.7881,7.54642,0.841692,2.51242,0.0459692,-0.246783,2.19802,-3.15985,1.90092,0.185095,0.93012,0.0625328
1723728,0.98,-2.75261,-1.32534,1.01106,-1.94698,1.10108,1.16772,2.20139,-2.75266,-1.32422,1.00895,-1.94565,1.10136,1.16858,2.20139,0.000664064,9.31809e-05,0.000107562,0.000536876,-0.000314004,0.000333793,-0.000351481,0,0,0,0,0,0,0,-0.204456,26.766,-24.7881,7.49881,0.841692,2.50601,0.0523779,-0.240954,2.1972,-3.16151,1.90434,0.185355,0.930112,0.0621751
1723729,0.98,-2.75261,-1.32534,1.01106,-1.94698,1.10108,1.16772,2.20139,-2.75266,-1.32422,1.00895,-1.94565,1.10136,1.16858,2.20139,-0.000154045,6.21206e-05,-0.00113472,0.000357917,0.000401016,-0.000252189,0.000274306,0,0,0,0,0,0,0,-0.176685,26.766,-24.7366,7.49881,0.825212,2.51882,0.038645,-0.232444,2.19496,-3.16248,1.9086,0.185677,0.929952,0.0617938
1723730,0.98,-2.75261,-1.32534,1.01106,-1.94698,1.10108,1.16771,2.20139,-2.75266,-1.32422,1.00895,-1.94565,1.10136,1.16858,2.20139,0.00114337,-0.000515398,0.000449947,0.00144504,-0.000343008,-0.000168126,-0.000325756,0,0,0,0,0,0,0,-0.22826,26.7898,-24.7881,7.44724,0.841692,2.51882,0.0523779,-0.223941,2.19225,-3.1625,1.91225,0.18595,0.929669,0.0614005
1723731,0.98,-2.75261,-1.32534,1.01106,-1.94698,1.10108,1.16772,2.20139,-2.75266,-1.32422,1.00895,-1.94565,1.10136,1.16858,2.20139,0.000791982,0.00141964,0.000299965,0.000406546,-2.52214e-05,-0.000112084,0.000291456,0,0,0,0,0,0,0,-0.22826,26.7144,-24.7881,7.47104,0.836199,2.51882,0.038645,-0.216997,2.1901,-3.16254,1.91469,0.186128,0.929385,0.061002
1723732,0.98,-2.75261,-1.32534,1.01106,-1.94698,1.10108,1.16771,2.20138,-2.75266,-1.32422,1.00895,-1.94565,1.10136,1.16858,2.20139,0.000550288,0.000389614,0.000199976,-0.000378583,0.000186636,-7.47227e-05,-0.0010264,0,0,0,0,0,0,0,-0.22826,26.7383,-24.7881,7.49881,0.830705,2.51882,0.071604,-0.210525,2.18739,-3.16252,1.91708,0.186291,0.929143,0.0606083
1723733,0.98,-2.75261,-1.32534,1.01106,-1.94698,1.10108,1.16772,2.20139,-2.75266,-1.32422,1.00895,-1.94565,1.10136,1.16858,2.20139,0.000383584,0.000259743,-0.000423494,0.000397225,-7.90263e-05,0.000187544,0.000773796,0,0,0,0,0,0,0,-0.22826,26.7383,-24.7643,7.47104,0.836199,2.51242,0.0322363,-0.203689,2.18385,-3.16209,1.92006,0.186507,0.928915,0.0602292
1723734,0.97,-2.75261,-1.32534,1.01106,-1.94698,1.10108,1.16772,2.20139,-2.75266,-1.32422,1.00895,-1.94565,1.10136,1.16858,2.20139,-0.000288546,-0.000476452,-0.00028233,-0.000384797,0.000150766,0.000125029,0.000515864,0,0,0,0,0,0,0,-0.204456,26.766,-24.7643,7.49881,0.830705,2.51242,0.0322363,-0.196878,2.18045,-3.16143,1.92315,0.186765,0.928677,0.0598699
1723735,0.97,-2.75261,-1.32534,1.01106,-1.94698,1.10108,1.16771,2.20139,-2.75266,-1.32422,1.00895,-1.94565,1.10136,1.16858,2.20139,0.000373856,0.000331979,-0.000837834,0.000393083,0.000100511,-0.000154006,0.00010655,0,0,0,0,0,0,0,-0.22826,26.7383,-24.7366,7.47104,0.830705,2.51882,0.038645,-0.190277,2.17731,-3.16046,1.92616,0.187044,0.928416,0.0595157
1723736,0.97,-2.75261,-1.32534,1.01106,-1.94699,1.10108,1.16772,2.20139,-2.75266,-1.32422,1.00895,-1.94565,1.10136,1.16858,2.20139,0.000256293,-0.000428294,9.10582e-05,-0.000944371,-0.000136443,-0.000102671,0.00078311,0,0,0,0,0,0,0,-0.22826,26.766,-24.7643,7.52262,0.836199,2.51882,0.0194189,-0.18446,2.17451,-3.1593,1.92891,0.187317,0.928166,0.0591466
1723737,0.97,-2.7526,-1.32534,1.01106,-1.94699,1.10108,1.16771,2.20139,-2.75266,-1.32422,1.00895,-1.94565,1.10136,1.16858,2.20139,0.000732966,-0.00028553,0.000617517,-0.000629581,0.000112488,-6.84472e-05,-0.00069863,0,0,0,0,0,0,0,-0.252064,26.766,-24.7881,7.52262,0.830705,2.51882,0.0523779,-0.179738,2.17282,-3.15905,1.93144,0.187582,0.928023,0.0587517
1723738,0.97,-2.75261,-1.32534,1.01106,-1.94698,1.10108,1.16772,2.20139,-2.75266,-1.32422,1.00895,-1.94565,1.10136,1.16858,2.20139,-0.000621011,0.00101607,-0.000145134,0.000786706,0.000481893,-0.00028299,0.00075495,0,0,0,0,0,0,0,-0.204456,26.7144,-24.7643,7.47104,0.819719,2.52523,0.0194189,-0.175724,2.17179,-3.15962,1.93371,0.187817,0.927967,0.0583286
1723739,0.97,-2.75261,-1.32534,1.01106,-1.94698,1.10108,1.16771,2.20139,-2.75266,-1.32422,1.00895,-1.94565,1.10136,1.16858,2.20139,-0.000411031,0.000677382,0.000460056,-0.000125144,-0.00049254,4.86987e-05,-0.000208777,0,0,0,0,0,0,0,-0.204456,26.7144,-24.7881,7.49881,0.841692,2.51882,0.038645,-0.17131,2.16984,-3.15982,1.93599,0.188012,0.927881,0.0578844
1723740,0.97,-2.7526,-1.32534,1.01106,-1.94698,1.10108,1.16772,2.20139,-2.75266,-1.32422,1.00895,-1.94565,1.10136,1.16858,2.20139,0.00149145,-0.000105224,-0.000250108,-8.34291e-05,-0.00032836,0.000269825,9.81744e-05,0,0,0,0,0,0,0,-0.279835,26.7383,-24.7643,7.49881,0.841692,2.51242,0.0322363,-0.167586,2.16765,-3.15964,1.93786,0.188157,0.927794,0.0574155
1723741,0.97,-2.75261,-1.32534,1.01106,-1.94698,1.10108,1.16772,2.20139,-2.75266,-1.32422,1.00895,-1.94565,1.10136,1.16858,2.20139,-0.000767264,-7.01494e-05,-0.000166739,-5.56194e-05,-1.54561e-05,0.000179883,6.54496e-05,0,0,0,0,0,0,0,-0.204456,26.7383,-24.7643,7.49881,0.836199,2.51242,0.0322363,-0.165937,2.16645,-3.15934,1.93874,0.188241,0.927733,0.0569198
1723742,0.97,-2.75261,-1.32534,1.01106,-1.94698,1.10108,1.16771,2.20139,-2.75266,-1.32422,1.00895,-1.94565,1.10136,1.16858,2.20139,4.65587e-05,-4.67662e-05,-0.00131758,0.00116935,0.000193146,0.000119922,-0.000939711,0,0,0,0,0,0,0,-0.22826,26.7383,-24.7128,7.44724,0.830705,2.51242,0.0587866,-0.165145,2.16557,-3.15838,1.93894,0.188296,0.927612,0.0564047
1723743,0.97,-2.75261,-1.32534,1.01106,-1.94698,1.10108,1.16771,2.20139,-2.75266,-1.32422,1.00895,-1.94565,1.10136,1.16858,2.20139,3.1981e-05,-3.11775e-05,-0.000321578,-0.000983674,0.000128764,7.99481e-05,0.00106895,0,0,0,0,0,0,0,-0.22826,26.7383,-24.7366,7.52262,0.830705,2.51242,0.0130102,-0.164696,2.16447,-3.15649,1.93879,0.188338,0.927411,0.055886
1723744,0.97,-2.75261,-1.32534,1.01106,-1.94698,1.10108,1.16772,2.20139,-2.75266,-1.32422,1.00895,-1.94565,1.10136,1.16858,2.20139,-0.000534785,-2.0785e-05,-0.000214385,-9.89705e-05,8.58429e-05,5.32987e-05,-0.000236804,0,0,0,0,0,0,0,-0.204456,26.7383,-24.7366,7.49881,0.830705,2.51242,0.038645,-0.163999,2.16322,-3.15457,1.93903,0.188417,0.92722,0.0553784
1723745,0.97,-2.75261,-1.32534,1.01106,-1.94699,1.10108,1.16772,2.20139,-2.75266,-1.32422,1.00895,-1.94565,1.10136,1.16858,2.20139,0.000200818,-1.38567e-05,0.0010635,-0.000622792,0.000260679,3.55325e-05,0.000316848,0,0,0,0,0,0,0,-0.22826,26.7383,-24.7881,7.52262,0.825212,2.51242,0.0258276,-0.162699,2.16238,-3.15385,1.93987,0.188537,0.927116,0.0548747
1723746,0.97,-2.7526,-1.32535,1.01106,-1.94698,1.10108,1.16772,2.20139,-2.75266,-1.32422,1.00895,-1.94565,1.10136,1.16858,2.20139,0.0013407,-0.00121566,0.00015219,0.000141617,-2.96645e-05,2.36883e-05,-0.000772112,0,0,0,0,0,0,0,-0.279835,26.7898,-24.7643,7.49881,0.830705,2.51242,0.0523779,-0.162995,2.16345,-3.15486,1.93993,0.188593,0.927145,0.0543636
1723747,0.97,-2.7526,-1.32534,1.01106,-1.94699,1.10108,1.16772,2.20139,-2.75266,-1.32422,1.00895,-1.94565,1.10136,1.16858,2.20139,0.000244486,0.000395983,-0.00110497,-0.000462401,0.000387125,0.000253151,-0.000514741,0,0,0,0,0,0,0,-0.252064,26.7383,-24.7128,7.52262,0.819719,2.50601,0.0523779,-0.165859,2.16594,-3.15603,1.93869,0.188538,0.927207,0.0538498
1723748,0.97,-2.7526,-1.32535,1.01106,-1.94698,1.10108,1.16772,2.20139,-2.75266,-1.32422,1.00895,-1.94565,1.10136,1.16858,2.20139,0.000812828,-0.000942437,0.000469782,0.000248545,5.46326e-05,-6.85915e-05,0.000402824,0,0,0,0,0,0,0,-0.279835,26.7898,-24.7643,7.49881,0.825212,2.51242,0.0322363,-0.169744,2.16819,-3.15611,1.93696,0.18842,0.927199,0.0533572
1723749,0.97,-2.7526,-1.32534,1.01106,-1.94699,1.10108,1.16772,2.20138,-2.75266,-1.32422,1.00895,-1.94565,1.10136,1.16858,2.20139,-0.000664373,0.000578135,-0.000893238,-0.000947927,-0.000370479,-4.57277e-05,-0.00142687,0,0,0,0,0,0,0,-0.22826,26.7383,-24.7128,7.54642,0.836199,2.51242,0.0780126,-0.172895,2.1697,-3.15568,1.93574,0.188309,0.927139,0.0529036
1723750,0.97,-2.7526,-1.32534,1.01106,-1.94698,1.10108,1.16772,2.20139,-2.75266,-1.32422,1.00895,-1.94565,1.10136,1.16858,2.20139,0.000114022,-0.000264191,0.00116775,0.000481672,-0.000450437,-0.000267844,-0.000239171,0,0,0,0,0,0,0,-0.252064,26.766,-24.7881,7.49881,0.841692,2.51882,0.0587866,-0.174195,2.17012,-3.15518,1.93564,0.188253,0.927049,0.0525007
1723751,0.97,-2.7526,-1.32535,1.01106,-1.94698,1.10108,1.16772,2.20139,-2.75266,-1.32422,1.00895,-1.94565,1.10136,1.16858,2.20139,7.61092e-05,-0.000176127,-0.000984741,0.000321115,0.00010661,5.87962e-05,-0.000159447,0,0,0,0,0,0,0,-0.252064,26.766,-24.7128,7.49881,0.830705,2.51242,0.0587866,-0.175003,2.17041,-3.15491,1.93567,0.188195,0.926951,0.0521689
1723752,0.97,-2.7526,-1.32535,1.01106,-1.94698,1.10108,1.16771,2.20139,-2.75266,-1.32422,1.00895,-1.94565,1.10136,1.16858,2.20139,-0.000506002,-0.000117418,-9.96818e-05,-0.000342735,0.000274524,3.91975e-05,0.000639687,0,0,0,0,0,0,0,-0.22826,26.766,-24.7366,7.52262,0.825212,2.51242,0.038645,-0.176021,2.17068,-3.15422,1.93542,0.188121,0.92681,0.0519162
1723753,0.97,-2.7526,-1.32534,1.01105,-1.94698,1.10108,1.16771,2.20138,-2.75266,-1.32422,1.00895,-1.94565,1.10136,1.16858,2.20139,0.00021953,0.000571335,-0.00118008,0.00153475,0.000183016,2.61317e-05,-0.0010316,0,0,0,0,0,0,0,-0.252064,26.7383,-24.689,7.44724,0.825212,2.51242,0.0780126,-0.176853,2.17008,-3.15235,1.93516,0.18804,0.926584,0.0517282
1723754,0.97,-2.7526,-1.32534,1.01106,-1.94698,1.10108,1.16771,2.20139,-2.75266,-1.32422,1.00895,-1.94565,1.10136,1.16858,2.20139,0.000796007,0.00038089,-0.000229907,-0.000183261,-8.14399e-05,1.74211e-05,0.0002617,0,0,0,0,0,0,0,-0.279835,26.7383,-24.7128,7.49881,0.830705,2.51242,0.0523779,-0.178694,2.16896,-3.14935,1.93421,0.187884,0.926301,0.051592
1723755,0.97,-2.7526,-1.32534,1.01105,-1.94698,1.10108,1.16771,2.20138,-2.75266,-1.32422,1.00895,-1.94565,1.10136,1.16858,2.20139,-0.000675724,0.000253927,-0.000710083,-0.000122174,0.000352608,1.16141e-05,-0.00101233,0,0,0,0,0,0,0,-0.22826,26.7383,-24.689,7.49881,0.819719,2.51242,0.0844213,-0.18083,2.16747,-3.14592,1.93328,0.187717,0.926024,0.0515128
1723756,0.97,-2.7526,-1.32534,1.01106,-1.94698,1.10108,1.16771,2.20138,-2.75266,-1.32422,1.00895,-1.94565,1.10136,1.16858,2.20139,0.00131278,0.000169284,8.34231e-05,-8.14493e-05,-0.000171829,7.74271e-06,-0.0011496,0,0,0,0,0,0,0,-0.303639,26.7383,-24.7128,7.49881,0.830705,2.51242,0.0972387,-0.182494,2.16601,-3.1429,1.9329,0.187589,0.925803,0.0514988
1723757,0.97,-2.7526,-1.32535,1.01106,-1.94698,1.10108,1.16771,2.20138,-2.75266,-1.32422,1.00895,-1.94565,1.10136,1.16858,2.20139,-0.000888036,-0.00109357,0.000612427,-5.42995e-05,-0.000318003,0.000242521,-0.000291684,0,0,0,0,0,0,0,-0.22826,26.7898,-24.7366,7.49881,0.836199,2.50601,0.0844213,-0.184465,2.16595,-3.14136,1.93243,0.187466,0.92569,0.0515678
1723758,0.97,-2.7526,-1.32534,1.01106,-1.94698,1.10108,1.16771,2.20138,-2.75266,-1.32422,1.00895,-1.94565,1.10136,1.16858,2.20139,-0.000592012,0.00047738,-0.000148527,0.000613414,-8.5517e-06,-7.56784e-05,-0.000669174,0,0,0,0,0,0,0,-0.22826,26.7383,-24.7128,7.47104,0.830705,2.51242,0.0972387,-0.185672,2.16712,-3.14147,1.93217,0.18738,0.925648,0.0517434
1723759,0.97,-2.7526,-1.32535,1.01106,-1.94698,1.10108,1.16771,2.20138,-2.75266,-1.32422,1.00895,-1.94565,1.10136,1.16858,2.20139,-0.000394665,-0.000331361,0.000457794,0.000965755,0.000197749,-0.000287811,0.00050332,0,0,0,0,0,0,0,-0.22826,26.766,-24.7366,7.44724,0.825212,2.51882,0.071604,-0.185873,2.16826,-3.14198,1.93204,0.18731,0.925587,0.052032
1723760,0.97,-2.75261,-1.32534,1.01106,-1.94698,1.10108,1.16772,2.20138,-2.75266,-1.32422,1.00895,-1.94565,1.10136,1.16858,2.20139,-0.000819915,0.000428707,-0.000251616,-0.0011194,-0.000478519,4.54848e-05,-0.000613889,0,0,0,0,0,0,0,-0.204456,26.7383,-24.7128,7.52262,0.841692,2.51242,0.0972387,-0.185376,2.16886,-3.1423,1.93219,0.187265,0.925508,0.0524232
1723761,0.97,-2.7526,-1.32534,1.01105,-1.94698,1.10108,1.16772,2.20138,-2.75266,-1.32422,1.00895,-1.94565,1.10136,1.16858,2.20139,0.00121663,0.000285804,-0.000724556,0.000460158,8.78886e-05,3.03232e-05,0.000540176,0,0,0,0,0,0,0,-0.279835,26.7383,-24.689,7.47104,0.830705,2.51242,0.071604,-0.184681,2.16846,-3.1416,1.9328,0.187263,0.925408,0.052897
1723762,0.97,-2.75261,-1.32534,1.01105,-1.94698,1.10108,1.16771,2.20138,-2.75266,-1.32422,1.00895,-1.94565,1.10136,1.16858,2.20139,-0.000952145,-0.000459078,-0.000483037,-0.000342842,0.000465493,2.02155e-05,-0.000351959,0,0,0,0,0,0,0,-0.204456,26.766,-24.689,7.49881,0.819719,2.51242,0.09083,-0.185158,2.1677,-3.13967,1.93297,0.187237,0.925273,0.0534329
1723763,0.97,-2.75261,-1.32534,1.01106,-1.94698,1.10107,1.16772,2.20138,-2.75266,-1.32422,1.00895,-1.94565,1.10136,1.16858,2.20139,-0.00063476,-0.000306052,0.00144121,0.000421053,-0.000503473,1.3477e-05,2.71938e-06,0,0,0,0,0,0,0,-0.204456,26.766,-24.7643,7.47104,0.841692,2.51242,0.0844213,-0.185596,2.16771,-3.13841,1.93295,0.187217,0.925171,0.0540146
1723764,0.97,-2.75261,-1.32534,1.01106,-1.94698,1.10108,1.16772,2.20138,-2.75266,-1.32422,1.00895,-1.94565,1.10136,1.16858,2.20139,0.000133641,0.000445579,-0.000245617,0.000280702,-0.000335649,8.98465e-06,1.81292e-06,0,0,0,0,0,0,0,-0.22826,26.7383,-24.7128,7.47104,0.841692,2.51242,0.0844213,-0.185562,2.16856,-3.13857,1.93293,0.187209,0.925143,0.0546327
1723765,0.97,-2.7526,-1.32534,1.01106,-1.94698,1.10108,1.16772,2.20138,-2.75266,-1.32422,1.00895,-1.94565,1.10136,1.16858,2.20139,8.90954e-05,0.000853865,-0.000163745,0.000743947,0.000183135,-0.000231369,-0.000710868,0,0,0,0,0,0,0,-0.22826,26.7144,-24.7128,7.44724,0.830705,2.51882,0.103647,-0.186321,2.16906,-3.13821,1.93233,0.187153,0.9251,0.0552796
1723766,0.97,-2.75261,-1.32534,1.01105,-1.94698,1.10108,1.16772,2.20138,-2.75266,-1.32422,1.00895,-1.94565,1.10136,1.16858,2.20139,5.93982e-05,0.000569243,-0.000665975,-6.08476e-05,0.000325541,0.000557831,0.000238165,0,0,0,0,0,0,0,-0.22826,26.7144,-24.689,7.47104,0.825212,2.4996,0.0844213,-0.187713,2.16831,-3.1362,1.93135,0.187064,0.924977,0.0559537
1723767,0.97,-2.7526,-1.32534,1.01106,-1.94698,1.10108,1.16772,2.20138,-2.75266,-1.32422,1.00895,-1.94565,1.10136,1.16858,2.20139,3.95998e-05,-0.00082693,0.000112829,-0.000690179,1.35766e-05,0.000134528,-0.000315941,0,0,0,0,0,0,0,-0.22826,26.766,-24.7128,7.49881,0.830705,2.50601,0.0972387,-0.189169,2.16728,-3.13365,1.93047,0.187002,0.924834,0.0566574
1723768,0.97,-2.75261,-1.32534,1.01105,-1.94698,1.10108,1.16772,2.20138,-2.75266,-1.32422,1.00895,-1.94565,1.10136,1.16858,2.20139,-0.000530411,9.8327e-05,-0.000481593,0.000746307,0.000212502,8.96855e-05,0.000501449,0,0,0,0,0,0,0,-0.204456,26.7383,-24.689,7.44724,0.825212,2.50601,0.0780126,-0.190506,2.16708,-3.1317,1.92966,0.186976,0.924712,0.0573856
1723769,0.97,-2.7526,-1.32534,1.01106,-1.94698,1.10108,1.16772,2.20138,-2.75266,-1.32422,1.00895,-1.94565,1.10136,1.16858,2.20139,0.000203205,6.55513e-05,0.000792562,-0.000708888,-0.000265233,0.000297149,9.69405e-05,0,0,0,0,0,0,0,-0.22826,26.7383,-24.7366,7.49881,0.836199,2.4996,0.0844213,-0.191575,2.16742,-3.13041,1.92886,0.186959,0.924604,0.0581293
1723770,0.97,-2.7526,-1.32534,1.01105,-1.94698,1.10108,1.16772,2.20138,-2.75266,-1.32422,1.00895,-1.94565,1.10136,1.16858,2.20139,0.000692282,-0.000605913,-0.000585249,0.00129065,2.66283e-05,-3.92594e-05,6.4627e-05,0,0,0,0,0,0,0,-0.252064,26.766,-24.689,7.42344,0.830705,2.50601,0.0844213,-0.193451,2.1685,-3.12967,1.92751,0.186899,0.924517,0.0588715
1723771,0.97,-2.7526,-1.32534,1.01105,-1.94698,1.10108,1.16772,2.20139,-2.75266,-1.32422,1.00895,-1.94565,1.10136,1.16858,2.20139,-9.52901e-05,0.000802484,-0.000390166,-0.000902807,0.000221203,-0.000263532,0.00122988,0,0,0,0,0,0,0,-0.22826,26.7144,-24.689,7.49881,0.825212,2.51242,0.0523779,-0.196439,2.16987,-3.12859,1.92548,0.186785,0.924401,0.0595984
1723772,0.97,-2.7526,-1.32534,1.01106,-1.94698,1.10108,1.16772,2.20139,-2.75266,-1.32422,1.00895,-1.94565,1.10136,1.16858,2.20139,-6.35265e-05,-2.18227e-05,0.000853513,4.77424e-05,0.000147468,6.1671e-05,0.000107843,0,0,0,0,0,0,0,-0.22826,26.7383,-24.7366,7.47104,0.825212,2.50601,0.071604,-0.198474,2.17022,-3.12712,1.92414,0.18671,0.924259,0.0602969
1723773,0.97,-2.7526,-1.32535,1.01106,-1.94698,1.10108,1.16772,2.20139,-2.75266,-1.32422,1.00895,-1.94565,1.10136,1.16858,2.20139,0.000514461,-0.00122097,1.21968e-05,3.18282e-05,-0.000308589,4.1114e-05,0.00102133,0,0,0,0,0,0,0,-0.252064,26.7898,-24.7128,7.47104,0.836199,2.50601,0.0459692,-0.199993,2.17109,-3.12667,1.92313,0.18666,0.924171,0.0609372
1723774,0.97,-2.75261,-1.32535,1.01106,-1.94698,1.10108,1.16772,2.20139,-2.75266,-1.32422,1.00895,-1.94565,1.10136,1.16858,2.20139,-0.00077065,-0.000813983,8.13119e-06,0.00113484,-2.27529e-06,-0.00020995,0.000206169,0,0,0,0,0,0,0,-0.204456,26.7898,-24.7128,7.42344,0.830705,2.51242,0.0587866,-0.202392,2.17376,-3.12729,1.92124,0.186565,0.924111,0.0614923
1723775,0.97,-2.7526,-1.32535,1.01106,-1.94698,1.10108,1.16772,2.20139,-2.75266,-1.32422,1.00895,-1.94565,1.10136,1.16858,2.20139,0.000599858,1.41567e-05,5.4208e-06,0.00019975,0.000201934,-0.000377325,0.000137446,0,0,0,0,0,0,0,-0.252064,26.766,-24.7128,7.44724,0.825212,2.51882,0.0587866,-0.205072,2.17691,-3.12789,1.91879,0.186434,0.924016,0.061951
1723776,0.97,-2.7526,-1.32534,1.01106,-1.94698,1.10108,1.16772,2.20139,-2.75266,-1.32422,1.00895,-1.94565,1.10136,1.16858,2.20139,-0.000156907,0.000659052,0.000560426,-0.000423645,0.000338073,0.000460527,-0.000857805,0,0,0,0,0,0,0,-0.22826,26.7383,-24.7366,7.47104,0.819719,2.4996,0.0844213,-0.207141,2.1789,-3.12788,1.91676,0.186311,0.923907,0.0623186
1723777,0.97,-2.7526,-1.32534,1.01106,-1.94698,1.10108,1.16772,2.20139,-2.75266,-1.32422,1.00895,-1.94565,1.10136,1.16858,2.20139,0.000452207,0.000439368,-0.000183195,-0.00028243,-0.000181519,0.000307018,0.00136091,0,0,0,0,0,0,0,-0.252064,26.7383,-24.7128,7.47104,0.830705,2.4996,0.0322363,-0.207975,2.17903,-3.1271,1.91587,0.186238,0.923791,0.0626175
1723778,0.97,-2.75261,-1.32534,1.01106,-1.94698,1.10108,1.16772,2.20139,-2.75266,-1.32422,1.00895,-1.94565,1.10136,1.16858,2.20139,-0.000812152,-0.000356702,-0.00012213,-0.000837901,-0.000324463,-3.26805e-05,0.000161288,0,0,0,0,0,0,0,-0.204456,26.766,-24.7128,7.49881,0.836199,2.50601,0.0523779,-0.207466,2.17785,-3.12566,1.91604,0.186232,0.923639,0.0628594
1723779,0.97,-2.75261,-1.32535,1.01106,-1.94698,1.10108,1.16772,2.20139,-2.75266,-1.32422,1.00895,-1.94565,1.10136,1.16858,2.20139,-0.00119105,-0.000794613,0.000475392,0.000647825,0.000190592,-2.1787e-05,0.000344884,0,0,0,0,0,0,0,-0.176685,26.7898,-24.7366,7.44724,0.825212,2.50601,0.0459692,-0.205507,2.17667,-3.12456,1.91693,0.186296,0.923462,0.0630299
1723780,0.97,-2.75261,-1.32534,1.01106,-1.94698,1.10108,1.16772,2.20139,-2.75266,-1.32422,1.00895,-1.94565,1.10136,1.16858,2.20139,-0.000794032,2.70697e-05,-0.000239884,0.000988696,-0.00027984,0.000222834,0.00121327,0,0,0,0,0,0,0,-0.176685,26.766,-24.7128,7.42344,0.836199,2.4996,0.0194189,-0.202895,2.17626,-3.12417,1.91757,0.186355,0.923252,0.0631175
1723781,0.97,-2.75261,-1.32534,1.01105,-1.94697,1.10108,1.16772,2.20139,-2.75266,-1.32422,1.00895,-1.94565,1.10136,1.16858,2.20139,-0.000529355,1.80465e-05,-0.00136635,0.00121594,0.000423792,-0.000326162,0.000334127,0,0,0,0,0,0,0,-0.176685,26.766,-24.6612,7.39963,0.819719,2.51242,0.0322363,-0.201028,2.17581,-3.12289,1.91715,0.186331,0.922936,0.0631128
1723782,0.97,-2.7526,-1.32534,1.01105,-1.94698,1.10108,1.16772,2.20139,-2.75266,-1.32422,1.00895,-1.94565,1.10136,1.16858,2.20139,0.000853523,1.2031e-05,-0.000910899,-0.000302996,-0.000124373,1.99178e-05,-1.46077e-05,0,0,0,0,0,0,0,-0.22826,26.766,-24.6612,7.44724,0.830705,2.50601,0.038645,-0.200823,2.17479,-3.1197,1.9157,0.186221,0.922523,0.0629993
1723783,0.97,-2.75261,-1.32534,1.01105,-1.94698,1.10108,1.16772,2.20139,-2.75266,-1.32422,1.00895,-1.94565,1.10136,1.16858,2.20139,1.22031e-05,0.000657635,0.00059916,-0.000758809,0.000323986,-0.00022408,-0.000281006,0,0,0,0,0,0,0,-0.204456,26.7383,-24.7128,7.47104,0.819719,2.51242,0.0459692,-0.201759,2.17355,-3.11597,1.91413,0.186093,0.92216,0.0627833
1723784,0.97,-2.75261,-1.32534,1.01105,-1.94698,1.10108,1.16772,2.20139,-2.75266,-1.32422,1.00895,-1.94565,1.10136,1.16858,2.20139,8.13542e-06,0.000438423,-0.000157372,-0.000505873,1.25399e-05,0.000325331,0.00127072,0,0,0,0,0,0,0,-0.204456,26.7383,-24.689,7.47104,0.825212,2.4996,0.00660151,-0.20208,2.17206,-3.11309,1.9135,0.186019,0.921925,0.0624904
1723785,0.97,-2.7526,-1.32534,1.01105,-1.94698,1.10108,1.16772,2.20139,-2.75266,-1.32422,1.00895,-1.94565,1.10136,1.16858,2.20139,0.000562236,0.000292282,-0.000104915,-0.000337248,8.35993e-06,0.000216887,-0.000848271,0,0,0,0,0,0,0,-0.22826,26.7383,-24.689,7.47104,0.825212,2.4996,0.0523779,-0.201904,2.17047,-3.11079,1.91341,0.185971,0.921755,0.0621275
1723788,0.94,-2.75261,-1.32535,1.01106,-1.94698,1.10108,1.16772,2.20139,-2.75266,-1.32422,1.00895,-1.94565,1.10136,1.16858,2.20139,0.000434683,-0.000717682,0.0012269,-9.99255e-05,0.000386772,1.15165e-05,0.00101457,0,0,0,0,0,0,0,-0.22826,26.7898,-24.7366,7.47104,0.819719,2.50601,0.0194189,-0.202793,2.17003,-3.10648,1.91177,0.185747,0.921349,0.0607056
1723789,0.93,-2.75261,-1.32535,1.01105,-1.94698,1.10108,1.16772,2.20139,-2.75266,-1.32422,1.00895,-1.94565,1.10136,1.16858,2.20139,-0.000267023,-0.000478455,-0.000945307,0.000490195,0.000495207,7.67765e-06,0.000676383,0,0,0,0,0,0,0,-0.204456,26.7898,-24.6612,7.44724,0.81331,2.50601,0.0194189,-0.205397,2.17379,-3.1078,1.9095,0.185576,0.921366,0.0602047
1723790,0.93,-2.7526,-1.32534,1.01105,-1.94698,1.10108,1.16772,2.20139,-2.75266,-1.32422,1.00895,-1.94565,1.10136,1.16858,2.20139,0.000935608,0.000887456,-0.000630204,0.000326797,-0.000314122,5.11843e-06,-0.000769781,0,0,0,0,0,0,0,-0.252064,26.7383,-24.6612,7.44724,0.830705,2.50601,0.0523779,-0.208168,2.17663,-3.10777,1.90697,0.185361,0.921285,0.0596909
1723791,0.93,-2.75261,-1.32534,1.01106,-1.94698,1.10108,1.16772,2.20139,-2.75266,-1.32422,1.00895,-1.94565,1.10136,1.16858,2.20139,-0.00169631,0.000591637,0.00078629,0.000774676,-5.96403e-06,3.41229e-06,0.000232798,0,0,0,0,0,0,0,-0.152882,26.7383,-24.7128,7.42344,0.825212,2.50601,0.0322363,-0.209814,2.17735,-3.10616,1.90496,0.185137,0.921095,0.0591567
1723792,0.93,-2.75261,-1.32534,1.01105,-1.94698,1.10108,1.16772,2.20138,-2.75266,-1.32422,1.00895,-1.94565,1.10136,1.16858,2.20139,7.5552e-05,0.000394425,-3.26189e-05,-4.0361e-05,-3.97602e-06,2.27486e-06,-0.00130286,0,0,0,0,0,0,0,-0.204456,26.7383,-24.689,7.44724,0.825212,2.50601,0.071604,-0.209029,2.17664,-3.10469,1.90414,0.184977,0.920887,0.0586201
1723793,0.93,-2.75261,-1.32535,1.01105,-1.94698,1.10108,1.16772,2.20139,-2.75266,-1.32422,1.00895,-1.94565,1.10136,1.16858,2.20139,5.0368e-05,-0.00150029,-0.00067136,-0.00179015,-0.000206101,-0.000235842,8.08601e-05,0,0,0,0,0,0,0,-0.204456,26.8136,-24.6612,7.52262,0.830705,2.51242,0.0459692,-0.207244,2.17592,-3.10361,1.90416,0.184897,0.920719,0.0580996
1723794,0.94,-2.75261,-1.32534,1.01105,-1.94698,1.10108,1.16772,2.20139,-2.75266,-1.32422,1.00895,-1.94565,1.10136,1.16858,2.20139,-0.000616035,0.000113432,-0.000447573,0.00112662,6.60497e-05,0.00031749,0.000562533,0,0,0,0,0,0,0,-0.176685,26.766,-24.6612,7.42344,0.825212,2.4996,0.0322363,-0.205868,2.17597,-3.10246,1.90432,0.184863,0.920573,0.0576158
1723795,0.95,-2.75261,-1.32534,1.01106,-1.94698,1.10108,1.16772,2.20139,-2.75266,-1.32422,1.00895,-1.94565,1.10136,1.16858,2.20139,0.000238924,0.000725235,0.000908044,-0.00101216,0.000247484,0.00021166,-0.000133604,0,0,0,0,0,0,0,-0.204456,26.7383,-24.7128,7.49881,0.819719,2.4996,0.0459692,-0.204592,2.17603,-3.10127,1.90437,0.184819,0.920424,0.0571726
1723796,0.95,-2.75261,-1.32534,1.01105,-1.94697,1.10108,1.16772,2.20139,-2.75266,-1.32422,1.00895,-1.94565,1.10136,1.16858,2.20139,0.000159283,0.00048349,-0.00115788,0.00108847,0.000164989,-0.000333611,-0.000326428,0,0,0,0,0,0,0,-0.204456,26.7383,-24.6374,7.42344,0.819719,2.51242,0.0523779,-0.20367,2.17546,-3.09973,1.90422,0.184727,0.92027,0.0567565
1723797,0.95,-2.75261,-1.32534,1.01105,-1.94698,1.10108,1.16772,2.20138,-2.75266,-1.32422,1.00895,-1.94565,1.10136,1.16858,2.20139,-0.00110024,0.000322327,0.000434509,-0.00038798,-0.000296908,-0.000222408,-0.000929696,0,0,0,0,0,0,0,-0.152882,26.7383,-24.689,7.47104,0.830705,2.51242,0.071604,-0.202851,2.17425,-3.09754,1.90392,0.184599,0.920077,0.0563641
1723798,0.95,-2.75261,-1.32534,1.01105,-1.94698,1.10108,1.16772,2.20139,-2.75266,-1.32422,1.00895,-1.94565,1.10136,1.16858,2.20139,0.000472934,0.000214885,0.000289673,0.000298159,-0.000197939,0.000326446,9.22796e-05,0,0,0,0,0,0,0,-0.204456,26.7383,-24.689,7.44724,0.830705,2.4996,0.0523779,-0.201523,2.17307,-3.0957,1.90379,0.184481,0.919898,0.0560119
1723799,0.95,-2.75261,-1.32534,1.01105,-1.94698,1.10108,1.16772,2.20139,-2.75266,-1.32422,1.00895,-1.94565,1.10136,1.16858,2.20139,0.000872101,0.000143256,-0.000456499,0.000198772,0.000274942,-1.97282e-05,6.15198e-05,0,0,0,0,0,0,0,-0.22826,26.7383,-24.6612,7.44724,0.819719,2.50601,0.0523779,-0.201478,2.17285,-3.09439,1.90297,0.18432,0.919778,0.0557142
1723800,0.95,-2.75261,-1.32534,1.01105,-1.94698,1.10108,1.16772,2.20138,-2.75266,-1.32422,1.00895,-1.94565,1.10136,1.16858,2.20139,-0.000625025,9.55042e-05,-0.000304333,-0.000424297,-0.000223607,-1.31521e-05,-0.00138314,0,0,0,0,0,0,0,-0.176685,26.7383,-24.6612,7.47104,0.830705,2.50601,0.09083,-0.202777,2.1731,-3.09277,1.90149,0.18412,0.919659,0.0554687
1723801,0.95,-2.75261,-1.32534,1.01105,-1.94698,1.10108,1.16772,2.20138,-2.75266,-1.32422,1.00895,-1.94565,1.10136,1.16858,2.20139,-0.000416683,6.36695e-05,-0.000202888,-0.000282865,-0.000149071,-0.000246127,-0.000447376,0,0,0,0,0,0,0,-0.176685,26.7383,-24.6612,7.47104,0.830705,2.51242,0.0780126,-0.202868,2.17282,-3.09096,1.90079,0.183995,0.919523,0.0552843
1723802,0.95,-2.75261,-1.32534,1.01105,-1.94698,1.10108,1.16772,2.20139,-2.75266,-1.32422,1.00895,-1.94565,1.10136,1.16858,2.20139,-0.000277789,-0.00116398,-0.000135259,0.000368235,-9.93807e-05,7.32743e-05,0.000413826,0,0,0,0,0,0,0,-0.176685,26.7898,-24.6612,7.44724,0.830705,2.50601,0.0587866,-0.202054,2.17286,-3.08967,1.90052,0.18393,0.9194,0.0551834
1723803,0.95,-2.75261,-1.32534,1.01105,-1.94698,1.10108,1.16772,2.20139,-2.75266,-1.32422,1.00895,-1.94565,1.10136,1.16858,2.20139,0.000464421,0.00043044,-0.0012038,-0.000311322,-6.62538e-05,4.88495e-05,0.000275884,0,0,0,0,0,0,0,-0.204456,26.7383,-24.6136,7.47104,0.830705,2.50601,0.0587866,-0.202022,2.17372,-3.08844,1.89967,0.183851,0.919278,0.0551666
1723804,0.95,-2.75261,-1.32534,1.01105,-1.94698,1.10108,1.16772,2.20138,-2.75266,-1.32422,1.00895,-1.94565,1.10136,1.16858,2.20139,-0.00034,0.000843772,0.000311093,-0.000207548,-4.41692e-05,0.000269925,-0.00195231,0,0,0,0,0,0,0,-0.176685,26.7144,-24.6612,7.47104,0.830705,2.4996,0.116465,-0.202184,2.17377,-3.0863,1.89887,0.183775,0.919127,0.0552148
1723805,0.95,-2.75261,-1.32534,1.01105,-1.94698,1.10108,1.16772,2.20138,-2.75266,-1.32422,1.00895,-1.94565,1.10136,1.16858,2.20139,-0.000226666,0.000562514,0.000857009,-0.000138365,-2.94461e-05,-0.000294768,0.000122615,0,0,0,0,0,0,0,-0.176685,26.7144,-24.689,7.47104,0.830705,2.51242,0.0780126,-0.201246,2.17274,-3.08432,1.89886,0.183742,0.919008,0.0553324
1723806,0.95,-2.75261,-1.32534,1.01105,-1.94698,1.10108,1.16772,2.20138,-2.75266,-1.32422,1.00895,-1.94565,1.10136,1.16858,2.20139,-0.000707923,-0.000831416,-7.82745e-05,-9.22434e-05,-1.96307e-05,4.08471e-05,-0.000155615,0,0,0,0,0,0,0,-0.152882,26.766,-24.6612,7.47104,0.830705,2.50601,0.0844213,-0.199477,2.17214,-3.0837,1.89924,0.18375,0.918966,0.0555419
1723807,0.95,-2.75261,-1.32534,1.01105,-1.94698,1.10108,1.16772,2.20138,-2.75266,-1.32422,1.00895,-1.94565,1.10136,1.16858,2.20139,0.000734477,9.53364e-05,0.000597431,-6.14956e-05,0.000190363,0.00026459,0.000608333,0,0,0,0,0,0,0,-0.204456,26.7383,-24.689,7.47104,0.825212,2.4996,0.0651953,-0.198299,2.17286,-3.08404,1.89917,0.183753,0.918971,0.0558386
1723808,0.95,-2.75261,-1.32534,1.01105,-1.94698,1.10108,1.16772,2.20138,-2.75266,-1.32422,1.00895,-1.94565,1.10136,1.16858,2.20139,0.000489652,6.35576e-05,-0.000251327,-4.09971e-05,-7.65416e-05,0.000176394,0.000168197,0,0,0,0,0,0,0,-0.204456,26.7383,-24.6612,7.47104,0.830705,2.4996,0.071604,-0.198827,2.17445,-3.08442,1.89819,0.183698,0.918994,0.0561971
1723809,0.95,-2.75261,-1.32534,1.01105,-1.94698,1.10108,1.16772,2.20138,-2.75266,-1.32422,1.00895,-1.94565,1.10136,1.16858,2.20139,0.000326434,0.0012488,-0.000724363,0.000529481,0.000152423,0.000117596,-0.000362587,0,0,0,0,0,0,0,-0.204456,26.6867,-24.6374,7.44724,0.825212,2.4996,0.0844213,-0.200499,2.17529,-3.08347,1.89666,0.183586,0.918944,0.0565905
1723810,0.95,-2.75261,-1.32534,1.01105,-1.94698,1.10108,1.16772,2.20138,-2.75266,-1.32422,1.00895,-1.94565,1.10136,1.16858,2.20139,-0.000431991,-0.000373894,0.000723517,0.000352987,-0.000101835,0.000315756,-0.000241725,0,0,0,0,0,0,0,-0.176685,26.7383,-24.689,7.44724,0.830705,2.49319,0.0844213,-0.201966,2.17503,-3.08145,1.89513,0.183457,0.918799,0.0570044
1723811,0.95,-2.75261,-1.32534,1.01105,-1.94698,1.10108,1.16772,2.20138,-2.75266,-1.32422,1.00895,-1.94565,1.10136,1.16858,2.20139,-0.000287994,0.000307549,-0.000724081,-0.000321487,-6.78902e-05,-0.000264214,-0.000635868,0,0,0,0,0,0,0,-0.176685,26.7144,-24.6374,7.47104,0.830705,2.50601,0.0972387,-0.20237,2.17462,-3.07975,1.89406,0.183372,0.918629,0.0574417
1723812,0.94,-2.75261,-1.32534,1.01105,-1.94698,1.10108,1.16772,2.20139,-2.75266,-1.32422,1.00895,-1.94565,1.10136,1.16858,2.20139,0.000457618,0.000205033,-0.000482721,-0.000214325,0.000361641,6.12164e-05,0.00174623,0,0,0,0,0,0,0,-0.204456,26.7144,-24.6374,7.47104,0.819719,2.4996,0.038645,-0.202001,2.17381,-3.07783,1.89358,0.183344,0.918426,0.057911
1723813,0.94,-2.75261,-1.32534,1.01105,-1.94698,1.10108,1.16772,2.20138,-2.75266,-1.32422,1.00895,-1.94565,1.10136,1.16858,2.20139,-0.000344535,-0.00106974,-0.000878626,-0.000142883,-0.000369258,0.00027817,-5.65517e-05,0,0,0,0,0,0,0,-0.176685,26.766,-24.6136,7.47104,0.836199,2.49319,0.071604,-0.201848,2.17296,-3.07536,1.89316,0.183333,0.918184,0.0583966
1723814,0.94,-2.75261,-1.32534,1.01105,-1.94698,1.10108,1.16772,2.20139,-2.75266,-1.32422,1.00895,-1.94565,1.10136,1.16858,2.20139,-0.000786502,0.000493268,0.000527873,-9.52555e-05,-4.27212e-05,-5.19124e-05,0.000911735,0,0,0,0,0,0,0,-0.152882,26.7144,-24.6612,7.47104,0.830705,2.4996,0.0459692,-0.201269,2.17261,-3.07336,1.89293,0.183354,0.91794,0.0588608
1723815,0.94,-2.75261,-1.32534,1.01105,-1.94698,1.10108,1.16772,2.20139,-2.75266,-1.32422,1.00895,-1.94565,1.10136,1.16858,2.20139,3.24772e-05,0.000978459,0.000351916,0.000493308,-2.84808e-05,-0.000271967,0.00087909,0,0,0,0,0,0,0,-0.176685,26.6867,-24.6612,7.44724,0.830705,2.50601,0.038645,-0.199528,2.17193,-3.07209,1.89324,0.183404,0.917719,0.0592814
1723816,0.94,-2.75261,-1.32534,1.01105,-1.94698,1.10108,1.16772,2.20139,-2.75266,-1.32422,1.00895,-1.94565,1.10136,1.16858,2.20139,2.16514e-05,2.69209e-06,-0.000322202,0.000328872,-1.89872e-05,5.60475e-05,7.7434e-05,0,0,0,0,0,0,0,-0.176685,26.7144,-24.6374,7.44724,0.830705,2.4996,0.0523779,-0.197946,2.17088,-3.07099,1.89337,0.183418,0.917513,0.0596337
1723817,0.94,-2.75261,-1.32534,1.01105,-1.94698,1.10108,1.16772,2.20139,-2.75266,-1.32422,1.00895,-1.94565,1.10136,1.16858,2.20139,1.44343e-05,-0.00120463,-0.000214801,-0.000987178,-1.26581e-05,-0.000199994,0.00103497,0,0,0,0,0,0,0,-0.176685,26.766,-24.6374,7.49881,0.830705,2.50601,0.0258276,-0.197368,2.17057,-3.06999,1.89298,0.183411,0.917327,0.0598924
1723818,0.94,-2.75261,-1.32534,1.01105,-1.94698,1.10108,1.16772,2.20139,-2.75266,-1.32422,1.00895,-1.94565,1.10136,1.16858,2.20139,9.62287e-06,-0.000153474,-0.000143201,0.000548307,0.000195012,-0.000133329,0.000452619,0,0,0,0,0,0,0,-0.176685,26.7383,-24.6374,7.44724,0.825212,2.50601,0.0322363,-0.19751,2.17149,-3.06947,1.89232,0.183419,0.917186,0.0600487
1723819,0.94,-2.75261,-1.32534,1.01104,-1.94698,1.10108,1.16772,2.20139,-2.75266,-1.32422,1.00895,-1.94565,1.10136,1.16858,2.20139,6.41524e-06,0.000454496,-0.0018587,-0.000191274,0.000333458,0.000385832,0.000776464,0,0,0,0,0,0,0,-0.176685,26.7144,-24.562,7.47104,0.819719,2.49319,0.0194189,-0.197991,2.17205,-3.06805,1.89146,0.18341,0.916997,0.0600931
1723820,0.94,-2.75261,-1.32534,1.01105,-1.94698,1.10108,1.16772,2.20139,-2.75266,-1.32422,1.00895,-1.94565,1.10136,1.16858,2.20139,4.27683e-06,-0.000253814,0.00108091,-0.000127516,1.88551e-05,0.000257221,-0.000703061,0,0,0,0,0,0,0,-0.176685,26.7383,-24.6612,7.47104,0.825212,2.49319,0.0523779,-0.198251,2.1715,-3.06545,1.89076,0.183388,0.916748,0.0600191
1723821,0.94,-2.75261,-1.32534,1.01105,-1.94698,1.10108,1.16772,2.20139,-2.75266,-1.32422,1.00895,-1.94565,1.10136,1.16858,2.20139,-0.000553961,-0.00137564,0.000163797,-0.000734624,0.000216021,-0.000303237,-0.000231348,0,0,0,0,0,0,0,-0.152882,26.7898,-24.6374,7.49881,0.819719,2.50601,0.0459692,-0.197963,2.17181,-3.06432,1.89044,0.183387,0.916593,0.0598381
1723822,0.94,-2.75261,-1.32534,1.01105,-1.94698,1.10108,1.16772,2.20139,-2.75266,-1.32422,1.00895,-1.94565,1.10136,1.16858,2.20139,0.000837119,0.000846148,0.000109198,0.000716676,0.000144014,0.00027256,0.000829112,0,0,0,0,0,0,0,-0.204456,26.7144,-24.6374,7.44724,0.819719,2.49319,0.0194189,-0.197772,2.17334,-3.06464,1.89006,0.183368,0.916529,0.0595813
1723823,0.94,-2.75261,-1.32534,1.01104,-1.94698,1.10108,1.16772,2.20139,-2.75266,-1.32422,1.00895,-1.94565,1.10136,1.16858,2.20139,0.000558079,7.28638e-06,-0.00169044,-0.000728642,9.60091e-05,-5.56524e-05,-0.000159335,0,0,0,0,0,0,0,-0.204456,26.7383,-24.562,7.49881,0.819719,2.4996,0.038645,-0.198605,2.17408,-3.06363,1.88923,0.18327,0.916402,0.0592677
1723824,0.94,-2.75261,-1.32534,1.01105,-1.94698,1.10108,1.16772,2.20139,-2.75266,-1.32422,1.00895,-1.94565,1.10136,1.16858,2.20139,-0.000277561,0.00121128,0.000636278,0.00127748,-0.000139444,0.000437616,-0.000106224,0,0,0,0,0,0,0,-0.176685,26.6867,-24.6374,7.42344,0.825212,2.48678,0.038645,-0.199705,2.1732,-3.06072,1.88832,0.183113,0.916165,0.0588979
1723825,0.94,-2.75261,-1.32534,1.01105,-1.94698,1.10108,1.16772,2.20139,-2.75266,-1.32422,1.00895,-1.94565,1.10136,1.16858,2.20139,-0.000741853,0.000807522,0.000424186,0.000851651,0.000110488,0.000291744,-0.000342083,0,0,0,0,0,0,0,-0.152882,26.6867,-24.6374,7.42344,0.819719,2.48678,0.0459692,-0.199613,2.17136,-3.05779,1.8877,0.182933,0.91588,0.0584845
1723826,0.94,-2.75261,-1.32534,1.01105,-1.94698,1.10108,1.16772,2.20139,-2.75266,-1.32422,1.00895,-1.94565,1.10136,1.16858,2.20139,-0.000494568,-0.000668078,0.00028279,-0.000545856,0.000311017,0.000194496,0.000280571,0,0,0,0,0,0,0,-0.152882,26.7383,-24.6374,7.47104,0.81331,2.48678,0.0322363,-0.198002,2.16964,-3.05609,1.88758,0.182777,0.915611,0.0580472
1723827,0.94,-2.75262,-1.32535,1.01104,-1.94698,1.10108,1.16772,2.20139,-2.75266,-1.32422,1.00895,-1.94565,1.10136,1.16858,2.20139,-0.00153614,-0.00220862,0.000188527,-0.000363904,0.000207345,-0.000345054,-0.000558938,0,0,0,0,0,0,0,-0.101307,26.8136,-24.6374,7.47104,0.81331,2.4996,0.0523779,-0.195211,2.16956,-3.05618,1.88813,0.182709,0.915402,0.0575962
1723828,0.94,-2.75261,-1.32534,1.01104,-1.94698,1.10108,1.16772,2.20139,-2.75266,-1.32422,1.00895,-1.94565,1.10136,1.16858,2.20139,0.000182334,0.000290823,0.000125685,-0.000242603,-0.00030258,7.32307e-06,-0.000609984,0,0,0,0,0,0,0,-0.152882,26.7383,-24.6374,7.47104,0.825212,2.49319,0.0587866,-0.192014,2.17112,-3.05755,1.88899,0.182694,0.915243,0.0571401
1723829,0.94,-2.75261,-1.32534,1.01104,-1.94698,1.10108,1.16772,2.20139,-2.75266,-1.32422,1.00895,-1.94565,1.10136,1.16858,2.20139,0.000678368,0.000193882,-0.000473022,-0.000161735,0.00023909,4.88205e-06,0.000339329,0,0,0,0,0,0,0,-0.176685,26.7383,-24.6136,7.47104,0.81331,2.49319,0.038645,-0.189951,2.17242,-3.0581,1.88948,0.182621,0.915063,0.056701
1723830,0.94,-2.75261,-1.32534,1.01104,-1.94698,1.10108,1.16772,2.20139,-2.75266,-1.32422,1.00895,-1.94565,1.10136,1.16858,2.20139,-0.000754181,0.000129254,-0.00217139,0.0010058,-0.000688317,0.000240614,-0.000519766,0,0,0,0,0,0,0,-0.125111,26.7383,-24.5342,7.42344,0.836199,2.48678,0.0587866,-0.189386,2.17215,-3.05602,1.88925,0.182451,0.914746,0.0562924
1723831,0.94,-2.75261,-1.32534,1.01105,-1.94698,1.10108,1.16772,2.20139,-2.75266,-1.32422,1.00895,-1.94565,1.10136,1.16858,2.20139,-0.000502787,8.61696e-05,0.000408448,-0.00044309,0.000151473,-7.69498e-05,0.000636834,0,0,0,0,0,0,0,-0.125111,26.7383,-24.6136,7.47104,0.819719,2.49319,0.0322363,-0.188642,2.17046,-3.05195,1.8889,0.182258,0.91428,0.0559159
1723832,0.94,-2.75261,-1.32534,1.01105,-1.94698,1.10108,1.16772,2.20138,-2.75266,-1.32422,1.00895,-1.94565,1.10136,1.16858,2.20139,0.000314423,-0.000592168,0.000829111,0.000261418,-0.000102468,0.000186059,-0.00150822,0,0,0,0,0,0,0,-0.152882,26.766,-24.6374,7.44724,0.825212,2.48678,0.0844213,-0.187494,2.16934,-3.04895,1.88871,0.182084,0.913877,0.0555723
1723833,0.94,-2.75262,-1.32534,1.01105,-1.94698,1.10108,1.16772,2.20138,-2.75266,-1.32422,1.00895,-1.94565,1.10136,1.16858,2.20139,-0.000996811,0.000254836,-4.07161e-06,-0.00103215,-6.83122e-05,0.000124039,-0.00100548,0,0,0,0,0,0,0,-0.101307,26.7383,-24.6136,7.49881,0.825212,2.48678,0.0844213,-0.186146,2.16947,-3.04796,1.88875,0.181944,0.913613,0.0552683
1723834,0.95,-2.75261,-1.32534,1.01104,-1.94698,1.10108,1.16772,2.20138,-2.75266,-1.32422,1.00895,-1.94565,1.10136,1.16858,2.20139,0.0010987,0.000726702,-0.000652328,0.000518328,-0.000248992,-0.000154666,-0.000432963,0,0,0,0,0,0,0,-0.176685,26.7144,-24.5858,7.44724,0.830705,2.49319,0.0780126,-0.184468,2.16908,-3.04678,1.88917,0.181834,0.913352,0.0550362
1723835,0.95,-2.75261,-1.32534,1.01104,-1.94698,1.10108,1.16772,2.20138,-2.75266,-1.32422,1.00895,-1.94565,1.10136,1.16858,2.20139,0.000175653,0.000484468,0.00077154,-0.00021126,3.74559e-05,-0.00034047,-0.00100072,0,0,0,0,0,0,0,-0.152882,26.7144,-24.6374,7.47104,0.825212,2.4996,0.0972387,-0.183901,2.16813,-3.0447,1.88909,0.181679,0.913062,0.0549066
1723836,0.95,-2.75262,-1.32534,1.01104,-1.94698,1.10108,1.16772,2.20138,-2.75266,-1.32422,1.00895,-1.94565,1.10136,1.16858,2.20139,-0.00108932,0.0015294,-0.000692066,0.0015296,-0.00017848,0.000247738,-0.000192428,0,0,0,0,0,0,0,-0.101307,26.6629,-24.5858,7.39963,0.830705,2.48678,0.0844213,-0.183578,2.16668,-3.04225,1.88863,0.181492,0.912742,0.0548936
1723837,0.95,-2.75261,-1.32534,1.01104,-1.94698,1.10108,1.16772,2.20138,-2.75266,-1.32422,1.00895,-1.94565,1.10136,1.16858,2.20139,0.00048021,-0.000186823,-0.000461377,-9.38933e-05,-0.000118987,0.000165159,-0.000603003,0,0,0,0,0,0,0,-0.152882,26.7144,-24.5858,7.44724,0.830705,2.48678,0.0972387,-0.182466,2.16432,-3.03904,1.88817,0.18132,0.912336,0.0550024
1723838,0.95,-2.75261,-1.32534,1.01105,-1.94697,1.10108,1.16772,2.20138,-2.75266,-1.32422,1.00895,-1.94565,1.10136,1.16858,2.20139,-0.000329474,-0.00068136,0.000898841,0.000494216,0.000124126,0.000110106,0.000310075,0,0,0,0,0,0,0,-0.125111,26.7383,-24.6374,7.42344,0.825212,2.48678,0.0780126,-0.181985,2.16316,-3.03644,1.88716,0.181159,0.91195,0.0552268
1723839,0.95,-2.75261,-1.32534,1.01104,-1.94697,1.10108,1.16772,2.20139,-2.75266,-1.32422,1.00895,-1.94565,1.10136,1.16858,2.20139,0.000429965,-0.00110385,0.000599227,0.00088629,0.000286201,-0.000163955,-3.06425e-05,0,0,0,0,0,0,0,-0.152882,26.766,-24.6374,7.39963,0.819719,2.49319,0.0844213,-0.182939,2.16511,-3.03629,1.88509,0.180986,0.911706,0.0555535
1723840,0.95,-2.75261,-1.32534,1.01104,-1.94698,1.10108,1.16772,2.20139,-2.75266,-1.32422,1.00895,-1.94565,1.10136,1.16858,2.20139,-0.000362971,0.000470523,-0.000157327,-0.000522764,-0.000419551,-0.000346662,0.000691649,0,0,0,0,0,0,0,-0.125111,26.7144,-24.6136,7.44724,0.836199,2.4996,0.0651953,-0.184421,2.16848,-3.03739,1.88262,0.180822,0.911536,0.0559621
1723841,0.95,-2.75261,-1.32535,1.01104,-1.94698,1.10108,1.16772,2.20139,-2.75266,-1.32422,1.00895,-1.94565,1.10136,1.16858,2.20139,-0.000241981,-0.000892744,-0.000104885,-0.000905321,0.000127201,6.25074e-06,0.000698458,0,0,0,0,0,0,0,-0.125111,26.766,-24.6136,7.47104,0.825212,2.49319,0.0587866,-0.1844,2.17064,-3.0379,1.88138,0.180772,0.911353,0.0564266
1723842,0.95,-2.75261,-1.32534,1.01104,-1.94698,1.10108,1.16772,2.20138,-2.75266,-1.32422,1.00895,-1.94565,1.10136,1.16858,2.20139,-0.00016132,0.000611263,-0.000719537,-0.000603548,8.48004e-05,4.16716e-06,-0.000246438,0,0,0,0,0,0,0,-0.125111,26.7144,-24.5858,7.47104,0.825212,2.49319,0.0780126,-0.182537,2.17102,-3.03727,1.88164,0.18085,0.911131,0.0569101
1723843,0.95,-2.75261,-1.32535,1.01104,-1.94698,1.10108,1.16772,2.20138,-2.75266,-1.32422,1.00895,-1.94565,1.10136,1.16858,2.20139,0.000542067,-0.000798917,-0.0010365,-0.000402365,-0.000350367,0.000240137,-0.000164292,0,0,0,0,0,0,0,-0.152882,26.766,-24.562,7.47104,0.836199,2.48678,0.0780126,-0.180442,2.17017,-3.03517,1.88231,0.18096,0.910846,0.0573817
1723844,0.95,-2.75261,-1.32534,1.01105,-1.94698,1.10108,1.16772,2.20138,-2.75266,-1.32422,1.00895,-1.94565,1.10136,1.16858,2.20139,-0.000288236,0.00132343,0.000515424,0.000288569,0.000173323,0.000160091,0.00036519,0,0,0,0,0,0,0,-0.125111,26.6867,-24.6136,7.44724,0.825212,2.48678,0.0651953,-0.17893,2.16879,-3.03216,1.88266,0.181037,0.910521,0.057839
1723845,0.95,-2.75261,-1.32534,1.01105,-1.94699,1.10108,1.16772,2.20139,-2.75266,-1.32422,1.00895,-1.94565,1.10136,1.16858,2.20139,-0.000192157,0.000232672,0.000343616,-0.00212767,-8.7902e-05,0.000344087,0.000480819,0,0,0,0,0,0,0,-0.125111,26.7144,-24.6136,7.54642,0.830705,2.48037,0.0587866,-0.176497,2.16668,-3.02951,1.88363,0.181143,0.910227,0.0582889
1723846,0.95,-2.75262,-1.32534,1.01104,-1.94698,1.10108,1.16772,2.20138,-2.75266,-1.32422,1.00895,-1.94565,1.10136,1.16858,2.20139,-0.00124173,-0.00105131,0.000785889,0.000901603,-5.86014e-05,-0.000482686,-0.00062889,0,0,0,0,0,0,0,-0.0775034,26.766,-24.6374,7.44724,0.830705,2.4996,0.0844213,-0.172508,2.16479,-3.02835,1.88555,0.181324,0.910006,0.0587188
1723847,0.95,-2.75261,-1.32534,1.01104,-1.94698,1.10108,1.16772,2.20138,-2.75266,-1.32422,1.00895,-1.94565,1.10136,1.16858,2.20139,0.000285805,-0.000700874,-0.0006825,4.42565e-05,-0.000242518,-8.44316e-05,5.5458e-05,0,0,0,0,0,0,0,-0.125111,26.766,-24.5858,7.47104,0.836199,2.49319,0.071604,-0.169199,2.16494,-3.02857,1.8866,0.181469,0.909818,0.059115
1723848,0.95,-2.75262,-1.32534,1.01104,-1.94698,1.10108,1.16772,2.20139,-2.75266,-1.32422,1.00895,-1.94565,1.10136,1.16858,2.20139,-0.000366275,0.000182364,0.000194614,-0.00062011,0.000448673,-0.000293647,0.000986408,0,0,0,0,0,0,0,-0.101307,26.7383,-24.6136,7.49881,0.819719,2.4996,0.0459692,-0.167442,2.16608,-3.02859,1.88653,0.18154,0.909607,0.0594879
1723849,0.95,-2.75261,-1.32534,1.01104,-1.94698,1.10108,1.16772,2.20139,-2.75266,-1.32422,1.00895,-1.94565,1.10136,1.16858,2.20139,0.00151905,-0.000528038,0.000686555,0.000793019,-0.000107786,0.000516312,0.000182887,0,0,0,0,0,0,0,-0.176685,26.766,-24.6374,7.44724,0.830705,2.48037,0.0587866,-0.167345,2.1676,-3.02833,1.88566,0.181541,0.909419,0.0598365
1723850,0.95,-2.75261,-1.32534,1.01105,-1.94698,1.10108,1.16772,2.20139,-2.75266,-1.32422,1.00895,-1.94565,1.10136,1.16858,2.20139,0.000455891,0.000854401,0.00101452,0.00052868,-7.18572e-05,-0.000367869,0.000121925,0,0,0,0,0,0,0,-0.152882,26.7144,-24.6612,7.44724,0.830705,2.4996,0.0587866,-0.169739,2.17019,-3.02859,1.88336,0.18141,0.909302,0.0601385
1723851,0.95,-2.75261,-1.32534,1.01104,-1.94698,1.10108,1.16772,2.20139,-2.75266,-1.32422,1.00895,-1.94565,1.10136,1.16858,2.20139,0.000860739,1.27886e-05,-0.00108689,-0.000853973,-0.000251355,-7.88678e-06,0.000318642,0,0,0,0,0,0,0,-0.176685,26.7383,-24.5858,7.49881,0.836199,2.49319,0.0523779,-0.172976,2.1723,-3.02832,1.88076,0.181235,0.909183,0.0603871
1723852,0.95,-2.75261,-1.32534,1.01104,-1.94698,1.10108,1.16772,2.20139,-2.75266,-1.32422,1.00895,-1.94565,1.10136,1.16858,2.20139,-0.0006326,0.000565338,-0.00128141,8.02987e-05,0.000239331,0.000232101,0.000958413,0,0,0,0,0,0,0,-0.125111,26.7144,-24.562,7.47104,0.825212,2.48678,0.0322363,-0.174702,2.17201,-3.02583,1.8794,0.181153,0.908935,0.0605831
1723853,0.95,-2.75262,-1.32534,1.01104,-1.94698,1.10108,1.16772,2.20139,-2.75266,-1.32422,1.00895,-1.94565,1.10136,1.16858,2.20139,-0.000978545,-0.00138635,0.000352154,5.35325e-05,-0.000247347,0.000154734,0.000401583,0,0,0,0,0,0,0,-0.101307,26.7898,-24.6136,7.47104,0.836199,2.48678,0.038645,-0.174111,2.17037,-3.02228,1.8793,0.181188,0.908573,0.0607143
1723854,0.95,-2.75261,-1.32534,1.01104,-1.94698,1.10108,1.16772,2.20139,-2.75266,-1.32422,1.00895,-1.94565,1.10136,1.16858,2.20139,0.000554062,-0.000367419,-0.000414845,3.56883e-05,-0.000164898,-0.000371562,0.000505081,0,0,0,0,0,0,0,-0.152882,26.766,-24.5858,7.47104,0.836199,2.4996,0.0322363,-0.172552,2.16987,-3.02002,1.87946,0.181279,0.908244,0.0607618
1723855,0.95,-2.75261,-1.32534,1.01104,-1.94698,1.10108,1.16772,2.20139,-2.75266,-1.32422,1.00895,-1.94565,1.10136,1.16858,2.20139,-0.000280239,0.00096148,0.000373051,2.37922e-05,-0.000109932,-1.0349e-05,0.000336721,0,0,0,0,0,0,0,-0.125111,26.7144,-24.6136,7.47104,0.836199,2.49319,0.0322363,-0.171326,2.17004,-3.01853,1.87948,0.181367,0.907979,0.0607185
1723856,0.95,-2.75261,-1.32534,1.01104,-1.94698,1.10108,1.16772,2.20139,-2.75266,-1.32422,1.00895,-1.94565,1.10136,1.16858,2.20139,-0.000186826,0.000640987,0.000805512,-0.000633752,0.000333613,-0.000244258,-0.000284146,0,0,0,0,0,0,0,-0.125111,26.7144,-24.6374,7.49881,0.825212,2.4996,0.0459692,-0.169258,2.16915,-3.01721,1.88024,0.18149,0.907764,0.0605894
1723857,0.95,-2.75261,-1.32534,1.01104,-1.94698,1.10108,1.16772,2.20139,-2.75266,-1.32422,1.00895,-1.94565,1.10136,1.16858,2.20139,-0.000124551,0.00107694,-0.000669418,0.000227112,1.89581e-05,0.000311879,0.000319196,0,0,0,0,0,0,0,-0.125111,26.6867,-24.5858,7.47104,0.830705,2.48678,0.0322363,-0.166031,2.16698,-3.0158,1.88186,0.181658,0.907574,0.0603826
1723858,0.95,-2.75261,-1.32534,1.01104,-1.94698,1.10108,1.16772,2.20139,-2.75266,-1.32422,1.00895,-1.94565,1.10136,1.16858,2.20139,0.00112339,0.000717959,0.000203336,-0.000498206,0.000216089,-0.000266799,0.000212797,0,0,0,0,0,0,0,-0.176685,26.6867,-24.6136,7.49881,0.825212,2.4996,0.0322363,-0.163376,2.16408,-3.01353,1.88335,0.181798,0.907363,0.0601091
1723859,0.95,-2.75261,-1.32534,1.01104,-1.94698,1.10108,1.16772,2.20139,-2.75266,-1.32422,1.00895,-1.94565,1.10136,1.16858,2.20139,0.000748928,-0.000170975,0.000135557,0.000874289,-5.9391e-05,-0.000177866,0.000379224,0,0,0,0,0,0,0,-0.176685,26.7144,-24.6136,7.44724,0.830705,2.4996,0.0258276,-0.163108,2.16221,-3.01124,1.88357,0.181839,0.907191,0.0597732
1723860,0.95,-2.75261,-1.32534,1.01104,-1.94698,1.10108,1.16772,2.20139,-2.75266,-1.32422,1.00895,-1.94565,1.10136,1.16858,2.20139,0.000499285,-0.000113983,9.03714e-05,2.60472e-05,0.000163857,-0.000118577,-0.000493169,0,0,0,0,0,0,0,-0.176685,26.7144,-24.6136,7.47104,0.825212,2.4996,0.0459692,-0.165165,2.16243,-3.00992,1.8823,0.181779,0.907091,0.0593747
1723861,0.95,-2.75261,-1.32534,1.01104,-1.94698,1.10108,1.16772,2.20139,-2.75266,-1.32422,1.00895,-1.94565,1.10136,1.16858,2.20139,-0.000223955,-7.59887e-05,-0.000589366,0.000574177,0.000109238,0.000158308,0.000654565,0,0,0,0,0,0,0,-0.152882,26.7144,-24.5858,7.44724,0.825212,2.49319,0.0194189,-0.167596,2.16354,-3.00902,1.88058,0.181698,0.907002,0.0589239
1723862,0.95,-2.75261,-1.32534,1.01104,-1.94698,1.10108,1.16772,2.20139,-2.75266,-1.32422,1.00895,-1.94565,1.10136,1.16858,2.20139,0.000407509,-5.06592e-05,-0.000392911,-0.000174027,7.28251e-05,0.000105538,-0.000546968,0,0,0,0,0,0,0,-0.176685,26.7144,-24.5858,7.47104,0.825212,2.49319,0.0459692,-0.16921,2.16428,-3.00774,1.87924,0.181649,0.906875,0.0584349
1723863,0.95,-2.75261,-1.32534,1.01104,-1.94698,1.10108,1.16772,2.20139,-2.75266,-1.32422,1.00895,-1.94565,1.10136,1.16858,2.20139,0.000271672,-0.000590585,0.000387673,-0.000116018,-0.000358351,7.03589e-05,0.000143981,0,0,0,0,0,0,0,-0.176685,26.7383,-24.6136,7.47104,0.836199,2.49319,0.0322363,-0.170317,2.16502,-3.00663,1.8783,0.181632,0.906763,0.0579166
1723864,0.95,-2.75261,-1.32534,1.01104,-1.94698,1.10108,1.16772,2.20139,-2.75266,-1.32422,1.00895,-1.94565,1.10136,1.16858,2.20139,-0.000375697,0.000163089,-0.000391165,-7.73455e-05,-0.000238901,-0.000190453,-0.000649998,0,0,0,0,0,0,0,-0.152882,26.7144,-24.5858,7.47104,0.836199,2.4996,0.0523779,-0.170731,2.16591,-3.00616,1.87791,0.181661,0.906698,0.0573832
1723865,0.95,-2.75261,-1.32534,1.01104,-1.94698,1.10108,1.16772,2.20139,-2.75266,-1.32422,1.00895,-1.94565,1.10136,1.16858,2.20139,0.000955961,0.00131515,0.000388837,0.000505248,0.000247634,0.00011039,-0.000195973,0,0,0,0,0,0,0,-0.204456,26.6629,-24.6136,7.44724,0.825212,2.49319,0.0459692,-0.170402,2.16586,-3.00547,1.87801,0.181713,0.90663,0.0568542
1723866,0.95,-2.75261,-1.32534,1.01104,-1.94698,1.10108,1.16772,2.20139,-2.75266,-1.32422,1.00895,-1.94565,1.10136,1.16858,2.20139,-0.00121873,-0.000329658,0.000259225,-0.00021998,0.000165089,7.35935e-05,0.000615337,0,0,0,0,0,0,0,-0.125111,26.7144,-24.6136,7.47104,0.825212,2.49319,0.0258276,-0.169407,2.16477,-3.00457,1.8785,0.181773,0.906555,0.0563483
1723867,0.95,-2.75261,-1.32534,1.01104,-1.94698,1.10108,1.16772,2.20139,-2.75266,-1.32422,1.00895,-1.94565,1.10136,1.16858,2.20139,-0.000162874,-0.000776584,0.000729629,-0.000796267,-9.3391e-05,-0.000188297,-6.44935e-05,0,0,0,0,0,0,0,-0.152882,26.7383,-24.6374,7.49881,0.830705,2.4996,0.038645,-0.166998,2.16394,-3.00477,1.87978,0.181909,0.90653,0.0558672
1723868,0.95,-2.75261,-1.32534,1.01105,-1.94698,1.10108,1.16772,2.20139,-2.75266,-1.32422,1.00895,-1.94565,1.10136,1.16858,2.20139,-0.000758197,-0.000517723,0.00104323,0.000118769,0.00034464,-0.000125531,-4.29957e-05,0,0,0,0,0,0,0,-0.125111,26.7383,-24.6612,7.47104,0.819719,2.4996,0.038645,-0.163751,2.16435,-3.00671,1.88156,0.182108,0.906597,0.0553969
1723869,0.95,-2.75261,-1.32534,1.01104,-1.94698,1.10108,1.16772,2.20138,-2.75266,-1.32422,1.00895,-1.94565,1.10136,1.16858,2.20139,-0.000505465,0.000211664,0.000138675,7.91795e-05,0.00067057,-8.36874e-05,-0.00148673,0,0,0,0,0,0,0,-0.125111,26.7144,-24.6374,7.47104,0.807817,2.4996,0.0780126,-0.160514,2.16532,-3.00932,1.88321,0.182286,0.9067,0.0549338
1723870,0.95,-2.75261,-1.32534,1.01104,-1.94698,1.10108,1.16772,2.20139,-2.75266,-1.32422,1.00895,-1.94565,1.10136,1.16858,2.20139,0.000312638,0.000141109,-0.000464362,0.00116641,-0.000604115,-5.57916e-05,0.000466912,0,0,0,0,0,0,0,-0.152882,26.7144,-24.6136,7.42344,0.836199,2.4996,0.038645,-0.158185,2.16563,-3.01069,1.88412,0.182366,0.906727,0.0544958
1723871,0.95,-2.75261,-1.32534,1.01104,-1.94698,1.10108,1.16772,2.20139,-2.75266,-1.32422,1.00895,-1.94565,1.10136,1.16858,2.20139,0.000765237,9.40727e-05,-0.000309574,0.000777607,-0.000402743,0.000437523,0.000548633,0,0,0,0,0,0,0,-0.176685,26.7144,-24.6136,7.42344,0.836199,2.48678,0.0322363,-0.158395,2.16559,-3.01013,1.88339,0.182285,0.906652,0.0541028
1723872,0.95,-2.75261,-1.32534,1.01104,-1.94698,1.10108,1.16772,2.20138,-2.75266,-1.32422,1.00895,-1.94565,1.10136,1.16858,2.20139,0.000510158,6.27151e-05,-0.000206383,-0.00124483,0.000138406,5.43234e-05,-0.00132967,0,0,0,0,0,0,0,-0.176685,26.7144,-24.6136,7.49881,0.825212,2.49319,0.0780126,-0.160431,2.16542,-3.00842,1.88182,0.182134,0.906545,0.0537498
1723873,0.95,-2.75261,-1.32534,1.01105,-1.94698,1.10108,1.16772,2.20139,-2.75266,-1.32422,1.00895,-1.94565,1.10136,1.16858,2.20139,-0.000216707,0.000691424,0.000976035,-0.000180275,9.22705e-05,3.62156e-05,6.29921e-05,0,0,0,0,0,0,0,-0.152882,26.6867,-24.6612,7.47104,0.825212,2.49319,0.0523779,-0.161669,2.16453,-3.0068,1.88127,0.182061,0.906485,0.0534368
1723874,0.95,-2.75261,-1.32534,1.01104,-1.94698,1.10108,1.16772,2.20138,-2.75266,-1.32422,1.00895,-1.94565,1.10136,1.16858,2.20139,-0.000794085,-0.00139509,-0.000462934,0.000436629,0.000264964,0.000261503,-0.00138216,0,0,0,0,0,0,0,-0.125111,26.766,-24.6136,7.44724,0.819719,2.48678,0.09083,-0.161334,2.16356,-3.0061,1.88164,0.182065,0.906456,0.053181
1723875,0.95,-2.75261,-1.32534,1.01104,-1.94698,1.10108,1.16772,2.20138,-2.75266,-1.32422,1.00895,-1.94565,1.10136,1.16858,2.20139,-0.00052939,-0.000280446,-0.000308622,0.000291086,-2.68077e-05,-0.000537742,-0.00068408,0,0,0,0,0,0,0,-0.125111,26.7383,-24.6136,7.44724,0.825212,2.50601,0.0844213,-0.160374,2.16336,-3.0059,1.88188,0.182079,0.906389,0.0529965
1723876,0.95,-2.75261,-1.32534,1.01104,-1.94698,1.10108,1.16772,2.20138,-2.75266,-1.32422,1.00895,-1.94565,1.10136,1.16858,2.20139,0.000296687,0.000369848,-0.000205748,0.000750869,-1.78718e-05,-0.000121136,1.86643e-05,0,0,0,0,0,0,0,-0.152882,26.7144,-24.6136,7.42344,0.825212,2.4996,0.071604,-0.159676,2.16325,-3.0053,1.88168,0.182056,0.90627,0.0529088
1723877,0.95,-2.75261,-1.32534,1.01104,-1.94698,1.10108,1.16772,2.20138,-2.75266,-1.32422,1.00895,-1.94565,1.10136,1.16858,2.20139,0.000197792,0.000246565,0.000419646,-0.000613044,0.000191536,0.000156602,-0.00117435,0,0,0,0,0,0,0,-0.152882,26.7144,-24.6374,7.47104,0.819719,2.49319,0.103647,-0.15955,2.16268,-3.00428,1.88123,0.181987,0.906157,0.0529334
1723878,0.95,-2.75261,-1.32534,1.01104,-1.94698,1.10108,1.16772,2.20138,-2.75266,-1.32422,1.00895,-1.94565,1.10136,1.16858,2.20139,0.000131861,-0.000392435,0.000279764,-0.00105831,-0.000482661,0.00034176,0.000166535,0,0,0,0,0,0,0,-0.152882,26.7383,-24.6374,7.49881,0.836199,2.48678,0.0780126,-0.159261,2.16195,-3.00368,1.88129,0.181948,0.906118,0.0530702
1723879,0.95,-2.75261,-1.32534,1.01105,-1.94698,1.10108,1.16772,2.20138,-2.75266,-1.32422,1.00895,-1.94565,1.10136,1.16858,2.20139,0.000644719,-0.000261623,0.00139294,0.000500886,8.51271e-05,-9.51879e-06,-0.000838413,0,0,0,0,0,0,0,-0.176685,26.7383,-24.689,7.44724,0.825212,2.49319,0.103647,-0.159108,2.16213,-3.00435,1.88157,0.181933,0.906181,0.0533192
1723880,0.95,-2.75261,-1.32534,1.01104,-1.94698,1.10108,1.16772,2.20139,-2.75266,-1.32422,1.00895,-1.94565,1.10136,1.16858,2.20139,-0.000776613,-0.000174416,-0.000834614,-0.000872502,-0.00035015,-0.000481064,0.00133993,0,0,0,0,0,0,0,-0.125111,26.7383,-24.6136,7.49881,0.836199,2.50601,0.0523779,-0.159226,2.16301,-3.00574,1.88166,0.181913,0.906275,0.0536742
1723881,0.95,-2.75261,-1.32534,1.01105,-1.94698,1.10108,1.16772,2.20139,-2.75266,-1.32422,1.00895,-1.94565,1.10136,1.16858,2.20139,0.000131872,-0.000116277,4.02456e-07,0.00118157,0.000376918,0.000154009,0.00018121,0,0,0,0,0,0,0,-0.152882,26.7383,-24.6374,7.42344,0.819719,2.49319,0.071604,-0.158824,2.16321,-3.00624,1.88185,0.181909,0.906278,0.0541124
1723882,0.95,-2.75261,-1.32534,1.01104,-1.94698,1.10108,1.16772,2.20138,-2.75266,-1.32422,1.00895,-1.94565,1.10136,1.16858,2.20139,0.000644727,-7.75181e-05,-0.000556544,0.000230901,4.78285e-05,0.00057739,0.000120806,0,0,0,0,0,0,0,-0.176685,26.7383,-24.6136,7.44724,0.825212,2.48037,0.071604,-0.159251,2.16312,-3.00557,1.88124,0.181844,0.906182,0.0545884
1723883,0.95,-2.75261,-1.32534,1.01104,-1.94698,1.10108,1.16772,2.20138,-2.75266,-1.32422,1.00895,-1.94565,1.10136,1.16858,2.20139,-0.000126994,0.000505133,0.000185783,0.000153934,3.18856e-05,-8.9791e-05,8.05376e-05,0,0,0,0,0,0,0,-0.152882,26.7144,-24.6374,7.44724,0.825212,2.49319,0.071604,-0.160675,2.16292,-3.00426,1.87994,0.181719,0.906043,0.0550719
1723884,0.95,-2.75261,-1.32534,1.01104,-1.94698,1.10108,1.16772,2.20139,-2.75266,-1.32422,1.00895,-1.94565,1.10136,1.16858,2.20139,0.000472149,0.000336755,0.000123855,0.000102623,-0.000182193,-5.98606e-05,0.00052841,0,0,0,0,0,0,0,-0.176685,26.7144,-24.6374,7.44724,0.830705,2.49319,0.0587866,-0.161646,2.16211,-3.00285,1.87903,0.181611,0.9059,0.0555563
1723885,0.95,-2.75261,-1.32534,1.01104,-1.94697,1.10108,1.16772,2.20139,-2.75266,-1.32422,1.00895,-1.94565,1.10136,1.16858,2.20139,-0.000242046,0.000224504,-0.000474242,0.00118204,-0.000121462,-3.99071e-05,0.000826991,0,0,0,0,0,0,0,-0.152882,26.7144,-24.6136,7.39963,0.830705,2.49319,0.0459692,-0.162362,2.16102,-3.00148,1.8782,0.181506,0.905745,0.0560273
1723886,0.96,-2.75261,-1.32534,1.01105,-1.94698,1.10108,1.16772,2.20139,-2.75266,-1.32422,1.00895,-1.94565,1.10136,1.16858,2.20139,-0.000161364,-0.000407143,0.000797463,-0.00153202,0.000122476,-2.66047e-05,-0.00016075,0,0,0,0,0,0,0,-0.152882,26.7383,-24.6612,7.49881,0.825212,2.49319,0.0651953,-0.162463,2.16005,-3.00052,1.87768,0.181443,0.9056,0.0564612
1723887,0.97,-2.75261,-1.32534,1.01105,-1.94698,1.10108,1.16772,2.20139,-2.75266,-1.32422,1.00895,-1.94565,1.10136,1.16858,2.20139,0.000449236,-0.000921043,-2.51701e-05,-0.00102135,8.16504e-05,-0.000255095,0.000367552,0,0,0,0,0,0,0,-0.176685,26.766,-24.6374,7.49881,0.825212,2.4996,0.0523779,-0.161503,2.15979,-3.00091,1.87821,0.181496,0.905558,0.0568419
1723888,0.98,-2.75261,-1.32534,1.01104,-1.94698,1.10108,1.16772,2.20139,-2.75266,-1.32422,1.00895,-1.94565,1.10136,1.16858,2.20139,-0.000906935,0.000592398,-1.67801e-05,-0.000680899,0.000495243,-0.000407423,0.000482393,0,0,0,0,0,0,0,-0.125111,26.7144,-24.6374,7.49881,0.81331,2.50601,0.0459692,-0.159639,2.1597,-3.00192,1.87972,0.181638,0.90558,0.0571677
1723889,0.99,-2.75261,-1.32534,1.01104,-1.94698,1.10108,1.16772,2.20139,-2.75266,-1.32422,1.00895,-1.94565,1.10136,1.16858,2.20139,4.49905e-05,0.000394932,-0.00121761,0.0013093,-0.000314098,-0.000508974,0.000321596,0,0,0,0,0,0,0,-0.152882,26.7144,-24.5858,7.42344,0.830705,2.51242,0.0459692,-0.157155,2.15833,-3.00169,1.88144,0.181766,0.905518,0.0574342
1723890,0.99,-2.75261,-1.32534,1.01104,-1.94698,1.10108,1.16772,2.20139,-2.75266,-1.32422,1.00895,-1.94565,1.10136,1.16858,2.20139,2.99936e-05,-0.000943138,-0.00136855,0.00087287,-5.94809e-06,0.000135402,0.000214397,0,0,0,0,0,0,0,-0.152882,26.766,-24.562,7.42344,0.825212,2.4996,0.0459692,-0.156115,2.15658,-2.99962,1.88173,0.18176,0.905329,0.0576258
1723891,0.99,-2.75261,-1.32534,1.01105,-1.94698,1.10108,1.16772,2.20139,-2.75266,-1.32422,1.00895,-1.94565,1.10136,1.16858,2.20139,-0.000629618,2.08552e-05,0.000850869,-0.000531711,-0.000207416,0.000327627,-0.000331787,0,0,0,0,0,0,0,-0.125111,26.7383,-24.6374,7.47104,0.830705,2.49319,0.0587866,-0.156413,2.15586,-2.99742,1.88087,0.181672,0.905141,0.0577399
1723892,0.99,-2.75261,-1.32534,1.01104,-1.94698,1.10108,1.16772,2.20139,-2.75266,-1.32422,1.00895,-1.94565,1.10136,1.16858,2.20139,0.00199311,1.39035e-05,0.000567246,-0.000354474,-0.000341728,-1.8941e-05,0.000253527,0,0,0,0,0,0,0,-0.22826,26.7383,-24.6374,7.47104,0.836199,2.4996,0.0459692,-0.157048,2.15633,-2.99692,1.88009,0.181597,0.905122,0.0577935
1723893,0.99,-2.75261,-1.32534,1.01104,-1.94698,1.10108,1.16772,2.20139,-2.75266,-1.32422,1.00895,-1.94565,1.10136,1.16858,2.20139,0.000122312,9.26898e-06,-0.000178648,-0.00088593,0.000179083,-1.26274e-05,0.000677644,0,0,0,0,0,0,0,-0.176685,26.7383,-24.6136,7.49881,0.825212,2.4996,0.0322363,-0.158856,2.15759,-2.9975,1.87925,0.181517,0.905261,0.0578018
1723894,0.99,-2.75261,-1.32534,1.01104,-1.94698,1.10108,1.16772,2.20139,-2.75266,-1.32422,1.00895,-1.94565,1.10136,1.16858,2.20139,8.15411e-05,-0.000643435,0.000437713,0.000615806,-0.000287513,-0.000245777,-5.68635e-05,0,0,0,0,0,0,0,-0.176685,26.766,-24.6374,7.44724,0.836199,2.50601,0.0459692,-0.160872,2.15909,-2.99832,1.8785,0.181456,0.90544,0.0577627
1723895,0.99,-2.75261,-1.32534,1.01104,-1.94698,1.10108,1.16772,2.20139,-2.75266,-1.32422,1.00895,-1.94565,1.10136,1.16858,2.20139,5.43607e-05,0.000777469,0.000291809,0.000967349,0.000215226,7.35075e-05,0.000945435,0,0,0,0,0,0,0,-0.176685,26.7144,-24.6374,7.42344,0.825212,2.4996,0.0194189,-0.162463,2.16068,-2.99937,1.8776,0.181391,0.905602,0.0576682
1723896,0.99,-2.75261,-1.32534,1.01105,-1.94698,1.10108,1.16772,2.20139,-2.75266,-1.32422,1.00895,-1.94565,1.10136,1.16858,2.20139,3.62405e-05,-0.000688113,0.000194539,-0.00678476,-0.000263417,-0.000188354,-0.000827772,0,0,0,0,0,0,0,-0.176685,26.766,-24.6374,7.47104,0.836199,2.50601,0.0587866,-0.161776,2.16095,-3.00041,1.8786,0.18148,0.905797,0.0575192
1723897,0.99,-2.75261,-1.32534,1.01104,-1.94698,1.10108,1.16772,2.20139,-2.75266,-1.32422,1.00895,-1.94565,1.10136,1.16858,2.20139,0.000673774,0.000190872,0.000129693,-0.00569912,2.78391e-05,0.000349149,0.000668855,0,0,0,0,0,0,0,-0.204456,26.7383,-24.6374,7.49881,0.830705,2.49319,0.0258276,-0.156115,2.15844,-3.00141,1.88479,0.181996,0.906126,0.0573253
1723898,0.99,-2.75261,-1.32534,1.01105,-1.94698,1.10108,1.16772,2.20139,-2.75266,-1.32422,1.00895,-1.94565,1.10136,1.16858,2.20139,0.000449183,-0.000522366,0.00129289,-0.00419417,0.00022201,0.000232766,-0.000300082,0,0,0,0,0,0,0,-0.204456,26.766,-24.689,7.49881,0.825212,2.49319,0.0459692,-0.147671,2.1546,-3.00283,1.89428,0.182791,0.906587,0.0570947
1723899,0.99,-2.75261,-1.32534,1.01104,-1.94698,1.10108,1.16772,2.20139,-2.75266,-1.32422,1.00895,-1.94565,1.10136,1.16858,2.20139,0.000856267,-0.000348244,-0.000344501,-0.00188575,-0.000258894,-8.21818e-05,0.00078329,0,0,0,0,0,0,0,-0.22826,26.766,-24.6374,7.44724,0.836199,2.4996,0.0194189,-0.140824,2.15193,-3.00477,1.90261,0.183505,0.907058,0.0568233
1723900,0.99,-2.75261,-1.32534,1.01104,-1.94698,1.10108,1.16772,2.20139,-2.75266,-1.32422,1.00895,-1.94565,1.10136,1.16858,2.20139,0.000570845,0.000417451,-0.000786479,-0.00268564,-0.000172596,-0.000292147,-0.000935869,0,0,0,0,0,0,0,-0.22826,26.7383,-24.6136,7.49881,0.836199,2.50601,0.0587866,-0.137256,2.15027,-3.00558,1.90799,0.183987,0.907382,0.0565052
1723901,0.99,-2.75261,-1.32534,1.01104,-1.94698,1.10108,1.16772,2.20139,-2.75266,-1.32422,1.00895,-1.94565,1.10136,1.16858,2.20139,0.000937375,0.000278301,3.24926e-05,-0.00130735,0.000291837,0.000279953,-0.000386554,0,0,0,0,0,0,0,-0.252064,26.7383,-24.6374,7.47104,0.825212,2.49319,0.0523779,-0.13634,2.14853,-3.00453,1.91085,0.18426,0.907522,0.0561493
1723902,0.99,-2.75261,-1.32534,1.01104,-1.94698,1.10108,1.16772,2.20139,-2.75266,-1.32422,1.00895,-1.94565,1.10136,1.16858,2.20139,-0.00113832,0.000185534,2.16617e-05,-0.00220289,0.000194558,-5.07234e-05,0.000488283,0,0,0,0,0,0,0,-0.176685,26.7383,-24.6374,7.52262,0.825212,2.4996,0.0322363,-0.136276,2.14683,-3.00297,1.9123,0.184411,0.907553,0.0557845
1723903,0.99,-2.75261,-1.32534,1.01104,-1.94698,1.10108,1.16772,2.20139,-2.75266,-1.32422,1.00895,-1.94565,1.10136,1.16858,2.20139,-0.000109267,-0.000525925,1.44411e-05,0.000200965,-7.37453e-05,-0.000508533,-0.000183104,0,0,0,0,0,0,0,-0.204456,26.766,-24.6374,7.44724,0.830705,2.51242,0.0459692,-0.135903,2.14571,-3.00196,1.9129,0.184493,0.907516,0.0554283
1723904,0.99,-2.75261,-1.32534,1.01104,-1.94698,1.10108,1.16772,2.20139,-2.75266,-1.32422,1.00895,-1.94565,1.10136,1.16858,2.20139,-7.28445e-05,0.000298997,9.62742e-06,-0.000493092,0.000154287,0.000373055,0.000386557,0,0,0,0,0,0,0,-0.204456,26.7383,-24.6374,7.47104,0.825212,2.49319,0.0322363,-0.136657,2.14594,-3.0015,1.91184,0.184443,0.907431,0.0550735
1723905,0.99,-2.75261,-1.32534,1.01104,-1.94698,1.10108,1.16772,2.20139,-2.75266,-1.32422,1.00895,-1.94565,1.10136,1.16858,2.20139,-4.8563e-05,0.000756144,-0.00120001,-0.000381421,0.000102858,0.000248703,-0.00072564,0,0,0,0,0,0,0,-0.204456,26.7144,-24.5858,7.47104,0.825212,2.49319,0.0587866,-0.138845,2.14637,-3.00037,1.90941,0.184269,0.907276,0.0547165
1723906,0.99,-2.75261,-1.32534,1.01105,-1.94698,1.10108,1.16772,2.20139,-2.75266,-1.32422,1.00895,-1.94565,1.10136,1.16858,2.20139,-0.000681989,-5.27162e-05,0.000406421,-0.000293801,-0.000134879,-0.000546275,0.000736943,0,0,0,0,0,0,0,-0.176685,26.7383,-24.6374,7.47104,0.830705,2.51242,0.0258276,-0.141101,2.14606,-2.99834,1.90681,0.18406,0.907056,0.0543642
1723907,0.99,-2.75261,-1.32534,1.01104,-1.94698,1.10108,1.16772,2.20139,-2.75266,-1.32422,1.00895,-1.94565,1.10136,1.16858,2.20139,0.000194954,-3.51441e-05,-0.000285865,-0.00143193,0.000113532,-0.000364183,1.65777e-05,0,0,0,0,0,0,0,-0.204456,26.7383,-24.6136,7.52262,0.825212,2.51242,0.038645,-0.143078,2.14607,-2.99691,1.90449,0.18387,0.906887,0.054023
1723908,0.99,-2.75261,-1.32534,1.01104,-1.94698,1.10108,1.16772,2.20139,-2.75266,-1.32422,1.00895,-1.94565,1.10136,1.16858,2.20139,0.000686782,-2.34294e-05,0.000366235,0.0013432,-0.000127763,0.000231929,-0.000260216,0,0,0,0,0,0,0,-0.22826,26.7383,-24.6374,7.42344,0.830705,2.4996,0.0459692,-0.14622,2.14736,-2.99645,1.90166,0.183644,0.906822,0.0536815
1723909,0.99,-2.75261,-1.32534,1.01104,-1.94698,1.10108,1.16772,2.20139,-2.75266,-1.32422,1.00895,-1.94565,1.10136,1.16858,2.20139,-9.89576e-05,-0.000665234,-0.000312655,-0.000234831,0.000118275,0.000391978,-0.000173477,0,0,0,0,0,0,0,-0.204456,26.766,-24.6136,7.47104,0.825212,2.49319,0.0459692,-0.151564,2.15029,-2.9966,1.89741,0.183311,0.906817,0.0533319
1723910,0.99,-2.75261,-1.32534,1.01104,-1.94698,1.10108,1.16772,2.20139,-2.75266,-1.32422,1.00895,-1.94565,1.10136,1.16858,2.20139,-0.000715586,0.000206125,-0.000208437,0.000944566,7.88502e-05,-0.000213399,0.000392975,0,0,0,0,0,0,0,-0.176685,26.7383,-24.6136,7.42344,0.825212,2.50601,0.0322363,-0.1571,2.15371,-2.99692,1.89283,0.18296,0.90681,0.0529863
1723911,0.99,-2.75261,-1.32534,1.01104,-1.94698,1.10108,1.16772,2.20139,-2.75266,-1.32422,1.00895,-1.94565,1.10136,1.16858,2.20139,0.000729369,0.000694229,0.000417854,6.35202e-05,5.25668e-05,-0.000142266,0.000261983,0,0,0,0,0,0,0,-0.22826,26.7144,-24.6374,7.44724,0.825212,2.50601,0.0322363,-0.161658,2.15633,-2.997,1.88884,0.182641,0.906792,0.0526529
1723912,1,-2.75261,-1.32534,1.01104,-1.94698,1.10108,1.16772,2.20139,-2.75266,-1.32422,1.00895,-1.94565,1.10136,1.16858,2.20139,-7.05661e-05,-9.39929e-05,0.000278569,3.53131e-05,-0.000371857,-9.4844e-05,-0.000808689,0,0,0,0,0,0,0,-0.204456,26.7383,-24.6374,7.44724,0.836199,2.50601,0.0587866,-0.165885,2.15838,-2.9972,1.88535,0.182345,0.906827,0.0523233
1723913,1,-2.75261,-1.32534,1.01105,-1.94698,1.10108,1.16772,2.20138,-2.75266,-1.32422,1.00895,-1.94565,1.10136,1.16858,2.20139,-4.70441e-05,0.00049415,0.000185713,-0.000538545,-4.44538e-05,-0.000300588,-0.00101384,0,0,0,0,0,0,0,-0.204456,26.7144,-24.6374,7.47104,0.830705,2.51242,0.071604,-0.169249,2.15998,-2.99772,1.88279,0.182126,0.906929,0.0519987
1723914,1,-2.75261,-1.32534,1.01105,-1.94698,1.10108,1.16772,2.20138,-2.75266,-1.32422,1.00895,-1.94565,1.10136,1.16858,2.20139,0.00108226,0.000979047,0.000680621,0.000193825,-2.96359e-05,0.000511685,-0.00138797,0,0,0,0,0,0,0,-0.252064,26.6867,-24.6612,7.44724,0.830705,2.49319,0.09083,-0.171864,2.16083,-2.99822,1.88108,0.181973,0.907079,0.0517078
1723915,1,-2.75261,-1.32534,1.01104,-1.94698,1.10108,1.16772,2.20138,-2.75266,-1.32422,1.00895,-1.94565,1.10136,1.16858,2.20139,0.000164696,-0.000553728,-0.000659877,-0.000430562,-0.000426658,-0.000133595,-0.000213238,0,0,0,0,0,0,0,-0.22826,26.7383,-24.6136,7.47104,0.841692,2.50601,0.071604,-0.174915,2.16141,-2.99843,1.87944,0.181837,0.907248,0.0514906
1723916,1,-2.75261,-1.32534,1.01105,-1.94698,1.10108,1.16772,2.20139,-2.75266,-1.32422,1.00895,-1.94565,1.10136,1.16858,2.20139,0.000109797,-0.000369152,0.00132332,0.000824357,0.000325913,-8.90632e-05,0.000332559,0,0,0,0,0,0,0,-0.22826,26.7383,-24.689,7.42344,0.825212,2.50601,0.0587866,-0.178398,2.16282,-2.99905,1.87754,0.181721,0.907433,0.0513755
1723917,1,-2.75261,-1.32534,1.01105,-1.94698,1.10108,1.16772,2.20138,-2.75266,-1.32422,1.00895,-1.94565,1.10136,1.16858,2.20139,7.3198e-05,-0.000246101,0.000232599,-8.90984e-06,0.000420726,-5.93755e-05,-0.00120245,0,0,0,0,0,0,0,-0.22826,26.7383,-24.6612,7.44724,0.819719,2.50601,0.0972387,-0.181839,2.16544,-3.00091,1.8754,0.181623,0.907663,0.0513618
1723918,1,-2.7526,-1.32534,1.01105,-1.94698,1.10108,1.16772,2.20138,-2.75266,-1.32422,1.00895,-1.94565,1.10136,1.16858,2.20139,0.000605611,-0.000164067,-0.000401746,-0.000564004,-0.000126417,0.000197775,0.000147804,0,0,0,0,0,0,0,-0.252064,26.7383,-24.6374,7.47104,0.830705,2.4996,0.071604,-0.184958,2.16798,-3.00282,1.87353,0.181557,0.907894,0.0514401
1723919,1,-2.7526,-1.32534,1.01104,-1.94698,1.10108,1.16772,2.20138,-2.75266,-1.32422,1.00895,-1.94565,1.10136,1.16858,2.20139,-0.000153072,0.000447434,-0.00026783,0.000179871,-0.000287729,-0.000105509,-0.00108826,0,0,0,0,0,0,0,-0.22826,26.7144,-24.6374,7.44724,0.836199,2.50601,0.103647,-0.187378,2.16912,-3.0034,1.87238,0.181542,0.908052,0.0516137
1723920,1,-2.7526,-1.32534,1.01104,-1.94698,1.10108,1.16772,2.20139,-2.75266,-1.32422,1.00895,-1.94565,1.10136,1.16858,2.20139,0.000454764,-0.000258523,-0.000735366,-0.00108722,0.000215082,0.000404379,0.000936007,0,0,0,0,0,0,0,-0.252064,26.7383,-24.6136,7.49881,0.825212,2.49319,0.0587866,-0.188851,2.16873,-3.00266,1.87206,0.181584,0.908129,0.0518856
1723921,1,-2.7526,-1.32534,1.01104,-1.94698,1.10108,1.16772,2.20138,-2.75266,-1.32422,1.00895,-1.94565,1.10136,1.16858,2.20139,0.000303176,-0.000172349,6.65682e-05,-7.57251e-05,0.000143388,3.22269e-05,-0.000800149,0,0,0,0,0,0,0,-0.252064,26.7383,-24.6374,7.47104,0.825212,2.4996,0.0972387,-0.189929,2.16779,-3.00143,1.87224,0.181666,0.908176,0.052246
1723922,1,-2.75261,-1.32535,1.01104,-1.94698,1.10108,1.16772,2.20138,-2.75266,-1.32422,1.00895,-1.94565,1.10136,1.16858,2.20139,-0.000354695,-0.00132132,4.43788e-05,-5.08795e-05,9.5592e-05,-0.000453233,-5.87149e-05,0,0,0,0,0,0,0,-0.22826,26.7898,-24.6374,7.47104,0.825212,2.51242,0.0844213,-0.191204,2.16779,-3.001,1.87229,0.181744,0.908251,0.0526746
1723923,1,-2.75261,-1.32534,1.01105,-1.94698,1.10108,1.16772,2.20138,-2.75266,-1.32422,1.00895,-1.94565,1.10136,1.16858,2.20139,-0.000793275,0.000325543,2.95859e-05,0.000522595,6.3728e-05,-6.47966e-05,-0.000276502,0,0,0,0,0,0,0,-0.204456,26.7383,-24.6374,7.44724,0.825212,2.50601,0.09083,-0.191978,2.16863,-3.00161,1.87229,0.181814,0.908344,0.0531643
1723924,1,-2.75261,-1.32534,1.01105,-1.94698,1.10108,1.16772,2.20139,-2.75266,-1.32422,1.00895,-1.94565,1.10136,1.16858,2.20139,2.7962e-05,0.000217028,1.97239e-05,-0.000858252,4.24853e-05,0.000194161,0.00100246,0,0,0,0,0,0,0,-0.22826,26.7383,-24.6374,7.49881,0.825212,2.4996,0.0587866,-0.191471,2.16869,-3.00218,1.8729,0.181903,0.908415,0.0537155
1723925,1,-2.75261,-1.32534,1.01105,-1.94698,1.10108,1.16772,2.20139,-2.75266,-1.32422,1.00895,-1.94565,1.10136,1.16858,2.20139,-0.000538171,0.000144686,0.00121958,0.000634091,0.000231774,0.000129441,0.000905666,0,0,0,0,0,0,0,-0.204456,26.7383,-24.689,7.44724,0.819719,2.4996,0.0523779,-0.190184,2.16799,-3.00285,1.87408,0.181999,0.908503,0.0543083
1723926,1,-2.75261,-1.32534,1.01104,-1.94698,1.10108,1.16772,2.20138,-2.75266,-1.32422,1.00895,-1.94565,1.10136,1.16858,2.20139,-0.00100839,-0.00110997,-0.000393376,-0.00013421,-0.000455836,-0.000151065,-0.0001083,0,0,0,0,0,0,0,-0.176685,26.7898,-24.6374,7.47104,0.836199,2.50601,0.071604,-0.188689,2.16784,-3.00434,1.87524,0.182078,0.908623,0.0548979
1723927,1,-2.75261,-1.32534,1.01105,-1.94698,1.10108,1.16772,2.20139,-2.75266,-1.32422,1.00895,-1.94565,1.10136,1.16858,2.20139,-2.2649e-05,0.000466447,0.000944175,-8.95673e-05,-0.00030389,-0.00010071,0.000402518,0,0,0,0,0,0,0,-0.204456,26.7383,-24.689,7.47104,0.836199,2.50601,0.0587866,-0.18711,2.1682,-3.00619,1.87633,0.182155,0.908749,0.0554494
1723928,1,-2.75261,-1.32534,1.01105,-1.94698,1.10108,1.16772,2.20139,-2.75266,-1.32422,1.00895,-1.94565,1.10136,1.16858,2.20139,-1.50993e-05,0.000310964,-2.01637e-05,-0.000709396,8.56956e-07,-0.000304499,0.000505704,0,0,0,0,0,0,0,-0.204456,26.7383,-24.6612,7.49881,0.830705,2.51242,0.0523779,-0.185769,2.16817,-3.00772,1.87757,0.182235,0.908889,0.0559565
1723929,1,-2.75261,-1.32534,1.01104,-1.94698,1.10108,1.16772,2.20139,-2.75266,-1.32422,1.00895,-1.94565,1.10136,1.16858,2.20139,-1.00662e-05,0.00020731,-0.000570254,-0.000472984,-0.000202879,-0.000202999,0.00108312,0,0,0,0,0,0,0,-0.204456,26.7383,-24.6374,7.49881,0.836199,2.51242,0.0322363,-0.184804,2.16714,-3.00816,1.87901,0.182324,0.909014,0.0564106
1723930,1,-2.75261,-1.32534,1.01105,-1.94698,1.10108,1.16772,2.20138,-2.75266,-1.32422,1.00895,-1.94565,1.10136,1.16858,2.20139,-6.7108e-06,-0.000511408,0.000176642,0.000334252,0.000271648,0.000339385,-0.000735981,0,0,0,0,0,0,0,-0.204456,26.766,-24.6612,7.47104,0.825212,2.4996,0.071604,-0.184654,2.16595,-3.00765,1.88008,0.182395,0.909103,0.0567873
1723931,1,-2.75261,-1.32534,1.01105,-1.94698,1.10108,1.16772,2.20139,-2.75266,-1.32422,1.00895,-1.94565,1.10136,1.16858,2.20139,0.000552338,0.000308676,0.000767376,-0.000426809,-0.000225802,-1.11023e-05,0.000458782,0,0,0,0,0,0,0,-0.22826,26.7383,-24.689,7.49881,0.836199,2.50601,0.0459692,-0.185828,2.16582,-3.00755,1.88028,0.182412,0.909228,0.0570769
1723932,1,-2.75261,-1.32534,1.01105,-1.94697,1.10108,1.16772,2.20139,-2.75266,-1.32422,1.00895,-1.94565,1.10136,1.16858,2.20139,0.000368225,0.000205784,0.000511584,0.00203549,0.000256366,0.000229957,0.0012892,0,0,0,0,0,0,0,-0.22826,26.7383,-24.689,7.39963,0.825212,2.4996,0.0194189,-0.188593,2.16688,-3.00826,1.8793,0.182338,0.909404,0.0572939
1723933,1,-2.75261,-1.32534,1.01105,-1.94698,1.10108,1.16772,2.20139,-2.75266,-1.32422,1.00895,-1.94565,1.10136,1.16858,2.20139,-0.000311328,0.000137189,0.000341056,-0.000963074,0.000170911,0.000153305,-0.000123878,0,0,0,0,0,0,0,-0.204456,26.7383,-24.689,7.49881,0.825212,2.4996,0.0459692,-0.192014,2.1683,-3.00925,1.87762,0.182206,0.909574,0.057435
1723934,1,-2.75261,-1.32534,1.01105,-1.94698,1.10108,1.16772,2.20139,-2.75266,-1.32422,1.00895,-1.94565,1.10136,1.16858,2.20139,-0.000207552,9.14594e-05,-0.000422243,-0.000642062,0.000113941,-0.000135156,0.000426041,0,0,0,0,0,0,0,-0.204456,26.7383,-24.6612,7.49881,0.825212,2.50601,0.0322363,-0.193791,2.16872,-3.0099,1.87707,0.182165,0.909707,0.0574856
1723935,0.99,-2.75261,-1.32534,1.01105,-1.94698,1.10108,1.16772,2.20139,-2.75266,-1.32422,1.00895,-1.94565,1.10136,1.16858,2.20139,-0.000138368,-0.000588641,0.000368118,0.000778375,-0.000330941,0.000147255,-0.000699317,0,0,0,0,0,0,0,-0.204456,26.766,-24.689,7.44724,0.836199,2.4996,0.0587866,-0.194226,2.16848,-3.01021,1.8775,0.182207,0.909803,0.0574464
1723936,0.98,-2.7526,-1.32534,1.01105,-1.94698,1.10108,1.16772,2.20139,-2.75266,-1.32422,1.00895,-1.94565,1.10136,1.16858,2.20139,0.000464567,0.000257187,0.000245412,-3.79023e-05,-1.71766e-05,-0.000376548,-0.000466211,0,0,0,0,0,0,0,-0.22826,26.7383,-24.689,7.47104,0.830705,2.51242,0.0587866,-0.195278,2.16895,-3.01082,1.87739,0.182212,0.909896,0.0573326
1723937,0.98,-2.75261,-1.32534,1.01105,-1.94698,1.10108,1.16772,2.20139,-2.75266,-1.32422,1.00895,-1.94565,1.10136,1.16858,2.20139,-0.000896715,0.00072827,-0.000486006,0.000531538,-1.14511e-05,0.000223686,0.000435178,0,0,0,0,0,0,0,-0.176685,26.7144,-24.6612,7.44724,0.830705,2.4996,0.038645,-0.196335,2.16907,-3.01114,1.87716,0.182202,0.909961,0.0571786
1723938,0.98,-2.75261,-1.32534,1.01105,-1.94698,1.10108,1.16772,2.20139,-2.75266,-1.32422,1.00895,-1.94565,1.10136,1.16858,2.20139,5.1804e-05,-0.000720913,-0.000324004,-0.000202457,-7.63404e-06,-8.82349e-05,-0.000455867,0,0,0,0,0,0,0,-0.204456,26.766,-24.6612,7.47104,0.830705,2.50601,0.0587866,-0.196417,2.16808,-3.01062,1.87741,0.182229,0.909954,0.0570078
1723939,0.98,-2.7526,-1.32534,1.01105,-1.94698,1.10108,1.16772,2.20139,-2.75266,-1.32422,1.00895,-1.94565,1.10136,1.16858,2.20139,0.00235459,-0.000480609,-0.000216003,-0.0013414,0.000198361,0.000415895,0.000679433,0,0,0,0,0,0,0,-0.303639,26.766,-24.6612,7.52262,0.825212,2.49319,0.0322363,-0.197691,2.16787,-3.01008,1.87731,0.182252,0.909976,0.0568218
1723940,0.98,-2.75261,-1.32534,1.01105,-1.94698,1.10108,1.16772,2.20138,-2.75266,-1.32422,1.00895,-1.94565,1.10136,1.16858,2.20139,-0.000750326,0.000329208,0.000505612,0.000312157,0.000335691,3.99041e-05,-0.00195454,0,0,0,0,0,0,0,-0.204456,26.7383,-24.689,7.47104,0.819719,2.4996,0.0972387,-0.200755,2.16883,-3.0101,1.87669,0.182243,0.910085,0.056625
1723941,0.98,-2.75261,-1.32534,1.01105,-1.94698,1.10107,1.16772,2.20139,-2.75266,-1.32422,1.00895,-1.94565,1.10136,1.16858,2.20139,5.65947e-05,-0.000986954,0.000337075,0.000764915,-0.000590008,2.66028e-05,0.000358484,0,0,0,0,0,0,0,-0.22826,26.7898,-24.689,7.44724,0.841692,2.4996,0.0523779,-0.203301,2.17021,-3.01104,1.87611,0.182226,0.910211,0.0564362
1723942,0.98,-2.75261,-1.32534,1.01105,-1.94698,1.10108,1.16772,2.20139,-2.75266,-1.32422,1.00895,-1.94565,1.10136,1.16858,2.20139,-0.000519082,0.000548457,0.000224717,-4.687e-05,-0.000834148,-0.000219624,1.63056e-06,0,0,0,0,0,0,0,-0.204456,26.7383,-24.689,7.47104,0.853594,2.50601,0.0587866,-0.204654,2.17176,-3.01276,1.87572,0.182222,0.91031,0.0562868
1723943,0.98,-2.75261,-1.32534,1.01105,-1.94698,1.10108,1.16772,2.20139,-2.75266,-1.32422,1.00895,-1.94565,1.10136,1.16858,2.20139,-0.000995669,-0.000283976,0.000706623,-0.000680862,0.000291612,9.09431e-05,0.000238446,0,0,0,0,0,0,0,-0.176685,26.766,-24.7128,7.49881,0.830705,2.4996,0.0523779,-0.203968,2.17241,-3.01469,1.87645,0.182317,0.910387,0.0561872
1723944,0.98,-2.75261,-1.32534,1.01105,-1.94698,1.10108,1.16772,2.20138,-2.75266,-1.32422,1.00895,-1.94565,1.10136,1.16858,2.20139,-0.000663779,0.000460297,-8.573e-05,0.000195706,0.000194408,6.06287e-05,-0.000553113,0,0,0,0,0,0,0,-0.176685,26.7383,-24.689,7.47104,0.830705,2.4996,0.071604,-0.200963,2.17177,-3.01657,1.87857,0.182536,0.910437,0.0561246
1723945,0.98,-2.75261,-1.32534,1.01105,-1.94698,1.10108,1.16772,2.20139,-2.75266,-1.32422,1.00895,-1.94565,1.10136,1.16858,2.20139,0.000207095,0.000306864,-5.71533e-05,0.00013047,-0.000277296,-0.000434299,0.000105976,0,0,0,0,0,0,0,-0.204456,26.7383,-24.689,7.47104,0.841692,2.51242,0.0587866,-0.197801,2.17038,-3.01773,1.88075,0.182766,0.910437,0.0560902
1723946,0.98,-2.75261,-1.32534,1.01106,-1.94698,1.10108,1.16772,2.20139,-2.75266,-1.32422,1.00895,-1.94565,1.10136,1.16858,2.20139,0.000694875,0.000204576,0.00172514,-0.000562634,0.000222037,-0.000289532,0.000816636,0,0,0,0,0,0,0,-0.22826,26.7383,-24.7643,7.49881,0.830705,2.51242,0.038645,-0.196323,2.16942,-3.01884,1.88211,0.182936,0.910473,0.0560853
1723947,0.98,-2.75261,-1.32534,1.01105,-1.94698,1.10108,1.16772,2.20139,-2.75266,-1.32422,1.00895,-1.94565,1.10136,1.16858,2.20139,-9.3562e-05,0.000136384,0.000500476,0.000274524,0.000351475,-0.00066774,3.57976e-05,0,0,0,0,0,0,0,-0.204456,26.7383,-24.7366,7.47104,0.825212,2.52523,0.0523779,-0.196448,2.16975,-3.02116,1.88273,0.183057,0.910637,0.056099
1723948,0.98,-2.75261,-1.32534,1.01105,-1.94698,1.10108,1.16772,2.20138,-2.75266,-1.32422,1.00895,-1.94565,1.10136,1.16858,2.20139,-6.23747e-05,-0.000558691,-0.000223161,-0.000466598,3.08663e-05,-0.000207801,-0.000450853,0,0,0,0,0,0,0,-0.204456,26.766,-24.7128,7.49881,0.830705,2.51882,0.0651953,-0.197133,2.17064,-3.02376,1.88301,0.18316,0.910844,0.056106
1723949,0.98,-2.7526,-1.32534,1.01105,-1.94698,1.10108,1.16772,2.20139,-2.75266,-1.32422,1.00895,-1.94565,1.10136,1.16858,2.20139,0.000515229,0.000277153,-0.000148774,0.000338548,2.05776e-05,-0.000138534,-0.00101265,0,0,0,0,0,0,0,-0.22826,26.7383,-24.7128,7.47104,0.830705,2.51882,0.0844213,-0.19824,2.17138,-3.02539,1.88301,0.183245,0.911013,0.0560999
1723950,0.98,-2.7526,-1.32534,1.01105,-1.94698,1.10108,1.16772,2.20139,-2.75266,-1.32422,1.00895,-1.94565,1.10136,1.16858,2.20139,0.000900298,-0.000464845,-0.000655995,0.00133932,0.000420619,0.000145003,0.000511698,0,0,0,0,0,0,0,-0.252064,26.766,-24.689,7.42344,0.819719,2.51242,0.0523779,-0.201075,2.17228,-3.02584,1.88181,0.18323,0.91114,0.0561012
1723951,0.98,-2.7526,-1.32534,1.01105,-1.94698,1.10108,1.16772,2.20139,-2.75266,-1.32422,1.00895,-1.94565,1.10136,1.16858,2.20139,0.000600199,-0.000309897,0.000119482,-0.000220742,-0.000126488,-0.00014069,0.000341132,0,0,0,0,0,0,0,-0.252064,26.766,-24.7128,7.47104,0.830705,2.51882,0.0523779,-0.205884,2.17387,-3.02571,1.87924,0.183098,0.911257,0.0561287
1723952,0.98,-2.75261,-1.32534,1.01105,-1.94698,1.10108,1.16772,2.20138,-2.75266,-1.32422,1.00895,-1.94565,1.10136,1.16858,2.20139,-0.00136311,0.000443016,7.96548e-05,-0.000796775,0.000119125,0.000380924,-0.000959373,0,0,0,0,0,0,0,-0.176685,26.7383,-24.7128,7.49881,0.825212,2.50601,0.0844213,-0.209148,2.17488,-3.02578,1.87767,0.183032,0.911406,0.0561805
1723953,0.98,-2.75261,-1.32535,1.01105,-1.94698,1.10108,1.16772,2.20139,-2.75266,-1.32422,1.00895,-1.94565,1.10136,1.16858,2.20139,-0.000259123,-0.00035427,-0.000503709,0.00011843,-0.000124034,-0.000220768,-0.000639582,0,0,0,0,0,0,0,-0.204456,26.766,-24.689,7.47104,0.830705,2.51882,0.0844213,-0.208581,2.17407,-3.02595,1.87847,0.183128,0.911558,0.0562552
1723954,0.98,-2.7526,-1.32534,1.01105,-1.94698,1.10108,1.16772,2.20138,-2.75266,-1.32422,1.00895,-1.94565,1.10136,1.16858,2.20139,0.000940875,-0.00023618,-0.000335806,7.89534e-05,-0.00028614,-0.000147179,-0.000663747,0,0,0,0,0,0,0,-0.252064,26.766,-24.689,7.47104,0.836199,2.51882,0.09083,-0.207443,2.17296,-3.02594,1.8796,0.18324,0.911706,0.0563681
1723955,0.98,-2.7526,-1.32535,1.01105,-1.94698,1.10108,1.16772,2.20138,-2.75266,-1.32422,1.00895,-1.94565,1.10136,1.16858,2.20139,0.00062725,-0.000714265,-0.000223871,-0.000596978,1.26907e-05,0.00013924,-0.000679857,0,0,0,0,0,0,0,-0.252064,26.7898,-24.689,7.49881,0.830705,2.51242,0.0972387,-0.208432,2.17306,-3.02602,1.87965,0.18327,0.911908,0.05654
1723956,0.98,-2.7526,-1.32534,1.01105,-1.94698,1.10108,1.16772,2.20138,-2.75266,-1.32422,1.00895,-1.94565,1.10136,1.16858,2.20139,-0.000138645,8.06351e-05,-0.000149247,0.000251628,8.46048e-06,9.28265e-05,2.14799e-05,0,0,0,0,0,0,0,-0.22826,26.766,-24.689,7.47104,0.830705,2.51242,0.0844213,-0.210284,2.17385,-3.02643,1.87935,0.183278,0.91216,0.0567904
1723957,0.98,-2.7526,-1.32534,1.01105,-1.94698,1.10108,1.16772,2.20138,-2.75266,-1.32422,1.00895,-1.94565,1.10136,1.16858,2.20139,-9.24301e-05,5.37568e-05,-9.9498e-05,0.000724564,0.000412541,-0.000175475,1.43199e-05,0,0,0,0,0,0,0,-0.22826,26.766,-24.689,7.44724,0.819719,2.51882,0.0844213,-0.211587,2.17441,-3.02694,1.87915,0.183282,0.912403,0.0571275
1723958,0.98,-2.7526,-1.32534,1.01105,-1.94698,1.10108,1.16772,2.20138,-2.75266,-1.32422,1.00895,-1.94565,1.10136,1.16858,2.20139,-6.16201e-05,0.000685452,0.00049048,0.000483043,-0.000131873,0.000120376,9.5466e-06,0,0,0,0,0,0,0,-0.22826,26.7383,-24.7128,7.44724,0.830705,2.51242,0.0844213,-0.212262,2.17448,-3.02753,1.87897,0.183261,0.912631,0.057541
1723959,0.98,-2.75261,-1.32534,1.01105,-1.94698,1.10108,1.16772,2.20138,-2.75266,-1.32422,1.00895,-1.94565,1.10136,1.16858,2.20139,-4.10801e-05,0.00101378,0.000883799,-0.00144121,-0.000291366,8.02506e-05,-0.000943071,0,0,0,0,0,0,0,-0.22826,26.7144,-24.7366,7.52262,0.836199,2.51242,0.110056,-0.211627,2.17366,-3.02853,1.87968,0.183279,0.9129,0.0580171
1723960,0.98,-2.75261,-1.32535,1.01105,-1.94698,1.10107,1.16772,2.20138,-2.75266,-1.32422,1.00895,-1.94565,1.10136,1.16858,2.20139,-2.73867e-05,-0.000530573,3.23871e-05,-0.000403994,-0.000397695,5.35004e-05,0.00055808,0,0,0,0,0,0,0,-0.22826,26.766,-24.7128,7.49881,0.841692,2.51242,0.0780126,-0.209486,2.17215,-3.0301,1.88175,0.1834,0.913234,0.0585513
1723961,0.98,-2.75261,-1.32534,1.01105,-1.94698,1.10107,1.16772,2.20138,-2.75266,-1.32422,1.00895,-1.94565,1.10136,1.16858,2.20139,-1.82578e-05,-0.000353715,0.0061509,-0.00026933,-0.00026513,0.000273026,0.000609413,0,0,0,0,0,0,0,-0.22826,26.766,-24.7128,7.49881,0.841692,2.50601,0.071604,-0.207315,2.17295,-3.0349,1.88397,0.183563,0.913764,0.0591401
1723962,0.98,-2.7526,-1.32534,1.01105,-1.94698,1.10108,1.16772,2.20138,-2.75266,-1.32422,1.00895,-1.94565,1.10136,1.16858,2.20139,0.00119425,0.000970616,0.00516819,-0.000179553,2.66974e-05,0.000182017,0.000406275,0,0,0,0,0,0,0,-0.279835,26.7144,-24.7366,7.49881,0.836199,2.50601,0.071604,-0.206275,2.17818,-3.04601,1.88538,0.183687,0.914681,0.0597635
1723963,0.98,-2.75261,-1.32534,1.01105,-1.94698,1.10108,1.16772,2.20138,-2.75266,-1.32422,1.00895,-1.94565,1.10136,1.16858,2.20139,-0.000410257,0.000647077,0.00327173,-0.000119702,0.00062815,-0.000353373,-0.000678586,0,0,0,0,0,0,0,-0.22826,26.7144,-24.7128,7.49881,0.819719,2.51882,0.0972387,-0.20603,2.18511,-3.06024,1.88634,0.183769,0.915795,0.0603894
1723964,0.98,-2.7526,-1.32534,1.01105,-1.94698,1.10108,1.16772,2.20139,-2.75266,-1.32422,1.00895,-1.94565,1.10136,1.16858,2.20139,-0.000273504,-0.000125427,0.00126204,-7.98013e-05,-0.000191585,-0.000235582,0.00144648,0,0,0,0,0,0,0,-0.22826,26.7383,-24.6612,7.49881,0.836199,2.51882,0.0459692,-0.205413,2.1903,-3.07215,1.88746,0.183862,0.91673,0.0609989
1723965,0.98,-2.7526,-1.32534,1.01105,-1.94698,1.10107,1.16772,2.20138,-2.75266,-1.32422,1.00895,-1.94565,1.10136,1.16858,2.20139,0.000374476,-0.000733232,0.00170646,-5.32009e-05,-0.000331174,8.03042e-05,0.000252244,0,0,0,0,0,0,0,-0.252064,26.766,-24.689,7.49881,0.841692,2.51242,0.0651953,-0.204998,2.19372,-3.08003,1.88838,0.183965,0.917368,0.0615763
1723966,0.98,-2.75261,-1.32534,1.01105,-1.94698,1.10108,1.16772,2.20139,-2.75266,-1.32422,1.00895,-1.94565,1.10136,1.16858,2.20139,-0.000863973,0.000160793,0.00241287,-3.54673e-05,0.000389569,-0.000183823,0.000405522,0,0,0,0,0,0,0,-0.204456,26.7383,-24.7366,7.49881,0.825212,2.51882,0.0587866,-0.205186,2.19637,-3.08515,1.88889,0.184063,0.917811,0.0620953
1723967,0.98,-2.75261,-1.32534,1.01106,-1.94698,1.10108,1.16772,2.20138,-2.75266,-1.32422,1.00895,-1.94565,1.10136,1.16858,2.20139,-0.000575982,0.000107195,0.00293622,0.00118278,0.000463163,0.00011481,-0.000441729,0,0,0,0,0,0,0,-0.204456,26.7383,-24.7881,7.44724,0.819719,2.51242,0.0780126,-0.204844,2.19831,-3.08921,1.88941,0.18416,0.918158,0.0625436
1723968,0.98,-2.75261,-1.32534,1.01105,-1.94698,1.10108,1.16772,2.20139,-2.75266,-1.32422,1.00895,-1.94565,1.10136,1.16858,2.20139,0.000172824,-0.000578151,-0.000271664,-0.000417905,-9.81256e-05,-0.000398178,0.00065495,0,0,0,0,0,0,0,-0.22826,26.766,-24.689,7.49881,0.830705,2.52523,0.0523779,-0.204595,2.19941,-3.09171,1.88963,0.18422,0.918389,0.0629241
1723969,0.98,-2.75261,-1.32535,1.01105,-1.94698,1.10108,1.16772,2.20139,-2.75266,-1.32422,1.00895,-1.94565,1.10136,1.16858,2.20139,-0.00109121,-0.000385434,0.00100069,0.00037101,-0.000268868,0.000209266,0.000945259,0,0,0,0,0,0,0,-0.176685,26.766,-24.7366,7.47104,0.836199,2.51242,0.038645,-0.204772,2.19923,-3.09137,1.88969,0.184269,0.918446,0.063241
1723970,0.98,-2.75261,-1.32534,1.01106,-1.94698,1.10108,1.16772,2.20139,-2.75266,-1.32422,1.00895,-1.94565,1.10136,1.16858,2.20139,-0.000727473,0.000392658,0.00136788,-0.000402274,0.000227656,-9.78482e-05,-0.000115812,0,0,0,0,0,0,0,-0.176685,26.7383,-24.7643,7.49881,0.825212,2.51882,0.0587866,-0.203899,2.19756,-3.08928,1.89044,0.184366,0.918394,0.063488
1723971,0.98,-2.75261,-1.32534,1.01105,-1.94698,1.10108,1.16772,2.20139,-2.75266,-1.32422,1.00895,-1.94565,1.10136,1.16858,2.20139,0.000164632,0.000261772,-0.000812967,-0.000268182,-5.16799e-05,0.000172127,-7.72082e-05,0,0,0,0,0,0,0,-0.204456,26.7383,-24.689,7.49881,0.830705,2.51242,0.0587866,-0.202159,2.19429,-3.08587,1.89189,0.184494,0.918281,0.0636543
1723972,0.98,-2.75261,-1.32534,1.01106,-1.94698,1.10108,1.16772,2.20139,-2.75266,-1.32422,1.00895,-1.94565,1.10136,1.16858,2.20139,-0.000539859,0.000731327,0.00125002,0.000470826,-0.000237904,-0.000597326,0.00116923,0,0,0,0,0,0,0,-0.176685,26.7144,-24.7643,7.47104,0.836199,2.53164,0.0258276,-0.200856,2.18975,-3.08084,1.8933,0.184594,0.918104,0.063746
1723973,0.98,-2.75261,-1.32535,1.01106,-1.94698,1.10108,1.16772,2.20139,-2.75266,-1.32422,1.00895,-1.94565,1.10136,1.16858,2.20139,0.000289708,-0.00127569,0.00141173,-0.00033573,4.4848e-05,-0.000160858,3.35021e-05,0,0,0,0,0,0,0,-0.204456,26.7898,-24.7881,7.49881,0.830705,2.52523,0.0459692,-0.200552,2.18615,-3.07661,1.89407,0.184641,0.918002,0.0637663
1723974,0.98,-2.75261,-1.32534,1.01106,-1.94698,1.10108,1.16772,2.20139,-2.75266,-1.32422,1.00895,-1.94565,1.10136,1.16858,2.20139,0.000193138,-0.000293646,0.000400523,-0.000780632,0.000233349,0.00013012,2.23347e-05,0,0,0,0,0,0,0,-0.204456,26.766,-24.7643,7.52262,0.825212,2.51882,0.0459692,-0.20153,2.18488,-3.07451,1.89417,0.18466,0.918067,0.0637025
1723975,0.97,-2.75261,-1.32534,1.01105,-1.94698,1.10108,1.16772,2.20139,-2.75266,-1.32422,1.00895,-1.94565,1.10136,1.16858,2.20139,0.000128759,0.00101066,-0.000370464,-0.000520421,-0.000251335,8.67468e-05,0.00123559,0,0,0,0,0,0,0,-0.204456,26.7144,-24.7366,7.52262,0.836199,2.51882,0.0130102,-0.202823,2.18357,-3.07224,1.89439,0.184688,0.918162,0.0635582
1723976,0.97,-2.75261,-1.32534,1.01106,-1.94698,1.10108,1.16772,2.20139,-2.75266,-1.32422,1.00895,-1.94565,1.10136,1.16858,2.20139,-0.000563775,-0.000532651,0.000968551,0.00141629,0.000442795,5.78312e-05,-0.000125707,0,0,0,0,0,0,0,-0.176685,26.766,-24.7881,7.44724,0.819719,2.51882,0.038645,-0.203767,2.18114,-3.06904,1.89472,0.184698,0.918195,0.0633361
1723977,0.97,-2.75261,-1.32534,1.01105,-1.94698,1.10108,1.16772,2.20139,-2.75266,-1.32422,1.00895,-1.94565,1.10136,1.16858,2.20139,0.000273764,-0.000355101,-0.000553899,0.000387382,9.17461e-05,3.85541e-05,-0.000355072,0,0,0,0,0,0,0,-0.204456,26.766,-24.7366,7.47104,0.825212,2.51882,0.0459692,-0.205382,2.17951,-3.06627,1.89403,0.18462,0.918209,0.0630235
1723978,0.97,-2.75261,-1.32534,1.01105,-1.94698,1.10108,1.16772,2.20139,-2.75266,-1.32422,1.00895,-1.94565,1.10136,1.16858,2.20139,0.000182509,-0.000236734,-0.000920959,0.000815066,-0.000142286,2.57028e-05,0.00050927,0,0,0,0,0,0,0,-0.204456,26.766,-24.7128,7.44724,0.830705,2.51882,0.0258276,-0.208191,2.17869,-3.06333,1.89226,0.184459,0.918189,0.0626312
1723979,0.97,-2.75261,-1.32534,1.01106,-1.94698,1.10108,1.16772,2.20139,-2.75266,-1.32422,1.00895,-1.94565,1.10136,1.16858,2.20139,-0.000527941,0.0010486,-5.33212e-05,-0.00121986,-0.000298308,0.000254494,0.000102155,0,0,0,0,0,0,0,-0.176685,26.7144,-24.7366,7.52262,0.836199,2.51242,0.0322363,-0.21033,2.1768,-3.05951,1.89104,0.184327,0.918121,0.0621853
1723980,0.97,-2.7526,-1.32534,1.01106,-1.94698,1.10108,1.16771,2.20139,-2.75266,-1.32422,1.00895,-1.94565,1.10136,1.16858,2.20139,0.000854465,-0.00106417,0.000616946,-0.000256428,0.000411479,-0.000305055,-0.000677882,0,0,0,0,0,0,0,-0.22826,26.7898,-24.7643,7.49881,0.819719,2.52523,0.0523779,-0.210836,2.17423,-3.05636,1.8912,0.184292,0.918123,0.0616967
1723981,0.97,-2.75261,-1.32534,1.01106,-1.94698,1.10108,1.16772,2.20139,-2.75266,-1.32422,1.00895,-1.94565,1.10136,1.16858,2.20139,1.28315e-05,0.00049698,0.000413457,-0.000170952,-0.000336032,3.39888e-05,0.000531423,0,0,0,0,0,0,0,-0.204456,26.7383,-24.7643,7.49881,0.836199,2.51882,0.0258276,-0.211458,2.17297,-3.05518,1.89155,0.184277,0.918273,0.061175
1723982,0.97,-2.75261,-1.32535,1.01106,-1.94698,1.10108,1.16772,2.20139,-2.75266,-1.32422,1.00895,-1.94565,1.10136,1.16858,2.20139,0.000565366,-0.000318294,0.00083407,-0.00067078,-2.05708e-05,0.000260018,0.000116923,0,0,0,0,0,0,0,-0.22826,26.766,-24.7881,7.52262,0.830705,2.51242,0.0322363,-0.212375,2.1728,-3.05553,1.89179,0.184251,0.918525,0.0606367
1723983,0.97,-2.75261,-1.32534,1.01106,-1.94698,1.10108,1.16772,2.20138,-2.75266,-1.32422,1.00895,-1.94565,1.10136,1.16858,2.20139,-0.000179901,0.000437418,-0.000649165,0.000109625,0.000393187,-0.000301372,-0.00138011,0,0,0,0,0,0,0,-0.204456,26.7383,-24.7366,7.49881,0.819719,2.52523,0.071604,-0.212905,2.17255,-3.05627,1.8923,0.184239,0.918791,0.0600841
1723984,0.97,-2.75261,-1.32534,1.01106,-1.94698,1.10108,1.16772,2.20139,-2.75266,-1.32422,1.00895,-1.94565,1.10136,1.16858,2.20139,-0.000769548,-0.000358002,0.000217749,7.30835e-05,-0.000348227,3.6444e-05,2.93601e-05,0,0,0,0,0,0,0,-0.176685,26.766,-24.7643,7.49881,0.836199,2.51882,0.0459692,-0.212596,2.17171,-3.05661,1.89309,0.18424,0.918992,0.0595304
1723985,0.97,-2.75261,-1.32534,1.01106,-1.94698,1.10108,1.16772,2.20139,-2.75266,-1.32422,1.00895,-1.94565,1.10136,1.16858,2.20139,0.000136582,-0.000238668,0.000145849,-0.00050809,-2.87007e-05,2.4296e-05,0.000290841,0,0,0,0,0,0,0,-0.204456,26.766,-24.7643,7.52262,0.830705,2.51882,0.038645,-0.21136,2.17081,-3.05711,1.8942,0.184267,0.91916,0.0590075
1723986,0.97,-2.75261,-1.32534,1.01106,-1.94698,1.10108,1.16772,2.20139,-2.75266,-1.32422,1.00895,-1.94565,1.10136,1.16858,2.20139,-0.00111537,0.000490502,9.77453e-05,0.000218086,-0.000222584,-0.000221162,-0.000314732,0,0,0,0,0,0,0,-0.152882,26.7383,-24.7643,7.49881,0.836199,2.52523,0.0523779,-0.209441,2.16997,-3.05805,1.89564,0.184324,0.919336,0.0585249
1723987,0.97,-2.75261,-1.32535,1.01105,-1.94698,1.10108,1.16772,2.20138,-2.75266,-1.32422,1.00895,-1.94565,1.10136,1.16858,2.20139,-0.000186769,-0.000322613,-0.000584066,0.00014539,5.5061e-05,8.99179e-05,-0.00139662,0,0,0,0,0,0,0,-0.176685,26.766,-24.7366,7.49881,0.830705,2.51882,0.0844213,-0.206901,2.16863,-3.05871,1.89729,0.184395,0.919476,0.0580756
1723988,0.97,-2.75261,-1.32534,1.01106,-1.94698,1.10107,1.16772,2.20139,-2.75266,-1.32422,1.00895,-1.94565,1.10136,1.16858,2.20139,0.000525101,0.000434539,0.000260525,0.000746541,-0.000370194,-0.000177414,-0.000219001,0,0,0,0,0,0,0,-0.204456,26.7383,-24.7643,7.47104,0.841692,2.52523,0.0651953,-0.205402,2.16756,-3.05902,1.89817,0.184412,0.919596,0.0576731
1723989,0.97,-2.75261,-1.32534,1.01106,-1.94699,1.10108,1.16772,2.20139,-2.75266,-1.32422,1.00895,-1.94565,1.10136,1.16858,2.20139,0.000350068,0.000289693,0.000730711,-0.00126554,0.000567006,0.000356442,9.13585e-05,0,0,0,0,0,0,0,-0.204456,26.7383,-24.7881,7.54642,0.819719,2.51242,0.0587866,-0.205511,2.16721,-3.05971,1.89828,0.184375,0.91978,0.0573487
1723990,0.97,-2.75261,-1.32535,1.01106,-1.94698,1.10108,1.16772,2.20139,-2.75266,-1.32422,1.00895,-1.94565,1.10136,1.16858,2.20139,-0.000416236,-0.0010133,0.00113692,-0.000286884,-2.88969e-05,0.000237628,0.00104425,0,0,0,0,0,0,0,-0.176685,26.7898,-24.8159,7.52262,0.830705,2.51242,0.0322363,-0.205627,2.16777,-3.06192,1.89874,0.18438,0.920086,0.0571104
1723991,0.97,-2.75261,-1.32534,1.01106,-1.94698,1.10108,1.16772,2.20138,-2.75266,-1.32422,1.00895,-1.94565,1.10136,1.16858,2.20139,0.000372124,0.00173732,-0.00044836,0.00101517,0.000184186,0.000158419,-0.00171133,0,0,0,0,0,0,0,-0.204456,26.6867,-24.7643,7.47104,0.825212,2.51242,0.0972387,-0.205516,2.16872,-3.06484,1.89929,0.184395,0.920415,0.0569302
1723992,0.97,-2.75261,-1.32534,1.01106,-1.94698,1.10108,1.16772,2.20139,-2.75266,-1.32422,1.00895,-1.94565,1.10136,1.16858,2.20139,-0.000401532,-0.000697826,0.000257997,0.00067678,-8.06599e-05,-0.000131746,0.000520625,0,0,0,0,0,0,0,-0.176685,26.766,-24.7881,7.47104,0.830705,2.51882,0.0523779,-0.205914,2.16899,-3.06668,1.89918,0.184334,0.92063,0.0567911
1723993,0.97,-2.75261,-1.32534,1.01106,-1.94698,1.10108,1.16772,2.20139,-2.75266,-1.32422,1.00895,-1.94565,1.10136,1.16858,2.20139,-0.00147411,0.000184396,0.00082168,0.000451187,0.000353128,0.000149528,0.000109724,0,0,0,0,0,0,0,-0.125111,26.7383,-24.8159,7.47104,0.819719,2.51242,0.0587866,-0.205763,2.1692,-3.06852,1.89892,0.18426,0.920779,0.0567058
1723994,0.97,-2.75261,-1.32534,1.01106,-1.94698,1.10108,1.16772,2.20139,-2.75266,-1.32422,1.00895,-1.94565,1.10136,1.16858,2.20139,0.000873297,-0.000526683,-0.000658588,-0.000905635,-0.000171483,-0.000137674,0.00105649,0,0,0,0,0,0,0,-0.204456,26.766,-24.7643,7.52262,0.830705,2.51882,0.0322363,-0.204555,2.16964,-3.07091,1.89922,0.184243,0.920926,0.0566701
1723995,0.97,-2.75261,-1.32534,1.01106,-1.94698,1.10108,1.16771,2.20139,-2.75266,-1.32422,1.00895,-1.94565,1.10136,1.16858,2.20139,-6.74157e-05,-0.000351122,0.000117792,-4.69446e-05,-0.000114322,-0.000329141,-0.000991092,0,0,0,0,0,0,0,-0.176685,26.766,-24.7881,7.49881,0.830705,2.52523,0.0780126,-0.203987,2.17022,-3.07291,1.8996,0.18424,0.921075,0.0566522
1723996,0.97,-2.75261,-1.32534,1.01106,-1.94698,1.10108,1.16772,2.20138,-2.75266,-1.32422,1.00895,-1.94565,1.10136,1.16858,2.20139,-0.00125137,-0.000234081,0.000728171,-0.000588108,0.000127236,1.79314e-05,-0.00184752,0,0,0,0,0,0,0,-0.125111,26.766,-24.8159,7.52262,0.825212,2.51882,0.110056,-0.203284,2.17097,-3.07508,1.90028,0.184262,0.921251,0.0566377
1723997,0.97,-2.75261,-1.32534,1.01106,-1.94698,1.10108,1.16772,2.20138,-2.75266,-1.32422,1.00895,-1.94565,1.10136,1.16858,2.20139,-0.000184632,0.00049356,-0.000720957,0.000814354,8.4824e-05,0.000249313,-4.4887e-05,0,0,0,0,0,0,0,-0.152882,26.7383,-24.7643,7.47104,0.825212,2.51242,0.0780126,-0.201134,2.17103,-3.07733,1.90161,0.18432,0.921408,0.0566597
1723998,0.97,-2.75261,-1.32534,1.01106,-1.94698,1.10107,1.16772,2.20138,-2.75266,-1.32422,1.00895,-1.94565,1.10136,1.16858,2.20139,0.000433724,0.00153547,-0.000480622,-0.000663523,-0.000553802,-7.11502e-05,-0.000742001,0,0,0,0,0,0,0,-0.176685,26.6867,-24.7643,7.52262,0.841692,2.51882,0.0972387,-0.198924,2.16942,-3.0779,1.90294,0.184343,0.921465,0.0567621
1723999,0.97,-2.75261,-1.32534,1.01106,-1.94698,1.10108,1.16772,2.20138,-2.75266,-1.32422,1.00895,-1.94565,1.10136,1.16858,2.20139,0.000289149,-0.000182782,0.00023641,-0.000442349,-0.000165751,-4.74334e-05,-1.99498e-05,0,0,0,0,0,0,0,-0.176685,26.7383,-24.7881,7.52262,0.836199,2.51882,0.0844213,-0.197477,2.16667,-3.07718,1.90417,0.184337,0.921486,0.0569592
1724000,0.97,-2.75261,-1.32534,1.01106,-1.94699,1.10108,1.16772,2.20138,-2.75266,-1.32422,1.00895,-1.94565,1.10136,1.16858,2.20139,-0.000364046,-0.000121855,0.000157616,-0.000851711,9.29499e-05,0.000205737,-1.32999e-05,0,0,0,0,0,0,0,-0.152882,26.7383,-24.7881,7.54642,0.830705,2.51242,0.0844213,-0.196377,2.16469,-3.07729,1.90546,0.184359,0.92158,0.0572481
1724001,0.97,-2.75261,-1.32534,1.01106,-1.94698,1.10108,1.16772,2.20138,-2.75266,-1.32422,1.00895,-1.94565,1.10136,1.16858,2.20139,0.000314115,-8.12365e-05,-0.000451728,-1.09956e-05,-0.000141484,-0.000100201,-8.86657e-06,0,0,0,0,0,0,0,-0.176685,26.7383,-24.7643,7.52262,0.836199,2.51882,0.0844213,-0.195459,2.16388,-3.07836,1.90662,0.184406,0.921718,0.0576161
1724002,0.97,-2.75261,-1.32534,1.01106,-1.94698,1.10108,1.16772,2.20138,-2.75266,-1.32422,1.00895,-1.94565,1.10136,1.16858,2.20139,-0.000997016,-5.41577e-05,0.000905279,-7.33037e-06,-9.43226e-05,0.000170558,0.000231448,0,0,0,0,0,0,0,-0.125111,26.7383,-24.8159,7.52262,0.836199,2.51242,0.0780126,-0.19461,2.16377,-3.08002,1.90752,0.184454,0.92186,0.058046
1724003,0.97,-2.75261,-1.32534,1.01106,-1.94698,1.10108,1.16772,2.20138,-2.75266,-1.32422,1.00895,-1.94565,1.10136,1.16858,2.20139,-1.50635e-05,-3.61051e-05,-4.60908e-05,-4.88691e-06,-6.28817e-05,-0.000123654,-8.30603e-05,0,0,0,0,0,0,0,-0.152882,26.7383,-24.7881,7.52262,0.836199,2.51882,0.0844213,-0.19338,2.16423,-3.08252,1.90833,0.18451,0.922015,0.0585216
1724004,0.97,-2.75261,-1.32534,1.01106,-1.94698,1.10108,1.16772,2.20138,-2.75266,-1.32422,1.00895,-1.94565,1.10136,1.16858,2.20139,-1.00423e-05,0.000532742,0.00061889,0.000553554,-4.19212e-05,-0.000319795,-0.000292733,0,0,0,0,0,0,0,-0.152882,26.7144,-24.8159,7.49881,0.836199,2.52523,0.09083,-0.192402,2.16495,-3.08534,1.9088,0.184546,0.922173,0.0590272
1724005,0.97,-2.75261,-1.32534,1.01106,-1.94698,1.10108,1.16772,2.20138,-2.75266,-1.32422,1.00895,-1.94565,1.10136,1.16858,2.20139,0.000550117,0.000355161,-0.000793831,0.000369036,0.000378954,-0.000213196,4.22039e-05,0,0,0,0,0,0,0,-0.176685,26.7144,-24.7643,7.49881,0.825212,2.52523,0.0844213,-0.192658,2.16553,-3.08751,1.90847,0.184518,0.922304,0.0595554
1724006,0.97,-2.75261,-1.32534,1.01106,-1.94698,1.10108,1.16772,2.20138,-2.75266,-1.32422,1.00895,-1.94565,1.10136,1.16858,2.20139,-0.000190067,-0.000320038,2.75932e-05,0.000246024,4.91852e-05,-0.000142131,0.000265495,0,0,0,0,0,0,0,-0.152882,26.7383,-24.7881,7.49881,0.830705,2.52523,0.0780126,-0.193939,2.16594,-3.08878,1.90751,0.184445,0.922396,0.0601034
1724007,0.97,-2.75261,-1.32534,1.01106,-1.94698,1.10108,1.16772,2.20138,-2.75266,-1.32422,1.00895,-1.94565,1.10136,1.16858,2.20139,0.00107971,-0.000862972,0.00122482,-0.000392796,0.000236241,0.000142605,-0.0010098,0,0,0,0,0,0,0,-0.204456,26.766,-24.8397,7.52262,0.825212,2.51882,0.110056,-0.195984,2.16749,-3.09077,1.90617,0.184362,0.922558,0.0606628
1724008,0.97,-2.75261,-1.32534,1.01106,-1.94698,1.10108,1.16771,2.20138,-2.75266,-1.32422,1.00895,-1.94565,1.10136,1.16858,2.20139,7.01957e-05,0.000631111,0.000259737,-0.000261864,-0.000249407,-0.000142289,0.000513596,0,0,0,0,0,0,0,-0.176685,26.7144,-24.8159,7.52262,0.836199,2.52523,0.0780126,-0.198372,2.17023,-3.09423,1.90489,0.184291,0.922851,0.0612357
1724009,0.97,-2.75261,-1.32534,1.01106,-1.94698,1.10108,1.16772,2.20138,-2.75266,-1.32422,1.00895,-1.94565,1.10136,1.16858,2.20139,-0.00115963,0.000420741,-0.00103327,-0.000174576,3.7179e-05,-9.48593e-05,-0.000132321,0,0,0,0,0,0,0,-0.125111,26.7144,-24.7643,7.52262,0.830705,2.52523,0.09083,-0.198899,2.1713,-3.09694,1.90486,0.184298,0.923103,0.061833
1724010,0.97,-2.75261,-1.32534,1.01106,-1.94699,1.10108,1.16772,2.20138,-2.75266,-1.32422,1.00895,-1.94565,1.10136,1.16858,2.20139,-0.000773086,0.000280494,0.000517582,-0.000673196,2.4786e-05,0.000174119,0.000623863,0,0,0,0,0,0,0,-0.125111,26.7144,-24.8159,7.54642,0.830705,2.51882,0.071604,-0.196097,2.16959,-3.09806,1.90674,0.184434,0.923228,0.062449
1724011,0.97,-2.75261,-1.32534,1.01106,-1.94699,1.10107,1.16772,2.20139,-2.75266,-1.32422,1.00895,-1.94565,1.10136,1.16858,2.20139,0.000691035,-0.000369816,-0.000304559,-0.000448797,-0.000593828,0.00011608,0.00258605,0,0,0,0,0,0,0,-0.176685,26.7383,-24.7881,7.54642,0.847185,2.51882,0.0130102,-0.192244,2.16737,-3.09907,1.90931,0.184627,0.923342,0.0630623
1724012,0.97,-2.75261,-1.32534,1.01106,-1.94699,1.10108,1.16772,2.20138,-2.75266,-1.32422,1.00895,-1.94565,1.10136,1.16858,2.20139,0.0011103,-0.000896158,0.000446575,-0.000299198,1.1016e-05,-0.000159973,-0.000683466,0,0,0,0,0,0,0,-0.204456,26.766,-24.8159,7.54642,0.836199,2.52523,0.0780126,-0.190881,2.16705,-3.10078,1.91067,0.184749,0.923538,0.0636217
1724013,0.97,-2.75261,-1.32534,1.01106,-1.94699,1.10108,1.16772,2.20139,-2.75266,-1.32422,1.00895,-1.94565,1.10136,1.16858,2.20139,9.05888e-05,0.000608987,0.000297717,0.000357346,0.000210795,0.000130711,0.000731151,0,0,0,0,0,0,0,-0.176685,26.7144,-24.8159,7.52262,0.830705,2.51882,0.0459692,-0.192192,2.16853,-3.10316,1.91053,0.18477,0.923801,0.0640779
1724014,0.97,-2.75261,-1.32534,1.01106,-1.94698,1.10108,1.16772,2.20138,-2.75266,-1.32422,1.00895,-1.94565,1.10136,1.16858,2.20139,6.03926e-05,0.000405991,0.000198478,0.000795043,-6.29208e-05,-0.000387577,-0.00117408,0,0,0,0,0,0,0,-0.176685,26.7144,-24.8159,7.49881,0.836199,2.53164,0.09083,-0.193863,2.1698,-3.10546,1.90993,0.184741,0.924048,0.0644314
1724015,0.97,-2.75261,-1.32534,1.01106,-1.94699,1.10108,1.16771,2.20139,-2.75266,-1.32422,1.00895,-1.94565,1.10136,1.16858,2.20139,4.02617e-05,-0.000286151,0.000689131,-0.000583595,0.000161503,-2.10261e-05,0.0020995,0,0,0,0,0,0,0,-0.176685,26.7383,-24.8397,7.54642,0.830705,2.52523,0.0130102,-0.194831,2.17046,-3.10769,1.90954,0.184717,0.924272,0.0647053
1724016,0.97,-2.75261,-1.32534,1.01106,-1.94699,1.10108,1.16771,2.20139,-2.75266,-1.32422,1.00895,-1.94565,1.10136,1.16858,2.20139,-0.000529971,0.000366045,-0.00130382,0.000167748,0.000107669,-0.000251376,-5.83977e-05,0,0,0,0,0,0,0,-0.152882,26.7144,-24.7643,7.52262,0.830705,2.53164,0.0523779,-0.19467,2.17045,-3.10961,1.90985,0.184754,0.924471,0.0649065
1724017,0.97,-2.75261,-1.32534,1.01106,-1.94699,1.10108,1.16771,2.20139,-2.75266,-1.32422,1.00895,-1.94565,1.10136,1.16858,2.20139,-0.000353314,-0.000962396,-0.000312399,-0.00100179,-0.000131671,6.97747e-05,-0.000276291,0,0,0,0,0,0,0,-0.152882,26.766,-24.7881,7.57022,0.836199,2.52523,0.0587866,-0.193126,2.16933,-3.11038,1.9111,0.184873,0.924595,0.0650143
1724018,0.97,-2.75261,-1.32534,1.01106,-1.94698,1.10108,1.16771,2.20138,-2.75266,-1.32422,1.00895,-1.94565,1.10136,1.16858,2.20139,-0.000885157,8.01652e-06,-0.000208266,0.000445763,0.00011567,-0.000190842,-0.000421553,0,0,0,0,0,0,0,-0.125111,26.7383,-24.7881,7.52262,0.830705,2.53164,0.0651953,-0.19058,2.16798,-3.11088,1.91296,0.18505,0.924701,0.065028
1724019,0.97,-2.75261,-1.32534,1.01106,-1.94698,1.10108,1.16771,2.20139,-2.75266,-1.32422,1.00895,-1.94565,1.10136,1.16858,2.20139,0.00126594,5.34435e-06,0.00051077,0.000297175,7.71131e-05,-0.000127228,0.000939668,0,0,0,0,0,0,0,-0.204456,26.7383,-24.8159,7.52262,0.830705,2.53164,0.0322363,-0.188711,2.1674,-3.11198,1.91432,0.18518,0.924862,0.0649779
1724020,0.97,-2.75261,-1.32534,1.01106,-1.94699,1.10108,1.16771,2.20139,-2.75266,-1.32422,1.00895,-1.94565,1.10136,1.16858,2.20139,0.000194343,3.5629e-06,-0.000309101,0.000198117,0.00045831,0.00015254,0.000626445,0,0,0,0,0,0,0,-0.176685,26.7383,-24.7881,7.52262,0.819719,2.52523,0.0322363,-0.18912,2.16782,-3.11341,1.91434,0.185185,0.925093,0.0648774
1724021,0.97,-2.75261,-1.32534,1.01106,-1.94699,1.10108,1.16772,2.20139,-2.75266,-1.32422,1.00895,-1.94565,1.10136,1.16858,2.20139,-0.00042725,-0.000647239,-0.000206067,-0.000424734,-0.000304812,0.000339052,0.000180271,0,0,0,0,0,0,0,-0.152882,26.766,-24.7881,7.54642,0.836199,2.51882,0.038645,-0.190203,2.16854,-3.11482,1.91406,0.185153,0.925347,0.0647141
1724022,0.97,-2.75261,-1.32534,1.01106,-1.94699,1.10108,1.16772,2.20139,-2.75266,-1.32422,1.00895,-1.94565,1.10136,1.16858,2.20139,0.000271979,0.000774933,-0.000137378,-0.000283156,-0.000203208,-1.13241e-05,0.000120181,0,0,0,0,0,0,0,-0.176685,26.7144,-24.7881,7.54642,0.836199,2.52523,0.038645,-0.190097,2.1686,-3.11593,1.9146,0.185174,0.925585,0.0644775
1724023,0.97,-2.75261,-1.32534,1.01106,-1.94699,1.10107,1.16772,2.20139,-2.75266,-1.32422,1.00895,-1.94565,1.10136,1.16858,2.20139,-0.000375493,0.000516622,0.00111484,-0.000745583,-0.000338922,-7.54937e-06,0.000792197,0,0,0,0,0,0,0,-0.152882,26.7144,-24.8397,7.57022,0.841692,2.52523,0.0194189,-0.188636,2.16763,-3.11709,1.91621,0.185253,0.92584,0.0641751
1724024,0.97,-2.75261,-1.32534,1.01106,-1.94699,1.10108,1.16772,2.20139,-2.75266,-1.32422,1.00895,-1.94565,1.10136,1.16858,2.20139,0.000306483,-0.000212397,0.000186415,0.00117338,-0.000225948,0.000232326,5.34137e-05,0,0,0,0,0,0,0,-0.176685,26.7383,-24.8159,7.49881,0.841692,2.51882,0.0322363,-0.186819,2.1667,-3.119,1.91803,0.18534,0.926136,0.0638067
1724025,0.97,-2.75261,-1.32534,1.01106,-1.94699,1.10108,1.16772,2.20139,-2.75266,-1.32422,1.00895,-1.94565,1.10136,1.16858,2.20139,-0.00035249,0.000415214,-0.000525337,-0.000888182,5.28183e-05,0.000154884,0.000510327,0,0,0,0,0,0,0,-0.152882,26.7144,-24.7881,7.57022,0.836199,2.51882,0.0194189,-0.185635,2.16626,-3.12095,1.91925,0.185399,0.926406,0.0633631
1724026,0.97,-2.75261,-1.32534,1.01106,-1.94698,1.10107,1.16771,2.20139,-2.75266,-1.32422,1.00895,-1.94565,1.10136,1.16858,2.20139,-0.000234993,0.000276809,0.000299389,0.000521503,-0.000168238,-0.000371462,0.000102859,0,0,0,0,0,0,0,-0.152882,26.7144,-24.8159,7.52262,0.841692,2.53164,0.0258276,-0.184229,2.16525,-3.1221,1.92059,0.185484,0.926601,0.0628473
1724027,0.97,-2.75261,-1.32534,1.01106,-1.94698,1.10107,1.16771,2.20139,-2.75266,-1.32422,1.00895,-1.94565,1.10136,1.16858,2.20139,-0.000156662,0.00018454,0.000199593,0.00090448,-0.000112159,0.000227077,0.00101801,0,0,0,0,0,0,0,-0.152882,26.7144,-24.8159,7.49881,0.841692,2.51882,0.000192821,-0.182809,2.16419,-3.12316,1.92174,0.185572,0.926764,0.0622634
1724028,0.97,-2.75261,-1.32534,1.01106,-1.94699,1.10108,1.16772,2.20139,-2.75266,-1.32422,1.00895,-1.94565,1.10136,1.16858,2.20139,-0.000104441,0.000123026,-0.000516552,-0.000510637,0.000535579,-8.59745e-05,-0.000508122,0,0,0,0,0,0,0,-0.152882,26.7144,-24.7881,7.54642,0.825212,2.52523,0.0322363,-0.18198,2.16351,-3.12423,1.92233,0.185638,0.926905,0.061607
1724029,0.97,-2.75261,-1.32534,1.01106,-1.94699,1.10107,1.16771,2.20139,-2.75266,-1.32422,1.00895,-1.94565,1.10136,1.16858,2.20139,-0.000719242,8.20176e-05,0.000305246,0.000216387,-0.000253299,0.000180043,-0.000101389,0,0,0,0,0,0,0,-0.125111,26.7144,-24.8159,7.52262,0.841692,2.51882,0.0258276,-0.180764,2.16258,-3.12506,1.9232,0.185746,0.927026,0.06088
1724030,0.97,-2.75261,-1.32534,1.01106,-1.94698,1.10108,1.16772,2.20139,-2.75266,-1.32422,1.00895,-1.94565,1.10136,1.16858,2.20139,-0.000479494,-0.000502134,0.000760309,0.00135068,0.000441486,-0.000117331,-0.000813578,0,0,0,0,0,0,0,-0.125111,26.7383,-24.8397,7.47104,0.825212,2.52523,0.0459692,-0.17925,2.16226,-3.12664,1.92401,0.185863,0.927166,0.0601017
1724031,0.97,-2.75261,-1.32534,1.01106,-1.94699,1.10108,1.16771,2.20139,-2.75266,-1.32422,1.00895,-1.94565,1.10136,1.16858,2.20139,0.000329951,-0.000334756,-0.000699553,-0.00141959,-0.000316028,0.000159139,-0.000542385,0,0,0,0,0,0,0,-0.152882,26.7383,-24.7881,7.57022,0.841692,2.51882,0.0459692,-0.178342,2.16305,-3.129,1.92428,0.185955,0.927341,0.0593028
1724032,0.97,-2.75261,-1.32534,1.01106,-1.94699,1.10108,1.16772,2.20139,-2.75266,-1.32422,1.00895,-1.94565,1.10136,1.16858,2.20139,0.000776779,-0.00022317,-0.000466369,-0.000946396,0.000196216,-0.000131267,-0.00036159,0,0,0,0,0,0,0,-0.176685,26.7383,-24.7881,7.57022,0.830705,2.52523,0.0459692,-0.178117,2.16374,-3.13067,1.92477,0.186076,0.927523,0.0585185
1724033,0.97,-2.75262,-1.32534,1.01106,-1.94699,1.10108,1.16772,2.20139,-2.75266,-1.32422,1.00895,-1.94565,1.10136,1.16858,2.20139,-0.00124538,0.000408032,-0.000310912,0.000482693,-7.264e-05,-0.00032487,3.02072e-05,0,0,0,0,0,0,0,-0.101307,26.7144,-24.7881,7.52262,0.836199,2.53164,0.038645,-0.177695,2.16347,-3.13129,1.92581,0.18623,0.927669,0.0577785
1724034,0.97,-2.75261,-1.32534,1.01106,-1.94699,1.10108,1.16772,2.20139,-2.75266,-1.32422,1.00895,-1.94565,1.10136,1.16858,2.20139,0.000376169,-0.000284791,-0.000207275,0.000321796,0.000155024,2.0779e-05,-0.000251129,0,0,0,0,0,0,0,-0.152882,26.7383,-24.7881,7.52262,0.830705,2.52523,0.0459692,-0.176681,2.1626,-3.13148,1.92687,0.186365,0.927761,0.0570928
1724035,0.98,-2.75262,-1.32534,1.01107,-1.94699,1.10108,1.16771,2.20139,-2.75266,-1.32422,1.00895,-1.94565,1.10136,1.16858,2.20139,-0.000955646,0.000366951,0.000511431,-0.000342282,-0.000100101,1.38526e-05,-0.000642137,0,0,0,0,0,0,0,-0.101307,26.7144,-24.8159,7.54642,0.836199,2.52523,0.0587866,-0.175395,2.16183,-3.13199,1.92777,0.186473,0.927858,0.056461
1724036,0.99,-2.75261,-1.32534,1.01107,-1.94699,1.10108,1.16771,2.20139,-2.75266,-1.32422,1.00895,-1.94565,1.10136,1.16858,2.20139,0.000569328,0.000244634,0.000897766,-0.000228188,0.000136716,0.000246594,-0.000428092,0,0,0,0,0,0,0,-0.152882,26.7144,-24.8397,7.54642,0.830705,2.51882,0.0587866,-0.17369,2.1613,-3.13346,1.92893,0.186585,0.928029,0.0558916
1724037,0.99,-2.75261,-1.32534,1.01106,-1.94699,1.10108,1.16772,2.20139,-2.75266,-1.32422,1.00895,-1.94565,1.10136,1.16858,2.20139,0.000379552,-0.00104334,-0.00116473,0.000404687,9.11442e-05,0.000401755,-0.000285394,0,0,0,0,0,0,0,-0.152882,26.766,-24.7643,7.52262,0.830705,2.51242,0.0587866,-0.173067,2.16158,-3.13533,1.92951,0.186648,0.928238,0.0553934
1724038,0.99,-2.75261,-1.32534,1.01106,-1.94699,1.10108,1.16771,2.20139,-2.75266,-1.32422,1.00895,-1.94565,1.10136,1.16858,2.20139,-0.000396579,0.000510868,-0.000776485,-0.000843833,-0.000142688,-0.000206881,0.00103044,0,0,0,0,0,0,0,-0.125111,26.7144,-24.7643,7.57022,0.836199,2.52523,0.0258276,-0.173658,2.16207,-3.13609,1.9294,0.186662,0.928371,0.0549705
1724039,0.99,-2.75261,-1.32534,1.01106,-1.94699,1.10108,1.16771,2.20138,-2.75266,-1.32422,1.00895,-1.94565,1.10136,1.16858,2.20139,0.000385228,0.000340579,3.91553e-05,-5.74318e-06,0.000108325,9.94381e-05,-0.00148318,0,0,0,0,0,0,0,-0.152882,26.7144,-24.7881,7.54642,0.830705,2.51882,0.0844213,-0.173512,2.16132,-3.13562,1.9299,0.186706,0.928419,0.0546157
1724040,0.99,-2.75261,-1.32534,1.01106,-1.94699,1.10108,1.16771,2.20139,-2.75266,-1.32422,1.00895,-1.94565,1.10136,1.16858,2.20139,-0.000392795,0.000227053,-0.00118032,-3.82879e-06,7.22169e-05,-0.000171067,0.000706635,0,0,0,0,0,0,0,-0.125111,26.7144,-24.7366,7.54642,0.830705,2.52523,0.038645,-0.172782,2.15968,-3.1346,1.93079,0.186755,0.92843,0.0543163
1724041,0.99,-2.75261,-1.32534,1.01107,-1.94699,1.10107,1.16772,2.20139,-2.75266,-1.32422,1.00895,-1.94565,1.10136,1.16858,2.20139,0.000944562,0.000151368,0.00106916,-2.55252e-06,-0.000358756,0.000123314,0.00047109,0,0,0,0,0,0,0,-0.176685,26.7144,-24.8159,7.54642,0.841692,2.51882,0.038645,-0.172439,2.15832,-3.13376,1.9314,0.186768,0.928446,0.0540731
1724042,0.99,-2.75261,-1.32534,1.01106,-1.94699,1.10108,1.16771,2.20139,-2.75266,-1.32422,1.00895,-1.94565,1.10136,1.16858,2.20139,0.000629708,-0.0004559,6.31582e-05,-0.000558514,0.00016773,0.000319569,0.000551419,0,0,0,0,0,0,0,-0.176685,26.7383,-24.7881,7.57022,0.830705,2.51242,0.0322363,-0.173277,2.15848,-3.13432,1.9314,0.186738,0.928563,0.0538696
1724043,0.99,-2.75261,-1.32534,1.01106,-1.94699,1.10108,1.16772,2.20138,-2.75266,-1.32422,1.00895,-1.94565,1.10136,1.16858,2.20139,-0.000137006,0.000252879,-0.000514706,0.00018447,0.00011182,-0.000261672,-0.00203989,0,0,0,0,0,0,0,-0.152882,26.7144,-24.7643,7.54642,0.830705,2.52523,0.0972387,-0.174691,2.15956,-3.13566,1.93117,0.186695,0.928726,0.0536747
1724044,0.99,-2.75261,-1.32534,1.01106,-1.94699,1.10108,1.16771,2.20139,-2.75266,-1.32422,1.00895,-1.94565,1.10136,1.16858,2.20139,-0.000740952,-0.000388226,-0.000343138,0.000679792,-0.000332354,6.29108e-05,6.42302e-05,0,0,0,0,0,0,0,-0.125111,26.7383,-24.7643,7.52262,0.841692,2.51882,0.0587866,-0.175177,2.16013,-3.13646,1.93122,0.186673,0.928808,0.0534938
1724045,0.99,-2.75261,-1.32534,1.01106,-1.94698,1.10108,1.16771,2.20139,-2.75266,-1.32422,1.00895,-1.94565,1.10136,1.16858,2.20139,0.000155646,-0.000258817,-0.000228758,0.00101001,0.000185331,4.19405e-05,0.000788805,0,0,0,0,0,0,0,-0.152882,26.7383,-24.7643,7.49881,0.830705,2.51882,0.038645,-0.175116,2.16064,-3.13698,1.93107,0.186643,0.92881,0.0533609
1724046,0.99,-2.75261,-1.32534,1.01106,-1.94699,1.10108,1.16771,2.20139,-2.75266,-1.32422,1.00895,-1.94565,1.10136,1.16858,2.20139,0.000103764,-0.000172545,0.00105392,-0.000440286,-7.98962e-05,2.79604e-05,0.000254603,0,0,0,0,0,0,0,-0.152882,26.7383,-24.8159,7.54642,0.836199,2.51882,0.0459692,-0.175377,2.1619,-3.13815,1.93053,0.186593,0.928835,0.0532791
1724047,0.99,-2.75261,-1.32534,1.01106,-1.94698,1.10108,1.16772,2.20138,-2.75266,-1.32422,1.00895,-1.94565,1.10136,1.16858,2.20139,-0.000580438,-0.00011503,-0.000503812,0.00146971,-5.32641e-05,0.000493358,-0.000542342,0,0,0,0,0,0,0,-0.125111,26.7383,-24.7643,7.47104,0.836199,2.50601,0.0651953,-0.175497,2.16351,-3.14001,1.93006,0.186555,0.928901,0.0532199
1724048,0.99,-2.75261,-1.32534,1.01106,-1.94698,1.10108,1.16771,2.20138,-2.75266,-1.32422,1.00895,-1.94565,1.10136,1.16858,2.20139,0.000819467,0.000480125,0.000220937,-0.000226617,0.000167941,-0.000145812,-0.00059892,0,0,0,0,0,0,0,-0.176685,26.7144,-24.7881,7.52262,0.830705,2.51882,0.071604,-0.175509,2.16462,-3.14141,1.92958,0.186516,0.928928,0.0531708
1724049,0.99,-2.75261,-1.32534,1.01106,-1.94699,1.10108,1.16771,2.20139,-2.75266,-1.32422,1.00895,-1.94565,1.10136,1.16858,2.20139,-1.05004e-05,-0.000886342,0.000147291,-0.00070789,0.000315411,-0.000334567,0.000821423,0,0,0,0,0,0,0,-0.152882,26.766,-24.7881,7.54642,0.825212,2.52523,0.038645,-0.175695,2.16536,-3.14244,1.92932,0.186498,0.928956,0.0531467
1724050,0.99,-2.75261,-1.32534,1.01106,-1.94699,1.10108,1.16771,2.20139,-2.75266,-1.32422,1.00895,-1.94565,1.10136,1.16858,2.20139,-7.00027e-06,0.000615531,-0.000458618,-0.000471927,-0.000400077,0.000251673,3.89891e-05,0,0,0,0,0,0,0,-0.152882,26.7144,-24.7643,7.54642,0.841692,2.51242,0.0523779,-0.175176,2.16568,-3.14338,1.92997,0.186557,0.929006,0.0531533
1724051,0.99,-2.75261,-1.32534,1.01106,-1.94699,1.10108,1.16771,2.20139,-2.75266,-1.32422,1.00895,-1.94565,1.10136,1.16858,2.20139,0.000552145,-0.000146458,0.00145749,0.000242194,0.000343633,-6.95769e-05,-0.000211366,0,0,0,0,0,0,0,-0.176685,26.7383,-24.8397,7.52262,0.825212,2.51882,0.0587866,-0.174082,2.16553,-3.14428,1.93112,0.186647,0.929059,0.0531719
1724052,0.99,-2.75261,-1.32534,1.01107,-1.94698,1.10108,1.16772,2.20138,-2.75266,-1.32422,1.00895,-1.94565,1.10136,1.16858,2.20139,-0.000188715,-0.000747253,0.000971662,0.000718275,0.000229089,0.000190974,-0.00109035,0,0,0,0,0,0,0,-0.152882,26.766,-24.8397,7.49881,0.825212,2.51242,0.0844213,-0.173721,2.1666,-3.14652,1.9316,0.186677,0.929179,0.0531913
1724053,0.99,-2.75261,-1.32534,1.01106,-1.94699,1.10108,1.16771,2.20138,-2.75266,-1.32422,1.00895,-1.94565,1.10136,1.16858,2.20139,-0.000775424,-0.000498168,-0.00111546,-0.000634774,-5.07246e-05,0.000127316,-0.000726898,0,0,0,0,0,0,0,-0.125111,26.766,-24.7643,7.54642,0.830705,2.51242,0.0844213,-0.173328,2.16852,-3.14938,1.93175,0.186687,0.929289,0.0532261
1724054,0.99,-2.75261,-1.32534,1.01107,-1.94698,1.10108,1.16771,2.20138,-2.75266,-1.32422,1.00895,-1.94565,1.10136,1.16858,2.20139,0.00133909,-0.000332112,0.0010196,0.000133629,0.000373085,-0.000152481,0.000227478,0,0,0,0,0,0,0,-0.204456,26.766,-24.8397,7.52262,0.819719,2.51882,0.0651953,-0.172634,2.16988,-3.15123,1.93211,0.18671,0.929314,0.0533078
1724055,0.99,-2.75261,-1.32534,1.01106,-1.94699,1.10108,1.16771,2.20138,-2.75266,-1.32422,1.00895,-1.94565,1.10136,1.16858,2.20139,-0.000963313,0.000985018,-0.00108351,-0.000467726,-0.000158178,-0.000576372,-0.00103514,0,0,0,0,0,0,0,-0.125111,26.7144,-24.7643,7.54642,0.830705,2.53164,0.0972387,-0.172091,2.17023,-3.15198,1.93265,0.186713,0.929287,0.0534562
1724056,0.99,-2.75261,-1.32534,1.01106,-1.94699,1.10108,1.16771,2.20138,-2.75266,-1.32422,1.00895,-1.94565,1.10136,1.16858,2.20139,7.40536e-06,9.98665e-05,0.000484088,-0.000311817,-0.000308902,0.000327829,0.000259341,0,0,0,0,0,0,0,-0.152882,26.7383,-24.8159,7.54642,0.836199,2.51242,0.071604,-0.170133,2.16854,-3.1514,1.93418,0.18675,0.929184,0.0536758
1724057,0.99,-2.75261,-1.32534,1.01106,-1.94699,1.10108,1.16771,2.20138,-2.75266,-1.32422,1.00895,-1.94565,1.10136,1.16858,2.20139,4.93691e-06,0.001273,-0.000326889,0.000348934,-2.48447e-06,-1.88065e-05,0.000172894,0,0,0,0,0,0,0,-0.152882,26.6867,-24.7881,7.52262,0.830705,2.51882,0.071604,-0.167189,2.16551,-3.15004,1.9363,0.186803,0.929032,0.0539674
1724058,0.99,-2.75261,-1.32534,1.01106,-1.94699,1.10108,1.16771,2.20139,-2.75266,-1.32422,1.00895,-1.94565,1.10136,1.16858,2.20139,3.29127e-06,0.000199055,0.000431688,0.000789435,-0.000205107,0.000224821,0.00133597,0,0,0,0,0,0,0,-0.152882,26.7144,-24.8159,7.49881,0.836199,2.51242,0.038645,-0.164987,2.16247,-3.14857,1.93777,0.186791,0.928868,0.0543154
1724059,0.99,-2.75261,-1.32534,1.01106,-1.94699,1.10108,1.16771,2.20138,-2.75266,-1.32422,1.00895,-1.94565,1.10136,1.16858,2.20139,2.19418e-06,-0.000424109,-0.000918634,-3.05223e-05,6.67126e-05,-8.74781e-05,-0.00151685,0,0,0,0,0,0,0,-0.152882,26.7383,-24.7643,7.52262,0.830705,2.51882,0.103647,-0.163945,2.16034,-3.1473,1.93827,0.18672,0.928697,0.0546818
1724060,0.99,-2.75261,-1.32534,1.01106,-1.94699,1.10108,1.16771,2.20139,-2.75266,-1.32422,1.00895,-1.94565,1.10136,1.16858,2.20139,0.00120789,-0.000282739,-5.56106e-05,-2.03482e-05,4.44751e-05,0.00017904,0.000650277,0,0,0,0,0,0,0,-0.204456,26.7383,-24.7881,7.52262,0.830705,2.51242,0.0587866,-0.164556,2.1597,-3.14631,1.93782,0.186614,0.92855,0.0550443
1724061,0.99,-2.75261,-1.32535,1.01106,-1.94698,1.10108,1.16772,2.20139,-2.75266,-1.32422,1.00895,-1.94565,1.10136,1.16858,2.20139,0.000805259,-0.000838107,0.00116935,0.000543246,2.96501e-05,-0.000117999,0.000433518,0,0,0,0,0,0,0,-0.204456,26.766,-24.8397,7.49881,0.830705,2.51882,0.0587866,-0.167437,2.16123,-3.14649,1.93617,0.186447,0.928503,0.0554124
1724062,0.99,-2.75261,-1.32534,1.01106,-1.94699,1.10108,1.16771,2.20139,-2.75266,-1.32422,1.00895,-1.94565,1.10136,1.16858,2.20139,-0.0013192,0.000647688,-0.00098367,-0.00075146,1.97667e-05,-0.000316025,0.00127236,0,0,0,0,0,0,0,-0.125111,26.7144,-24.7643,7.54642,0.830705,2.52523,0.0322363,-0.170089,2.16348,-3.14781,1.93466,0.186305,0.928522,0.0557836
1724063,0.99,-2.75261,-1.32534,1.01106,-1.94699,1.10108,1.16771,2.20138,-2.75266,-1.32422,1.00895,-1.94565,1.10136,1.16858,2.20139,-0.000229853,-0.00012502,-0.00065578,5.58389e-05,0.000216628,2.66757e-05,-0.000847184,0,0,0,0,0,0,0,-0.152882,26.7383,-24.7643,7.52262,0.825212,2.51882,0.0780126,-0.169459,2.1634,-3.14807,1.93509,0.186308,0.928447,0.0561282
1724064,0.99,-2.75261,-1.32534,1.01106,-1.94699,1.10108,1.16771,2.20139,-2.75266,-1.32422,1.00895,-1.94565,1.10136,1.16858,2.20139,-0.000153235,0.000473465,-0.0010868,3.72259e-05,0.000347869,1.77838e-05,0.000147288,0,0,0,0,0,0,0,-0.152882,26.7144,-24.7366,7.52262,0.819719,2.51882,0.0587866,-0.167147,2.16135,-3.14669,1.93649,0.186372,0.928265,0.0564236
1724065,0.99,-2.75261,-1.32534,1.01106,-1.94699,1.10108,1.16771,2.20139,-2.75266,-1.32422,1.00895,-1.94565,1.10136,1.16858,2.20139,0.000454655,-0.000241168,0.000481892,2.48173e-05,-0.000174988,1.18559e-05,-0.000613885,0,0,0,0,0,0,0,-0.176685,26.7383,-24.7881,7.52262,0.830705,2.51882,0.0780126,-0.165508,2.15933,-3.14498,1.93749,0.186387,0.928083,0.056678
1724066,0.99,-2.75261,-1.32534,1.01106,-1.94699,1.10108,1.16772,2.20139,-2.75266,-1.32422,1.00895,-1.94565,1.10136,1.16858,2.20139,0.000303103,-0.000160779,-0.00023555,1.65449e-05,-0.00052356,0.000245263,0.000777538,0,0,0,0,0,0,0,-0.176685,26.7383,-24.7643,7.52262,0.841692,2.51242,0.0459692,-0.165164,2.15861,-3.14426,1.93777,0.18634,0.927995,0.0569099
1724067,0.99,-2.75261,-1.32534,1.01106,-1.94699,1.10108,1.16771,2.20138,-2.75266,-1.32422,1.00895,-1.94565,1.10136,1.16858,2.20139,0.000202069,0.00109924,0.000399778,1.10299e-05,-0.000145589,0.000163509,-0.000431077,0,0,0,0,0,0,0,-0.176685,26.6867,-24.7881,7.52262,0.836199,2.51242,0.071604,-0.165476,2.15855,-3.1443,1.93773,0.186266,0.927973,0.057127
1724068,0.99,-2.75261,-1.32534,1.01106,-1.94699,1.10108,1.16771,2.20139,-2.75266,-1.32422,1.00895,-1.94565,1.10136,1.16858,2.20139,0.000134713,-0.000473599,0.000266519,7.35327e-06,-9.70596e-05,0.000109006,0.000187333,0,0,0,0,0,0,0,-0.176685,26.7383,-24.7881,7.52262,0.836199,2.51242,0.0587866,-0.165623,2.15835,-3.14468,1.93782,0.186202,0.927978,0.0573281
1724069,0.99,-2.75261,-1.32534,1.01106,-1.94699,1.10108,1.16772,2.20138,-2.75266,-1.32422,1.00895,-1.94565,1.10136,1.16858,2.20139,-0.00111662,-0.000965347,-0.00102875,-0.00055191,0.000342195,7.26705e-05,-0.000824547,0,0,0,0,0,0,0,-0.125111,26.766,-24.7366,7.54642,0.825212,2.51242,0.0844213,-0.165157,2.15854,-3.14547,1.93818,0.186193,0.927979,0.0575126
1724070,0.99,-2.75261,-1.32534,1.01106,-1.94698,1.10108,1.16772,2.20138,-2.75266,-1.32422,1.00895,-1.94565,1.10136,1.16858,2.20139,-9.47977e-05,6.04942e-06,-3.62172e-05,0.0013953,2.46793e-05,4.8447e-05,-0.000787057,0,0,0,0,0,0,0,-0.152882,26.7383,-24.7643,7.47104,0.830705,2.51242,0.09083,-0.164071,2.15903,-3.14608,1.93861,0.186222,0.927914,0.0576914
1724071,0.99,-2.75261,-1.32534,1.01106,-1.94699,1.10108,1.16772,2.20138,-2.75266,-1.32422,1.00895,-1.94565,1.10136,1.16858,2.20139,-0.000712812,4.03295e-06,-2.41448e-05,-0.000276227,0.000423354,0.000269657,-0.000524705,0,0,0,0,0,0,0,-0.125111,26.7383,-24.7643,7.52262,0.819719,2.50601,0.09083,-0.162958,2.15948,-3.14644,1.93869,0.186223,0.927797,0.0578925
1724072,0.99,-2.75261,-1.32534,1.01106,-1.94698,1.10108,1.16771,2.20138,-2.75266,-1.32422,1.00895,-1.94565,1.10136,1.16858,2.20139,-0.000475208,0.00120911,-1.60965e-05,0.00037266,7.87854e-05,-0.000769664,-0.000587162,0,0,0,0,0,0,0,-0.125111,26.6867,-24.7643,7.49881,0.825212,2.53164,0.0972387,-0.161128,2.15899,-3.14654,1.93915,0.186224,0.927662,0.0581489
1724073,0.99,-2.75261,-1.32534,1.01106,-1.94699,1.10108,1.16771,2.20138,-2.75266,-1.32422,1.00895,-1.94565,1.10136,1.16858,2.20139,0.00153923,-0.00104996,0.00119569,-0.000308372,-0.000354377,-3.83918e-05,0.000320635,0,0,0,0,0,0,0,-0.204456,26.766,-24.8159,7.52262,0.836199,2.51882,0.0780126,-0.159803,2.15854,-3.14699,1.93958,0.1862,0.927595,0.058476
1724074,0.99,-2.75261,-1.32534,1.01106,-1.94699,1.10108,1.16771,2.20138,-2.75266,-1.32422,1.00895,-1.94565,1.10136,1.16858,2.20139,0.000376542,-5.03617e-05,-0.000409296,0.000351231,-3.28011e-05,0.000211764,0.000451116,0,0,0,0,0,0,0,-0.176685,26.7383,-24.7643,7.49881,0.830705,2.51242,0.071604,-0.161313,2.16019,-3.1485,1.93862,0.186077,0.927655,0.0588665
1724075,1,-2.75261,-1.32534,1.01106,-1.94699,1.10108,1.16771,2.20138,-2.75266,-1.32422,1.00895,-1.94565,1.10136,1.16858,2.20139,-0.000305784,0.000523237,0.000933562,0.000234154,0.000181583,0.000141176,-0.000173974,0,0,0,0,0,0,0,-0.152882,26.7144,-24.8159,7.49881,0.825212,2.51242,0.0844213,-0.163757,2.1624,-3.15011,1.93712,0.18592,0.927733,0.0593009
1724076,1,-2.75261,-1.32534,1.01106,-1.94699,1.10108,1.16771,2.20139,-2.75266,-1.32422,1.00895,-1.94565,1.10136,1.16858,2.20139,0.00100257,0.000348825,-0.00123367,0.000156103,0.000121055,0.000331476,-0.000115983,0,0,0,0,0,0,0,-0.204456,26.7144,-24.7366,7.49881,0.825212,2.50601,0.0844213,-0.165453,2.16328,-3.15065,1.93598,0.185776,0.927735,0.0597601
1724077,1,-2.75261,-1.32534,1.01106,-1.94699,1.10108,1.16771,2.20138,-2.75266,-1.32422,1.00895,-1.94565,1.10136,1.16858,2.20139,0.00066838,-0.000324262,-0.000822443,-0.00156637,8.07036e-05,-1.63746e-05,-0.000314681,0,0,0,0,0,0,0,-0.204456,26.7383,-24.7366,7.57022,0.825212,2.51242,0.09083,-0.16722,2.16292,-3.14946,1.93515,0.185651,0.927644,0.0602349
1724078,1,-2.75261,-1.32534,1.01106,-1.94699,1.10108,1.16772,2.20139,-2.75266,-1.32422,1.00895,-1.94565,1.10136,1.16858,2.20139,-0.000204027,-0.000216175,0.00065813,6.93789e-05,5.38024e-05,-1.09164e-05,0.000977008,0,0,0,0,0,0,0,-0.176685,26.7383,-24.7881,7.52262,0.825212,2.51242,0.0587866,-0.168541,2.16224,-3.14782,1.93498,0.185585,0.927534,0.0607276
1724079,1,-2.75261,-1.32534,1.01106,-1.94698,1.10108,1.16772,2.20138,-2.75266,-1.32422,1.00895,-1.94565,1.10136,1.16858,2.20139,-0.000136018,-0.000144116,-0.00132448,0.000603065,3.58683e-05,-0.000244637,-0.00101017,0,0,0,0,0,0,0,-0.176685,26.7383,-24.7128,7.49881,0.825212,2.51882,0.103647,-0.168972,2.16187,-3.14682,1.93513,0.18554,0.927419,0.0612297
1724080,1,-2.75261,-1.32534,1.01106,-1.94698,1.10108,1.16771,2.20138,-2.75266,-1.32422,1.00895,-1.94565,1.10136,1.16858,2.20139,-9.06788e-05,-9.60776e-05,0.000323436,0.000402043,2.39122e-05,-0.000163091,0.000513345,0,0,0,0,0,0,0,-0.176685,26.7383,-24.7643,7.49881,0.825212,2.51882,0.071604,-0.16918,2.16161,-3.14576,1.93491,0.185454,0.927249,0.0617282
1724081,1,-2.75261,-1.32534,1.01106,-1.94698,1.10108,1.16772,2.20138,-2.75266,-1.32422,1.00895,-1.94565,1.10136,1.16858,2.20139,-0.000617264,-6.40517e-05,0.000215624,0.000917643,-0.000187509,0.000128632,-0.000369847,0,0,0,0,0,0,0,-0.152882,26.7383,-24.7643,7.47104,0.830705,2.51242,0.09083,-0.169141,2.16167,-3.14518,1.93444,0.185336,0.927083,0.0622277
1724082,1,-2.75261,-1.32534,1.01106,-1.94698,1.10108,1.16772,2.20139,-2.75266,-1.32422,1.00895,-1.94565,1.10136,1.16858,2.20139,0.000794916,0.000514111,-0.00106268,-3.78522e-05,-0.000328457,8.57544e-05,0.00094023,0,0,0,0,0,0,0,-0.204456,26.7144,-24.7128,7.49881,0.836199,2.51242,0.0587866,-0.169007,2.16168,-3.14474,1.93386,0.185202,0.926923,0.062729
1724083,1,-2.75261,-1.32534,1.01106,-1.94698,1.10108,1.16771,2.20138,-2.75266,-1.32422,1.00895,-1.94565,1.10136,1.16858,2.20139,-0.00011967,-0.000214071,0.000497975,0.000624379,-1.55205e-05,-0.000417548,-8.52566e-05,0,0,0,0,0,0,0,-0.176685,26.7383,-24.7643,7.47104,0.830705,2.52523,0.0780126,-0.169422,2.16134,-3.14371,1.9331,0.185057,0.926758,0.0632202
1724084,1,-2.75261,-1.32534,1.01106,-1.94698,1.10108,1.16771,2.20138,-2.75266,-1.32422,1.00895,-1.94565,1.10136,1.16858,2.20139,-7.97799e-05,0.000414098,-0.000317631,-0.000233361,0.000193104,0.000433711,0.00041788,0,0,0,0,0,0,0,-0.176685,26.7144,-24.7366,7.49881,0.825212,2.50601,0.0651953,-0.169795,2.16105,-3.14292,1.93245,0.184936,0.926635,0.0636862
1724085,1,-2.75261,-1.32534,1.01106,-1.94698,1.10108,1.16772,2.20138,-2.75266,-1.32422,1.00895,-1.94565,1.10136,1.16858,2.20139,-5.31866e-05,-0.000280747,-0.000211754,-0.000155574,0.000128736,-0.000185577,4.12278e-05,0,0,0,0,0,0,0,-0.176685,26.7383,-24.7366,7.49881,0.825212,2.51882,0.071604,-0.169365,2.16053,-3.14235,1.93238,0.184876,0.92654,0.0641169
1724086,1,-2.75261,-1.32534,1.01106,-1.94698,1.10108,1.16772,2.20139,-2.75266,-1.32422,1.00895,-1.94565,1.10136,1.16858,2.20139,0.00117097,0.00101926,0.000508445,-0.000103716,-0.000321077,-0.000123718,0.000739562,0,0,0,0,0,0,0,-0.22826,26.6867,-24.7643,7.49881,0.836199,2.51882,0.0523779,-0.169056,2.15987,-3.14178,1.93249,0.184836,0.926482,0.0645071
1724087,1,-2.75261,-1.32534,1.01106,-1.94698,1.10108,1.16772,2.20139,-2.75266,-1.32422,1.00895,-1.94565,1.10136,1.16858,2.20139,-0.00042578,2.98936e-05,-0.000867463,-6.91441e-05,0.00019285,0.000392239,0.000255682,0,0,0,0,0,0,0,-0.176685,26.7144,-24.7128,7.49881,0.825212,2.50601,0.0587866,-0.169274,2.159,-3.14101,1.9325,0.184784,0.926447,0.0648482
1724088,1,-2.75261,-1.32534,1.01106,-1.94698,1.10108,1.16771,2.20139,-2.75266,-1.32422,1.00895,-1.94565,1.10136,1.16858,2.20139,0.00036576,1.99291e-05,-0.000578308,-4.6096e-05,-7.48842e-05,2.41339e-05,-0.000778981,0,0,0,0,0,0,0,-0.204456,26.7144,-24.7128,7.49881,0.830705,2.51242,0.0844213,-0.169308,2.15766,-3.13952,1.93259,0.184751,0.926361,0.0651261
1724089,1,-2.75261,-1.32534,1.01106,-1.94698,1.10108,1.16771,2.20138,-2.75266,-1.32422,1.00895,-1.94565,1.10136,1.16858,2.20139,0.00024384,-0.000543526,0.000820887,-3.07307e-05,-4.99228e-05,1.60892e-05,-0.000281962,0,0,0,0,0,0,0,-0.204456,26.7383,-24.7643,7.49881,0.830705,2.51242,0.0780126,-0.169584,2.15703,-3.13838,1.93245,0.184722,0.92628,0.0653463
1724090,1,-2.75261,-1.32534,1.01106,-1.94699,1.10108,1.16772,2.20138,-2.75266,-1.32422,1.00895,-1.94565,1.10136,1.16858,2.20139,-0.000487054,-0.00101196,-0.000102356,-0.000577299,0.000170169,0.000248085,-0.000425333,0,0,0,0,0,0,0,-0.176685,26.766,-24.7366,7.52262,0.825212,2.50601,0.0844213,-0.170078,2.15805,-3.13887,1.9321,0.184706,0.926286,0.0655379
1724091,1,-2.75261,-1.32534,1.01106,-1.94698,1.10108,1.16771,2.20138,-2.75266,-1.32422,1.00895,-1.94565,1.10136,1.16858,2.20139,0.000324911,-0.000674643,0.00113819,0.00082156,0.000316896,0.00016539,0.000428521,0,0,0,0,0,0,0,-0.204456,26.766,-24.7881,7.47104,0.819719,2.50601,0.0651953,-0.170568,2.16058,-3.14088,1.93158,0.184698,0.926352,0.065725
1724092,1,-2.75261,-1.32534,1.01106,-1.94698,1.10108,1.16771,2.20139,-2.75266,-1.32422,1.00895,-1.94565,1.10136,1.16858,2.20139,-0.000433006,0.000199852,0.00020198,-0.000658719,7.81368e-06,-0.000127099,0.000760399,0,0,0,0,0,0,0,-0.176685,26.7383,-24.7643,7.52262,0.825212,2.51242,0.0523779,-0.171118,2.1636,-3.14355,1.93086,0.184667,0.92643,0.0659174
1724093,1,-2.75261,-1.32534,1.01106,-1.94698,1.10108,1.16771,2.20138,-2.75266,-1.32422,1.00895,-1.94565,1.10136,1.16858,2.20139,0.000360943,0.00133966,0.000134654,-0.000439146,-0.000198241,-8.47326e-05,-0.000442503,0,0,0,0,0,0,0,-0.204456,26.6867,-24.7643,7.52262,0.830705,2.51242,0.0780126,-0.170587,2.16474,-3.14522,1.93104,0.18466,0.92645,0.0661051
1724094,1,-2.75261,-1.32534,1.01106,-1.94698,1.10108,1.16771,2.20138,-2.75266,-1.32422,1.00895,-1.94565,1.10136,1.16858,2.20139,0.000240629,-0.000962933,-0.000559845,0.00147047,0.000512099,-0.000293847,0.000179716,0,0,0,0,0,0,0,-0.204456,26.766,-24.7366,7.44724,0.81331,2.51882,0.0651953,-0.170106,2.16418,-3.14516,1.93132,0.184621,0.926369,0.0662692
1724095,1,-2.75261,-1.32534,1.01106,-1.94698,1.10108,1.16771,2.20139,-2.75266,-1.32422,1.00895,-1.94565,1.10136,1.16858,2.20139,-0.000489195,-0.000641955,-0.00663763,-0.000782922,-9.94101e-05,4.14607e-05,0.000831887,0,0,0,0,0,0,0,-0.176685,26.766,-24.7366,7.52262,0.825212,2.51242,0.0459692,-0.171111,2.16254,-3.14142,1.93053,0.184503,0.926029,0.0664012
1724096,1,-2.75261,-1.32534,1.01106,-1.94698,1.10108,1.16772,2.20139,-2.75266,-1.32422,1.00895,-1.94565,1.10136,1.16858,2.20139,-0.00032613,-0.00042797,-0.00494712,3.48639e-05,-6.62734e-05,2.76405e-05,0.000825859,0,0,0,0,0,0,0,-0.176685,26.766,-24.7366,7.49881,0.825212,2.51242,0.038645,-0.172042,2.15757,-3.13106,1.92987,0.184413,0.925249,0.0664928
1724097,1,-2.75261,-1.32534,1.01106,-1.94698,1.10108,1.16772,2.20139,-2.75266,-1.32422,1.00895,-1.94565,1.10136,1.16858,2.20139,0.000989006,-0.000842125,-0.00368961,0.000672857,-0.000247633,1.8427e-05,-0.000195413,0,0,0,0,0,0,0,-0.22826,26.7898,-24.7366,7.47104,0.830705,2.51242,0.0587866,-0.173415,2.15085,-3.11698,1.92908,0.184315,0.924241,0.0665241
1724098,1,-2.75261,-1.32534,1.01106,-1.94698,1.10108,1.16772,2.20139,-2.75266,-1.32422,1.00895,-1.94565,1.10136,1.16858,2.20139,0.000102525,0.000645009,-0.00275338,0.00100538,-0.000368539,1.22847e-05,-0.000130275,0,0,0,0,0,0,0,-0.204456,26.7383,-24.7366,7.44724,0.836199,2.51242,0.0587866,-0.176594,2.14553,-3.10397,1.92707,0.184111,0.92332,0.0664861
1724099,1,-2.75261,-1.32534,1.01105,-1.94698,1.10108,1.16772,2.20139,-2.75266,-1.32422,1.00895,-1.94565,1.10136,1.16858,2.20139,-0.000581264,0.000430006,-0.00316944,0.000113443,-0.000245693,0.000482908,0.00137121,0,0,0,0,0,0,0,-0.176685,26.7383,-24.689,7.47104,0.836199,2.4996,0.0194189,-0.179348,2.14081,-3.09316,1.9251,0.183893,0.922542,0.0663957
1724100,1,-2.75261,-1.32534,1.01105,-1.94698,1.10108,1.16772,2.20139,-2.75266,-1.32422,1.00895,-1.94565,1.10136,1.16858,2.20139,0.000262105,-0.000919755,-0.00227814,-0.000573985,0.000446556,-0.000390138,-6.92029e-05,0,0,0,0,0,0,0,-0.204456,26.7898,-24.689,7.49881,0.819719,2.51882,0.0459692,-0.180206,2.13653,-3.08492,1.92427,0.183773,0.921925,0.0662558
1724101,0.99,-2.75261,-1.32534,1.01106,-1.94698,1.10108,1.16772,2.20139,-2.75266,-1.32422,1.00895,-1.94565,1.10136,1.16858,2.20139,-0.00103169,0.000593256,-0.00108583,0.000823769,-0.000312647,-2.27333e-05,0.000937209,0,0,0,0,0,0,0,-0.152882,26.7383,-24.7128,7.44724,0.836199,2.51242,0.0194189,-0.17982,2.13404,-3.08027,1.92419,0.183739,0.92154,0.0660492
1724102,0.99,-2.75261,-1.32534,1.01106,-1.94698,1.10108,1.16772,2.20139,-2.75266,-1.32422,1.00895,-1.94565,1.10136,1.16858,2.20139,0.00107544,0.000395504,-0.000259984,-7.63248e-06,0.00040192,0.000222203,-0.000833256,0,0,0,0,0,0,0,-0.22826,26.7383,-24.7366,7.47104,0.819719,2.50601,0.0587866,-0.17896,2.13346,-3.0794,1.92423,0.183715,0.921408,0.0657677
1724103,0.99,-2.75261,-1.32535,1.01106,-1.94697,1.10108,1.16772,2.20139,-2.75266,-1.32422,1.00895,-1.94565,1.10136,1.16858,2.20139,0.000716963,-0.000385945,-0.000243006,0.00166535,6.44962e-05,0.000385495,0.000902558,0,0,0,0,0,0,0,-0.22826,26.766,-24.7366,7.39963,0.825212,2.4996,0.0194189,-0.179848,2.13547,-3.08184,1.92308,0.183596,0.921511,0.0654135
1724104,0.99,-2.75261,-1.32534,1.01105,-1.94698,1.10108,1.16772,2.20139,-2.75266,-1.32422,1.00895,-1.94565,1.10136,1.16858,2.20139,0.00103479,0.00159874,-0.00132789,-0.00120982,-0.000160453,0.000256996,-0.000381639,0,0,0,0,0,0,0,-0.252064,26.6867,-24.689,7.49881,0.830705,2.4996,0.0459692,-0.182618,2.13898,-3.08572,1.92088,0.183396,0.921733,0.0649986
1724105,0.99,-2.75261,-1.32535,1.01106,-1.94698,1.10107,1.16772,2.20139,-2.75266,-1.32422,1.00895,-1.94565,1.10136,1.16858,2.20139,-0.00163019,-0.000790211,-0.000367645,-0.000806545,-0.00051387,0.000171331,0.0002542,0,0,0,0,0,0,0,-0.152882,26.766,-24.7128,7.49881,0.841692,2.4996,0.0322363,-0.183452,2.14122,-3.08944,1.92023,0.183323,0.921948,0.0645356
1724106,0.99,-2.75261,-1.32534,1.01105,-1.94697,1.10108,1.16772,2.20139,-2.75266,-1.32422,1.00895,-1.94565,1.10136,1.16858,2.20139,0.000676444,-0.000526807,-0.000831306,0.00178235,6.43212e-05,-0.000360497,0.000169467,0,0,0,0,0,0,0,-0.22826,26.766,-24.689,7.39963,0.830705,2.51242,0.0322363,-0.182226,2.14342,-3.09372,1.92069,0.183375,0.922137,0.0640299
1724107,0.99,-2.75261,-1.32534,1.01105,-1.94698,1.10108,1.16772,2.20139,-2.75266,-1.32422,1.00895,-1.94565,1.10136,1.16858,2.20139,-0.00010585,-0.000351205,-0.000576252,-0.000482201,0.000246331,0.000234386,-0.000870366,0,0,0,0,0,0,0,-0.204456,26.766,-24.689,7.47104,0.825212,2.4996,0.0587866,-0.182175,2.14724,-3.0985,1.91994,0.183377,0.9223,0.0634839
1724108,0.99,-2.75261,-1.32534,1.01105,-1.94698,1.10108,1.16772,2.20139,-2.75266,-1.32422,1.00895,-1.94565,1.10136,1.16858,2.20139,-7.05664e-05,0.000415477,-0.000400704,-0.000971081,-0.00024268,0.000156258,-0.000342885,0,0,0,0,0,0,0,-0.204456,26.7383,-24.689,7.49881,0.836199,2.4996,0.0523779,-0.182238,2.15091,-3.10287,1.91923,0.1834,0.92244,0.0629174
1724109,0.99,-2.7526,-1.32534,1.01105,-1.94698,1.10108,1.16772,2.20138,-2.75266,-1.32422,1.00895,-1.94565,1.10136,1.16858,2.20139,0.000509768,-0.000372629,-0.00148596,2.2266e-06,0.000448565,-0.000370546,-0.000703308,0,0,0,0,0,0,0,-0.22826,26.766,-24.6374,7.47104,0.819719,2.51242,0.0651953,-0.181417,2.15328,-3.10618,1.91946,0.183499,0.922533,0.0623624
1724110,0.99,-2.75261,-1.32534,1.01105,-1.94698,1.10108,1.16771,2.20139,-2.75266,-1.32422,1.00895,-1.94565,1.10136,1.16858,2.20139,-0.000866581,0.000401195,-0.000443132,0.00111511,-0.000107858,-0.000247031,0.000514472,0,0,0,0,0,0,0,-0.176685,26.7383,-24.6612,7.42344,0.830705,2.51242,0.038645,-0.180945,2.155,-3.10815,1.91937,0.183568,0.922533,0.0618423
1724111,0.99,-2.7526,-1.32534,1.01105,-1.94698,1.10108,1.16772,2.20138,-2.75266,-1.32422,1.00895,-1.94565,1.10136,1.16858,2.20139,0.00118552,0.000267463,-0.000302398,-0.000370218,0.000131545,-0.000164687,-0.00111508,0,0,0,0,0,0,0,-0.252064,26.7383,-24.6612,7.47104,0.825212,2.51242,0.0780126,-0.181017,2.15653,-3.10947,1.91865,0.183575,0.922486,0.0613675
1724112,0.99,-2.75261,-1.32534,1.01105,-1.94698,1.10108,1.16772,2.20138,-2.75266,-1.32422,1.00895,-1.94565,1.10136,1.16858,2.20139,-0.000323279,0.000178309,0.000442783,-0.000246812,8.76969e-05,-0.00034715,-0.000743387,0,0,0,0,0,0,0,-0.204456,26.7383,-24.689,7.47104,0.825212,2.51882,0.0780126,-0.181531,2.15822,-3.11103,1.91782,0.183559,0.922501,0.0609445
1724113,0.99,-2.75261,-1.32534,1.01106,-1.94698,1.10108,1.16772,2.20139,-2.75266,-1.32422,1.00895,-1.94565,1.10136,1.16858,2.20139,-0.000215519,-0.00108755,0.000848077,-0.000814155,-0.000348436,0.000480643,0.000453844,0,0,0,0,0,0,0,-0.204456,26.7898,-24.7128,7.49881,0.836199,2.4996,0.0523779,-0.181517,2.16066,-3.11387,1.91749,0.183588,0.922631,0.0605933
1724114,0.99,-2.75261,-1.32534,1.01105,-1.94698,1.10108,1.16772,2.20139,-2.75266,-1.32422,1.00895,-1.94565,1.10136,1.16858,2.20139,-0.00014368,0.00048139,-0.0012008,0.000106844,-0.000232291,-0.000391648,6.5204e-05,0,0,0,0,0,0,0,-0.204456,26.7383,-24.6374,7.47104,0.836199,2.51882,0.0587866,-0.180693,2.16347,-3.11716,1.91767,0.183674,0.922791,0.0603227
1724115,0.99,-2.75261,-1.32534,1.01106,-1.94698,1.10108,1.16771,2.20138,-2.75266,-1.32422,1.00895,-1.94565,1.10136,1.16858,2.20139,-0.0007454,0.00152735,0.0009605,-0.000578385,-0.000154861,-2.37397e-05,-0.000668608,0,0,0,0,0,0,0,-0.176685,26.6867,-24.7128,7.49881,0.836199,2.51242,0.0780126,-0.178831,2.16449,-3.11891,1.91849,0.183796,0.922864,0.0601189
1724116,0.99,-2.75261,-1.32534,1.01106,-1.94698,1.10108,1.16772,2.20138,-2.75266,-1.32422,1.00895,-1.94565,1.10136,1.16858,2.20139,0.000709492,0.000368621,0.000638678,0.00137765,0.000303661,0.000221532,-0.000683097,0,0,0,0,0,0,0,-0.22826,26.7144,-24.7128,7.42344,0.825212,2.50601,0.0844213,-0.176613,2.16409,-3.11978,1.91942,0.183897,0.9229,0.0599736
1724117,0.99,-2.75261,-1.32534,1.01105,-1.94698,1.10108,1.16772,2.20139,-2.75266,-1.32422,1.00895,-1.94565,1.10136,1.16858,2.20139,-8.38171e-05,-0.000960678,-0.000781882,0.00036162,0.00020244,-8.96706e-05,0.000731397,0,0,0,0,0,0,0,-0.204456,26.766,-24.6612,7.44724,0.825212,2.51242,0.0523779,-0.176681,2.16491,-3.12069,1.91863,0.183877,0.922938,0.0598891
1724118,0.99,-2.75261,-1.32534,1.01105,-1.94698,1.10108,1.16772,2.20138,-2.75266,-1.32422,1.00895,-1.94565,1.10136,1.16858,2.20139,-5.5878e-05,9.16167e-06,-0.000522186,0.00024108,0.00013496,0.000177579,1.28798e-05,0,0,0,0,0,0,0,-0.204456,26.7383,-24.6612,7.44724,0.825212,2.50601,0.0651953,-0.178675,2.16691,-3.12087,1.91647,0.183785,0.922915,0.0598629
1724119,0.99,-2.75261,-1.32534,1.01106,-1.94698,1.10108,1.16772,2.20138,-2.75266,-1.32422,1.00895,-1.94565,1.10136,1.16858,2.20139,-0.000686866,6.10778e-06,0.000857603,-0.000396092,-0.000113477,0.000355745,-0.000228772,0,0,0,0,0,0,0,-0.176685,26.7383,-24.7128,7.47104,0.830705,2.4996,0.071604,-0.179999,2.16859,-3.12058,1.91474,0.183741,0.922858,0.0598803
1724120,0.99,-2.75261,-1.32534,1.01105,-1.94698,1.10108,1.16772,2.20138,-2.75266,-1.32422,1.00895,-1.94565,1.10136,1.16858,2.20139,-0.000457911,-0.00120235,-0.000635214,-0.000264061,-7.56513e-05,-1.95862e-07,-0.000864592,0,0,0,0,0,0,0,-0.176685,26.7898,-24.6612,7.47104,0.830705,2.50601,0.09083,-0.179855,2.17005,-3.12074,1.914,0.183779,0.92282,0.0599297
1724121,0.99,-2.75261,-1.32534,1.01105,-1.94698,1.10108,1.16771,2.20139,-2.75266,-1.32422,1.00895,-1.94565,1.10136,1.16858,2.20139,0.000901152,0.000961668,0.000225745,0.000380771,-5.04342e-05,-0.00023749,0.0006104,0,0,0,0,0,0,0,-0.22826,26.7144,-24.689,7.44724,0.830705,2.51242,0.0587866,-0.179856,2.17156,-3.12073,1.91331,0.183824,0.922776,0.0600168
1724122,0.99,-2.75261,-1.32534,1.01105,-1.94698,1.10108,1.16772,2.20139,-2.75266,-1.32422,1.00895,-1.94565,1.10136,1.16858,2.20139,4.39561e-05,-0.000565314,0.000150202,0.000253847,0.000169828,-0.000158326,0.000881651,0,0,0,0,0,0,0,-0.204456,26.766,-24.689,7.44724,0.825212,2.51242,0.0459692,-0.181341,2.17299,-3.12013,1.91185,0.183791,0.92272,0.0601476
1724123,0.99,-2.75261,-1.32535,1.01105,-1.94698,1.10108,1.16772,2.20139,-2.75266,-1.32422,1.00895,-1.94565,1.10136,1.16858,2.20139,2.93041e-05,-0.000933688,-0.0005497,0.000726044,0.000113218,-0.000105551,-0.000599027,0,0,0,0,0,0,0,-0.204456,26.7898,-24.6612,7.42344,0.825212,2.51242,0.0780126,-0.183914,2.17497,-3.11947,1.90961,0.183698,0.922663,0.0602964
1724124,0.99,-2.7526,-1.32534,1.01105,-1.94698,1.10108,1.16772,2.20138,-2.75266,-1.32422,1.00895,-1.94565,1.10136,1.16858,2.20139,0.000576348,0.000583967,-0.000366633,-7.27829e-05,-0.000127972,-7.03673e-05,-0.000399351,0,0,0,0,0,0,0,-0.22826,26.7383,-24.6612,7.44724,0.830705,2.51242,0.0780126,-0.186929,2.17707,-3.1183,1.90699,0.183578,0.922573,0.0604385
1724125,0.99,-2.75261,-1.32534,1.01105,-1.94698,1.10108,1.16772,2.20139,-2.75266,-1.32422,1.00895,-1.94565,1.10136,1.16858,2.20139,0.000384232,0.00159574,0.000405068,-0.00125495,-8.53144e-05,0.000190447,0.000445843,0,0,0,0,0,0,0,-0.22826,26.6867,-24.689,7.49881,0.830705,2.50601,0.0587866,-0.188981,2.17723,-3.11602,1.90536,0.183502,0.922464,0.0605889
1724126,0.99,-2.75261,-1.32535,1.01105,-1.94698,1.10108,1.16772,2.20138,-2.75266,-1.32422,1.00895,-1.94565,1.10136,1.16858,2.20139,-0.00150708,-0.000792215,0.000269952,-0.000187018,-5.68762e-05,0.000364324,-0.000414848,0,0,0,0,0,0,0,-0.152882,26.766,-24.689,7.47104,0.830705,2.4996,0.0780126,-0.18833,2.17538,-3.11362,1.90574,0.183556,0.922373,0.060759
1724127,0.99,-2.75261,-1.32535,1.01105,-1.94698,1.10108,1.16772,2.20138,-2.75266,-1.32422,1.00895,-1.94565,1.10136,1.16858,2.20139,0.000201704,-0.00108496,-0.000469716,0.000432133,0.000165533,5.52366e-06,-0.000988642,0,0,0,0,0,0,0,-0.204456,26.7898,-24.6612,7.44724,0.825212,2.50601,0.0972387,-0.186264,2.17417,-3.11223,1.90666,0.183677,0.92229,0.0609361
1724128,0.99,-2.75261,-1.32534,1.01105,-1.94698,1.10108,1.16772,2.20138,-2.75266,-1.32422,1.00895,-1.94565,1.10136,1.16858,2.20139,0.000691281,0.000483122,0.000336418,-0.000268723,-0.000499996,0.000241041,0.000290341,0,0,0,0,0,0,0,-0.22826,26.7383,-24.689,7.47104,0.841692,2.4996,0.071604,-0.185712,2.17465,-3.11133,1.90641,0.183732,0.922205,0.0611283
1724129,0.99,-2.75261,-1.32534,1.01105,-1.94698,1.10108,1.16772,2.20138,-2.75266,-1.32422,1.00895,-1.94565,1.10136,1.16858,2.20139,-9.59579e-05,0.000322082,0.000224239,-0.000179149,0.00071783,-7.66647e-05,-0.000518516,0,0,0,0,0,0,0,-0.204456,26.7383,-24.689,7.47104,0.81331,2.50601,0.09083,-0.186423,2.17526,-3.11027,1.90559,0.183729,0.922124,0.06136
1724130,0.99,-2.75261,-1.32534,1.01105,-1.94698,1.10108,1.16771,2.20139,-2.75266,-1.32422,1.00895,-1.94565,1.10136,1.16858,2.20139,-6.39719e-05,0.000214721,0.000149463,-0.000119432,-0.000165707,-0.000288469,0.000841117,0,0,0,0,0,0,0,-0.204456,26.7383,-24.689,7.47104,0.830705,2.51242,0.0587866,-0.186751,2.17518,-3.10907,1.90512,0.183732,0.922034,0.0616364
1724131,0.99,-2.7526,-1.32535,1.01106,-1.94698,1.10108,1.16772,2.20138,-2.75266,-1.32422,1.00895,-1.94565,1.10136,1.16858,2.20139,0.000514164,-0.00162009,0.000656432,-7.96217e-05,9.29795e-05,0.000282405,-0.00062605,0,0,0,0,0,0,0,-0.22826,26.8136,-24.7128,7.47104,0.825212,2.4996,0.09083,-0.187379,2.17586,-3.1085,1.90444,0.183721,0.921965,0.061942
1724132,0.99,-2.7526,-1.32534,1.01105,-1.94698,1.10108,1.16772,2.20138,-2.75266,-1.32422,1.00895,-1.94565,1.10136,1.16858,2.20139,0.000899588,3.35636e-05,-0.000119207,0.000503731,-0.000548365,0.00018827,-0.000180008,0,0,0,0,0,0,0,-0.252064,26.766,-24.689,7.44724,0.841692,2.4996,0.0844213,-0.189867,2.1785,-3.10882,1.9026,0.183638,0.921939,0.0622584
1724133,0.99,-2.75261,-1.32534,1.01105,-1.94698,1.10108,1.16772,2.20138,-2.75266,-1.32422,1.00895,-1.94565,1.10136,1.16858,2.20139,4.29134e-05,0.0012288,-7.94839e-05,-0.000220991,0.000244775,-0.000349204,0.000592072,0,0,0,0,0,0,0,-0.22826,26.7144,-24.689,7.47104,0.825212,2.51242,0.0651953,-0.19312,2.18069,-3.10835,1.90039,0.183511,0.921862,0.0625922
1724134,0.99,-2.75261,-1.32534,1.01105,-1.94698,1.10108,1.16772,2.20139,-2.75266,-1.32422,1.00895,-1.94565,1.10136,1.16858,2.20139,-0.00117782,0.000819201,-0.000702613,-0.000796942,0.000366634,-0.000470162,0.000632073,0,0,0,0,0,0,0,-0.176685,26.7144,-24.6612,7.49881,0.819719,2.51882,0.0587866,-0.193764,2.17955,-3.10594,1.89992,0.183481,0.921656,0.0629502
1724135,0.99,-2.75261,-1.32534,1.01105,-1.94698,1.10108,1.16772,2.20138,-2.75266,-1.32422,1.00895,-1.94565,1.10136,1.16858,2.20139,-0.000785211,-0.000660292,-0.000468415,0.00123194,0.000244422,0.000398636,-0.000528053,0,0,0,0,0,0,0,-0.176685,26.766,-24.6612,7.42344,0.819719,2.4996,0.0844213,-0.191451,2.17624,-3.10244,1.90106,0.183559,0.921344,0.0633053
1724136,0.99,-2.75261,-1.32534,1.01105,-1.94698,1.10108,1.16772,2.20138,-2.75266,-1.32422,1.00895,-1.94565,1.10136,1.16858,2.20139,0.000682952,-0.000440195,-0.000312282,0.000264484,0.000162948,0.000265757,-0.000826754,0,0,0,0,0,0,0,-0.22826,26.766,-24.6612,7.44724,0.819719,2.4996,0.0972387,-0.189837,2.17415,-3.09924,1.9013,0.183578,0.921012,0.0636321
1724137,0.99,-2.75261,-1.32534,1.01105,-1.94698,1.10108,1.16772,2.20138,-2.75266,-1.32422,1.00895,-1.94565,1.10136,1.16858,2.20139,-0.00130794,0.000356151,0.000441422,-0.000380489,-9.48183e-05,-6.01876e-05,-7.64511e-05,0,0,0,0,0,0,0,-0.152882,26.7383,-24.689,7.47104,0.825212,2.50601,0.0844213,-0.189427,2.17356,-3.09696,1.90072,0.18353,0.92074,0.0639498
1724138,0.99,-2.75261,-1.32534,1.01105,-1.94698,1.10108,1.16772,2.20138,-2.75266,-1.32422,1.00895,-1.94565,1.10136,1.16858,2.20139,0.00089128,-0.00041218,-0.000912148,0.000303152,-6.32122e-05,-0.000277484,0.000186392,0,0,0,0,0,0,0,-0.22826,26.766,-24.6374,7.44724,0.825212,2.51242,0.0780126,-0.188778,2.1731,-3.09516,1.90047,0.183491,0.920518,0.0642881
1724139,0.99,-2.75261,-1.32534,1.01105,-1.94698,1.10108,1.16772,2.20138,-2.75266,-1.32422,1.00895,-1.94565,1.10136,1.16858,2.20139,3.73747e-05,-0.000274787,-5.12887e-05,-0.00035471,-0.000245592,5.23696e-05,0.000124261,0,0,0,0,0,0,0,-0.204456,26.766,-24.6612,7.47104,0.830705,2.50601,0.0780126,-0.189236,2.17315,-3.09327,1.89978,0.183412,0.920324,0.064647
1724140,0.99,-2.75261,-1.32534,1.01105,-1.94698,1.10108,1.16772,2.20138,-2.75266,-1.32422,1.00895,-1.94565,1.10136,1.16858,2.20139,2.49165e-05,0.000466423,-3.41941e-05,0.00087715,3.97225e-05,0.000272272,-0.000391877,0,0,0,0,0,0,0,-0.204456,26.7383,-24.6612,7.42344,0.825212,2.4996,0.09083,-0.190711,2.17368,-3.09143,1.89855,0.183287,0.92016,0.0650161
1724141,0.99,-2.75261,-1.32534,1.01105,-1.94697,1.10108,1.16771,2.20138,-2.75266,-1.32422,1.00895,-1.94565,1.10136,1.16858,2.20139,-0.000633003,0.000310949,-0.00113642,0.002348,-0.000176969,-5.58443e-05,-2.38925e-05,0,0,0,0,0,0,0,-0.176685,26.7383,-24.6136,7.34806,0.830705,2.50601,0.0844213,-0.192343,2.17388,-3.08918,1.89674,0.183101,0.919942,0.0653917
1724142,0.99,-2.75261,-1.32534,1.01105,-1.94698,1.10108,1.16772,2.20139,-2.75266,-1.32422,1.00895,-1.94565,1.10136,1.16858,2.20139,-0.000422002,-0.000442315,0.000356009,-0.000754713,8.54713e-05,-3.72295e-05,-1.59284e-05,0,0,0,0,0,0,0,-0.176685,26.766,-24.6612,7.44724,0.825212,2.50601,0.0844213,-0.193659,2.17378,-3.08653,1.89456,0.182891,0.919663,0.0657781
1724143,0.99,-2.75261,-1.32535,1.01105,-1.94698,1.10108,1.16772,2.20138,-2.75266,-1.32422,1.00895,-1.94565,1.10136,1.16858,2.20139,-0.000281335,-0.000294877,0.000237339,-0.000503142,-0.00034992,0.000212539,-1.06189e-05,0,0,0,0,0,0,0,-0.176685,26.766,-24.6612,7.44724,0.836199,2.4996,0.0844213,-0.193562,2.17394,-3.08496,1.89342,0.182794,0.919469,0.0661799
1724144,0.99,-2.75261,-1.32535,1.01105,-1.94698,1.10108,1.16772,2.20138,-2.75266,-1.32422,1.00895,-1.94565,1.10136,1.16858,2.20139,0.000462058,-0.000196584,-0.000398587,-0.000335428,-2.98296e-05,-9.56661e-05,0.000467639,0,0,0,0,0,0,0,-0.204456,26.766,-24.6374,7.44724,0.830705,2.50601,0.071604,-0.192782,2.17447,-3.08436,1.89318,0.1828,0.919381,0.0665927
1724145,0.99,-2.75261,-1.32534,1.01105,-1.94698,1.10108,1.16772,2.20138,-2.75266,-1.32422,1.00895,-1.94565,1.10136,1.16858,2.20139,0.000308038,0.000518558,-0.000265725,-0.000780431,-1.98864e-05,0.00041094,0.000311759,0,0,0,0,0,0,0,-0.204456,26.7383,-24.6374,7.47104,0.830705,2.49319,0.071604,-0.192449,2.17472,-3.0833,1.89308,0.182831,0.919306,0.0670055
1724146,0.99,-2.75261,-1.32534,1.01105,-1.94698,1.10108,1.16772,2.20138,-2.75266,-1.32422,1.00895,-1.94565,1.10136,1.16858,2.20139,0.000762171,0.000345705,-0.000733962,-0.0011699,0.000393643,0.00027396,0.000445198,0,0,0,0,0,0,0,-0.22826,26.7383,-24.6136,7.49881,0.819719,2.49319,0.0651953,-0.192341,2.17395,-3.08118,1.8933,0.182886,0.919203,0.0674028
1724147,0.99,-2.75261,-1.32534,1.01105,-1.94698,1.10108,1.16772,2.20139,-2.75266,-1.32422,1.00895,-1.94565,1.10136,1.16858,2.20139,0.000508114,0.000787282,6.75036e-05,0.000426492,5.89784e-05,0.00018264,0.00100888,0,0,0,0,0,0,0,-0.22826,26.7144,-24.6374,7.44724,0.825212,2.49319,0.0459692,-0.192654,2.17245,-3.07825,1.89353,0.182927,0.919057,0.0677674
1724148,0.99,-2.75261,-1.32535,1.01105,-1.94698,1.10108,1.16772,2.20139,-2.75266,-1.32422,1.00895,-1.94565,1.10136,1.16858,2.20139,-0.000867683,-0.000681571,-0.00051181,0.00084114,0.000242769,-0.000352958,0.000197866,0,0,0,0,0,0,0,-0.176685,26.766,-24.6136,7.42344,0.819719,2.50601,0.0587866,-0.193461,2.17138,-3.07546,1.89304,0.182899,0.918862,0.0680758
1724149,0.99,-2.75261,-1.32534,1.01105,-1.94698,1.10108,1.16772,2.20138,-2.75266,-1.32422,1.00895,-1.94565,1.10136,1.16858,2.20139,0.00062797,0.000195233,0.000772417,3.94794e-06,0.000161846,-0.000235305,-0.000580166,0,0,0,0,0,0,0,-0.22826,26.7383,-24.6612,7.44724,0.819719,2.50601,0.0780126,-0.194398,2.17157,-3.07372,1.89184,0.182814,0.918659,0.068307
1724150,0.99,-2.75261,-1.32534,1.01105,-1.94698,1.10108,1.16772,2.20138,-2.75266,-1.32422,1.00895,-1.94565,1.10136,1.16858,2.20139,-0.00134459,-0.000519459,0.000514945,-0.00055418,-9.5553e-05,8.04888e-05,-0.000149419,0,0,0,0,0,0,0,-0.152882,26.766,-24.6612,7.47104,0.825212,2.4996,0.071604,-0.194616,2.17272,-3.07352,1.89091,0.182746,0.918525,0.0684691
1724151,0.99,-2.75261,-1.32534,1.01105,-1.94698,1.10108,1.16772,2.20139,-2.75266,-1.32422,1.00895,-1.94565,1.10136,1.16858,2.20139,-0.000896394,0.000303308,0.000343296,0.000744171,-6.3702e-05,5.36592e-05,0.00135845,0,0,0,0,0,0,0,-0.152882,26.7383,-24.6612,7.42344,0.825212,2.4996,0.0322363,-0.192831,2.17375,-3.0743,1.89102,0.18275,0.918422,0.0685879
1724152,0.99,-2.75261,-1.32535,1.01105,-1.94698,1.10108,1.16772,2.20139,-2.75266,-1.32422,1.00895,-1.94565,1.10136,1.16858,2.20139,0.00060883,-0.00100422,-0.000327948,0.000496114,-0.000449369,-0.000438945,-7.7711e-05,0,0,0,0,0,0,0,-0.204456,26.7898,-24.6374,7.42344,0.836199,2.51242,0.0587866,-0.190978,2.17491,-3.075,1.8909,0.182733,0.918284,0.0686611
1724153,0.99,-2.75261,-1.32534,1.01105,-1.94698,1.10108,1.16772,2.20139,-2.75266,-1.32422,1.00895,-1.94565,1.10136,1.16858,2.20139,0.000405887,0.000536946,-0.000218632,-0.000226069,0.000107322,0.000419447,-5.18074e-05,0,0,0,0,0,0,0,-0.204456,26.7383,-24.6374,7.44724,0.825212,2.49319,0.0587866,-0.191399,2.17662,-3.07484,1.88953,0.182624,0.918127,0.0686668
1724154,0.99,-2.75261,-1.32534,1.01105,-1.94698,1.10108,1.16772,2.20139,-2.75266,-1.32422,1.00895,-1.94565,1.10136,1.16858,2.20139,0.000270591,-0.00029165,0.000411057,-0.000150713,7.15478e-05,0.000279631,-0.000983974,0,0,0,0,0,0,0,-0.204456,26.766,-24.6612,7.44724,0.825212,2.49319,0.0844213,-0.192939,2.17804,-3.07391,1.88786,0.182491,0.917971,0.0686096
1724155,0.99,-2.75261,-1.32534,1.01105,-1.94698,1.10108,1.16772,2.20139,-2.75266,-1.32422,1.00895,-1.94565,1.10136,1.16858,2.20139,-0.00046922,0.00045518,-0.000282774,-0.000100475,-0.000562653,0.000186421,0.00175152,0,0,0,0,0,0,0,-0.176685,26.7383,-24.6374,7.44724,0.841692,2.49319,0.0194189,-0.193884,2.17871,-3.07268,1.88673,0.1824,0.917808,0.0685178
1724156,0.99,-2.75261,-1.32534,1.01104,-1.94698,1.10108,1.16772,2.20139,-2.75266,-1.32422,1.00895,-1.94565,1.10136,1.16858,2.20139,-0.000312813,0.000860266,-0.00139494,-6.69835e-05,0.0004387,0.000361639,-5.30264e-05,0,0,0,0,0,0,0,-0.176685,26.7144,-24.5858,7.44724,0.819719,2.48678,0.0523779,-0.193351,2.17759,-3.07016,1.88652,0.182379,0.917539,0.0684016
1724157,0.99,-2.75261,-1.32534,1.01104,-1.94698,1.10108,1.16772,2.20139,-2.75266,-1.32422,1.00895,-1.94565,1.10136,1.16858,2.20139,-0.000765354,0.00122312,-0.000280347,-0.000601468,-0.000114434,3.73404e-06,0.000710634,0,0,0,0,0,0,0,-0.152882,26.6867,-24.6136,7.47104,0.830705,2.49319,0.0322363,-0.190946,2.17386,-3.06567,1.88748,0.182437,0.917121,0.0682413
1724158,0.99,-2.75261,-1.32534,1.01104,-1.94698,1.10108,1.16772,2.20139,-2.75266,-1.32422,1.00895,-1.94565,1.10136,1.16858,2.20139,4.65759e-05,0.000165802,-0.000186898,0.000155834,-0.00027974,-0.000472229,-0.000509588,0,0,0,0,0,0,0,-0.176685,26.7144,-24.6136,7.44724,0.836199,2.50601,0.0587866,-0.187562,2.16917,-3.06085,1.88909,0.182541,0.91667,0.0680212
1724159,0.99,-2.75261,-1.32535,1.01104,-1.94698,1.10108,1.16772,2.20139,-2.75266,-1.32422,1.00895,-1.94565,1.10136,1.16858,2.20139,-0.000525761,-0.0016527,-0.000774213,0.000103889,-0.000186493,-0.000314819,0.000643619,0,0,0,0,0,0,0,-0.152882,26.7898,-24.5858,7.44724,0.836199,2.50601,0.0322363,-0.185338,2.16648,-3.05735,1.88987,0.182618,0.916286,0.0677384
1724160,0.99,-2.75261,-1.32534,1.01105,-1.94698,1.10108,1.16772,2.20139,-2.75266,-1.32422,1.00895,-1.94565,1.10136,1.16858,2.20139,-0.000350508,0.000661436,0.000133472,6.92593e-05,7.91216e-05,2.74796e-05,0.000903797,0,0,0,0,0,0,0,-0.152882,26.7144,-24.6136,7.44724,0.830705,2.4996,0.0194189,-0.184534,2.16625,-3.05522,1.88952,0.182663,0.915974,0.0673992
1724161,0.99,-2.75261,-1.32534,1.01105,-1.94698,1.10108,1.16772,2.20139,-2.75266,-1.32422,1.00895,-1.94565,1.10136,1.16858,2.20139,0.000972754,-0.000115855,0.000645793,4.61729e-05,0.000256198,-0.000219039,-0.000618172,0,0,0,0,0,0,0,-0.204456,26.7383,-24.6374,7.44724,0.825212,2.50601,0.0523779,-0.184682,2.1671,-3.05408,1.88858,0.182677,0.915755,0.0670022
1724162,0.99,-2.75261,-1.32534,1.01104,-1.94698,1.10108,1.16772,2.20139,-2.75266,-1.32422,1.00895,-1.94565,1.10136,1.16858,2.20139,0.000648503,0.000479575,-0.000775897,-0.00052603,0.000815059,-0.000146026,9.65118e-05,0,0,0,0,0,0,0,-0.204456,26.7144,-24.5858,7.47104,0.807817,2.50601,0.038645,-0.186421,2.16843,-3.05328,1.88699,0.182628,0.91563,0.066543
1724163,0.99,-2.75261,-1.32534,1.01104,-1.94698,1.10108,1.16772,2.20139,-2.75266,-1.32422,1.00895,-1.94565,1.10136,1.16858,2.20139,0.000432335,-0.000886709,0.000132349,0.000206125,-0.000304338,0.000140008,-0.000206926,0,0,0,0,0,0,0,-0.204456,26.766,-24.6136,7.44724,0.830705,2.4996,0.0459692,-0.18934,2.17003,-3.05218,1.88495,0.182532,0.915538,0.0660366
1724164,0.99,-2.75261,-1.32534,1.01104,-1.94698,1.10108,1.16772,2.20139,-2.75266,-1.32422,1.00895,-1.94565,1.10136,1.16858,2.20139,-0.00036139,5.84747e-05,-0.00111819,-0.000419395,5.58549e-07,0.000568057,0.000370676,0,0,0,0,0,0,0,-0.176685,26.7383,-24.562,7.47104,0.825212,2.48678,0.0322363,-0.19206,2.17167,-3.05079,1.883,0.182437,0.915428,0.0655
1724165,0.99,-2.75261,-1.32534,1.01105,-1.94698,1.10108,1.16772,2.20139,-2.75266,-1.32422,1.00895,-1.94565,1.10136,1.16858,2.20139,-0.000240927,0.000595795,0.00157459,-0.000929211,3.72366e-07,0.000141346,9.75809e-06,0,0,0,0,0,0,0,-0.176685,26.7144,-24.6612,7.49881,0.825212,2.49319,0.038645,-0.192782,2.1724,-3.04943,1.88227,0.182417,0.915305,0.0649465
1724166,0.99,-2.75261,-1.32534,1.01105,-1.94698,1.10108,1.16772,2.20138,-2.75266,-1.32422,1.00895,-1.94565,1.10136,1.16858,2.20139,-0.00136704,0.000397197,0.000492913,0.00114376,2.48244e-07,-0.000143129,-0.0012142,0,0,0,0,0,0,0,-0.125111,26.7144,-24.6374,7.42344,0.825212,2.4996,0.071604,-0.190895,2.17217,-3.04908,1.88297,0.182469,0.915213,0.0643832
1724167,0.99,-2.75261,-1.32534,1.01105,-1.94698,1.10108,1.16772,2.20138,-2.75266,-1.32422,1.00895,-1.94565,1.10136,1.16858,2.20139,-0.000911363,-0.000292014,-0.000228203,0.000205697,1.65496e-07,0.000379299,-0.00128418,0,0,0,0,0,0,0,-0.125111,26.7383,-24.6136,7.44724,0.825212,2.48678,0.0844213,-0.187549,2.17167,-3.04932,1.88398,0.18252,0.915089,0.0638223
1724168,0.99,-2.75261,-1.32534,1.01104,-1.94697,1.10108,1.16772,2.20138,-2.75266,-1.32422,1.00895,-1.94565,1.10136,1.16858,2.20139,0.00124846,0.000362136,-0.000801749,0.00125076,-0.00020334,0.000252866,-0.000618763,0,0,0,0,0,0,0,-0.204456,26.7144,-24.5858,7.39963,0.830705,2.48678,0.0780126,-0.185478,2.17132,-3.04851,1.88389,0.182482,0.914862,0.0633015
1724169,0.99,-2.75261,-1.32534,1.01104,-1.94698,1.10108,1.16772,2.20138,-2.75266,-1.32422,1.00895,-1.94565,1.10136,1.16858,2.20139,0.000182696,-0.000315388,0.000115114,-0.00148621,-0.00013556,-0.0005435,-0.00017515,0,0,0,0,0,0,0,-0.176685,26.7383,-24.6136,7.49881,0.830705,2.50601,0.071604,-0.186137,2.17143,-3.04657,1.88249,0.182348,0.914598,0.0628652
1724170,0.99,-2.75261,-1.32534,1.01104,-1.94698,1.10108,1.16772,2.20138,-2.75266,-1.32422,1.00895,-1.94565,1.10136,1.16858,2.20139,-0.000435015,-0.000210259,-0.000572871,-0.000341195,0.000113077,0.000349744,-0.000116767,0,0,0,0,0,0,0,-0.152882,26.7383,-24.5858,7.47104,0.825212,2.48678,0.071604,-0.186982,2.17152,-3.0445,1.88158,0.182268,0.914363,0.0625351
1724171,0.99,-2.75261,-1.32534,1.01104,-1.94698,1.10108,1.16772,2.20138,-2.75266,-1.32422,1.00895,-1.94565,1.10136,1.16858,2.20139,0.000266802,-0.000789786,0.0002677,-0.000227463,-0.000128066,-0.000241555,-0.001502,0,0,0,0,0,0,0,-0.176685,26.766,-24.6136,7.47104,0.830705,2.4996,0.110056,-0.186957,2.17175,-3.04287,1.8814,0.182265,0.914151,0.0623057
1724172,0.99,-2.75261,-1.32534,1.01104,-1.94698,1.10108,1.16772,2.20138,-2.75266,-1.32422,1.00895,-1.94565,1.10136,1.16858,2.20139,-0.000378944,0.00012309,0.000735279,0.00040517,-8.53772e-05,-0.000161037,0.000422822,0,0,0,0,0,0,0,-0.152882,26.7383,-24.6374,7.44724,0.830705,2.4996,0.071604,-0.187119,2.17288,-3.04217,1.88097,0.182251,0.913983,0.0621795
1724173,0.99,-2.75261,-1.32534,1.01104,-1.94698,1.10108,1.16772,2.20138,-2.75266,-1.32422,1.00895,-1.94565,1.10136,1.16858,2.20139,-0.000252629,0.000638872,-0.00127305,-0.000286699,0.000146532,-0.000107358,-0.000904914,0,0,0,0,0,0,0,-0.152882,26.7144,-24.562,7.47104,0.825212,2.4996,0.103647,-0.186843,2.1735,-3.04139,1.88066,0.182234,0.9138,0.0621693
1724174,0.99,-2.75261,-1.32534,1.01104,-1.94698,1.10108,1.16772,2.20139,-2.75266,-1.32422,1.00895,-1.94565,1.10136,1.16858,2.20139,0.000388392,0.000425914,0.000357724,-0.000191132,-0.000309213,-0.000308931,0.00153295,0,0,0,0,0,0,0,-0.176685,26.7144,-24.6136,7.47104,0.836199,2.50601,0.0459692,-0.185899,2.1724,-3.03916,1.88083,0.182236,0.913543,0.0622698
1724175,0.99,-2.75261,-1.32534,1.01104,-1.94698,1.10108,1.16772,2.20138,-2.75266,-1.32422,1.00895,-1.94565,1.10136,1.16858,2.20139,0.000258928,0.000283943,-0.000967943,0.00042939,0.000200759,0.000268764,7.25341e-05,0,0,0,0,0,0,0,-0.176685,26.7144,-24.562,7.44724,0.825212,2.49319,0.071604,-0.185483,2.1707,-3.0361,1.88083,0.182219,0.913265,0.0624533
1724176,0.99,-2.75261,-1.32534,1.01104,-1.94698,1.10108,1.16772,2.20138,-2.75266,-1.32422,1.00895,-1.94565,1.10136,1.16858,2.20139,0.000172619,-0.000367517,-0.000645295,-0.000270552,-0.000273062,0.000416535,-0.000426362,0,0,0,0,0,0,0,-0.176685,26.7383,-24.562,7.47104,0.836199,2.48678,0.0844213,-0.186026,2.1693,-3.03261,1.88022,0.182169,0.912972,0.0626734
1724177,0.99,-2.75261,-1.32534,1.01104,-1.94698,1.10108,1.16772,2.20138,-2.75266,-1.32422,1.00895,-1.94565,1.10136,1.16858,2.20139,-0.000441733,-0.000245011,0.000126615,0.000376444,0.00022486,-0.000671746,-0.000284241,0,0,0,0,0,0,0,-0.152882,26.7383,-24.5858,7.44724,0.825212,2.51242,0.0844213,-0.186718,2.16857,-3.0294,1.87941,0.182127,0.912692,0.0629079
1724178,0.99,-2.75261,-1.32534,1.01104,-1.94698,1.10108,1.16772,2.20139,-2.75266,-1.32422,1.00895,-1.94565,1.10136,1.16858,2.20139,0.000262323,0.000393471,0.000734024,-0.000305849,0.000149907,-0.000210472,0.00174329,0,0,0,0,0,0,0,-0.176685,26.7144,-24.6136,7.47104,0.825212,2.50601,0.0322363,-0.186908,2.16864,-3.02759,1.87882,0.182113,0.912502,0.0631674
1724179,0.99,-2.75261,-1.32534,1.01104,-1.94698,1.10108,1.16772,2.20138,-2.75266,-1.32422,1.00895,-1.94565,1.10136,1.16858,2.20139,0.000174882,0.000911928,0.000489349,-0.000203899,-0.000103513,0.000571762,-0.00053323,0,0,0,0,0,0,0,-0.176685,26.6867,-24.6136,7.47104,0.830705,2.48678,0.0780126,-0.186539,2.16871,-3.02682,1.87869,0.182121,0.912411,0.0634378
1724180,0.99,-2.75261,-1.32534,1.01104,-1.94698,1.10108,1.16772,2.20138,-2.75266,-1.32422,1.00895,-1.94565,1.10136,1.16858,2.20139,0.000116588,-0.000598474,-0.000323381,-0.000785547,-6.90085e-05,-0.000330902,-0.000592846,0,0,0,0,0,0,0,-0.176685,26.7383,-24.5858,7.49881,0.830705,2.50601,0.0844213,-0.185793,2.16837,-3.02619,1.87906,0.182157,0.912364,0.063684
1724181,0.99,-2.75261,-1.32534,1.01104,-1.94698,1.10108,1.16772,2.20139,-2.75266,-1.32422,1.00895,-1.94565,1.10136,1.16858,2.20139,7.77255e-05,0.000157829,0.000434027,0.000125916,-0.000893716,-0.000220601,0.00153755,0,0,0,0,0,0,0,-0.176685,26.7144,-24.6136,7.47104,0.853594,2.50601,0.0322363,-0.1851,2.16826,-3.02557,1.87954,0.182219,0.912328,0.0639044
1724182,0.99,-2.75261,-1.32534,1.01104,-1.94698,1.10108,1.16772,2.20139,-2.75266,-1.32422,1.00895,-1.94565,1.10136,1.16858,2.20139,0.000701431,-0.000451592,-0.000360263,0.00119757,-0.000155001,-0.000147068,4.16887e-05,0,0,0,0,0,0,0,-0.204456,26.7383,-24.5858,7.42344,0.841692,2.50601,0.0587866,-0.185631,2.16904,-3.02502,1.87913,0.18224,0.912291,0.0640999
1724183,0.99,-2.75261,-1.32534,1.01104,-1.94698,1.10108,1.16772,2.20139,-2.75266,-1.32422,1.00895,-1.94565,1.10136,1.16858,2.20139,0.000467621,-0.000301062,0.000966251,0.000241567,0.000303567,0.000376673,0.00101114,0,0,0,0,0,0,0,-0.204456,26.7383,-24.6374,7.44724,0.830705,2.49319,0.0322363,-0.188145,2.1711,-3.0247,1.8772,0.182178,0.912266,0.0642439
1724184,0.99,-2.75261,-1.32534,1.01104,-1.94698,1.10108,1.16772,2.20138,-2.75266,-1.32422,1.00895,-1.94565,1.10136,1.16858,2.20139,-0.000894679,0.000356104,8.73551e-05,0.000717856,0.000202378,1.37563e-05,-0.00149605,0,0,0,0,0,0,0,-0.152882,26.7144,-24.6136,7.42344,0.830705,2.4996,0.09083,-0.190613,2.17342,-3.02482,1.87504,0.182127,0.912257,0.0643209
1724185,0.99,-2.75261,-1.32534,1.01104,-1.94698,1.10108,1.16772,2.20139,-2.75266,-1.32422,1.00895,-1.94565,1.10136,1.16858,2.20139,-0.000596453,0.000887017,0.000615049,-7.8241e-05,0.000338369,0.000483889,0.000426788,0,0,0,0,0,0,0,-0.152882,26.6867,-24.6374,7.44724,0.825212,2.48678,0.0523779,-0.190446,2.17397,-3.02471,1.87428,0.182184,0.912206,0.0643434
1724186,0.99,-2.75261,-1.32534,1.01104,-1.94698,1.10108,1.16772,2.20139,-2.75266,-1.32422,1.00895,-1.94565,1.10136,1.16858,2.20139,-0.000397635,-0.000615081,-0.000796393,-0.000608973,0.000225579,-0.000152125,0.000521885,0,0,0,0,0,0,0,-0.152882,26.7383,-24.5858,7.47104,0.825212,2.4996,0.0459692,-0.187912,2.17262,-3.0238,1.87504,0.182354,0.912089,0.0643387
1724187,0.99,-2.75261,-1.32534,1.01104,-1.94698,1.10108,1.16772,2.20139,-2.75266,-1.32422,1.00895,-1.94565,1.10136,1.16858,2.20139,0.000291722,-0.000410054,-0.000530929,0.00015083,-0.000459965,0.000135942,0.000347923,0,0,0,0,0,0,0,-0.176685,26.7383,-24.5858,7.44724,0.841692,2.49319,0.0459692,-0.185335,2.17097,-3.02209,1.87612,0.182565,0.911923,0.0643072
1724188,0.99,-2.75261,-1.32534,1.01104,-1.94698,1.10108,1.16772,2.20139,-2.75266,-1.32422,1.00895,-1.94565,1.10136,1.16858,2.20139,-0.00101194,-0.00027337,0.000295661,-0.000456258,0.000507159,9.0628e-05,0.000503216,0,0,0,0,0,0,0,-0.125111,26.7383,-24.6136,7.47104,0.819719,2.49319,0.038645,-0.183383,2.16984,-3.0202,1.87692,0.182768,0.911739,0.0642327
1724189,0.99,-2.75261,-1.32534,1.01104,-1.94698,1.10108,1.16772,2.20138,-2.75266,-1.32422,1.00895,-1.94565,1.10136,1.16858,2.20139,-2.50158e-05,0.000374566,-0.000452506,-0.000953786,-0.000272246,0.000297778,-0.000647867,0,0,0,0,0,0,0,-0.152882,26.7144,-24.5858,7.49881,0.836199,2.48678,0.0651953,-0.18069,2.16844,-3.01852,1.8783,0.183004,0.911562,0.06411
1724190,0.99,-2.75261,-1.32534,1.01104,-1.94698,1.10108,1.16772,2.20139,-2.75266,-1.32422,1.00895,-1.94565,1.10136,1.16858,2.20139,0.000540135,-0.000307102,-0.000301671,0.000570568,0.000225404,-0.000276199,0.00102615,0,0,0,0,0,0,0,-0.176685,26.7383,-24.5858,7.44724,0.825212,2.4996,0.0258276,-0.178333,2.16674,-3.01652,1.87969,0.183219,0.911375,0.0639406
1724191,0.99,-2.75261,-1.32534,1.01104,-1.94698,1.10108,1.16772,2.20139,-2.75266,-1.32422,1.00895,-1.94565,1.10136,1.16858,2.20139,-0.000196722,0.000352078,0.0004485,0.000380379,0.000150269,-0.000421492,0.000209383,0,0,0,0,0,0,0,-0.152882,26.7144,-24.6136,7.44724,0.825212,2.50601,0.038645,-0.177925,2.16584,-3.01454,1.87982,0.183312,0.911191,0.063729
1724192,0.99,-2.75261,-1.32534,1.01104,-1.94698,1.10108,1.16772,2.20139,-2.75266,-1.32422,1.00895,-1.94565,1.10136,1.16858,2.20139,0.000425664,0.000234718,0.000299,-0.000303226,0.00030363,0.000193723,0.000614306,0,0,0,0,0,0,0,-0.176685,26.7144,-24.6136,7.47104,0.819719,2.49319,0.0258276,-0.178405,2.16557,-3.0132,1.87926,0.183323,0.91105,0.0634687
1724193,0.99,-2.75261,-1.32534,1.01104,-1.94698,1.10108,1.16772,2.20139,-2.75266,-1.32422,1.00895,-1.94565,1.10136,1.16858,2.20139,-0.000273036,0.000156479,-0.000450281,0.000354661,-0.000204481,-0.00010821,-0.000811166,0,0,0,0,0,0,0,-0.152882,26.7144,-24.5858,7.44724,0.830705,2.4996,0.0587866,-0.178826,2.16518,-3.01201,1.87877,0.183309,0.910927,0.0631483
1724194,0.99,-2.75261,-1.32534,1.01104,-1.94698,1.10108,1.16772,2.20139,-2.75266,-1.32422,1.00895,-1.94565,1.10136,1.16858,2.20139,0.000374788,0.000104319,-0.000856999,0.000236441,-0.000136321,-7.21401e-05,0.000205208,0,0,0,0,0,0,0,-0.176685,26.7144,-24.562,7.44724,0.830705,2.4996,0.038645,-0.179341,2.16439,-3.01004,1.87816,0.183268,0.910754,0.0627722
1724195,0.99,-2.75261,-1.32534,1.01104,-1.94698,1.10108,1.16772,2.20139,-2.75266,-1.32422,1.00895,-1.94565,1.10136,1.16858,2.20139,0.000249859,6.95462e-05,-1.45207e-05,-0.0010488,-9.08805e-05,-4.80934e-05,0.000374164,0,0,0,0,0,0,0,-0.176685,26.7144,-24.5858,7.49881,0.830705,2.4996,0.0322363,-0.17995,2.16328,-3.00742,1.87763,0.183226,0.910555,0.0623624
1724196,0.99,-2.75261,-1.32534,1.01104,-1.94698,1.10108,1.16772,2.20139,-2.75266,-1.32422,1.00895,-1.94565,1.10136,1.16858,2.20139,0.000166572,4.63641e-05,-9.68049e-06,0.00106404,-0.000264037,-0.00050678,0.000249443,0,0,0,0,0,0,0,-0.176685,26.7144,-24.5858,7.42344,0.836199,2.51242,0.0322363,-0.180585,2.16242,-3.00517,1.87725,0.183196,0.910404,0.0619294
1724197,0.99,-2.75261,-1.32534,1.01104,-1.94698,1.10108,1.16772,2.20139,-2.75266,-1.32422,1.00895,-1.94565,1.10136,1.16858,2.20139,-0.000445764,-0.000525903,0.00119997,-0.00105388,2.74255e-05,0.000374223,0.000166295,0,0,0,0,0,0,0,-0.152882,26.7383,-24.6374,7.49881,0.830705,2.49319,0.0322363,-0.180953,2.16253,-3.00433,1.87689,0.183178,0.910347,0.0614676
1724198,0.99,-2.75261,-1.32534,1.01104,-1.94698,1.10108,1.16772,2.20139,-2.75266,-1.32422,1.00895,-1.94565,1.10136,1.16858,2.20139,-0.00094679,-0.000350602,0.00024317,-0.000702586,0.000662544,0.000486841,-0.000397763,0,0,0,0,0,0,0,-0.125111,26.7383,-24.6136,7.49881,0.81331,2.48678,0.0459692,-0.179624,2.16327,-3.00524,1.8775,0.183253,0.910389,0.0609758
1724199,0.99,-2.75261,-1.32534,1.01104,-1.94698,1.10108,1.16772,2.20139,-2.75266,-1.32422,1.00895,-1.94565,1.10136,1.16858,2.20139,1.84208e-05,-0.000883348,0.000162113,0.00129485,-0.000202564,-0.000624875,-0.000265175,0,0,0,0,0,0,0,-0.152882,26.766,-24.6136,7.42344,0.830705,2.51242,0.0459692,-0.177385,2.16441,-3.00685,1.8785,0.183364,0.910449,0.0604591
1724200,0.99,-2.75261,-1.32534,1.01104,-1.94698,1.10108,1.16772,2.20139,-2.75266,-1.32422,1.00895,-1.94565,1.10136,1.16858,2.20139,-0.000637333,6.0715e-05,0.000108075,-0.000250392,0.000271858,5.81346e-05,9.44839e-05,0,0,0,0,0,0,0,-0.125111,26.7383,-24.6136,7.47104,0.819719,2.4996,0.038645,-0.176119,2.16603,-3.00816,1.87856,0.183389,0.910467,0.0599322
1724201,1,-2.75261,-1.32534,1.01104,-1.94698,1.10108,1.16772,2.20139,-2.75266,-1.32422,1.00895,-1.94565,1.10136,1.16858,2.20139,-0.000424889,0.0012469,-0.000577564,0.000389884,-2.22117e-05,3.87564e-05,0.000537707,0,0,0,0,0,0,0,-0.125111,26.6867,-24.5858,7.44724,0.825212,2.4996,0.0258276,-0.174606,2.16624,-3.00807,1.8787,0.183382,0.910404,0.0594131
1724202,1,-2.75261,-1.32534,1.01104,-1.94698,1.10108,1.16772,2.20139,-2.75266,-1.32422,1.00895,-1.94565,1.10136,1.16858,2.20139,0.00157278,-0.000375158,-0.000385042,-0.000296889,-0.000218258,0.000263197,-0.000387514,0,0,0,0,0,0,0,-0.204456,26.7383,-24.5858,7.47104,0.830705,2.49319,0.0459692,-0.173457,2.16473,-3.00608,1.87891,0.183339,0.910266,0.0588977
1724203,1,-2.75261,-1.32534,1.01104,-1.94698,1.10108,1.16772,2.20139,-2.75266,-1.32422,1.00895,-1.94565,1.10136,1.16858,2.20139,-0.000157906,0.000306707,0.000392919,-0.00084754,5.7945e-05,-6.18946e-05,0.000487643,0,0,0,0,0,0,0,-0.152882,26.7144,-24.6136,7.49881,0.825212,2.4996,0.0258276,-0.174052,2.16351,-3.00364,1.87857,0.183242,0.910159,0.058377
1724204,1,-2.75261,-1.32534,1.01105,-1.94698,1.10108,1.16772,2.20139,-2.75266,-1.32422,1.00895,-1.94565,1.10136,1.16858,2.20139,-0.00010527,-0.000352341,0.00137557,8.45871e-05,-0.000164821,-4.12631e-05,-0.00042089,0,0,0,0,0,0,0,-0.152882,26.7383,-24.6612,7.47104,0.830705,2.4996,0.0459692,-0.174538,2.16321,-3.00264,1.87852,0.183173,0.910159,0.0578553
1724205,1,-2.75261,-1.32534,1.01104,-1.94698,1.10108,1.16772,2.20139,-2.75266,-1.32422,1.00895,-1.94565,1.10136,1.16858,2.20139,-0.000719794,0.000321918,-0.000196577,-0.000593223,-0.00010988,0.000684568,-0.000280593,0,0,0,0,0,0,0,-0.125111,26.7144,-24.6136,7.49881,0.830705,2.48037,0.0459692,-0.173615,2.16328,-3.00305,1.87918,0.183161,0.910213,0.0573352
1724206,1,-2.75261,-1.32534,1.01104,-1.94698,1.10108,1.16772,2.20139,-2.75266,-1.32422,1.00895,-1.94565,1.10136,1.16858,2.20139,0.00137618,-0.0003422,-0.000780665,0.000254132,-7.32536e-05,-1.83391e-05,-0.000187062,0,0,0,0,0,0,0,-0.204456,26.7383,-24.5858,7.47104,0.830705,2.49319,0.0459692,-0.172714,2.16307,-3.00287,1.87979,0.183149,0.9102,0.0568221
1724207,1,-2.75261,-1.32534,1.01104,-1.94698,1.10108,1.16772,2.20139,-2.75266,-1.32422,1.00895,-1.94565,1.10136,1.16858,2.20139,-0.000938588,-0.000228133,-0.000520444,0.000169421,0.000154615,-1.22261e-05,-0.000362067,0,0,0,0,0,0,0,-0.125111,26.7383,-24.5858,7.47104,0.825212,2.49319,0.0523779,-0.173162,2.1628,-3.00132,1.87956,0.183083,0.910074,0.0563277
1724208,1,-2.75261,-1.32534,1.01104,-1.94698,1.10108,1.16772,2.20139,-2.75266,-1.32422,1.00895,-1.94565,1.10136,1.16858,2.20139,-0.000625726,0.000404723,0.000859463,0.000112948,0.000306527,-8.15073e-06,-0.000241378,0,0,0,0,0,0,0,-0.125111,26.7144,-24.6374,7.47104,0.819719,2.49319,0.0523779,-0.173002,2.16234,-2.99971,1.87943,0.183025,0.909891,0.0558672
1724209,1,-2.75261,-1.32534,1.01104,-1.94698,1.10108,1.16772,2.20139,-2.75266,-1.32422,1.00895,-1.94565,1.10136,1.16858,2.20139,0.000232464,-0.000286997,0.000572976,0.00063211,0.000204351,-0.000242793,-0.000160919,0,0,0,0,0,0,0,-0.152882,26.7383,-24.6374,7.44724,0.819719,2.4996,0.0523779,-0.171818,2.16206,-2.99924,1.87965,0.182982,0.909741,0.055453
1724210,1,-2.75261,-1.32534,1.01104,-1.94698,1.10108,1.16772,2.20139,-2.75266,-1.32422,1.00895,-1.94565,1.10136,1.16858,2.20139,0.000154976,-0.000191331,-0.000174828,-0.000135405,-0.000270667,-0.000161862,-0.000344638,0,0,0,0,0,0,0,-0.152882,26.7383,-24.6136,7.47104,0.830705,2.4996,0.0587866,-0.171562,2.16272,-2.99959,1.87928,0.182885,0.909642,0.0550862
1724211,1,-2.75261,-1.32534,1.01104,-1.94698,1.10108,1.16772,2.20139,-2.75266,-1.32422,1.00895,-1.94565,1.10136,1.16858,2.20139,0.000103317,-0.000127554,-0.000116552,0.00102335,2.3006e-05,-0.000345267,0.000244959,0,0,0,0,0,0,0,-0.152882,26.7383,-24.6136,7.42344,0.825212,2.50601,0.0459692,-0.172385,2.16378,-2.99966,1.87831,0.182739,0.909536,0.0547672
1724212,1,-2.75261,-1.32534,1.01105,-1.94698,1.10108,1.16772,2.20139,-2.75266,-1.32422,1.00895,-1.94565,1.10136,1.16858,2.20139,0.0012753,-8.5036e-05,0.00103592,-0.000431388,-0.000188113,7.18105e-06,-7.40528e-05,0,0,0,0,0,0,0,-0.204456,26.7383,-24.6612,7.47104,0.830705,2.4996,0.0523779,-0.1743,2.16524,-2.99971,1.87677,0.18255,0.909457,0.0544954
1724213,1,-2.75261,-1.32534,1.01104,-1.94698,1.10108,1.16772,2.20139,-2.75266,-1.32422,1.00895,-1.94565,1.10136,1.16858,2.20139,-0.000356223,-5.66907e-05,-0.00107262,-0.000287592,-0.000125409,-0.000232572,0.000696617,0,0,0,0,0,0,0,-0.152882,26.7383,-24.5858,7.47104,0.830705,2.50601,0.0322363,-0.176543,2.16669,-2.99978,1.87535,0.182376,0.909426,0.0542632
1724214,1,-2.75261,-1.32534,1.01104,-1.94698,1.10108,1.16772,2.20139,-2.75266,-1.32422,1.00895,-1.94565,1.10136,1.16858,2.20139,-0.000237482,-0.00124422,-6.5468e-05,-0.000841342,0.000119845,-0.000392407,-0.000518933,0,0,0,0,0,0,0,-0.152882,26.7898,-24.6136,7.49881,0.825212,2.51242,0.0587866,-0.177318,2.16725,-2.99926,1.87507,0.182311,0.909376,0.0540554
1724215,1,-2.75261,-1.32534,1.01104,-1.94698,1.10108,1.16772,2.20139,-2.75266,-1.32422,1.00895,-1.94565,1.10136,1.16858,2.20139,-0.000158321,0.000376946,-4.36453e-05,0.00120234,-0.000123554,0.000450472,-0.000345955,0,0,0,0,0,0,0,-0.152882,26.7383,-24.6136,7.42344,0.830705,2.49319,0.0587866,-0.176871,2.16752,-2.99858,1.87538,0.182311,0.909311,0.0538582
1724216,1,-2.75261,-1.32534,1.01104,-1.94698,1.10108,1.16772,2.20139,-2.75266,-1.32422,1.00895,-1.94565,1.10136,1.16858,2.20139,-0.000105548,-0.000398317,-2.90969e-05,0.00024475,-8.23694e-05,6.2956e-05,6.72203e-06,0,0,0,0,0,0,0,-0.152882,26.766,-24.6136,7.44724,0.830705,2.4996,0.0523779,-0.176402,2.1678,-2.99795,1.87531,0.18228,0.909239,0.0536773
1724217,1,-2.75261,-1.32534,1.01105,-1.94698,1.10108,1.16772,2.20139,-2.75266,-1.32422,1.00895,-1.94565,1.10136,1.16858,2.20139,0.000486447,0.000940882,0.00109423,0.000719979,0.000351988,4.19707e-05,0.00122518,0,0,0,0,0,0,0,-0.176685,26.7144,-24.6612,7.42344,0.819719,2.4996,0.0194189,-0.17625,2.16801,-2.99751,1.87483,0.182205,0.909187,0.0535245
1724218,1,-2.75261,-1.32534,1.01104,-1.94698,1.10108,1.16772,2.20138,-2.75266,-1.32422,1.00895,-1.94565,1.10136,1.16858,2.20139,0.000324298,7.04424e-05,-0.00038414,-0.00128325,3.12082e-05,-0.000209379,-0.00159071,0,0,0,0,0,0,0,-0.176685,26.7383,-24.6136,7.49881,0.825212,2.50601,0.0844213,-0.176089,2.16778,-2.9973,1.87459,0.182136,0.909193,0.0533885
1724219,1,-2.75261,-1.32534,1.01104,-1.94698,1.10108,1.16772,2.20139,-2.75266,-1.32422,1.00895,-1.94565,1.10136,1.16858,2.20139,-0.000340613,-0.000602652,-0.000256093,-0.000205887,-0.000182645,9.77733e-05,-0.000111036,0,0,0,0,0,0,0,-0.152882,26.766,-24.6136,7.47104,0.830705,2.4996,0.0587866,-0.175201,2.16689,-2.99677,1.87523,0.182139,0.909216,0.0532567
1724220,1,-2.75261,-1.32534,1.01104,-1.94698,1.10108,1.16772,2.20139,-2.75266,-1.32422,1.00895,-1.94565,1.10136,1.16858,2.20139,0.000329736,0.000804658,-0.000820343,-0.000137258,0.000285138,-0.000172177,-7.40242e-05,0,0,0,0,0,0,0,-0.176685,26.7144,-24.5858,7.47104,0.819719,2.50601,0.0587866,-0.173733,2.16547,-2.99548,1.87637,0.182189,0.909196,0.0531488
1724221,1,-2.75261,-1.32534,1.01104,-1.94698,1.10108,1.16772,2.20139,-2.75266,-1.32422,1.00895,-1.94565,1.10136,1.16858,2.20139,-0.000336988,-0.000669987,0.000659531,-9.15055e-05,-0.000216809,0.000359933,0.000425368,0,0,0,0,0,0,0,-0.152882,26.766,-24.6374,7.47104,0.830705,2.49319,0.0459692,-0.172265,2.16389,-2.99388,1.87743,0.182229,0.909149,0.0530811
1724222,1,-2.75261,-1.32534,1.01104,-1.94698,1.10108,1.16772,2.20138,-2.75266,-1.32422,1.00895,-1.94565,1.10136,1.16858,2.20139,0.000332153,0.000202956,-0.000117125,-0.000710618,-0.00034799,2.59664e-06,-0.000903216,0,0,0,0,0,0,0,-0.176685,26.7383,-24.6136,7.49881,0.836199,2.4996,0.0780126,-0.17085,2.16302,-2.9931,1.87843,0.182269,0.90915,0.0530446
1724223,1,-2.75261,-1.32534,1.01104,-1.94698,1.10108,1.16772,2.20138,-2.75266,-1.32422,1.00895,-1.94565,1.10136,1.16858,2.20139,-0.000335376,0.000692116,-0.000727697,0.00128949,0.000174908,1.7311e-06,-0.00131422,0,0,0,0,0,0,0,-0.152882,26.7144,-24.5858,7.42344,0.825212,2.4996,0.0972387,-0.169638,2.16219,-2.99231,1.87924,0.182292,0.909141,0.053036
1724224,1,-2.75261,-1.32534,1.01104,-1.94698,1.10108,1.16772,2.20138,-2.75266,-1.32422,1.00895,-1.94565,1.10136,1.16858,2.20139,0.000333228,-9.54015e-05,0.000721294,-0.000253962,0.000116605,0.000475872,-0.00016407,0,0,0,0,0,0,0,-0.176685,26.7383,-24.6374,7.47104,0.825212,2.48678,0.0780126,-0.168964,2.16111,-2.99101,1.87947,0.18226,0.909079,0.0530804
1724225,1,-2.75261,-1.32534,1.01104,-1.94698,1.10108,1.16772,2.20138,-2.75266,-1.32422,1.00895,-1.94565,1.10136,1.16858,2.20139,-0.00033466,-0.000713215,0.000480863,-0.000818922,7.77368e-05,-0.00015747,-0.000346739,0,0,0,0,0,0,0,-0.152882,26.766,-24.6374,7.49881,0.825212,2.4996,0.0844213,-0.168478,2.16104,-2.99089,1.87958,0.182234,0.909078,0.0532089
1724226,1,-2.75261,-1.32534,1.01104,-1.94698,1.10108,1.16772,2.20138,-2.75266,-1.32422,1.00895,-1.94565,1.10136,1.16858,2.20139,0.000333705,0.00138056,-0.000236237,0.000103666,-0.000558527,-0.000579698,-0.000231159,0,0,0,0,0,0,0,-0.176685,26.6867,-24.6136,7.47104,0.841692,2.51242,0.0844213,-0.16756,2.1613,-2.99158,1.88023,0.182259,0.909131,0.0534293
1724227,1,-2.75261,-1.32534,1.01104,-1.94698,1.10108,1.16772,2.20138,-2.75266,-1.32422,1.00895,-1.94565,1.10136,1.16858,2.20139,0.000872084,0.000270762,0.000399321,-0.000580503,0.000238,-0.000149106,-0.000154106,0,0,0,0,0,0,0,-0.204456,26.7144,-24.6374,7.49881,0.825212,2.50601,0.0844213,-0.166875,2.16064,-2.99155,1.88103,0.182281,0.909167,0.0537356
1724228,1,-2.75261,-1.32534,1.01105,-1.94698,1.10108,1.16772,2.20138,-2.75266,-1.32422,1.00895,-1.94565,1.10136,1.16858,2.20139,-0.00127465,0.000180508,0.000823026,0.000819424,-0.000248234,0.000137955,-0.000340096,0,0,0,0,0,0,0,-0.125111,26.7144,-24.6612,7.44724,0.836199,2.4996,0.09083,-0.166448,2.15991,-2.99162,1.88167,0.182289,0.909216,0.0541186
1724229,1,-2.75262,-1.32534,1.01105,-1.94698,1.10108,1.16772,2.20138,-2.75266,-1.32422,1.00895,-1.94565,1.10136,1.16858,2.20139,-0.00140658,-0.000436473,0.000548684,0.000546282,3.7961e-05,9.19698e-05,0.000247987,0,0,0,0,0,0,0,-0.101307,26.7383,-24.6612,7.44724,0.830705,2.4996,0.0780126,-0.164679,2.1598,-2.9929,1.88245,0.182337,0.909271,0.0545689
1724230,1,-2.75261,-1.32534,1.01105,-1.94698,1.10108,1.16772,2.20138,-2.75266,-1.32422,1.00895,-1.94565,1.10136,1.16858,2.20139,-0.000380907,0.00147226,0.000365789,0.000364188,0.000432208,-0.000413405,-7.20343e-05,0,0,0,0,0,0,0,-0.125111,26.6629,-24.6612,7.44724,0.819719,2.51242,0.0844213,-0.161452,2.15945,-2.99455,1.88356,0.182424,0.909292,0.0550781
1724231,1,-2.75261,-1.32534,1.01104,-1.94698,1.10108,1.16772,2.20139,-2.75266,-1.32422,1.00895,-1.94565,1.10136,1.16858,2.20139,0.0016021,-0.000781734,-0.000869764,0.000242792,-0.000118762,0.000199115,-4.80229e-05,0,0,0,0,0,0,0,-0.204456,26.7383,-24.6136,7.44724,0.830705,2.4996,0.0844213,-0.159706,2.15879,-2.99513,1.88391,0.182452,0.909285,0.0556284
1724232,1,-2.75261,-1.32534,1.01104,-1.94698,1.10108,1.16772,2.20138,-2.75266,-1.32422,1.00895,-1.94565,1.10136,1.16858,2.20139,0.000418454,-0.000521156,-0.00122946,-0.00160138,0.000565085,0.000132743,-0.000269374,0,0,0,0,0,0,0,-0.176685,26.7383,-24.5858,7.52262,0.81331,2.4996,0.09083,-0.161247,2.15882,-2.99423,1.88293,0.182399,0.909266,0.0562014
1724233,1,-2.75261,-1.32534,1.01105,-1.94698,1.10108,1.16772,2.20138,-2.75266,-1.32422,1.00895,-1.94565,1.10136,1.16858,2.20139,0.000278969,0.000858988,0.00159321,0.00125247,-6.4086e-05,-0.000148863,0.000295135,0,0,0,0,0,0,0,-0.176685,26.6867,-24.689,7.42344,0.825212,2.50601,0.0780126,-0.163941,2.15932,-2.99309,1.8817,0.18233,0.909277,0.0567975
1724234,1,-2.75261,-1.32534,1.01104,-1.94698,1.10108,1.16772,2.20138,-2.75266,-1.32422,1.00895,-1.94565,1.10136,1.16858,2.20139,0.000835593,-7.6955e-05,-0.000144283,0.000278165,-0.000246175,0.000375476,-0.00051532,0,0,0,0,0,0,0,-0.204456,26.7144,-24.6374,7.44724,0.830705,2.49319,0.0972387,-0.166812,2.16022,-2.993,1.88018,0.182207,0.909353,0.0574159
1724235,1,-2.75261,-1.32534,1.01104,-1.94698,1.10108,1.16772,2.20138,-2.75266,-1.32422,1.00895,-1.94565,1.10136,1.16858,2.20139,-9.25517e-05,-0.000608115,-0.00130261,0.000185443,3.93342e-05,1.29581e-05,0.000843248,0,0,0,0,0,0,0,-0.176685,26.7383,-24.5858,7.44724,0.825212,2.4996,0.0651953,-0.170146,2.1614,-2.99295,1.87816,0.182036,0.909408,0.0580464
1724236,1,-2.75261,-1.32534,1.01105,-1.94698,1.10108,1.16772,2.20138,-2.75266,-1.32422,1.00895,-1.94565,1.10136,1.16858,2.20139,-0.00126813,0.000151402,0.00154444,0.000123629,-0.000177228,0.000245998,-0.00038727,0,0,0,0,0,0,0,-0.125111,26.7144,-24.689,7.44724,0.830705,2.49319,0.09083,-0.171878,2.16211,-2.99278,1.87689,0.181936,0.909407,0.0586831
1724237,1,-2.75261,-1.32534,1.01105,-1.94698,1.10108,1.16772,2.20138,-2.75266,-1.32422,1.00895,-1.94565,1.10136,1.16858,2.20139,0.00101062,0.000100935,-0.000176798,-0.000474393,8.52987e-05,-0.000310719,0.000453897,0,0,0,0,0,0,0,-0.204456,26.7144,-24.6374,7.47104,0.825212,2.50601,0.071604,-0.171425,2.16241,-2.99367,1.87686,0.18193,0.909441,0.0593179
1724238,1,-2.75261,-1.32534,1.01105,-1.94698,1.10108,1.16772,2.20138,-2.75266,-1.32422,1.00895,-1.94565,1.10136,1.16858,2.20139,0.000673748,-0.00113914,0.000438947,-0.000316262,-0.000146585,3.02127e-05,0.000302598,0,0,0,0,0,0,0,-0.204456,26.766,-24.6612,7.47104,0.830705,2.4996,0.071604,-0.171559,2.16327,-2.99522,1.87681,0.181927,0.909544,0.0599387
1724239,1,-2.75261,-1.32534,1.01105,-1.94698,1.10108,1.16772,2.20138,-2.75266,-1.32422,1.00895,-1.94565,1.10136,1.16858,2.20139,-0.000200449,0.000447002,-0.000264181,0.000345971,0.000105727,-0.000217217,-0.000272986,0,0,0,0,0,0,0,-0.176685,26.7144,-24.6374,7.44724,0.825212,2.50601,0.0844213,-0.172871,2.16475,-2.99676,1.87626,0.181896,0.90966,0.060532
1724240,1,-2.75261,-1.32534,1.01105,-1.94698,1.10108,1.16772,2.20139,-2.75266,-1.32422,1.00895,-1.94565,1.10136,1.16858,2.20139,-0.000133632,-0.000258811,0.000380691,0.000230647,-0.000336416,-0.000144811,0.00151343,0,0,0,0,0,0,0,-0.176685,26.7383,-24.6612,7.44724,0.836199,2.50601,0.038645,-0.173603,2.16559,-2.99787,1.87586,0.181872,0.909727,0.0610933
1724241,1,-2.75261,-1.32534,1.01105,-1.94698,1.10108,1.16772,2.20138,-2.75266,-1.32422,1.00895,-1.94565,1.10136,1.16858,2.20139,-8.90883e-05,-0.000172541,0.000253794,0.000153765,-0.000224277,-9.6541e-05,-0.00021175,0,0,0,0,0,0,0,-0.176685,26.7383,-24.6612,7.44724,0.836199,2.50601,0.071604,-0.173556,2.1659,-2.99886,1.87573,0.181869,0.909768,0.0616112
1724242,1,-2.75261,-1.32534,1.01105,-1.94698,1.10108,1.16772,2.20139,-2.75266,-1.32422,1.00895,-1.94565,1.10136,1.16858,2.20139,0.00114703,-0.000764641,0.000169196,0.00010251,5.39322e-05,0.000172998,0.0013169,0,0,0,0,0,0,0,-0.22826,26.766,-24.6612,7.44724,0.830705,2.4996,0.0322363,-0.174147,2.16678,-3.00016,1.87522,0.181858,0.909837,0.06206
1724243,1,-2.75261,-1.32534,1.01105,-1.94698,1.10108,1.16772,2.20139,-2.75266,-1.32422,1.00895,-1.94565,1.10136,1.16858,2.20139,-0.000441737,0.000696665,0.000112797,-0.000488472,3.59548e-05,-0.000122027,0.000131945,0,0,0,0,0,0,0,-0.176685,26.7144,-24.6612,7.47104,0.830705,2.50601,0.0523779,-0.175371,2.16774,-3.00129,1.87451,0.181849,0.909924,0.062424
1724244,1,-2.75261,-1.32534,1.01104,-1.94698,1.10108,1.16772,2.20138,-2.75266,-1.32422,1.00895,-1.94565,1.10136,1.16858,2.20139,-0.000294491,-9.23684e-05,-0.000481614,-0.000975262,0.000430871,-8.13512e-05,-0.000861472,0,0,0,0,0,0,0,-0.176685,26.7383,-24.6374,7.49881,0.819719,2.50601,0.0780126,-0.174884,2.16701,-3.00158,1.8751,0.181937,0.909973,0.062695
1724245,1,-2.75261,-1.32534,1.01105,-1.94698,1.10108,1.16772,2.20138,-2.75266,-1.32422,1.00895,-1.94565,1.10136,1.16858,2.20139,-0.000196327,0.000495233,0.00088535,0.000556251,8.37968e-05,0.000420484,-0.000336956,0,0,0,0,0,0,0,-0.176685,26.7144,-24.689,7.44724,0.825212,2.49319,0.071604,-0.172626,2.1649,-3.00139,1.87682,0.182099,0.909989,0.0628831
1724246,1,-2.75261,-1.32534,1.01105,-1.94698,1.10108,1.16772,2.20139,-2.75266,-1.32422,1.00895,-1.94565,1.10136,1.16858,2.20139,-0.000130885,0.000330155,-5.93805e-05,-0.000185978,-0.000147586,-0.000431754,0.000996066,0,0,0,0,0,0,0,-0.176685,26.7144,-24.6612,7.47104,0.830705,2.51242,0.038645,-0.170299,2.16277,-3.00146,1.8784,0.182233,0.910009,0.0630221
1724247,1,-2.75261,-1.32534,1.01104,-1.94698,1.10108,1.16772,2.20139,-2.75266,-1.32422,1.00895,-1.94565,1.10136,1.16858,2.20139,-8.72566e-05,0.000869717,-0.00115321,0.00551037,0.00010506,0.000186882,0.000664044,0,0,0,0,0,0,0,-0.176685,26.6867,-24.6136,7.49881,0.825212,2.4996,0.038645,-0.169899,2.161,-3.00075,1.87803,0.182191,0.909928,0.0631207
1724248,1,-2.75261,-1.32534,1.01105,-1.94698,1.10108,1.16772,2.20139,-2.75266,-1.32422,1.00895,-1.94565,1.10136,1.16858,2.20139,-5.81711e-05,0.000579812,0.000994431,0.00484686,-0.000133411,-0.000112771,-0.000778007,0,0,0,0,0,0,0,-0.176685,26.6867,-24.689,7.47104,0.830705,2.50601,0.071604,-0.173658,2.16069,-2.99903,1.87345,0.1818,0.909683,0.0631537
1724249,1,-2.75261,-1.32534,1.01105,-1.94698,1.10108,1.16772,2.20138,-2.75266,-1.32422,1.00895,-1.94565,1.10136,1.16858,2.20139,-3.87807e-05,-0.000819885,1.33398e-05,0.0041808,-8.89404e-05,-7.51808e-05,-0.000518671,0,0,0,0,0,0,0,-0.176685,26.7383,-24.6612,7.44724,0.830705,2.50601,0.071604,-0.180927,2.16307,-2.99831,1.86549,0.181143,0.909428,0.0631184
1724250,1,-2.75261,-1.32534,1.01105,-1.94698,1.10108,1.16772,2.20139,-2.75266,-1.32422,1.00895,-1.94565,1.10136,1.16858,2.20139,-0.000582666,1.02221e-05,-0.000547919,0.00131852,0.000144157,-0.000287479,0.000874922,0,0,0,0,0,0,0,-0.152882,26.7144,-24.6374,7.52262,0.825212,2.51242,0.038645,-0.188341,2.16679,-2.99871,1.85761,0.180518,0.909249,0.0630498
1724251,1,-2.75261,-1.32534,1.01104,-1.94698,1.10108,1.16772,2.20139,-2.75266,-1.32422,1.00895,-1.94565,1.10136,1.16858,2.20139,0.000168368,-0.000549997,-0.000922091,0.00341999,-0.000107346,4.5706e-05,0.000583281,0,0,0,0,0,0,0,-0.176685,26.7383,-24.6136,7.42344,0.830705,2.50601,0.038645,-0.193888,2.16963,-2.99869,1.8518,0.180076,0.909101,0.062969
1724252,1,-2.75261,-1.32534,1.01104,-1.94698,1.10108,1.16772,2.20138,-2.75266,-1.32422,1.00895,-1.94565,1.10136,1.16858,2.20139,0.000112245,0.000190147,-0.000614727,0.00244568,0.000131887,3.04706e-05,-0.000831849,0,0,0,0,0,0,0,-0.176685,26.7144,-24.6136,7.42344,0.825212,2.50601,0.071604,-0.198571,2.17154,-2.99784,1.84729,0.17974,0.908962,0.0628587
1724253,1,-2.75261,-1.32534,1.01105,-1.94698,1.10108,1.16772,2.20139,-2.75266,-1.32422,1.00895,-1.94565,1.10136,1.16858,2.20139,-0.0011316,-0.000430047,0.000703806,-8.51529e-06,-0.000115526,0.000495032,0.000157511,0,0,0,0,0,0,0,-0.125111,26.7383,-24.6612,7.49881,0.830705,2.49319,0.0523779,-0.201176,2.17249,-2.99723,1.84483,0.179563,0.908903,0.0627174
1724254,1,-2.75261,-1.32534,1.01104,-1.94698,1.10108,1.16772,2.20139,-2.75266,-1.32422,1.00895,-1.94565,1.10136,1.16858,2.20139,0.000452029,-0.000936312,-8.76082e-05,0.00129395,0.000126433,-0.000144697,0.000105007,0,0,0,0,0,0,0,-0.176685,26.766,-24.6374,7.44724,0.825212,2.50601,0.0523779,-0.200545,2.17287,-2.99811,1.84529,0.179628,0.909,0.0625664
1724255,1,-2.75261,-1.32534,1.01104,-1.94697,1.10108,1.16772,2.20139,-2.75266,-1.32422,1.00895,-1.94565,1.10136,1.16858,2.20139,0.000301353,0.00123183,-0.000615217,0.00204616,-0.000119162,0.000378253,0.000307364,0,0,0,0,0,0,0,-0.176685,26.6867,-24.6136,7.39963,0.830705,2.49319,0.0459692,-0.199419,2.173,-2.9992,1.84665,0.179762,0.909159,0.0624094
1724256,1,-2.75261,-1.32534,1.01105,-1.94698,1.10108,1.16772,2.20139,-2.75266,-1.32422,1.00895,-1.94565,1.10136,1.16858,2.20139,-0.00035591,-0.00103482,0.000703479,-0.000253905,0.000124009,1.481e-05,-0.000269809,0,0,0,0,0,0,0,-0.152882,26.766,-24.6612,7.47104,0.825212,2.4996,0.0587866,-0.198246,2.1723,-2.99968,1.84834,0.179905,0.909306,0.0622413
1724257,1,-2.75261,-1.32534,1.01105,-1.94698,1.10108,1.16772,2.20139,-2.75266,-1.32422,1.00895,-1.94565,1.10136,1.16858,2.20139,-0.000237274,0.000516547,-8.7826e-05,0.000426861,-0.000120778,-0.000464845,-0.000179872,0,0,0,0,0,0,0,-0.152882,26.7144,-24.6374,7.44724,0.830705,2.51242,0.0587866,-0.195407,2.17106,-3.00068,1.85139,0.180156,0.909502,0.0620642
1724258,1,-2.75261,-1.32535,1.01105,-1.94698,1.10108,1.16772,2.20139,-2.75266,-1.32422,1.00895,-1.94565,1.10136,1.16858,2.20139,0.00039863,-0.000862061,0.00114788,0.000314063,-8.05184e-05,-7.25374e-05,0.00181286,0,0,0,0,0,0,0,-0.176685,26.766,-24.689,7.44724,0.830705,2.50601,0.00660151,-0.191723,2.17,-3.00255,1.85519,0.180474,0.909768,0.0618842
1724259,1,-2.75261,-1.32534,1.01105,-1.94698,1.10108,1.16772,2.20139,-2.75266,-1.32422,1.00895,-1.94565,1.10136,1.16858,2.20139,-0.000291059,7.49064e-05,0.000115636,-0.000325319,0.000353222,-0.000285717,2.17819e-05,0,0,0,0,0,0,0,-0.152882,26.7383,-24.6612,7.47104,0.819719,2.51242,0.038645,-0.188237,2.16956,-3.00515,1.85893,0.180795,0.910093,0.0616866
1724260,1,-2.75261,-1.32534,1.01105,-1.94698,1.10108,1.16772,2.20139,-2.75266,-1.32422,1.00895,-1.94565,1.10136,1.16858,2.20139,0.000362773,4.99376e-05,7.70908e-05,-0.000849906,0.00047284,-0.000190478,0.000726598,0,0,0,0,0,0,0,-0.176685,26.7383,-24.6612,7.49881,0.81331,2.51242,0.0194189,-0.184357,2.16869,-3.0075,1.8631,0.181143,0.910426,0.0614381
1724261,0.99,-2.75261,-1.32534,1.01105,-1.94698,1.10108,1.16772,2.20139,-2.75266,-1.32422,1.00895,-1.94565,1.10136,1.16858,2.20139,0.000891462,-0.000616322,5.13939e-05,9.5451e-05,-0.000329033,0.000110374,-0.000498945,0,0,0,0,0,0,0,-0.204456,26.766,-24.6612,7.47104,0.830705,2.50601,0.0459692,-0.18099,2.16739,-3.00897,1.86715,0.181462,0.910737,0.0611187
1724262,0.99,-2.75261,-1.32534,1.01105,-1.94698,1.10108,1.16772,2.20139,-2.75266,-1.32422,1.00895,-1.94565,1.10136,1.16858,2.20139,-5.53057e-05,0.000238732,3.42626e-05,-0.000576649,0.000187546,7.35823e-05,0.000650714,0,0,0,0,0,0,0,-0.176685,26.7383,-24.6612,7.49881,0.819719,2.50601,0.0194189,-0.178938,2.16645,-3.00993,1.87038,0.181698,0.911028,0.0607294
1724263,0.99,-2.75261,-1.32534,1.01105,-1.94698,1.10108,1.16772,2.20139,-2.75266,-1.32422,1.00895,-1.94565,1.10136,1.16858,2.20139,0.000612743,-0.000490459,2.28417e-05,0.000272179,-7.84201e-05,4.90549e-05,-4.09086e-05,0,0,0,0,0,0,0,-0.204456,26.766,-24.6612,7.47104,0.825212,2.50601,0.0322363,-0.177387,2.16554,-3.01047,1.87311,0.181871,0.911278,0.0602821
1724264,0.99,-2.75261,-1.32534,1.01105,-1.94698,1.10108,1.16772,2.20139,-2.75266,-1.32422,1.00895,-1.94565,1.10136,1.16858,2.20139,0.000408496,0.000322641,0.000664842,-0.000462913,-0.000255731,3.27033e-05,0.000447445,0,0,0,0,0,0,0,-0.204456,26.7383,-24.689,7.49881,0.830705,2.50601,0.0194189,-0.176388,2.16489,-3.011,1.87531,0.181981,0.91151,0.0597823
1724265,0.99,-2.75261,-1.32534,1.01105,-1.94698,1.10108,1.16772,2.20139,-2.75266,-1.32422,1.00895,-1.94565,1.10136,1.16858,2.20139,-0.000934095,0.000771906,-0.000206386,0.000901754,3.29635e-05,0.000259161,-0.000176421,0,0,0,0,0,0,0,-0.152882,26.7144,-24.6612,7.44724,0.825212,2.4996,0.0322363,-0.174989,2.16376,-3.01138,1.87743,0.182059,0.911697,0.059234
1724266,0.99,-2.75261,-1.32535,1.01105,-1.94698,1.10108,1.16772,2.20139,-2.75266,-1.32422,1.00895,-1.94565,1.10136,1.16858,2.20139,0.000583696,-0.000691822,0.000512023,0.000604121,2.19756e-05,0.000172774,-0.00110096,0,0,0,0,0,0,0,-0.204456,26.766,-24.689,7.44724,0.825212,2.4996,0.0587866,-0.173089,2.16219,-3.01148,1.87929,0.182102,0.911804,0.058642
1724267,0.99,-2.75261,-1.32534,1.01105,-1.94698,1.10108,1.16771,2.20139,-2.75266,-1.32422,1.00895,-1.94565,1.10136,1.16858,2.20139,0.000945942,-0.000461215,0.000341349,-0.00015185,1.46504e-05,-0.000359535,0.000486731,0,0,0,0,0,0,0,-0.22826,26.766,-24.689,7.47104,0.825212,2.51242,0.0258276,-0.172925,2.1622,-3.01222,1.87985,0.182059,0.911923,0.0580261
1724268,0.99,-2.75261,-1.32534,1.01105,-1.94698,1.10108,1.16772,2.20139,-2.75266,-1.32422,1.00895,-1.94565,1.10136,1.16858,2.20139,-0.000575798,0.00089895,0.000227566,-9.95728e-05,0.000213217,-0.000477049,-0.000421498,0,0,0,0,0,0,0,-0.176685,26.7144,-24.689,7.47104,0.819719,2.51882,0.0459692,-0.173622,2.16289,-3.01338,1.88006,0.181994,0.912079,0.0574192
1724269,0.99,-2.75261,-1.32534,1.01104,-1.94698,1.10108,1.16772,2.20139,-2.75266,-1.32422,1.00895,-1.94565,1.10136,1.16858,2.20139,-0.000383865,4.24877e-05,-0.00105472,0.000491676,-0.000264756,0.000156685,0.000464987,0,0,0,0,0,0,0,-0.176685,26.7383,-24.6374,7.44724,0.830705,2.50601,0.0258276,-0.17272,2.16186,-3.01348,1.88119,0.181987,0.912155,0.056833
1724270,0.99,-2.75261,-1.32534,1.01105,-1.94698,1.10108,1.16772,2.20139,-2.75266,-1.32422,1.00895,-1.94565,1.10136,1.16858,2.20139,0.000393704,-0.000621289,0.00106009,0.000328718,2.69465e-05,0.000104457,-0.000910712,0,0,0,0,0,0,0,-0.204456,26.766,-24.7128,7.44724,0.825212,2.50601,0.0587866,-0.171362,2.16039,-3.01304,1.88234,0.181986,0.912173,0.0562614
1724271,0.99,-2.75261,-1.32534,1.01105,-1.94698,1.10108,1.16772,2.20139,-2.75266,-1.32422,1.00895,-1.94565,1.10136,1.16858,2.20139,-0.000387145,-0.000414193,0.000149918,0.000776658,1.79643e-05,-0.000167721,-0.000132423,0,0,0,0,0,0,0,-0.176685,26.766,-24.689,7.42344,0.825212,2.51242,0.0459692,-0.171129,2.16066,-3.0138,1.88254,0.181937,0.912257,0.0557075
1724272,0.99,-2.75261,-1.32534,1.01105,-1.94698,1.10108,1.16772,2.20139,-2.75266,-1.32422,1.00895,-1.94565,1.10136,1.16858,2.20139,0.000391517,0.000373486,-0.00110648,-3.85147e-05,-0.000191474,0.000125545,-0.000325641,0,0,0,0,0,0,0,-0.204456,26.7383,-24.6374,7.44724,0.830705,2.50601,0.0523779,-0.171438,2.16137,-3.01467,1.88228,0.181865,0.912347,0.0551893
1724273,0.99,-2.75261,-1.32534,1.01104,-1.94698,1.10108,1.16772,2.20139,-2.75266,-1.32422,1.00895,-1.94565,1.10136,1.16858,2.20139,0.000817824,-0.000400624,-0.000737654,-0.000582094,7.5801e-05,-0.000153662,-0.000217094,0,0,0,0,0,0,0,-0.22826,26.766,-24.6374,7.47104,0.825212,2.51242,0.0523779,-0.172135,2.16101,-3.01387,1.88207,0.181806,0.912368,0.0547199
1724274,0.99,-2.75261,-1.32534,1.01105,-1.94698,1.10108,1.16772,2.20139,-2.75266,-1.32422,1.00895,-1.94565,1.10136,1.16858,2.20139,-0.00066121,0.000939344,6.50427e-05,-0.00103738,5.0534e-05,0.000134917,-0.000619447,0,0,0,0,0,0,0,-0.176685,26.7144,-24.6612,7.49881,0.825212,2.50601,0.0651953,-0.172285,2.15954,-3.01222,1.88269,0.181814,0.912383,0.0543074
1724275,0.99,-2.75261,-1.32534,1.01105,-1.94698,1.10108,1.16772,2.20138,-2.75266,-1.32422,1.00895,-1.94565,1.10136,1.16858,2.20139,-0.000440807,0.000626229,4.33618e-05,-4.17519e-05,-0.000576662,0.000327304,-0.000887683,0,0,0,0,0,0,0,-0.176685,26.7144,-24.6612,7.47104,0.841692,2.4996,0.0780126,-0.170113,2.15669,-3.01075,1.88487,0.181932,0.912418,0.0539634
1724276,0.99,-2.75261,-1.32534,1.01105,-1.94698,1.10108,1.16772,2.20138,-2.75266,-1.32422,1.00895,-1.94565,1.10136,1.16858,2.20139,-0.000293871,-0.00134575,0.000678522,-0.000677282,-0.000180991,-1.91564e-05,-0.00106651,0,0,0,0,0,0,0,-0.176685,26.7898,-24.689,7.49881,0.836199,2.50601,0.09083,-0.166793,2.15421,-3.01051,1.88757,0.182105,0.912503,0.0537
1724277,0.99,-2.75261,-1.32534,1.01105,-1.94698,1.10108,1.16772,2.20139,-2.75266,-1.32422,1.00895,-1.94565,1.10136,1.16858,2.20139,0.0004537,0.000309258,0.000452348,-0.000451397,0.00028624,-0.00025013,0.00047579,0,0,0,0,0,0,0,-0.204456,26.7383,-24.689,7.49881,0.825212,2.51242,0.0587866,-0.164512,2.15397,-3.01216,1.88957,0.182267,0.912692,0.0535376
1724278,0.99,-2.75261,-1.32534,1.01105,-1.94698,1.10108,1.16772,2.20139,-2.75266,-1.32422,1.00895,-1.94565,1.10136,1.16858,2.20139,0.000302467,0.000206172,0.000301565,0.000348776,-1.26236e-05,-0.000404112,0.000317194,0,0,0,0,0,0,0,-0.204456,26.7383,-24.689,7.47104,0.830705,2.51882,0.0587866,-0.163896,2.15491,-3.01448,1.8906,0.182368,0.912933,0.0534863
1724279,0.99,-2.75261,-1.32534,1.01105,-1.94698,1.10108,1.16772,2.20138,-2.75266,-1.32422,1.00895,-1.94565,1.10136,1.16858,2.20139,-0.00100478,0.000137448,0.000201043,0.000232588,-8.41573e-06,-3.20492e-05,-0.000500614,0,0,0,0,0,0,0,-0.152882,26.7383,-24.689,7.47104,0.830705,2.51242,0.0780126,-0.163954,2.15572,-3.01642,1.89101,0.182414,0.91314,0.0535224
1724280,0.99,-2.75261,-1.32534,1.01105,-1.94698,1.10108,1.16772,2.20138,-2.75266,-1.32422,1.00895,-1.94565,1.10136,1.16858,2.20139,-0.000113042,9.1632e-05,-0.000515585,-0.00105131,-5.61048e-06,-0.000258725,-0.00104582,0,0,0,0,0,0,0,-0.176685,26.7383,-24.6612,7.52262,0.830705,2.51882,0.0972387,-0.163072,2.1557,-3.01771,1.89181,0.182492,0.913291,0.0536227
1724281,0.99,-2.75261,-1.32534,1.01105,-1.94698,1.10108,1.16772,2.20138,-2.75266,-1.32422,1.00895,-1.94565,1.10136,1.16858,2.20139,0.000574252,0.0006179,0.000305891,0.000505589,-3.74032e-06,6.48756e-05,1.48637e-05,0,0,0,0,0,0,0,-0.204456,26.7144,-24.689,7.47104,0.830705,2.51242,0.0780126,-0.162088,2.15495,-3.01815,1.89285,0.182588,0.913414,0.0537928
1724282,0.99,-2.7526,-1.32534,1.01105,-1.94698,1.10108,1.16772,2.20138,-2.75266,-1.32422,1.00895,-1.94565,1.10136,1.16858,2.20139,0.00149646,0.000411933,0.000203927,-0.000312525,0.000404407,0.000280609,-0.00117689,0,0,0,0,0,0,0,-0.252064,26.7144,-24.689,7.49881,0.819719,2.50601,0.110056,-0.163312,2.15461,-3.0182,1.89279,0.182587,0.913567,0.0540441
1724283,0.99,-2.75261,-1.32534,1.01105,-1.94698,1.10108,1.16772,2.20138,-2.75266,-1.32422,1.00895,-1.94565,1.10136,1.16858,2.20139,0.000440827,-0.00028219,0.000135951,-0.000208328,-0.000137296,-0.000287645,0.000402204,0,0,0,0,0,0,0,-0.22826,26.7383,-24.689,7.49881,0.830705,2.51882,0.0780126,-0.166828,2.15529,-3.01846,1.8916,0.182493,0.913776,0.0543827
1724284,0.99,-2.75261,-1.32534,1.01105,-1.94698,1.10108,1.16772,2.20138,-2.75266,-1.32422,1.00895,-1.94565,1.10136,1.16858,2.20139,-0.000262927,-0.000188127,-0.00055898,0.000510745,-0.000498432,0.000282955,-0.000443941,0,0,0,0,0,0,0,-0.204456,26.7383,-24.6612,7.47104,0.841692,2.50601,0.0972387,-0.17063,2.15653,-3.0189,1.89021,0.182394,0.913984,0.05481
1724285,0.99,-2.75261,-1.32534,1.01105,-1.94699,1.10108,1.16772,2.20138,-2.75266,-1.32422,1.00895,-1.94565,1.10136,1.16858,2.20139,-0.000175285,-0.000775032,-0.000372653,-0.00142273,-0.000128837,0.000188636,0.000653475,0,0,0,0,0,0,0,-0.204456,26.766,-24.6612,7.54642,0.836199,2.50601,0.071604,-0.173018,2.15757,-3.0192,1.88953,0.182374,0.914137,0.0553151
1724286,0.99,-2.75261,-1.32534,1.01105,-1.94698,1.10108,1.16772,2.20139,-2.75266,-1.32422,1.00895,-1.94565,1.10136,1.16858,2.20139,-0.00076647,0.000132926,-0.000248435,-0.0054815,0.00032101,-0.000586319,-0.000276427,0,0,0,0,0,0,0,-0.176685,26.7383,-24.6612,7.47104,0.825212,2.52523,0.09083,-0.171655,2.157,-3.01946,1.89194,0.182619,0.914305,0.0558857
1724287,0.99,-2.75261,-1.32535,1.01105,-1.94698,1.10108,1.16772,2.20138,-2.75266,-1.32422,1.00895,-1.94565,1.10136,1.16858,2.20139,-0.00051098,-0.00111781,0.00159761,-0.00482863,1.05558e-05,-0.000390879,-0.000184284,0,0,0,0,0,0,0,-0.176685,26.7898,-24.7366,7.49881,0.830705,2.52523,0.09083,-0.164935,2.15445,-3.02087,1.8992,0.183255,0.914633,0.0565093
1724288,0.99,-2.75261,-1.32534,1.01105,-1.94698,1.10108,1.16772,2.20138,-2.75266,-1.32422,1.00895,-1.94565,1.10136,1.16858,2.20139,0.00030896,-0.000745206,-4.85477e-05,-0.00296299,7.03721e-06,0.00045149,0.000114503,0,0,0,0,0,0,0,-0.204456,26.7898,-24.689,7.47104,0.830705,2.50601,0.0844213,-0.156221,2.15225,-3.02418,1.90848,0.18406,0.915143,0.057167
1724289,0.99,-2.7526,-1.32534,1.01105,-1.94698,1.10108,1.16772,2.20138,-2.75266,-1.32422,1.00895,-1.94565,1.10136,1.16858,2.20139,0.0013196,0.000709622,-3.23652e-05,-0.00227046,0.000208142,0.000300994,0.000551053,0,0,0,0,0,0,0,-0.252064,26.7383,-24.689,7.47104,0.825212,2.50601,0.071604,-0.150317,2.15118,-3.0273,1.91581,0.184705,0.915657,0.0578421
1724290,0.99,-2.75261,-1.32534,1.01105,-1.94698,1.10108,1.16772,2.20138,-2.75266,-1.32422,1.00895,-1.94565,1.10136,1.16858,2.20139,-0.000883506,-0.000176533,0.00109205,-0.00294141,-6.46892e-05,-0.000511414,0.00013001,0,0,0,0,0,0,0,-0.176685,26.766,-24.7366,7.52262,0.830705,2.52523,0.0780126,-0.147139,2.15017,-3.0293,1.92088,0.18514,0.916086,0.0585204
1724291,0.99,-2.75261,-1.32534,1.01105,-1.94698,1.10108,1.16772,2.20139,-2.75266,-1.32422,1.00895,-1.94565,1.10136,1.16858,2.20139,0.000617422,0.00108874,-0.000385592,-0.000363717,-0.000450027,-0.000103584,-0.000388045,0,0,0,0,0,0,0,-0.22826,26.7144,-24.689,7.44724,0.841692,2.51882,0.09083,-0.144932,2.14897,-3.0308,1.92448,0.18543,0.916433,0.0591845
1724292,0.99,-2.75261,-1.32534,1.01105,-1.94698,1.10108,1.16772,2.20139,-2.75266,-1.32422,1.00895,-1.94565,1.10136,1.16858,2.20139,0.000411615,0.00137544,0.00029975,-0.000366988,0.000310333,-6.9056e-05,0.00045338,0,0,0,0,0,0,0,-0.22826,26.6867,-24.7128,7.44724,0.825212,2.51882,0.071604,-0.14485,2.14744,-3.03092,1.92568,0.1855,0.91664,0.0598253
1724293,0.99,-2.75261,-1.32534,1.01105,-1.94698,1.10108,1.16772,2.20138,-2.75266,-1.32422,1.00895,-1.94565,1.10136,1.16858,2.20139,0.00027441,-0.000289467,-0.0015634,-0.00210128,3.43845e-06,0.000191322,-0.000647182,0,0,0,0,0,0,0,-0.22826,26.7383,-24.6374,7.52262,0.830705,2.51242,0.0972387,-0.146952,2.1456,-3.02934,1.92484,0.185402,0.916713,0.0604432
1724294,0.99,-2.75261,-1.32535,1.01105,-1.94698,1.10108,1.16772,2.20139,-2.75266,-1.32422,1.00895,-1.94565,1.10136,1.16858,2.20139,-0.00102349,-0.000842592,-0.000485458,-0.000914077,2.2923e-06,-0.00034717,0.000280622,0,0,0,0,0,0,0,-0.176685,26.766,-24.6612,7.49881,0.830705,2.52523,0.0780126,-0.149288,2.14414,-3.02707,1.92352,0.185305,0.916709,0.0610396
1724295,0.99,-2.75261,-1.32534,1.01106,-1.94698,1.10108,1.16772,2.20138,-2.75266,-1.32422,1.00895,-1.94565,1.10136,1.16858,2.20139,0.000524102,-0.000561728,0.00208921,-1.22981e-05,0.000204979,0.000243271,-0.000287637,0,0,0,0,0,0,0,-0.22826,26.766,-24.7643,7.47104,0.825212,2.51242,0.09083,-0.151919,2.145,-3.02663,1.92148,0.185192,0.916772,0.0616218
1724296,0.99,-2.75261,-1.32534,1.01105,-1.94699,1.10108,1.16772,2.20138,-2.75266,-1.32422,1.00895,-1.94565,1.10136,1.16858,2.20139,-0.000207411,-0.000374485,0.000743195,-0.00808256,-0.000270249,0.000162181,4.56013e-05,0,0,0,0,0,0,0,-0.204456,26.766,-24.7366,7.54642,0.836199,2.51242,0.0844213,-0.153565,2.1477,-3.02946,1.92054,0.18518,0.91708,0.0622024
1724297,0.99,-2.75261,-1.32534,1.01105,-1.94698,1.10108,1.16772,2.20138,-2.75266,-1.32422,1.00895,-1.94565,1.10136,1.16858,2.20139,-0.000138274,0.000399957,-0.00182459,-0.00362051,-0.000383616,-0.000129238,3.04008e-05,0,0,0,0,0,0,0,-0.204456,26.7383,-24.6374,7.44724,0.841692,2.51882,0.0844213,-0.151142,2.14809,-3.03243,1.92393,0.185505,0.917508,0.0627898
1724298,0.99,-2.75261,-1.32534,1.01105,-1.94698,1.10108,1.16772,2.20139,-2.75266,-1.32422,1.00895,-1.94565,1.10136,1.16858,2.20139,0.00102144,0.00147306,-9.96509e-06,-0.00338463,0.000151157,0.0001512,0.00144442,0,0,0,0,0,0,0,-0.252064,26.6867,-24.689,7.47104,0.830705,2.51242,0.0459692,-0.146916,2.14495,-3.0324,1.92938,0.185967,0.917807,0.0633764
1724299,0.99,-2.75261,-1.32534,1.01105,-1.94698,1.10108,1.16772,2.20139,-2.75266,-1.32422,1.00895,-1.94565,1.10136,1.16858,2.20139,0.000124149,-0.000224383,0.000550169,-0.00256703,0.000100771,-0.000136559,0.00194629,0,0,0,0,0,0,0,-0.22826,26.7383,-24.7128,7.47104,0.830705,2.51882,0.0194189,-0.144552,2.1413,-3.03114,1.93339,0.186299,0.918023,0.0639346
1724300,0.99,-2.75261,-1.32534,1.01105,-1.94698,1.10108,1.16772,2.20139,-2.75266,-1.32422,1.00895,-1.94565,1.10136,1.16858,2.20139,8.2766e-05,-0.000149589,0.000366779,-0.00259392,6.71808e-05,0.00014632,0.000314183,0,0,0,0,0,0,0,-0.22826,26.7383,-24.7128,7.49881,0.830705,2.51242,0.0459692,-0.144132,2.13961,-3.03121,1.93546,0.186495,0.918276,0.064409
1724301,0.99,-2.7526,-1.32534,1.01105,-1.94698,1.10108,1.16772,2.20139,-2.75266,-1.32422,1.00895,-1.94565,1.10136,1.16858,2.20139,5.51773e-05,-9.97259e-05,0.000801331,-0.00125438,4.47872e-05,9.75464e-05,0.000480723,0,0,0,0,0,0,0,-0.22826,26.7383,-24.7366,7.47104,0.830705,2.51242,0.038645,-0.145288,2.14017,-3.03278,1.93565,0.186565,0.91855,0.0647477
1724302,0.99,-2.75261,-1.32534,1.01105,-1.94698,1.10108,1.16772,2.20139,-2.75266,-1.32422,1.00895,-1.94565,1.10136,1.16858,2.20139,-0.000520027,-0.000716098,0.000534221,-0.00161691,0.000436759,-0.000172328,0.000557841,0,0,0,0,0,0,0,-0.204456,26.766,-24.7366,7.49881,0.819719,2.51882,0.0322363,-0.147737,2.14252,-3.03548,1.93411,0.186512,0.918817,0.0649399
1724303,0.99,-2.75261,-1.32534,1.01105,-1.94698,1.10108,1.16772,2.20139,-2.75266,-1.32422,1.00895,-1.94565,1.10136,1.16858,2.20139,-0.000996299,-0.00103421,-0.000757477,-0.00173303,-0.000319179,-0.000114885,-0.000374091,0,0,0,0,0,0,0,-0.176685,26.7898,-24.689,7.52262,0.836199,2.51882,0.0523779,-0.150323,2.1458,-3.03851,1.93177,0.186409,0.919028,0.0649922
1724304,0.99,-2.75261,-1.32534,1.01105,-1.94699,1.10108,1.16772,2.20139,-2.75266,-1.32422,1.00895,-1.94565,1.10136,1.16858,2.20139,-1.45852e-05,0.000516952,5.18275e-05,-0.00178587,-0.000212786,0.000160769,0.000496591,0,0,0,0,0,0,0,-0.204456,26.7383,-24.7128,7.54642,0.836199,2.51242,0.0322363,-0.152289,2.14852,-3.04058,1.92957,0.186314,0.91914,0.0649192
1724305,0.99,-2.75261,-1.32534,1.01105,-1.94698,1.10108,1.16772,2.20139,-2.75266,-1.32422,1.00895,-1.94565,1.10136,1.16858,2.20139,0.0011039,0.000344635,0.000591364,-0.000689051,6.15933e-05,-0.00013018,-0.000652283,0,0,0,0,0,0,0,-0.252064,26.7383,-24.7366,7.52262,0.830705,2.51882,0.0587866,-0.155145,2.15051,-3.04167,1.927,0.186158,0.919215,0.0647454
1724306,0.99,-2.75261,-1.32534,1.01105,-1.94698,1.10108,1.16771,2.20139,-2.75266,-1.32422,1.00895,-1.94565,1.10136,1.16858,2.20139,0.000735934,-0.000419857,0.000394242,0.000705597,-0.000162388,-8.67865e-05,0.00102321,0,0,0,0,0,0,0,-0.252064,26.766,-24.7366,7.47104,0.836199,2.51882,0.0194189,-0.161173,2.15352,-3.04282,1.92252,0.185822,0.919321,0.0644898
1724307,0.99,-2.7526,-1.32534,1.01105,-1.94698,1.10108,1.16772,2.20139,-2.75266,-1.32422,1.00895,-1.94565,1.10136,1.16858,2.20139,0.000490622,-0.000279905,-0.000850796,-0.000210311,0.000298642,-5.78577e-05,-0.000538566,0,0,0,0,0,0,0,-0.252064,26.766,-24.689,7.49881,0.825212,2.51882,0.0523779,-0.170047,2.15792,-3.04389,1.91604,0.185329,0.919412,0.0641642
1724308,0.99,-2.75261,-1.32535,1.01105,-1.94698,1.10108,1.16772,2.20139,-2.75266,-1.32422,1.00895,-1.94565,1.10136,1.16858,2.20139,-0.000786542,-0.000186603,0.000546427,0.000486084,0.000199095,0.000198787,0.000624301,0,0,0,0,0,0,0,-0.204456,26.766,-24.7366,7.47104,0.825212,2.51242,0.0258276,-0.178816,2.16221,-3.04447,1.90941,0.184826,0.919442,0.0637782
1724309,0.99,-2.75261,-1.32534,1.01105,-1.94698,1.10108,1.16772,2.20139,-2.75266,-1.32422,1.00895,-1.94565,1.10136,1.16858,2.20139,-0.00117398,0.00173164,-0.000749339,-0.000899861,0.00013273,0.000369884,-0.000567144,0,0,0,0,0,0,0,-0.176685,26.6867,-24.689,7.52262,0.825212,2.50601,0.0523779,-0.184121,2.16423,-3.04439,1.90479,0.184457,0.919394,0.0633482
1724310,0.99,-2.75261,-1.32534,1.01105,-1.94698,1.10108,1.16772,2.20139,-2.75266,-1.32422,1.00895,-1.94565,1.10136,1.16858,2.20139,-0.00078265,-5.20008e-05,0.000614064,0.0005934,0.000291937,0.000246589,0.000367889,0,0,0,0,0,0,0,-0.176685,26.7383,-24.7366,7.47104,0.819719,2.50601,0.0322363,-0.185417,2.16337,-3.04357,1.90269,0.184242,0.919272,0.062888
1724311,0.99,-2.75261,-1.32534,1.01105,-1.94698,1.10108,1.16772,2.20139,-2.75266,-1.32422,1.00895,-1.94565,1.10136,1.16858,2.20139,0.000127847,0.000522145,-0.000147436,-0.000263853,-0.000212276,-0.000310325,0.00024526,0,0,0,0,0,0,0,-0.204456,26.7144,-24.7128,7.49881,0.830705,2.51882,0.0322363,-0.185726,2.16211,-3.04303,1.90132,0.184065,0.919161,0.0624041
1724312,0.99,-2.75261,-1.32535,1.01106,-1.94698,1.10108,1.16772,2.20139,-2.75266,-1.32422,1.00895,-1.94565,1.10136,1.16858,2.20139,0.00119886,-0.00141514,0.00110814,0.000466333,-0.000141518,-0.000444242,-7.38526e-05,0,0,0,0,0,0,0,-0.252064,26.7898,-24.7643,7.47104,0.830705,2.52523,0.038645,-0.188325,2.16312,-3.04393,1.89889,0.183813,0.91917,0.061894
1724313,0.99,-2.75261,-1.32534,1.01105,-1.94698,1.10108,1.16771,2.20139,-2.75266,-1.32422,1.00895,-1.94565,1.10136,1.16858,2.20139,-0.000314387,-0.000386616,-0.000467669,0.000305354,-0.000704697,-0.000533521,-0.00079522,0,0,0,0,0,0,0,-0.204456,26.766,-24.7128,7.47104,0.847185,2.53164,0.0587866,-0.193677,2.16693,-3.0463,1.89509,0.183486,0.919314,0.0613552
1724314,0.99,-2.75261,-1.32534,1.01105,-1.94698,1.10108,1.16772,2.20139,-2.75266,-1.32422,1.00895,-1.94565,1.10136,1.16858,2.20139,-0.000859205,0.00039187,0.000245033,0.000756231,0.000344004,0.000119038,0.000453197,0,0,0,0,0,0,0,-0.176685,26.7383,-24.7366,7.44724,0.825212,2.51882,0.0322363,-0.198673,2.17083,-3.04869,1.89145,0.183191,0.919462,0.060808
1724315,0.99,-2.75261,-1.32534,1.01105,-1.94698,1.10108,1.16772,2.20139,-2.75266,-1.32422,1.00895,-1.94565,1.10136,1.16858,2.20139,7.68104e-05,-0.000388367,0.000163355,-5.57713e-05,0.000229336,-0.000158001,0.000302132,0,0,0,0,0,0,0,-0.204456,26.766,-24.7366,7.47104,0.825212,2.52523,0.0322363,-0.201638,2.17319,-3.05042,1.88893,0.18299,0.919575,0.0602746
1724316,0.99,-2.75261,-1.32534,1.01106,-1.94698,1.10107,1.16772,2.20139,-2.75266,-1.32422,1.00895,-1.94565,1.10136,1.16858,2.20139,-0.000598407,-0.000815723,0.000108903,0.000517296,-0.000457461,-0.000342693,-3.59379e-05,0,0,0,0,0,0,0,-0.176685,26.7898,-24.7366,7.44724,0.841692,2.53164,0.038645,-0.203772,2.17531,-3.05229,1.88698,0.182852,0.919724,0.0597493
1724317,0.99,-2.75261,-1.32534,1.01105,-1.94698,1.10108,1.16771,2.20139,-2.75266,-1.32422,1.00895,-1.94565,1.10136,1.16858,2.20139,0.000250676,-0.000543816,7.26023e-05,-0.000213699,0.000101927,0.000246256,0.0002134,0,0,0,0,0,0,0,-0.204456,26.7898,-24.7366,7.47104,0.830705,2.51882,0.0322363,-0.205736,2.17783,-3.05444,1.88524,0.182761,0.919927,0.0592201
1724318,0.99,-2.75261,-1.32534,1.01105,-1.94698,1.10108,1.16772,2.20139,-2.75266,-1.32422,1.00895,-1.94565,1.10136,1.16858,2.20139,0.000167117,0.00205031,-0.00050841,-0.000793393,6.79515e-05,0.00040153,-0.000366359,0,0,0,0,0,0,0,-0.204456,26.6867,-24.7128,7.49881,0.830705,2.51242,0.0459692,-0.206973,2.17888,-3.05558,1.88435,0.182735,0.920131,0.0586895
1724319,0.99,-2.75261,-1.32534,1.01106,-1.94698,1.10108,1.16772,2.20139,-2.75266,-1.32422,1.00895,-1.94565,1.10136,1.16858,2.20139,0.000111412,0.000717258,0.0014243,-0.000529914,4.5301e-05,3.03275e-05,0.000739105,0,0,0,0,0,0,0,-0.204456,26.7144,-24.7881,7.49881,0.830705,2.51882,0.0194189,-0.206624,2.1771,-3.05539,1.88502,0.182792,0.920323,0.0581663
1724320,0.99,-2.75261,-1.32534,1.01106,-1.94698,1.10108,1.16772,2.20139,-2.75266,-1.32422,1.00895,-1.94565,1.10136,1.16858,2.20139,7.42744e-05,0.000478172,0.00039272,-0.000354015,0.000437102,2.02183e-05,-0.00021934,0,0,0,0,0,0,0,-0.204456,26.7144,-24.7643,7.49881,0.819719,2.51882,0.038645,-0.205347,2.17456,-3.05573,1.88652,0.182894,0.920575,0.0576482
1724321,0.99,-2.75261,-1.32534,1.01106,-1.94698,1.10108,1.16772,2.20139,-2.75266,-1.32422,1.00895,-1.94565,1.10136,1.16858,2.20139,-0.000600098,-0.000238031,0.000261813,0.000969862,8.79506e-05,1.34789e-05,9.1132e-05,0,0,0,0,0,0,0,-0.176685,26.7383,-24.7643,7.44724,0.825212,2.51882,0.0322363,-0.204343,2.17305,-3.05704,1.8876,0.182969,0.920854,0.0571206
1724322,0.99,-2.75261,-1.32534,1.01105,-1.94698,1.10108,1.16771,2.20139,-2.75266,-1.32422,1.00895,-1.94565,1.10136,1.16858,2.20139,0.000249549,0.000398125,-0.00103188,-0.000560267,-0.000348267,0.000246345,-0.000176604,0,0,0,0,0,0,0,-0.204456,26.7144,-24.7128,7.49881,0.836199,2.51242,0.038645,-0.203887,2.17208,-3.05799,1.88798,0.182997,0.921058,0.0565794
1724323,0.99,-2.75261,-1.32534,1.01106,-1.94698,1.10108,1.16771,2.20139,-2.75266,-1.32422,1.00895,-1.94565,1.10136,1.16858,2.20139,0.000166366,-0.000941009,0.00107532,0.000275791,-0.000232178,-7.3129e-05,-0.000117736,0,0,0,0,0,0,0,-0.204456,26.766,-24.7881,7.47104,0.836199,2.51882,0.038645,-0.204246,2.17173,-3.05867,1.88783,0.182999,0.921222,0.0560318
1724324,0.99,-2.75261,-1.32534,1.01105,-1.94698,1.10108,1.16772,2.20139,-2.75266,-1.32422,1.00895,-1.94565,1.10136,1.16858,2.20139,0.00122453,-0.00118415,-0.000489549,-0.0010228,0.000252116,0.000188606,0.000633586,0,0,0,0,0,0,0,-0.252064,26.7898,-24.7366,7.52262,0.825212,2.51242,0.0194189,-0.2063,2.17344,-3.06046,1.88688,0.182971,0.921458,0.0554852
1724325,0.99,-2.75261,-1.32534,1.01106,-1.94698,1.10108,1.16772,2.20139,-2.75266,-1.32422,1.00895,-1.94565,1.10136,1.16858,2.20139,-0.000297268,0.000416992,0.000323248,-0.000125229,-0.000238824,-0.000111621,0.000185032,0,0,0,0,0,0,0,-0.204456,26.7383,-24.7643,7.49881,0.836199,2.51882,0.0258276,-0.209293,2.1762,-3.06279,1.88564,0.182941,0.921731,0.0549412
1724326,0.99,-2.75261,-1.32534,1.01106,-1.94698,1.10108,1.16772,2.20139,-2.75266,-1.32422,1.00895,-1.94565,1.10136,1.16858,2.20139,-0.000847792,-0.00037162,0.000772311,-8.36177e-05,4.42345e-05,-7.44143e-05,0.000598072,0,0,0,0,0,0,0,-0.176685,26.766,-24.7881,7.49881,0.830705,2.51882,0.0130102,-0.210617,2.17794,-3.0651,1.88539,0.182973,0.921969,0.0543928
1724327,0.99,-2.75261,-1.32534,1.01106,-1.94698,1.10108,1.16771,2.20139,-2.75266,-1.32422,1.00895,-1.94565,1.10136,1.16858,2.20139,8.44191e-05,0.000401868,-4.19382e-05,0.00059377,0.00023294,0.000187749,-0.000821988,0,0,0,0,0,0,0,-0.204456,26.7383,-24.7643,7.47104,0.825212,2.51242,0.0459692,-0.210139,2.17874,-3.06758,1.88587,0.183042,0.922164,0.0538265
1724328,0.99,-2.75261,-1.32534,1.01106,-1.94698,1.10108,1.16771,2.20139,-2.75266,-1.32422,1.00895,-1.94565,1.10136,1.16858,2.20139,-0.000593335,-0.000381702,0.000528853,-0.000810653,-4.81571e-05,0.000125166,-3.93658e-05,0,0,0,0,0,0,0,-0.176685,26.766,-24.7881,7.52262,0.830705,2.51242,0.0322363,-0.209106,2.17896,-3.0698,1.88655,0.183111,0.922314,0.053241
1724329,0.99,-2.75261,-1.32534,1.01106,-1.94698,1.10108,1.16771,2.20139,-2.75266,-1.32422,1.00895,-1.94565,1.10136,1.16858,2.20139,-0.000395556,0.000395146,0.000352569,1.63211e-05,-0.000235555,-0.000628633,-0.00053487,0,0,0,0,0,0,0,-0.176685,26.7383,-24.7881,7.49881,0.836199,2.53164,0.0459692,-0.207257,2.17863,-3.07196,1.88783,0.183215,0.922449,0.0526565
1724330,0.99,-2.75261,-1.32534,1.01106,-1.94698,1.10108,1.16771,2.20139,-2.75266,-1.32422,1.00895,-1.94565,1.10136,1.16858,2.20139,0.00038591,0.000820242,-0.000321766,0.000660453,-0.000157037,-0.000181729,0.000152046,0,0,0,0,0,0,0,-0.204456,26.7144,-24.7643,7.47104,0.836199,2.52523,0.0322363,-0.20538,2.17759,-3.07355,1.88919,0.183308,0.922553,0.0520919
1724331,0.99,-2.75261,-1.32534,1.01105,-1.94698,1.10108,1.16771,2.20139,-2.75266,-1.32422,1.00895,-1.94565,1.10136,1.16858,2.20139,0.000814085,0.000546828,-0.00142094,0.000997083,-0.000104691,0.000353565,-0.000407262,0,0,0,0,0,0,0,-0.22826,26.7144,-24.7128,7.44724,0.836199,2.51242,0.0459692,-0.205492,2.17579,-3.07317,1.88928,0.183287,0.922555,0.0515522
1724332,0.99,-2.75261,-1.32534,1.01106,-1.94699,1.10108,1.16771,2.20139,-2.75266,-1.32422,1.00895,-1.94565,1.10136,1.16858,2.20139,-0.00122051,-0.00019226,-0.000390479,-0.00165535,0.000133656,0.00023571,0.000711836,0,0,0,0,0,0,0,-0.152882,26.7383,-24.7366,7.54642,0.830705,2.51242,0.0194189,-0.206261,2.17326,-3.07117,1.88905,0.183257,0.922466,0.0510415
1724333,0.99,-2.75261,-1.32534,1.01106,-1.94698,1.10108,1.16771,2.20139,-2.75266,-1.32422,1.00895,-1.94565,1.10136,1.16858,2.20139,-0.000813676,0.000428639,-0.000260319,1.00388e-05,-0.000114346,-0.000554937,-0.000508787,0,0,0,0,0,0,0,-0.152882,26.7144,-24.7366,7.49881,0.836199,2.53164,0.0459692,-0.204477,2.16999,-3.0694,1.89053,0.183388,0.922383,0.0505624
1724334,0.99,-2.75261,-1.32534,1.01106,-1.94698,1.10108,1.16772,2.20139,-2.75266,-1.32422,1.00895,-1.94565,1.10136,1.16858,2.20139,-0.000542451,0.000285759,0.00103288,6.67937e-06,0.00012722,-0.000132599,0.000406794,0,0,0,0,0,0,0,-0.152882,26.7144,-24.7881,7.49881,0.830705,2.52523,0.0258276,-0.200823,2.16693,-3.0691,1.89306,0.183613,0.922384,0.0501082
1724335,0.99,-2.75261,-1.32534,1.01106,-1.94698,1.10108,1.16771,2.20139,-2.75266,-1.32422,1.00895,-1.94565,1.10136,1.16858,2.20139,0.000195178,-0.000366306,0.000131774,4.44304e-06,-0.000322088,-8.83993e-05,-0.000474789,0,0,0,0,0,0,0,-0.176685,26.7383,-24.7643,7.49881,0.841692,2.52523,0.0459692,-0.197948,2.16549,-3.0706,1.89495,0.183797,0.922514,0.0496714
1724336,0.99,-2.75261,-1.32534,1.01106,-1.94698,1.10107,1.16772,2.20139,-2.75266,-1.32422,1.00895,-1.94565,1.10136,1.16858,2.20139,0.000779733,-0.000244204,-0.000561764,2.95462e-06,-0.000214725,0.000178426,-0.000791244,0,0,0,0,0,0,0,-0.204456,26.7383,-24.7366,7.49881,0.841692,2.51882,0.0587866,-0.197465,2.16589,-3.0728,1.89545,0.183896,0.922727,0.0492476
1724337,0.99,-2.75261,-1.32534,1.01106,-1.94699,1.10108,1.16772,2.20139,-2.75266,-1.32422,1.00895,-1.94565,1.10136,1.16858,2.20139,0.000519822,-0.000812417,0.000275104,-0.00111166,0.000263751,-0.000118408,0.000455848,0,0,0,0,0,0,0,-0.204456,26.766,-24.7643,7.54642,0.830705,2.52523,0.0322363,-0.199284,2.16755,-3.07486,1.89486,0.183941,0.922982,0.04885
1724338,0.99,-2.75261,-1.32534,1.01106,-1.94698,1.10108,1.16772,2.20139,-2.75266,-1.32422,1.00895,-1.94565,1.10136,1.16858,2.20139,0.000346548,0.000108003,0.000183403,-0.000184299,-2.76166e-05,-7.89388e-05,-0.00115416,0,0,0,0,0,0,0,-0.204456,26.7383,-24.7643,7.52262,0.836199,2.52523,0.071604,-0.201786,2.16982,-3.07723,1.89419,0.183998,0.923295,0.0484975
1724339,0.99,-2.75261,-1.32534,1.01106,-1.94699,1.10108,1.16771,2.20139,-2.75266,-1.32422,1.00895,-1.94565,1.10136,1.16858,2.20139,0.000231032,0.000628814,0.000679081,-0.000679681,0.00038849,0.000184733,0.000451261,0,0,0,0,0,0,0,-0.204456,26.7144,-24.7881,7.54642,0.825212,2.51882,0.038645,-0.203649,2.17158,-3.07976,1.89406,0.184082,0.923637,0.0481991
1724340,0.99,-2.75261,-1.32534,1.01106,-1.94698,1.10108,1.16771,2.20139,-2.75266,-1.32422,1.00895,-1.94565,1.10136,1.16858,2.20139,0.000710833,-0.000137603,-0.000104092,0.000660501,5.55428e-05,-0.000114204,-0.000207786,0,0,0,0,0,0,0,-0.22826,26.7383,-24.7643,7.49881,0.830705,2.52523,0.0523779,-0.205189,2.1726,-3.08203,1.89409,0.184147,0.92396,0.0479605
1724341,0.99,-2.75261,-1.32534,1.01106,-1.94698,1.10108,1.16772,2.20139,-2.75266,-1.32422,1.00895,-1.94565,1.10136,1.16858,2.20139,-0.000732537,-9.17351e-05,0.000487418,0.000440332,0.000681289,-7.61357e-05,0.00084482,0,0,0,0,0,0,0,-0.176685,26.7383,-24.7881,7.49881,0.81331,2.52523,0.0258276,-0.206919,2.17366,-3.08414,1.89367,0.184154,0.924239,0.0477726
1724342,0.99,-2.75261,-1.32534,1.01106,-1.94698,1.10108,1.16772,2.20138,-2.75266,-1.32422,1.00895,-1.94565,1.10136,1.16858,2.20139,0.000718068,0.000495655,-0.000881481,0.000293554,-0.000190068,0.000186602,-0.000894848,0,0,0,0,0,0,0,-0.22826,26.7144,-24.7366,7.49881,0.830705,2.51882,0.0651953,-0.208289,2.17433,-3.08571,1.89313,0.184124,0.924444,0.0476161
1724343,0.99,-2.75261,-1.32534,1.01106,-1.94698,1.10108,1.16771,2.20139,-2.75266,-1.32422,1.00895,-1.94565,1.10136,1.16858,2.20139,0.000478712,-0.000226375,6.196e-05,0.000845315,7.67388e-05,0.000124401,0.000115511,0,0,0,0,0,0,0,-0.22826,26.7383,-24.7643,7.47104,0.825212,2.51882,0.0459692,-0.210039,2.17444,-3.08621,1.8923,0.18404,0.924574,0.0474778
1724344,0.99,-2.75261,-1.32534,1.01106,-1.94698,1.10108,1.16771,2.20139,-2.75266,-1.32422,1.00895,-1.94565,1.10136,1.16858,2.20139,-0.000237671,0.00105551,0.000598119,-0.000642883,-0.000152291,8.29341e-05,0.00106035,0,0,0,0,0,0,0,-0.204456,26.6867,-24.7881,7.52262,0.830705,2.51882,0.0194189,-0.211741,2.17422,-3.08654,1.89159,0.183937,0.924694,0.0473651
1724345,0.99,-2.75261,-1.32534,1.01106,-1.94698,1.10108,1.16771,2.20139,-2.75266,-1.32422,1.00895,-1.94565,1.10136,1.16858,2.20139,0.000398365,5.40588e-05,0.000398746,-0.000428589,-0.000304978,5.52894e-05,-5.17573e-06,0,0,0,0,0,0,0,-0.22826,26.7144,-24.7881,7.52262,0.836199,2.51882,0.038645,-0.211717,2.17326,-3.08749,1.8922,0.183916,0.924858,0.0472731
1724346,0.99,-2.75261,-1.32534,1.01106,-1.94699,1.10108,1.16771,2.20138,-2.75266,-1.32422,1.00895,-1.94565,1.10136,1.16858,2.20139,-0.000940849,-0.000520773,0.000265831,-0.000842539,-0.000203319,0.000274219,-0.00122415,0,0,0,0,0,0,0,-0.176685,26.7383,-24.7881,7.54642,0.836199,2.51242,0.071604,-0.210086,2.17207,-3.08919,1.89406,0.183997,0.92506,0.0471722
1724347,0.99,-2.75261,-1.32534,1.01106,-1.94698,1.10108,1.16771,2.20139,-2.75266,-1.32422,1.00895,-1.94565,1.10136,1.16858,2.20139,-0.00118404,0.00020963,-0.000379592,-4.88074e-06,-0.000338996,-0.000529264,-0.000341385,0,0,0,0,0,0,0,-0.152882,26.7144,-24.7643,7.52262,0.841692,2.53164,0.0587866,-0.206645,2.17071,-3.09123,1.89696,0.18418,0.925234,0.0470656
1724348,0.99,-2.75261,-1.32534,1.01106,-1.94699,1.10108,1.16771,2.20139,-2.75266,-1.32422,1.00895,-1.94565,1.10136,1.16858,2.20139,-0.000232551,0.000789367,0.000303751,-3.25406e-06,-0.000429448,0.000121875,0.000755754,0,0,0,0,0,0,0,-0.176685,26.6867,-24.7881,7.52262,0.847185,2.51882,0.0322363,-0.201916,2.16842,-3.0927,1.90042,0.184416,0.925331,0.046986
1724349,0.99,-2.75261,-1.32534,1.01106,-1.94698,1.10108,1.16771,2.20139,-2.75266,-1.32422,1.00895,-1.94565,1.10136,1.16858,2.20139,0.00049458,-0.00132979,0.000852115,0.000554642,0.000527503,-0.000393468,-4.78997e-06,0,0,0,0,0,0,0,-0.204456,26.766,-24.8159,7.49881,0.825212,2.53164,0.0459692,-0.198772,2.167,-3.09444,1.90278,0.184586,0.925444,0.0469377
1724350,0.99,-2.75261,-1.32534,1.01106,-1.94699,1.10108,1.16771,2.20139,-2.75266,-1.32422,1.00895,-1.94565,1.10136,1.16858,2.20139,-0.00152632,-0.00088653,-0.00063835,-0.00130067,0.000351669,-0.000262312,-0.000477911,0,0,0,0,0,0,0,-0.125111,26.766,-24.7643,7.57022,0.825212,2.53164,0.0587866,-0.197503,2.16775,-3.09729,1.90396,0.184709,0.925635,0.0468997
1724351,0.99,-2.75261,-1.32534,1.01106,-1.94698,1.10108,1.16772,2.20138,-2.75266,-1.32422,1.00895,-1.94565,1.10136,1.16858,2.20139,0.000188879,0.00126502,0.000131246,0.000803319,-0.000172455,0.000299843,-0.000793325,0,0,0,0,0,0,0,-0.176685,26.6867,-24.7881,7.49881,0.836199,2.51882,0.071604,-0.195786,2.16818,-3.09968,1.90543,0.184864,0.925805,0.046871
1724352,0.99,-2.75261,-1.32534,1.01106,-1.94699,1.10108,1.16771,2.20139,-2.75266,-1.32422,1.00895,-1.94565,1.10136,1.16858,2.20139,-0.000430892,-0.000363079,8.74971e-05,-0.000578078,-0.00011497,-3.74634e-05,0.00069182,0,0,0,0,0,0,0,-0.152882,26.7383,-24.7881,7.54642,0.836199,2.52523,0.038645,-0.193918,2.16723,-3.10086,1.90704,0.184999,0.925925,0.0468709
1724353,0.99,-2.75261,-1.32534,1.01106,-1.94698,1.10108,1.16771,2.20138,-2.75266,-1.32422,1.00895,-1.94565,1.10136,1.16858,2.20139,-0.000287262,0.000314759,-0.00114809,0.00137785,-7.66467e-05,-0.000262335,-0.00075949,0,0,0,0,0,0,0,-0.152882,26.7144,-24.7366,7.47104,0.836199,2.53164,0.071604,-0.192948,2.16599,-3.10123,1.90799,0.185071,0.926007,0.0469059
1724354,0.99,-2.75261,-1.32534,1.01106,-1.94698,1.10108,1.16771,2.20138,-2.75266,-1.32422,1.00895,-1.94565,1.10136,1.16858,2.20139,-0.000191508,-0.000996587,0.00109064,0.000268954,0.000355803,0.000537187,-0.00145576,0,0,0,0,0,0,0,-0.152882,26.766,-24.8159,7.49881,0.825212,2.51242,0.0972387,-0.193159,2.16554,-3.10148,1.9079,0.185071,0.926074,0.0469695
1724355,0.99,-2.75261,-1.32534,1.01106,-1.94698,1.10108,1.16771,2.20138,-2.75266,-1.32422,1.00895,-1.94565,1.10136,1.16858,2.20139,0.00107875,-0.000664391,7.74817e-05,-0.000377509,3.37516e-05,-0.000116593,-0.000258432,0,0,0,0,0,0,0,-0.204456,26.766,-24.7881,7.52262,0.830705,2.52523,0.0780126,-0.195024,2.16714,-3.10312,1.90675,0.185008,0.926249,0.0470824
1724356,0.99,-2.75261,-1.32534,1.01106,-1.94698,1.10108,1.16771,2.20138,-2.75266,-1.32422,1.00895,-1.94565,1.10136,1.16858,2.20139,6.95554e-05,0.000763499,5.16545e-05,0.000305139,2.25011e-05,-0.000315088,-0.000409647,0,0,0,0,0,0,0,-0.176685,26.7144,-24.7881,7.49881,0.830705,2.53164,0.0844213,-0.197952,2.16954,-3.10538,1.90533,0.184923,0.926511,0.0472815
1724357,0.99,-2.75261,-1.32534,1.01107,-1.94699,1.10108,1.16772,2.20139,-2.75266,-1.32422,1.00895,-1.94565,1.10136,1.16858,2.20139,4.63703e-05,0.00115861,0.00179767,-0.00146701,1.50007e-05,0.000264659,0.000676338,0,0,0,0,0,0,0,-0.176685,26.6867,-24.8635,7.57022,0.830705,2.51882,0.0587866,-0.199543,2.17029,-3.10732,1.90509,0.184891,0.926791,0.0475823
1724358,0.99,-2.75261,-1.32534,1.01106,-1.94699,1.10108,1.16772,2.20138,-2.75266,-1.32422,1.00895,-1.94565,1.10136,1.16858,2.20139,0.000680527,-0.00108363,0.000641637,-0.00162762,1.00005e-05,0.00017644,-0.00144798,0,0,0,0,0,0,0,-0.204456,26.766,-24.8397,7.598,0.830705,2.51882,0.110056,-0.198996,2.17004,-3.11015,1.90667,0.184977,0.927161,0.0479701
1724359,0.99,-2.75261,-1.32534,1.01106,-1.94699,1.10108,1.16771,2.20138,-2.75266,-1.32422,1.00895,-1.94565,1.10136,1.16858,2.20139,-0.000195929,0.000484005,-0.000778668,0.000121346,6.66699e-06,-0.000119733,0.000221475,0,0,0,0,0,0,0,-0.176685,26.7144,-24.7881,7.54642,0.830705,2.52523,0.0780126,-0.198064,2.16995,-3.11316,1.90882,0.185113,0.927538,0.0484249
1724360,0.99,-2.75261,-1.32534,1.01106,-1.94698,1.10108,1.16771,2.20138,-2.75266,-1.32422,1.00895,-1.94565,1.10136,1.16858,2.20139,-0.000687431,-0.000234142,-0.00107592,0.00119452,-0.000199006,0.000157537,0.000622368,0,0,0,0,0,0,0,-0.152882,26.7383,-24.7643,7.49881,0.836199,2.51882,0.0651953,-0.197352,2.1691,-3.11417,1.91037,0.185195,0.927713,0.0489467
1724361,1,-2.75261,-1.32534,1.01106,-1.94698,1.10108,1.16771,2.20138,-2.75266,-1.32422,1.00895,-1.94565,1.10136,1.16858,2.20139,9.85244e-05,0.000400717,-0.00016047,0.000239535,-0.000336121,0.000105025,0.000177553,0,0,0,0,0,0,0,-0.176685,26.7144,-24.7881,7.52262,0.841692,2.51882,0.071604,-0.19682,2.16746,-3.11338,1.91108,0.185203,0.927688,0.0495224
1724362,1,-2.75261,-1.32534,1.01106,-1.94699,1.10108,1.16771,2.20138,-2.75266,-1.32422,1.00895,-1.94565,1.10136,1.16858,2.20139,0.00127211,0.000267145,-0.00010698,-0.000953934,-2.06302e-05,0.000544734,-0.000356349,0,0,0,0,0,0,0,-0.22826,26.7144,-24.7881,7.57022,0.836199,2.50601,0.0844213,-0.197055,2.16587,-3.1123,1.91137,0.185177,0.927637,0.0501225
1724363,1,-2.75261,-1.32534,1.01106,-1.94698,1.10108,1.16771,2.20138,-2.75266,-1.32422,1.00895,-1.94565,1.10136,1.16858,2.20139,-0.000915165,-0.00102833,-0.000628132,0.000477668,0.000596598,0.000125797,-0.000237566,0,0,0,0,0,0,0,-0.152882,26.766,-24.7643,7.52262,0.819719,2.51242,0.0844213,-0.197924,2.16487,-3.11164,1.91158,0.185163,0.927622,0.050733
1724364,1,-2.75261,-1.32534,1.01106,-1.94699,1.10108,1.16771,2.20138,-2.75266,-1.32422,1.00895,-1.94565,1.10136,1.16858,2.20139,-0.00125972,-3.59389e-05,0.000787671,-0.000238367,-0.00041607,-0.000390853,7.89815e-05,0,0,0,0,0,0,0,-0.125111,26.7383,-24.8159,7.54642,0.841692,2.52523,0.0780126,-0.197498,2.16456,-3.11211,1.91232,0.18521,0.92761,0.0513576
1724365,1,-2.75261,-1.32534,1.01107,-1.94699,1.10108,1.16771,2.20138,-2.75266,-1.32422,1.00895,-1.94565,1.10136,1.16858,2.20139,-0.000839816,-2.39593e-05,0.00163874,-0.000158911,-7.39295e-05,-0.000260569,5.26543e-05,0,0,0,0,0,0,0,-0.125111,26.7383,-24.8635,7.54642,0.836199,2.52523,0.0780126,-0.194517,2.16461,-3.11462,1.91427,0.185353,0.927664,0.0520034
1724366,1,-2.75261,-1.32534,1.01106,-1.94699,1.10108,1.16771,2.20138,-2.75266,-1.32422,1.00895,-1.94565,1.10136,1.16858,2.20139,0.000646549,-1.59729e-05,-0.000670746,-0.000105941,0.000154164,6.36465e-05,3.51029e-05,0,0,0,0,0,0,0,-0.176685,26.7383,-24.7881,7.54642,0.830705,2.51882,0.0780126,-0.191106,2.16494,-3.11824,1.91655,0.185514,0.927793,0.0526618
1724367,1,-2.75261,-1.32534,1.01106,-1.94699,1.10108,1.16772,2.20139,-2.75266,-1.32422,1.00895,-1.94565,1.10136,1.16858,2.20139,-0.00012578,-0.00121707,-0.000447164,-7.06271e-05,-0.000304125,-0.000194928,-0.000213957,0,0,0,0,0,0,0,-0.152882,26.7898,-24.7881,7.54642,0.841692,2.52523,0.0844213,-0.189741,2.16571,-3.12094,1.91781,0.185605,0.927893,0.0533165
1724368,1,-2.75261,-1.32534,1.01106,-1.94699,1.10108,1.16771,2.20139,-2.75266,-1.32422,1.00895,-1.94565,1.10136,1.16858,2.20139,0.000472959,0.000395043,-0.000298109,-4.70848e-05,7.00578e-07,-0.000129952,0.00033208,0,0,0,0,0,0,0,-0.176685,26.7383,-24.7881,7.54642,0.836199,2.52523,0.071604,-0.190158,2.16677,-3.12241,1.91816,0.185641,0.92794,0.0539638
1724369,1,-2.75261,-1.32534,1.01106,-1.94699,1.10108,1.16771,2.20139,-2.75266,-1.32422,1.00895,-1.94565,1.10136,1.16858,2.20139,0.000315306,-0.000386252,0.00100769,-3.13898e-05,4.67052e-07,0.000150724,0.00215417,0,0,0,0,0,0,0,-0.176685,26.766,-24.8397,7.54642,0.836199,2.51882,0.0194189,-0.191347,2.16791,-3.12368,1.91817,0.185649,0.928,0.054605
1724370,1,-2.75261,-1.32534,1.01106,-1.94699,1.10108,1.16771,2.20138,-2.75266,-1.32422,1.00895,-1.94565,1.10136,1.16858,2.20139,0.000210204,0.00159854,0.000114979,-0.000577739,0.000407212,0.000100483,-0.000734028,0,0,0,0,0,0,0,-0.176685,26.6867,-24.8159,7.57022,0.825212,2.51882,0.0780126,-0.192291,2.16848,-3.12515,1.91849,0.185663,0.928103,0.055212
1724371,1,-2.75261,-1.32534,1.01106,-1.94698,1.10107,1.16771,2.20139,-2.75266,-1.32422,1.00895,-1.94565,1.10136,1.16858,2.20139,-0.000416676,0.000416078,-0.00112977,0.00193489,-0.000338877,-0.00017037,0.000697443,0,0,0,0,0,0,0,-0.152882,26.7144,-24.7643,7.47104,0.841692,2.52523,0.0459692,-0.192373,2.16727,-3.12541,1.91922,0.185676,0.928128,0.0557451
1724372,1,-2.75261,-1.32534,1.01106,-1.94699,1.10107,1.16771,2.20138,-2.75266,-1.32422,1.00895,-1.94565,1.10136,1.16858,2.20139,0.000279028,0.000277386,-0.00019637,-0.00103012,-0.000225918,0.000123779,-0.000959192,0,0,0,0,0,0,0,-0.176685,26.7144,-24.7881,7.57022,0.841692,2.51882,0.0844213,-0.192137,2.16483,-3.1241,1.91984,0.185671,0.928028,0.056196
1724373,1,-2.75261,-1.32534,1.01106,-1.94698,1.10108,1.16771,2.20139,-2.75266,-1.32422,1.00895,-1.94565,1.10136,1.16858,2.20139,-0.000370793,-0.000371888,-0.000130913,0.000426876,0.000256289,0.000319878,0.00176804,0,0,0,0,0,0,0,-0.152882,26.7383,-24.7881,7.52262,0.830705,2.51242,0.0194189,-0.191644,2.16275,-3.12293,1.92061,0.185707,0.927932,0.0565803
1724374,1,-2.75261,-1.32534,1.01106,-1.94698,1.10108,1.16771,2.20139,-2.75266,-1.32422,1.00895,-1.94565,1.10136,1.16858,2.20139,-0.000247196,-0.000897539,0.000562338,0.00149101,-3.2591e-05,-0.000261466,-0.000279371,0,0,0,0,0,0,0,-0.152882,26.766,-24.8159,7.47104,0.836199,2.52523,0.0587866,-0.191438,2.16248,-3.12332,1.92094,0.185748,0.927905,0.0569008
1724375,1,-2.75261,-1.32534,1.01106,-1.94699,1.10108,1.16771,2.20139,-2.75266,-1.32422,1.00895,-1.94565,1.10136,1.16858,2.20139,-0.000814411,-0.00059836,-0.000831534,-0.00132604,0.000181723,-0.000174311,5.11116e-05,0,0,0,0,0,0,0,-0.125111,26.766,-24.7643,7.57022,0.830705,2.52523,0.0523779,-0.191299,2.16386,-3.12504,1.92084,0.185793,0.927926,0.0571434
1724376,1,-2.75261,-1.32534,1.01107,-1.94698,1.10108,1.16771,2.20139,-2.75266,-1.32422,1.00895,-1.94565,1.10136,1.16858,2.20139,-0.000542941,0.000807519,0.00120888,0.000786407,0.000324599,-0.000116207,-0.000203285,0,0,0,0,0,0,0,-0.125111,26.7144,-24.8397,7.49881,0.825212,2.52523,0.0587866,-0.189559,2.16474,-3.12708,1.92179,0.185922,0.927976,0.0573147
1724377,1,-2.75261,-1.32534,1.01106,-1.94699,1.10108,1.16771,2.20139,-2.75266,-1.32422,1.00895,-1.94565,1.10136,1.16858,2.20139,-0.00036196,-1.84656e-05,-0.000957316,-3.25407e-05,1.2949e-05,0.000159888,-0.000135523,0,0,0,0,0,0,0,-0.125111,26.7383,-24.7643,7.52262,0.830705,2.51882,0.0587866,-0.186697,2.16446,-3.12882,1.92343,0.186075,0.928029,0.057434
1724378,1,-2.75261,-1.32534,1.01106,-1.94698,1.10108,1.16771,2.20139,-2.75266,-1.32422,1.00895,-1.94565,1.10136,1.16858,2.20139,0.000408307,-1.23104e-05,-8.1399e-05,-2.16938e-05,8.63267e-06,0.000343951,0.00136771,0,0,0,0,0,0,0,-0.152882,26.7383,-24.7881,7.52262,0.830705,2.51242,0.0194189,-0.184451,2.16371,-3.12968,1.92473,0.18618,0.928051,0.0575114
1724379,1,-2.75261,-1.32534,1.01106,-1.94699,1.10108,1.16771,2.20139,-2.75266,-1.32422,1.00895,-1.94565,1.10136,1.16858,2.20139,0.000829017,-8.20695e-06,-0.000611078,-0.000571274,-0.000197695,0.000466659,-0.000546253,0,0,0,0,0,0,0,-0.176685,26.7383,-24.7643,7.54642,0.836199,2.50601,0.0587866,-0.18378,2.16316,-3.12975,1.9254,0.18623,0.928063,0.0575418
1724380,1,-2.75261,-1.32534,1.01106,-1.94698,1.10108,1.16771,2.20139,-2.75266,-1.32422,1.00895,-1.94565,1.10136,1.16858,2.20139,0.000552678,-5.4713e-06,0.000799041,0.000175962,7.16536e-05,-0.000163612,-0.00012681,0,0,0,0,0,0,0,-0.176685,26.7383,-24.8159,7.52262,0.830705,2.51882,0.0523779,-0.184689,2.16333,-3.12995,1.92542,0.186224,0.928116,0.0575142
1724381,1,-2.75261,-1.32534,1.01106,-1.94699,1.10108,1.16771,2.20139,-2.75266,-1.32422,1.00895,-1.94565,1.10136,1.16858,2.20139,0.000368452,-3.64753e-06,-0.000673732,-0.000439504,-0.000155681,-0.000109074,-0.000321899,0,0,0,0,0,0,0,-0.176685,26.7383,-24.7643,7.54642,0.836199,2.51882,0.0587866,-0.186263,2.16411,-3.13067,1.92514,0.186187,0.928202,0.0574412
1724382,1,-2.75261,-1.32534,1.01106,-1.94698,1.10108,1.16771,2.20139,-2.75266,-1.32422,1.00895,-1.94565,1.10136,1.16858,2.20139,0.000245635,-2.43169e-06,0.000107657,0.000263809,0.000506564,-0.000310075,0.000768745,0,0,0,0,0,0,0,-0.176685,26.7383,-24.7881,7.52262,0.819719,2.52523,0.0322363,-0.187681,2.16482,-3.13136,1.9249,0.186148,0.928268,0.0573454
1724383,1,-2.75261,-1.32534,1.01106,-1.94699,1.10108,1.16771,2.20139,-2.75266,-1.32422,1.00895,-1.94565,1.10136,1.16858,2.20139,0.000163756,0.000555191,7.17714e-05,0.000175873,-0.000476093,3.06421e-05,-0.000470848,0,0,0,0,0,0,0,-0.176685,26.7144,-24.7881,7.52262,0.841692,2.51882,0.0587866,-0.188647,2.16519,-3.1319,1.92478,0.186105,0.928303,0.0572323
1724384,1,-2.75261,-1.32534,1.01106,-1.94699,1.10108,1.16772,2.20139,-2.75266,-1.32422,1.00895,-1.94565,1.10136,1.16858,2.20139,-0.000447641,0.000370127,-0.000508964,-0.000439563,0.000292956,0.000257787,0.00016082,0,0,0,0,0,0,0,-0.152882,26.7144,-24.7643,7.54642,0.825212,2.51242,0.0459692,-0.188423,2.16467,-3.13216,1.92524,0.18609,0.928301,0.0570996
1724385,1,-2.75261,-1.32534,1.01106,-1.94698,1.10108,1.16772,2.20139,-2.75266,-1.32422,1.00895,-1.94565,1.10136,1.16858,2.20139,-0.000298427,-0.00031006,0.000217502,0.0014702,-8.14628e-06,0.000171858,-0.000130146,0,0,0,0,0,0,0,-0.152882,26.7383,-24.7881,7.47104,0.830705,2.51242,0.0523779,-0.187093,2.16361,-3.13221,1.92608,0.1861,0.928246,0.0569508
1724386,1,-2.75261,-1.32534,1.01106,-1.94698,1.10108,1.16771,2.20139,-2.75266,-1.32422,1.00895,-1.94565,1.10136,1.16858,2.20139,0.00035786,-0.000856321,0.000794616,0.000330516,0.00019802,-0.000122787,0.00113394,0,0,0,0,0,0,0,-0.176685,26.766,-24.8159,7.49881,0.825212,2.51882,0.0194189,-0.186529,2.16416,-3.13338,1.92596,0.186051,0.928214,0.0567889
1724387,1,-2.75261,-1.32534,1.01106,-1.94698,1.10108,1.16772,2.20139,-2.75266,-1.32422,1.00895,-1.94565,1.10136,1.16858,2.20139,0.000238574,0.000635545,-0.00011987,0.000220344,-7.14374e-05,-0.000319217,0.000281242,0,0,0,0,0,0,0,-0.176685,26.7144,-24.7881,7.49881,0.830705,2.52523,0.0322363,-0.18715,2.16619,-3.13564,1.92501,0.185946,0.928247,0.0566067
1724388,1,-2.75261,-1.32534,1.01106,-1.94699,1.10108,1.16771,2.20138,-2.75266,-1.32422,1.00895,-1.94565,1.10136,1.16858,2.20139,-0.00104738,0.00107331,-0.00128634,-0.000409916,0.000155826,-0.000212811,-0.00127057,0,0,0,0,0,0,0,-0.125111,26.6867,-24.7366,7.52262,0.825212,2.52523,0.071604,-0.186559,2.16631,-3.13655,1.92504,0.185894,0.92822,0.0563886
1724389,1,-2.75261,-1.32534,1.01106,-1.94698,1.10108,1.16771,2.20139,-2.75266,-1.32422,1.00895,-1.94565,1.10136,1.16858,2.20139,0.000508175,6.59266e-05,-0.000207946,-0.000273277,-9.95668e-05,-0.000141874,-0.000134968,0,0,0,0,0,0,0,-0.176685,26.7144,-24.7643,7.52262,0.830705,2.52523,0.0523779,-0.183921,2.16362,-3.13534,1.92657,0.185932,0.928088,0.0561402
1724390,1,-2.75261,-1.32534,1.01106,-1.94699,1.10108,1.16771,2.20139,-2.75266,-1.32422,1.00895,-1.94565,1.10136,1.16858,2.20139,0.000988397,-0.000512861,0.000418182,-0.000738997,-6.63779e-05,-9.45828e-05,-0.000327338,0,0,0,0,0,0,0,-0.204456,26.7383,-24.7881,7.54642,0.830705,2.52523,0.0587866,-0.181992,2.16141,-3.13431,1.92802,0.185969,0.928022,0.055891
1724391,1,-2.75261,-1.32534,1.01106,-1.94699,1.10108,1.16771,2.20139,-2.75266,-1.32422,1.00895,-1.94565,1.10136,1.16858,2.20139,9.31743e-06,0.000214905,0.000278788,-0.000492664,0.000362649,0.000174304,0.00123984,0,0,0,0,0,0,0,-0.176685,26.7144,-24.7881,7.54642,0.819719,2.51882,0.0194189,-0.181684,2.16114,-3.13479,1.92881,0.185969,0.928108,0.0556615
1724392,1,-2.75261,-1.32534,1.01106,-1.94698,1.10108,1.16772,2.20139,-2.75266,-1.32422,1.00895,-1.94565,1.10136,1.16858,2.20139,6.21162e-06,0.00014327,-0.000370953,0.000785181,-0.000165135,0.000116203,0.000589199,0,0,0,0,0,0,0,-0.176685,26.7144,-24.7643,7.49881,0.830705,2.51882,0.0258276,-0.18157,2.16133,-3.13577,1.92939,0.185946,0.928225,0.0554444
1724393,1,-2.75261,-1.32534,1.01106,-1.94698,1.10108,1.16771,2.20139,-2.75266,-1.32422,1.00895,-1.94565,1.10136,1.16858,2.20139,4.14108e-06,9.55132e-05,-0.000247302,0.000523454,-0.00011009,-0.000159891,0.000630158,0,0,0,0,0,0,0,-0.176685,26.7144,-24.7643,7.49881,0.830705,2.52523,0.0194189,-0.181608,2.16134,-3.13622,1.92943,0.185866,0.928276,0.0552058
1724394,1,-2.75261,-1.32534,1.01106,-1.94698,1.10108,1.16771,2.20139,-2.75266,-1.32422,1.00895,-1.94565,1.10136,1.16858,2.20139,2.76072e-06,-0.000493136,0.000391944,0.000348969,-7.33933e-05,0.000130765,-0.000291971,0,0,0,0,0,0,0,-0.176685,26.7383,-24.7881,7.49881,0.830705,2.51882,0.038645,-0.182056,2.16173,-3.13669,1.92887,0.185741,0.928305,0.0549165
1724396,0.98,-2.75261,-1.32534,1.01106,-1.94698,1.10108,1.16771,2.20139,-2.75266,-1.32422,1.00895,-1.94565,1.10136,1.16858,2.20139,1.22699e-06,-0.000868786,0.000576339,-0.000216111,-0.000168253,-2.10018e-05,0.000186714,0,0,0,0,0,0,0,-0.176685,26.766,-24.7881,7.52262,0.836199,2.51882,0.0258276,-0.182733,2.16369,-3.13824,1.9279,0.18556,0.928396,0.0541774
1724397,0.98,-2.75261,-1.32534,1.01106,-1.94698,1.10108,1.16771,2.20139,-2.75266,-1.32422,1.00895,-1.94565,1.10136,1.16858,2.20139,-0.000555994,0.000627235,-0.0008222,-0.000144074,9.12819e-05,-0.00025136,-0.00062151,0,0,0,0,0,0,0,-0.152882,26.7144,-24.7366,7.52262,0.830705,2.52523,0.0459692,-0.182149,2.16443,-3.13904,1.92817,0.185557,0.928446,0.0537461
1724398,0.98,-2.75261,-1.32534,1.01106,-1.94698,1.10108,1.16771,2.20139,-2.75266,-1.32422,1.00895,-1.94565,1.10136,1.16858,2.20139,0.000186149,0.000418157,0.000658293,0.00111038,6.08546e-05,0.000307144,0.000569004,0,0,0,0,0,0,0,-0.176685,26.7144,-24.7881,7.47104,0.830705,2.51242,0.0194189,-0.18086,2.16406,-3.13929,1.92877,0.185568,0.928457,0.0532885
1724399,0.98,-2.75261,-1.32534,1.01106,-1.94698,1.10108,1.16771,2.20139,-2.75266,-1.32422,1.00895,-1.94565,1.10136,1.16858,2.20139,-0.00108233,0.000278771,0.00108848,9.06372e-05,0.000447471,0.000204763,-0.000604008,0,0,0,0,0,0,0,-0.125111,26.7144,-24.8159,7.49881,0.819719,2.51242,0.0459692,-0.179244,2.16335,-3.13986,1.92925,0.185555,0.92847,0.052818
1724400,0.98,-2.75261,-1.32534,1.01106,-1.94698,1.10108,1.16772,2.20139,-2.75266,-1.32422,1.00895,-1.94565,1.10136,1.16858,2.20139,0.000484875,0.000185848,-0.00113039,6.04248e-05,-0.000108587,0.000373868,0.000343313,0,0,0,0,0,0,0,-0.176685,26.7144,-24.7366,7.49881,0.830705,2.50601,0.0258276,-0.177264,2.16257,-3.1408,1.92981,0.185547,0.928489,0.0523398
1724401,0.98,-2.75261,-1.32534,1.01106,-1.94698,1.10108,1.16771,2.20139,-2.75266,-1.32422,1.00895,-1.94565,1.10136,1.16858,2.20139,0.00032325,-0.000432914,-0.000753593,0.000689897,0.000131059,-0.000700191,-0.000245842,0,0,0,0,0,0,0,-0.176685,26.7383,-24.7366,7.47104,0.825212,2.53164,0.038645,-0.176455,2.16163,-3.14043,1.92982,0.185501,0.928428,0.0518569
1724402,0.98,-2.75261,-1.32534,1.01106,-1.94698,1.10108,1.16771,2.20139,-2.75266,-1.32422,1.00895,-1.94565,1.10136,1.16858,2.20139,-0.000341312,0.000268203,0.000704031,-0.000189683,-0.000319528,0.000482642,0.000548182,0,0,0,0,0,0,0,-0.152882,26.7144,-24.7881,7.49881,0.836199,2.50601,0.0194189,-0.176952,2.16115,-3.13952,1.92909,0.18541,0.928337,0.0513742
1724403,0.98,-2.75261,-1.32534,1.01106,-1.94698,1.10108,1.16771,2.20139,-2.75266,-1.32422,1.00895,-1.94565,1.10136,1.16858,2.20139,0.000329271,-0.00037801,0.000469354,-0.000683267,-0.00061992,8.44024e-05,-0.000109263,0,0,0,0,0,0,0,-0.176685,26.7383,-24.7881,7.52262,0.847185,2.51242,0.0322363,-0.176949,2.16121,-3.13973,1.9288,0.185365,0.928321,0.0508941
1724404,0.98,-2.75261,-1.32534,1.01106,-1.94698,1.10108,1.16771,2.20139,-2.75266,-1.32422,1.00895,-1.94565,1.10136,1.16858,2.20139,-0.000337298,-0.000901621,-0.000243909,0.000101301,0.000400522,-0.00041845,0.000164517,0,0,0,0,0,0,0,-0.152882,26.766,-24.7643,7.49881,0.825212,2.52523,0.0258276,-0.176583,2.16198,-3.14099,1.92891,0.185381,0.928372,0.0504098
1724405,0.98,-2.75261,-1.32534,1.01106,-1.94698,1.10108,1.16771,2.20139,-2.75266,-1.32422,1.00895,-1.94565,1.10136,1.16858,2.20139,0.000331946,4.85335e-05,-0.00081222,6.75338e-05,0.000267015,-0.000278966,-0.00134838,0,0,0,0,0,0,0,-0.176685,26.7383,-24.7366,7.49881,0.825212,2.52523,0.0651953,-0.17663,2.16307,-3.14193,1.92871,0.1854,0.928394,0.0499179
1724406,0.98,-2.75261,-1.32534,1.01106,-1.94699,1.10108,1.16771,2.20139,-2.75266,-1.32422,1.00895,-1.94565,1.10136,1.16858,2.20139,0.000221298,3.23557e-05,0.000108134,-0.000511789,-0.000228891,5.13813e-05,0.000796498,0,0,0,0,0,0,0,-0.176685,26.7383,-24.7643,7.52262,0.836199,2.51882,0.0194189,-0.176991,2.16353,-3.1418,1.92836,0.185404,0.928364,0.0494365
1724407,0.98,-2.75261,-1.32534,1.01106,-1.94698,1.10108,1.16771,2.20139,-2.75266,-1.32422,1.00895,-1.94565,1.10136,1.16858,2.20139,0.000797146,0.000578382,0.000628901,0.000215619,0.000254307,3.42542e-05,-0.000452345,0,0,0,0,0,0,0,-0.204456,26.7144,-24.7881,7.49881,0.825212,2.51882,0.0459692,-0.177596,2.16353,-3.14147,1.92804,0.185393,0.928357,0.0489871
1724408,0.98,-2.75261,-1.32534,1.01106,-1.94698,1.10108,1.16771,2.20139,-2.75266,-1.32422,1.00895,-1.94565,1.10136,1.16858,2.20139,0.00053143,-0.000171224,-0.000787158,0.000143746,-0.000237363,0.000260195,0.000207063,0,0,0,0,0,0,0,-0.204456,26.7383,-24.7366,7.49881,0.836199,2.51242,0.0322363,-0.178952,2.16357,-3.14116,1.9273,0.185334,0.928374,0.048567
1724409,0.98,-2.75261,-1.32534,1.01106,-1.94698,1.10108,1.16771,2.20139,-2.75266,-1.32422,1.00895,-1.94565,1.10136,1.16858,2.20139,0.000911099,-0.000114149,0.000124842,9.58307e-05,-0.000158242,-6.38956e-05,0.000138042,0,0,0,0,0,0,0,-0.22826,26.7383,-24.7643,7.49881,0.836199,2.51882,0.0322363,-0.181329,2.16387,-3.14045,1.92594,0.18523,0.928368,0.0481683
1724410,0.98,-2.75261,-1.32534,1.01106,-1.94698,1.10108,1.16772,2.20139,-2.75266,-1.32422,1.00895,-1.94565,1.10136,1.16858,2.20139,0.00116421,0.000480713,8.32278e-05,-0.000492925,9.79558e-05,0.000432121,-0.000145331,0,0,0,0,0,0,0,-0.252064,26.7144,-24.7643,7.52262,0.830705,2.50601,0.038645,-0.184391,2.16445,-3.13971,1.92432,0.185113,0.928369,0.0477887
1724411,0.98,-2.75261,-1.32534,1.01106,-1.94698,1.10108,1.16771,2.20139,-2.75266,-1.32422,1.00895,-1.94565,1.10136,1.16858,2.20139,-0.000987097,-0.000885951,-0.00115094,-0.000328617,6.53039e-05,5.07216e-05,0.000377831,0,0,0,0,0,0,0,-0.176685,26.766,-24.7128,7.52262,0.830705,2.51242,0.0258276,-0.186589,2.1646,-3.13885,1.92336,0.185058,0.928347,0.0474246
1724412,0.98,-2.75261,-1.32534,1.01106,-1.94699,1.10108,1.16771,2.20139,-2.75266,-1.32422,1.00895,-1.94565,1.10136,1.16858,2.20139,-0.000658065,0.00126541,0.000439132,-0.00077589,0.000246986,-0.000203545,-0.000494098,0,0,0,0,0,0,0,-0.176685,26.6867,-24.7643,7.54642,0.825212,2.51882,0.0459692,-0.185634,2.16327,-3.13764,1.92421,0.185148,0.928244,0.0470754
1724413,0.98,-2.75261,-1.32534,1.01106,-1.94699,1.10108,1.16771,2.20139,-2.75266,-1.32422,1.00895,-1.94565,1.10136,1.16858,2.20139,-0.000995522,-0.00101244,-0.000913671,3.95522e-05,-0.000242243,0.000101663,-5.81315e-05,0,0,0,0,0,0,0,-0.152882,26.766,-24.7128,7.52262,0.836199,2.51242,0.038645,-0.181709,2.16063,-3.13643,1.92669,0.185354,0.928087,0.0467406
1724414,0.98,-2.75261,-1.32534,1.01106,-1.94698,1.10108,1.16772,2.20139,-2.75266,-1.32422,1.00895,-1.94565,1.10136,1.16858,2.20139,-0.000106869,-2.53433e-05,0.000597312,0.00058318,0.000245405,-0.000169584,-0.00078474,0,0,0,0,0,0,0,-0.176685,26.7383,-24.7643,7.49881,0.825212,2.51882,0.0587866,-0.177615,2.15868,-3.13581,1.92897,0.185545,0.927926,0.0464214
1724415,0.98,-2.75261,-1.32534,1.01106,-1.94698,1.10108,1.16771,2.20139,-2.75266,-1.32422,1.00895,-1.94565,1.10136,1.16858,2.20139,-0.000628058,0.000539916,-0.000808218,-0.000168025,0.000367054,-0.000350415,0.000460184,0,0,0,0,0,0,0,-0.152882,26.7144,-24.7128,7.52262,0.819719,2.52523,0.0322363,-0.174601,2.15762,-3.13553,1.93037,0.185658,0.927778,0.0461312
1724416,0.98,-2.75261,-1.32534,1.01106,-1.94698,1.10108,1.16772,2.20139,-2.75266,-1.32422,1.00895,-1.94565,1.10136,1.16858,2.20139,0.000787721,0.00100956,1.79999e-05,0.000444795,-0.000365649,0.000241108,0.00030679,0,0,0,0,0,0,0,-0.204456,26.6867,-24.7366,7.49881,0.836199,2.51242,0.0322363,-0.172493,2.15598,-3.1345,1.93135,0.185701,0.927619,0.0458811
1724417,0.98,-2.75261,-1.32534,1.01106,-1.94698,1.10108,1.16771,2.20138,-2.75266,-1.32422,1.00895,-1.94565,1.10136,1.16858,2.20139,-0.000124467,2.34249e-05,0.000661614,0.000946144,0.000163135,0.000160739,-0.00101618,0,0,0,0,0,0,0,-0.176685,26.7144,-24.7643,7.47104,0.825212,2.51242,0.0651953,-0.172062,2.15458,-3.13327,1.93138,0.185639,0.927487,0.0456574
1724418,0.98,-2.75261,-1.32534,1.01106,-1.94698,1.10108,1.16772,2.20139,-2.75266,-1.32422,1.00895,-1.94565,1.10136,1.16858,2.20139,-8.2978e-05,-0.00119081,0.000441076,-1.88513e-05,-9.46937e-05,0.000344518,-0.000202733,0,0,0,0,0,0,0,-0.176685,26.766,-24.7643,7.49881,0.830705,2.50601,0.0523779,-0.173153,2.15522,-3.13357,1.9303,0.185502,0.92745,0.0454534
1724419,0.98,-2.75261,-1.32534,1.01106,-1.94698,1.10108,1.16771,2.20139,-2.75266,-1.32422,1.00895,-1.94565,1.10136,1.16858,2.20139,-5.53186e-05,-0.000144259,-0.000355563,0.000637046,-0.00026658,-7.68025e-06,0.000102203,0,0,0,0,0,0,0,-0.176685,26.7383,-24.7366,7.47104,0.836199,2.51242,0.0459692,-0.174834,2.15761,-3.13506,1.92873,0.185363,0.927466,0.0452863
1724420,0.98,-2.75261,-1.32534,1.01106,-1.94699,1.10108,1.16771,2.20139,-2.75266,-1.32422,1.00895,-1.94565,1.10136,1.16858,2.20139,-3.68791e-05,0.000460639,-0.000793854,-0.000781728,0.000432632,0.000232239,0.000814121,0,0,0,0,0,0,0,-0.176685,26.7144,-24.7128,7.52262,0.819719,2.50601,0.0258276,-0.176178,2.15934,-3.13563,1.92752,0.185261,0.92742,0.0451666
1724421,0.98,-2.75261,-1.32534,1.01106,-1.94698,1.10108,1.16771,2.20139,-2.75266,-1.32422,1.00895,-1.94565,1.10136,1.16858,2.20139,-2.45861e-05,-0.000249719,-0.000529236,3.56598e-05,0.000288421,-8.25331e-05,-0.000677956,0,0,0,0,0,0,0,-0.176685,26.7383,-24.7128,7.49881,0.819719,2.51242,0.0587866,-0.176571,2.15926,-3.13455,1.92719,0.185217,0.927282,0.0450795
1724422,0.98,-2.75261,-1.32534,1.01106,-1.94698,1.10108,1.16772,2.20139,-2.75266,-1.32422,1.00895,-1.94565,1.10136,1.16858,2.20139,0.000633223,0.000390333,0.000203988,-0.000533039,-1.11697e-05,-0.000292381,0.000768733,0,0,0,0,0,0,0,-0.204456,26.7144,-24.7366,7.52262,0.825212,2.51882,0.0258276,-0.176788,2.15859,-3.133,1.92724,0.185186,0.927131,0.0450073
1724423,0.98,-2.75261,-1.32534,1.01105,-1.94698,1.10108,1.16771,2.20138,-2.75266,-1.32422,1.00895,-1.94565,1.10136,1.16858,2.20139,0.000422149,-0.000946204,-0.000977632,-0.000355359,-0.000210897,4.24383e-05,-0.00165765,0,0,0,0,0,0,0,-0.204456,26.766,-24.689,7.52262,0.830705,2.51242,0.0844213,-0.177732,2.15841,-3.13168,1.92709,0.185128,0.927019,0.044943
1724424,0.98,-2.75261,-1.32534,1.01106,-1.94698,1.10108,1.16771,2.20139,-2.75266,-1.32422,1.00895,-1.94565,1.10136,1.16858,2.20139,-0.000924993,0.000575623,-9.49427e-05,0.000319906,-0.000140598,-0.000446426,0.00082768,0,0,0,0,0,0,0,-0.152882,26.7144,-24.7128,7.49881,0.830705,2.52523,0.0322363,-0.178586,2.15838,-3.1303,1.92698,0.185066,0.926902,0.0448933
1724425,0.98,-2.75261,-1.32534,1.01106,-1.94698,1.10108,1.16771,2.20139,-2.75266,-1.32422,1.00895,-1.94565,1.10136,1.16858,2.20139,-5.98503e-05,0.000383749,0.000493517,0.00197651,0.000313169,0.00041446,-0.000431558,0,0,0,0,0,0,0,-0.176685,26.7144,-24.7366,7.42344,0.819719,2.50601,0.0587866,-0.178632,2.15808,-3.12909,1.92675,0.184976,0.926753,0.0448761
1724426,0.98,-2.75261,-1.32534,1.01106,-1.94698,1.10108,1.16771,2.20139,-2.75266,-1.32422,1.00895,-1.94565,1.10136,1.16858,2.20139,0.000609714,-0.000300979,-0.000227801,-0.00100238,-0.000401572,3.89475e-05,0.00045828,0,0,0,0,0,0,0,-0.204456,26.7383,-24.7128,7.52262,0.836199,2.51242,0.038645,-0.179069,2.15818,-3.12843,1.92586,0.184822,0.926625,0.0448886
1724427,0.98,-2.75261,-1.32534,1.01106,-1.94698,1.10108,1.16771,2.20139,-2.75266,-1.32422,1.00895,-1.94565,1.10136,1.16858,2.20139,0.000406476,-0.000200653,-0.000151867,-0.00011144,-6.42643e-05,-0.000211394,0.00030552,0,0,0,0,0,0,0,-0.204456,26.7383,-24.7128,7.49881,0.830705,2.51882,0.038645,-0.180283,2.15889,-3.12804,1.92484,0.184673,0.926557,0.0449188
1724428,0.98,-2.75261,-1.32534,1.01106,-1.94698,1.10108,1.16771,2.20138,-2.75266,-1.32422,1.00895,-1.94565,1.10136,1.16858,2.20139,-0.000935442,0.00107266,-0.000101245,-7.42932e-05,0.000364058,9.64297e-05,-0.00101702,0,0,0,0,0,0,0,-0.152882,26.6867,-24.7128,7.49881,0.819719,2.51242,0.071604,-0.180653,2.15891,-3.12737,1.92463,0.184594,0.926497,0.0449579
1724429,0.98,-2.75261,-1.32534,1.01106,-1.94698,1.10108,1.16772,2.20138,-2.75266,-1.32422,1.00895,-1.94565,1.10136,1.16858,2.20139,-6.68161e-05,6.54909e-05,0.00113893,0.000600085,-0.000164196,0.000301645,-0.00115273,0,0,0,0,0,0,0,-0.176685,26.7144,-24.7643,7.47104,0.830705,2.50601,0.0844213,-0.179336,2.15791,-3.12677,1.92524,0.184565,0.926426,0.0450067
1724430,0.98,-2.75261,-1.32534,1.01106,-1.94698,1.10108,1.16772,2.20138,-2.75266,-1.32422,1.00895,-1.94565,1.10136,1.16858,2.20139,-0.000601356,-0.000513151,-0.00044714,-0.000249557,-0.000109464,-0.000273621,-0.00053113,0,0,0,0,0,0,0,-0.152882,26.7383,-24.7128,7.49881,0.830705,2.51882,0.0780126,-0.177522,2.15732,-3.12698,1.92587,0.184545,0.926383,0.0450927
1724431,0.98,-2.75261,-1.32534,1.01106,-1.94698,1.10108,1.16771,2.20139,-2.75266,-1.32422,1.00895,-1.94565,1.10136,1.16858,2.20139,0.000805522,-0.000342101,-0.000298093,-0.000723183,0.000333925,5.4945e-05,0.000595349,0,0,0,0,0,0,0,-0.204456,26.7383,-24.7128,7.52262,0.819719,2.51242,0.0523779,-0.176387,2.15753,-3.12728,1.92621,0.184529,0.92635,0.0452472
1724432,0.98,-2.75261,-1.32534,1.01105,-1.94698,1.10108,1.16771,2.20139,-2.75266,-1.32422,1.00895,-1.94565,1.10136,1.16858,2.20139,-0.000112599,-0.000228067,-0.000755541,7.46897e-05,1.91663e-05,0.000273989,0.000396899,0,0,0,0,0,0,0,-0.176685,26.7383,-24.689,7.49881,0.825212,2.50601,0.0523779,-0.176357,2.15792,-3.12673,1.92619,0.184501,0.926288,0.0454729
1724433,0.98,-2.75261,-1.32534,1.01106,-1.94698,1.10108,1.16772,2.20138,-2.75266,-1.32422,1.00895,-1.94565,1.10136,1.16858,2.20139,-7.50662e-05,-0.000152045,5.31182e-05,4.97931e-05,1.27775e-05,0.000182659,-0.000922195,0,0,0,0,0,0,0,-0.176685,26.7383,-24.7128,7.49881,0.825212,2.50601,0.0844213,-0.176909,2.15826,-3.12553,1.92583,0.184443,0.926182,0.0457434
1724434,0.98,-2.75261,-1.32534,1.01106,-1.94698,1.10108,1.16771,2.20138,-2.75266,-1.32422,1.00895,-1.94565,1.10136,1.16858,2.20139,-5.00442e-05,-0.000101363,0.000592224,3.31954e-05,8.51835e-06,0.000121773,-0.000614797,0,0,0,0,0,0,0,-0.176685,26.7383,-24.7366,7.49881,0.825212,2.50601,0.0844213,-0.17732,2.15878,-3.12472,1.92538,0.184364,0.926077,0.0460467
1724435,0.98,-2.75261,-1.32534,1.01106,-1.94698,1.10108,1.16772,2.20138,-2.75266,-1.32422,1.00895,-1.94565,1.10136,1.16858,2.20139,-3.33628e-05,0.000489236,-0.000161996,-0.000534682,5.6789e-06,8.11819e-05,-0.000172506,0,0,0,0,0,0,0,-0.176685,26.7144,-24.7128,7.52262,0.825212,2.50601,0.0780126,-0.177292,2.15921,-3.12443,1.92521,0.184288,0.925995,0.0464003
1724436,0.98,-2.75261,-1.32534,1.01106,-1.94698,1.10108,1.16772,2.20139,-2.75266,-1.32422,1.00895,-1.94565,1.10136,1.16858,2.20139,0.000627372,-0.000880268,-0.000107997,-0.000356454,3.78594e-06,-0.000183238,0.000597073,0,0,0,0,0,0,0,-0.204456,26.766,-24.7128,7.52262,0.825212,2.51242,0.0587866,-0.177251,2.1594,-3.124,1.92527,0.184217,0.925908,0.0468165
1724437,0.98,-2.75261,-1.32534,1.01106,-1.94698,1.10108,1.16771,2.20138,-2.75266,-1.32422,1.00895,-1.94565,1.10136,1.16858,2.20139,0.00097506,-0.000586846,-7.19982e-05,0.000319176,2.52396e-06,-0.000122158,-0.000551387,0,0,0,0,0,0,0,-0.22826,26.766,-24.7128,7.49881,0.825212,2.51242,0.0844213,-0.178907,2.16069,-3.12365,1.92447,0.184088,0.92583,0.04728
1724438,0.98,-2.75261,-1.32534,1.01106,-1.94698,1.10108,1.16771,2.20138,-2.75266,-1.32422,1.00895,-1.94565,1.10136,1.16858,2.20139,-0.000556386,0.000258384,-4.79988e-05,-0.000344028,-0.000201768,0.00015592,-0.000367591,0,0,0,0,0,0,0,-0.176685,26.7383,-24.7128,7.52262,0.830705,2.50601,0.0844213,-0.181543,2.16262,-3.12334,1.92307,0.183911,0.925748,0.0477747
1724439,0.98,-2.75261,-1.32534,1.01106,-1.94698,1.10108,1.16771,2.20138,-2.75266,-1.32422,1.00895,-1.94565,1.10136,1.16858,2.20139,0.00027869,-0.000477358,-3.19992e-05,0.00032746,-0.000134512,0.000103947,-0.000719779,0,0,0,0,0,0,0,-0.204456,26.766,-24.7128,7.49881,0.830705,2.50601,0.0972387,-0.183054,2.16379,-3.12275,1.92224,0.183767,0.925623,0.0483053
1724440,0.98,-2.75261,-1.32534,1.01106,-1.94698,1.10108,1.16772,2.20139,-2.75266,-1.32422,1.00895,-1.94565,1.10136,1.16858,2.20139,-0.000463821,-0.000875051,-2.13328e-05,0.000218307,0.000113776,-0.000168061,0.00118166,0,0,0,0,0,0,0,-0.176685,26.7898,-24.7128,7.49881,0.825212,2.51242,0.0523779,-0.183892,2.16494,-3.1223,1.92161,0.183647,0.92547,0.0488823
1724441,0.98,-2.75261,-1.32534,1.01106,-1.94698,1.10108,1.16772,2.20138,-2.75266,-1.32422,1.00895,-1.94565,1.10136,1.16858,2.20139,0.000897212,0.000623059,0.00054259,0.000145538,7.58506e-05,0.000125318,-0.000873739,0,0,0,0,0,0,0,-0.22826,26.7383,-24.7366,7.49881,0.825212,2.50601,0.0972387,-0.184899,2.16648,-3.12217,1.92078,0.183517,0.925324,0.0494998
1724442,0.98,-2.75261,-1.32534,1.01106,-1.94698,1.10108,1.16772,2.20138,-2.75266,-1.32422,1.00895,-1.94565,1.10136,1.16858,2.20139,-0.000608284,0.0016218,0.000361727,9.70251e-05,5.05671e-05,-0.000153814,0.000366943,0,0,0,0,0,0,0,-0.176685,26.6867,-24.7366,7.49881,0.825212,2.51242,0.071604,-0.18529,2.16671,-3.12165,1.92046,0.183396,0.925173,0.050144
1724443,0.98,-2.75261,-1.32534,1.01106,-1.94698,1.10108,1.16772,2.20138,-2.75266,-1.32422,1.00895,-1.94565,1.10136,1.16858,2.20139,-0.000405523,-0.000125227,0.000890765,-0.000492129,-0.00037319,0.000134817,-0.000467448,0,0,0,0,0,0,0,-0.176685,26.7383,-24.7643,7.52262,0.836199,2.50601,0.09083,-0.183731,2.16506,-3.12085,1.92143,0.183344,0.925009,0.0508108
1724444,0.98,-2.75261,-1.32534,1.01105,-1.94698,1.10108,1.16771,2.20139,-2.75266,-1.32422,1.00895,-1.94565,1.10136,1.16858,2.20139,-0.000270349,0.00112294,-0.00116939,0.00087834,-4.53426e-05,-0.000147481,0.000400445,0,0,0,0,0,0,0,-0.176685,26.6867,-24.689,7.47104,0.830705,2.51242,0.071604,-0.180955,2.16255,-3.11972,1.92308,0.183353,0.924808,0.0514942
1724445,0.98,-2.75261,-1.32535,1.01105,-1.94698,1.10108,1.16772,2.20138,-2.75266,-1.32422,1.00895,-1.94565,1.10136,1.16858,2.20139,-0.000737044,-0.00166422,-0.000222784,0.00114237,0.000173222,0.000376397,-0.000445114,0,0,0,0,0,0,0,-0.152882,26.7898,-24.7128,7.44724,0.825212,2.4996,0.09083,-0.179004,2.16044,-3.11776,1.92384,0.183327,0.924512,0.0521811
1724446,0.98,-2.75261,-1.32534,1.01106,-1.94698,1.10108,1.16771,2.20139,-2.75266,-1.32422,1.00895,-1.94565,1.10136,1.16858,2.20139,0.000715063,-0.000552671,-0.000148523,0.000204769,0.000115481,-0.000223786,-0.000296742,0,0,0,0,0,0,0,-0.204456,26.766,-24.7128,7.47104,0.825212,2.51242,0.09083,-0.179126,2.16055,-3.11621,1.92292,0.183228,0.924207,0.0528647
1724447,0.98,-2.75261,-1.32534,1.01105,-1.94698,1.10108,1.16772,2.20139,-2.75266,-1.32422,1.00895,-1.94565,1.10136,1.16858,2.20139,-0.000172905,0.000281167,-0.000655827,-0.00106991,0.000517797,8.81679e-05,0.000514249,0,0,0,0,0,0,0,-0.176685,26.7383,-24.689,7.52262,0.81331,2.50601,0.071604,-0.180417,2.16183,-3.11511,1.92156,0.183125,0.923964,0.0535559
1724448,0.98,-2.75261,-1.32534,1.01105,-1.94698,1.10108,1.16771,2.20138,-2.75266,-1.32422,1.00895,-1.94565,1.10136,1.16858,2.20139,-0.00011527,0.000744256,-0.000437218,0.000493151,-9.56114e-05,-0.000415939,-0.000131886,0,0,0,0,0,0,0,-0.176685,26.7144,-24.689,7.47104,0.825212,2.51882,0.0844213,-0.180763,2.16153,-3.11311,1.92125,0.183083,0.923716,0.0542621
1724449,0.98,-2.75261,-1.32534,1.01105,-1.94698,1.10108,1.16771,2.20138,-2.75266,-1.32422,1.00895,-1.94565,1.10136,1.16858,2.20139,0.000572767,0.000496171,-0.000941093,-0.000320847,-6.37409e-05,-3.99339e-05,0.000624153,0,0,0,0,0,0,0,-0.204456,26.7144,-24.6612,7.49881,0.825212,2.51242,0.0651953,-0.180478,2.15967,-3.11002,1.92151,0.183049,0.923434,0.0549692
1724450,0.98,-2.75261,-1.32535,1.01105,-1.94698,1.10108,1.16772,2.20139,-2.75266,-1.32422,1.00895,-1.94565,1.10136,1.16858,2.20139,-0.000267769,-0.00198927,2.22188e-05,0.000435716,-0.000245944,-2.66226e-05,0.000653461,0,0,0,0,0,0,0,-0.176685,26.8136,-24.689,7.47104,0.830705,2.51242,0.0587866,-0.181036,2.1586,-3.10717,1.92121,0.182973,0.923186,0.055657
1724451,0.98,-2.75261,-1.32534,1.01105,-1.94698,1.10108,1.16772,2.20139,-2.75266,-1.32422,1.00895,-1.94565,1.10136,1.16858,2.20139,0.000471101,0.000437058,0.000571624,-0.000359137,3.94875e-05,0.000219611,0.000435641,0,0,0,0,0,0,0,-0.204456,26.7383,-24.7128,7.49881,0.825212,2.50601,0.0587866,-0.182443,2.15986,-3.10619,1.92023,0.182876,0.923061,0.0563033
1724452,0.98,-2.75261,-1.32534,1.01105,-1.94698,1.10108,1.16772,2.20138,-2.75266,-1.32422,1.00895,-1.94565,1.10136,1.16858,2.20139,0.000314067,0.000848184,-0.000175729,-0.000239424,-0.000584027,0.000383766,-0.000184291,0,0,0,0,0,0,0,-0.204456,26.7144,-24.689,7.49881,0.841692,2.4996,0.071604,-0.183618,2.16134,-3.10609,1.91948,0.182791,0.923017,0.056892
1724453,0.98,-2.75261,-1.32534,1.01106,-1.94698,1.10108,1.16772,2.20139,-2.75266,-1.32422,1.00895,-1.94565,1.10136,1.16858,2.20139,-0.000997048,8.64419e-06,0.000996471,0.000489998,1.755e-05,-0.000456233,0.000351857,0,0,0,0,0,0,0,-0.152882,26.7383,-24.7366,7.47104,0.830705,2.51882,0.0587866,-0.183504,2.16156,-3.10592,1.91953,0.182751,0.922976,0.0574194
1724454,0.98,-2.75261,-1.32534,1.01105,-1.94698,1.10108,1.16771,2.20139,-2.75266,-1.32422,1.00895,-1.94565,1.10136,1.16858,2.20139,-0.000107886,0.000562575,-0.00044931,0.000883477,0.00065596,-6.67963e-05,0.00121792,0,0,0,0,0,0,0,-0.176685,26.7144,-24.689,7.44724,0.81331,2.51242,0.0322363,-0.182297,2.16136,-3.10599,1.9198,0.182732,0.922914,0.0578879
1724455,0.98,-2.75261,-1.32534,1.01105,-1.94698,1.10108,1.16772,2.20138,-2.75266,-1.32422,1.00895,-1.94565,1.10136,1.16858,2.20139,0.00057769,-0.000181762,-0.000949154,-0.000617441,-3.5028e-06,-4.45309e-05,-0.00112084,0,0,0,0,0,0,0,-0.204456,26.7383,-24.6612,7.49881,0.825212,2.51242,0.0844213,-0.181505,2.16086,-3.10522,1.91964,0.182689,0.922794,0.0582833
1724456,0.98,-2.75261,-1.32534,1.01106,-1.94699,1.10108,1.16772,2.20138,-2.75266,-1.32422,1.00895,-1.94565,1.10136,1.16858,2.20139,-0.000264488,-0.000121175,0.000573657,-0.00152525,-0.000205786,0.00068239,-0.000272506,0,0,0,0,0,0,0,-0.176685,26.7383,-24.7128,7.54642,0.830705,2.49319,0.071604,-0.181021,2.16012,-3.10371,1.91974,0.18268,0.922672,0.0585998
1724457,0.98,-2.75261,-1.32534,1.01105,-1.94698,1.10108,1.16772,2.20139,-2.75266,-1.32422,1.00895,-1.94565,1.10136,1.16858,2.20139,0.0010301,-8.07832e-05,-0.000174374,9.67897e-05,0.00050707,-1.97915e-05,0.000767765,0,0,0,0,0,0,0,-0.22826,26.7383,-24.689,7.49881,0.81331,2.50601,0.0459692,-0.180505,2.15984,-3.10279,1.92034,0.182718,0.922619,0.0588672
1724458,0.98,-2.75261,-1.32534,1.01105,-1.94698,1.10108,1.16772,2.20139,-2.75266,-1.32422,1.00895,-1.94565,1.10136,1.16858,2.20139,0.000686734,0.000502957,-0.000116249,6.45264e-05,-0.000509664,0.000224165,3.71254e-05,0,0,0,0,0,0,0,-0.22826,26.7144,-24.689,7.49881,0.836199,2.4996,0.0587866,-0.181489,2.16023,-3.10201,1.92014,0.182682,0.922579,0.0591016
1724459,0.98,-2.75261,-1.32534,1.01105,-1.94698,1.10108,1.16771,2.20139,-2.75266,-1.32422,1.00895,-1.94565,1.10136,1.16858,2.20139,0.000457823,-0.000221508,-0.000727114,4.30176e-05,-0.000136326,-0.000325275,0.000262109,0,0,0,0,0,0,0,-0.22826,26.7383,-24.6612,7.49881,0.830705,2.51242,0.0523779,-0.183902,2.16076,-3.10059,1.91904,0.18256,0.922482,0.0592934
1724460,0.98,-2.75261,-1.32534,1.01105,-1.94698,1.10108,1.16772,2.20139,-2.75266,-1.32422,1.00895,-1.94565,1.10136,1.16858,2.20139,0.000305215,-0.000147672,-0.000484742,-0.000528134,0.000553376,0.000495227,0.000412098,0,0,0,0,0,0,0,-0.22826,26.7383,-24.6612,7.52262,0.81331,2.49319,0.0459692,-0.186405,2.16112,-3.09864,1.91786,0.182435,0.922325,0.0594386
1724461,0.98,-2.75261,-1.32534,1.01105,-1.94698,1.10108,1.16771,2.20139,-2.75266,-1.32422,1.00895,-1.94565,1.10136,1.16858,2.20139,-0.00100295,0.000458364,-0.000879974,0.000204723,-7.1892e-05,-0.000381926,0.00125808,0,0,0,0,0,0,0,-0.176685,26.7144,-24.6374,7.49881,0.825212,2.51242,0.0194189,-0.187556,2.16071,-3.09623,1.9174,0.182364,0.922096,0.0595367
1724462,0.98,-2.75261,-1.32534,1.01105,-1.94698,1.10108,1.16771,2.20139,-2.75266,-1.32422,1.00895,-1.94565,1.10136,1.16858,2.20139,0.000537793,-0.000251236,0.000619777,0.00134291,0.000155523,0.000220101,-0.000144627,0,0,0,0,0,0,0,-0.22826,26.7383,-24.689,7.44724,0.819719,2.4996,0.0459692,-0.187597,2.15994,-3.09394,1.91723,0.182297,0.921821,0.0595704
1724463,0.98,-2.75261,-1.32534,1.01105,-1.94698,1.10108,1.16771,2.20139,-2.75266,-1.32422,1.00895,-1.94565,1.10136,1.16858,2.20139,-0.000198283,-0.000167491,-0.000793241,0.00033846,-9.97688e-05,-9.0625e-05,0.000412209,0,0,0,0,0,0,0,-0.204456,26.7383,-24.6374,7.47104,0.825212,2.50601,0.0322363,-0.188469,2.16026,-3.09249,1.91614,0.182149,0.921564,0.0595185
1724464,0.98,-2.75261,-1.32534,1.01105,-1.94698,1.10108,1.16772,2.20139,-2.75266,-1.32422,1.00895,-1.94565,1.10136,1.16858,2.20139,-0.00133861,0.000445152,2.79844e-05,0.00022564,-0.000473414,-0.000297776,0.000512165,0,0,0,0,0,0,0,-0.152882,26.7144,-24.6612,7.47104,0.836199,2.51242,0.0258276,-0.188756,2.16057,-3.09127,1.91524,0.182014,0.921307,0.0593843
1724465,0.98,-2.75261,-1.32534,1.01106,-1.94698,1.10108,1.16772,2.20139,-2.75266,-1.32422,1.00895,-1.94565,1.10136,1.16858,2.20139,0.000314016,-0.000260044,0.00122508,0.000707239,0.000294743,0.000276201,0.000104084,0,0,0,0,0,0,0,-0.204456,26.7383,-24.7128,7.44724,0.819719,2.4996,0.0322363,-0.187423,2.16049,-3.09072,1.91523,0.181949,0.921085,0.0591748
1724466,0.98,-2.75261,-1.32534,1.01105,-1.94698,1.10108,1.16772,2.20139,-2.75266,-1.32422,1.00895,-1.94565,1.10136,1.16858,2.20139,0.000209344,-0.000822977,-0.000389704,-0.000734933,-6.95552e-06,0.000184134,0.000781466,0,0,0,0,0,0,0,-0.204456,26.766,-24.6612,7.49881,0.825212,2.4996,0.0130102,-0.186727,2.16166,-3.09151,1.91496,0.181884,0.920976,0.0588857
1724467,0.98,-2.75261,-1.32534,1.01105,-1.94698,1.10108,1.16772,2.20139,-2.75266,-1.32422,1.00895,-1.94565,1.10136,1.16858,2.20139,0.000696375,-0.000548651,0.000389811,-0.000489956,0.000639623,0.000122756,-0.000937085,0,0,0,0,0,0,0,-0.22826,26.766,-24.689,7.49881,0.807817,2.4996,0.0523779,-0.187437,2.16395,-3.0927,1.91431,0.181815,0.92094,0.0585152
1724468,0.98,-2.75261,-1.32534,1.01105,-1.94698,1.10108,1.16772,2.20139,-2.75266,-1.32422,1.00895,-1.94565,1.10136,1.16858,2.20139,-9.25622e-05,0.000283846,-0.00038974,0.000322977,-0.000421295,-0.000155522,0.000121262,0,0,0,0,0,0,0,-0.204456,26.7383,-24.6612,7.47104,0.830705,2.50601,0.0322363,-0.188745,2.16612,-3.09336,1.91364,0.18174,0.920899,0.0580761
1724469,0.98,-2.75261,-1.32534,1.01105,-1.94698,1.10108,1.16772,2.20138,-2.75266,-1.32422,1.00895,-1.94565,1.10136,1.16858,2.20139,-0.00126813,-0.00101719,-0.000259827,-0.000434296,-0.000280863,0.000133678,-0.00161458,0,0,0,0,0,0,0,-0.152882,26.7898,-24.6612,7.49881,0.830705,2.4996,0.0780126,-0.189048,2.16726,-3.09318,1.91349,0.181689,0.920783,0.0575974
1724470,0.98,-2.75261,-1.32534,1.01105,-1.94698,1.10108,1.16772,2.20138,-2.75266,-1.32422,1.00895,-1.94565,1.10136,1.16858,2.20139,0.000361003,0.000528296,-0.000173218,-0.000289531,-0.000187242,0.000326477,-0.00131375,0,0,0,0,0,0,0,-0.204456,26.7383,-24.6612,7.49881,0.830705,2.49319,0.0844213,-0.187682,2.16732,-3.09235,1.91422,0.181704,0.920595,0.0571177
1724471,0.98,-2.75261,-1.32534,1.01105,-1.94698,1.10108,1.16772,2.20138,-2.75266,-1.32422,1.00895,-1.94565,1.10136,1.16858,2.20139,-0.000408945,0.000909009,0.000534135,-0.00019302,-0.000531729,-1.97073e-05,-0.000163753,0,0,0,0,0,0,0,-0.176685,26.7144,-24.689,7.49881,0.841692,2.4996,0.0651953,-0.185678,2.16627,-3.09097,1.91547,0.181747,0.920378,0.0566932
1724472,0.98,-2.75261,-1.32534,1.01105,-1.94698,1.10108,1.16772,2.20138,-2.75266,-1.32422,1.00895,-1.94565,1.10136,1.16858,2.20139,-0.00027263,-0.00060042,-0.000293524,0.000520934,0.000696675,-0.000250497,-0.000821246,0,0,0,0,0,0,0,-0.176685,26.766,-24.6612,7.47104,0.81331,2.50601,0.0844213,-0.183756,2.16472,-3.08942,1.91663,0.181777,0.920145,0.056366
1724473,0.98,-2.75261,-1.32534,1.01105,-1.94698,1.10108,1.16772,2.20138,-2.75266,-1.32422,1.00895,-1.94565,1.10136,1.16858,2.20139,-0.000738565,0.000249334,-0.00130931,0.000904101,-0.00017981,-0.000166998,-0.000547497,0,0,0,0,0,0,0,-0.152882,26.7383,-24.6136,7.44724,0.830705,2.50601,0.0844213,-0.182487,2.16348,-3.08739,1.91699,0.181765,0.919845,0.0561432
1724474,0.98,-2.75261,-1.32534,1.01105,-1.94698,1.10108,1.16771,2.20138,-2.75266,-1.32422,1.00895,-1.94565,1.10136,1.16858,2.20139,6.44351e-05,-0.000483391,-0.000316059,0.000602734,-0.000323324,-0.000111332,-0.000602357,0,0,0,0,0,0,0,-0.176685,26.766,-24.6374,7.44724,0.836199,2.50601,0.09083,-0.182174,2.16249,-3.08441,1.91636,0.181699,0.91946,0.0560304
1724475,0.98,-2.75261,-1.32534,1.01105,-1.94698,1.10108,1.16772,2.20138,-2.75266,-1.32422,1.00895,-1.94565,1.10136,1.16858,2.20139,-0.000513855,0.000327353,0.000346106,0.000958635,0.000394802,-7.42214e-05,-0.000401571,0,0,0,0,0,0,0,-0.152882,26.7383,-24.6612,7.42344,0.819719,2.50601,0.09083,-0.182683,2.16223,-3.08168,1.915,0.181595,0.919097,0.0560371
1724476,0.98,-2.75261,-1.32534,1.01105,-1.94697,1.10108,1.16772,2.20138,-2.75266,-1.32422,1.00895,-1.94565,1.10136,1.16858,2.20139,0.000863856,0.000775047,-0.000326075,0.0011959,-0.0001437,0.000425237,-0.000267714,0,0,0,0,0,0,0,-0.204456,26.7144,-24.6374,7.39963,0.830705,2.49319,0.09083,-0.184093,2.16254,-3.07951,1.91292,0.181442,0.918799,0.0561665
1724477,0.98,-2.75261,-1.32534,1.01105,-1.94698,1.10108,1.16772,2.20138,-2.75266,-1.32422,1.00895,-1.94565,1.10136,1.16858,2.20139,-7.37101e-05,0.00116631,-0.000217383,-0.000873168,-9.57997e-05,4.61324e-05,0.000296242,0,0,0,0,0,0,0,-0.176685,26.6867,-24.6374,7.47104,0.830705,2.4996,0.0780126,-0.185803,2.16203,-3.07685,1.91084,0.181283,0.91852,0.056414
1724478,0.98,-2.75261,-1.32534,1.01105,-1.94698,1.10108,1.16772,2.20138,-2.75266,-1.32422,1.00895,-1.94565,1.10136,1.16858,2.20139,0.000600474,-0.0010785,0.00041189,-2.53001e-05,0.000343035,0.000268114,0.000672212,0,0,0,0,0,0,0,-0.204456,26.766,-24.6612,7.44724,0.819719,2.49319,0.0651953,-0.186965,2.16116,-3.07435,1.90955,0.181205,0.918298,0.0567619
1724479,0.98,-2.75261,-1.32534,1.01105,-1.94698,1.10108,1.16772,2.20138,-2.75266,-1.32422,1.00895,-1.94565,1.10136,1.16858,2.20139,0.000400316,-0.000718999,-0.000839031,-0.000573679,2.52392e-05,-0.000295975,-0.000501294,0,0,0,0,0,0,0,-0.204456,26.766,-24.6136,7.47104,0.825212,2.50601,0.09083,-0.188501,2.16187,-3.07307,1.90829,0.181178,0.918165,0.0571723
1724480,0.98,-2.75261,-1.32534,1.01105,-1.94698,1.10108,1.16772,2.20138,-2.75266,-1.32422,1.00895,-1.94565,1.10136,1.16858,2.20139,0.000266877,-0.000479333,-2.54181e-06,-0.00103207,0.000457636,4.00421e-05,0.000140522,0,0,0,0,0,0,0,-0.204456,26.766,-24.6374,7.49881,0.81331,2.4996,0.0780126,-0.19036,2.16371,-3.07232,1.90704,0.181182,0.918072,0.0576167
1724481,0.98,-2.75261,-1.32534,1.01105,-1.94698,1.10108,1.16772,2.20139,-2.75266,-1.32422,1.00895,-1.94565,1.10136,1.16858,2.20139,0.000177918,0.00153648,0.000555117,-3.84303e-05,-0.000135719,2.66947e-05,0.00104312,0,0,0,0,0,0,0,-0.204456,26.6867,-24.6612,7.47104,0.825212,2.4996,0.0523779,-0.191083,2.16473,-3.07152,1.90667,0.181231,0.917984,0.0580922
1724482,0.98,-2.75261,-1.32534,1.01105,-1.94698,1.10108,1.16772,2.20139,-2.75266,-1.32422,1.00895,-1.94565,1.10136,1.16858,2.20139,0.000675424,-0.000182103,-0.000743546,-0.000675234,0.000112971,1.77965e-05,0.000458052,0,0,0,0,0,0,0,-0.22826,26.7383,-24.6136,7.49881,0.819719,2.4996,0.0587866,-0.190916,2.16435,-3.07025,1.9069,0.181273,0.917871,0.0585805
1724483,0.98,-2.75261,-1.32534,1.01105,-1.94698,1.10108,1.16772,2.20139,-2.75266,-1.32422,1.00895,-1.94565,1.10136,1.16858,2.20139,-0.00131296,0.00043541,6.11149e-05,0.00075627,0.000312673,-0.000225495,0.000542727,0,0,0,0,0,0,0,-0.152882,26.7144,-24.6374,7.44724,0.81331,2.50601,0.0523779,-0.190185,2.16321,-3.06837,1.90726,0.181292,0.917692,0.0590416
1724484,0.98,-2.75261,-1.32535,1.01105,-1.94698,1.10108,1.16772,2.20138,-2.75266,-1.32422,1.00895,-1.94565,1.10136,1.16858,2.20139,-0.000318491,-0.00147296,4.07432e-05,-5.26321e-05,-2.89102e-05,-0.00015033,-0.000350259,0,0,0,0,0,0,0,-0.176685,26.7898,-24.6374,7.47104,0.819719,2.50601,0.071604,-0.188616,2.16262,-3.06702,1.90753,0.181295,0.91748,0.0594475
1724485,0.98,-2.75261,-1.32534,1.01105,-1.94698,1.10108,1.16772,2.20139,-2.75266,-1.32422,1.00895,-1.94565,1.10136,1.16858,2.20139,-0.00076914,-0.000425164,2.71622e-05,0.000521724,-0.000426175,0.000374498,0.00146192,0,0,0,0,0,0,0,-0.152882,26.766,-24.6374,7.44724,0.830705,2.49319,0.0258276,-0.186973,2.1636,-3.06686,1.90737,0.181272,0.917295,0.0597895
1724486,0.98,-2.75261,-1.32535,1.01105,-1.94698,1.10108,1.16772,2.20139,-2.75266,-1.32422,1.00895,-1.94565,1.10136,1.16858,2.20139,0.00125048,-0.000840255,1.81081e-05,0.000347816,-8.06658e-05,1.23064e-05,-0.000246093,0,0,0,0,0,0,0,-0.22826,26.7898,-24.6374,7.44724,0.825212,2.4996,0.0587866,-0.186815,2.16602,-3.06722,1.90619,0.181175,0.917144,0.0600606
1724487,0.98,-2.75261,-1.32534,1.01105,-1.94698,1.10108,1.16772,2.20139,-2.75266,-1.32422,1.00895,-1.94565,1.10136,1.16858,2.20139,0.00027684,0.00120307,1.20721e-05,-0.000324935,0.000149673,0.000482922,-0.000164062,0,0,0,0,0,0,0,-0.204456,26.7144,-24.6374,7.47104,0.819719,2.48678,0.0587866,-0.188498,2.16855,-3.06705,1.90419,0.180996,0.917008,0.0602507
1724488,0.98,-2.75261,-1.32534,1.01104,-1.94698,1.10108,1.16772,2.20139,-2.75266,-1.32422,1.00895,-1.94565,1.10136,1.16858,2.20139,0.00018456,-0.000404381,-0.00119838,0.000340189,-0.000307119,0.000321948,-0.000109375,0,0,0,0,0,0,0,-0.204456,26.766,-24.5858,7.44724,0.830705,2.48678,0.0587866,-0.190367,2.1695,-3.06537,1.90245,0.180808,0.91681,0.0603691
1724489,0.98,-2.7526,-1.32534,1.01105,-1.94698,1.10108,1.16772,2.20139,-2.75266,-1.32422,1.00895,-1.94565,1.10136,1.16858,2.20139,0.00123666,-0.000269587,0.000964319,-0.000330019,-1.29538e-06,-0.000260086,0.00114779,0,0,0,0,0,0,0,-0.252064,26.766,-24.6612,7.47104,0.825212,2.4996,0.0258276,-0.192412,2.16994,-3.06303,1.90079,0.180628,0.91657,0.0604349
1724490,0.98,-2.75261,-1.32534,1.01105,-1.94698,1.10108,1.16772,2.20139,-2.75266,-1.32422,1.00895,-1.94565,1.10136,1.16858,2.20139,-0.000289181,0.000469889,8.60676e-05,0.000893611,-8.63584e-07,6.39684e-05,0.000527832,0,0,0,0,0,0,0,-0.204456,26.7383,-24.6374,7.42344,0.825212,2.49319,0.0322363,-0.195033,2.17119,-3.06159,1.89884,0.180435,0.916376,0.0604497
1724491,0.98,-2.75261,-1.32534,1.01105,-1.94698,1.10108,1.16772,2.20139,-2.75266,-1.32422,1.00895,-1.94565,1.10136,1.16858,2.20139,-0.000192788,0.000870071,5.73784e-05,-0.000517883,-5.75723e-07,4.26456e-05,-0.000156738,0,0,0,0,0,0,0,-0.204456,26.7144,-24.6374,7.47104,0.825212,2.49319,0.0459692,-0.196241,2.17155,-3.06033,1.89763,0.180292,0.916164,0.0603976
1724492,0.98,-2.75261,-1.32534,1.01105,-1.94698,1.10108,1.16772,2.20139,-2.75266,-1.32422,1.00895,-1.94565,1.10136,1.16858,2.20139,-0.000128525,-0.000626378,0.000595064,0.000211556,-0.000203834,2.84304e-05,0.000641493,0,0,0,0,0,0,0,-0.204456,26.766,-24.6612,7.44724,0.830705,2.49319,0.0258276,-0.195524,2.1708,-3.05902,1.89753,0.180239,0.915916,0.0602695
1724493,0.98,-2.75261,-1.32534,1.01105,-1.94698,1.10108,1.16772,2.20139,-2.75266,-1.32422,1.00895,-1.94565,1.10136,1.16858,2.20139,-0.000735297,0.000232028,-0.000716914,0.00069785,6.7561e-05,-0.000218405,-0.000555682,0,0,0,0,0,0,0,-0.176685,26.7383,-24.6136,7.42344,0.825212,2.4996,0.0523779,-0.19415,2.17027,-3.05804,1.89765,0.180231,0.915651,0.0600678
1724494,0.98,-2.75261,-1.32534,1.01105,-1.94698,1.10108,1.16772,2.20138,-2.75266,-1.32422,1.00895,-1.94565,1.10136,1.16858,2.20139,0.000159416,0.000154686,-0.000477943,0.000465233,-0.00036186,-0.000382963,-0.000845173,0,0,0,0,0,0,0,-0.204456,26.7383,-24.6136,7.42344,0.836199,2.50601,0.0651953,-0.192822,2.16955,-3.05636,1.89746,0.18022,0.915311,0.0598009
1724496,0.98,-2.75261,-1.32534,1.01104,-1.94698,1.10108,1.16772,2.20139,-2.75266,-1.32422,1.00895,-1.94565,1.10136,1.16858,2.20139,0.000627663,6.87492e-05,-0.000212419,-0.000350042,0.000449525,-1.19663e-05,-0.000138273,0,0,0,0,0,0,0,-0.22826,26.7383,-24.6136,7.44724,0.819719,2.4996,0.0523779,-0.192423,2.16777,-3.05114,1.89588,0.180173,0.914594,0.0591947
1724497,0.98,-2.75261,-1.32535,1.01104,-1.94698,1.10108,1.16772,2.20138,-2.75266,-1.32422,1.00895,-1.94565,1.10136,1.16858,2.20139,0.000418442,-0.000603781,-0.000141613,-0.000790173,-0.000310668,-0.000245336,-0.00127898,0,0,0,0,0,0,0,-0.22826,26.766,-24.6136,7.47104,0.836199,2.50601,0.0844213,-0.193327,2.16759,-3.04891,1.89492,0.180185,0.914343,0.0589003
1724498,0.98,-2.75261,-1.32534,1.01105,-1.94698,1.10108,1.16772,2.20138,-2.75266,-1.32422,1.00895,-1.94565,1.10136,1.16858,2.20139,-0.00027785,-0.000402521,-9.44085e-05,3.00299e-05,0.000199789,7.38013e-05,-0.000615292,0,0,0,0,0,0,0,-0.204456,26.766,-24.6136,7.44724,0.825212,2.4996,0.0780126,-0.194222,2.16815,-3.04743,1.89422,0.180247,0.914177,0.0586329
1724499,0.98,-2.75261,-1.32534,1.01105,-1.94698,1.10108,1.16772,2.20139,-2.75266,-1.32422,1.00895,-1.94565,1.10136,1.16858,2.20139,-0.000185234,0.000938079,-6.2939e-05,0.000576832,0.000336643,-0.000188158,0.0007766,0,0,0,0,0,0,0,-0.204456,26.7144,-24.6136,7.42344,0.819719,2.50601,0.0459692,-0.194407,2.16856,-3.0462,1.89374,0.180333,0.914026,0.0584274
1724500,0.98,-2.75261,-1.32534,1.01105,-1.94698,1.10108,1.16772,2.20139,-2.75266,-1.32422,1.00895,-1.94565,1.10136,1.16858,2.20139,0.000433323,0.000625386,0.00107166,0.000384555,0.000224429,0.000349279,4.30153e-05,0,0,0,0,0,0,0,-0.22826,26.7144,-24.6612,7.42344,0.819719,2.49319,0.0587866,-0.194193,2.16827,-3.04497,1.8932,0.180385,0.913876,0.0582939
1724501,0.98,-2.75261,-1.32534,1.01104,-1.94698,1.10108,1.16772,2.20138,-2.75266,-1.32422,1.00895,-1.94565,1.10136,1.16858,2.20139,-0.00026793,-0.000139888,-0.00104879,0.00025637,-5.38314e-05,-0.000241865,-0.000208682,0,0,0,0,0,0,0,-0.204456,26.7383,-24.5858,7.42344,0.825212,2.50601,0.0651953,-0.194215,2.16781,-3.04381,1.89238,0.180392,0.913742,0.058207
1724502,0.98,-2.75261,-1.32534,1.01104,-1.94698,1.10108,1.16772,2.20138,-2.75266,-1.32422,1.00895,-1.94565,1.10136,1.16858,2.20139,-0.00017862,-9.32587e-05,-0.000699197,-0.000385899,-3.58876e-05,0.000550833,-0.00037648,0,0,0,0,0,0,0,-0.204456,26.7383,-24.5858,7.44724,0.825212,2.48678,0.071604,-0.194093,2.16707,-3.04191,1.89165,0.180408,0.913561,0.0581478
1724503,0.98,-2.75261,-1.32534,1.01105,-1.94698,1.10108,1.16772,2.20139,-2.75266,-1.32422,1.00895,-1.94565,1.10136,1.16858,2.20139,-0.00011908,0.000494639,0.000183483,-0.000257266,-2.39251e-05,-0.000107496,0.00046109,0,0,0,0,0,0,0,-0.204456,26.7144,-24.6136,7.44724,0.825212,2.4996,0.0523779,-0.193257,2.16578,-3.0394,1.89147,0.180468,0.913343,0.0581203
1724504,0.98,-2.75261,-1.32535,1.01104,-1.94698,1.10108,1.16772,2.20139,-2.75266,-1.32422,1.00895,-1.94565,1.10136,1.16858,2.20139,0.000477425,-0.000876666,0.000122322,-0.000171511,-0.000219401,0.000403054,0.00081602,0,0,0,0,0,0,0,-0.22826,26.766,-24.6136,7.44724,0.830705,2.48678,0.038645,-0.192521,2.16502,-3.03758,1.89139,0.180537,0.913177,0.058124
1724505,0.98,-2.75261,-1.32534,1.01104,-1.94698,1.10108,1.16772,2.20139,-2.75266,-1.32422,1.00895,-1.94565,1.10136,1.16858,2.20139,-0.000238528,6.51698e-05,8.1548e-05,-0.00011434,-0.000146267,-0.000206015,-0.00115141,0,0,0,0,0,0,0,-0.204456,26.7383,-24.6136,7.44724,0.830705,2.4996,0.0844213,-0.192642,2.16558,-3.03682,1.89085,0.18058,0.913077,0.0581354
1724506,0.98,-2.75261,-1.32534,1.01104,-1.94698,1.10108,1.16772,2.20139,-2.75266,-1.32422,1.00895,-1.94565,1.10136,1.16858,2.20139,-0.000159019,0.000600258,5.43653e-05,0.000480585,0.00030939,-0.000137343,-0.000292887,0,0,0,0,0,0,0,-0.204456,26.7144,-24.6136,7.42344,0.819719,2.4996,0.071604,-0.192793,2.16624,-3.03628,1.8902,0.18061,0.912975,0.0581454
1724507,0.98,-2.75261,-1.32534,1.01104,-1.94698,1.10107,1.16772,2.20139,-2.75266,-1.32422,1.00895,-1.94565,1.10136,1.16858,2.20139,-0.000106013,-0.00015664,-0.00061337,-0.000236422,-0.000607542,-9.15623e-05,0.00027946,0,0,0,0,0,0,0,-0.204456,26.7383,-24.5858,7.44724,0.841692,2.4996,0.0587866,-0.192546,2.16607,-3.03515,1.88968,0.180635,0.912824,0.0581748
1724508,0.98,-2.75261,-1.32534,1.01104,-1.94698,1.10108,1.16772,2.20138,-2.75266,-1.32422,1.00895,-1.94565,1.10136,1.16858,2.20139,0.000486137,0.000452386,0.0002407,-0.000714427,0.000205323,-0.0002984,-0.00100049,0,0,0,0,0,0,0,-0.22826,26.7144,-24.6136,7.47104,0.825212,2.50601,0.09083,-0.192303,2.16543,-3.03352,1.88934,0.180676,0.912659,0.0582347
1724509,0.98,-2.75261,-1.32534,1.01104,-1.94698,1.10108,1.16772,2.20138,-2.75266,-1.32422,1.00895,-1.94565,1.10136,1.16858,2.20139,-0.000882335,-0.000255222,0.000717279,0.00063734,0.000136882,0.000275784,-0.000429633,0,0,0,0,0,0,0,-0.176685,26.7383,-24.6374,7.42344,0.825212,2.49319,0.0844213,-0.191961,2.16501,-3.0324,1.88916,0.180738,0.912543,0.0583287
1724510,0.98,-2.75261,-1.32534,1.01105,-1.94698,1.10108,1.16772,2.20138,-2.75266,-1.32422,1.00895,-1.94565,1.10136,1.16858,2.20139,-0.000588223,0.00103628,0.00168461,-0.00189516,-0.000112196,-5.35028e-05,-4.90632e-05,0,0,0,0,0,0,0,-0.176685,26.6867,-24.689,7.52262,0.830705,2.4996,0.0780126,-0.190148,2.16471,-3.03276,1.88981,0.180863,0.912512,0.0584773
1724511,0.98,-2.75261,-1.32535,1.01105,-1.94698,1.10108,1.16772,2.20138,-2.75266,-1.32422,1.00895,-1.94565,1.10136,1.16858,2.20139,0.000257465,-0.00116519,0.000473461,0.00105661,0.000128653,0.00020169,-0.000270068,0,0,0,0,0,0,0,-0.204456,26.766,-24.6612,7.42344,0.825212,2.49319,0.0844213,-0.187506,2.16483,-3.03451,1.89101,0.181032,0.912566,0.0586893
1724512,0.98,-2.75261,-1.32534,1.01104,-1.94698,1.10108,1.16772,2.20138,-2.75266,-1.32422,1.00895,-1.94565,1.10136,1.16858,2.20139,-0.00103478,-0.000127178,-0.0014476,0.000147596,-0.000117682,-0.000102899,-0.000654763,0,0,0,0,0,0,0,-0.152882,26.7383,-24.5858,7.44724,0.830705,2.4996,0.0972387,-0.186369,2.16586,-3.03585,1.89106,0.181128,0.912563,0.0589516
1724513,0.98,-2.75261,-1.32534,1.01104,-1.94698,1.10108,1.16772,2.20138,-2.75266,-1.32422,1.00895,-1.94565,1.10136,1.16858,2.20139,-0.000133043,0.000472027,-0.00152188,9.83973e-05,-7.84544e-05,-6.85991e-05,0.000750286,0,0,0,0,0,0,0,-0.176685,26.7144,-24.562,7.44724,0.830705,2.4996,0.0651953,-0.185941,2.16572,-3.03434,1.89041,0.181176,0.912343,0.0592653
1724514,0.98,-2.75261,-1.32534,1.01104,-1.94698,1.10108,1.16772,2.20139,-2.75266,-1.32422,1.00895,-1.94565,1.10136,1.16858,2.20139,0.000560919,0.000314684,0.000191841,-0.000491214,0.000151148,-4.57327e-05,-0.000211886,0,0,0,0,0,0,0,-0.204456,26.7144,-24.6136,7.47104,0.825212,2.4996,0.0844213,-0.185722,2.16385,-3.03052,1.88987,0.181217,0.912002,0.0596323
1724515,0.98,-2.75261,-1.32534,1.01104,-1.94698,1.10108,1.16772,2.20138,-2.75266,-1.32422,1.00895,-1.94565,1.10136,1.16858,2.20139,-0.000275668,-0.000996636,0.000684706,0.000229336,-0.000102685,0.00020687,9.61015e-05,0,0,0,0,0,0,0,-0.176685,26.766,-24.6374,7.44724,0.830705,2.49319,0.0780126,-0.186552,2.16291,-3.02761,1.88894,0.181227,0.91176,0.0600339
1724516,0.98,-2.75261,-1.32534,1.01104,-1.94698,1.10108,1.16772,2.20138,-2.75266,-1.32422,1.00895,-1.94565,1.10136,1.16858,2.20139,-0.000183779,-1.48102e-05,-0.000100341,0.000152891,0.000134994,-0.000336804,-0.00041065,0,0,0,0,0,0,0,-0.176685,26.7383,-24.6136,7.44724,0.825212,2.50601,0.09083,-0.187946,2.16385,-3.02671,1.88756,0.181215,0.911644,0.0604554
1724517,0.98,-2.75261,-1.32534,1.01104,-1.94698,1.10108,1.16772,2.20139,-2.75266,-1.32422,1.00895,-1.94565,1.10136,1.16858,2.20139,0.00108391,-0.000659487,-6.68941e-05,0.000658739,8.99957e-05,0.000250182,0.000913028,0,0,0,0,0,0,0,-0.22826,26.766,-24.6136,7.42344,0.825212,2.49319,0.0587866,-0.190299,2.16582,-3.02641,1.88548,0.181151,0.911567,0.0608932
1724518,0.98,-2.75261,-1.32534,1.01104,-1.94698,1.10108,1.16772,2.20138,-2.75266,-1.32422,1.00895,-1.94565,1.10136,1.16858,2.20139,0.000165793,-0.00099647,-4.45961e-05,-0.000117653,5.99971e-05,0.000166788,-0.000103392,0,0,0,0,0,0,0,-0.204456,26.7898,-24.6136,7.44724,0.825212,2.49319,0.0780126,-0.194329,2.1688,-3.0262,1.8824,0.181013,0.911511,0.0613363
1724519,0.98,-2.75261,-1.32534,1.01104,-1.94698,1.10108,1.16772,2.20138,-2.75266,-1.32422,1.00895,-1.94565,1.10136,1.16858,2.20139,0.00066734,0.00109892,0.000527081,-7.8435e-05,-0.000163452,-0.000363526,-0.000306287,0,0,0,0,0,0,0,-0.22826,26.7144,-24.6374,7.44724,0.830705,2.50601,0.0844213,-0.198455,2.17176,-3.02607,1.87945,0.180875,0.911479,0.0617706
1724520,0.98,-2.75261,-1.32534,1.01104,-1.94698,1.10108,1.16772,2.20138,-2.75266,-1.32422,1.00895,-1.94565,1.10136,1.16858,2.20139,-0.000761532,0.000732616,-0.000205424,-0.000609102,9.44822e-05,0.000232367,-0.00044155,0,0,0,0,0,0,0,-0.176685,26.7144,-24.6136,7.47104,0.825212,2.49319,0.09083,-0.200287,2.1724,-3.02529,1.87814,0.180824,0.911426,0.0621991
1724521,0.98,-2.75261,-1.32534,1.01104,-1.94698,1.10108,1.16772,2.20139,-2.75266,-1.32422,1.00895,-1.94565,1.10136,1.16858,2.20139,-0.0010645,-0.000718015,-0.000786564,0.000150744,6.29882e-05,0.000154911,0.000892428,0,0,0,0,0,0,0,-0.152882,26.766,-24.5858,7.44724,0.825212,2.49319,0.0587866,-0.199001,2.17069,-3.02352,1.8787,0.180895,0.911285,0.0626314
1724522,0.98,-2.75261,-1.32534,1.01104,-1.94698,1.10108,1.16772,2.20138,-2.75266,-1.32422,1.00895,-1.94565,1.10136,1.16858,2.20139,-0.000709667,0.000170937,0.00068205,-0.000456316,0.000245443,0.000103274,-0.000354484,0,0,0,0,0,0,0,-0.152882,26.7383,-24.6374,7.47104,0.819719,2.49319,0.0844213,-0.195679,2.16851,-3.02173,1.8802,0.18105,0.911086,0.0630629
1724523,0.98,-2.75261,-1.32534,1.01104,-1.94698,1.10108,1.16772,2.20138,-2.75266,-1.32422,1.00895,-1.94565,1.10136,1.16858,2.20139,-0.000473111,0.000113958,0.0004547,0.000809413,-0.000243273,6.88495e-05,-0.000236323,0,0,0,0,0,0,0,-0.152882,26.7383,-24.6374,7.42344,0.830705,2.49319,0.0844213,-0.191964,2.16695,-3.02089,1.8817,0.181198,0.910918,0.0634812
1724524,0.98,-2.75261,-1.32534,1.01104,-1.94698,1.10108,1.16772,2.20138,-2.75266,-1.32422,1.00895,-1.94565,1.10136,1.16858,2.20139,0.000241404,7.59721e-05,-0.000903292,-1.72031e-05,4.12688e-05,4.58997e-05,7.98106e-05,0,0,0,0,0,0,0,-0.176685,26.7383,-24.5858,7.44724,0.825212,2.49319,0.0780126,-0.189391,2.16596,-3.02019,1.88239,0.181267,0.910755,0.0638856
1724525,0.98,-2.75261,-1.32534,1.01104,-1.94698,1.10108,1.16772,2.20138,-2.75266,-1.32422,1.00895,-1.94565,1.10136,1.16858,2.20139,0.00081055,0.00060746,-0.000602195,0.000545343,2.75125e-05,3.05998e-05,0.000290566,0,0,0,0,0,0,0,-0.204456,26.7144,-24.5858,7.42344,0.825212,2.49319,0.071604,-0.189052,2.16501,-3.01818,1.88186,0.181231,0.910531,0.0642818
1724526,0.98,-2.75261,-1.32534,1.01104,-1.94698,1.10108,1.16772,2.20139,-2.75266,-1.32422,1.00895,-1.94565,1.10136,1.16858,2.20139,0.00109718,-0.000151839,0.000248151,-0.00019325,-0.000185109,-0.000216959,0.00165177,0,0,0,0,0,0,0,-0.22826,26.7383,-24.6136,7.44724,0.830705,2.4996,0.0322363,-0.191133,2.16448,-3.01544,1.88017,0.181099,0.910304,0.0646665
1724527,0.98,-2.75261,-1.32534,1.01104,-1.94697,1.10108,1.16772,2.20139,-2.75266,-1.32422,1.00895,-1.94565,1.10136,1.16858,2.20139,-0.0016814,-0.00075084,-0.00048418,0.000984791,8.00446e-05,9.27196e-05,-0.000594239,0,0,0,0,0,0,0,-0.125111,26.766,-24.5858,7.39963,0.825212,2.49319,0.0780126,-0.193778,2.16497,-3.01346,1.87807,0.180952,0.91012,0.0650143
1724528,0.98,-2.75261,-1.32534,1.01104,-1.94698,1.10108,1.16772,2.20139,-2.75266,-1.32422,1.00895,-1.94565,1.10136,1.16858,2.20139,8.54931e-05,0.000149054,0.000326827,-0.000457097,5.33631e-05,0.000299172,0.000790635,0,0,0,0,0,0,0,-0.176685,26.7383,-24.6136,7.44724,0.825212,2.48678,0.0459692,-0.194577,2.16577,-3.01241,1.87668,0.180883,0.90994,0.065299
1724529,0.98,-2.75261,-1.32534,1.01104,-1.94698,1.10108,1.16772,2.20139,-2.75266,-1.32422,1.00895,-1.94565,1.10136,1.16858,2.20139,5.69954e-05,9.93694e-05,-0.000988541,-0.000861543,3.55754e-05,-0.00027527,0.00151043,0,0,0,0,0,0,0,-0.176685,26.7383,-24.562,7.47104,0.825212,2.4996,0.0194189,-0.19382,2.16582,-3.01136,1.87636,0.180901,0.90976,0.0655187
1724530,0.98,-2.75261,-1.32534,1.01104,-1.94698,1.10108,1.16772,2.20139,-2.75266,-1.32422,1.00895,-1.94565,1.10136,1.16858,2.20139,0.000687611,0.00127267,0.000547398,0.000539262,-0.000383184,5.38457e-05,2.36121e-05,0,0,0,0,0,0,0,-0.204456,26.6867,-24.6136,7.42344,0.836199,2.49319,0.0459692,-0.193001,2.16485,-3.0096,1.87652,0.180939,0.909582,0.0656569
1724531,0.98,-2.75261,-1.32534,1.01104,-1.94698,1.10108,1.16772,2.20139,-2.75266,-1.32422,1.00895,-1.94565,1.10136,1.16858,2.20139,-0.00139763,0.000198834,-0.000284682,-0.000197304,0.000151445,-0.000438821,0.000999086,0,0,0,0,0,0,0,-0.125111,26.7144,-24.5858,7.44724,0.825212,2.50601,0.0194189,-0.191836,2.16309,-3.00764,1.87687,0.180972,0.909402,0.0656865
1724532,0.98,-2.75261,-1.32534,1.01104,-1.94698,1.10108,1.16772,2.20139,-2.75266,-1.32422,1.00895,-1.94565,1.10136,1.16858,2.20139,0.000924285,-0.000424256,0.000459826,-0.000688348,0.000100963,0.00041953,-4.60198e-05,0,0,0,0,0,0,0,-0.204456,26.7383,-24.6136,7.47104,0.825212,2.48678,0.038645,-0.189952,2.16155,-3.00636,1.87754,0.18104,0.909259,0.0655981
1724533,0.98,-2.75261,-1.32535,1.01104,-1.94698,1.10108,1.16772,2.20139,-2.75266,-1.32422,1.00895,-1.94565,1.10136,1.16858,2.20139,-0.00123985,-0.000932451,-0.000343063,-0.000458899,-0.000136142,-0.00043239,0.000206679,0,0,0,0,0,0,0,-0.125111,26.766,-24.5858,7.47104,0.830705,2.50601,0.0322363,-0.188236,2.16138,-3.00616,1.87818,0.18114,0.909187,0.0653897
1724534,0.98,-2.75261,-1.32534,1.01104,-1.94697,1.10108,1.16772,2.20139,-2.75266,-1.32422,1.00895,-1.94565,1.10136,1.16858,2.20139,0.00102947,2.79798e-05,0.000977717,0.0013645,0.000112689,0.000186458,-9.95729e-05,0,0,0,0,0,0,0,-0.204456,26.7383,-24.6374,7.39963,0.825212,2.49319,0.038645,-0.187559,2.16281,-3.00688,1.87801,0.181196,0.909166,0.065072
1724535,0.98,-2.75261,-1.32534,1.01104,-1.94698,1.10108,1.16772,2.20139,-2.75266,-1.32422,1.00895,-1.94565,1.10136,1.16858,2.20139,-0.00052011,1.86532e-05,-0.000554614,-0.000203955,-0.000128324,-0.000113054,-0.000575008,0,0,0,0,0,0,0,-0.152882,26.7383,-24.5858,7.44724,0.830705,2.4996,0.0523779,-0.188366,2.16503,-3.00774,1.87663,0.181153,0.909152,0.0646665
1724536,0.98,-2.75261,-1.32534,1.01104,-1.94697,1.10108,1.16772,2.20139,-2.75266,-1.32422,1.00895,-1.94565,1.10136,1.16858,2.20139,0.000210072,-0.00119399,0.000279871,0.000420842,-8.55495e-05,-7.53692e-05,0.000600005,0,0,0,0,0,0,0,-0.176685,26.7898,-24.6136,7.42344,0.830705,2.4996,0.0258276,-0.189705,2.16727,-3.00823,1.87484,0.18108,0.90912,0.0642003
1724537,0.98,-2.75261,-1.32534,1.01104,-1.94698,1.10108,1.16772,2.20138,-2.75266,-1.32422,1.00895,-1.94565,1.10136,1.16858,2.20139,-0.000416764,0.000410432,0.000743393,0.000280561,0.000349868,0.000187113,-0.00153278,0,0,0,0,0,0,0,-0.152882,26.7383,-24.6374,7.42344,0.819719,2.49319,0.0780126,-0.190792,2.16972,-3.00893,1.87312,0.181024,0.909102,0.0636974
1724538,0.98,-2.75261,-1.32534,1.01104,-1.94698,1.10108,1.16772,2.20139,-2.75266,-1.32422,1.00895,-1.94565,1.10136,1.16858,2.20139,0.000928583,0.000830433,-6.12169e-05,-0.000926583,2.97948e-05,-0.000112617,-7.24151e-05,0,0,0,0,0,0,0,-0.204456,26.7144,-24.6136,7.47104,0.825212,2.4996,0.0523779,-0.191302,2.17124,-3.00945,1.87195,0.180988,0.909103,0.0631846
1724539,0.98,-2.75261,-1.32534,1.01104,-1.94698,1.10108,1.16772,2.20139,-2.75266,-1.32422,1.00895,-1.94565,1.10136,1.16858,2.20139,-0.00058737,-3.18963e-06,-4.08113e-05,-6.09101e-05,-0.000183587,-7.50781e-05,-0.000285636,0,0,0,0,0,0,0,-0.152882,26.7383,-24.6136,7.44724,0.830705,2.4996,0.0587866,-0.190902,2.1709,-3.00885,1.87179,0.181001,0.909078,0.0626973
1724540,0.98,-2.75261,-1.32534,1.01104,-1.94698,1.10108,1.16772,2.20139,-2.75266,-1.32422,1.00895,-1.94565,1.10136,1.16858,2.20139,-0.00104119,0.000554686,-0.000676821,-4.06067e-05,8.1059e-05,-5.0052e-05,0.000284294,0,0,0,0,0,0,0,-0.125111,26.7144,-24.5858,7.44724,0.825212,2.4996,0.0459692,-0.188982,2.1691,-3.00723,1.87255,0.181076,0.908977,0.0622534
1724541,0.98,-2.75261,-1.32534,1.01104,-1.94698,1.10108,1.16772,2.20138,-2.75266,-1.32422,1.00895,-1.94565,1.10136,1.16858,2.20139,0.000512296,0.00036979,0.000755212,-2.70711e-05,5.40393e-05,-0.000270727,-0.00147198,0,0,0,0,0,0,0,-0.176685,26.7144,-24.6374,7.44724,0.825212,2.50601,0.09083,-0.186017,2.16655,-3.0052,1.87375,0.181178,0.908831,0.0618519
1724542,0.98,-2.75261,-1.32534,1.01104,-1.94698,1.10108,1.16772,2.20139,-2.75266,-1.32422,1.00895,-1.94565,1.10136,1.16858,2.20139,-0.000215281,-0.000959899,0.000503474,-0.000574859,-0.000167424,5.68743e-05,0.000205473,0,0,0,0,0,0,0,-0.152882,26.766,-24.6374,7.47104,0.830705,2.4996,0.0587866,-0.183932,2.16519,-3.00421,1.87447,0.181247,0.908772,0.0614995
1724543,0.98,-2.75261,-1.32534,1.01104,-1.94698,1.10108,1.16772,2.20139,-2.75266,-1.32422,1.00895,-1.94565,1.10136,1.16858,2.20139,0.000413291,9.68128e-06,-0.000870776,0.000173572,-0.000111616,0.000512634,0.000374341,0,0,0,0,0,0,0,-0.176685,26.7383,-24.5858,7.44724,0.830705,2.48678,0.0523779,-0.183239,2.16549,-3.0041,1.87444,0.18128,0.908782,0.0612117
1724544,0.98,-2.75261,-1.32534,1.01104,-1.94698,1.10108,1.16772,2.20139,-2.75266,-1.32422,1.00895,-1.94565,1.10136,1.16858,2.20139,0.000275528,6.45419e-06,6.90964e-05,0.000115715,0.00012904,0.000104397,1.22015e-05,0,0,0,0,0,0,0,-0.176685,26.7383,-24.6136,7.44724,0.825212,2.49319,0.0587866,-0.183758,2.16607,-3.0033,1.87366,0.181265,0.908746,0.0609835
1724545,0.98,-2.75261,-1.32534,1.01104,-1.94698,1.10108,1.16772,2.20138,-2.75266,-1.32422,1.00895,-1.94565,1.10136,1.16858,2.20139,-0.00102274,-0.000645311,0.000602876,-0.000479669,8.60265e-05,-0.000167761,-0.000229225,0,0,0,0,0,0,0,-0.125111,26.766,-24.6374,7.47104,0.825212,2.4996,0.0651953,-0.184203,2.1667,-3.00257,1.87286,0.181247,0.908696,0.0607981
1724546,0.98,-2.75261,-1.32534,1.01104,-1.94698,1.10108,1.16772,2.20138,-2.75266,-1.32422,1.00895,-1.94565,1.10136,1.16858,2.20139,-3.22133e-05,0.000219407,-0.00136132,0.000237033,-0.0001461,0.000125518,-0.00110225,0,0,0,0,0,0,0,-0.152882,26.7383,-24.562,7.44724,0.830705,2.49319,0.09083,-0.183356,2.16704,-3.0021,1.87273,0.181283,0.908631,0.0606485
1724547,0.98,-2.75261,-1.32534,1.01104,-1.94698,1.10108,1.16772,2.20139,-2.75266,-1.32422,1.00895,-1.94565,1.10136,1.16858,2.20139,0.000535336,0.000146271,-0.000350735,-0.0010484,-0.00030085,0.000321038,0.000689319,0,0,0,0,0,0,0,-0.176685,26.7383,-24.5858,7.49881,0.836199,2.48678,0.0523779,-0.182267,2.16632,-3.00035,1.87293,0.181333,0.908487,0.0605437
1724548,0.98,-2.75261,-1.32534,1.01104,-1.94698,1.10108,1.16772,2.20139,-2.75266,-1.32422,1.00895,-1.94565,1.10136,1.16858,2.20139,0.000356891,-0.0005521,-0.000233823,-0.00125575,0.000206334,-0.000260693,0.000222187,0,0,0,0,0,0,0,-0.176685,26.766,-24.5858,7.52262,0.825212,2.4996,0.0587866,-0.181688,2.16522,-2.99798,1.87337,0.181402,0.908342,0.0604945
1724549,0.98,-2.75261,-1.32534,1.01104,-1.94698,1.10108,1.16772,2.20138,-2.75266,-1.32422,1.00895,-1.94565,1.10136,1.16858,2.20139,-0.000318885,0.000281547,0.00105054,0.000369261,0.000137556,6.35638e-05,-0.000563952,0,0,0,0,0,0,0,-0.152882,26.7383,-24.6374,7.47104,0.825212,2.49319,0.0780126,-0.181204,2.16487,-2.99675,1.87402,0.181487,0.908277,0.0604864
1724550,0.98,-2.75261,-1.32534,1.01105,-1.94698,1.10108,1.16772,2.20139,-2.75266,-1.32422,1.00895,-1.94565,1.10136,1.16858,2.20139,-0.000862204,-0.000461916,0.000700362,-0.00040344,9.17041e-05,4.23759e-05,0.000573468,0,0,0,0,0,0,0,-0.125111,26.766,-24.6374,7.49881,0.825212,2.49319,0.0523779,-0.18004,2.16539,-2.99724,1.87478,0.181568,0.90828,0.060506
1724551,0.98,-2.75261,-1.32534,1.01104,-1.94698,1.10108,1.16772,2.20138,-2.75266,-1.32422,1.00895,-1.94565,1.10136,1.16858,2.20139,7.48115e-05,-0.000307944,0.000466908,0.000937466,0.000264587,-0.000209108,-0.000804483,0,0,0,0,0,0,0,-0.152882,26.766,-24.6374,7.44724,0.819719,2.4996,0.0844213,-0.178551,2.16676,-2.99896,1.8753,0.181618,0.908307,0.0605487
1724552,0.98,-2.75261,-1.32534,1.01104,-1.94698,1.10108,1.16772,2.20139,-2.75266,-1.32422,1.00895,-1.94565,1.10136,1.16858,2.20139,0.000606686,0.000444318,0.000311272,0.000624977,-2.70595e-05,9.79534e-05,0.00139646,0,0,0,0,0,0,0,-0.176685,26.7383,-24.6374,7.44724,0.825212,2.49319,0.0322363,-0.178571,2.16883,-3.00066,1.87465,0.181557,0.908314,0.0606083
1724553,0.98,-2.75261,-1.32534,1.01104,-1.94698,1.10108,1.16772,2.20139,-2.75266,-1.32422,1.00895,-1.94565,1.10136,1.16858,2.20139,-0.000152354,0.000853024,-0.000349297,-0.000140161,-0.000628391,-0.000646775,-0.000289731,0,0,0,0,0,0,0,-0.152882,26.7144,-24.6136,7.47104,0.841692,2.51242,0.0651953,-0.179682,2.17012,-3.00109,1.87343,0.181418,0.90826,0.0606776
1724554,0.98,-2.75261,-1.32534,1.01104,-1.94698,1.10108,1.16772,2.20139,-2.75266,-1.32422,1.00895,-1.94565,1.10136,1.16858,2.20139,0.00110486,0.000568683,-0.000232865,-9.34403e-05,0.000394875,4.35348e-05,-0.000430513,0,0,0,0,0,0,0,-0.204456,26.7144,-24.6136,7.47104,0.819719,2.4996,0.071604,-0.180634,2.16965,-2.99985,1.87269,0.181295,0.908144,0.0607381
1724555,0.98,-2.75261,-1.32534,1.01104,-1.94698,1.10108,1.16772,2.20138,-2.75266,-1.32422,1.00895,-1.94565,1.10136,1.16858,2.20139,8.69569e-05,-0.00138412,-0.000155243,0.000494518,-0.000143651,2.90232e-05,-0.000761727,0,0,0,0,0,0,0,-0.176685,26.7898,-24.6136,7.44724,0.830705,2.4996,0.0844213,-0.182386,2.16932,-2.99811,1.8717,0.181166,0.908033,0.060783
1724556,0.98,-2.75261,-1.32534,1.01105,-1.94698,1.10108,1.16772,2.20139,-2.75266,-1.32422,1.00895,-1.94565,1.10136,1.16858,2.20139,5.79713e-05,0.00149011,0.00101013,-0.000227133,-9.57675e-05,1.93488e-05,0.000916336,0,0,0,0,0,0,0,-0.176685,26.6867,-24.6612,7.47104,0.830705,2.4996,0.0459692,-0.184356,2.16998,-2.99722,1.87052,0.181048,0.907979,0.0608357
1724557,0.98,-2.75261,-1.32534,1.01105,-1.94698,1.10108,1.16772,2.20139,-2.75266,-1.32422,1.00895,-1.94565,1.10136,1.16858,2.20139,3.86475e-05,-0.000862635,0.000116607,-0.000801036,-0.000267296,0.000250258,0.000373532,0,0,0,0,0,0,0,-0.176685,26.766,-24.6374,7.49881,0.836199,2.49319,0.0523779,-0.184761,2.17034,-2.99722,1.8704,0.181019,0.907984,0.0609103
1724558,0.98,-2.75261,-1.32534,1.01104,-1.94698,1.10108,1.16772,2.20139,-2.75266,-1.32422,1.00895,-1.94565,1.10136,1.16858,2.20139,-0.00118066,0.000631336,-0.00112869,0.00122921,2.52535e-05,-0.000307879,1.16622e-05,0,0,0,0,0,0,0,-0.125111,26.7144,-24.5858,7.42344,0.830705,2.50601,0.0587866,-0.183608,2.16988,-2.99697,1.87116,0.181077,0.907955,0.0609841
1724559,0.98,-2.75261,-1.32534,1.01104,-1.94698,1.10108,1.16772,2.20139,-2.75266,-1.32422,1.00895,-1.94565,1.10136,1.16858,2.20139,0.00106893,-0.000135921,-0.000102845,-0.000294148,1.68357e-05,3.21062e-05,0.000245134,0,0,0,0,0,0,0,-0.204456,26.7383,-24.6136,7.47104,0.830705,2.4996,0.0523779,-0.182223,2.16872,-2.99555,1.87179,0.18114,0.907826,0.0610352
1724560,0.98,-2.75261,-1.32534,1.01104,-1.94698,1.10108,1.16772,2.20139,-2.75266,-1.32422,1.00895,-1.94565,1.10136,1.16858,2.20139,0.000712622,-9.06141e-05,-6.85631e-05,0.000360713,-0.000395677,2.14041e-05,0.000909408,0,0,0,0,0,0,0,-0.204456,26.7383,-24.6136,7.44724,0.841692,2.4996,0.0322363,-0.182523,2.16811,-2.99388,1.87152,0.18115,0.907715,0.0610588
1724561,0.98,-2.75261,-1.32534,1.01104,-1.94698,1.10108,1.16772,2.20139,-2.75266,-1.32422,1.00895,-1.94565,1.10136,1.16858,2.20139,-0.000174533,-6.04094e-05,0.000511103,-0.000316336,0.000550017,-0.00022309,9.76455e-05,0,0,0,0,0,0,0,-0.176685,26.7383,-24.6374,7.47104,0.819719,2.50601,0.0459692,-0.183988,2.16858,-2.9931,1.87076,0.181145,0.907697,0.0610451
1724562,0.98,-2.75261,-1.32534,1.01104,-1.94698,1.10108,1.16772,2.20139,-2.75266,-1.32422,1.00895,-1.94565,1.10136,1.16858,2.20139,0.000533259,0.000516539,-0.000216076,-0.000860505,0.000163228,8.86326e-05,-0.000409621,0,0,0,0,0,0,0,-0.204456,26.7144,-24.6136,7.49881,0.825212,2.4996,0.0587866,-0.184565,2.16885,-2.99294,1.87071,0.181203,0.907739,0.060982
1724563,0.98,-2.75261,-1.32534,1.01104,-1.94698,1.10108,1.16772,2.20138,-2.75266,-1.32422,1.00895,-1.94565,1.10136,1.16858,2.20139,-0.00085092,0.000344359,-0.000144051,7.5944e-05,0.000108818,-0.000178271,-0.00051044,0,0,0,0,0,0,0,-0.152882,26.7144,-24.6136,7.47104,0.825212,2.50601,0.0651953,-0.183595,2.16792,-2.99252,1.87179,0.181334,0.907782,0.0608732
1724564,0.98,-2.75261,-1.32534,1.01104,-1.94698,1.10108,1.16772,2.20139,-2.75266,-1.32422,1.00895,-1.94565,1.10136,1.16858,2.20139,-0.00056728,0.000229573,-9.6034e-05,-0.000598985,7.25456e-05,-0.000118847,0.00111777,0,0,0,0,0,0,0,-0.152882,26.7144,-24.6136,7.49881,0.825212,2.50601,0.0258276,-0.180876,2.16586,-2.99175,1.87382,0.181523,0.907787,0.0607409
1724565,0.98,-2.75261,-1.32534,1.01105,-1.94698,1.10108,1.16772,2.20139,-2.75266,-1.32422,1.00895,-1.94565,1.10136,1.16858,2.20139,0.000178625,0.000153049,0.0010496,-0.000399323,0.000251814,0.000395487,-0.000475524,0,0,0,0,0,0,0,-0.176685,26.7144,-24.6612,7.49881,0.819719,2.49319,0.0587866,-0.177333,2.16382,-2.99155,1.87629,0.18173,0.907822,0.0605926
1724566,0.98,-2.75261,-1.32534,1.01104,-1.94698,1.10108,1.16772,2.20139,-2.75266,-1.32422,1.00895,-1.94565,1.10136,1.16858,2.20139,0.000768697,0.000751646,-0.00041389,-0.000266215,0.000167876,-0.00021106,0.000157702,0,0,0,0,0,0,0,-0.204456,26.6867,-24.6136,7.49881,0.819719,2.50601,0.0459692,-0.174949,2.16249,-2.99194,1.87825,0.181872,0.907924,0.0604172
1724567,0.98,-2.75261,-1.32534,1.01105,-1.94698,1.10108,1.16772,2.20139,-2.75266,-1.32422,1.00895,-1.94565,1.10136,1.16858,2.20139,0.000512465,-0.000705328,0.000837697,0.000472137,0.000111917,9.66521e-05,0.000376402,0,0,0,0,0,0,0,-0.204456,26.7383,-24.6612,7.47104,0.819719,2.4996,0.038645,-0.174922,2.16223,-2.99245,1.87889,0.181885,0.908057,0.0602145
1724568,0.98,-2.75261,-1.32534,1.01104,-1.94698,1.10108,1.16772,2.20139,-2.75266,-1.32422,1.00895,-1.94565,1.10136,1.16858,2.20139,0.000341643,-0.000470219,-0.000555159,0.000314758,-0.00053574,0.000301794,0.000725653,0,0,0,0,0,0,0,-0.204456,26.7383,-24.6136,7.47104,0.836199,2.49319,0.0258276,-0.177092,2.16368,-2.9934,1.87803,0.181776,0.908199,0.0599838
1724569,0.98,-2.75261,-1.32534,1.01104,-1.94698,1.10108,1.16772,2.20139,-2.75266,-1.32422,1.00895,-1.94565,1.10136,1.16858,2.20139,-0.000978664,0.000243333,0.000186706,0.000766651,4.97411e-05,-3.61631e-05,-0.000262217,0,0,0,0,0,0,0,-0.152882,26.7144,-24.6374,7.44724,0.825212,2.4996,0.0459692,-0.179448,2.16557,-2.99427,1.87672,0.181632,0.908285,0.0597149
1724570,0.98,-2.75261,-1.32534,1.01105,-1.94698,1.10108,1.16772,2.20139,-2.75266,-1.32422,1.00895,-1.94565,1.10136,1.16858,2.20139,-0.000652442,-0.00039459,0.000681283,-4.57115e-05,-0.00017029,-2.41088e-05,0.000571174,0,0,0,0,0,0,0,-0.152882,26.7383,-24.6612,7.47104,0.830705,2.4996,0.0258276,-0.179885,2.1666,-2.99512,1.87622,0.181544,0.908313,0.0594052
1724571,0.98,-2.75261,-1.32534,1.01104,-1.94698,1.10108,1.16772,2.20139,-2.75266,-1.32422,1.00895,-1.94565,1.10136,1.16858,2.20139,-0.000434962,-0.00026306,-0.000102624,-3.04744e-05,0.000293375,0.000221286,0.000380783,0,0,0,0,0,0,0,-0.152882,26.7383,-24.6374,7.47104,0.819719,2.49319,0.0258276,-0.178661,2.16723,-2.9965,1.87662,0.181532,0.908345,0.0590566
1724572,0.98,-2.75261,-1.32534,1.01105,-1.94698,1.10108,1.16772,2.20139,-2.75266,-1.32422,1.00895,-1.94565,1.10136,1.16858,2.20139,0.000266838,-0.000175373,-6.84157e-05,-2.03162e-05,-0.000211318,-0.000564553,-0.000966848,0,0,0,0,0,0,0,-0.176685,26.7383,-24.6374,7.47104,0.830705,2.51242,0.0587866,-0.177379,2.16768,-2.99767,1.87724,0.181541,0.908372,0.0586631
1724573,0.98,-2.75261,-1.32535,1.01104,-1.94698,1.10108,1.16772,2.20139,-2.75266,-1.32422,1.00895,-1.94565,1.10136,1.16858,2.20139,-0.00037892,-0.00076653,-4.56105e-05,0.000543268,6.25718e-05,9.83495e-05,0.000813497,0,0,0,0,0,0,0,-0.152882,26.766,-24.6374,7.44724,0.825212,2.4996,0.0194189,-0.177025,2.16827,-2.99842,1.87743,0.18152,0.908391,0.0582302
1724574,0.98,-2.75261,-1.32534,1.01105,-1.94698,1.10108,1.16772,2.20139,-2.75266,-1.32422,1.00895,-1.94565,1.10136,1.16858,2.20139,0.000304198,0.000695406,0.000526405,-0.000194633,4.17146e-05,6.55664e-05,-0.000441013,0,0,0,0,0,0,0,-0.176685,26.7144,-24.6612,7.47104,0.825212,2.4996,0.0459692,-0.177261,2.16899,-2.99908,1.87727,0.181472,0.908421,0.0577764
1724575,0.98,-2.75261,-1.32534,1.01104,-1.94698,1.10108,1.16772,2.20139,-2.75266,-1.32422,1.00895,-1.94565,1.10136,1.16858,2.20139,-0.000354013,0.000463604,-0.000762687,0.000427056,-0.000379091,0.00028107,0.000451977,0,0,0,0,0,0,0,-0.152882,26.7144,-24.6136,7.44724,0.836199,2.49319,0.0258276,-0.177228,2.16863,-2.99903,1.87736,0.181426,0.908426,0.0573086
1724576,0.98,-2.75261,-1.32534,1.01105,-1.94698,1.10108,1.16772,2.20138,-2.75266,-1.32422,1.00895,-1.94565,1.10136,1.16858,2.20139,-0.000236009,0.000309069,4.83538e-05,0.000841516,-0.000252728,-0.000524697,-0.0013941,0,0,0,0,0,0,0,-0.152882,26.7144,-24.6374,7.42344,0.836199,2.51242,0.071604,-0.176794,2.16697,-2.99786,1.8776,0.181383,0.908361,0.0568282
1724577,0.98,-2.75261,-1.32534,1.01104,-1.94698,1.10108,1.16772,2.20139,-2.75266,-1.32422,1.00895,-1.94565,1.10136,1.16858,2.20139,0.000399473,-0.00100038,3.22359e-05,-0.000552613,-0.000168485,-0.000349798,2.00336e-05,0,0,0,0,0,0,0,-0.176685,26.766,-24.6374,7.47104,0.836199,2.51242,0.0459692,-0.176734,2.16576,-2.99683,1.8775,0.181342,0.908309,0.0563498
1724578,0.98,-2.75261,-1.32534,1.01104,-1.94699,1.10108,1.16772,2.20139,-2.75266,-1.32422,1.00895,-1.94565,1.10136,1.16858,2.20139,-0.000290497,0.000539506,-0.000535321,-0.00213165,0.000498028,0.000241519,0.000284623,0,0,0,0,0,0,0,-0.152882,26.7144,-24.6136,7.54642,0.819719,2.4996,0.038645,-0.1764,2.16501,-2.99638,1.87801,0.181392,0.908344,0.0559035
1724579,0.98,-2.75261,-1.32534,1.01104,-1.94698,1.10108,1.16772,2.20139,-2.75266,-1.32422,1.00895,-1.94565,1.10136,1.16858,2.20139,-0.000843278,-0.000197141,0.000199931,0.00034214,-0.000278333,0.000398372,0.000664467,0,0,0,0,0,0,0,-0.125111,26.7383,-24.6374,7.47104,0.836199,2.49319,0.0258276,-0.17421,2.16329,-2.99582,1.88005,0.181582,0.908403,0.0554994
1724580,0.98,-2.75261,-1.32534,1.01105,-1.94698,1.10108,1.16772,2.20138,-2.75266,-1.32422,1.00895,-1.94565,1.10136,1.16858,2.20139,8.74283e-05,-0.000781041,0.000690099,0.000228093,1.78953e-05,2.82222e-05,-0.00101508,0,0,0,0,0,0,0,-0.152882,26.766,-24.6612,7.47104,0.830705,2.4996,0.0651953,-0.171629,2.16211,-2.99601,1.88201,0.181777,0.908482,0.0551142
1724581,0.98,-2.75261,-1.32534,1.01105,-1.94698,1.10108,1.16772,2.20139,-2.75266,-1.32422,1.00895,-1.94565,1.10136,1.16858,2.20139,0.00126471,0.000685732,0.000460066,0.000152062,0.000215381,1.88148e-05,3.53539e-05,0,0,0,0,0,0,0,-0.204456,26.7144,-24.6612,7.47104,0.825212,2.4996,0.0459692,-0.171309,2.1629,-2.99738,1.8823,0.181846,0.908625,0.0547375
1724582,0.98,-2.75261,-1.32534,1.01104,-1.94698,1.10108,1.16772,2.20139,-2.75266,-1.32422,1.00895,-1.94565,1.10136,1.16858,2.20139,0.000193527,-0.00130608,-0.000250101,0.000101375,-0.000263314,1.25432e-05,0.000769555,0,0,0,0,0,0,0,-0.176685,26.7898,-24.6374,7.47104,0.836199,2.4996,0.0258276,-0.17351,2.16484,-2.99889,1.88114,0.181802,0.908796,0.0543837
1724583,0.98,-2.75261,-1.32535,1.01105,-1.94698,1.10108,1.16772,2.20139,-2.75266,-1.32422,1.00895,-1.94565,1.10136,1.16858,2.20139,-0.000427794,-0.00142753,-0.000166734,6.75832e-05,0.000434809,-0.000703715,0.000275677,0,0,0,0,0,0,0,-0.152882,26.8136,-24.6374,7.47104,0.819719,2.51882,0.0322363,-0.176531,2.16779,-3.00044,1.87938,0.181736,0.908947,0.0540494
1724584,0.98,-2.75261,-1.32534,1.01105,-1.94698,1.10108,1.16772,2.20139,-2.75266,-1.32422,1.00895,-1.94565,1.10136,1.16858,2.20139,-0.000285196,0.000161934,0.000445656,-0.000604558,0.000289873,0.000242934,-0.000324841,0,0,0,0,0,0,0,-0.152882,26.766,-24.6612,7.49881,0.819719,2.4996,0.0459692,-0.178315,2.17082,-3.00218,1.87824,0.181731,0.909081,0.0537156
1724585,0.98,-2.75261,-1.32534,1.01105,-1.94698,1.10108,1.16772,2.20139,-2.75266,-1.32422,1.00895,-1.94565,1.10136,1.16858,2.20139,-0.000190131,0.00075757,-0.000259708,-0.000403039,0.000193248,0.000161956,-0.00140336,0,0,0,0,0,0,0,-0.152882,26.7383,-24.6374,7.49881,0.819719,2.4996,0.0780126,-0.177857,2.17187,-3.00324,1.8786,0.1818,0.909185,0.0533799
1724586,0.98,-2.75261,-1.32534,1.01105,-1.94698,1.10108,1.16772,2.20139,-2.75266,-1.32422,1.00895,-1.94565,1.10136,1.16858,2.20139,0.000430058,-0.000144567,0.000383673,0.00149455,-0.000278069,-0.000129388,0.00099721,0,0,0,0,0,0,0,-0.176685,26.766,-24.6612,7.42344,0.830705,2.50601,0.0258276,-0.176813,2.17133,-3.00324,1.87933,0.181838,0.909237,0.053062
1724587,0.98,-2.75261,-1.32534,1.01105,-1.94698,1.10108,1.16772,2.20139,-2.75266,-1.32422,1.00895,-1.94565,1.10136,1.16858,2.20139,0.000936319,0.000553236,0.000255782,-0.000766874,1.80714e-05,0.0001511,-8.11789e-05,0,0,0,0,0,0,0,-0.204456,26.7383,-24.6612,7.49881,0.825212,2.4996,0.0459692,-0.177312,2.17106,-3.003,1.87905,0.181765,0.909285,0.0527785
1724588,0.98,-2.75261,-1.32534,1.01105,-1.94698,1.10108,1.16772,2.20138,-2.75266,-1.32422,1.00895,-1.94565,1.10136,1.16858,2.20139,-0.000582213,0.000368824,0.000820135,-0.00106806,1.20476e-05,0.000338092,-0.00219035,0,0,0,0,0,0,0,-0.152882,26.7383,-24.689,7.52262,0.825212,2.49319,0.103647,-0.177698,2.17061,-3.00305,1.8792,0.181704,0.909381,0.0525235
1724589,0.98,-2.75261,-1.32534,1.01105,-1.94698,1.10108,1.16772,2.20138,-2.75266,-1.32422,1.00895,-1.94565,1.10136,1.16858,2.20139,-0.000388142,0.000245883,-0.000102857,0.00160801,-0.00060232,-0.000249323,-0.000510797,0,0,0,0,0,0,0,-0.152882,26.7383,-24.6612,7.42344,0.841692,2.50601,0.0780126,-0.176375,2.16942,-3.00335,1.88042,0.181717,0.909472,0.052311
1724590,0.98,-2.75261,-1.32534,1.01105,-1.94698,1.10108,1.16772,2.20138,-2.75266,-1.32422,1.00895,-1.94565,1.10136,1.16858,2.20139,-0.000908375,0.000163922,-6.85713e-05,-4.16181e-05,5.35448e-06,-0.000403574,-0.000577891,0,0,0,0,0,0,0,-0.125111,26.7383,-24.6612,7.47104,0.830705,2.51242,0.0844213,-0.174319,2.16804,-3.00344,1.88155,0.181729,0.909483,0.0521857
1724591,0.98,-2.75261,-1.32534,1.01105,-1.94698,1.10108,1.16772,2.20139,-2.75266,-1.32422,1.00895,-1.94565,1.10136,1.16858,2.20139,0.000600842,-0.000540333,-4.57142e-05,-2.77454e-05,0.00020702,-3.16906e-05,0.000564175,0,0,0,0,0,0,0,-0.176685,26.766,-24.6612,7.47104,0.825212,2.50601,0.0587866,-0.172483,2.16697,-3.00334,1.88234,0.181742,0.909458,0.0521721
1724592,0.98,-2.75261,-1.32534,1.01105,-1.94698,1.10108,1.16772,2.20138,-2.75266,-1.32422,1.00895,-1.94565,1.10136,1.16858,2.20139,0.00105018,0.000846204,-3.04762e-05,-0.00122492,0.000138013,-2.11271e-05,-0.00104804,0,0,0,0,0,0,0,-0.204456,26.7144,-24.6612,7.52262,0.825212,2.50601,0.0972387,-0.171932,2.16646,-3.00319,1.88282,0.181756,0.909486,0.0522617
1724593,0.98,-2.75261,-1.32534,1.01105,-1.94698,1.10108,1.16772,2.20139,-2.75266,-1.32422,1.00895,-1.94565,1.10136,1.16858,2.20139,-0.000506309,7.32407e-06,-2.03174e-05,-0.000259803,-0.000111442,-0.000251444,0.000250745,0,0,0,0,0,0,0,-0.152882,26.7383,-24.6612,7.49881,0.830705,2.51242,0.071604,-0.171942,2.16566,-3.00275,1.88353,0.181789,0.909561,0.0524421
1724594,0.98,-2.75261,-1.32534,1.01104,-1.94698,1.10108,1.16772,2.20139,-2.75266,-1.32422,1.00895,-1.94565,1.10136,1.16858,2.20139,0.000868887,-0.000644731,-0.00112717,-0.000730014,-7.42944e-05,-0.000167629,0.000404522,0,0,0,0,0,0,0,-0.204456,26.766,-24.6136,7.52262,0.830705,2.51242,0.0651953,-0.171768,2.16469,-3.00202,1.88455,0.181854,0.909633,0.0527065
1724595,0.99,-2.75261,-1.32534,1.01105,-1.94698,1.10108,1.16772,2.20138,-2.75266,-1.32422,1.00895,-1.94565,1.10136,1.16858,2.20139,0.000579258,0.000219793,0.000362178,7.01359e-05,-0.00025298,0.000125606,-0.000442395,0,0,0,0,0,0,0,-0.204456,26.7383,-24.6612,7.49881,0.836199,2.50601,0.0844213,-0.172664,2.16448,-3.00118,1.88498,0.181889,0.909712,0.0530338
1724596,1,-2.75261,-1.32535,1.01105,-1.94698,1.10108,1.16772,2.20138,-2.75266,-1.32422,1.00895,-1.94565,1.10136,1.16858,2.20139,0.000386172,-0.000503085,0.000891066,-0.000510055,3.47971e-05,0.000321096,-0.00029493,0,0,0,0,0,0,0,-0.204456,26.766,-24.689,7.52262,0.830705,2.4996,0.0844213,-0.174521,2.16543,-3.00134,1.88482,0.181886,0.909868,0.0534047
1724597,1,-2.75261,-1.32535,1.01105,-1.94698,1.10108,1.16772,2.20138,-2.75266,-1.32422,1.00895,-1.94565,1.10136,1.16858,2.20139,0.000257448,-0.00033539,-0.000612382,0.0014232,0.000430099,0.000214064,-0.000671338,0,0,0,0,0,0,0,-0.204456,26.766,-24.6374,7.44724,0.819719,2.4996,0.0972387,-0.176868,2.1675,-3.00268,1.88408,0.181842,0.910074,0.053817
1724598,1,-2.75261,-1.32534,1.01105,-1.94698,1.10108,1.16772,2.20138,-2.75266,-1.32422,1.00895,-1.94565,1.10136,1.16858,2.20139,0.000171632,0.000426021,-0.000408255,0.000948801,-0.000120168,0.00014271,2.71592e-05,0,0,0,0,0,0,0,-0.204456,26.7383,-24.6374,7.44724,0.830705,2.4996,0.0844213,-0.179861,2.16966,-3.00346,1.88243,0.181723,0.910191,0.0542768
1724599,1,-2.75261,-1.32535,1.01105,-1.94698,1.10108,1.16772,2.20138,-2.75266,-1.32422,1.00895,-1.94565,1.10136,1.16858,2.20139,-0.000535193,-0.0003656,0.000284642,7.5722e-05,-0.000283563,-0.000379578,-0.000219253,0,0,0,0,0,0,0,-0.176685,26.766,-24.6612,7.47104,0.836199,2.51242,0.09083,-0.182203,2.17097,-3.00353,1.88085,0.181597,0.910221,0.054793
1724600,1,-2.75261,-1.32534,1.01105,-1.94698,1.10108,1.16772,2.20139,-2.75266,-1.32422,1.00895,-1.94565,1.10136,1.16858,2.20139,-0.000913607,0.00161231,-0.00036705,5.04813e-05,0.000217859,-1.56932e-05,0.00104063,0,0,0,0,0,0,0,-0.152882,26.6867,-24.6374,7.47104,0.825212,2.50601,0.0587866,-0.181846,2.17061,-3.00343,1.88091,0.181591,0.910222,0.0553666
1724601,1,-2.75261,-1.32534,1.01105,-1.94698,1.10108,1.16772,2.20138,-2.75266,-1.32422,1.00895,-1.94565,1.10136,1.16858,2.20139,-5.22594e-05,0.000425257,0.000312112,-0.00117277,-0.000261662,-0.00048518,-0.000730403,0,0,0,0,0,0,0,-0.176685,26.7144,-24.6612,7.52262,0.836199,2.51882,0.0972387,-0.178521,2.16788,-3.00282,1.88308,0.181733,0.91021,0.0559793
1724602,1,-2.75261,-1.32534,1.01105,-1.94698,1.10108,1.16772,2.20139,-2.75266,-1.32422,1.00895,-1.94565,1.10136,1.16858,2.20139,-0.000591652,-0.000273307,0.000208074,0.00098139,-0.000174441,-8.60944e-05,0.000225142,0,0,0,0,0,0,0,-0.152882,26.7383,-24.6612,7.44724,0.836199,2.51242,0.0780126,-0.174442,2.16485,-3.00255,1.88596,0.181937,0.910254,0.0566033
1724603,1,-2.75261,-1.32534,1.01105,-1.94698,1.10108,1.16772,2.20138,-2.75266,-1.32422,1.00895,-1.94565,1.10136,1.16858,2.20139,0.000162378,-0.000831819,-0.000418096,9.74481e-05,0.000290607,-5.73963e-05,-8.72646e-05,0,0,0,0,0,0,0,-0.176685,26.766,-24.6374,7.47104,0.825212,2.51242,0.0844213,-0.171995,2.16382,-3.00326,1.88765,0.182089,0.910366,0.0572263
1724604,1,-2.75261,-1.32534,1.01105,-1.94698,1.10108,1.16771,2.20139,-2.75266,-1.32422,1.00895,-1.94565,1.10136,1.16858,2.20139,0.000108252,9.50681e-05,0.000278082,6.49654e-05,-0.000213163,-0.000275623,0.000891259,0,0,0,0,0,0,0,-0.176685,26.7383,-24.6612,7.47104,0.836199,2.51882,0.0587866,-0.171544,2.16452,-3.00437,1.88799,0.182173,0.910524,0.0578467
1724605,1,-2.75261,-1.32534,1.01104,-1.94698,1.10108,1.16772,2.20139,-2.75266,-1.32422,1.00895,-1.94565,1.10136,1.16858,2.20139,7.21678e-05,6.33787e-05,-0.000928236,-0.00116312,6.13418e-05,0.000528328,0.000594173,0,0,0,0,0,0,0,-0.176685,26.7383,-24.6136,7.52262,0.830705,2.4996,0.0587866,-0.171648,2.16517,-3.0051,1.88829,0.182267,0.91071,0.0584542
1724606,1,-2.75261,-1.32534,1.01104,-1.94698,1.10108,1.16772,2.20138,-2.75266,-1.32422,1.00895,-1.94565,1.10136,1.16858,2.20139,-0.0005087,4.22525e-05,-6.20122e-05,0.000431015,4.08946e-05,-0.000122499,-0.000315962,0,0,0,0,0,0,0,-0.152882,26.7383,-24.6374,7.47104,0.830705,2.51242,0.0780126,-0.17114,2.1648,-3.00496,1.8892,0.182408,0.910873,0.0590237
1724607,1,-2.75261,-1.32535,1.01105,-1.94698,1.10108,1.16772,2.20138,-2.75266,-1.32422,1.00895,-1.94565,1.10136,1.16858,2.20139,0.0014241,-0.00117826,0.00051547,0.000287344,2.7263e-05,0.000155693,-0.000210641,0,0,0,0,0,0,0,-0.22826,26.7898,-24.6612,7.47104,0.830705,2.50601,0.0780126,-0.171649,2.1653,-3.00517,1.88939,0.1825,0.911068,0.0595373
1724608,1,-2.75261,-1.32534,1.01105,-1.94698,1.10108,1.16772,2.20139,-2.75266,-1.32422,1.00895,-1.94565,1.10136,1.16858,2.20139,0.000392591,0.000420921,-0.000213165,0.000191562,1.81754e-05,-0.000133564,0.00202971,0,0,0,0,0,0,0,-0.204456,26.7383,-24.6374,7.47104,0.830705,2.51242,0.0194189,-0.174695,2.16778,-3.00636,1.88798,0.182475,0.911341,0.0600026
1724609,1,-2.75261,-1.32534,1.01105,-1.94698,1.10108,1.16772,2.20139,-2.75266,-1.32422,1.00895,-1.94565,1.10136,1.16858,2.20139,-0.000387887,0.000837426,0.00217794,0.000127708,-0.000191334,-8.90425e-05,0.000369797,0,0,0,0,0,0,0,-0.176685,26.7144,-24.7366,7.47104,0.836199,2.51242,0.0459692,-0.177649,2.17015,-3.00813,1.88662,0.182435,0.911659,0.0604173
1724610,1,-2.75261,-1.32534,1.01105,-1.94698,1.10108,1.16772,2.20139,-2.75266,-1.32422,1.00895,-1.94565,1.10136,1.16858,2.20139,-0.000815403,-0.000648142,0.000338336,-0.000564475,7.58948e-05,-5.93617e-05,0.00146723,0,0,0,0,0,0,0,-0.152882,26.766,-24.689,7.49881,0.830705,2.51242,0.0130102,-0.177869,2.17154,-3.011,1.88677,0.182498,0.912025,0.0607466
1724611,1,-2.75261,-1.32534,1.01105,-1.94698,1.10108,1.16772,2.20139,-2.75266,-1.32422,1.00895,-1.94565,1.10136,1.16858,2.20139,1.32099e-05,0.000774331,0.000225557,-0.000376317,5.05965e-05,0.000435143,-0.000717265,0,0,0,0,0,0,0,-0.176685,26.7144,-24.689,7.49881,0.830705,2.4996,0.0587866,-0.175965,2.17206,-3.01402,1.88821,0.182666,0.912375,0.0609545
1724612,1,-2.75261,-1.32534,1.01105,-1.94699,1.10108,1.16772,2.2014,-2.75266,-1.32422,1.00895,-1.94565,1.10136,1.16858,2.20139,0.00121523,-0.000690205,-0.000499242,-0.0013645,0.000237182,5.27367e-05,0.0014546,0,0,0,0,0,0,0,-0.22826,26.766,-24.6612,7.54642,0.825212,2.50601,0.00660151,-0.174281,2.17171,-3.01566,1.88991,0.182856,0.912654,0.0610302
1724613,1,-2.75261,-1.32534,1.01105,-1.94698,1.10108,1.16772,2.20139,-2.75266,-1.32422,1.00895,-1.94565,1.10136,1.16858,2.20139,-0.000396271,0.0013959,0.00143041,0.00141038,0.000361572,-0.000202201,2.02999e-05,0,0,0,0,0,0,0,-0.176685,26.6867,-24.7366,7.44724,0.819719,2.51242,0.0322363,-0.174078,2.17127,-3.01646,1.89097,0.182981,0.912893,0.0609814
1724614,1,-2.75261,-1.32534,1.01105,-1.94698,1.10108,1.16772,2.20139,-2.75266,-1.32422,1.00895,-1.94565,1.10136,1.16858,2.20139,-0.000264181,-0.000925438,0.000396794,-0.000266171,-0.000369304,-0.000134801,0.000488251,0,0,0,0,0,0,0,-0.176685,26.766,-24.7128,7.49881,0.836199,2.51242,0.0194189,-0.174275,2.17123,-3.01776,1.89141,0.183029,0.913116,0.0608096
1724615,1,-2.75261,-1.32534,1.01105,-1.94698,1.10108,1.16772,2.20139,-2.75266,-1.32422,1.00895,-1.94565,1.10136,1.16858,2.20139,0.00103031,-0.000616959,-0.000292282,0.00102898,-0.000246203,-0.000327226,-0.000657843,0,0,0,0,0,0,0,-0.22826,26.766,-24.689,7.44724,0.836199,2.51882,0.0459692,-0.175412,2.17236,-3.01956,1.89092,0.18301,0.913328,0.0605142
1724616,1,-2.75261,-1.32534,1.01105,-1.94698,1.10108,1.16772,2.20139,-2.75266,-1.32422,1.00895,-1.94565,1.10136,1.16858,2.20139,0.000130058,-0.000968118,-0.000194855,-0.00107725,-0.000164135,0.000256567,0.000307423,0,0,0,0,0,0,0,-0.204456,26.7898,-24.689,7.52262,0.836199,2.50601,0.0258276,-0.178346,2.17468,-3.02103,1.88943,0.182942,0.913519,0.0601144
1724617,1,-2.75261,-1.32534,1.01105,-1.94698,1.10108,1.16772,2.20139,-2.75266,-1.32422,1.00895,-1.94565,1.10136,1.16858,2.20139,-0.000562908,0.00111783,-0.00133633,0.000488258,-0.000109423,-0.000303673,0.000204949,0,0,0,0,0,0,0,-0.176685,26.7144,-24.6374,7.47104,0.836199,2.51882,0.0258276,-0.180563,2.17575,-3.02108,1.88857,0.182932,0.913626,0.0596448
1724618,1,-2.75261,-1.32534,1.01105,-1.94698,1.10108,1.16772,2.20139,-2.75266,-1.32422,1.00895,-1.94565,1.10136,1.16858,2.20139,-0.000375272,0.00139483,-0.000890886,-0.000324109,0.000333952,3.49102e-05,-0.000100727,0,0,0,0,0,0,0,-0.176685,26.6867,-24.6374,7.49881,0.825212,2.51242,0.0322363,-0.180069,2.17316,-3.01856,1.88942,0.183023,0.913567,0.0591272
1724619,1,-2.75261,-1.32534,1.01105,-1.94698,1.10108,1.16772,2.20139,-2.75266,-1.32422,1.00895,-1.94565,1.10136,1.16858,2.20139,-0.000250181,-0.000276538,-0.000593924,-0.000216073,0.000222635,2.32735e-05,0.000407567,0,0,0,0,0,0,0,-0.176685,26.7383,-24.6374,7.49881,0.825212,2.51242,0.0194189,-0.177808,2.16822,-3.01458,1.89135,0.183173,0.913426,0.0585684
1724620,1,-2.75261,-1.32534,1.01105,-1.94698,1.10108,1.16772,2.20139,-2.75266,-1.32422,1.00895,-1.94565,1.10136,1.16858,2.20139,0.000482826,0.000372453,0.000810477,-0.000144048,0.000148423,0.000252875,-0.000711633,0,0,0,0,0,0,0,-0.204456,26.7144,-24.689,7.49881,0.825212,2.50601,0.0459692,-0.175842,2.16429,-3.01182,1.89316,0.183317,0.91338,0.0579719
1724621,1,-2.75261,-1.32534,1.01105,-1.94699,1.10108,1.16772,2.20139,-2.75266,-1.32422,1.00895,-1.94565,1.10136,1.16858,2.20139,0.000321884,-0.00030851,0.000540318,-0.00120966,-0.000104502,0.000168583,3.42043e-05,0,0,0,0,0,0,0,-0.204456,26.7383,-24.689,7.54642,0.830705,2.50601,0.0322363,-0.175029,2.16263,-3.01149,1.89449,0.183425,0.913518,0.0573491
1724622,1,-2.75261,-1.32534,1.01105,-1.94698,1.10108,1.16772,2.20139,-2.75266,-1.32422,1.00895,-1.94565,1.10136,1.16858,2.20139,0.000771401,-0.000205673,0.000360212,0.000307186,-0.000273118,-0.00012497,-0.000485823,0,0,0,0,0,0,0,-0.22826,26.7383,-24.689,7.49881,0.836199,2.51242,0.0459692,-0.175447,2.16292,-3.01306,1.89534,0.183497,0.913798,0.0567194
1724623,1,-2.75261,-1.32534,1.01105,-1.94698,1.10108,1.16772,2.20139,-2.75266,-1.32422,1.00895,-1.94565,1.10136,1.16858,2.20139,-4.25443e-05,-0.000137116,0.000796953,0.00196803,0.000428273,0.000154045,0.000659462,0,0,0,0,0,0,0,-0.204456,26.7383,-24.7128,7.42344,0.819719,2.50601,0.0194189,-0.177744,2.165,-3.01564,1.89472,0.183454,0.914111,0.0560973
1724624,1,-2.75261,-1.32534,1.01105,-1.94698,1.10108,1.16772,2.20138,-2.75266,-1.32422,1.00895,-1.94565,1.10136,1.16858,2.20139,-0.000677977,0.000465402,-0.000675124,0.000198395,8.20646e-05,-0.000372021,-0.00220522,0,0,0,0,0,0,0,-0.176685,26.7144,-24.6612,7.47104,0.825212,2.51882,0.09083,-0.180586,2.1674,-3.01813,1.89306,0.183316,0.91435,0.05549
1724625,1,-2.75261,-1.32534,1.01105,-1.94698,1.10108,1.16772,2.20139,-2.75266,-1.32422,1.00895,-1.94565,1.10136,1.16858,2.20139,-0.0010088,-0.000896158,0.000756343,-0.00051735,5.47097e-05,0.000464063,0.000462636,0,0,0,0,0,0,0,-0.152882,26.766,-24.7128,7.49881,0.825212,2.4996,0.038645,-0.181246,2.16853,-3.02005,1.89247,0.183253,0.914508,0.0549189
1724626,1,-2.75261,-1.32534,1.01105,-1.94698,1.10108,1.16772,2.20139,-2.75266,-1.32422,1.00895,-1.94565,1.10136,1.16858,2.20139,0.000533895,5.21752e-05,0.00106104,0.000304714,-0.000166977,-0.000402702,3.71568e-05,0,0,0,0,0,0,0,-0.204456,26.7383,-24.7366,7.47104,0.830705,2.51882,0.0459692,-0.180303,2.16955,-3.02269,1.89299,0.183282,0.914702,0.0544173
1724627,1,-2.75261,-1.32534,1.01105,-1.94698,1.10108,1.16772,2.20139,-2.75266,-1.32422,1.00895,-1.94565,1.10136,1.16858,2.20139,0.00035593,3.47834e-05,0.000150549,-0.000446471,-0.000111318,-0.000268468,0.000533398,0,0,0,0,0,0,0,-0.204456,26.7383,-24.7128,7.49881,0.830705,2.51882,0.0322363,-0.180103,2.17113,-3.02596,1.89337,0.183293,0.914968,0.0539867
1724628,1,-2.75261,-1.32534,1.01105,-1.94698,1.10108,1.16772,2.20138,-2.75266,-1.32422,1.00895,-1.94565,1.10136,1.16858,2.20139,-0.000969139,2.3189e-05,-0.00110606,0.000351966,-0.000277663,5.83805e-05,-0.00157718,0,0,0,0,0,0,0,-0.152882,26.7383,-24.6612,7.47104,0.836199,2.51242,0.0844213,-0.180143,2.17172,-3.02794,1.8938,0.1833,0.915177,0.0536037
1724629,1,-2.75261,-1.32534,1.01105,-1.94698,1.10107,1.16771,2.20138,-2.75266,-1.32422,1.00895,-1.94565,1.10136,1.16858,2.20139,-8.92809e-05,-0.000634155,-0.000737373,-0.000971782,-0.000388559,-0.000198439,-0.00152617,0,0,0,0,0,0,0,-0.176685,26.766,-24.6612,7.52262,0.841692,2.51882,0.0972387,-0.179145,2.1707,-3.02794,1.89488,0.183368,0.915255,0.0532661
1724630,1,-2.75261,-1.32534,1.01105,-1.94698,1.10108,1.16772,2.20139,-2.75266,-1.32422,1.00895,-1.94565,1.10136,1.16858,2.20139,-5.95206e-05,0.000226844,0.000158032,0.000558571,0.000147862,0.000105067,0.000406705,0,0,0,0,0,0,0,-0.176685,26.7383,-24.689,7.47104,0.830705,2.51242,0.0587866,-0.177943,2.16926,-3.02717,1.89613,0.18347,0.915297,0.0530136
1724631,1,-2.75261,-1.32534,1.01105,-1.94698,1.10108,1.16771,2.20138,-2.75266,-1.32422,1.00895,-1.94565,1.10136,1.16858,2.20139,-3.96804e-05,-0.000498384,-0.00110107,-0.000277233,0.000302025,-0.000167315,-0.00044094,0,0,0,0,0,0,0,-0.176685,26.766,-24.6374,7.49881,0.825212,2.51882,0.0780126,-0.177527,2.16816,-3.02634,1.89687,0.183545,0.915355,0.0528775
1724632,1,-2.75261,-1.32534,1.01105,-1.94698,1.10108,1.16772,2.20138,-2.75266,-1.32422,1.00895,-1.94565,1.10136,1.16858,2.20139,-2.64536e-05,-0.000889068,0.00102919,0.000464792,0.00020135,0.000125816,-0.000768678,0,0,0,0,0,0,0,-0.176685,26.7898,-24.7128,7.47104,0.825212,2.51242,0.09083,-0.178044,2.16809,-3.02605,1.89687,0.183579,0.915456,0.0528482
1724633,1,-2.75261,-1.32534,1.01105,-1.94698,1.10108,1.16772,2.20138,-2.75266,-1.32422,1.00895,-1.94565,1.10136,1.16858,2.20139,0.000631978,-0.000592712,0.000686127,-0.000339753,-0.000272668,-0.000153482,-0.000275093,0,0,0,0,0,0,0,-0.204456,26.7898,-24.7128,7.49881,0.836199,2.51882,0.0844213,-0.179648,2.17007,-3.02765,1.89615,0.183567,0.915693,0.0529197
1724634,1,-2.75261,-1.32534,1.01105,-1.94698,1.10108,1.16772,2.20138,-2.75266,-1.32422,1.00895,-1.94565,1.10136,1.16858,2.20139,-0.000785107,0.0013681,-0.000749008,-0.000226502,-0.000181778,-0.000102321,-0.000658113,0,0,0,0,0,0,0,-0.152882,26.7144,-24.6612,7.49881,0.836199,2.51882,0.0972387,-0.180921,2.17188,-3.02968,1.89574,0.183566,0.915984,0.0531009
1724635,1,-2.75261,-1.32534,1.01105,-1.94698,1.10108,1.16771,2.20138,-2.75266,-1.32422,1.00895,-1.94565,1.10136,1.16858,2.20139,0.00123983,0.000355252,0.0012639,0.00105542,8.22649e-05,0.000169145,0.000510694,0,0,0,0,0,0,0,-0.22826,26.7383,-24.7366,7.44724,0.830705,2.51242,0.071604,-0.181317,2.17172,-3.03045,1.89592,0.183577,0.916217,0.0533927
1724636,1,-2.75261,-1.32534,1.01105,-1.94698,1.10108,1.16772,2.20138,-2.75266,-1.32422,1.00895,-1.94565,1.10136,1.16858,2.20139,-0.00037987,0.000236835,0.000842599,0.000146805,0.000258294,0.000112763,-0.000134255,0,0,0,0,0,0,0,-0.176685,26.7383,-24.7366,7.47104,0.825212,2.51242,0.0844213,-0.182413,2.17166,-3.03155,1.89549,0.183525,0.916475,0.0537805
1724637,1,-2.75261,-1.32534,1.01105,-1.94698,1.10108,1.16771,2.20138,-2.75266,-1.32422,1.00895,-1.94565,1.10136,1.16858,2.20139,-0.000253247,0.00015789,4.92101e-06,-0.000551744,-0.000234705,-0.000399542,0.000147855,0,0,0,0,0,0,0,-0.176685,26.7383,-24.7128,7.49881,0.836199,2.52523,0.0780126,-0.183068,2.17194,-3.03339,1.89524,0.183499,0.91677,0.0542402
1724638,1,-2.75261,-1.32534,1.01105,-1.94698,1.10108,1.16772,2.20138,-2.75266,-1.32422,1.00895,-1.94565,1.10136,1.16858,2.20139,-0.000168831,0.00010526,3.28067e-06,0.000838596,4.69804e-05,-0.000266362,-0.000850866,0,0,0,0,0,0,0,-0.176685,26.7383,-24.7128,7.44724,0.830705,2.52523,0.103647,-0.182459,2.17152,-3.03479,1.89574,0.183544,0.917021,0.0547502
1724639,1,-2.75261,-1.32534,1.01105,-1.94698,1.10108,1.16772,2.20138,-2.75266,-1.32422,1.00895,-1.94565,1.10136,1.16858,2.20139,0.00053706,0.0012766,0.000558999,2.25231e-06,3.13203e-05,5.97845e-05,0.000144833,0,0,0,0,0,0,0,-0.204456,26.6867,-24.7366,7.47104,0.830705,2.51882,0.0844213,-0.181996,2.17063,-3.0355,1.89608,0.183577,0.917234,0.0553038
1724640,1,-2.75261,-1.32534,1.01105,-1.94698,1.10108,1.16771,2.20138,-2.75266,-1.32422,1.00895,-1.94565,1.10136,1.16858,2.20139,0.00035804,-0.00035536,-0.000184146,-0.000648112,-0.000386021,-0.000434862,9.65554e-05,0,0,0,0,0,0,0,-0.204456,26.7383,-24.7128,7.49881,0.841692,2.53164,0.0844213,-0.182044,2.16944,-3.03585,1.89628,0.183601,0.917459,0.0559047
1724641,1,-2.75261,-1.32534,1.01105,-1.94698,1.10108,1.16772,2.20138,-2.75266,-1.32422,1.00895,-1.94565,1.10136,1.16858,2.20139,0.000795505,-0.000236907,-0.000122764,-0.000988887,0.000353004,0.00018481,6.43703e-05,0,0,0,0,0,0,0,-0.22826,26.7383,-24.7128,7.52262,0.825212,2.51882,0.0844213,-0.182626,2.16862,-3.03617,1.89661,0.183663,0.917729,0.0565426
1724642,1,-2.75261,-1.32534,1.01105,-1.94698,1.10108,1.16772,2.20138,-2.75266,-1.32422,1.00895,-1.94565,1.10136,1.16858,2.20139,-0.000676089,-0.000157938,-8.18426e-05,-0.000659258,0.000235336,0.000123207,4.29135e-05,0,0,0,0,0,0,0,-0.176685,26.7383,-24.7128,7.52262,0.825212,2.51882,0.0844213,-0.183038,2.16818,-3.03661,1.89731,0.183784,0.918026,0.0572016
1724643,1,-2.75261,-1.32534,1.01105,-1.94698,1.10108,1.16771,2.20138,-2.75266,-1.32422,1.00895,-1.94565,1.10136,1.16858,2.20139,0.0007557,-0.000105292,0.00614938,0.000117307,-4.65597e-05,8.21379e-05,2.8609e-05,0,0,0,0,0,0,0,-0.22826,26.7383,-24.7128,7.49881,0.830705,2.51882,0.0844213,-0.18278,2.16942,-3.04009,1.89828,0.183924,0.918498,0.0578752
1724644,1,-2.75261,-1.32534,1.01105,-1.94698,1.10108,1.16772,2.20138,-2.75266,-1.32422,1.00895,-1.94565,1.10136,1.16858,2.20139,-0.000702626,0.000486617,0.00517339,7.82044e-05,-0.000437941,5.47586e-05,0.000256432,0,0,0,0,0,0,0,-0.176685,26.7144,-24.7366,7.49881,0.841692,2.51882,0.0780126,-0.182238,2.17444,-3.05024,1.89902,0.184024,0.919369,0.0585602
1724645,1,-2.75261,-1.32534,1.01105,-1.94698,1.10108,1.16772,2.20138,-2.75266,-1.32422,1.00895,-1.94565,1.10136,1.16858,2.20139,0.000181197,0.000324412,0.00383667,5.21363e-05,-8.851e-05,3.65057e-05,-0.000541122,0,0,0,0,0,0,0,-0.204456,26.7144,-24.7366,7.49881,0.836199,2.51882,0.0972387,-0.181091,2.18137,-3.06449,1.89981,0.184105,0.920473,0.0592465
1724646,1,-2.75261,-1.32534,1.01105,-1.94698,1.10108,1.16772,2.20138,-2.75266,-1.32422,1.00895,-1.94565,1.10136,1.16858,2.20139,0.000120798,-0.000340538,0.00173497,0.000684371,-5.90067e-05,2.43371e-05,0.000351329,0,0,0,0,0,0,0,-0.204456,26.7383,-24.689,7.47104,0.836199,2.51882,0.0780126,-0.18029,2.18762,-3.07744,1.90024,0.184159,0.921472,0.0599222
1724647,1,-2.75261,-1.32534,1.01105,-1.94698,1.10108,1.16771,2.20138,-2.75266,-1.32422,1.00895,-1.94565,1.10136,1.16858,2.20139,-0.000569082,-0.000876639,0.00193157,0.000456248,0.000367563,0.000253584,0.000471578,0,0,0,0,0,0,0,-0.176685,26.766,-24.7128,7.47104,0.825212,2.51242,0.071604,-0.180754,2.19276,-3.08678,1.89972,0.184167,0.922208,0.0605827
1724648,1,-2.75261,-1.32534,1.01105,-1.94698,1.10108,1.16771,2.20139,-2.75266,-1.32422,1.00895,-1.94565,1.10136,1.16858,2.20139,0.000270226,6.5188e-05,0.0020081,0.000304165,-0.000161859,-6.83031e-05,0.00224717,0,0,0,0,0,0,0,-0.204456,26.7383,-24.7366,7.47104,0.836199,2.51882,0.0194189,-0.181762,2.19671,-3.09291,1.89873,0.184165,0.922704,0.061219
1724649,1,-2.75261,-1.32534,1.01105,-1.94698,1.10108,1.16772,2.20139,-2.75266,-1.32422,1.00895,-1.94565,1.10136,1.16858,2.20139,-0.000469463,4.34586e-05,0.00146142,0.000759589,9.55446e-05,0.000191824,0.000786033,0,0,0,0,0,0,0,-0.176685,26.7383,-24.7366,7.44724,0.830705,2.51242,0.038645,-0.182835,2.19903,-3.09638,1.89771,0.184163,0.923018,0.0617945
1724650,1,-2.75261,-1.32534,1.01105,-1.94698,1.10108,1.16772,2.20139,-2.75266,-1.32422,1.00895,-1.94565,1.10136,1.16858,2.20139,-0.000869788,0.000585784,0.00106629,-0.000700033,-0.000139754,0.000127882,-0.000221963,0,0,0,0,0,0,0,-0.152882,26.7144,-24.7366,7.49881,0.836199,2.51242,0.0587866,-0.182677,2.1988,-3.09712,1.89751,0.184215,0.923148,0.0622566
1724651,1,-2.75261,-1.32534,1.01105,-1.94698,1.10108,1.16771,2.20139,-2.75266,-1.32422,1.00895,-1.94565,1.10136,1.16858,2.20139,0.000626568,-0.000166289,0.000223061,-0.000466689,0.000110281,8.52549e-05,-0.000147975,0,0,0,0,0,0,0,-0.204456,26.7383,-24.7128,7.49881,0.830705,2.51242,0.0587866,-0.181112,2.196,-3.09523,1.89853,0.184356,0.923119,0.0625861
1724652,1,-2.75261,-1.32534,1.01105,-1.94698,1.10108,1.16772,2.20139,-2.75266,-1.32422,1.00895,-1.94565,1.10136,1.16858,2.20139,0.000974524,-0.000110859,0.000757277,-0.000867938,7.35207e-05,-0.000180522,0.000884694,0,0,0,0,0,0,0,-0.22826,26.7383,-24.7366,7.52262,0.830705,2.51882,0.0322363,-0.180605,2.19241,-3.09151,1.89953,0.1845,0.923016,0.0628009
1724653,1,-2.75261,-1.32534,1.01106,-1.94699,1.10108,1.16772,2.20139,-2.75266,-1.32422,1.00895,-1.94565,1.10136,1.16858,2.20139,9.28705e-05,-7.39062e-05,0.00119328,-0.00169225,-0.000561338,-0.000120348,0.00106451,0,0,0,0,0,0,0,-0.204456,26.7383,-24.7643,7.57022,0.847185,2.51882,0.0194189,-0.181287,2.18915,-3.08751,1.90044,0.184644,0.922936,0.062918
1724654,1,-2.75261,-1.32534,1.01105,-1.94698,1.10108,1.16772,2.20139,-2.75266,-1.32422,1.00895,-1.94565,1.10136,1.16858,2.20139,0.000618726,-4.92708e-05,-0.000381789,0.00119188,0.000236126,-8.02322e-05,-2.40092e-06,0,0,0,0,0,0,0,-0.22826,26.7383,-24.7128,7.47104,0.830705,2.51882,0.038645,-0.18227,2.18607,-3.08358,1.90136,0.18479,0.922857,0.0629263
1724655,1,-2.75261,-1.32534,1.01105,-1.94698,1.10108,1.16771,2.20139,-2.75266,-1.32422,1.00895,-1.94565,1.10136,1.16858,2.20139,0.000412484,-0.000682461,0.000324121,0.0013514,0.000157418,0.000183871,0.000235758,0,0,0,0,0,0,0,-0.22826,26.766,-24.7366,7.44724,0.830705,2.51242,0.0322363,-0.185143,2.18389,-3.07919,1.90055,0.184803,0.922694,0.062808
1724656,1,-2.75261,-1.32534,1.01105,-1.94698,1.10108,1.16771,2.20139,-2.75266,-1.32422,1.00895,-1.94565,1.10136,1.16858,2.20139,0.000274989,0.00019464,0.000232457,0.000344122,0.000308396,-0.000352137,0.000157172,0,0,0,0,0,0,0,-0.22826,26.7383,-24.7366,7.47104,0.825212,2.52523,0.0322363,-0.189679,2.1828,-3.07488,1.89806,0.184686,0.922481,0.0625748
1724657,1,-2.75261,-1.32534,1.01105,-1.94698,1.10108,1.16771,2.20139,-2.75266,-1.32422,1.00895,-1.94565,1.10136,1.16858,2.20139,-0.0010231,0.00012976,0.000167254,-0.000977011,-0.000201304,2.60073e-06,0.00034214,0,0,0,0,0,0,0,-0.176685,26.7383,-24.7366,7.52262,0.836199,2.51882,0.0258276,-0.192478,2.18105,-3.07096,1.89657,0.184635,0.922276,0.0622522
1724658,1,-2.75261,-1.32534,1.01106,-1.94698,1.10108,1.16771,2.20139,-2.75266,-1.32422,1.00895,-1.94565,1.10136,1.16858,2.20139,-3.24526e-05,0.000643319,0.000120714,-0.000651341,0.000272698,-0.000472984,-9.26533e-06,0,0,0,0,0,0,0,-0.204456,26.7144,-24.7366,7.52262,0.825212,2.53164,0.0322363,-0.191716,2.17737,-3.06721,1.89755,0.184755,0.92209,0.0618556
1724659,1,-2.75261,-1.32534,1.01106,-1.94699,1.10108,1.16771,2.20139,-2.75266,-1.32422,1.00895,-1.94565,1.10136,1.16858,2.20139,-2.16351e-05,-0.000127933,0.000736999,-0.000991039,-0.000225102,-7.79638e-05,0.000231182,0,0,0,0,0,0,0,-0.204456,26.7383,-24.7643,7.54642,0.836199,2.52523,0.0258276,-0.189146,2.17289,-3.06405,1.90001,0.184972,0.921978,0.0613924
1724660,1,-2.75261,-1.32534,1.01106,-1.94698,1.10108,1.16772,2.20139,-2.75266,-1.32422,1.00895,-1.94565,1.10136,1.16858,2.20139,-1.44234e-05,0.000471523,0.000496514,0.000452931,-0.000150068,-0.000289335,0.000154121,0,0,0,0,0,0,0,-0.204456,26.7144,-24.7643,7.49881,0.836199,2.53164,0.0258276,-0.186844,2.16915,-3.06204,1.90247,0.185174,0.921971,0.0608687
1724661,1,-2.75261,-1.32534,1.01106,-1.94699,1.10108,1.16772,2.20139,-2.75266,-1.32422,1.00895,-1.94565,1.10136,1.16858,2.20139,-0.00065923,-0.000242463,0.000891708,-0.00136848,0.000103405,0.000519187,-0.000643238,0,0,0,0,0,0,0,-0.176685,26.7383,-24.7881,7.57022,0.830705,2.51242,0.0459692,-0.184751,2.1663,-3.06123,1.90473,0.185354,0.922049,0.0602921
1724662,1,-2.7526,-1.32534,1.01106,-1.94698,1.10108,1.16772,2.20139,-2.75266,-1.32422,1.00895,-1.94565,1.10136,1.16858,2.20139,0.00076694,-0.000811256,0.001247,0.00140773,-0.000134514,-0.000128593,0.00031716,0,0,0,0,0,0,0,-0.22826,26.766,-24.8159,7.47104,0.836199,2.52523,0.0258276,-0.183521,2.16517,-3.06205,1.9063,0.185489,0.922224,0.059676
1724663,1,-2.75261,-1.32534,1.01105,-1.94698,1.10108,1.16771,2.20139,-2.75266,-1.32422,1.00895,-1.94565,1.10136,1.16858,2.20139,-4.55189e-05,0.000665589,-0.00157933,0.000288872,-8.96758e-05,0.00015163,-0.000534545,0,0,0,0,0,0,0,-0.204456,26.7144,-24.7128,7.49881,0.836199,2.51882,0.0459692,-0.184709,2.16559,-3.0631,1.90611,0.185492,0.922399,0.0590368
1724664,1,-2.75261,-1.32534,1.01106,-1.94698,1.10108,1.16771,2.20139,-2.75266,-1.32422,1.00895,-1.94565,1.10136,1.16858,2.20139,0.000526466,0.000443726,0.000155177,0.000192581,0.000143667,0.000101087,0.000626981,0,0,0,0,0,0,0,-0.22826,26.7144,-24.7643,7.49881,0.830705,2.51882,0.0194189,-0.187139,2.165,-3.06212,1.90509,0.185418,0.922443,0.0583911
1724665,1,-2.75261,-1.32534,1.01106,-1.94699,1.10108,1.16772,2.20139,-2.75266,-1.32422,1.00895,-1.94565,1.10136,1.16858,2.20139,-0.000205835,0.000295817,0.000104681,-0.000985236,0.000299228,-0.000169968,-0.00104007,0,0,0,0,0,0,0,-0.204456,26.7144,-24.7643,7.54642,0.825212,2.52523,0.0587866,-0.188895,2.16308,-3.06026,1.90475,0.185383,0.922449,0.0577518
1724666,1,-2.75261,-1.32534,1.01106,-1.94698,1.10108,1.16772,2.20139,-2.75266,-1.32422,1.00895,-1.94565,1.10136,1.16858,2.20139,0.000419589,-0.000359601,0.00127714,-0.000100012,-0.000410866,-0.000350671,0.000764679,0,0,0,0,0,0,0,-0.22826,26.7383,-24.8159,7.52262,0.841692,2.53164,0.0194189,-0.18976,2.16153,-3.05982,1.90525,0.185414,0.922563,0.0571274
1724667,1,-2.75261,-1.32534,1.01106,-1.94698,1.10108,1.16771,2.20139,-2.75266,-1.32422,1.00895,-1.94565,1.10136,1.16858,2.20139,-0.000277086,-0.000239734,-0.000354311,0.000490137,0.00013299,0.000240937,0.000272427,0,0,0,0,0,0,0,-0.204456,26.7383,-24.7643,7.49881,0.830705,2.51882,0.0258276,-0.190649,2.16127,-3.06099,1.90572,0.185453,0.92277,0.056522
1724668,1,-2.75261,-1.32534,1.01106,-1.94698,1.10108,1.16771,2.20138,-2.75266,-1.32422,1.00895,-1.94565,1.10136,1.16858,2.20139,-0.000184724,-0.000809436,0.000321124,-0.000230054,8.86602e-05,-7.6734e-05,-0.00175116,0,0,0,0,0,0,0,-0.204456,26.766,-24.7881,7.52262,0.830705,2.52523,0.0780126,-0.191776,2.16191,-3.06272,1.90578,0.185476,0.922983,0.0559242
1724669,1,-2.75261,-1.32534,1.01106,-1.94698,1.10108,1.16771,2.20139,-2.75266,-1.32422,1.00895,-1.94565,1.10136,1.16858,2.20139,-0.000123149,0.00010999,-0.000991954,-0.000153369,-0.000347794,0.000423562,1.93534e-05,0,0,0,0,0,0,0,-0.204456,26.7383,-24.7366,7.52262,0.841692,2.51242,0.0459692,-0.19251,2.16239,-3.06407,1.906,0.18552,0.923153,0.0553428
1724670,1,-2.75261,-1.32534,1.01106,-1.94698,1.10108,1.16771,2.20139,-2.75266,-1.32422,1.00895,-1.94565,1.10136,1.16858,2.20139,-8.20996e-05,0.000630138,-1.13972e-05,-0.000102246,0.000175038,4.50156e-05,-0.000461816,0,0,0,0,0,0,0,-0.204456,26.7144,-24.7643,7.52262,0.830705,2.51882,0.0587866,-0.192594,2.16162,-3.06431,1.90674,0.185595,0.923251,0.0548158
1724671,1,-2.7526,-1.32534,1.01106,-1.94698,1.10108,1.16771,2.20139,-2.75266,-1.32422,1.00895,-1.94565,1.10136,1.16858,2.20139,0.00105889,-0.000786334,0.00119905,-6.81641e-05,0.000116692,-0.000207349,0.000438108,0,0,0,0,0,0,0,-0.252064,26.766,-24.8159,7.52262,0.830705,2.52523,0.038645,-0.193077,2.16079,-3.06472,1.9074,0.18565,0.923373,0.054361
1724672,1,-2.75261,-1.32534,1.01106,-1.94698,1.10108,1.16771,2.20138,-2.75266,-1.32422,1.00895,-1.94565,1.10136,1.16858,2.20139,0.000149115,0.000682203,-0.000406897,0.000511369,0.000281245,-0.000138232,-0.00116599,0,0,0,0,0,0,0,-0.22826,26.7144,-24.7643,7.49881,0.825212,2.52523,0.0780126,-0.195091,2.16135,-3.06638,1.9072,0.185634,0.923588,0.0539714
1724673,1,-2.75261,-1.32534,1.01106,-1.94698,1.10108,1.16771,2.20138,-2.75266,-1.32422,1.00895,-1.94565,1.10136,1.16858,2.20139,-0.000457402,-0.000751624,0.000935284,-0.000215899,0.000187497,0.000145204,-0.000302609,0,0,0,0,0,0,0,-0.204456,26.766,-24.8159,7.52262,0.825212,2.51882,0.0651953,-0.197175,2.16219,-3.06846,1.90686,0.185594,0.923816,0.0536456
1724674,1,-2.75261,-1.32534,1.01106,-1.94699,1.10108,1.16771,2.20139,-2.75266,-1.32422,1.00895,-1.94565,1.10136,1.16858,2.20139,-0.000304935,0.000148532,-0.000582811,-0.00125756,0.000124998,-0.000140556,0.000272979,0,0,0,0,0,0,0,-0.204456,26.7383,-24.7643,7.57022,0.825212,2.52523,0.0523779,-0.197461,2.16248,-3.07074,1.90762,0.185632,0.924033,0.053399
1724675,1,-2.75261,-1.32534,1.01106,-1.94698,1.10108,1.16772,2.20139,-2.75266,-1.32422,1.00895,-1.94565,1.10136,1.16858,2.20139,0.000353522,-0.000550593,0.000817955,0.000275253,-0.000120119,-9.37042e-05,-5.53731e-05,0,0,0,0,0,0,0,-0.22826,26.766,-24.8159,7.52262,0.830705,2.52523,0.0587866,-0.196678,2.16241,-3.07308,1.90926,0.185726,0.924253,0.0532329
1724676,1,-2.75261,-1.32534,1.01106,-1.94699,1.10108,1.16771,2.20138,-2.75266,-1.32422,1.00895,-1.94565,1.10136,1.16858,2.20139,0.000235682,0.000839364,-0.000661071,-0.00037331,-8.00791e-05,-6.24694e-05,-0.000274274,0,0,0,0,0,0,0,-0.22826,26.7144,-24.7643,7.54642,0.830705,2.52523,0.0651953,-0.196468,2.16225,-3.07506,1.91065,0.185774,0.924461,0.0531283
1724677,1,-2.7526,-1.32534,1.01106,-1.94698,1.10108,1.16771,2.20138,-2.75266,-1.32422,1.00895,-1.94565,1.10136,1.16858,2.20139,0.000713933,2.76402e-06,0.000765751,0.000864751,-0.000460287,0.000195713,-0.00136964,0,0,0,0,0,0,0,-0.252064,26.7383,-24.8159,7.49881,0.841692,2.51882,0.0972387,-0.197359,2.16188,-3.07642,1.91136,0.185739,0.924641,0.0530747
1724678,1,-2.75261,-1.32534,1.01106,-1.94698,1.10108,1.16771,2.20139,-2.75266,-1.32422,1.00895,-1.94565,1.10136,1.16858,2.20139,-0.000637669,1.84268e-06,-0.000695896,1.96884e-05,0.000100043,0.000130475,0.000511057,0,0,0,0,0,0,0,-0.204456,26.7383,-24.7643,7.52262,0.830705,2.51882,0.0587866,-0.198881,2.16157,-3.07751,1.9115,0.185651,0.924788,0.0530831
1724679,1,-2.75261,-1.32534,1.01106,-1.94698,1.10108,1.16771,2.20138,-2.75266,-1.32422,1.00895,-1.94565,1.10136,1.16858,2.20139,-0.00107473,-0.000648385,9.29031e-05,0.000569938,6.66953e-05,-0.000150376,0.000103346,0,0,0,0,0,0,0,-0.176685,26.766,-24.7881,7.49881,0.830705,2.52523,0.0651953,-0.199399,2.16126,-3.07865,1.91187,0.1856,0.924883,0.0531687
1724680,1,-2.75261,-1.32534,1.01106,-1.94698,1.10108,1.16771,2.20138,-2.75266,-1.32422,1.00895,-1.94565,1.10136,1.16858,2.20139,-0.000716484,0.000217357,0.000711566,-0.000176854,0.000247914,-0.00010025,-0.000405821,0,0,0,0,0,0,0,-0.176685,26.7383,-24.8159,7.52262,0.825212,2.52523,0.0780126,-0.198093,2.16088,-3.08037,1.913,0.185629,0.924966,0.0533211
1724681,1,-2.75261,-1.32534,1.01106,-1.94698,1.10108,1.16771,2.20138,-2.75266,-1.32422,1.00895,-1.94565,1.10136,1.16858,2.20139,0.000171958,0.000144905,-0.000732036,0.00164534,0.000165276,-6.68336e-05,-0.000507906,0,0,0,0,0,0,0,-0.204456,26.7383,-24.7643,7.44724,0.825212,2.52523,0.0844213,-0.196637,2.16061,-3.08241,1.91402,0.185646,0.925064,0.053523
1724682,1,-2.75261,-1.32534,1.01106,-1.94698,1.10108,1.16772,2.20138,-2.75266,-1.32422,1.00895,-1.94565,1.10136,1.16858,2.20139,0.000114639,0.000653415,-0.00113763,-0.000666348,-0.000500168,0.000430162,-0.000575963,0,0,0,0,0,0,0,-0.204456,26.7144,-24.7366,7.52262,0.841692,2.51242,0.09083,-0.196456,2.15971,-3.08297,1.9143,0.185591,0.925096,0.0537738
1724683,1,-2.75261,-1.32534,1.01106,-1.94698,1.10108,1.16771,2.20138,-2.75266,-1.32422,1.00895,-1.94565,1.10136,1.16858,2.20139,-0.000573188,-0.000121202,0.000448014,0.000762194,-0.000333445,-0.000187943,0.00056546,0,0,0,0,0,0,0,-0.176685,26.7383,-24.7881,7.47104,0.841692,2.52523,0.0651953,-0.196567,2.15804,-3.0824,1.91459,0.18554,0.925086,0.0540851
1724684,1,-2.75261,-1.32534,1.01106,-1.94698,1.10108,1.16771,2.20138,-2.75266,-1.32422,1.00895,-1.94565,1.10136,1.16858,2.20139,-0.000382126,-0.000730415,-0.000258131,0.00106494,0.000184604,0.000112064,-0.000809821,0,0,0,0,0,0,0,-0.176685,26.766,-24.7643,7.44724,0.830705,2.51882,0.0972387,-0.196638,2.15728,-3.08277,1.91469,0.185507,0.925123,0.0544551
1724685,1,-2.75261,-1.32534,1.01106,-1.94699,1.10108,1.16771,2.20138,-2.75266,-1.32422,1.00895,-1.94565,1.10136,1.16858,2.20139,-0.00025475,0.00016267,0.000384728,-0.00161009,0.00012307,7.4709e-05,0.000172196,0,0,0,0,0,0,0,-0.176685,26.7383,-24.7881,7.54642,0.830705,2.51882,0.0780126,-0.196613,2.15771,-3.0844,1.9147,0.185506,0.925234,0.0548741
1724686,1,-2.75261,-1.32534,1.01106,-1.94698,1.10108,1.16771,2.20138,-2.75266,-1.32422,1.00895,-1.94565,1.10136,1.16858,2.20139,0.00047978,-0.000541167,0.000906103,0.000689845,8.20464e-05,-0.000187553,-0.000834638,0,0,0,0,0,0,0,-0.204456,26.766,-24.8159,7.47104,0.830705,2.52523,0.103647,-0.196295,2.15865,-3.08709,1.91521,0.185568,0.925449,0.0553432
1724687,1,-2.75261,-1.32534,1.01106,-1.94698,1.10108,1.16771,2.20138,-2.75266,-1.32422,1.00895,-1.94565,1.10136,1.16858,2.20139,0.000319854,0.000288836,0.000604071,-0.000746529,0.000258148,0.000112324,0.000155651,0,0,0,0,0,0,0,-0.204456,26.7383,-24.8159,7.52262,0.825212,2.51882,0.0844213,-0.19679,2.16049,-3.09082,1.91544,0.18561,0.925764,0.0558636
1724688,1,-2.75261,-1.32534,1.01106,-1.94698,1.10108,1.16771,2.20139,-2.75266,-1.32422,1.00895,-1.94565,1.10136,1.16858,2.20139,0.000770048,0.000192557,-0.000803711,5.91259e-05,0.000375549,-0.000162477,0.00152792,0,0,0,0,0,0,0,-0.22826,26.7383,-24.7643,7.49881,0.819719,2.52523,0.0459692,-0.198173,2.16214,-3.09405,1.91528,0.185611,0.926071,0.0564349
1724689,1,-2.75261,-1.32534,1.01106,-1.94698,1.10108,1.16771,2.20138,-2.75266,-1.32422,1.00895,-1.94565,1.10136,1.16858,2.20139,-0.000693061,0.000128372,-0.000535806,-0.000517395,-0.000156535,-0.000108318,0.000306537,0,0,0,0,0,0,0,-0.176685,26.7383,-24.7643,7.52262,0.830705,2.52523,0.0651953,-0.199311,2.16233,-3.09545,1.91538,0.185609,0.926264,0.0570306
1724690,1,-2.75261,-1.32534,1.01106,-1.94698,1.10108,1.16771,2.20139,-2.75266,-1.32422,1.00895,-1.94565,1.10136,1.16858,2.20139,0.000744385,8.5581e-05,-0.000357203,0.000211882,-0.000307807,0.000165147,0.000916435,0,0,0,0,0,0,0,-0.22826,26.7383,-24.7643,7.49881,0.836199,2.51882,0.0459692,-0.199746,2.16147,-3.09559,1.91579,0.185616,0.926359,0.0576019
1724691,1,-2.75261,-1.32534,1.01106,-1.94698,1.10108,1.16771,2.20138,-2.75266,-1.32422,1.00895,-1.94565,1.10136,1.16858,2.20139,-0.00126698,0.000613866,0.000318677,0.000141255,-0.000205205,0.000347457,-0.000575838,0,0,0,0,0,0,0,-0.152882,26.7144,-24.7881,7.49881,0.836199,2.51242,0.0780126,-0.199482,2.16024,-3.0956,1.91638,0.185624,0.926418,0.058116
1724692,1,-2.75261,-1.32535,1.01106,-1.94698,1.10108,1.16771,2.20139,-2.75266,-1.32422,1.00895,-1.94565,1.10136,1.16858,2.20139,0.000361772,-0.000797182,-0.00034436,-0.000462642,6.66474e-05,0.000231638,0.00178625,0,0,0,0,0,0,0,-0.204456,26.766,-24.7643,7.52262,0.830705,2.51242,0.0194189,-0.1983,2.15909,-3.09612,1.91726,0.185657,0.926472,0.0585633
1724693,1,-2.75261,-1.32534,1.01106,-1.94698,1.10108,1.16771,2.20139,-2.75266,-1.32422,1.00895,-1.94565,1.10136,1.16858,2.20139,-0.000408433,0.000118159,-0.000229573,-0.000308428,0.000247882,-0.000320293,0.000478754,0,0,0,0,0,0,0,-0.176685,26.7383,-24.7643,7.52262,0.825212,2.52523,0.038645,-0.197004,2.15854,-3.0971,1.91819,0.185714,0.926535,0.0589342
1724694,1,-2.75261,-1.32534,1.01106,-1.94698,1.10108,1.16771,2.20139,-2.75266,-1.32422,1.00895,-1.94565,1.10136,1.16858,2.20139,0.000934137,7.87729e-05,0.00105338,0.000351193,-3.81958e-05,2.38306e-05,0.000556529,0,0,0,0,0,0,0,-0.22826,26.7383,-24.8159,7.49881,0.830705,2.51882,0.0322363,-0.196663,2.15884,-3.09862,1.91863,0.185732,0.926636,0.0592029
1724695,1,-2.75261,-1.32534,1.01106,-1.94698,1.10108,1.16771,2.20139,-2.75266,-1.32422,1.00895,-1.94565,1.10136,1.16858,2.20139,0.000622758,5.25153e-05,5.2638e-05,-0.000322683,-0.000228914,-0.000221472,0.00013366,0,0,0,0,0,0,0,-0.22826,26.7383,-24.7881,7.52262,0.836199,2.52523,0.038645,-0.197906,2.16015,-3.10094,1.9182,0.18567,0.926809,0.0593511
1724696,1,-2.75261,-1.32534,1.01106,-1.94698,1.10108,1.16771,2.20139,-2.75266,-1.32422,1.00895,-1.94565,1.10136,1.16858,2.20139,-0.00014164,-0.000614604,-0.00117133,-0.000215122,0.000254291,0.00032707,0.000326466,0,0,0,0,0,0,0,-0.204456,26.766,-24.7366,7.52262,0.825212,2.51242,0.0322363,-0.199968,2.16168,-3.10292,1.9174,0.185581,0.926969,0.0593799
1724697,1,-2.75261,-1.32534,1.01106,-1.94698,1.10108,1.16771,2.20139,-2.75266,-1.32422,1.00895,-1.94565,1.10136,1.16858,2.20139,-0.00074404,0.000239878,0.00107515,-0.000143415,-0.000237373,-0.000256671,0.000455003,0,0,0,0,0,0,0,-0.176685,26.7383,-24.8159,7.52262,0.836199,2.52523,0.0258276,-0.200825,2.16254,-3.10429,1.91726,0.18555,0.92706,0.0593007
1724700,0.97,-2.75261,-1.32534,1.01106,-1.94698,1.10108,1.16771,2.20139,-2.75266,-1.32422,1.00895,-1.94565,1.10136,1.16858,2.20139,-0.000859759,-0.000578539,0.000803196,-0.000104361,0.000336568,0.000134935,-0.00108589,0,0,0,0,0,0,0,-0.152882,26.766,-24.8159,7.52262,0.825212,2.51242,0.0587866,-0.197017,2.1622,-3.10887,1.92023,0.185699,0.927227,0.0584946
1724701,0.97,-2.75261,-1.32534,1.01106,-1.94698,1.10108,1.16772,2.20139,-2.75266,-1.32422,1.00895,-1.94565,1.10136,1.16858,2.20139,0.000633253,0.000820733,-0.00011415,0.000487238,2.09283e-05,-0.000384761,0.000496778,0,0,0,0,0,0,0,-0.204456,26.7144,-24.7881,7.49881,0.830705,2.52523,0.0258276,-0.194809,2.16236,-3.11118,1.92128,0.185759,0.92726,0.0580726
1724702,0.97,-2.75261,-1.32535,1.01106,-1.94698,1.10108,1.16771,2.20139,-2.75266,-1.32422,1.00895,-1.94565,1.10136,1.16858,2.20139,-0.000227445,-0.00121608,-0.00183934,-0.000231987,0.000217403,-1.91485e-05,0.000331185,0,0,0,0,0,0,0,-0.176685,26.7898,-24.7128,7.52262,0.825212,2.51882,0.0258276,-0.194283,2.16251,-3.1123,1.92149,0.185753,0.927236,0.0576155
1724703,0.97,-2.75261,-1.32534,1.01106,-1.94698,1.10108,1.16771,2.20139,-2.75266,-1.32422,1.00895,-1.94565,1.10136,1.16858,2.20139,0.000497984,0.000395704,-1.97993e-05,-0.000154658,-0.000261966,-0.000250125,0.00022079,0,0,0,0,0,0,0,-0.204456,26.7383,-24.7643,7.52262,0.836199,2.52523,0.0258276,-0.195089,2.1625,-3.11183,1.92114,0.185711,0.927136,0.0571284
1724704,0.97,-2.75261,-1.32534,1.01106,-1.94699,1.10108,1.16771,2.20139,-2.75266,-1.32422,1.00895,-1.94565,1.10136,1.16858,2.20139,-0.000874437,0.000263803,0.000543612,-0.000659917,0.000232257,0.000307968,0.000147194,0,0,0,0,0,0,0,-0.152882,26.7383,-24.7881,7.54642,0.825212,2.51242,0.0258276,-0.195405,2.16221,-3.11141,1.92131,0.1857,0.927066,0.0566109
1724705,0.97,-2.75261,-1.32534,1.01106,-1.94698,1.10108,1.16771,2.20139,-2.75266,-1.32422,1.00895,-1.94565,1.10136,1.16858,2.20139,0.000623468,0.000175869,0.00101202,0.000673679,0.000154838,-3.20469e-05,-0.000647856,0,0,0,0,0,0,0,-0.204456,26.7383,-24.8159,7.49881,0.825212,2.51882,0.0459692,-0.19482,2.16203,-3.11234,1.92204,0.185709,0.927095,0.0560658
1724706,0.97,-2.75261,-1.32534,1.01106,-1.94698,1.10108,1.16772,2.20139,-2.75266,-1.32422,1.00895,-1.94565,1.10136,1.16858,2.20139,-0.000233969,0.000117246,0.000674682,0.000449119,-0.000100225,-2.13646e-05,0.000314081,0,0,0,0,0,0,0,-0.176685,26.7383,-24.8159,7.49881,0.830705,2.51882,0.0258276,-0.194905,2.16292,-3.11464,1.92214,0.185653,0.927207,0.0555003
1724707,0.97,-2.75261,-1.32534,1.01107,-1.94699,1.10108,1.16771,2.20139,-2.75266,-1.32422,1.00895,-1.94565,1.10136,1.16858,2.20139,0.000493635,0.000634976,0.00156341,-0.000814211,-0.000270267,-0.000251602,-0.000773957,0,0,0,0,0,0,0,-0.204456,26.7144,-24.8635,7.54642,0.836199,2.52523,0.0523779,-0.195446,2.16444,-3.11787,1.92195,0.185559,0.927386,0.0549318
1724708,0.97,-2.75261,-1.32534,1.01106,-1.94699,1.10108,1.16771,2.20138,-2.75266,-1.32422,1.00895,-1.94565,1.10136,1.16858,2.20139,-0.000877336,-0.000133495,-0.00192739,1.40046e-05,2.32723e-05,6.96243e-05,-0.000990689,0,0,0,0,0,0,0,-0.152882,26.7383,-24.7366,7.52262,0.830705,2.51882,0.0651953,-0.195093,2.16502,-3.12054,1.92251,0.185522,0.927539,0.0543747
1724709,0.97,-2.75261,-1.32534,1.01106,-1.94698,1.10108,1.16771,2.20138,-2.75266,-1.32422,1.00895,-1.94565,1.10136,1.16858,2.20139,0.000621535,-8.89965e-05,0.000571114,0.00121576,-0.000187936,4.64162e-05,-0.000660459,0,0,0,0,0,0,0,-0.204456,26.7383,-24.8159,7.47104,0.836199,2.51882,0.0651953,-0.194732,2.16471,-3.12139,1.92294,0.185488,0.927557,0.0538503
1724710,0.97,-2.75261,-1.32534,1.01106,-1.94698,1.10108,1.16771,2.20139,-2.75266,-1.32422,1.00895,-1.94565,1.10136,1.16858,2.20139,0.000414357,-0.000708945,-0.0014753,0.000160894,0.000281611,3.09441e-05,-0.000202947,0,0,0,0,0,0,0,-0.204456,26.766,-24.7366,7.49881,0.825212,2.51882,0.0587866,-0.196278,2.16513,-3.12128,1.9219,0.185365,0.927496,0.0533897
1724711,0.97,-2.75261,-1.32534,1.01106,-1.94698,1.10108,1.16771,2.20139,-2.75266,-1.32422,1.00895,-1.94565,1.10136,1.16858,2.20139,-0.000373376,0.000733796,0.000222894,0.000756877,-1.57101e-05,-0.000454088,0.000102061,0,0,0,0,0,0,0,-0.176685,26.7144,-24.7881,7.47104,0.830705,2.53164,0.0523779,-0.198803,2.16585,-3.12068,1.92016,0.185203,0.927407,0.0530146
1724712,0.97,-2.75261,-1.32534,1.01106,-1.94698,1.10108,1.16771,2.20138,-2.75266,-1.32422,1.00895,-1.94565,1.10136,1.16858,2.20139,0.000400697,-6.76147e-05,0.00079821,-0.000701841,-1.04734e-05,0.000171992,-0.00111875,0,0,0,0,0,0,0,-0.204456,26.7383,-24.8159,7.52262,0.830705,2.51882,0.0844213,-0.200231,2.16604,-3.12045,1.91913,0.185093,0.927359,0.0527287
1724713,0.97,-2.75261,-1.32534,1.01106,-1.94698,1.10108,1.16771,2.20139,-2.75266,-1.32422,1.00895,-1.94565,1.10136,1.16858,2.20139,0.000823943,0.00116135,0.00053214,0.000738532,-6.98227e-06,-0.000122697,0.000440959,0,0,0,0,0,0,0,-0.22826,26.6867,-24.8159,7.47104,0.830705,2.52523,0.0523779,-0.201106,2.16619,-3.12137,1.91865,0.185015,0.92743,0.0525308
1724714,0.97,-2.75261,-1.32534,1.01106,-1.94698,1.10108,1.16772,2.20138,-2.75266,-1.32422,1.00895,-1.94565,1.10136,1.16858,2.20139,0.00110611,0.000124619,-0.00150128,-0.000714071,0.000198796,0.000155561,-0.000180746,0,0,0,0,0,0,0,-0.252064,26.7144,-24.7366,7.52262,0.825212,2.51882,0.0651953,-0.202744,2.16589,-3.12181,1.91801,0.184916,0.927519,0.0524195
1724715,0.97,-2.75261,-1.32534,1.01106,-1.94698,1.10108,1.16771,2.20139,-2.75266,-1.32422,1.00895,-1.94565,1.10136,1.16858,2.20139,-0.00102583,8.30793e-05,-0.000351239,8.07643e-05,-7.09201e-05,0.000341066,0.000862847,0,0,0,0,0,0,0,-0.176685,26.7144,-24.7643,7.49881,0.830705,2.51242,0.038645,-0.204067,2.16451,-3.12079,1.91772,0.184852,0.927524,0.0523797
1724716,0.97,-2.75261,-1.32534,1.01106,-1.94698,1.10108,1.16772,2.20138,-2.75266,-1.32422,1.00895,-1.94565,1.10136,1.16858,2.20139,-0.000683889,5.53862e-05,-0.000883773,-0.000502969,-4.728e-05,-0.000247341,-0.000882831,0,0,0,0,0,0,0,-0.176685,26.7144,-24.7366,7.52262,0.830705,2.52523,0.0780126,-0.20294,2.16216,-3.11932,1.91872,0.184905,0.927452,0.0523884
1724717,0.97,-2.75261,-1.32534,1.01106,-1.94699,1.10108,1.16772,2.20139,-2.75266,-1.32422,1.00895,-1.94565,1.10136,1.16858,2.20139,0.000193688,3.69242e-05,-0.000589182,-0.000335313,-3.152e-05,-0.000164894,0.000123523,0,0,0,0,0,0,0,-0.204456,26.7144,-24.7366,7.52262,0.830705,2.52523,0.0587866,-0.200127,2.15939,-3.11797,1.9206,0.185035,0.92736,0.0524297
1724718,0.97,-2.75261,-1.32534,1.01106,-1.94698,1.10108,1.16772,2.20139,-2.75266,-1.32422,1.00895,-1.94565,1.10136,1.16858,2.20139,-0.000520488,2.46161e-05,0.000256826,0.00033327,0.000182437,0.00012743,8.23487e-05,0,0,0,0,0,0,0,-0.176685,26.7144,-24.7643,7.49881,0.825212,2.51882,0.0587866,-0.19759,2.15725,-3.11718,1.92228,0.185152,0.927311,0.0525035
1724719,0.97,-2.75261,-1.32534,1.01106,-1.94698,1.10108,1.16772,2.20138,-2.75266,-1.32422,1.00895,-1.94565,1.10136,1.16858,2.20139,0.000302622,-0.00119002,0.000728029,-0.000334632,-0.000285276,0.000559671,-0.00018246,0,0,0,0,0,0,0,-0.204456,26.766,-24.7881,7.52262,0.836199,2.50601,0.0651953,-0.196033,2.15705,-3.11818,1.92318,0.185217,0.927371,0.0526065
1724720,0.97,-2.75261,-1.32534,1.01106,-1.94698,1.10108,1.16771,2.20138,-2.75266,-1.32422,1.00895,-1.94565,1.10136,1.16858,2.20139,-0.000447866,-0.000143729,0.00113497,0.000333724,0.000216717,-0.000338963,-0.00107108,0,0,0,0,0,0,0,-0.176685,26.7383,-24.8159,7.49881,0.825212,2.52523,0.09083,-0.195501,2.15922,-3.12152,1.92331,0.185238,0.927569,0.0527312
1724721,0.97,-2.75261,-1.32534,1.01106,-1.94698,1.10107,1.16771,2.20138,-2.75266,-1.32422,1.00895,-1.94565,1.10136,1.16858,2.20139,-0.000298577,-9.58197e-05,0.000107031,0.000222483,-0.000465874,0.000248743,-1.97359e-06,0,0,0,0,0,0,0,-0.176685,26.7383,-24.7881,7.49881,0.841692,2.51242,0.071604,-0.195169,2.16215,-3.12586,1.92317,0.185235,0.927815,0.0528904
1724722,0.97,-2.75261,-1.32534,1.01106,-1.94698,1.10108,1.16771,2.20139,-2.75266,-1.32422,1.00895,-1.94565,1.10136,1.16858,2.20139,-0.000755864,-0.000713494,-0.000485458,-0.00040849,0.000299769,0.000165828,0.00094812,0,0,0,0,0,0,0,-0.152882,26.766,-24.7643,7.52262,0.825212,2.51242,0.0459692,-0.194235,2.16421,-3.12934,1.92331,0.185251,0.927982,0.0531011
1724723,0.97,-2.75261,-1.32534,1.01106,-1.94698,1.10108,1.16771,2.20139,-2.75266,-1.32422,1.00895,-1.94565,1.10136,1.16858,2.20139,0.000702517,0.000730763,-0.000973253,-0.000272327,0.000403297,-0.000126807,-0.000554715,0,0,0,0,0,0,0,-0.204456,26.7144,-24.7366,7.52262,0.819719,2.51882,0.0780126,-0.193095,2.16477,-3.13081,1.92378,0.18529,0.928021,0.053352
1724724,0.97,-2.75261,-1.32534,1.01106,-1.94698,1.10108,1.16771,2.20138,-2.75266,-1.32422,1.00895,-1.94565,1.10136,1.16858,2.20139,0.000468345,0.00113679,-0.000648835,0.000375261,-0.000138037,-0.000321897,-0.00036981,0,0,0,0,0,0,0,-0.204456,26.6867,-24.7366,7.49881,0.830705,2.52523,0.0780126,-0.192834,2.16344,-3.12975,1.92408,0.185279,0.92794,0.0536212
1724725,0.97,-2.75261,-1.32534,1.01106,-1.94698,1.10108,1.16771,2.20138,-2.75266,-1.32422,1.00895,-1.94565,1.10136,1.16858,2.20139,-0.000337384,-0.00165499,0.000217057,0.000250174,0.000111426,-0.000214598,-0.000958617,0,0,0,0,0,0,0,-0.176685,26.7898,-24.7643,7.49881,0.825212,2.52523,0.0972387,-0.19368,2.16192,-3.12798,1.92374,0.185193,0.927834,0.0539087
1724726,0.97,-2.75261,-1.32534,1.01106,-1.94699,1.10108,1.16771,2.20138,-2.75266,-1.32422,1.00895,-1.94565,1.10136,1.16858,2.20139,-0.000781735,0.000103098,0.000701517,-0.000946841,-0.000129166,0.000331653,-0.00016436,0,0,0,0,0,0,0,-0.152882,26.7383,-24.7881,7.54642,0.830705,2.51242,0.0844213,-0.194083,2.16207,-3.12806,1.92347,0.185129,0.927825,0.0542338
1724727,0.97,-2.75261,-1.32534,1.01106,-1.94698,1.10108,1.16771,2.20138,-2.75266,-1.32422,1.00895,-1.94565,1.10136,1.16858,2.20139,-0.000521157,0.000625544,-0.000738748,0.000482396,-0.000289561,-0.000253616,-0.000109573,0,0,0,0,0,0,0,-0.152882,26.7144,-24.7366,7.49881,0.836199,2.52523,0.0844213,-0.192606,2.1621,-3.12903,1.92426,0.185148,0.92786,0.0546182
1724728,0.97,-2.75261,-1.32534,1.01106,-1.94698,1.10108,1.16772,2.20139,-2.75266,-1.32422,1.00895,-1.94565,1.10136,1.16858,2.20139,-0.000347438,0.000417029,0.000713927,0.000971212,0.000417311,6.82815e-05,0.000876387,0,0,0,0,0,0,0,-0.152882,26.7144,-24.7881,7.47104,0.819719,2.51882,0.0587866,-0.190387,2.161,-3.1293,1.92528,0.185159,0.927841,0.0550635
1724729,0.97,-2.75261,-1.32534,1.01106,-1.94699,1.10108,1.16771,2.20139,-2.75266,-1.32422,1.00895,-1.94565,1.10136,1.16858,2.20139,0.000974801,-0.000278792,0.00112557,-0.00111576,-0.000128694,0.000520239,0.000584258,0,0,0,0,0,0,0,-0.204456,26.7383,-24.8159,7.54642,0.830705,2.50601,0.0587866,-0.18931,2.16062,-3.13014,1.92552,0.185103,0.927874,0.0555467
1724730,0.97,-2.75261,-1.32534,1.01106,-1.94698,1.10108,1.16771,2.20138,-2.75266,-1.32422,1.00895,-1.94565,1.10136,1.16858,2.20139,2.5324e-07,0.00037095,0.000750377,0.000369782,0.000117655,0.000109467,-8.52126e-05,0,0,0,0,0,0,0,-0.176685,26.7144,-24.8159,7.49881,0.825212,2.51242,0.071604,-0.189579,2.16166,-3.13236,1.92528,0.185014,0.92803,0.0560322
1724731,0.97,-2.75261,-1.32534,1.01106,-1.94698,1.10108,1.16771,2.20138,-2.75266,-1.32422,1.00895,-1.94565,1.10136,1.16858,2.20139,-0.000556643,0.0002473,-0.0019126,0.000896135,-0.000125014,-0.000164381,-0.000531526,0,0,0,0,0,0,0,-0.152882,26.7144,-24.7128,7.47104,0.830705,2.51882,0.0844213,-0.190185,2.16233,-3.13375,1.92481,0.184903,0.928116,0.0564939
1724732,0.97,-2.75261,-1.32534,1.01106,-1.94698,1.10108,1.16771,2.20139,-2.75266,-1.32422,1.00895,-1.94565,1.10136,1.16858,2.20139,-0.000371095,0.000814481,-6.86411e-05,-0.000609003,-8.33428e-05,0.000365131,0.000595085,0,0,0,0,0,0,0,-0.152882,26.6867,-24.7643,7.52262,0.830705,2.50601,0.0587866,-0.189864,2.16096,-3.13264,1.92464,0.184809,0.927994,0.0569343
1724733,0.97,-2.75261,-1.32534,1.01106,-1.94698,1.10108,1.16771,2.20139,-2.75266,-1.32422,1.00895,-1.94565,1.10136,1.16858,2.20139,0.000959029,-0.000106627,-0.000695375,0.00015081,-5.55619e-05,-0.000231297,0.000396723,0,0,0,0,0,0,0,-0.204456,26.7144,-24.7366,7.49881,0.830705,2.51882,0.0587866,-0.189179,2.15857,-3.13034,1.92483,0.184746,0.927794,0.0573617
1724734,0.97,-2.75261,-1.32534,1.01106,-1.94698,1.10108,1.16771,2.20139,-2.75266,-1.32422,1.00895,-1.94565,1.10136,1.16858,2.20139,-0.000567073,-7.10845e-05,0.000186031,-0.000456272,-0.000240492,-0.000391557,0.000501841,0,0,0,0,0,0,0,-0.152882,26.7144,-24.7643,7.52262,0.836199,2.52523,0.0523779,-0.18924,2.15695,-3.12853,1.9248,0.184684,0.927641,0.0577633
1724735,0.97,-2.75261,-1.32534,1.01106,-1.94698,1.10108,1.16771,2.20138,-2.75266,-1.32422,1.00895,-1.94565,1.10136,1.16858,2.20139,-0.000378049,-0.000604202,-0.000525593,-0.000304181,4.31227e-05,0.00021368,-0.00108959,0,0,0,0,0,0,0,-0.152882,26.7383,-24.7366,7.52262,0.830705,2.51242,0.09083,-0.18892,2.15622,-3.12773,1.92498,0.18467,0.927542,0.0581217
1724736,0.97,-2.75261,-1.32534,1.01106,-1.94699,1.10108,1.16771,2.20139,-2.75266,-1.32422,1.00895,-1.94565,1.10136,1.16858,2.20139,0.000304779,0.000154011,0.00085603,-0.000759599,-0.000378153,0.000142453,0.000697758,0,0,0,0,0,0,0,-0.176685,26.7144,-24.7881,7.54642,0.841692,2.51242,0.0523779,-0.187872,2.15612,-3.12798,1.92563,0.184716,0.927505,0.058441
1724737,0.97,-2.75261,-1.32534,1.01106,-1.94698,1.10108,1.16771,2.20139,-2.75266,-1.32422,1.00895,-1.94565,1.10136,1.16858,2.20139,0.000203186,-0.00110375,0.000570687,5.04123e-05,0.00035825,-0.000379749,0.000702531,0,0,0,0,0,0,0,-0.176685,26.766,-24.7881,7.52262,0.825212,2.52523,0.0459692,-0.187433,2.15733,-3.12964,1.926,0.184762,0.927572,0.0587368
1724738,0.97,-2.75261,-1.32534,1.01106,-1.94698,1.10108,1.16772,2.20139,-2.75266,-1.32422,1.00895,-1.94565,1.10136,1.16858,2.20139,0.00134188,0.00112021,-0.000825968,0.00059042,3.53827e-05,0.00069627,0.000230995,0,0,0,0,0,0,0,-0.22826,26.6867,-24.7366,7.49881,0.830705,2.4996,0.0523779,-0.188826,2.15946,-3.13154,1.92526,0.184726,0.927664,0.0589981
1724739,0.97,-2.75261,-1.32534,1.01106,-1.94698,1.10108,1.16772,2.20138,-2.75266,-1.32422,1.00895,-1.94565,1.10136,1.16858,2.20139,0.000337777,-0.000459622,9.89686e-05,0.00104323,2.35885e-05,0.000226821,-0.00127016,0,0,0,0,0,0,0,-0.204456,26.7383,-24.7643,7.47104,0.830705,2.50601,0.09083,-0.192262,2.16125,-3.13195,1.92312,0.184564,0.927659,0.059203
1724740,0.97,-2.75261,-1.32534,1.01106,-1.94698,1.10108,1.16771,2.20139,-2.75266,-1.32422,1.00895,-1.94565,1.10136,1.16858,2.20139,-0.000981241,-0.000306415,6.59791e-05,0.000695485,0.000219176,-0.000323504,0.00156073,0,0,0,0,0,0,0,-0.152882,26.7383,-24.7643,7.47104,0.825212,2.51882,0.0258276,-0.195698,2.16287,-3.13197,1.92054,0.184367,0.927576,0.0593646
1724741,0.97,-2.75261,-1.32534,1.01106,-1.94699,1.10108,1.16771,2.20138,-2.75266,-1.32422,1.00895,-1.94565,1.10136,1.16858,2.20139,-9.73489e-05,0.000352535,0.000600798,-0.00129958,-5.73331e-05,2.16896e-05,-0.000654937,0,0,0,0,0,0,0,-0.176685,26.7144,-24.7881,7.54642,0.830705,2.51242,0.071604,-0.196546,2.16392,-3.13269,1.91935,0.184283,0.927487,0.0595043
1724742,0.97,-2.75261,-1.32534,1.01106,-1.94698,1.10108,1.16771,2.20138,-2.75266,-1.32422,1.00895,-1.94565,1.10136,1.16858,2.20139,0.000584715,-0.000321788,-0.00015628,0.000247236,-3.82221e-05,0.000251819,-0.000436624,0,0,0,0,0,0,0,-0.204456,26.7383,-24.7643,7.49881,0.830705,2.50601,0.071604,-0.195538,2.16403,-3.13365,1.91967,0.184314,0.927425,0.0596148
1724743,0.97,-2.75261,-1.32534,1.01106,-1.94699,1.10108,1.16772,2.20138,-2.75266,-1.32422,1.00895,-1.94565,1.10136,1.16858,2.20139,-0.000816616,-0.00086414,-0.000104187,-0.0009488,0.000177969,-0.000306839,-0.000528442,0,0,0,0,0,0,0,-0.152882,26.766,-24.7643,7.54642,0.825212,2.51882,0.0780126,-0.194378,2.16416,-3.13456,1.92037,0.184379,0.92737,0.0597001
1724744,0.97,-2.75261,-1.32534,1.01106,-1.94698,1.10108,1.16771,2.20139,-2.75266,-1.32422,1.00895,-1.94565,1.10136,1.16858,2.20139,0.000662015,7.35209e-05,-6.94578e-05,0.0011307,-0.000288255,0.000270159,0.000597141,0,0,0,0,0,0,0,-0.204456,26.7383,-24.7643,7.47104,0.836199,2.50601,0.0523779,-0.19338,2.16458,-3.13533,1.92093,0.18444,0.927286,0.0597858
1724745,0.97,-2.75261,-1.32535,1.01106,-1.94698,1.10108,1.16772,2.20139,-2.75266,-1.32422,1.00895,-1.94565,1.10136,1.16858,2.20139,-0.0014147,-0.0006006,-4.63052e-05,0.000104189,-0.00039562,-5.72531e-05,0.00185616,0,0,0,0,0,0,0,-0.125111,26.766,-24.7643,7.49881,0.841692,2.51242,0.0130102,-0.192595,2.16509,-3.13585,1.92105,0.184465,0.927152,0.05988
1724746,0.97,-2.75261,-1.32534,1.01106,-1.94698,1.10108,1.16771,2.20139,-2.75266,-1.32422,1.00895,-1.94565,1.10136,1.16858,2.20139,-0.000293517,-0.0004004,-0.000680484,6.94595e-05,0.000143154,-0.000275528,0.000525361,0,0,0,0,0,0,0,-0.152882,26.766,-24.7366,7.49881,0.830705,2.51882,0.0322363,-0.191007,2.16522,-3.13604,1.92136,0.184516,0.926957,0.0599528
1724747,0.97,-2.75261,-1.32534,1.01106,-1.94698,1.10108,1.16771,2.20139,-2.75266,-1.32422,1.00895,-1.94565,1.10136,1.16858,2.20139,0.000361134,0.000939493,0.000195958,0.00125273,9.5436e-05,5.36738e-05,0.00106232,0,0,0,0,0,0,0,-0.176685,26.7144,-24.7643,7.44724,0.830705,2.51242,0.0130102,-0.189366,2.16478,-3.13555,1.9216,0.184564,0.926724,0.0599552
1724748,0.97,-2.75261,-1.32534,1.01106,-1.94698,1.10108,1.16771,2.20139,-2.75266,-1.32422,1.00895,-1.94565,1.10136,1.16858,2.20139,0.000240756,6.95164e-05,0.000687451,-0.000371271,-0.000139826,-0.000201576,-3.86533e-06,0,0,0,0,0,0,0,-0.176685,26.7383,-24.7881,7.49881,0.836199,2.51882,0.0322363,-0.188951,2.16417,-3.13486,1.92116,0.184544,0.926525,0.0598571
1724749,0.97,-2.75261,-1.32534,1.01106,-1.94698,1.10108,1.16772,2.20139,-2.75266,-1.32422,1.00895,-1.94565,1.10136,1.16858,2.20139,0.000160504,0.000603156,-0.000748126,0.0004021,0.000313683,-0.000134384,0.000234782,0,0,0,0,0,0,0,-0.176685,26.7144,-24.7366,7.47104,0.825212,2.51882,0.0258276,-0.188984,2.16341,-3.13427,1.92067,0.184516,0.926384,0.0596496
1724750,0.97,-2.75261,-1.32534,1.01106,-1.94699,1.10108,1.16771,2.20139,-2.75266,-1.32422,1.00895,-1.94565,1.10136,1.16858,2.20139,-0.00109942,-0.000804322,-0.00049875,-0.00149517,5.67173e-06,0.000385128,0.000868598,0,0,0,0,0,0,0,-0.125111,26.766,-24.7366,7.54642,0.830705,2.50601,0.00660151,-0.187978,2.16194,-3.13314,1.92103,0.184568,0.926233,0.059339
1724751,0.97,-2.75261,-1.32534,1.01106,-1.94698,1.10108,1.16771,2.20139,-2.75266,-1.32422,1.00895,-1.94565,1.10136,1.16858,2.20139,-0.000732949,0.000113399,0.000317114,-0.000439969,-0.00040312,1.93933e-05,-0.000133011,0,0,0,0,0,0,0,-0.125111,26.7383,-24.7643,7.52262,0.841692,2.51242,0.0258276,-0.184688,2.15995,-3.13212,1.9229,0.184764,0.926084,0.0589321
1724752,0.97,-2.75261,-1.32534,1.01106,-1.94698,1.10108,1.16771,2.20139,-2.75266,-1.32422,1.00895,-1.94565,1.10136,1.16858,2.20139,0.000717793,0.00128203,-0.000438205,-0.000293313,0.000138154,0.000250288,0.000148685,0,0,0,0,0,0,0,-0.176685,26.6867,-24.7366,7.52262,0.830705,2.50601,0.0194189,-0.180591,2.15764,-3.13127,1.92538,0.185004,0.925957,0.0584311
1724753,0.97,-2.75261,-1.32534,1.01106,-1.94698,1.10108,1.16771,2.20139,-2.75266,-1.32422,1.00895,-1.94565,1.10136,1.16858,2.20139,0.00112814,-0.000351742,-0.000848948,0.0015677,0.000295553,-7.05004e-05,-0.000884221,0,0,0,0,0,0,0,-0.204456,26.7383,-24.7128,7.44724,0.825212,2.51242,0.0459692,-0.179305,2.15564,-3.12953,1.92616,0.18509,0.925802,0.057845
1724754,0.97,-2.75261,-1.32534,1.01106,-1.94698,1.10108,1.16771,2.20139,-2.75266,-1.32422,1.00895,-1.94565,1.10136,1.16858,2.20139,0.000102481,-0.000884109,-9.15371e-06,-0.000718107,-6.41486e-06,0.000190359,0.000868581,0,0,0,0,0,0,0,-0.176685,26.766,-24.7366,7.52262,0.830705,2.50601,0.00660151,-0.181584,2.1556,-3.12769,1.92456,0.185001,0.925642,0.057197
1724755,0.97,-2.75261,-1.32534,1.01106,-1.94698,1.10108,1.16771,2.20139,-2.75266,-1.32422,1.00895,-1.94565,1.10136,1.16858,2.20139,-0.000488491,6.02081e-05,0.000643511,0.0012845,-0.000207727,-0.000110453,-0.00060774,0,0,0,0,0,0,0,-0.152882,26.7383,-24.7643,7.44724,0.836199,2.51242,0.038645,-0.184363,2.15736,-3.1273,1.92239,0.18489,0.92554,0.0565151
1724756,0.97,-2.75261,-1.32534,1.01106,-1.94698,1.10108,1.16771,2.20139,-2.75266,-1.32422,1.00895,-1.94565,1.10136,1.16858,2.20139,0.000231151,0.000596951,-0.000220606,-0.000350093,0.000268416,-7.36354e-05,0.000306917,0,0,0,0,0,0,0,-0.176685,26.7144,-24.7366,7.49881,0.825212,2.51242,0.0194189,-0.185788,2.15911,-3.12785,1.92078,0.184816,0.925465,0.0558136
1724757,0.97,-2.75261,-1.32534,1.01106,-1.94698,1.10108,1.16772,2.20139,-2.75266,-1.32422,1.00895,-1.94565,1.10136,1.16858,2.20139,-0.000402711,-0.000158845,-0.000147071,-0.000790207,-2.45063e-05,-4.90903e-05,-0.000507466,0,0,0,0,0,0,0,-0.152882,26.7383,-24.7366,7.52262,0.830705,2.51242,0.038645,-0.185686,2.15961,-3.12806,1.92024,0.18481,0.925376,0.0551037
1724758,0.97,-2.75261,-1.32534,1.01106,-1.94698,1.10108,1.16772,2.20139,-2.75266,-1.32422,1.00895,-1.94565,1.10136,1.16858,2.20139,-0.000268474,0.000450915,-9.80472e-05,0.000679621,0.000187113,0.000204632,0.000136407,0,0,0,0,0,0,0,-0.152882,26.7144,-24.7366,7.47104,0.825212,2.50601,0.0258276,-0.18423,2.1591,-3.12783,1.9207,0.184874,0.925265,0.0543959
1724759,0.97,-2.75261,-1.32534,1.01105,-1.94698,1.10108,1.16771,2.20139,-2.75266,-1.32422,1.00895,-1.94565,1.10136,1.16858,2.20139,0.00102744,0.00030061,-0.00117899,-0.000196533,0.000124742,-0.000100938,-0.00112976,0,0,0,0,0,0,0,-0.204456,26.7144,-24.689,7.49881,0.825212,2.51242,0.0587866,-0.183142,2.15817,-3.1268,1.92091,0.184904,0.925104,0.0536976
1724760,0.97,-2.75261,-1.32534,1.01105,-1.94699,1.10108,1.16771,2.20139,-2.75266,-1.32422,1.00895,-1.94565,1.10136,1.16858,2.20139,-0.000521464,0.000200407,-0.000785992,-0.00124465,8.31613e-05,-6.72917e-05,0.000467527,0,0,0,0,0,0,0,-0.152882,26.7144,-24.689,7.54642,0.825212,2.51242,0.0258276,-0.182653,2.15655,-3.12447,1.92104,0.184911,0.924891,0.0530265
1724761,0.97,-2.75261,-1.32534,1.01105,-1.94698,1.10108,1.16771,2.20139,-2.75266,-1.32422,1.00895,-1.94565,1.10136,1.16858,2.20139,0.000858783,0.000133605,-0.000523995,0.000933474,-0.00014801,0.000192498,7.43254e-05,0,0,0,0,0,0,0,-0.204456,26.7144,-24.689,7.47104,0.830705,2.50601,0.0322363,-0.182096,2.15461,-3.12162,1.92143,0.184929,0.924661,0.0523999
1724762,0.97,-2.75261,-1.32534,1.01106,-1.94698,1.10108,1.16771,2.20139,-2.75266,-1.32422,1.00895,-1.94565,1.10136,1.16858,2.20139,0.000572522,-0.000467742,0.000764294,0.000622316,0.000104777,0.000128332,4.95503e-05,0,0,0,0,0,0,0,-0.204456,26.7383,-24.7366,7.47104,0.825212,2.50601,0.0322363,-0.183186,2.15433,-3.11977,1.92059,0.184844,0.924485,0.0518102
1724763,0.97,-2.75261,-1.32534,1.01106,-1.94698,1.10108,1.16771,2.20139,-2.75266,-1.32422,1.00895,-1.94565,1.10136,1.16858,2.20139,-0.000267932,0.000244984,-4.72827e-05,-0.000234737,-0.000337049,8.55546e-05,-0.000204325,0,0,0,0,0,0,0,-0.176685,26.7144,-24.7128,7.49881,0.836199,2.50601,0.038645,-0.185386,2.15588,-3.11961,1.9188,0.184685,0.9244,0.0512475
1724764,0.97,-2.75261,-1.32534,1.01105,-1.94698,1.10108,1.16771,2.20139,-2.75266,-1.32422,1.00895,-1.94565,1.10136,1.16858,2.20139,-0.000178622,0.000163323,-0.000588334,-0.000156491,-2.12491e-05,-0.000180323,-0.000882202,0,0,0,0,0,0,0,-0.176685,26.7144,-24.689,7.49881,0.830705,2.51242,0.0587866,-0.186087,2.15696,-3.11981,1.91792,0.184596,0.92432,0.0507147
1724765,0.97,-2.75261,-1.32534,1.01106,-1.94698,1.10108,1.16771,2.20139,-2.75266,-1.32422,1.00895,-1.94565,1.10136,1.16858,2.20139,-0.000675893,-0.00044793,0.000164589,0.0011021,0.000189284,-0.000120215,0.000632568,0,0,0,0,0,0,0,-0.152882,26.7383,-24.7128,7.44724,0.825212,2.51242,0.0258276,-0.18539,2.15725,-3.11964,1.91774,0.184565,0.924191,0.050222
1724766,0.97,-2.75261,-1.32534,1.01106,-1.94699,1.10108,1.16771,2.20139,-2.75266,-1.32422,1.00895,-1.94565,1.10136,1.16858,2.20139,-0.00110021,-0.000948234,0.00131615,-0.00158532,-7.72609e-05,-0.000554861,-0.000324273,0,0,0,0,0,0,0,-0.125111,26.766,-24.7643,7.54642,0.830705,2.52523,0.0459692,-0.183456,2.15819,-3.12072,1.91807,0.184593,0.924114,0.0497785
1724767,0.97,-2.75261,-1.32534,1.01105,-1.94698,1.10108,1.16772,2.20139,-2.75266,-1.32422,1.00895,-1.94565,1.10136,1.16858,2.20139,0.000472953,1.74579e-05,-0.000885803,0.00070636,-0.000458408,0.000342169,-0.000453541,0,0,0,0,0,0,0,-0.176685,26.7383,-24.689,7.47104,0.841692,2.50601,0.0523779,-0.180628,2.15972,-3.12292,1.91904,0.18469,0.924122,0.049377
1724768,0.97,-2.75261,-1.32534,1.01106,-1.94698,1.10108,1.16772,2.20139,-2.75266,-1.32422,1.00895,-1.94565,1.10136,1.16858,2.20139,-0.000891124,1.16386e-05,0.000523089,-0.00073552,0.000101296,0.000228113,0.000206266,0,0,0,0,0,0,0,-0.125111,26.7383,-24.7366,7.52262,0.830705,2.50601,0.038645,-0.178154,2.16069,-3.12423,1.91998,0.184786,0.924108,0.0490138
1724769,0.97,-2.75261,-1.32534,1.01106,-1.94698,1.10108,1.16771,2.20139,-2.75266,-1.32422,1.00895,-1.94565,1.10136,1.16858,2.20139,0.00181877,-0.000641855,-0.000208086,6.64656e-05,6.75303e-05,-8.52837e-05,0.000849587,0,0,0,0,0,0,0,-0.22826,26.766,-24.7128,7.49881,0.830705,2.51242,0.0194189,-0.177023,2.16152,-3.12472,1.92031,0.184837,0.92408,0.048693
1724770,0.97,-2.75261,-1.32534,1.01106,-1.94698,1.10108,1.16771,2.20139,-2.75266,-1.32422,1.00895,-1.94565,1.10136,1.16858,2.20139,6.08691e-06,0.000221711,-0.000138724,4.43104e-05,-0.00015843,-0.000294215,-0.000145685,0,0,0,0,0,0,0,-0.176685,26.7383,-24.7128,7.49881,0.836199,2.51882,0.038645,-0.178304,2.16304,-3.12475,1.91947,0.184803,0.92407,0.0483968
1724771,0.97,-2.75261,-1.32534,1.01106,-1.94698,1.10108,1.16771,2.20139,-2.75266,-1.32422,1.00895,-1.94565,1.10136,1.16858,2.20139,4.05794e-06,0.000704619,0.000464329,0.00123597,9.78303e-05,4.12158e-05,-0.00060575,0,0,0,0,0,0,0,-0.176685,26.7144,-24.7366,7.44724,0.830705,2.51242,0.0523779,-0.18047,2.1642,-3.12409,1.91799,0.184707,0.924027,0.0481045
1724772,0.97,-2.75261,-1.32534,1.01106,-1.94698,1.10108,1.16771,2.20139,-2.75266,-1.32422,1.00895,-1.94565,1.10136,1.16858,2.20139,0.000652319,0.00111936,0.000309553,-0.00093926,-0.00013823,2.74772e-05,0.000342152,0,0,0,0,0,0,0,-0.204456,26.6867,-24.7366,7.52262,0.836199,2.51242,0.0322363,-0.181723,2.16403,-3.12298,1.91691,0.184619,0.923959,0.0478215
1724773,0.97,-2.75261,-1.32534,1.01105,-1.94698,1.10108,1.16771,2.20139,-2.75266,-1.32422,1.00895,-1.94565,1.10136,1.16858,2.20139,0.000434879,-0.000460186,-0.00155687,-6.93617e-05,0.000111297,1.83181e-05,0.00046546,0,0,0,0,0,0,0,-0.204456,26.7383,-24.6612,7.49881,0.830705,2.51242,0.0258276,-0.182481,2.16268,-3.12098,1.91645,0.18458,0.923864,0.047556
1724774,0.97,-2.75261,-1.32534,1.01105,-1.94698,1.10108,1.16772,2.20139,-2.75266,-1.32422,1.00895,-1.94565,1.10136,1.16858,2.20139,-0.000359694,0.000899635,-0.00103791,0.000603373,7.4198e-05,0.000249571,-0.000164411,0,0,0,0,0,0,0,-0.176685,26.6867,-24.6612,7.47104,0.830705,2.50601,0.038645,-0.183049,2.16043,-3.11737,1.91619,0.184577,0.923663,0.0472945
1724775,0.97,-2.75261,-1.32534,1.01106,-1.94698,1.10108,1.16772,2.20139,-2.75266,-1.32422,1.00895,-1.94565,1.10136,1.16858,2.20139,-0.000239796,-4.98571e-05,0.0010713,0.000402249,4.94653e-05,0.000166381,0.000127752,0,0,0,0,0,0,0,-0.176685,26.7144,-24.7366,7.47104,0.830705,2.50601,0.0322363,-0.182947,2.15799,-3.11359,1.91597,0.184585,0.923411,0.0470264
1724776,0.97,-2.75261,-1.32534,1.01106,-1.94698,1.10108,1.16772,2.20139,-2.75266,-1.32422,1.00895,-1.94565,1.10136,1.16858,2.20139,-0.000716676,0.000616376,0.000157385,0.000268166,3.29769e-05,-0.000126438,0.000322527,0,0,0,0,0,0,0,-0.152882,26.6867,-24.7128,7.47104,0.830705,2.51242,0.0258276,-0.181736,2.15632,-3.11167,1.91606,0.184623,0.923238,0.046755
1724777,0.97,-2.75261,-1.32534,1.01105,-1.94698,1.10108,1.16771,2.20139,-2.75266,-1.32422,1.00895,-1.94565,1.10136,1.16858,2.20139,-0.000477784,-0.000795509,-0.000451888,0.000178777,-0.000181466,-8.42923e-05,-0.0002597,0,0,0,0,0,0,0,-0.152882,26.7383,-24.689,7.47104,0.836199,2.51242,0.038645,-0.17968,2.15533,-3.11101,1.91646,0.1847,0.923119,0.046476
1724778,0.97,-2.75261,-1.32534,1.01105,-1.94698,1.10108,1.16771,2.20139,-2.75266,-1.32422,1.00895,-1.94565,1.10136,1.16858,2.20139,0.00144472,0.000676087,-0.000301259,-0.000530429,0.000285924,-5.61949e-05,6.42255e-05,0,0,0,0,0,0,0,-0.22826,26.6867,-24.689,7.49881,0.825212,2.51242,0.0322363,-0.178415,2.15485,-3.11025,1.91657,0.184774,0.923013,0.0461837
1724779,0.97,-2.75261,-1.32534,1.01106,-1.94698,1.10108,1.16772,2.20139,-2.75266,-1.32422,1.00895,-1.94565,1.10136,1.16858,2.20139,-0.000243282,-0.000198889,0.000355973,0.000852806,0.000190616,-3.74633e-05,-0.000940527,0,0,0,0,0,0,0,-0.176685,26.7144,-24.7128,7.44724,0.825212,2.51242,0.0587866,-0.179025,2.15497,-3.10935,1.91588,0.184784,0.922949,0.0458839
1724780,0.97,-2.75261,-1.32534,1.01106,-1.94698,1.10108,1.16771,2.20139,-2.75266,-1.32422,1.00895,-1.94565,1.10136,1.16858,2.20139,-0.000719,-0.000689405,0.000237315,1.17257e-05,-7.63733e-05,0.000212383,0.000118967,0,0,0,0,0,0,0,-0.152882,26.7383,-24.7128,7.47104,0.830705,2.50601,0.038645,-0.179921,2.15585,-3.10922,1.91483,0.184768,0.922926,0.0455928
1724781,0.97,-2.75261,-1.32534,1.01106,-1.94699,1.10108,1.16772,2.20139,-2.75266,-1.32422,1.00895,-1.94565,1.10136,1.16858,2.20139,7.74784e-05,-0.000459603,0.000715022,-0.00175542,-0.000254366,0.000141589,0.00031667,0,0,0,0,0,0,0,-0.176685,26.7383,-24.7366,7.54642,0.836199,2.50601,0.0322363,-0.179426,2.15731,-3.11037,1.91458,0.184829,0.922962,0.0453301
1724782,0.97,-2.75261,-1.32534,1.01106,-1.94698,1.10108,1.16772,2.20139,-2.75266,-1.32422,1.00895,-1.94565,1.10136,1.16858,2.20139,-0.00050516,-0.000306402,0.000476681,0.000592957,3.38732e-05,0.000331752,-2.62454e-05,0,0,0,0,0,0,0,-0.152882,26.7383,-24.7366,7.47104,0.830705,2.4996,0.038645,-0.177848,2.15886,-3.11232,1.91529,0.184969,0.923053,0.0450973
1724783,0.97,-2.75261,-1.32534,1.01106,-1.94698,1.10108,1.16772,2.20139,-2.75266,-1.32422,1.00895,-1.94565,1.10136,1.16858,2.20139,0.000220039,0.00100216,0.000967402,-0.000811121,-0.000180868,-0.00025355,-0.000288764,0,0,0,0,0,0,0,-0.176685,26.6867,-24.7643,7.52262,0.836199,2.51242,0.0459692,-0.176026,2.15993,-3.11429,1.91619,0.185106,0.923137,0.044883
1724784,0.97,-2.75261,-1.32534,1.01106,-1.94698,1.10108,1.16772,2.20139,-2.75266,-1.32422,1.00895,-1.94565,1.10136,1.16858,2.20139,0.000146693,1.84912e-05,0.000644934,1.60646e-05,8.28716e-05,0.000305684,7.87578e-05,0,0,0,0,0,0,0,-0.176685,26.7144,-24.7643,7.49881,0.830705,2.4996,0.038645,-0.174384,2.16014,-3.11584,1.91708,0.185212,0.923196,0.0446861
1724785,0.97,-2.75261,-1.32535,1.01105,-1.94698,1.10108,1.16772,2.20139,-2.75266,-1.32422,1.00895,-1.94565,1.10136,1.16858,2.20139,0.000747409,-0.0011941,-0.00133328,0.000660324,0.000258698,-3.35693e-05,0.000289864,0,0,0,0,0,0,0,-0.204456,26.766,-24.689,7.47104,0.825212,2.50601,0.0322363,-0.174495,2.16059,-3.11653,1.91693,0.185235,0.923186,0.0445029
1724786,0.97,-2.75261,-1.32534,1.01106,-1.94698,1.10108,1.16771,2.20139,-2.75266,-1.32422,1.00895,-1.94565,1.10136,1.16858,2.20139,-0.000151341,0.00041036,-0.000332042,0.000997028,-0.000234436,-0.000259738,-0.000315384,0,0,0,0,0,0,0,-0.176685,26.7144,-24.7128,7.44724,0.836199,2.51242,0.0459692,-0.176989,2.16164,-3.11563,1.91502,0.185136,0.923031,0.044324
1724787,0.97,-2.75261,-1.32534,1.01105,-1.94698,1.10108,1.16772,2.20139,-2.75266,-1.32422,1.00895,-1.94565,1.10136,1.16858,2.20139,-0.000100894,0.000273574,-0.000778174,0.000664685,4.71602e-05,0.000538918,0.000298371,0,0,0,0,0,0,0,-0.176685,26.7144,-24.689,7.44724,0.830705,2.49319,0.0322363,-0.179755,2.16181,-3.11319,1.9126,0.184988,0.922739,0.0441503
1724788,0.97,-2.75261,-1.32534,1.01106,-1.94698,1.10108,1.16772,2.20139,-2.75266,-1.32422,1.00895,-1.94565,1.10136,1.16858,2.20139,-6.72628e-05,0.000182382,3.80296e-05,-0.000113689,0.000879151,0.000359279,0.000436273,0,0,0,0,0,0,0,-0.176685,26.7144,-24.7128,7.47104,0.807817,2.49319,0.0258276,-0.181337,2.16073,-3.11012,1.91078,0.184871,0.922382,0.0439861
1724789,0.97,-2.75261,-1.32534,1.01105,-1.94698,1.10108,1.16771,2.20139,-2.75266,-1.32422,1.00895,-1.94565,1.10136,1.16858,2.20139,0.000604772,-0.000435224,-0.00118107,-0.000725406,0.000145291,-0.000235199,0.000528207,0,0,0,0,0,0,0,-0.204456,26.7383,-24.6612,7.49881,0.819719,2.50601,0.0194189,-0.182144,2.15924,-3.10707,1.90972,0.184804,0.92203,0.0438223
1724790,0.97,-2.75261,-1.32534,1.01105,-1.94699,1.10108,1.16771,2.20139,-2.75266,-1.32422,1.00895,-1.94565,1.10136,1.16858,2.20139,-0.000246433,0.000916277,-0.000137768,-0.00159723,-0.000513491,8.05597e-05,-0.000631206,0,0,0,0,0,0,0,-0.176685,26.6867,-24.689,7.54642,0.836199,2.4996,0.0459692,-0.181916,2.15708,-3.10393,1.90992,0.184814,0.921702,0.0436424
1724791,0.97,-2.75261,-1.32534,1.01105,-1.94698,1.10108,1.16771,2.20139,-2.75266,-1.32422,1.00895,-1.94565,1.10136,1.16858,2.20139,-0.000164288,-3.87628e-05,-9.18453e-05,4.88052e-05,6.45738e-05,5.37065e-05,8.78224e-05,0,0,0,0,0,0,0,-0.176685,26.7144,-24.689,7.49881,0.825212,2.4996,0.0322363,-0.179994,2.15403,-3.10105,1.91157,0.184906,0.921402,0.0434429
1724792,0.97,-2.75261,-1.32534,1.01106,-1.94698,1.10108,1.16772,2.20139,-2.75266,-1.32422,1.00895,-1.94565,1.10136,1.16858,2.20139,-0.000109526,-0.000582654,0.000495582,0.00123896,-0.000567302,-0.000438914,-0.000178811,0,0,0,0,0,0,0,-0.176685,26.7383,-24.7128,7.44724,0.841692,2.51242,0.038645,-0.178204,2.15213,-3.09952,1.9128,0.184953,0.921149,0.0432312
1724793,0.97,-2.75261,-1.32534,1.01105,-1.94698,1.10108,1.16772,2.20139,-2.75266,-1.32422,1.00895,-1.94565,1.10136,1.16858,2.20139,-7.30171e-05,0.000168376,-0.000876038,-0.000380451,0.00023215,0.000182109,0.000118152,0,0,0,0,0,0,0,-0.176685,26.7144,-24.6612,7.49881,0.825212,2.4996,0.0322363,-0.177815,2.15206,-3.09906,1.91266,0.184902,0.920921,0.0430137
1724794,0.97,-2.75261,-1.32534,1.01105,-1.94698,1.10108,1.16772,2.20139,-2.75266,-1.32422,1.00895,-1.94565,1.10136,1.16858,2.20139,-4.8678e-05,-0.000444561,6.55886e-05,-0.000810446,0.000154767,-0.000115953,-0.000158591,0,0,0,0,0,0,0,-0.176685,26.7383,-24.689,7.52262,0.825212,2.50601,0.038645,-0.177524,2.15212,-3.09848,1.9125,0.18486,0.920692,0.0427974
1724796,0.95,-2.75261,-1.32534,1.01105,-1.94698,1.10108,1.16771,2.20139,-2.75266,-1.32422,1.00895,-1.94565,1.10136,1.16858,2.20139,-2.16347e-05,-0.000383187,-0.000620463,0.000815294,0.000136602,-0.000605372,0.000732014,0,0,0,0,0,0,0,-0.176685,26.7383,-24.6612,7.44724,0.825212,2.51882,0.0194189,-0.177806,2.15287,-3.09751,1.91153,0.184722,0.920264,0.0423829
1724797,0.94,-2.75261,-1.32534,1.01105,-1.94698,1.10108,1.16772,2.20139,-2.75266,-1.32422,1.00895,-1.94565,1.10136,1.16858,2.20139,-1.44231e-05,0.000301354,-0.000413642,-1.32828e-05,9.1068e-05,-0.000166223,-0.000224067,0,0,0,0,0,0,0,-0.176685,26.7144,-24.6612,7.47104,0.825212,2.51242,0.038645,-0.179097,2.15354,-3.09649,1.90995,0.184563,0.920019,0.0421903
1724798,0.95,-2.75261,-1.32534,1.01105,-1.94698,1.10108,1.16772,2.20139,-2.75266,-1.32422,1.00895,-1.94565,1.10136,1.16858,2.20139,-9.61541e-06,0.000200903,-0.000275762,-0.000658469,6.0712e-05,0.000363903,0.000800058,0,0,0,0,0,0,0,-0.176685,26.7144,-24.6612,7.49881,0.825212,2.4996,0.0130102,-0.179691,2.15336,-3.09492,1.90904,0.18445,0.919786,0.0420001
1724799,0.96,-2.75261,-1.32534,1.01105,-1.94698,1.10108,1.16772,2.20139,-2.75266,-1.32422,1.00895,-1.94565,1.10136,1.16858,2.20139,0.00120002,-0.000422877,0.000465773,-0.000438979,4.04747e-05,0.000242602,-0.00116205,0,0,0,0,0,0,0,-0.22826,26.7383,-24.689,7.49881,0.825212,2.4996,0.0587866,-0.180048,2.15306,-3.0936,1.90873,0.184381,0.919632,0.041801
1724800,0.97,-2.75261,-1.32534,1.01105,-1.94698,1.10108,1.16772,2.20139,-2.75266,-1.32422,1.00895,-1.94565,1.10136,1.16858,2.20139,0.000243198,-0.000281918,0.000310515,0.000356961,-0.000379918,0.000161735,-2.87143e-05,0,0,0,0,0,0,0,-0.204456,26.7383,-24.689,7.47104,0.836199,2.4996,0.038645,-0.181629,2.15413,-3.09337,1.90795,0.18428,0.919588,0.0415909
1724801,0.97,-2.75261,-1.32534,1.01105,-1.94698,1.10108,1.16772,2.20139,-2.75266,-1.32422,1.00895,-1.94565,1.10136,1.16858,2.20139,-0.000487482,-0.000187945,0.00020701,-0.000968452,-0.000253279,0.000345182,0.000218216,0,0,0,0,0,0,0,-0.176685,26.7383,-24.689,7.52262,0.836199,2.49319,0.0322363,-0.183071,2.15584,-3.09394,1.90722,0.184192,0.919583,0.0413911
1724802,0.97,-2.75261,-1.32534,1.01105,-1.94698,1.10108,1.16772,2.20139,-2.75266,-1.32422,1.00895,-1.94565,1.10136,1.16858,2.20139,-0.000324988,0.00108113,0.00125163,0.0011176,3.45981e-05,0.000230121,-0.000363149,0,0,0,0,0,0,0,-0.176685,26.6867,-24.7366,7.44724,0.830705,2.49319,0.0459692,-0.182587,2.15669,-3.0948,1.90747,0.184178,0.919551,0.0412157
1724803,0.97,-2.75261,-1.32534,1.01105,-1.94698,1.10108,1.16771,2.20139,-2.75266,-1.32422,1.00895,-1.94565,1.10136,1.16858,2.20139,-0.00077347,-0.000485673,0.000277609,0.000188257,2.30654e-05,-0.000558663,-0.000242099,0,0,0,0,0,0,0,-0.152882,26.7383,-24.7128,7.47104,0.830705,2.51242,0.0459692,-0.180869,2.15688,-3.09594,1.90805,0.184185,0.919479,0.0410618
1724804,0.97,-2.75261,-1.32535,1.01105,-1.94698,1.10108,1.16772,2.20139,-2.75266,-1.32422,1.00895,-1.94565,1.10136,1.16858,2.20139,0.000690779,-0.00208702,-0.00037174,0.000682317,1.53769e-05,0.000102276,-0.000636117,0,0,0,0,0,0,0,-0.204456,26.8136,-24.689,7.44724,0.830705,2.4996,0.0587866,-0.180147,2.15827,-3.09734,1.9077,0.184153,0.919379,0.0409277
1724805,0.97,-2.75261,-1.32534,1.01105,-1.94698,1.10108,1.16772,2.20139,-2.75266,-1.32422,1.00895,-1.94565,1.10136,1.16858,2.20139,-0.000745907,-0.000277723,-0.00089744,0.000454878,1.02513e-05,-0.000169175,0.000559266,0,0,0,0,0,0,0,-0.152882,26.766,-24.6612,7.44724,0.830705,2.50601,0.0322363,-0.181395,2.16118,-3.09819,1.90601,0.184074,0.919223,0.040821
1724806,0.97,-2.75261,-1.32534,1.01105,-1.94698,1.10108,1.16772,2.20139,-2.75266,-1.32422,1.00895,-1.94565,1.10136,1.16858,2.20139,5.95409e-05,0.00102128,5.13204e-05,-0.00025356,0.000210285,0.000124576,-0.0006105,0,0,0,0,0,0,0,-0.176685,26.7144,-24.689,7.47104,0.825212,2.4996,0.0587866,-0.18227,2.16271,-3.09738,1.90461,0.184019,0.91897,0.040755
1724807,0.97,-2.75261,-1.32534,1.01105,-1.94698,1.10108,1.16772,2.20139,-2.75266,-1.32422,1.00895,-1.94565,1.10136,1.16858,2.20139,3.96939e-05,0.00012404,-0.0006154,0.000387772,-0.000266711,-0.000154308,-0.000407,0,0,0,0,0,0,0,-0.176685,26.7383,-24.6612,7.44724,0.836199,2.50601,0.0587866,-0.181804,2.16174,-3.09504,1.90428,0.184014,0.918659,0.0407303
1724808,0.97,-2.75261,-1.32534,1.01105,-1.94698,1.10108,1.16772,2.20139,-2.75266,-1.32422,1.00895,-1.94565,1.10136,1.16858,2.20139,2.64626e-05,8.26931e-05,0.000239347,-0.000947911,0.000432544,0.000371846,-0.000271333,0,0,0,0,0,0,0,-0.176685,26.7383,-24.689,7.49881,0.819719,2.49319,0.0587866,-0.18098,2.1599,-3.09228,1.90444,0.184037,0.91836,0.0407492
1724809,0.97,-2.75261,-1.32534,1.01105,-1.94698,1.10108,1.16772,2.20139,-2.75266,-1.32422,1.00895,-1.94565,1.10136,1.16858,2.20139,1.76417e-05,-0.000594485,0.000159565,-0.000631941,-0.000321989,0.000247897,0.000293829,0,0,0,0,0,0,0,-0.176685,26.766,-24.689,7.49881,0.836199,2.49319,0.0459692,-0.179814,2.15847,-3.09029,1.9051,0.184109,0.918133,0.0408203
1724810,0.97,-2.75261,-1.32534,1.01105,-1.94698,1.10108,1.16772,2.20139,-2.75266,-1.32422,1.00895,-1.94565,1.10136,1.16858,2.20139,0.000661375,0.00145972,-0.00165686,-0.000978106,-0.000214659,-7.20942e-05,-0.000278832,0,0,0,0,0,0,0,-0.204456,26.6867,-24.6136,7.52262,0.836199,2.4996,0.0587866,-0.178469,2.15674,-3.08808,1.90626,0.184221,0.917914,0.0409398
1724811,0.97,-2.75261,-1.32534,1.01105,-1.94698,1.10108,1.16772,2.20138,-2.75266,-1.32422,1.00895,-1.94565,1.10136,1.16858,2.20139,0.000440917,-0.000882896,9.04965e-06,-9.52586e-05,0.000467245,-4.80628e-05,-0.00113532,0,0,0,0,0,0,0,-0.204456,26.766,-24.6612,7.49881,0.819719,2.4996,0.0844213,-0.177775,2.15426,-3.08458,1.90732,0.184312,0.917632,0.0410967
1724812,0.97,-2.75261,-1.32535,1.01105,-1.94698,1.10108,1.16772,2.20138,-2.75266,-1.32422,1.00895,-1.94565,1.10136,1.16858,2.20139,-0.000355669,-0.000588597,6.0331e-06,0.00114292,-0.000298855,-3.20419e-05,-0.000282165,0,0,0,0,0,0,0,-0.176685,26.766,-24.6612,7.44724,0.836199,2.4996,0.071604,-0.178487,2.15341,-3.08184,1.90721,0.184323,0.917367,0.0412956
1724813,0.97,-2.75261,-1.32534,1.01105,-1.94698,1.10108,1.16772,2.20138,-2.75266,-1.32422,1.00895,-1.94565,1.10136,1.16858,2.20139,-0.000237113,0.000257216,-0.0011096,-0.000444479,0.000207665,-2.13613e-05,-0.000425469,0,0,0,0,0,0,0,-0.176685,26.7383,-24.6136,7.49881,0.825212,2.4996,0.0780126,-0.179593,2.15404,-3.08013,1.90627,0.184279,0.917108,0.0415584
1724814,0.97,-2.75261,-1.32534,1.01105,-1.94698,1.10108,1.16772,2.20139,-2.75266,-1.32422,1.00895,-1.94565,1.10136,1.16858,2.20139,0.000491539,0.000728289,-0.000182923,0.00146692,0.000341894,-1.42408e-05,0.000903149,0,0,0,0,0,0,0,-0.204456,26.7144,-24.6374,7.42344,0.819719,2.4996,0.0459692,-0.180405,2.15398,-3.07775,1.90527,0.184211,0.916788,0.0418978
1724815,0.97,-2.75261,-1.32534,1.01105,-1.94698,1.10108,1.16772,2.20138,-2.75266,-1.32422,1.00895,-1.94565,1.10136,1.16858,2.20139,0.000327692,-7.12858e-05,-0.000121948,-0.000785292,-0.000178972,-0.000246853,-0.00129677,0,0,0,0,0,0,0,-0.204456,26.7383,-24.6374,7.49881,0.830705,2.50601,0.0972387,-0.181668,2.15362,-3.07511,1.90402,0.184097,0.916473,0.0423006
1724816,0.97,-2.75261,-1.32534,1.01105,-1.94698,1.10108,1.16772,2.20138,-2.75266,-1.32422,1.00895,-1.94565,1.10136,1.16858,2.20139,-0.000431152,0.0011589,0.000475513,0.000682898,8.41359e-05,-0.000401927,0.00032228,0,0,0,0,0,0,0,-0.176685,26.6867,-24.6612,7.44724,0.825212,2.51242,0.0651953,-0.182463,2.15324,-3.07318,1.90318,0.183997,0.916234,0.0427543
1724817,0.97,-2.75261,-1.32534,1.01105,-1.94698,1.10108,1.16771,2.20138,-2.75266,-1.32422,1.00895,-1.94565,1.10136,1.16858,2.20139,0.000362179,-0.00108344,-0.000239803,0.000455265,5.60906e-05,-0.000267952,-0.000259865,0,0,0,0,0,0,0,-0.204456,26.766,-24.6374,7.44724,0.825212,2.51242,0.0780126,-0.182663,2.15317,-3.07211,1.90264,0.183914,0.916065,0.0432602
1724818,0.97,-2.75261,-1.32534,1.01105,-1.94698,1.10108,1.16771,2.20138,-2.75266,-1.32422,1.00895,-1.94565,1.10136,1.16858,2.20139,-0.000964973,-7.26784e-05,0.000396943,0.00030351,-0.000166057,5.87245e-05,-0.00112268,0,0,0,0,0,0,0,-0.152882,26.7383,-24.6612,7.44724,0.830705,2.50601,0.103647,-0.183005,2.15433,-3.07199,1.90174,0.183824,0.915958,0.0438111
1724819,0.97,-2.75261,-1.32534,1.01105,-1.94698,1.10108,1.16772,2.20138,-2.75266,-1.32422,1.00895,-1.94565,1.10136,1.16858,2.20139,0.00056311,-0.00125488,0.00147105,-0.000354472,-0.000110705,0.000276509,0.000675701,0,0,0,0,0,0,0,-0.204456,26.7898,-24.7128,7.47104,0.830705,2.4996,0.0651953,-0.183093,2.15694,-3.07343,1.90091,0.183766,0.915964,0.0444103
1724820,0.97,-2.75261,-1.32534,1.01105,-1.94698,1.10108,1.16772,2.20138,-2.75266,-1.32422,1.00895,-1.94565,1.10136,1.16858,2.20139,0.000375407,0.00036984,-0.00133935,-0.000236315,-0.000277254,-0.000290379,-0.000973686,0,0,0,0,0,0,0,-0.204456,26.7383,-24.6136,7.47104,0.836199,2.51242,0.103647,-0.183538,2.16019,-3.07544,1.90012,0.183731,0.916051,0.0450659
1724821,0.97,-2.75261,-1.32534,1.01105,-1.94698,1.10108,1.16772,2.20138,-2.75266,-1.32422,1.00895,-1.94565,1.10136,1.16858,2.20139,0.000250271,0.000803372,0.00087034,0.000399269,0.000425516,4.37731e-05,0.000300312,0,0,0,0,0,0,0,-0.204456,26.7144,-24.689,7.44724,0.819719,2.50601,0.0780126,-0.184375,2.16206,-3.07581,1.89941,0.18369,0.916088,0.0457734
1724822,0.97,-2.75261,-1.32534,1.01105,-1.94698,1.10108,1.16772,2.20138,-2.75266,-1.32422,1.00895,-1.94565,1.10136,1.16858,2.20139,-0.00103958,0.000535582,-0.00118301,-0.000290633,-0.000123224,2.9182e-05,-0.000511869,0,0,0,0,0,0,0,-0.152882,26.7144,-24.6136,7.47104,0.830705,2.50601,0.0972387,-0.184001,2.16155,-3.0744,1.89943,0.183679,0.916029,0.046533
1724823,0.97,-2.75261,-1.32534,1.01105,-1.94698,1.10108,1.16772,2.20138,-2.75266,-1.32422,1.00895,-1.94565,1.10136,1.16858,2.20139,0.000513374,-0.00140618,-0.000231862,0.000363057,-8.21492e-05,0.000494173,0.000845549,0,0,0,0,0,0,0,-0.204456,26.7898,-24.6374,7.44724,0.830705,2.49319,0.0651953,-0.182718,2.16021,-3.07213,1.89984,0.183706,0.915901,0.0473353
1724824,0.97,-2.75261,-1.32534,1.01105,-1.94698,1.10108,1.16772,2.20138,-2.75266,-1.32422,1.00895,-1.94565,1.10136,1.16858,2.20139,0.000899061,0.000825782,-0.000711387,0.000242038,-5.47661e-05,-0.000145269,0.00032634,0,0,0,0,0,0,0,-0.22826,26.7144,-24.6136,7.44724,0.830705,2.50601,0.071604,-0.183054,2.15989,-3.06959,1.89924,0.183679,0.915757,0.0481601
1724825,0.97,-2.75261,-1.32534,1.01105,-1.94698,1.10108,1.16772,2.20139,-2.75266,-1.32422,1.00895,-1.94565,1.10136,1.16858,2.20139,-0.000607052,-6.2905e-06,8.25541e-05,-0.000395453,-0.000646862,-9.68463e-05,0.000692278,0,0,0,0,0,0,0,-0.176685,26.7383,-24.6374,7.47104,0.847185,2.50601,0.0587866,-0.184318,2.15973,-3.06688,1.8982,0.183623,0.915625,0.0489853
1724826,0.97,-2.75261,-1.32535,1.01105,-1.94698,1.10108,1.16772,2.20138,-2.75266,-1.32422,1.00895,-1.94565,1.10136,1.16858,2.20139,0.000244913,-0.000653808,0.000611848,-0.000263636,0.000382561,-6.45642e-05,-0.000250558,0,0,0,0,0,0,0,-0.204456,26.766,-24.6612,7.47104,0.825212,2.50601,0.0780126,-0.184486,2.15952,-3.065,1.8979,0.18364,0.915548,0.0497858
1724827,0.97,-2.75261,-1.32534,1.01105,-1.94698,1.10108,1.16772,2.20139,-2.75266,-1.32422,1.00895,-1.94565,1.10136,1.16858,2.20139,0.000163275,0.000770554,-0.000148913,0.000937867,0.000458491,0.000194316,0.000545038,0,0,0,0,0,0,0,-0.204456,26.7144,-24.6374,7.42344,0.819719,2.4996,0.0587866,-0.184563,2.16011,-3.0643,1.89755,0.183671,0.91554,0.0505434
1724828,0.97,-2.75261,-1.32534,1.01105,-1.94698,1.10108,1.16772,2.20139,-2.75266,-1.32422,1.00895,-1.94565,1.10136,1.16858,2.20139,0.000665662,-4.31092e-05,-9.92755e-05,-0.000488379,-0.000304691,0.000129544,0.00110934,0,0,0,0,0,0,0,-0.22826,26.7383,-24.6374,7.47104,0.836199,2.4996,0.038645,-0.185419,2.16066,-3.06335,1.89664,0.183652,0.91552,0.0512517
1724829,0.97,-2.75261,-1.32534,1.01105,-1.94698,1.10108,1.16772,2.20138,-2.75266,-1.32422,1.00895,-1.94565,1.10136,1.16858,2.20139,-0.000113037,-0.000678353,0.000490628,0.000231226,0.000407224,8.63627e-05,-0.000243782,0,0,0,0,0,0,0,-0.204456,26.766,-24.6612,7.44724,0.819719,2.4996,0.0651953,-0.186672,2.16142,-3.06244,1.89557,0.183624,0.915502,0.0518931
1724830,0.96,-2.75261,-1.32535,1.01105,-1.94698,1.10108,1.16772,2.20139,-2.75266,-1.32422,1.00895,-1.94565,1.10136,1.16858,2.20139,-0.000724972,-0.000452236,-0.000786538,-0.000402661,6.80323e-05,-0.000179784,0.000549556,0,0,0,0,0,0,0,-0.176685,26.766,-24.6136,7.47104,0.825212,2.50601,0.0459692,-0.187284,2.16265,-3.06206,1.89484,0.183635,0.915489,0.0524493
1724831,0.96,-2.75261,-1.32534,1.01105,-1.94698,1.10108,1.16772,2.20139,-2.75266,-1.32422,1.00895,-1.94565,1.10136,1.16858,2.20139,0.000166299,0.000348124,0.000589265,-0.000268441,0.000248805,-0.000357215,0.000874997,0,0,0,0,0,0,0,-0.204456,26.7383,-24.6612,7.47104,0.819719,2.51242,0.0322363,-0.186566,2.16331,-3.06152,1.89489,0.183699,0.915444,0.0529227
1724832,0.95,-2.75261,-1.32534,1.01105,-1.94697,1.10108,1.16772,2.20139,-2.75266,-1.32422,1.00895,-1.94565,1.10136,1.16858,2.20139,0.000667678,0.000232082,-0.000720781,0.00149148,-0.000241031,0.000236575,0.000583331,0,0,0,0,0,0,0,-0.22826,26.7383,-24.6136,7.39963,0.830705,2.4996,0.0322363,-0.186267,2.16348,-3.06042,1.89468,0.18371,0.915374,0.053306
1724833,0.95,-2.75261,-1.32534,1.01105,-1.94698,1.10108,1.16772,2.20139,-2.75266,-1.32422,1.00895,-1.94565,1.10136,1.16858,2.20139,0.000445119,0.000154722,7.62916e-05,0.000437505,4.27633e-05,0.000157716,-0.000119739,0,0,0,0,0,0,0,-0.22826,26.7383,-24.6374,7.42344,0.825212,2.4996,0.0459692,-0.188002,2.16386,-3.05859,1.89304,0.183579,0.915266,0.0535785
1724834,0.95,-2.75261,-1.32534,1.01105,-1.94698,1.10108,1.16772,2.20139,-2.75266,-1.32422,1.00895,-1.94565,1.10136,1.16858,2.20139,-0.000260066,0.000103148,5.0861e-05,-0.00202838,2.85089e-05,0.000342503,-0.000317185,0,0,0,0,0,0,0,-0.204456,26.7383,-24.6374,7.52262,0.825212,2.49319,0.0523779,-0.189564,2.1639,-3.05659,1.89169,0.18346,0.915164,0.0537434
1724835,0.95,-2.75261,-1.32534,1.01105,-1.94698,1.10108,1.16772,2.20139,-2.75266,-1.32422,1.00895,-1.94565,1.10136,1.16858,2.20139,-0.0013798,0.000625577,3.39074e-05,-0.000145827,-0.000184445,-9.02345e-06,0.000534529,0,0,0,0,0,0,0,-0.152882,26.7144,-24.6374,7.47104,0.830705,2.4996,0.0322363,-0.187837,2.16244,-3.05491,1.89277,0.183524,0.915083,0.0538276
1724836,0.95,-2.75261,-1.32534,1.01105,-1.94698,1.10108,1.16772,2.20139,-2.75266,-1.32422,1.00895,-1.94565,1.10136,1.16858,2.20139,0.000843369,0.000417051,0.000579417,0.000459594,8.04875e-05,-6.01563e-06,0.000118994,0,0,0,0,0,0,0,-0.22826,26.7144,-24.6612,7.44724,0.825212,2.4996,0.038645,-0.184371,2.16016,-3.05347,1.89486,0.183653,0.914988,0.0538476
1724837,0.95,-2.75261,-1.32534,1.01105,-1.94698,1.10108,1.16772,2.20139,-2.75266,-1.32422,1.00895,-1.94565,1.10136,1.16858,2.20139,-0.00120099,0.000927648,-0.000727346,0.000306396,5.36583e-05,0.000233349,0.000316688,0,0,0,0,0,0,0,-0.152882,26.6867,-24.6136,7.44724,0.825212,2.49319,0.0322363,-0.1818,2.15802,-3.05189,1.89612,0.183699,0.914853,0.0538024
1724838,0.95,-2.75261,-1.32534,1.01105,-1.94698,1.10108,1.16772,2.20139,-2.75266,-1.32422,1.00895,-1.94565,1.10136,1.16858,2.20139,-0.000243849,-0.000587994,7.19146e-05,0.000761076,0.000239223,-0.000319152,-2.62336e-05,0,0,0,0,0,0,0,-0.176685,26.7383,-24.6374,7.42344,0.819719,2.50601,0.038645,-0.179773,2.15599,-3.0499,1.89669,0.183689,0.91465,0.053692
1724839,0.95,-2.75261,-1.32534,1.01104,-1.94698,1.10108,1.16772,2.20138,-2.75266,-1.32422,1.00895,-1.94565,1.10136,1.16858,2.20139,-0.000162566,0.000164816,-0.00115848,-0.00060624,-4.39687e-05,2.45908e-05,-0.00100083,0,0,0,0,0,0,0,-0.176685,26.7144,-24.5858,7.47104,0.825212,2.4996,0.0651953,-0.178413,2.15465,-3.04778,1.89668,0.183648,0.914415,0.0535214
1724840,0.95,-2.75261,-1.32534,1.01104,-1.94698,1.10108,1.16772,2.20139,-2.75266,-1.32422,1.00895,-1.94565,1.10136,1.16858,2.20139,0.000541236,-0.00109655,0.000434104,0.000152652,-2.93125e-05,0.000253753,4.48546e-05,0,0,0,0,0,0,0,-0.204456,26.766,-24.6374,7.44724,0.825212,2.49319,0.0459692,-0.178504,2.15453,-3.0459,1.89601,0.183574,0.914217,0.0533116
1724841,0.95,-2.75261,-1.32534,1.01105,-1.94698,1.10108,1.16772,2.20139,-2.75266,-1.32422,1.00895,-1.94565,1.10136,1.16858,2.20139,0.00147445,0.000475394,0.000846215,0.00065858,-0.000222992,-6.81904e-05,-0.000444815,0,0,0,0,0,0,0,-0.252064,26.7144,-24.6612,7.42344,0.830705,2.4996,0.0587866,-0.181133,2.15652,-3.04526,1.89401,0.183404,0.914133,0.0530942
1724842,0.95,-2.75261,-1.32534,1.01104,-1.94698,1.10108,1.16772,2.20139,-2.75266,-1.32422,1.00895,-1.94565,1.10136,1.16858,2.20139,-0.000780272,-0.000239883,-0.000549481,-0.000674571,0.00025824,-4.54603e-05,0.000449442,0,0,0,0,0,0,0,-0.176685,26.7383,-24.6136,7.47104,0.819719,2.4996,0.038645,-0.185061,2.15937,-3.04544,1.89134,0.183174,0.914121,0.052891
1724843,0.95,-2.75261,-1.32534,1.01104,-1.94698,1.10108,1.16772,2.20138,-2.75266,-1.32422,1.00895,-1.94565,1.10136,1.16858,2.20139,0.000129432,0.00039689,-0.00101593,0.00066391,0.00017216,-3.03068e-05,-0.00139579,0,0,0,0,0,0,0,-0.204456,26.7144,-24.5858,7.42344,0.819719,2.4996,0.0844213,-0.187408,2.16061,-3.04455,1.88962,0.183008,0.914026,0.0527087
1724844,0.95,-2.75261,-1.32534,1.01105,-1.94698,1.10108,1.16772,2.20139,-2.75266,-1.32422,1.00895,-1.94565,1.10136,1.16858,2.20139,-0.00112014,-0.00149864,0.000529136,-0.000671017,0.000114773,-2.02046e-05,0.000256266,0,0,0,0,0,0,0,-0.152882,26.7898,-24.6374,7.47104,0.819719,2.4996,0.0523779,-0.187996,2.16091,-3.04305,1.88878,0.182911,0.913857,0.0525546
1724845,0.95,-2.75261,-1.32534,1.01105,-1.94698,1.10108,1.16772,2.20139,-2.75266,-1.32422,1.00895,-1.94565,1.10136,1.16858,2.20139,-0.000189946,-0.000442284,-0.000204054,0.000666279,7.65154e-05,0.000461248,0.000408203,0,0,0,0,0,0,0,-0.176685,26.766,-24.6136,7.42344,0.819719,2.48678,0.0459692,-0.187585,2.16206,-3.04266,1.88829,0.182853,0.913721,0.0524458
1724846,0.95,-2.75261,-1.32534,1.01105,-1.94698,1.10108,1.16772,2.20139,-2.75266,-1.32422,1.00895,-1.94565,1.10136,1.16858,2.20139,-0.000126631,0.000354758,0.000420776,-0.00131905,-0.00015244,0.000307499,0.000780762,0,0,0,0,0,0,0,-0.176685,26.7383,-24.6374,7.49881,0.825212,2.48678,0.0322363,-0.186594,2.16337,-3.04283,1.88817,0.182814,0.91361,0.0523801
1724847,0.95,-2.75261,-1.32534,1.01105,-1.94698,1.10108,1.16772,2.20139,-2.75266,-1.32422,1.00895,-1.94565,1.10136,1.16858,2.20139,0.000565193,0.000793317,0.000280517,-0.000229754,-0.000711978,-0.000269719,-0.000937554,0,0,0,0,0,0,0,-0.204456,26.7144,-24.6374,7.47104,0.841692,2.4996,0.071604,-0.185225,2.16345,-3.04255,1.88874,0.182791,0.913507,0.0523333
1724848,0.95,-2.75261,-1.32534,1.01105,-1.94698,1.10108,1.16772,2.20139,-2.75266,-1.32422,1.00895,-1.94565,1.10136,1.16858,2.20139,0.000376796,-2.79339e-05,-0.000369801,0.000960455,-6.77512e-05,-0.000179812,8.70406e-05,0,0,0,0,0,0,0,-0.204456,26.7383,-24.6136,7.42344,0.830705,2.4996,0.0523779,-0.184785,2.1629,-3.04161,1.889,0.182718,0.913386,0.0522891
1724849,0.95,-2.75261,-1.32534,1.01105,-1.94698,1.10108,1.16772,2.20139,-2.75266,-1.32422,1.00895,-1.94565,1.10136,1.16858,2.20139,0.000251197,-1.86226e-05,-0.000246534,8.34911e-05,0.000361734,0.000117484,0.000295386,0,0,0,0,0,0,0,-0.204456,26.7383,-24.6136,7.44724,0.819719,2.49319,0.0459692,-0.186171,2.16277,-3.03999,1.88792,0.182552,0.913207,0.0522526
1724850,0.95,-2.75261,-1.32534,1.01105,-1.94698,1.10108,1.16772,2.20139,-2.75266,-1.32422,1.00895,-1.94565,1.10136,1.16858,2.20139,0.000167465,-0.000662029,0.000392456,5.56608e-05,3.77052e-05,0.000315682,0.00070555,0,0,0,0,0,0,0,-0.204456,26.766,-24.6374,7.44724,0.825212,2.48678,0.0322363,-0.188325,2.1634,-3.03851,1.88621,0.182363,0.913013,0.0522264
1724851,0.95,-2.75261,-1.32534,1.01105,-1.94698,1.10108,1.16772,2.20139,-2.75266,-1.32422,1.00895,-1.94565,1.10136,1.16858,2.20139,-0.000537971,0.000208261,0.000261637,0.000593919,-0.000178314,-0.000264263,-0.000512977,0,0,0,0,0,0,0,-0.176685,26.7383,-24.6374,7.42344,0.830705,2.4996,0.0587866,-0.190059,2.16467,-3.03784,1.8846,0.182205,0.912842,0.0521951
1724852,0.95,-2.75261,-1.32534,1.01104,-1.94698,1.10108,1.16772,2.20139,-2.75266,-1.32422,1.00895,-1.94565,1.10136,1.16858,2.20139,0.000290967,-0.000510773,-0.001032,-0.000160866,0.000288025,0.000298542,0.000132733,0,0,0,0,0,0,0,-0.204456,26.766,-24.5858,7.44724,0.819719,2.48678,0.0459692,-0.19104,2.16568,-3.03711,1.88329,0.182082,0.912638,0.0521474
1724853,0.95,-2.75261,-1.32534,1.01104,-1.94698,1.10108,1.16772,2.20139,-2.75266,-1.32422,1.00895,-1.94565,1.10136,1.16858,2.20139,0.000193978,0.000309099,-3.83867e-05,-0.000664056,-1.14337e-05,-3.83308e-05,-0.00014887,0,0,0,0,0,0,0,-0.204456,26.7383,-24.6136,7.47104,0.825212,2.49319,0.0523779,-0.191627,2.16587,-3.03543,1.88244,0.182,0.912379,0.0520885
1724854,0.95,-2.75261,-1.32534,1.01104,-1.94698,1.10108,1.16772,2.20139,-2.75266,-1.32422,1.00895,-1.94565,1.10136,1.16858,2.20139,0.000129319,0.000206066,0.000531221,0.000114108,-0.000211073,-0.000262913,0.000138112,0,0,0,0,0,0,0,-0.204456,26.7383,-24.6374,7.44724,0.830705,2.4996,0.0459692,-0.191805,2.16552,-3.03363,1.88215,0.181955,0.912134,0.0520276
1724855,0.95,-2.75261,-1.32535,1.01104,-1.94698,1.10108,1.16772,2.20138,-2.75266,-1.32422,1.00895,-1.94565,1.10136,1.16858,2.20139,-0.000563402,-0.00106905,-0.000202665,7.6072e-05,6.27352e-05,-0.000175275,-0.00109472,0,0,0,0,0,0,0,-0.176685,26.7898,-24.6136,7.44724,0.825212,2.4996,0.0780126,-0.191602,2.16558,-3.03266,1.88205,0.181926,0.911936,0.0519657
1724856,0.95,-2.75261,-1.32534,1.01104,-1.94698,1.10108,1.16772,2.20138,-2.75266,-1.32422,1.00895,-1.94565,1.10136,1.16858,2.20139,-0.000375601,0.00105054,-0.00013511,-0.00115571,-0.000161627,0.000357868,-0.00120453,0,0,0,0,0,0,0,-0.176685,26.7144,-24.6136,7.49881,0.830705,2.48678,0.09083,-0.190379,2.16552,-3.03194,1.8825,0.18195,0.91174,0.0519148
1724857,0.95,-2.75261,-1.32534,1.01104,-1.94697,1.10108,1.16772,2.20139,-2.75266,-1.32422,1.00895,-1.94565,1.10136,1.16858,2.20139,-0.000807213,-0.000506067,0.000466739,0.00154958,-0.000107751,-0.000236139,0.000383774,0,0,0,0,0,0,0,-0.152882,26.766,-24.6374,7.39963,0.830705,2.4996,0.0587866,-0.187909,2.16459,-3.03095,1.88362,0.182019,0.911517,0.0519115
1724858,0.95,-2.75261,-1.32534,1.01104,-1.94698,1.10108,1.16772,2.20139,-2.75266,-1.32422,1.00895,-1.94565,1.10136,1.16858,2.20139,1.86702e-05,-0.000337378,-0.000245653,-0.000637385,-7.18342e-05,-0.000157426,0.000255849,0,0,0,0,0,0,0,-0.176685,26.766,-24.6136,7.47104,0.830705,2.4996,0.0587866,-0.185801,2.16421,-3.03031,1.88418,0.182056,0.911293,0.0519776
1724859,0.95,-2.75261,-1.32534,1.01104,-1.94698,1.10108,1.16772,2.20138,-2.75266,-1.32422,1.00895,-1.94565,1.10136,1.16858,2.20139,0.000662061,0.000424695,0.000393043,-0.00107454,-4.78895e-05,-0.000104951,-0.00077887,0,0,0,0,0,0,0,-0.204456,26.7383,-24.6374,7.49881,0.830705,2.4996,0.0844213,-0.184686,2.16445,-3.02985,1.88438,0.182082,0.911118,0.0521022
1724860,0.95,-2.75261,-1.32534,1.01104,-1.94698,1.10108,1.16772,2.20139,-2.75266,-1.32422,1.00895,-1.94565,1.10136,1.16858,2.20139,-0.00141467,0.00148956,-0.000944397,0.000490068,0.000171524,0.000167392,0.000430189,0,0,0,0,0,0,0,-0.125111,26.6867,-24.5858,7.44724,0.825212,2.49319,0.0587866,-0.183118,2.16323,-3.02836,1.88528,0.182151,0.910931,0.0522766
1724861,0.95,-2.75261,-1.32534,1.01104,-1.94697,1.10108,1.16772,2.20138,-2.75266,-1.32422,1.00895,-1.94565,1.10136,1.16858,2.20139,-0.000293497,-0.000213388,-0.000629598,0.00144034,-8.91011e-05,0.000111594,-0.000900002,0,0,0,0,0,0,0,-0.152882,26.7383,-24.5858,7.39963,0.830705,2.49319,0.09083,-0.18074,2.16031,-3.02526,1.88627,0.182208,0.910616,0.0524972
1724862,0.95,-2.75261,-1.32534,1.01104,-1.94698,1.10108,1.16772,2.20139,-2.75266,-1.32422,1.00895,-1.94565,1.10136,1.16858,2.20139,0.000361147,0.00106417,0.000786694,-0.0001534,0.0003475,0.000311755,0.000824152,0,0,0,0,0,0,0,-0.176685,26.6867,-24.6374,7.44724,0.819719,2.48678,0.0523779,-0.179378,2.15786,-3.02197,1.88616,0.182183,0.910267,0.0527588
1724863,0.95,-2.75261,-1.32534,1.01104,-1.94698,1.10108,1.16772,2.20138,-2.75266,-1.32422,1.00895,-1.94565,1.10136,1.16858,2.20139,0.000890379,-0.000496981,-3.23493e-05,-0.000659079,-0.000175234,-0.000741599,-0.00111208,0,0,0,0,0,0,0,-0.204456,26.7383,-24.6136,7.47104,0.830705,2.51242,0.0972387,-0.179817,2.157,-3.01996,1.88524,0.182107,0.910047,0.05306
1724864,0.95,-2.75261,-1.32534,1.01104,-1.94697,1.10108,1.16772,2.20138,-2.75266,-1.32422,1.00895,-1.94565,1.10136,1.16858,2.20139,-0.00061284,-0.000331321,-2.15662e-05,0.000674238,-0.000116823,-1.96814e-05,-0.000266667,0,0,0,0,0,0,0,-0.152882,26.7383,-24.6136,7.42344,0.830705,2.4996,0.0844213,-0.181352,2.15767,-3.01913,1.88397,0.182027,0.909945,0.0533954
1724865,0.95,-2.75261,-1.32534,1.01105,-1.94698,1.10108,1.16772,2.20138,-2.75266,-1.32422,1.00895,-1.94565,1.10136,1.16858,2.20139,0.000148252,0.000335931,0.000542434,-0.00010732,0.000125569,-0.00025048,5.95808e-05,0,0,0,0,0,0,0,-0.176685,26.7144,-24.6374,7.44724,0.825212,2.50601,0.0780126,-0.182832,2.15917,-3.01902,1.88258,0.181957,0.909885,0.0537743
1724866,0.95,-2.75261,-1.32534,1.01104,-1.94698,1.10108,1.16772,2.20139,-2.75266,-1.32422,1.00895,-1.94565,1.10136,1.16858,2.20139,0.000748449,0.000223954,-0.000195189,0.000485265,8.37125e-05,7.03724e-05,0.00122652,0,0,0,0,0,0,0,-0.204456,26.7144,-24.6136,7.42344,0.825212,2.4996,0.0459692,-0.184338,2.16064,-3.01904,1.88108,0.181878,0.90985,0.054204
1724867,0.95,-2.75261,-1.32534,1.01104,-1.94698,1.10108,1.16772,2.20138,-2.75266,-1.32422,1.00895,-1.94565,1.10136,1.16858,2.20139,-0.000150648,-0.000407509,-0.000130126,-0.000233302,5.58083e-05,0.000284274,-0.000843836,0,0,0,0,0,0,0,-0.176685,26.7383,-24.6136,7.44724,0.825212,2.49319,0.09083,-0.18639,2.16203,-3.01872,1.87931,0.18178,0.909821,0.0546582
1724868,0.95,-2.75261,-1.32534,1.01104,-1.94698,1.10108,1.16772,2.20139,-2.75266,-1.32422,1.00895,-1.94565,1.10136,1.16858,2.20139,0.000549182,0.000285139,-0.00129318,-0.000155534,3.72055e-05,0.000426875,0.00014952,0,0,0,0,0,0,0,-0.204456,26.7144,-24.562,7.44724,0.825212,2.48678,0.071604,-0.188235,2.16286,-3.0175,1.87775,0.181703,0.909745,0.0551101
1724869,0.95,-2.75261,-1.32534,1.01104,-1.94697,1.10108,1.16772,2.20139,-2.75266,-1.32422,1.00895,-1.94565,1.10136,1.16858,2.20139,-0.000283493,0.000190093,0.00090112,0.00100993,2.48037e-05,4.72243e-05,9.96798e-05,0,0,0,0,0,0,0,-0.176685,26.7144,-24.6374,7.39963,0.825212,2.49319,0.071604,-0.18965,2.16299,-3.01561,1.8764,0.181635,0.909616,0.0555621
1724870,0.95,-2.75261,-1.32534,1.01104,-1.94698,1.10108,1.16772,2.20139,-2.75266,-1.32422,1.00895,-1.94565,1.10136,1.16858,2.20139,0.00101743,-0.0010797,4.39348e-05,-0.000440334,-0.000186915,-0.000205876,6.64532e-05,0,0,0,0,0,0,0,-0.22826,26.766,-24.6136,7.44724,0.830705,2.4996,0.071604,-0.191366,2.16395,-3.01472,1.87471,0.181539,0.909534,0.0560165
1724871,0.95,-2.75261,-1.32534,1.01104,-1.94698,1.10108,1.16772,2.20139,-2.75266,-1.32422,1.00895,-1.94565,1.10136,1.16858,2.20139,-0.000528139,-0.000719798,2.92899e-05,-0.000850368,0.000282291,0.000337467,0.00051902,0,0,0,0,0,0,0,-0.176685,26.766,-24.6136,7.47104,0.819719,2.48678,0.0587866,-0.193149,2.16623,-3.01522,1.87312,0.181475,0.909535,0.056465
1724872,0.95,-2.75261,-1.32534,1.01104,-1.94698,1.10108,1.16772,2.20138,-2.75266,-1.32422,1.00895,-1.94565,1.10136,1.16858,2.20139,0.000297521,0.00072656,0.000576339,-1.01002e-05,-1.52564e-05,0.000224978,-0.000840781,0,0,0,0,0,0,0,-0.204456,26.7144,-24.6374,7.44724,0.825212,2.48678,0.09083,-0.193592,2.16807,-3.01601,1.87258,0.181491,0.909548,0.056901
1724873,0.95,-2.75261,-1.32534,1.01105,-1.94698,1.10108,1.16772,2.20139,-2.75266,-1.32422,1.00895,-1.94565,1.10136,1.16858,2.20139,-0.00100808,0.000484374,0.000941038,0.000550078,0.00019328,-8.73735e-05,-8.5803e-05,0,0,0,0,0,0,0,-0.152882,26.7144,-24.6612,7.42344,0.819719,2.49319,0.0780126,-0.192315,2.16849,-3.01677,1.87294,0.181536,0.909527,0.057326
1724874,0.95,-2.75261,-1.32534,1.01104,-1.94698,1.10108,1.16772,2.20138,-2.75266,-1.32422,1.00895,-1.94565,1.10136,1.16858,2.20139,0.000534374,0.000322916,7.05465e-05,-0.000190093,-7.45975e-05,-5.8249e-05,-0.000294561,0,0,0,0,0,0,0,-0.204456,26.7144,-24.6374,7.44724,0.825212,2.49319,0.0844213,-0.190195,2.16795,-3.01743,1.87359,0.181564,0.909465,0.0577529
1724875,0.95,-2.75261,-1.32534,1.01105,-1.94698,1.10108,1.16772,2.20138,-2.75266,-1.32422,1.00895,-1.94565,1.10136,1.16858,2.20139,-0.000293365,-0.000341535,0.000603843,-0.000126729,-4.97316e-05,-0.000513551,0.000278344,0,0,0,0,0,0,0,-0.176685,26.7383,-24.6612,7.44724,0.825212,2.50601,0.071604,-0.18841,2.16735,-3.01793,1.87411,0.18157,0.909383,0.0581905
1724876,0.95,-2.75261,-1.32534,1.01104,-1.94698,1.10108,1.16772,2.20138,-2.75266,-1.32422,1.00895,-1.94565,1.10136,1.16858,2.20139,-0.000195577,0.000329122,-0.000711062,-0.000641298,0.000170296,-0.000105008,0.000185563,0,0,0,0,0,0,0,-0.176685,26.7144,-24.6136,7.47104,0.819719,2.4996,0.071604,-0.186802,2.16664,-3.01802,1.8747,0.181582,0.90928,0.0586379
1724877,0.95,-2.75261,-1.32534,1.01104,-1.94698,1.10108,1.16772,2.20138,-2.75266,-1.32422,1.00895,-1.94565,1.10136,1.16858,2.20139,-0.000130384,0.000219415,-0.00112366,-0.00163396,-0.00029337,-7.00054e-05,-0.000351009,0,0,0,0,0,0,0,-0.176685,26.7144,-24.5858,7.52262,0.830705,2.4996,0.0844213,-0.184355,2.16449,-3.01655,1.87617,0.181658,0.909101,0.0590867
1724878,0.95,-2.75261,-1.32534,1.01104,-1.94698,1.10108,1.16772,2.20138,-2.75266,-1.32422,1.00895,-1.94565,1.10136,1.16858,2.20139,0.000562691,-0.000410535,-0.000749103,0.000117121,-0.00019558,0.000428048,0.000240712,0,0,0,0,0,0,0,-0.204456,26.7383,-24.5858,7.47104,0.830705,2.48678,0.071604,-0.182038,2.16138,-3.01345,1.87798,0.181757,0.908852,0.0595285
1724879,0.95,-2.75261,-1.32534,1.01104,-1.94698,1.10108,1.16772,2.20139,-2.75266,-1.32422,1.00895,-1.94565,1.10136,1.16858,2.20139,-0.000274487,0.000283122,0.000707024,0.000634892,-0.000130387,-0.000426712,0.000635192,0,0,0,0,0,0,0,-0.176685,26.7144,-24.6374,7.44724,0.830705,2.50601,0.0587866,-0.181398,2.1594,-3.01059,1.87864,0.18177,0.908616,0.0599623
1724880,0.95,-2.75261,-1.32534,1.01105,-1.94698,1.10108,1.16772,2.20139,-2.75266,-1.32422,1.00895,-1.94565,1.10136,1.16858,2.20139,0.000466623,0.000188748,0.00223459,0.000423262,-0.000290375,0.000190243,0.000423462,0,0,0,0,0,0,0,-0.204456,26.7144,-24.7128,7.44724,0.836199,2.49319,0.0587866,-0.182109,2.15952,-3.01007,1.87802,0.181682,0.908514,0.0603821
1724881,0.95,-2.75261,-1.32534,1.01104,-1.94698,1.10108,1.16772,2.20139,-2.75266,-1.32422,1.00895,-1.94565,1.10136,1.16858,2.20139,-0.000338532,-0.00043098,-0.000830325,-0.000274638,9.86715e-06,-0.000347889,-0.00019241,0,0,0,0,0,0,0,-0.176685,26.7383,-24.6136,7.47104,0.830705,2.50601,0.071604,-0.18323,2.16105,-3.01161,1.87697,0.181571,0.908538,0.0607684
1724882,0.95,-2.75261,-1.32534,1.01104,-1.94698,1.10108,1.16772,2.20139,-2.75266,-1.32422,1.00895,-1.94565,1.10136,1.16858,2.20139,-0.0007825,0.000269492,-0.00055355,-0.000183092,0.000210029,-0.000469285,0.000109085,0,0,0,0,0,0,0,-0.152882,26.7144,-24.6136,7.47104,0.825212,2.51242,0.0651953,-0.183469,2.16184,-3.0124,1.87649,0.181529,0.908516,0.0611105
1724883,0.95,-2.75261,-1.32534,1.01104,-1.94698,1.10108,1.16772,2.20139,-2.75266,-1.32422,1.00895,-1.94565,1.10136,1.16858,2.20139,3.51453e-05,0.000179661,0.000187779,0.000434751,-0.000266882,0.00039922,0.00105607,0,0,0,0,0,0,0,-0.176685,26.7144,-24.6374,7.44724,0.836199,2.49319,0.038645,-0.182549,2.16116,-3.01173,1.87671,0.181553,0.908405,0.0614129
1724884,0.95,-2.75261,-1.32534,1.01104,-1.94698,1.10108,1.16772,2.20139,-2.75266,-1.32422,1.00895,-1.94565,1.10136,1.16858,2.20139,0.000673044,0.000769388,0.000125186,0.000289834,0.00043243,-0.00044593,-4.194e-05,0,0,0,0,0,0,0,-0.204456,26.6867,-24.6374,7.44724,0.819719,2.51242,0.0587866,-0.182263,2.16022,-3.0107,1.87656,0.181546,0.908304,0.0616684
1724885,0.95,-2.75261,-1.32534,1.01104,-1.94698,1.10108,1.16772,2.20139,-2.75266,-1.32422,1.00895,-1.94565,1.10136,1.16858,2.20139,-0.000200918,-0.0006935,-0.000473355,0.000193223,8.48363e-05,-5.99277e-05,-2.796e-05,0,0,0,0,0,0,0,-0.176685,26.7383,-24.6136,7.44724,0.825212,2.50601,0.0587866,-0.183301,2.15969,-3.00961,1.87568,0.181483,0.908243,0.0618601
1724886,0.95,-2.75261,-1.32534,1.01104,-1.94698,1.10108,1.16772,2.20138,-2.75266,-1.32422,1.00895,-1.94565,1.10136,1.16858,2.20139,-0.000690757,9.44783e-05,-0.00031557,0.000128815,0.000260008,-3.99518e-05,-0.000730717,0,0,0,0,0,0,0,-0.152882,26.7144,-24.6136,7.44724,0.819719,2.50601,0.0780126,-0.184242,2.1594,-3.00849,1.87478,0.181433,0.908195,0.0619888
1724887,0.95,-2.75261,-1.32534,1.01105,-1.94698,1.10108,1.16772,2.20139,-2.75266,-1.32422,1.00895,-1.94565,1.10136,1.16858,2.20139,-0.000460505,6.29855e-05,0.000903244,0.000642689,-0.000233562,-2.66345e-05,0.00120828,0,0,0,0,0,0,0,-0.152882,26.7144,-24.6612,7.42344,0.830705,2.50601,0.0322363,-0.184031,2.15911,-3.00784,1.87436,0.181421,0.908174,0.0620771
1724888,0.95,-2.75261,-1.32534,1.01105,-1.94698,1.10108,1.16772,2.20139,-2.75266,-1.32422,1.00895,-1.94565,1.10136,1.16858,2.20139,0.000899423,0.000691604,4.53507e-05,-0.000128353,-0.000155708,-1.77564e-05,0.000296891,0,0,0,0,0,0,0,-0.204456,26.6867,-24.6374,7.44724,0.830705,2.50601,0.0459692,-0.1837,2.15896,-3.0079,1.87399,0.181399,0.908227,0.0621365
1724889,0.95,-2.75261,-1.32534,1.01104,-1.94698,1.10108,1.16772,2.20139,-2.75266,-1.32422,1.00895,-1.94565,1.10136,1.16858,2.20139,-4.99988e-05,-0.000745356,-0.000526578,-0.000642381,9.9645e-05,-1.18376e-05,0.000197928,0,0,0,0,0,0,0,-0.176685,26.7383,-24.6136,7.47104,0.825212,2.50601,0.0459692,-0.184192,2.15889,-3.00786,1.87347,0.181365,0.908335,0.0621488
1724890,0.95,-2.75261,-1.32534,1.01105,-1.94698,1.10108,1.16772,2.20139,-2.75266,-1.32422,1.00895,-1.94565,1.10136,1.16858,2.20139,-0.000590144,5.99077e-05,0.00020576,0.000128558,-0.00013702,-7.89172e-06,-0.000342766,0,0,0,0,0,0,0,-0.152882,26.7144,-24.6374,7.44724,0.830705,2.50601,0.0587866,-0.184464,2.15876,-3.00758,1.8733,0.181374,0.908454,0.0621009
1724891,0.95,-2.75261,-1.32534,1.01104,-1.94698,1.10108,1.16772,2.20139,-2.75266,-1.32422,1.00895,-1.94565,1.10136,1.16858,2.20139,0.000163382,3.99385e-05,-0.000419639,8.57055e-05,0.000315554,0.000232098,0.000754833,0,0,0,0,0,0,0,-0.176685,26.7144,-24.6136,7.44724,0.819719,2.4996,0.0322363,-0.184021,2.15846,-3.00728,1.87343,0.181412,0.908564,0.0620017
1724892,0.95,-2.75261,-1.32534,1.01104,-1.94697,1.10108,1.16772,2.20139,-2.75266,-1.32422,1.00895,-1.94565,1.10136,1.16858,2.20139,0.000108922,-0.0011798,-0.000929373,0.000613949,6.91884e-06,-0.000319986,0.000503222,0,0,0,0,0,0,0,-0.176685,26.766,-24.5858,7.42344,0.825212,2.51242,0.0322363,-0.184292,2.15845,-3.00658,1.87294,0.181406,0.908644,0.0618555
1724893,0.95,-2.75261,-1.32534,1.01104,-1.94698,1.10108,1.16772,2.20139,-2.75266,-1.32422,1.00895,-1.94565,1.10136,1.16858,2.20139,7.26144e-05,0.000419892,0.000586844,-0.000704325,-0.000198838,2.40349e-05,-0.000173145,0,0,0,0,0,0,0,-0.176685,26.7144,-24.6374,7.47104,0.830705,2.50601,0.0459692,-0.185414,2.15907,-3.00583,1.8719,0.181363,0.908731,0.0616537
1724894,0.95,-2.75261,-1.32534,1.01105,-1.94698,1.10108,1.16772,2.20139,-2.75266,-1.32422,1.00895,-1.94565,1.10136,1.16858,2.20139,4.84096e-05,-0.000276884,0.00159766,-0.00046955,-0.000132559,0.000253382,0.000630555,0,0,0,0,0,0,0,-0.176685,26.7383,-24.689,7.47104,0.830705,2.4996,0.0258276,-0.185823,2.15994,-3.00638,1.87151,0.181358,0.908931,0.0613973
1724895,0.96,-2.75261,-1.32534,1.01105,-1.94698,1.10108,1.16772,2.20139,-2.75266,-1.32422,1.00895,-1.94565,1.10136,1.16858,2.20139,-0.00117415,-0.000184589,-0.000141322,-0.000313033,0.000115078,0.000168921,-0.000800333,0,0,0,0,0,0,0,-0.125111,26.7383,-24.6374,7.47104,0.825212,2.4996,0.0587866,-0.184621,2.16079,-3.00838,1.87218,0.181429,0.909224,0.0610917
1724896,0.97,-2.75261,-1.32534,1.01104,-1.94698,1.10108,1.16772,2.20139,-2.75266,-1.32422,1.00895,-1.94565,1.10136,1.16858,2.20139,-0.000133155,0.00164018,-0.000651027,0.000348123,-0.000126732,0.000349973,-5.88374e-05,0,0,0,0,0,0,0,-0.152882,26.6629,-24.6136,7.44724,0.830705,2.49319,0.0459692,-0.181801,2.16,-3.00935,1.87367,0.181545,0.909417,0.0607438
1724897,0.98,-2.75261,-1.32534,1.01104,-1.94698,1.10108,1.16772,2.20139,-2.75266,-1.32422,1.00895,-1.94565,1.10136,1.16858,2.20139,0.00167447,-0.000669786,-0.000434018,-0.00032473,-8.44879e-05,-4.04343e-06,-0.000276584,0,0,0,0,0,0,0,-0.22826,26.7383,-24.6136,7.47104,0.830705,2.4996,0.0523779,-0.179926,2.15773,-3.00807,1.87466,0.1816,0.909468,0.0603724
1724898,0.98,-2.75261,-1.32534,1.01105,-1.94698,1.10108,1.16772,2.20139,-2.75266,-1.32422,1.00895,-1.94565,1.10136,1.16858,2.20139,-0.000646926,-0.000446524,0.000267467,-0.00142291,0.000147125,0.000234663,-0.000659107,0,0,0,0,0,0,0,-0.152882,26.7383,-24.6374,7.52262,0.825212,2.49319,0.0651953,-0.180238,2.15645,-3.00654,1.87474,0.1816,0.909523,0.0599956
1724899,0.98,-2.75261,-1.32534,1.01104,-1.94698,1.10108,1.16772,2.20138,-2.75266,-1.32422,1.00895,-1.94565,1.10136,1.16858,2.20139,-0.000431284,-0.000947296,-0.000378501,0.00137144,-0.000512268,-0.000318276,-0.00115148,0,0,0,0,0,0,0,-0.152882,26.766,-24.6136,7.42344,0.841692,2.50601,0.0844213,-0.180561,2.15658,-3.00611,1.87478,0.181629,0.909607,0.0596331
1724900,0.98,-2.75261,-1.32534,1.01104,-1.94698,1.10108,1.16772,2.20138,-2.75266,-1.32422,1.00895,-1.94565,1.10136,1.16858,2.20139,-0.000287523,-0.000631531,-0.000252334,-0.000848944,0.0009131,0.000262534,-0.00100501,0,0,0,0,0,0,0,-0.152882,26.766,-24.6136,7.49881,0.807817,2.49319,0.09083,-0.180551,2.15759,-3.00624,1.87457,0.181659,0.909652,0.0593161
1724901,0.98,-2.75261,-1.32534,1.01105,-1.94698,1.10108,1.16772,2.20139,-2.75266,-1.32422,1.00895,-1.94565,1.10136,1.16858,2.20139,0.00036513,0.000228593,0.000945401,8.36516e-05,-3.5527e-05,-0.000299695,0.000516786,0,0,0,0,0,0,0,-0.176685,26.7383,-24.6612,7.47104,0.825212,2.50601,0.0587866,-0.180617,2.15893,-3.00673,1.87425,0.181673,0.909702,0.0590854
1724902,0.98,-2.75261,-1.32534,1.01104,-1.94698,1.10108,1.16772,2.20138,-2.75266,-1.32422,1.00895,-1.94565,1.10136,1.16858,2.20139,0.00024342,0.000152396,7.34556e-05,0.00061258,-0.000227135,3.75622e-05,-0.000367553,0,0,0,0,0,0,0,-0.176685,26.7383,-24.6374,7.44724,0.830705,2.4996,0.0780126,-0.18108,2.16023,-3.00759,1.87383,0.181644,0.909787,0.0589572
1724903,0.98,-2.75261,-1.32534,1.01104,-1.94698,1.10108,1.16772,2.20138,-2.75266,-1.32422,1.00895,-1.94565,1.10136,1.16858,2.20139,-0.000394532,-0.000548017,4.89704e-05,-0.000148425,0.000255478,-0.000212317,-0.000957112,0,0,0,0,0,0,0,-0.152882,26.766,-24.6374,7.47104,0.819719,2.50601,0.0972387,-0.181932,2.16142,-3.00834,1.8731,0.181563,0.909857,0.058915
1724904,0.98,-2.75261,-1.32534,1.01104,-1.94698,1.10108,1.16772,2.20138,-2.75266,-1.32422,1.00895,-1.94565,1.10136,1.16858,2.20139,0.000293791,0.000284269,-0.000524165,-9.89503e-05,-3.31321e-05,-0.000141545,-0.000163357,0,0,0,0,0,0,0,-0.176685,26.7383,-24.6136,7.47104,0.825212,2.50601,0.0844213,-0.182369,2.1621,-3.00847,1.87265,0.181494,0.909885,0.0589557
1724905,0.98,-2.75261,-1.32534,1.01104,-1.94698,1.10108,1.16772,2.20138,-2.75266,-1.32422,1.00895,-1.94565,1.10136,1.16858,2.20139,0.000845474,0.000189513,-0.000999057,0.00104766,-0.000225539,0.000380355,-0.000108905,0,0,0,0,0,0,0,-0.204456,26.7383,-24.5858,7.42344,0.830705,2.49319,0.0844213,-0.183325,2.16198,-3.00719,1.87199,0.181392,0.909838,0.059088
1724906,0.98,-2.75261,-1.32534,1.01104,-1.94698,1.10108,1.16772,2.20138,-2.75266,-1.32422,1.00895,-1.94565,1.10136,1.16858,2.20139,-8.59643e-05,0.000683154,-1.64243e-05,0.000141626,5.30915e-05,1.62108e-05,0.000639474,0,0,0,0,0,0,0,-0.176685,26.7144,-24.6136,7.44724,0.825212,2.4996,0.0651953,-0.185214,2.16121,-3.00459,1.87074,0.181227,0.909717,0.059307
1724907,0.98,-2.75261,-1.32534,1.01105,-1.94698,1.10108,1.16772,2.20138,-2.75266,-1.32422,1.00895,-1.94565,1.10136,1.16858,2.20139,-5.73096e-05,-0.00075099,0.000545862,9.44174e-05,-0.000371507,1.08072e-05,-0.000760479,0,0,0,0,0,0,0,-0.176685,26.766,-24.6374,7.44724,0.836199,2.4996,0.0972387,-0.186517,2.1605,-3.00253,1.86978,0.181088,0.909621,0.0595946
1724908,0.98,-2.75261,-1.32534,1.01104,-1.94698,1.10108,1.16772,2.20138,-2.75266,-1.32422,1.00895,-1.94565,1.10136,1.16858,2.20139,-0.000595018,0.00135538,-0.000192904,6.29449e-05,0.00036268,7.20478e-06,0.00044245,0,0,0,0,0,0,0,-0.152882,26.6867,-24.6136,7.44724,0.819719,2.4996,0.071604,-0.186208,2.15988,-3.00165,1.86975,0.181036,0.909583,0.0599336
1724909,0.98,-2.75261,-1.32534,1.01105,-1.94698,1.10108,1.16772,2.20138,-2.75266,-1.32422,1.00895,-1.94565,1.10136,1.16858,2.20139,-0.000396679,0.000903587,0.00042821,0.000598775,-0.000165114,0.000242162,-0.000891828,0,0,0,0,0,0,0,-0.152882,26.6867,-24.6374,7.42344,0.830705,2.49319,0.103647,-0.184061,2.15799,-3.00073,1.87072,0.181053,0.909527,0.0603186
1724910,0.98,-2.75261,-1.32534,1.01105,-1.94698,1.10108,1.16772,2.20138,-2.75266,-1.32422,1.00895,-1.94565,1.10136,1.16858,2.20139,-0.000264453,-4.72229e-05,0.000842285,-0.00136405,9.33744e-05,-0.000550635,0.000117525,0,0,0,0,0,0,0,-0.152882,26.7144,-24.6612,7.49881,0.825212,2.51242,0.0844213,-0.180646,2.15547,-3.00021,1.87251,0.181132,0.909497,0.0607469
1724911,0.98,-2.75261,-1.32534,1.01105,-1.94698,1.10108,1.16772,2.20138,-2.75266,-1.32422,1.00895,-1.94565,1.10136,1.16858,2.20139,0.00038051,-3.14819e-05,0.000561523,-0.00090937,-0.000141201,0.000107628,-0.000159009,0,0,0,0,0,0,0,-0.176685,26.7144,-24.6612,7.49881,0.830705,2.4996,0.09083,-0.177075,2.15396,-3.00115,1.87482,0.181278,0.909589,0.0612189
1724912,0.98,-2.75261,-1.32534,1.01104,-1.94698,1.10108,1.16772,2.20139,-2.75266,-1.32422,1.00895,-1.94565,1.10136,1.16858,2.20139,0.000253673,-0.0005778,-0.000739275,4.33676e-05,-9.41339e-05,7.17517e-05,0.00108079,0,0,0,0,0,0,0,-0.176685,26.7383,-24.6136,7.47104,0.830705,2.4996,0.0587866,-0.174824,2.1537,-3.00251,1.87666,0.181421,0.909732,0.061726
1724913,0.98,-2.75261,-1.32534,1.01105,-1.94698,1.10108,1.16772,2.20139,-2.75266,-1.32422,1.00895,-1.94565,1.10136,1.16858,2.20139,0.000169116,0.000171612,0.0018272,-0.000620702,-0.000266206,-0.000426883,0.00119524,0,0,0,0,0,0,0,-0.176685,26.7144,-24.7128,7.49881,0.836199,2.51242,0.0459692,-0.17425,2.15457,-3.00395,1.87748,0.181506,0.909878,0.062245
1724914,0.98,-2.75261,-1.32534,1.01105,-1.94698,1.10108,1.16772,2.20138,-2.75266,-1.32422,1.00895,-1.94565,1.10136,1.16858,2.20139,0.000112744,-0.000442404,-0.000545105,0.000235812,0.00022943,-0.000284589,-0.000627325,0,0,0,0,0,0,0,-0.176685,26.7383,-24.6374,7.47104,0.825212,2.51242,0.0844213,-0.17446,2.15623,-3.00598,1.87774,0.181557,0.910058,0.0627375
1724915,0.98,-2.75261,-1.32534,1.01105,-1.94698,1.10108,1.16772,2.20139,-2.75266,-1.32422,1.00895,-1.94565,1.10136,1.16858,2.20139,-0.000481649,-0.000294936,0.000193409,0.000157208,0.000356404,4.7633e-05,0.00100594,0,0,0,0,0,0,0,-0.152882,26.7383,-24.6612,7.47104,0.819719,2.50601,0.0459692,-0.175008,2.15796,-3.00768,1.87756,0.18158,0.910203,0.0631728
1724916,0.98,-2.75261,-1.32534,1.01105,-1.94698,1.10108,1.16772,2.20139,-2.75266,-1.32422,1.00895,-1.94565,1.10136,1.16858,2.20139,0.000235712,0.000360188,0.000128939,-0.000544808,3.41521e-05,3.17553e-05,0.000195907,0,0,0,0,0,0,0,-0.176685,26.7144,-24.6612,7.49881,0.825212,2.50601,0.0587866,-0.175301,2.15906,-3.00857,1.87737,0.181595,0.910289,0.063548
1724917,0.98,-2.75261,-1.32534,1.01104,-1.94698,1.10108,1.16772,2.20139,-2.75266,-1.32422,1.00895,-1.94565,1.10136,1.16858,2.20139,-0.00104928,-0.000966301,-0.000470852,-0.000363206,-0.000384133,0.000495888,0.000605323,0,0,0,0,0,0,0,-0.125111,26.766,-24.6374,7.49881,0.836199,2.49319,0.0459692,-0.174664,2.15934,-3.00893,1.87782,0.181648,0.910345,0.0638555
1724918,0.98,-2.75261,-1.32534,1.01105,-1.94698,1.10108,1.16772,2.20139,-2.75266,-1.32422,1.00895,-1.94565,1.10136,1.16858,2.20139,-0.000699523,0.000562226,0.00024291,0.000964289,-5.26381e-05,-0.000144126,0.000166189,0,0,0,0,0,0,0,-0.125111,26.7144,-24.6612,7.44724,0.830705,2.50601,0.0523779,-0.172968,2.15904,-3.0089,1.87871,0.181733,0.910346,0.064083
1724919,0.98,-2.75261,-1.32534,1.01105,-1.94698,1.10108,1.16772,2.20139,-2.75266,-1.32422,1.00895,-1.94565,1.10136,1.16858,2.20139,0.000740077,-0.000181995,0.00016194,0.000642859,-3.50921e-05,0.000141275,0.000856778,0,0,0,0,0,0,0,-0.176685,26.7383,-24.6612,7.44724,0.830705,2.4996,0.0322363,-0.171839,2.1588,-3.00874,1.87893,0.181753,0.910316,0.0642268
1724920,0.98,-2.75261,-1.32534,1.01105,-1.94698,1.10108,1.16772,2.20139,-2.75266,-1.32422,1.00895,-1.94565,1.10136,1.16858,2.20139,0.000493385,0.000435482,0.00010796,-0.00133467,0.000383506,9.41834e-05,6.25592e-05,0,0,0,0,0,0,0,-0.176685,26.7144,-24.6612,7.52262,0.819719,2.4996,0.0459692,-0.172429,2.15893,-3.00855,1.87835,0.181701,0.910323,0.0642831
1724921,0.98,-2.75261,-1.32534,1.01104,-1.94698,1.10108,1.16772,2.20139,-2.75266,-1.32422,1.00895,-1.94565,1.10136,1.16858,2.20139,0.000978537,0.000939935,-0.000484839,0.000873461,5.22204e-05,-0.00017457,-0.000433012,0,0,0,0,0,0,0,-0.204456,26.6867,-24.6374,7.44724,0.825212,2.50601,0.0587866,-0.173994,2.15851,-3.00774,1.87776,0.181631,0.91035,0.0642496
1724922,0.98,-2.75261,-1.32534,1.01104,-1.94698,1.10108,1.16772,2.20139,-2.75266,-1.32422,1.00895,-1.94565,1.10136,1.16858,2.20139,-0.000554068,-0.00178623,-0.000880038,0.000582307,3.48136e-05,-0.00011638,0.000457311,0,0,0,0,0,0,0,-0.152882,26.7898,-24.6136,7.44724,0.825212,2.50601,0.038645,-0.176431,2.1581,-3.00623,1.87662,0.181513,0.910329,0.0641346
1724923,0.98,-2.75261,-1.32534,1.01105,-1.94698,1.10108,1.16772,2.20139,-2.75266,-1.32422,1.00895,-1.94565,1.10136,1.16858,2.20139,0.000187433,0.000572419,0.00117655,-0.000168607,2.3209e-05,-0.000314946,0.000542233,0,0,0,0,0,0,0,-0.176685,26.7144,-24.689,7.47104,0.825212,2.51242,0.0322363,-0.178855,2.15887,-3.0055,1.87513,0.181387,0.910316,0.0639569
1724924,0.98,-2.75261,-1.32534,1.01105,-1.94698,1.10108,1.16772,2.20139,-2.75266,-1.32422,1.00895,-1.94565,1.10136,1.16858,2.20139,-0.000431856,0.000381613,0.000784364,0.000444407,-0.000391428,2.73952e-05,0.000836206,0,0,0,0,0,0,0,-0.152882,26.7144,-24.689,7.44724,0.836199,2.50601,0.0194189,-0.179774,2.15989,-3.00635,1.87446,0.181318,0.910398,0.0637255
1724925,0.98,-2.75261,-1.32534,1.01105,-1.94698,1.10108,1.16772,2.20139,-2.75266,-1.32422,1.00895,-1.94565,1.10136,1.16858,2.20139,-0.000287904,-0.000302404,-0.000126705,0.000296272,0.000145949,1.82635e-05,-0.000663232,0,0,0,0,0,0,0,-0.152882,26.7383,-24.6612,7.44724,0.825212,2.50601,0.0523779,-0.17932,2.1604,-3.00788,1.87452,0.181295,0.910524,0.0634267
1724926,0.98,-2.75261,-1.32534,1.01105,-1.94698,1.10108,1.16772,2.20139,-2.75266,-1.32422,1.00895,-1.94565,1.10136,1.16858,2.20139,-0.00084155,0.00035521,-0.000641282,0.000197514,-0.000106151,0.000249535,0.00030383,0,0,0,0,0,0,0,-0.125111,26.7144,-24.6374,7.44724,0.830705,2.4996,0.0322363,-0.177887,2.16011,-3.00873,1.87499,0.181313,0.91059,0.0630551
1724927,0.98,-2.75261,-1.32534,1.01105,-1.94698,1.10108,1.16772,2.20139,-2.75266,-1.32422,1.00895,-1.94565,1.10136,1.16858,2.20139,0.000645393,-0.000320006,0.000778905,-0.000425136,0.000132683,0.000166356,0.000677272,0,0,0,0,0,0,0,-0.176685,26.7383,-24.689,7.47104,0.825212,2.4996,0.0194189,-0.176034,2.15924,-3.00891,1.87576,0.181367,0.910619,0.0626288
1724928,0.98,-2.75261,-1.32534,1.01105,-1.94698,1.10108,1.16772,2.20139,-2.75266,-1.32422,1.00895,-1.94565,1.10136,1.16858,2.20139,0.000430262,0.000993089,-0.000687156,-0.000283424,8.84553e-05,-0.000126455,-0.00124391,0,0,0,0,0,0,0,-0.176685,26.6867,-24.6374,7.47104,0.825212,2.50601,0.0651953,-0.174927,2.15834,-3.00895,1.87645,0.181415,0.91068,0.0621557
1724929,0.98,-2.75261,-1.32534,1.01105,-1.94698,1.10108,1.16772,2.20139,-2.75266,-1.32422,1.00895,-1.94565,1.10136,1.16858,2.20139,0.000286841,1.24453e-05,-0.000458104,-0.000838563,-0.000347931,-0.000321662,0.000391432,0,0,0,0,0,0,0,-0.176685,26.7144,-24.6374,7.49881,0.836199,2.51242,0.0322363,-0.17441,2.15673,-3.0081,1.87724,0.181462,0.910731,0.061645
1724930,0.99,-2.75261,-1.32534,1.01104,-1.94698,1.10108,1.16772,2.20139,-2.75266,-1.32422,1.00895,-1.94565,1.10136,1.16858,2.20139,-0.000365585,-0.00119813,-0.000305403,9.05718e-05,0.000174947,-0.000214441,-0.000247672,0,0,0,0,0,0,0,-0.152882,26.766,-24.6374,7.47104,0.825212,2.51242,0.0459692,-0.173955,2.15522,-3.00698,1.87811,0.18153,0.91077,0.0611208
1724931,0.99,-2.75261,-1.32534,1.01105,-1.94698,1.10108,1.16772,2.20139,-2.75266,-1.32422,1.00895,-1.94565,1.10136,1.16858,2.20139,0.000313089,0.000407673,0.00035321,-0.000589233,-8.68191e-05,9.4398e-05,0.000343512,0,0,0,0,0,0,0,-0.176685,26.7144,-24.6612,7.49881,0.830705,2.50601,0.0322363,-0.173655,2.15499,-3.00682,1.87872,0.181606,0.910856,0.0605952
1724932,1,-2.75261,-1.32534,1.01105,-1.94698,1.10108,1.16771,2.20139,-2.75266,-1.32422,1.00895,-1.94565,1.10136,1.16858,2.20139,0.00085834,-0.00028503,0.000885087,-0.000392822,-5.78794e-05,-0.000174427,-0.000279618,0,0,0,0,0,0,0,-0.204456,26.7383,-24.689,7.49881,0.830705,2.51242,0.0459692,-0.173822,2.15563,-3.00777,1.87911,0.181662,0.911031,0.0600721
1724933,1,-2.75261,-1.32534,1.01105,-1.94698,1.10108,1.16772,2.20139,-2.75266,-1.32422,1.00895,-1.94565,1.10136,1.16858,2.20139,-0.000634199,-0.00019002,0.00114687,0.000944545,-0.000242037,0.000121074,8.48551e-05,0,0,0,0,0,0,0,-0.152882,26.7383,-24.7128,7.44724,0.836199,2.50601,0.038645,-0.174607,2.15731,-3.01012,1.87905,0.181678,0.911305,0.0595529
1724934,1,-2.75261,-1.32534,1.01104,-1.94698,1.10108,1.16772,2.20139,-2.75266,-1.32422,1.00895,-1.94565,1.10136,1.16858,2.20139,-0.0004228,0.000430132,-0.000998658,-0.000576729,4.20927e-05,0.000318075,5.65701e-05,0,0,0,0,0,0,0,-0.152882,26.7144,-24.6374,7.49881,0.830705,2.4996,0.038645,-0.174657,2.15882,-3.01266,1.87904,0.181699,0.911551,0.0590404
1724935,1,-2.75261,-1.32534,1.01105,-1.94698,1.10108,1.16772,2.20138,-2.75266,-1.32422,1.00895,-1.94565,1.10136,1.16858,2.20139,-0.000281866,-0.000270057,0.00109747,0.00082194,-0.000175389,-0.000262668,-0.00165771,0,0,0,0,0,0,0,-0.152882,26.7383,-24.7128,7.44724,0.836199,2.51242,0.0844213,-0.173491,2.15901,-3.01413,1.87957,0.181763,0.911697,0.0585379
1724936,1,-2.75261,-1.32534,1.01105,-1.94698,1.10108,1.16772,2.20139,-2.75266,-1.32422,1.00895,-1.94565,1.10136,1.16858,2.20139,0.00101851,-0.000180038,0.000174832,0.00054796,8.65247e-05,0.000536965,8.16563e-05,0,0,0,0,0,0,0,-0.204456,26.7383,-24.689,7.44724,0.830705,2.49319,0.0523779,-0.173311,2.1597,-3.01563,1.87937,0.181782,0.911837,0.0580614
1724937,1,-2.75261,-1.32534,1.01105,-1.94698,1.10108,1.16772,2.20139,-2.75266,-1.32422,1.00895,-1.94565,1.10136,1.16858,2.20139,2.93961e-05,0.000436787,-0.000533059,-0.000191505,0.000261134,-0.0003541,-0.000182921,0,0,0,0,0,0,0,-0.176685,26.7144,-24.6612,7.47104,0.825212,2.51242,0.0587866,-0.174841,2.16088,-3.01683,1.87822,0.181737,0.911967,0.0576428
1724938,1,-2.75261,-1.32534,1.01105,-1.94698,1.10108,1.16772,2.20139,-2.75266,-1.32422,1.00895,-1.94565,1.10136,1.16858,2.20139,-0.000537215,0.000291191,-0.000912185,-0.0013341,-0.000232812,-0.000236067,0.000115411,0,0,0,0,0,0,0,-0.152882,26.7144,-24.6374,7.52262,0.836199,2.51242,0.0523779,-0.175323,2.16016,-3.01632,1.87812,0.181774,0.912006,0.0572963
1724939,1,-2.75261,-1.32534,1.01105,-1.94698,1.10108,1.16772,2.20138,-2.75266,-1.32422,1.00895,-1.94565,1.10136,1.16858,2.20139,-0.000358143,-0.0010123,0.000598303,0.000317028,0.000455144,7.99811e-05,-0.00110985,0,0,0,0,0,0,0,-0.152882,26.766,-24.689,7.47104,0.819719,2.50601,0.0844213,-0.173751,2.15825,-3.01528,1.8795,0.181934,0.912008,0.0570136
1724940,1,-2.75261,-1.32534,1.01105,-1.94698,1.10108,1.16771,2.20138,-2.75266,-1.32422,1.00895,-1.94565,1.10136,1.16858,2.20139,-0.000238762,-2.52518e-05,0.000398868,0.000211352,-0.000103472,-0.000184038,-2.78257e-05,0,0,0,0,0,0,0,-0.152882,26.7383,-24.689,7.47104,0.830705,2.51242,0.0651953,-0.172071,2.15764,-3.01564,1.88073,0.182095,0.912076,0.0567923
1724941,1,-2.75261,-1.32534,1.01105,-1.94698,1.10108,1.16772,2.20138,-2.75266,-1.32422,1.00895,-1.94565,1.10136,1.16858,2.20139,0.000397637,0.000539977,0.000265912,-0.000508712,0.000134469,-0.000122692,-0.000493268,0,0,0,0,0,0,0,-0.176685,26.7144,-24.689,7.49881,0.825212,2.51242,0.0780126,-0.171004,2.15785,-3.01689,1.88147,0.182203,0.912206,0.0566465
1724942,1,-2.75261,-1.32534,1.01105,-1.94698,1.10108,1.16772,2.20138,-2.75266,-1.32422,1.00895,-1.94565,1.10136,1.16858,2.20139,0.000265092,-0.000196827,-0.00102915,0.000310472,-0.000113804,0.000155564,-9.14866e-05,0,0,0,0,0,0,0,-0.176685,26.7383,-24.6374,7.47104,0.830705,2.50601,0.071604,-0.17063,2.15752,-3.01739,1.88201,0.182269,0.912322,0.0565804
1724943,1,-2.75261,-1.32534,1.01105,-1.94698,1.10108,1.16772,2.20138,-2.75266,-1.32422,1.00895,-1.94565,1.10136,1.16858,2.20139,0.000826342,-0.000131218,-0.000129289,0.000763794,0.000127581,0.000103709,-0.00029835,0,0,0,0,0,0,0,-0.204456,26.7383,-24.6612,7.44724,0.825212,2.50601,0.0780126,-0.171925,2.15731,-3.01682,1.88153,0.182246,0.912386,0.0565861
1724944,1,-2.75261,-1.32534,1.01105,-1.94698,1.10108,1.16771,2.20138,-2.75266,-1.32422,1.00895,-1.94565,1.10136,1.16858,2.20139,-9.87195e-05,0.000469333,-8.61925e-05,-0.00125404,-0.000321847,-0.000405578,-0.00114834,0,0,0,0,0,0,0,-0.176685,26.7144,-24.6612,7.52262,0.836199,2.51882,0.103647,-0.174,2.1573,-3.01598,1.88064,0.182183,0.912446,0.0566629
1724945,1,-2.75261,-1.32534,1.01105,-1.94698,1.10108,1.16772,2.20138,-2.75266,-1.32422,1.00895,-1.94565,1.10136,1.16858,2.20139,-6.5813e-05,0.000312889,-5.74617e-05,-0.000279216,-1.11142e-05,-3.30266e-05,-5.34804e-05,0,0,0,0,0,0,0,-0.176685,26.7144,-24.6612,7.49881,0.830705,2.51242,0.0844213,-0.17448,2.15638,-3.01531,1.88102,0.182207,0.912544,0.0568238
1724946,1,-2.75261,-1.32534,1.01105,-1.94698,1.10108,1.16772,2.20138,-2.75266,-1.32422,1.00895,-1.94565,1.10136,1.16858,2.20139,-4.38753e-05,0.000208593,0.00116812,0.00102028,0.000196041,-0.000259377,0.000676423,0,0,0,0,0,0,0,-0.176685,26.7144,-24.7128,7.44724,0.825212,2.51882,0.0651953,-0.173838,2.1553,-3.0154,1.88203,0.182272,0.912688,0.0570794
1724947,1,-2.75261,-1.32534,1.01105,-1.94698,1.10108,1.16772,2.20138,-2.75266,-1.32422,1.00895,-1.94565,1.10136,1.16858,2.20139,0.000620364,-0.00041775,0.000221933,0.000123376,-7.27565e-05,0.0003018,-0.000261128,0,0,0,0,0,0,0,-0.204456,26.7383,-24.689,7.47104,0.830705,2.50601,0.0844213,-0.174136,2.1557,-3.01689,1.88207,0.182267,0.912907,0.0574107
1724948,1,-2.75261,-1.32534,1.01105,-1.94698,1.10108,1.16772,2.20138,-2.75266,-1.32422,1.00895,-1.94565,1.10136,1.16858,2.20139,-0.00079285,0.000278312,-0.00105847,-0.000567363,-0.000251955,0.000438559,-0.000886162,0,0,0,0,0,0,0,-0.152882,26.7144,-24.6374,7.49881,0.836199,2.4996,0.103647,-0.174718,2.15645,-3.01834,1.88188,0.182255,0.913118,0.057788
1724949,1,-2.75261,-1.32534,1.01105,-1.94698,1.10108,1.16771,2.20138,-2.75266,-1.32422,1.00895,-1.94565,1.10136,1.16858,2.20139,-0.000528567,-0.000371271,0.00105759,0.000271372,0.000442382,5.50137e-05,0.00059602,0,0,0,0,0,0,0,-0.152882,26.7383,-24.7128,7.47104,0.819719,2.50601,0.071604,-0.173765,2.15622,-3.0191,1.88263,0.182329,0.913263,0.0582105
1724950,1,-2.75261,-1.32534,1.01105,-1.94698,1.10108,1.16772,2.20139,-2.75266,-1.32422,1.00895,-1.94565,1.10136,1.16858,2.20139,0.000204434,0.000309298,-0.00105818,-0.000468699,0.000294921,-0.000200683,0.000634706,0,0,0,0,0,0,0,-0.176685,26.7144,-24.6374,7.49881,0.819719,2.51242,0.0651953,-0.172,2.15566,-3.01984,1.88384,0.182438,0.913384,0.0586831
1724951,1,-2.75261,-1.32534,1.01105,-1.94698,1.10108,1.16772,2.20139,-2.75266,-1.32422,1.00895,-1.94565,1.10136,1.16858,2.20139,-0.000420523,0.000206199,0.00105779,-0.000312466,-0.000413737,-0.000371148,0.000660496,0,0,0,0,0,0,0,-0.152882,26.7144,-24.7128,7.49881,0.836199,2.51882,0.0587866,-0.170322,2.15486,-3.02041,1.88518,0.182542,0.913506,0.0591821
1724952,1,-2.75261,-1.32534,1.01105,-1.94698,1.10108,1.16772,2.20138,-2.75266,-1.32422,1.00895,-1.94565,1.10136,1.16858,2.20139,0.000276464,-0.000419346,-0.000501235,-0.000765123,-7.23745e-05,-1.00728e-05,-0.000509105,0,0,0,0,0,0,0,-0.176685,26.7383,-24.6612,7.52262,0.830705,2.51242,0.0844213,-0.168644,2.15408,-3.0212,1.88677,0.182654,0.913663,0.0596709
1724953,1,-2.75261,-1.32534,1.01105,-1.94698,1.10108,1.16772,2.20138,-2.75266,-1.32422,1.00895,-1.94565,1.10136,1.16858,2.20139,-0.000372503,-0.000279564,-0.000334157,0.000696344,-4.82496e-05,0.000230644,0.000135314,0,0,0,0,0,0,0,-0.152882,26.7383,-24.6612,7.47104,0.830705,2.50601,0.071604,-0.167673,2.15387,-3.022,1.88796,0.18274,0.913827,0.0601283
1724954,1,-2.75261,-1.32534,1.01105,-1.94698,1.10108,1.16772,2.20139,-2.75266,-1.32422,1.00895,-1.94565,1.10136,1.16858,2.20139,-0.000248335,-0.00083599,0.000426843,-0.000185385,-3.21664e-05,0.000391121,0.00178563,0,0,0,0,0,0,0,-0.152882,26.766,-24.689,7.49881,0.830705,2.4996,0.0258276,-0.167559,2.15447,-3.02277,1.88837,0.182778,0.913963,0.0605563
1724955,1,-2.75262,-1.32534,1.01105,-1.94697,1.10108,1.16772,2.20139,-2.75266,-1.32422,1.00895,-1.94565,1.10136,1.16858,2.20139,-0.00137198,0.000649099,-0.000365052,0.00219646,-0.000428345,2.33887e-05,0.000444435,0,0,0,0,0,0,0,-0.101307,26.7144,-24.6612,7.39963,0.841692,2.50601,0.0459692,-0.167411,2.15549,-3.02381,1.88823,0.182779,0.914059,0.0609407
1724956,1,-2.75261,-1.32534,1.01105,-1.94698,1.10108,1.16772,2.20139,-2.75266,-1.32422,1.00895,-1.94565,1.10136,1.16858,2.20139,0.0014982,-0.000773693,0.000406246,-0.000855743,0.000765597,0.000252951,-0.000178428,0,0,0,0,0,0,0,-0.204456,26.766,-24.689,7.49881,0.81331,2.4996,0.0587866,-0.167726,2.15651,-3.02466,1.88747,0.182728,0.914115,0.0612431
1724957,1,-2.75261,-1.32534,1.01105,-1.94698,1.10108,1.16772,2.20139,-2.75266,-1.32422,1.00895,-1.94565,1.10136,1.16858,2.20139,0.000349184,0.000690631,0.000270831,-0.000570495,-0.000133862,-0.000543443,0.000355766,0,0,0,0,0,0,0,-0.176685,26.7144,-24.689,7.49881,0.830705,2.51882,0.0459692,-0.169405,2.15783,-3.02559,1.88643,0.182654,0.914233,0.0614525
1724958,1,-2.75261,-1.32534,1.01105,-1.94698,1.10108,1.16772,2.20139,-2.75266,-1.32422,1.00895,-1.94565,1.10136,1.16858,2.20139,0.00143922,0.00046042,0.000180554,-0.00038033,-0.000292692,0.000112423,0.000237177,0,0,0,0,0,0,0,-0.22826,26.7144,-24.689,7.49881,0.836199,2.50601,0.0459692,-0.171765,2.15873,-3.02639,1.88578,0.182593,0.91442,0.061583
1724959,1,-2.75261,-1.32534,1.01105,-1.94698,1.10108,1.16772,2.20139,-2.75266,-1.32422,1.00895,-1.94565,1.10136,1.16858,2.20139,-0.000803761,0.00151337,0.000120369,0.00039606,0.000211773,7.49486e-05,0.00114146,0,0,0,0,0,0,0,-0.152882,26.6629,-24.689,7.47104,0.825212,2.50601,0.0194189,-0.173533,2.15817,-3.0264,1.88571,0.18255,0.914573,0.0616403
1724960,1,-2.75261,-1.32534,1.01105,-1.94698,1.10108,1.16772,2.20139,-2.75266,-1.32422,1.00895,-1.94565,1.10136,1.16858,2.20139,-0.000535841,-0.000754323,-0.00112618,0.00026404,-0.000469169,-0.000187393,-0.000222369,0,0,0,0,0,0,0,-0.152882,26.7383,-24.6374,7.47104,0.841692,2.51242,0.0459692,-0.173489,2.15614,-3.02552,1.88637,0.182558,0.914613,0.0616144
1724961,1,-2.75261,-1.32534,1.01105,-1.94698,1.10108,1.16772,2.20139,-2.75266,-1.32422,1.00895,-1.94565,1.10136,1.16858,2.20139,0.000849199,5.39302e-05,-0.000193975,0.000176027,9.41215e-05,0.00011243,0.000123021,0,0,0,0,0,0,0,-0.204456,26.7144,-24.6612,7.47104,0.830705,2.50601,0.038645,-0.173038,2.15427,-3.0242,1.88691,0.182588,0.914573,0.0614914
1724962,1,-2.75261,-1.32534,1.01105,-1.94698,1.10108,1.16772,2.20139,-2.75266,-1.32422,1.00895,-1.94565,1.10136,1.16858,2.20139,0.000566132,-0.000520858,0.000520298,0.000117351,0.000266198,-0.000162406,-0.000426612,0,0,0,0,0,0,0,-0.204456,26.7383,-24.689,7.47104,0.825212,2.51242,0.0523779,-0.174322,2.15416,-3.02362,1.88639,0.182573,0.914587,0.0612814
1724963,1,-2.75261,-1.32534,1.01105,-1.94698,1.10108,1.16772,2.20139,-2.75266,-1.32422,1.00895,-1.94565,1.10136,1.16858,2.20139,-0.000272192,-0.000996853,0.000346865,-0.00112819,-2.59851e-05,-0.000345629,0.000698936,0,0,0,0,0,0,0,-0.176685,26.766,-24.689,7.52262,0.830705,2.51882,0.0258276,-0.176196,2.15574,-3.02476,1.88566,0.182569,0.914728,0.0610113
1724964,1,-2.75261,-1.32534,1.01105,-1.94698,1.10108,1.16772,2.20139,-2.75266,-1.32422,1.00895,-1.94565,1.10136,1.16858,2.20139,-0.00138789,-1.49547e-05,0.000231243,-0.000752128,-0.000220774,6.93941e-06,-0.000280028,0,0,0,0,0,0,0,-0.125111,26.7383,-24.689,7.52262,0.836199,2.51242,0.0459692,-0.17575,2.15741,-3.02717,1.88647,0.182704,0.914941,0.0606989
1724965,1,-2.75261,-1.32534,1.01105,-1.94698,1.10108,1.16772,2.20139,-2.75266,-1.32422,1.00895,-1.94565,1.10136,1.16858,2.20139,0.000281168,-9.96979e-06,0.000710974,5.53934e-05,5.62679e-05,4.62627e-06,-0.000424044,0,0,0,0,0,0,0,-0.176685,26.7383,-24.7128,7.49881,0.830705,2.51242,0.0523779,-0.172875,2.15804,-3.0298,1.88871,0.182942,0.915158,0.060349
1724966,1,-2.75261,-1.32534,1.01105,-1.94698,1.10108,1.16772,2.20139,-2.75266,-1.32422,1.00895,-1.94565,1.10136,1.16858,2.20139,0.000837059,-6.64653e-06,-8.28292e-05,3.69289e-05,3.75119e-05,3.08418e-06,-0.000282696,0,0,0,0,0,0,0,-0.204456,26.7383,-24.689,7.49881,0.830705,2.51242,0.0523779,-0.171007,2.15858,-3.03211,1.89034,0.183112,0.915374,0.0599712
1724967,1,-2.75261,-1.32534,1.01105,-1.94698,1.10108,1.16772,2.20139,-2.75266,-1.32422,1.00895,-1.94565,1.10136,1.16858,2.20139,0.00111485,-4.43102e-06,0.000501593,0.00123105,0.000431909,-0.000235303,-0.000188464,0,0,0,0,0,0,0,-0.22826,26.7383,-24.7128,7.44724,0.819719,2.51882,0.0523779,-0.172435,2.15998,-3.03381,1.88997,0.183109,0.915589,0.0595855
1724968,1,-2.75261,-1.32534,1.01105,-1.94698,1.10108,1.16772,2.20139,-2.75266,-1.32422,1.00895,-1.94565,1.10136,1.16858,2.20139,0.000186422,0.000553858,-0.000222417,-0.000385729,-0.000118962,-0.000156869,0.000382984,0,0,0,0,0,0,0,-0.204456,26.7144,-24.689,7.49881,0.830705,2.51882,0.038645,-0.175856,2.16155,-3.03481,1.88834,0.182986,0.915781,0.0592104
1724969,1,-2.75261,-1.32534,1.01105,-1.94698,1.10108,1.16771,2.20139,-2.75266,-1.32422,1.00895,-1.94565,1.10136,1.16858,2.20139,-0.000525332,0.000369239,0.000408534,-0.000257153,-7.93078e-05,0.00013278,0.000255322,0,0,0,0,0,0,0,-0.176685,26.7144,-24.7128,7.49881,0.830705,2.51242,0.038645,-0.177893,2.16172,-3.03511,1.88764,0.182914,0.915936,0.058854
1724970,1,-2.75261,-1.32534,1.01105,-1.94698,1.10108,1.16771,2.20139,-2.75266,-1.32422,1.00895,-1.94565,1.10136,1.16858,2.20139,-0.000350222,-0.000310653,0.000272356,-0.000728247,-5.28719e-05,8.85199e-05,0.000170215,0,0,0,0,0,0,0,-0.176685,26.7383,-24.7128,7.52262,0.830705,2.51242,0.038645,-0.177187,2.1606,-3.03543,1.8887,0.182973,0.916081,0.058507
1724971,1,-2.75261,-1.32534,1.01105,-1.94698,1.10108,1.16772,2.20139,-2.75266,-1.32422,1.00895,-1.94565,1.10136,1.16858,2.20139,0.000416133,-0.000207102,0.000181571,0.000720928,0.000168203,-0.000178346,-0.00039515,0,0,0,0,0,0,0,-0.204456,26.7383,-24.7128,7.47104,0.825212,2.51882,0.0523779,-0.175834,2.15981,-3.0363,1.89013,0.183071,0.916249,0.0581542
1724972,1,-2.75261,-1.32534,1.01106,-1.94698,1.10108,1.16771,2.20139,-2.75266,-1.32422,1.00895,-1.94565,1.10136,1.16858,2.20139,-0.000372192,0.000418744,0.00132747,-0.000725807,-9.13154e-05,-0.000118897,0.000719911,0,0,0,0,0,0,0,-0.176685,26.7144,-24.7643,7.52262,0.830705,2.51882,0.0258276,-0.175087,2.15979,-3.03783,1.89114,0.183134,0.916458,0.057796
1724973,1,-2.75261,-1.32534,1.01105,-1.94698,1.10108,1.16772,2.20139,-2.75266,-1.32422,1.00895,-1.94565,1.10136,1.16858,2.20139,0.000401486,0.000279163,-0.000321444,7.29404e-05,-6.0877e-05,-7.92647e-05,0.000479941,0,0,0,0,0,0,0,-0.204456,26.7144,-24.7128,7.49881,0.830705,2.51882,0.0258276,-0.174227,2.15964,-3.03964,1.89232,0.183197,0.916698,0.0574358
1724974,1,-2.75261,-1.32534,1.01105,-1.94698,1.10108,1.16771,2.20139,-2.75266,-1.32422,1.00895,-1.94565,1.10136,1.16858,2.20139,0.000267657,-0.000370704,-0.000771108,4.86269e-05,-4.05846e-05,0.000184516,-0.000426025,0,0,0,0,0,0,0,-0.204456,26.7383,-24.689,7.49881,0.830705,2.51242,0.0459692,-0.173963,2.15902,-3.04044,1.89325,0.183237,0.916886,0.057055
1724975,1,-2.75261,-1.32534,1.01105,-1.94698,1.10108,1.16771,2.20139,-2.75266,-1.32422,1.00895,-1.94565,1.10136,1.16858,2.20139,-0.00102799,-0.000247136,4.274e-05,3.24179e-05,-0.000230507,0.000123011,0.00022461,0,0,0,0,0,0,0,-0.152882,26.7383,-24.7128,7.49881,0.836199,2.51242,0.0322363,-0.174145,2.1583,-3.04023,1.89382,0.183261,0.916993,0.0566428
1724976,1,-2.75261,-1.32534,1.01105,-1.94698,1.10108,1.16771,2.20139,-2.75266,-1.32422,1.00895,-1.94565,1.10136,1.16858,2.20139,-0.000128513,-0.000814371,2.84934e-05,0.000671226,-0.000153671,8.2007e-05,-0.000358886,0,0,0,0,0,0,0,-0.176685,26.766,-24.7128,7.47104,0.836199,2.51242,0.0459692,-0.173777,2.15802,-3.04038,1.89439,0.183308,0.917081,0.0562108
1724977,1,-2.75261,-1.32534,1.01106,-1.94699,1.10108,1.16771,2.20139,-2.75266,-1.32422,1.00895,-1.94565,1.10136,1.16858,2.20139,0.000563938,0.0001067,0.00122542,-0.00131575,0.000304454,5.46713e-05,0.000744087,0,0,0,0,0,0,0,-0.204456,26.7383,-24.7643,7.54642,0.825212,2.51242,0.0194189,-0.173667,2.15877,-3.04172,1.89479,0.183358,0.91724,0.0557706
1724978,1,-2.75261,-1.32534,1.01105,-1.94698,1.10108,1.16772,2.20139,-2.75266,-1.32422,1.00895,-1.94565,1.10136,1.16858,2.20139,0.000375959,0.000627945,-0.000389478,-0.000320357,0.00040642,0.000273807,-0.000962004,0,0,0,0,0,0,0,-0.204456,26.7144,-24.7128,7.52262,0.819719,2.50601,0.0587866,-0.173932,2.15947,-3.04353,1.8955,0.183422,0.917476,0.0553276
1724979,1,-2.75261,-1.32534,1.01105,-1.94698,1.10108,1.16772,2.20139,-2.75266,-1.32422,1.00895,-1.94565,1.10136,1.16858,2.20139,0.000250639,-0.000787796,0.00029716,0.00034324,6.74958e-05,-0.000529539,0.000342008,0,0,0,0,0,0,0,-0.204456,26.766,-24.7366,7.49881,0.825212,2.52523,0.0322363,-0.174669,2.15965,-3.04481,1.89621,0.183462,0.917697,0.0548816
1724980,1,-2.75261,-1.32534,1.01105,-1.94698,1.10108,1.16771,2.20139,-2.75266,-1.32422,1.00895,-1.94565,1.10136,1.16858,2.20139,-0.000482521,0.000124417,-0.000915517,0.000878441,4.49972e-05,0.000121692,-9.35365e-06,0,0,0,0,0,0,0,-0.176685,26.7383,-24.689,7.47104,0.825212,2.51242,0.038645,-0.17614,2.16006,-3.04553,1.89615,0.18343,0.917843,0.0544402
1724981,1,-2.75261,-1.32534,1.01105,-1.94698,1.10108,1.16772,2.20139,-2.75266,-1.32422,1.00895,-1.94565,1.10136,1.16858,2.20139,-0.000321681,-0.00112348,-5.3533e-05,0.000585627,2.99981e-05,8.11279e-05,0.000705841,0,0,0,0,0,0,0,-0.176685,26.7898,-24.7128,7.47104,0.825212,2.51242,0.0194189,-0.177669,2.16067,-3.04579,1.89555,0.183349,0.917903,0.0540061
1724982,1,-2.75261,-1.32534,1.01106,-1.94698,1.10108,1.16772,2.20139,-2.75266,-1.32422,1.00895,-1.94565,1.10136,1.16858,2.20139,-0.000214454,0.000457438,0.00117074,0.000390418,-0.000183452,-0.000183274,-0.000987501,0,0,0,0,0,0,0,-0.176685,26.7383,-24.7643,7.47104,0.830705,2.51882,0.0587866,-0.178805,2.16173,-3.04665,1.89486,0.183256,0.917971,0.0535717
1724983,1,-2.75261,-1.32534,1.01105,-1.94698,1.10108,1.16772,2.20139,-2.75266,-1.32422,1.00895,-1.94565,1.10136,1.16858,2.20139,-0.000142969,0.000304959,0.000130878,-0.000946147,-0.000529202,0.000115176,-0.000183616,0,0,0,0,0,0,0,-0.176685,26.7383,-24.7366,7.52262,0.841692,2.51242,0.0459692,-0.178819,2.1625,-3.04844,1.89502,0.183211,0.91812,0.0531414
1724984,1,-2.75261,-1.32534,1.01105,-1.94698,1.10108,1.16771,2.20139,-2.75266,-1.32422,1.00895,-1.94565,1.10136,1.16858,2.20139,-0.000652125,0.000203306,-0.00046956,0.000575661,5.40996e-05,-0.000160575,0.000386215,0,0,0,0,0,0,0,-0.152882,26.7383,-24.7128,7.47104,0.830705,2.51882,0.0322363,-0.177383,2.16183,-3.04976,1.89636,0.183248,0.918264,0.052733
1724985,1,-2.75261,-1.32534,1.01106,-1.94698,1.10108,1.16771,2.20139,-2.75266,-1.32422,1.00895,-1.94565,1.10136,1.16858,2.20139,0.00132849,0.000135537,0.000893386,-0.00026584,0.000239517,-0.00010705,-0.000251149,0,0,0,0,0,0,0,-0.22826,26.7383,-24.7643,7.49881,0.825212,2.51882,0.0459692,-0.176327,2.16081,-3.05048,1.89757,0.183284,0.91839,0.0523512
1724986,1,-2.75261,-1.32534,1.01105,-1.94698,1.10108,1.16771,2.20139,-2.75266,-1.32422,1.00895,-1.94565,1.10136,1.16858,2.20139,-0.000320767,-0.000559256,-5.40235e-05,-0.000177227,0.000159678,0.000165992,-0.000642151,0,0,0,0,0,0,0,-0.176685,26.766,-24.7366,7.49881,0.825212,2.51242,0.0587866,-0.176911,2.16085,-3.05167,1.89793,0.183269,0.918578,0.0519879
1724987,1,-2.75261,-1.32534,1.01105,-1.94698,1.10108,1.16772,2.20139,-2.75266,-1.32422,1.00895,-1.94565,1.10136,1.16858,2.20139,0.000992581,0.000276777,-3.60156e-05,-0.000674963,-9.69986e-05,-0.000126697,-0.000428101,0,0,0,0,0,0,0,-0.22826,26.7383,-24.7366,7.52262,0.830705,2.51882,0.0587866,-0.178177,2.16146,-3.05306,1.8981,0.183252,0.9188,0.0516504
1724988,1,-2.75261,-1.32534,1.01105,-1.94699,1.10108,1.16771,2.20139,-2.75266,-1.32422,1.00895,-1.94565,1.10136,1.16858,2.20139,0.000104909,-0.000465096,-0.00113763,-0.00100679,-0.000268116,0.000152894,0.000460585,0,0,0,0,0,0,0,-0.204456,26.766,-24.689,7.54642,0.836199,2.51242,0.038645,-0.17942,2.16154,-3.05355,1.89861,0.183268,0.918983,0.0513571
1724989,1,-2.75261,-1.32534,1.01105,-1.94698,1.10108,1.16772,2.20139,-2.75266,-1.32422,1.00895,-1.94565,1.10136,1.16858,2.20139,6.99392e-05,-0.000310064,-0.000201611,0.000442432,2.47064e-05,0.000101929,-0.00020157,0,0,0,0,0,0,0,-0.204456,26.766,-24.7128,7.49881,0.830705,2.51242,0.0523779,-0.180517,2.16118,-3.05314,1.89931,0.183308,0.9191,0.0511107
1724990,1,-2.75261,-1.32534,1.01106,-1.94698,1.10108,1.16772,2.20138,-2.75266,-1.32422,1.00895,-1.94565,1.10136,1.16858,2.20139,4.66261e-05,0.000999717,0.00107202,0.000294955,-0.00039043,-0.000169406,-0.00179589,0,0,0,0,0,0,0,-0.204456,26.7144,-24.7643,7.49881,0.841692,2.51882,0.0972387,-0.181358,2.16095,-3.05304,1.89982,0.183331,0.9192,0.0509032
1724991,1,-2.75261,-1.32534,1.01106,-1.94698,1.10108,1.16771,2.20138,-2.75266,-1.32422,1.00895,-1.94565,1.10136,1.16858,2.20139,0.000587896,0.000109666,0.000714679,0.000846251,0.000350065,-0.000350296,-0.000485185,0,0,0,0,0,0,0,-0.22826,26.7383,-24.7643,7.47104,0.825212,2.52523,0.0780126,-0.182347,2.16114,-3.05415,1.8999,0.183303,0.91936,0.0507524
1724992,1,-2.75261,-1.32534,1.01106,-1.94698,1.10108,1.16772,2.20138,-2.75266,-1.32422,1.00895,-1.94565,1.10136,1.16858,2.20139,-0.000164881,7.31105e-05,-0.000173161,-8.54469e-05,2.9926e-05,3.82808e-06,-0.00103553,0,0,0,0,0,0,0,-0.204456,26.7383,-24.7366,7.49881,0.830705,2.51882,0.0972387,-0.183749,2.16179,-3.05594,1.89953,0.183242,0.919558,0.0506942
1724993,1,-2.75261,-1.32534,1.01106,-1.94699,1.10108,1.16771,2.20138,-2.75266,-1.32422,1.00895,-1.94565,1.10136,1.16858,2.20139,-0.000109921,4.87403e-05,0.00109099,-0.00117059,1.99507e-05,-0.000234807,2.17213e-05,0,0,0,0,0,0,0,-0.204456,26.7383,-24.7881,7.54642,0.830705,2.52523,0.0780126,-0.184262,2.16228,-3.05798,1.89982,0.18325,0.919776,0.0507539
1724994,1,-2.75261,-1.32534,1.01106,-1.94698,1.10108,1.16771,2.20138,-2.75266,-1.32422,1.00895,-1.94565,1.10136,1.16858,2.20139,-7.32806e-05,0.000589306,0.000727323,-0.00022358,-0.00019015,8.0821e-05,-0.000460237,0,0,0,0,0,0,0,-0.204456,26.7144,-24.7881,7.52262,0.836199,2.51882,0.09083,-0.183087,2.16225,-3.06061,1.90147,0.183371,0.920051,0.0509395
1724995,1,-2.75261,-1.32534,1.01106,-1.94698,1.10108,1.16771,2.20138,-2.75266,-1.32422,1.00895,-1.94565,1.10136,1.16858,2.20139,-4.88537e-05,0.00039287,-7.19297e-05,0.000407758,7.66838e-05,0.00029124,-6.94658e-05,0,0,0,0,0,0,0,-0.204456,26.7144,-24.7643,7.49881,0.830705,2.51242,0.0844213,-0.181441,2.16171,-3.06314,1.90344,0.183515,0.920321,0.051239
1724996,1,-2.75261,-1.32534,1.01106,-1.94698,1.10108,1.16771,2.20138,-2.75266,-1.32422,1.00895,-1.94565,1.10136,1.16858,2.20139,-3.25691e-05,-0.000944512,-0.000697567,0.000271839,-0.000152328,-4.31992e-05,-0.000283669,0,0,0,0,0,0,0,-0.204456,26.766,-24.7366,7.49881,0.836199,2.51882,0.09083,-0.18074,2.16119,-3.06467,1.90459,0.183608,0.920499,0.0516331
1724997,1,-2.75261,-1.32534,1.01105,-1.94698,1.10108,1.16772,2.20138,-2.75266,-1.32422,1.00895,-1.94565,1.10136,1.16858,2.20139,-2.17128e-05,1.99391e-05,-0.000465045,0.000181226,0.000305349,-2.87995e-05,4.8246e-05,0,0,0,0,0,0,0,-0.204456,26.7383,-24.7366,7.49881,0.825212,2.51882,0.0844213,-0.181281,2.16123,-3.06531,1.9048,0.183656,0.920593,0.0521079
1724998,1,-2.75261,-1.32534,1.01106,-1.94698,1.10108,1.16771,2.20138,-2.75266,-1.32422,1.00895,-1.94565,1.10136,1.16858,2.20139,0.000542337,1.32927e-05,0.000339584,0.000770431,-0.000203335,-0.000493918,0.000744241,0,0,0,0,0,0,0,-0.22826,26.7383,-24.7643,7.47104,0.836199,2.53164,0.0651953,-0.182835,2.16168,-3.06565,1.90432,0.18366,0.920667,0.0526537
1724999,1,-2.75261,-1.32534,1.01106,-1.94698,1.10108,1.16771,2.20138,-2.75266,-1.32422,1.00895,-1.94565,1.10136,1.16858,2.20139,-0.000195254,8.8618e-06,0.000783201,0.00107043,6.78939e-05,-0.000329278,-0.000215916,0,0,0,0,0,0,0,-0.204456,26.7383,-24.7881,7.44724,0.830705,2.53164,0.0844213,-0.18529,2.16282,-3.06671,1.90312,0.183602,0.920797,0.0532489
1725000,1,-2.75261,-1.32534,1.01106,-1.94698,1.10108,1.16772,2.20138,-2.75266,-1.32422,1.00895,-1.94565,1.10136,1.16858,2.20139,-0.0013366,5.90787e-06,-0.000684292,0.00015681,-0.000565089,0.000255199,0.000568133,0,0,0,0,0,0,0,-0.152882,26.7383,-24.7366,7.47104,0.847185,2.51882,0.0651953,-0.18685,2.16388,-3.06835,1.90214,0.183565,0.920957,0.0538659
1725001,1,-2.75261,-1.32535,1.01106,-1.94698,1.10108,1.16771,2.20138,-2.75266,-1.32422,1.00895,-1.94565,1.10136,1.16858,2.20139,0.000315362,-0.00120249,-0.000456194,-0.00110189,3.0175e-05,-6.72263e-05,-0.000333322,0,0,0,0,0,0,0,-0.204456,26.7898,-24.7366,7.52262,0.836199,2.52523,0.0844213,-0.186408,2.16402,-3.06959,1.9024,0.183658,0.921096,0.0544857
1725002,1,-2.75261,-1.32534,1.01106,-1.94698,1.10108,1.16771,2.20139,-2.75266,-1.32422,1.00895,-1.94565,1.10136,1.16858,2.20139,0.000767054,0.000404768,0.000345484,-0.000734591,2.01167e-05,0.0004299,0.00120194,0,0,0,0,0,0,0,-0.22826,26.7383,-24.7643,7.52262,0.836199,2.51242,0.0459692,-0.18584,2.16411,-3.07064,1.90334,0.18384,0.921289,0.0550958
1725003,1,-2.75261,-1.32534,1.01106,-1.94698,1.10108,1.16771,2.20138,-2.75266,-1.32422,1.00895,-1.94565,1.10136,1.16858,2.20139,-0.000695057,0.000826657,0.00143675,0.000716699,0.000216862,-0.000188118,-0.000385502,0,0,0,0,0,0,0,-0.176685,26.7144,-24.8159,7.47104,0.830705,2.52523,0.0780126,-0.18563,2.1642,-3.0723,1.90439,0.184028,0.921572,0.0556854
1725004,1,-2.75261,-1.32534,1.01106,-1.94698,1.10108,1.16771,2.20139,-2.75266,-1.32422,1.00895,-1.94565,1.10136,1.16858,2.20139,-0.000463371,-5.70724e-06,-0.000248593,-0.000728627,-5.88761e-05,-0.000125412,0.000455076,0,0,0,0,0,0,0,-0.176685,26.7383,-24.7643,7.52262,0.836199,2.52523,0.0587866,-0.184379,2.16363,-3.07452,1.90585,0.184226,0.92188,0.0562387
1725005,1,-2.75261,-1.32534,1.01105,-1.94698,1.10108,1.16771,2.20138,-2.75266,-1.32422,1.00895,-1.94565,1.10136,1.16858,2.20139,0.0003407,-0.000653419,-0.00137215,7.10608e-05,-3.92507e-05,0.000153751,-0.000171334,0,0,0,0,0,0,0,-0.204456,26.766,-24.7128,7.49881,0.836199,2.51882,0.071604,-0.182857,2.16261,-3.07596,1.90739,0.184439,0.922125,0.0567434
1725006,1,-2.75261,-1.32534,1.01106,-1.94698,1.10108,1.16772,2.20139,-2.75266,-1.32422,1.00895,-1.94565,1.10136,1.16858,2.20139,0.000227133,0.000214001,0.000291656,4.73739e-05,0.000177283,0.00033986,0.00134384,0,0,0,0,0,0,0,-0.204456,26.7383,-24.7643,7.49881,0.830705,2.51242,0.0322363,-0.182798,2.16187,-3.07617,1.90806,0.184602,0.922291,0.0571964
1725007,1,-2.75261,-1.32535,1.01106,-1.94698,1.10108,1.16772,2.20139,-2.75266,-1.32422,1.00895,-1.94565,1.10136,1.16858,2.20139,0.000151422,-0.00106376,0.000194437,3.15826e-05,-0.000288712,0.000226573,0.000387267,0,0,0,0,0,0,0,-0.204456,26.7898,-24.7643,7.49881,0.841692,2.51242,0.0459692,-0.184109,2.16225,-3.07675,1.90783,0.184703,0.922471,0.0575895
1725008,1,-2.75261,-1.32534,1.01106,-1.94698,1.10108,1.16771,2.20139,-2.75266,-1.32422,1.00895,-1.94565,1.10136,1.16858,2.20139,0.000100948,0.00105407,-0.000519989,-0.000535757,0.000621327,-0.000323669,2.08188e-05,0,0,0,0,0,0,0,-0.204456,26.7144,-24.7366,7.52262,0.819719,2.52523,0.0523779,-0.185608,2.16307,-3.07782,1.9075,0.184793,0.922672,0.0579035
1725009,1,-2.75261,-1.32534,1.01106,-1.94698,1.10108,1.16771,2.20139,-2.75266,-1.32422,1.00895,-1.94565,1.10136,1.16858,2.20139,6.72987e-05,-0.000503715,0.000302955,0.000199641,-0.000196133,2.15795e-05,-0.00022348,0,0,0,0,0,0,0,-0.204456,26.766,-24.7643,7.49881,0.836199,2.51882,0.0587866,-0.186579,2.16313,-3.07852,1.90758,0.184891,0.922847,0.0581317
1725010,1,-2.75261,-1.32534,1.01105,-1.94698,1.10108,1.16771,2.20139,-2.75266,-1.32422,1.00895,-1.94565,1.10136,1.16858,2.20139,-0.000604748,0.000313804,-0.00100446,-0.000423718,0.000276145,0.000251745,0.00107172,0,0,0,0,0,0,0,-0.176685,26.7383,-24.7128,7.52262,0.825212,2.51242,0.0258276,-0.186837,2.16263,-3.0789,1.90806,0.184998,0.922982,0.0582857
1725011,1,-2.75261,-1.32534,1.01106,-1.94698,1.10108,1.16771,2.20139,-2.75266,-1.32422,1.00895,-1.94565,1.10136,1.16858,2.20139,0.00080326,-0.000440412,0.0010936,0.000274333,-0.000222804,0.00016783,0.000714478,0,0,0,0,0,0,0,-0.22826,26.766,-24.7881,7.49881,0.836199,2.51242,0.0258276,-0.186918,2.16233,-3.07945,1.90855,0.185095,0.923103,0.0583693
1725012,1,-2.75261,-1.32534,1.01105,-1.94699,1.10108,1.16771,2.20139,-2.75266,-1.32422,1.00895,-1.94565,1.10136,1.16858,2.20139,0.000535507,-0.000293608,-0.00103417,-0.000930735,0.000258365,-0.000362831,0.00023896,0,0,0,0,0,0,0,-0.22826,26.766,-24.7128,7.54642,0.825212,2.52523,0.0322363,-0.188106,2.16303,-3.08057,1.90854,0.185143,0.923265,0.0583657
1725013,1,-2.75261,-1.32534,1.01106,-1.94698,1.10108,1.16772,2.20139,-2.75266,-1.32422,1.00895,-1.94565,1.10136,1.16858,2.20139,-0.000849421,0.00101069,-0.000132635,0.00114275,-0.000438108,-0.000241887,-0.00034932,0,0,0,0,0,0,0,-0.176685,26.7144,-24.7366,7.47104,0.841692,2.52523,0.0459692,-0.189478,2.16347,-3.08122,1.90848,0.185168,0.923396,0.0582639
1725014,1,-2.75261,-1.32535,1.01106,-1.94698,1.10108,1.16771,2.20139,-2.75266,-1.32422,1.00895,-1.94565,1.10136,1.16858,2.20139,0.000640145,-0.000532634,0.00056119,0.000112218,0.000114829,7.61007e-05,0.000275746,0,0,0,0,0,0,0,-0.22826,26.766,-24.7643,7.49881,0.830705,2.51882,0.0322363,-0.190178,2.16322,-3.08149,1.90852,0.185175,0.923476,0.0580758
1725015,1,-2.75261,-1.32534,1.01106,-1.94698,1.10108,1.16771,2.20139,-2.75266,-1.32422,1.00895,-1.94565,1.10136,1.16858,2.20139,-0.000130049,0.00150095,0.000374127,7.48119e-05,-0.000126898,5.07338e-05,0.000183831,0,0,0,0,0,0,0,-0.204456,26.6867,-24.7643,7.49881,0.836199,2.51882,0.0322363,-0.19089,2.16324,-3.08246,1.90842,0.185159,0.9236,0.057822
1725016,1,-2.75261,-1.32534,1.01106,-1.94698,1.10108,1.16772,2.20139,-2.75266,-1.32422,1.00895,-1.94565,1.10136,1.16858,2.20139,-0.000736313,0.00100063,0.000249418,4.98746e-05,0.000322302,3.38225e-05,0.000359913,0,0,0,0,0,0,0,-0.176685,26.6867,-24.7643,7.49881,0.825212,2.51882,0.0258276,-0.190345,2.16211,-3.08339,1.90914,0.185187,0.923731,0.0575164
1725017,1,-2.75261,-1.32534,1.01106,-1.94698,1.10108,1.16771,2.20139,-2.75266,-1.32422,1.00895,-1.94565,1.10136,1.16858,2.20139,-0.0016973,-0.000539337,-0.000483335,0.000682864,1.14178e-05,-0.000214811,-0.000506043,0,0,0,0,0,0,0,-0.125111,26.7383,-24.7366,7.47104,0.830705,2.52523,0.0459692,-0.187596,2.15972,-3.08398,1.9109,0.185292,0.923802,0.0571596
1725018,1,-2.75261,-1.32534,1.01106,-1.94698,1.10108,1.16771,2.20139,-2.75266,-1.32422,1.00895,-1.94565,1.10136,1.16858,2.20139,-0.00048192,-0.000359558,0.000884202,-0.000194371,-0.000195839,0.000331511,0.000408623,0,0,0,0,0,0,0,-0.152882,26.7383,-24.7881,7.49881,0.836199,2.51242,0.0258276,-0.183866,2.15812,-3.08523,1.91282,0.185441,0.923862,0.0567544
1725019,1,-2.75261,-1.32534,1.01106,-1.94698,1.10108,1.16771,2.20139,-2.75266,-1.32422,1.00895,-1.94565,1.10136,1.16858,2.20139,0.000235532,-0.000889319,0.000589468,-0.000129581,-0.00033401,-1.63517e-05,-0.000202303,0,0,0,0,0,0,0,-0.176685,26.766,-24.7881,7.49881,0.841692,2.51882,0.038645,-0.181226,2.15869,-3.08802,1.91407,0.185576,0.924022,0.0563135
1725020,1,-2.75261,-1.32534,1.01106,-1.94698,1.10108,1.16771,2.20139,-2.75266,-1.32422,1.00895,-1.94565,1.10136,1.16858,2.20139,-0.000399791,-0.000592879,-0.00137026,0.00112004,0.000184228,-1.09012e-05,0.00033985,0,0,0,0,0,0,0,-0.152882,26.766,-24.7128,7.44724,0.830705,2.51882,0.0258276,-0.180951,2.16096,-3.09109,1.91396,0.185638,0.92422,0.0558433
1725021,1,-2.75261,-1.32534,1.01106,-1.94698,1.10108,1.16771,2.20139,-2.75266,-1.32422,1.00895,-1.94565,1.10136,1.16858,2.20139,0.000290285,-0.000395253,0.00029292,-0.000459734,0.000326269,-0.000244626,-1.07926e-05,0,0,0,0,0,0,0,-0.176685,26.766,-24.7643,7.49881,0.825212,2.52523,0.0322363,-0.182389,2.16346,-3.09293,1.91276,0.185631,0.924347,0.055349
1725022,1,-2.75261,-1.32534,1.01106,-1.94699,1.10108,1.16771,2.20139,-2.75266,-1.32422,1.00895,-1.94565,1.10136,1.16858,2.20139,0.00139995,0.00214935,0.000752092,-0.00142011,-0.000392839,-0.000163084,-0.000515821,0,0,0,0,0,0,0,-0.22826,26.6629,-24.7881,7.54642,0.841692,2.52523,0.0459692,-0.184148,2.1648,-3.09397,1.91191,0.185626,0.9245,0.0548421
1725023,1,-2.75261,-1.32534,1.01106,-1.94698,1.10108,1.16771,2.20139,-2.75266,-1.32422,1.00895,-1.94565,1.10136,1.16858,2.20139,-0.000829938,0.000226474,0.000501395,-0.00038993,-5.8442e-05,0.000365995,-7.26135e-05,0,0,0,0,0,0,0,-0.152882,26.7144,-24.7881,7.52262,0.836199,2.51242,0.038645,-0.184758,2.1641,-3.09474,1.91251,0.185688,0.924723,0.0543369
1725024,1,-2.75261,-1.32534,1.01106,-1.94698,1.10108,1.16771,2.20139,-2.75266,-1.32422,1.00895,-1.94565,1.10136,1.16858,2.20139,3.51965e-06,-0.000405829,-0.000222549,0.000296859,0.000164489,6.63776e-06,-0.000557035,0,0,0,0,0,0,0,-0.176685,26.7383,-24.7643,7.49881,0.830705,2.51882,0.0523779,-0.184105,2.16272,-3.09559,1.91377,0.185797,0.92493,0.0538424
1725025,1,-2.75261,-1.32534,1.01106,-1.94698,1.10108,1.16772,2.20139,-2.75266,-1.32422,1.00895,-1.94565,1.10136,1.16858,2.20139,2.34643e-06,0.000935873,0.000408446,0.000197906,0.00031311,4.42517e-06,0.000849346,0,0,0,0,0,0,0,-0.176685,26.6867,-24.7881,7.49881,0.825212,2.51882,0.0194189,-0.183625,2.16191,-3.09651,1.91444,0.185873,0.925082,0.0533676
1725026,1,-2.75261,-1.32534,1.01106,-1.94698,1.10108,1.16771,2.20138,-2.75266,-1.32422,1.00895,-1.94565,1.10136,1.16858,2.20139,0.000651178,-0.00123212,-0.000284515,0.000131937,-0.000401612,-0.000234409,-0.00207863,0,0,0,0,0,0,0,-0.204456,26.766,-24.7643,7.49881,0.841692,2.52523,0.09083,-0.184372,2.1619,-3.09742,1.91415,0.185878,0.925212,0.0529151
1725027,1,-2.75261,-1.32534,1.01106,-1.94698,1.10108,1.16771,2.20139,-2.75266,-1.32422,1.00895,-1.94565,1.10136,1.16858,2.20139,-0.000215495,0.00103462,-0.00083929,0.000737572,-6.42905e-05,-0.000156273,0.000784388,0,0,0,0,0,0,0,-0.176685,26.6867,-24.7366,7.47104,0.836199,2.52523,0.0322363,-0.186314,2.16247,-3.09793,1.91299,0.185825,0.925303,0.0524929
1725028,1,-2.75261,-1.32534,1.01106,-1.94698,1.10108,1.16771,2.20138,-2.75266,-1.32422,1.00895,-1.94565,1.10136,1.16858,2.20139,0.00106276,-0.000516677,9.0087e-05,-0.000714711,0.00016059,-0.000104182,-0.00140985,0,0,0,0,0,0,0,-0.22826,26.7383,-24.7643,7.52262,0.830705,2.52523,0.0844213,-0.188646,2.16268,-3.09761,1.91161,0.185758,0.925348,0.052128
1725029,1,-2.75261,-1.32534,1.01106,-1.94698,1.10108,1.16771,2.20138,-2.75266,-1.32422,1.00895,-1.94565,1.10136,1.16858,2.20139,-0.000497918,-0.000994065,0.00061687,-0.000476474,0.00010706,0.000167904,-0.00141462,0,0,0,0,0,0,0,-0.176685,26.766,-24.7881,7.52262,0.830705,2.51882,0.0972387,-0.190763,2.16344,-3.09809,1.91059,0.185734,0.925467,0.051836
1725030,1,-2.75261,-1.32534,1.01106,-1.94698,1.10108,1.16771,2.20138,-2.75266,-1.32422,1.00895,-1.94565,1.10136,1.16858,2.20139,-0.000331945,-1.30962e-05,-0.000795179,-0.000317649,-0.000132077,-0.000125423,6.3552e-06,0,0,0,0,0,0,0,-0.176685,26.7383,-24.7366,7.52262,0.836199,2.52523,0.071604,-0.191634,2.16482,-3.09974,1.91037,0.185792,0.925653,0.051644
1725031,1,-2.75261,-1.32534,1.01106,-1.94698,1.10108,1.16771,2.20138,-2.75266,-1.32422,1.00895,-1.94565,1.10136,1.16858,2.20139,-0.000221297,0.000548081,0.000119494,0.000345046,-8.80514e-05,-0.000320974,-0.00118256,0,0,0,0,0,0,0,-0.176685,26.7144,-24.7643,7.49881,0.836199,2.53164,0.103647,-0.190952,2.16503,-3.10083,1.91098,0.1859,0.925786,0.0515826
1725032,1,-2.75261,-1.32534,1.01106,-1.94698,1.10108,1.16771,2.20138,-2.75266,-1.32422,1.00895,-1.94565,1.10136,1.16858,2.20139,-0.000147531,0.000365387,7.9663e-05,-0.000326782,0.00014475,-0.000213983,0.000161064,0,0,0,0,0,0,0,-0.176685,26.7144,-24.7643,7.52262,0.830705,2.53164,0.0780126,-0.189537,2.164,-3.10125,1.91196,0.186008,0.925887,0.0516578
1725033,1,-2.75261,-1.32534,1.01106,-1.94698,1.10108,1.16771,2.20138,-2.75266,-1.32422,1.00895,-1.94565,1.10136,1.16858,2.20139,0.00055126,0.000893206,0.000609921,-0.000217854,-0.000106951,0.000569422,-0.000129983,0,0,0,0,0,0,0,-0.204456,26.6867,-24.7881,7.52262,0.836199,2.51242,0.0844213,-0.188037,2.16247,-3.10172,1.91311,0.186105,0.926023,0.0518668
1725034,1,-2.75261,-1.32534,1.01106,-1.94698,1.10108,1.16771,2.20138,-2.75266,-1.32422,1.00895,-1.94565,1.10136,1.16858,2.20139,0.000367507,-5.41436e-05,-0.00135662,0.000411576,0.000335601,0.000142256,0.000625421,0,0,0,0,0,0,0,-0.204456,26.7144,-24.7128,7.49881,0.825212,2.51882,0.0651953,-0.18751,2.16083,-3.10175,1.91381,0.186156,0.92616,0.0521885
1725035,1,-2.75261,-1.32534,1.01106,-1.94699,1.10108,1.16771,2.20138,-2.75266,-1.32422,1.00895,-1.94565,1.10136,1.16858,2.20139,-0.00040461,-3.60957e-05,0.00150844,-0.00083924,-0.000386618,0.000332196,-5.77702e-05,0,0,0,0,0,0,0,-0.176685,26.7144,-24.8159,7.54642,0.841692,2.51242,0.0780126,-0.187652,2.15963,-3.1017,1.91412,0.186182,0.926283,0.0525904
1725036,1,-2.75261,-1.32534,1.01106,-1.94698,1.10108,1.16772,2.20138,-2.75266,-1.32422,1.00895,-1.94565,1.10136,1.16858,2.20139,0.000379874,-2.40638e-05,-0.000200802,0.00120374,-5.42947e-05,-1.5895e-05,-0.000275872,0,0,0,0,0,0,0,-0.204456,26.7144,-24.7643,7.47104,0.836199,2.51882,0.0844213,-0.187757,2.15951,-3.10289,1.91433,0.186211,0.926451,0.0530435
1725037,1,-2.75261,-1.32534,1.01106,-1.94698,1.10108,1.16771,2.20138,-2.75266,-1.32422,1.00895,-1.94565,1.10136,1.16858,2.20139,0.000253249,-0.000572854,-0.000783482,0.000152882,0.000370705,-1.05966e-05,0.000290803,0,0,0,0,0,0,0,-0.204456,26.7383,-24.7366,7.49881,0.825212,2.51882,0.071604,-0.188984,2.16037,-3.10434,1.91363,0.186181,0.9266,0.0535291
1725038,1,-2.75261,-1.32534,1.01106,-1.94698,1.10108,1.16771,2.20138,-2.75266,-1.32422,1.00895,-1.94565,1.10136,1.16858,2.20139,-0.000480781,-0.000381903,0.000127293,0.000101922,-0.000159765,0.000230295,-0.000280849,0,0,0,0,0,0,0,-0.176685,26.7383,-24.7643,7.49881,0.836199,2.51242,0.0844213,-0.190862,2.16156,-3.10521,1.9124,0.186125,0.926679,0.0540395
1725039,1,-2.75261,-1.32534,1.01105,-1.94698,1.10108,1.16771,2.20139,-2.75266,-1.32422,1.00895,-1.94565,1.10136,1.16858,2.20139,0.000329093,-0.000254602,-0.00112156,6.79477e-05,9.69407e-05,-8.38293e-05,0.000762203,0,0,0,0,0,0,0,-0.204456,26.7383,-24.7128,7.49881,0.830705,2.51882,0.0587866,-0.192102,2.16247,-3.10575,1.91158,0.186109,0.926714,0.0545686
1725040,1,-2.75261,-1.32534,1.01106,-1.94698,1.10108,1.16771,2.20138,-2.75266,-1.32422,1.00895,-1.94565,1.10136,1.16858,2.20139,-0.000430218,-0.000819349,0.00101553,4.52985e-05,6.46272e-05,-5.58862e-05,-0.000678659,0,0,0,0,0,0,0,-0.176685,26.766,-24.7881,7.49881,0.830705,2.51882,0.09083,-0.192955,2.16337,-3.10638,1.91105,0.186117,0.926742,0.0551045
1725041,1,-2.75261,-1.32534,1.01106,-1.94698,1.10108,1.16771,2.20138,-2.75266,-1.32422,1.00895,-1.94565,1.10136,1.16858,2.20139,0.000362802,0.000103382,0.000120207,-0.000526613,0.000449986,-0.000511975,-0.000215081,0,0,0,0,0,0,0,-0.204456,26.7383,-24.7643,7.52262,0.819719,2.53164,0.0844213,-0.193371,2.16474,-3.10807,1.91089,0.186146,0.926843,0.0556397
1725042,1,-2.75261,-1.32534,1.01106,-1.94698,1.10108,1.16771,2.20138,-2.75266,-1.32422,1.00895,-1.94565,1.10136,1.16858,2.20139,0.000241868,-0.000580693,8.0138e-05,-0.000351075,-0.00010691,0.00037076,0.000331331,0,0,0,0,0,0,0,-0.204456,26.766,-24.7643,7.52262,0.830705,2.51242,0.071604,-0.193522,2.16608,-3.11023,1.91116,0.186188,0.927002,0.0561806
1725043,1,-2.75261,-1.32534,1.01106,-1.94699,1.10108,1.16771,2.20138,-2.75266,-1.32422,1.00895,-1.94565,1.10136,1.16858,2.20139,0.000718057,-0.000387129,5.34253e-05,-0.00023405,-7.12737e-05,-0.000227545,0.000220887,0,0,0,0,0,0,0,-0.22826,26.766,-24.7643,7.52262,0.830705,2.52523,0.071604,-0.194216,2.16741,-3.1121,1.91137,0.186203,0.92717,0.0567276
1725044,1,-2.75261,-1.32534,1.01106,-1.94698,1.10108,1.16771,2.20139,-2.75266,-1.32422,1.00895,-1.94565,1.10136,1.16858,2.20139,-0.000727721,0.00094834,3.56169e-05,-0.000156033,0.000155935,-0.000151696,0.00160532,0,0,0,0,0,0,0,-0.176685,26.7144,-24.7643,7.52262,0.825212,2.52523,0.0322363,-0.194693,2.16807,-3.11341,1.9118,0.186206,0.927308,0.0572696
1725045,1,-2.75261,-1.32534,1.01106,-1.94699,1.10108,1.16771,2.20138,-2.75266,-1.32422,1.00895,-1.94565,1.10136,1.16858,2.20139,-0.000485147,7.54148e-05,-0.000625869,-0.00121765,-0.000302945,0.000136228,-0.00133728,0,0,0,0,0,0,0,-0.176685,26.7383,-24.7366,7.57022,0.836199,2.51882,0.0972387,-0.192945,2.16652,-3.11353,1.91361,0.186277,0.927365,0.0577822
1725046,1,-2.75261,-1.32534,1.01106,-1.94699,1.10108,1.16771,2.20139,-2.75266,-1.32422,1.00895,-1.94565,1.10136,1.16858,2.20139,-0.000323432,5.02765e-05,0.000232368,-0.000254952,-0.000201963,9.08187e-05,0.00100735,0,0,0,0,0,0,0,-0.176685,26.7383,-24.7643,7.54642,0.836199,2.51882,0.0459692,-0.18934,2.16356,-3.11293,1.91665,0.186424,0.927371,0.0582436
1725047,1,-2.75261,-1.32534,1.01106,-1.94699,1.10108,1.16771,2.20138,-2.75266,-1.32422,1.00895,-1.94565,1.10136,1.16858,2.20139,0.000990805,3.35177e-05,-0.000494702,-0.00072678,-0.000134642,6.05458e-05,-0.000515229,0,0,0,0,0,0,0,-0.22826,26.7383,-24.7366,7.57022,0.836199,2.51882,0.0780126,-0.186497,2.16109,-3.11233,1.91937,0.186547,0.927389,0.0586573
1725048,1,-2.75261,-1.32534,1.01106,-1.94699,1.10108,1.16771,2.20139,-2.75266,-1.32422,1.00895,-1.94565,1.10136,1.16858,2.20139,-0.000545889,2.23451e-05,0.000319813,7.22919e-05,-0.000293212,-0.000196995,0.000368591,0,0,0,0,0,0,0,-0.176685,26.7383,-24.7643,7.54642,0.841692,2.52523,0.0587866,-0.185361,2.15961,-3.11188,1.92115,0.186602,0.927431,0.0590274
1725049,1,-2.75261,-1.32534,1.01106,-1.94699,1.10108,1.16771,2.20139,-2.75266,-1.32422,1.00895,-1.94565,1.10136,1.16858,2.20139,-0.000920738,-0.000634717,0.00077002,0.000605007,0.000211426,0.000343388,0.000483086,0,0,0,0,0,0,0,-0.152882,26.766,-24.7881,7.52262,0.830705,2.51242,0.0523779,-0.18454,2.15927,-3.11242,1.92239,0.18663,0.927497,0.0593573
1725050,1,-2.75261,-1.32535,1.01106,-1.94698,1.10108,1.16771,2.20139,-2.75266,-1.32422,1.00895,-1.94565,1.10136,1.16858,2.20139,0.0005926,-0.000979957,-0.000693079,0.000403338,-6.24995e-05,-8.43372e-06,0.000559416,0,0,0,0,0,0,0,-0.204456,26.7898,-24.7366,7.52262,0.836199,2.51882,0.0459692,-0.184357,2.16059,-3.11406,1.92271,0.186616,0.927577,0.059642
1725051,1,-2.75261,-1.32534,1.01106,-1.94698,1.10108,1.16771,2.20139,-2.75266,-1.32422,1.00895,-1.94565,1.10136,1.16858,2.20139,0.000951879,0.00110993,0.000187561,0.000825704,0.000161784,-5.62248e-06,0.000881571,0,0,0,0,0,0,0,-0.22826,26.7144,-24.7643,7.49881,0.830705,2.51882,0.0322363,-0.186504,2.16281,-3.1152,1.92155,0.186499,0.927628,0.0598659
1725052,1,-2.75261,-1.32534,1.01106,-1.94699,1.10108,1.16772,2.20139,-2.75266,-1.32422,1.00895,-1.94565,1.10136,1.16858,2.20139,-0.00057184,0.000183144,0.000681853,-0.00111997,0.000107856,0.00047097,7.90874e-05,0,0,0,0,0,0,0,-0.176685,26.7383,-24.7881,7.57022,0.830705,2.50601,0.0459692,-0.189147,2.16412,-3.1156,1.92038,0.186361,0.927664,0.0600184
1725053,1,-2.75261,-1.32534,1.01106,-1.94698,1.10108,1.16771,2.20139,-2.75266,-1.32422,1.00895,-1.94565,1.10136,1.16858,2.20139,-0.000381227,0.00132852,-0.000102243,0.000923791,-0.000131546,-0.000398097,0.00079871,0,0,0,0,0,0,0,-0.176685,26.6867,-24.7643,7.49881,0.836199,2.52523,0.0258276,-0.189498,2.16363,-3.11581,1.92078,0.186325,0.927684,0.0600909
1725054,1,-2.75261,-1.32534,1.01106,-1.94698,1.10107,1.16771,2.20139,-2.75266,-1.32422,1.00895,-1.94565,1.10136,1.16858,2.20139,0.000952275,-0.000320745,-0.000717776,0.00182229,-0.000494599,-2.80391e-05,-0.000213512,0,0,0,0,0,0,0,-0.22826,26.7383,-24.7366,7.44724,0.847185,2.51882,0.0459692,-0.189718,2.16241,-3.11523,1.92101,0.186269,0.927624,0.0600719
1725055,1,-2.75261,-1.32534,1.01106,-1.94699,1.10108,1.16771,2.20139,-2.75266,-1.32422,1.00895,-1.94565,1.10136,1.16858,2.20139,-0.000571576,-0.000863444,-0.000478517,-0.00054838,0.000280619,0.000456025,0.00107836,0,0,0,0,0,0,0,-0.176685,26.766,-24.7366,7.52262,0.830705,2.50601,0.0130102,-0.191837,2.16227,-3.11413,1.91978,0.186139,0.927505,0.0599553
1725056,1,-2.75261,-1.32534,1.01106,-1.94698,1.10108,1.16771,2.20139,-2.75266,-1.32422,1.00895,-1.94565,1.10136,1.16858,2.20139,0.000268563,7.39847e-05,0.000887414,-0.000365587,0.00059398,-0.000645419,6.83113e-06,0,0,0,0,0,0,0,-0.204456,26.7383,-24.7881,7.52262,0.819719,2.53164,0.0322363,-0.1936,2.16311,-3.11389,1.9189,0.186088,0.927437,0.0597496
1725057,1,-2.75261,-1.32534,1.01106,-1.94698,1.10108,1.16771,2.20139,-2.75266,-1.32422,1.00895,-1.94565,1.10136,1.16858,2.20139,-0.00102738,4.93232e-05,-0.00117163,0.00151951,0.000192536,-0.00019292,0.000241913,0,0,0,0,0,0,0,-0.152882,26.7383,-24.7128,7.44724,0.825212,2.52523,0.0258276,-0.193981,2.16378,-3.1143,1.91888,0.186112,0.927411,0.0594574
1725058,1,-2.75261,-1.32534,1.01106,-1.94698,1.10108,1.16771,2.20139,-2.75266,-1.32422,1.00895,-1.94565,1.10136,1.16858,2.20139,0.00107832,3.28821e-05,0.00163177,-0.000193417,-7.50929e-05,0.000108745,0.000398634,0,0,0,0,0,0,0,-0.22826,26.7383,-24.8159,7.49881,0.830705,2.51882,0.0194189,-0.194248,2.16436,-3.11483,1.91867,0.186104,0.927393,0.0590801
1725059,1,-2.75261,-1.32534,1.01106,-1.94698,1.10108,1.16771,2.20139,-2.75266,-1.32422,1.00895,-1.94565,1.10136,1.16858,2.20139,-0.000487549,2.19214e-05,-0.000118582,-0.000685757,-5.00619e-05,7.24969e-05,-0.000208962,0,0,0,0,0,0,0,-0.176685,26.7383,-24.7643,7.52262,0.830705,2.51882,0.0322363,-0.194606,2.16533,-3.11622,1.91859,0.186094,0.927471,0.0586275
1725060,1,-2.75261,-1.32534,1.01106,-1.94698,1.10108,1.16771,2.20139,-2.75266,-1.32422,1.00895,-1.94565,1.10136,1.16858,2.20139,-0.000325033,0.000571426,-0.000728668,9.96409e-05,0.000170076,-0.000189028,9.80512e-05,0,0,0,0,0,0,0,-0.176685,26.7144,-24.7366,7.49881,0.825212,2.52523,0.0258276,-0.193756,2.16531,-3.11731,1.91952,0.18615,0.927561,0.05811
1725061,1,-2.75261,-1.32534,1.01106,-1.94698,1.10108,1.16771,2.20139,-2.75266,-1.32422,1.00895,-1.94565,1.10136,1.16858,2.20139,-0.000216688,0.000380951,0.000163835,-0.000490385,-0.000293517,0.000348699,-0.000680618,0,0,0,0,0,0,0,-0.176685,26.7144,-24.7643,7.52262,0.836199,2.51242,0.0459692,-0.191554,2.16357,-3.11701,1.92129,0.186252,0.927567,0.0575425
1725062,1,-2.75261,-1.32534,1.01106,-1.94698,1.10108,1.16771,2.20139,-2.75266,-1.32422,1.00895,-1.94565,1.10136,1.16858,2.20139,-0.000144459,0.000903581,0.000666035,0.000879503,-0.000195678,-4.89265e-06,5.48811e-05,0,0,0,0,0,0,0,-0.176685,26.6867,-24.7881,7.47104,0.836199,2.51882,0.0322363,-0.189111,2.16134,-3.11655,1.92309,0.186339,0.927564,0.0569461
1725063,1,-2.75261,-1.32534,1.01106,-1.94698,1.10108,1.16771,2.20139,-2.75266,-1.32422,1.00895,-1.94565,1.10136,1.16858,2.20139,-0.000653118,-0.00125365,-0.00131921,0.000586335,0.0004799,-3.26177e-06,-0.000200772,0,0,0,0,0,0,0,-0.152882,26.766,-24.7128,7.47104,0.819719,2.51882,0.038645,-0.187416,2.15985,-3.11637,1.92402,0.186363,0.92755,0.0563404
1725064,1,-2.75261,-1.32534,1.01106,-1.94698,1.10108,1.16771,2.20139,-2.75266,-1.32422,1.00895,-1.94565,1.10136,1.16858,2.20139,0.0001214,-0.000835768,0.00153338,-0.000258724,0.000116482,-2.17451e-06,0.00034087,0,0,0,0,0,0,0,-0.176685,26.766,-24.8159,7.49881,0.825212,2.51882,0.0258276,-0.186938,2.16029,-3.117,1.92384,0.186338,0.927554,0.0557363
1725065,1,-2.75261,-1.32534,1.01106,-1.94698,1.10108,1.16771,2.20139,-2.75266,-1.32422,1.00895,-1.94565,1.10136,1.16858,2.20139,8.09333e-05,-0.000557179,-0.000184176,-0.000172483,-0.000125796,0.000473268,-1.01122e-05,0,0,0,0,0,0,0,-0.176685,26.766,-24.7643,7.49881,0.830705,2.50601,0.0322363,-0.187373,2.16273,-3.11923,1.92314,0.186297,0.927664,0.0551393
1725066,1,-2.75261,-1.32534,1.01106,-1.94698,1.10108,1.16771,2.20138,-2.75266,-1.32422,1.00895,-1.94565,1.10136,1.16858,2.20139,5.39556e-05,0.000834973,0.000434028,-0.000114988,0.000119587,7.81532e-05,-0.00122744,0,0,0,0,0,0,0,-0.176685,26.7144,-24.7881,7.49881,0.825212,2.51242,0.0651953,-0.187911,2.16504,-3.12158,1.92259,0.186252,0.927798,0.0545508
1725067,1,-2.75261,-1.32534,1.01106,-1.94698,1.10108,1.16771,2.20138,-2.75266,-1.32422,1.00895,-1.94565,1.10136,1.16858,2.20139,3.59704e-05,-0.000649777,-0.00026746,-7.66589e-05,-0.000530627,-0.000185257,-0.00129301,0,0,0,0,0,0,0,-0.176685,26.766,-24.7643,7.49881,0.841692,2.51882,0.0780126,-0.188099,2.16605,-3.12293,1.9224,0.186204,0.927874,0.0539853
1725068,1,-2.75261,-1.32534,1.01106,-1.94698,1.10108,1.16771,2.20138,-2.75266,-1.32422,1.00895,-1.94565,1.10136,1.16858,2.20139,2.39802e-05,-0.000989997,-0.000178307,0.000598508,-0.000353751,-0.000360863,-0.00086201,0,0,0,0,0,0,0,-0.176685,26.7898,-24.7643,7.47104,0.841692,2.52523,0.0780126,-0.188722,2.16718,-3.12389,1.92186,0.186137,0.927907,0.053481
1725069,1,-2.75261,-1.32534,1.01106,-1.94699,1.10108,1.16771,2.20139,-2.75266,-1.32422,1.00895,-1.94565,1.10136,1.16858,2.20139,-0.00119044,0.000546428,-0.000118871,-0.00136423,0.000171067,0.000234142,0.000137404,0,0,0,0,0,0,0,-0.125111,26.7383,-24.7643,7.54642,0.830705,2.51242,0.0587866,-0.188697,2.16811,-3.12458,1.92161,0.186115,0.927898,0.0530821
1725070,1,-2.75261,-1.32534,1.01106,-1.94698,1.10108,1.16771,2.20138,-2.75266,-1.32422,1.00895,-1.94565,1.10136,1.16858,2.20139,0.00106241,0.00157071,-0.00128567,0.000204136,0.000317495,-8.12641e-05,-0.000857833,0,0,0,0,0,0,0,-0.204456,26.6867,-24.7128,7.49881,0.825212,2.51882,0.0844213,-0.186801,2.1665,-3.12362,1.9227,0.186183,0.927801,0.052809
1725071,1,-2.75261,-1.32534,1.01106,-1.94698,1.10108,1.16771,2.20138,-2.75266,-1.32422,1.00895,-1.94565,1.10136,1.16858,2.20139,-0.00049815,-0.000808899,-0.000300304,-0.000420722,-0.000398688,0.000420542,-0.00104661,0,0,0,0,0,0,0,-0.152882,26.766,-24.7366,7.52262,0.841692,2.50601,0.0972387,-0.184998,2.16316,-3.12086,1.92396,0.186243,0.927617,0.052653
1725072,1,-2.75261,-1.32534,1.01106,-1.94698,1.10108,1.16771,2.20138,-2.75266,-1.32422,1.00895,-1.94565,1.10136,1.16858,2.20139,0.000874326,0.00066716,0.000449412,0.000276331,0.000141109,-0.000194357,-0.00022302,0,0,0,0,0,0,0,-0.204456,26.7144,-24.7643,7.49881,0.830705,2.51882,0.0844213,-0.184466,2.16089,-3.11856,1.9244,0.186252,0.927462,0.0526177
1725073,1,-2.75261,-1.32534,1.01106,-1.94698,1.10108,1.16771,2.20138,-2.75266,-1.32422,1.00895,-1.94565,1.10136,1.16858,2.20139,-6.673e-05,0.000444773,-0.000350006,0.000833835,9.40726e-05,-0.000129571,-0.000386039,0,0,0,0,0,0,0,-0.176685,26.7144,-24.7366,7.47104,0.830705,2.51882,0.09083,-0.185117,2.15995,-3.11738,1.92391,0.186195,0.927367,0.0527162
1725074,1,-2.75261,-1.32534,1.01106,-1.94698,1.10108,1.16771,2.20139,-2.75266,-1.32422,1.00895,-1.94565,1.10136,1.16858,2.20139,-0.000601299,-0.00090991,-0.000233337,-9.37242e-05,6.27151e-05,-8.63807e-05,0.000217359,0,0,0,0,0,0,0,-0.152882,26.766,-24.7366,7.49881,0.830705,2.51882,0.0780126,-0.186076,2.15967,-3.11668,1.92292,0.186108,0.927273,0.052942
1725075,1,-2.75261,-1.32534,1.01106,-1.94698,1.10108,1.16771,2.20138,-2.75266,-1.32422,1.00895,-1.94565,1.10136,1.16858,2.20139,0.000155946,4.3007e-05,0.000494056,0.000587131,0.000245261,-5.75872e-05,-0.000567171,0,0,0,0,0,0,0,-0.176685,26.7383,-24.7643,7.47104,0.825212,2.51882,0.0972387,-0.186583,2.16038,-3.1169,1.92191,0.186047,0.927208,0.0532762
1725076,1,-2.75261,-1.32534,1.01106,-1.94698,1.10108,1.16771,2.20138,-2.75266,-1.32422,1.00895,-1.94565,1.10136,1.16858,2.20139,0.000103964,0.000585483,-0.000320244,-0.000815005,-0.000243394,-0.00027575,0.000571322,0,0,0,0,0,0,0,-0.176685,26.7144,-24.7366,7.52262,0.836199,2.52523,0.071604,-0.186793,2.16132,-3.11766,1.92117,0.186007,0.927193,0.0537035
1725077,1,-2.75261,-1.32534,1.01106,-1.94698,1.10108,1.16771,2.20139,-2.75266,-1.32422,1.00895,-1.94565,1.10136,1.16858,2.20139,0.000718923,0.00159675,-0.000213496,1.34752e-05,-0.000162263,0.000290884,-0.000331196,0,0,0,0,0,0,0,-0.204456,26.6629,-24.7366,7.49881,0.836199,2.51242,0.09083,-0.186501,2.1607,-3.11746,1.92115,0.185997,0.927172,0.0542089
1725078,1,-2.75261,-1.32534,1.01106,-1.94698,1.10108,1.16771,2.20138,-2.75266,-1.32422,1.00895,-1.94565,1.10136,1.16858,2.20139,0.000479282,-0.000141927,0.000507283,-0.000547828,9.52754e-05,-4.34361e-05,0.000253921,0,0,0,0,0,0,0,-0.204456,26.7144,-24.7643,7.52262,0.830705,2.51882,0.0780126,-0.186257,2.159,-3.11654,1.92148,0.185995,0.927155,0.0547696
1725079,1,-2.75261,-1.32534,1.01106,-1.94699,1.10108,1.16771,2.20138,-2.75266,-1.32422,1.00895,-1.94565,1.10136,1.16858,2.20139,-0.000330092,-0.00185786,-0.000311425,-0.000922031,6.35169e-05,0.000208402,0.000169281,0,0,0,0,0,0,0,-0.176685,26.7898,-24.7366,7.54642,0.830705,2.51242,0.0780126,-0.186416,2.15874,-3.11674,1.92168,0.186017,0.92721,0.055364
1725080,1,-2.75261,-1.32534,1.01106,-1.94698,1.10108,1.16771,2.20138,-2.75266,-1.32422,1.00895,-1.94565,1.10136,1.16858,2.20139,-0.000220062,-0.000681759,0.000998809,0.00114855,-0.000161106,0.000138934,-0.000124505,0,0,0,0,0,0,0,-0.176685,26.766,-24.7881,7.47104,0.836199,2.51242,0.0844213,-0.186837,2.16107,-3.11882,1.92144,0.186059,0.927331,0.0559734
1725081,1,-2.75261,-1.32534,1.01106,-1.94698,1.10108,1.16771,2.20138,-2.75266,-1.32422,1.00895,-1.94565,1.10136,1.16858,2.20139,-0.00070352,-0.000454506,0.000109061,0.000116086,9.60466e-05,0.000329982,0.000391714,0,0,0,0,0,0,0,-0.152882,26.766,-24.7643,7.49881,0.830705,2.50601,0.071604,-0.187276,2.16471,-3.122,1.92061,0.18607,0.927451,0.0565871
1725082,1,-2.75261,-1.32534,1.01105,-1.94698,1.10108,1.16771,2.20139,-2.75266,-1.32422,1.00895,-1.94565,1.10136,1.16858,2.20139,-0.000469013,0.00155304,-0.000576907,7.73909e-05,0.000708291,0.000457347,0.00121058,0,0,0,0,0,0,0,-0.152882,26.6867,-24.7366,7.49881,0.81331,2.4996,0.0459692,-0.186443,2.16664,-3.12409,1.92029,0.18609,0.927459,0.0572016
1725083,1,-2.75261,-1.32534,1.01106,-1.94698,1.10108,1.16772,2.20139,-2.75266,-1.32422,1.00895,-1.94565,1.10136,1.16858,2.20139,-0.000312675,0.000385743,0.000265009,5.1594e-05,3.13846e-05,-0.000407179,0.000807052,0,0,0,0,0,0,0,-0.152882,26.7144,-24.7643,7.49881,0.825212,2.51882,0.0459692,-0.184002,2.16545,-3.12397,1.92107,0.186138,0.927318,0.057795
1725084,1,-2.75261,-1.32534,1.01106,-1.94698,1.10108,1.16771,2.20138,-2.75266,-1.32422,1.00895,-1.94565,1.10136,1.16858,2.20139,0.000348362,0.000906776,-0.000472941,0.00068401,-0.000182527,-0.000271453,-0.00064876,0,0,0,0,0,0,0,-0.176685,26.6867,-24.7366,7.47104,0.830705,2.51882,0.0780126,-0.181689,2.16296,-3.12273,1.92192,0.186143,0.927113,0.0583251
1725085,1,-2.75261,-1.32534,1.01106,-1.94698,1.10108,1.16771,2.20139,-2.75266,-1.32422,1.00895,-1.94565,1.10136,1.16858,2.20139,0.000232241,-0.000601908,-0.000315294,0.000456007,-0.000325136,-0.000180968,0.00027957,0,0,0,0,0,0,0,-0.176685,26.7383,-24.7366,7.47104,0.836199,2.51882,0.0587866,-0.181137,2.16105,-3.12115,1.92174,0.186052,0.9269,0.0587717
1725086,1,-2.75261,-1.32534,1.01106,-1.94698,1.10108,1.16772,2.20139,-2.75266,-1.32422,1.00895,-1.94565,1.10136,1.16858,2.20139,0.000154827,-0.00105089,-0.000210196,-0.00034561,-0.000216757,0.000354072,0.000932365,0,0,0,0,0,0,0,-0.176685,26.766,-24.7366,7.49881,0.836199,2.50601,0.038645,-0.182291,2.16088,-3.12007,1.92054,0.185914,0.926727,0.0591459
1725087,1,-2.75261,-1.32534,1.01106,-1.94698,1.10108,1.16771,2.20139,-2.75266,-1.32422,1.00895,-1.94565,1.10136,1.16858,2.20139,-0.000453594,0.00115545,-0.000140131,-0.000230406,-0.000144505,-1.31076e-06,0.00035031,0,0,0,0,0,0,0,-0.152882,26.6867,-24.7366,7.49881,0.836199,2.51242,0.0459692,-0.183227,2.16139,-3.11958,1.91962,0.185828,0.926597,0.0594531
1725088,1,-2.75261,-1.32534,1.01106,-1.94698,1.10108,1.16772,2.20139,-2.75266,-1.32422,1.00895,-1.94565,1.10136,1.16858,2.20139,-0.000302396,0.000120685,-9.34204e-05,-0.000153604,0.000107114,0.000236485,0.000979525,0,0,0,0,0,0,0,-0.152882,26.7144,-24.7366,7.49881,0.830705,2.50601,0.0258276,-0.182376,2.16052,-3.11883,1.91988,0.185833,0.926453,0.0596829
1725089,1,-2.75261,-1.32534,1.01106,-1.94698,1.10108,1.16771,2.20138,-2.75266,-1.32422,1.00895,-1.94565,1.10136,1.16858,2.20139,0.000355215,0.000730071,-0.000619092,0.000547211,0.00047831,-0.000317061,-0.00127976,0,0,0,0,0,0,0,-0.176685,26.6867,-24.7128,7.47104,0.819719,2.51882,0.0780126,-0.180952,2.15872,-3.11759,1.92045,0.185855,0.926279,0.0598197
1725090,1,-2.75261,-1.32534,1.01106,-1.94698,1.10108,1.16771,2.20139,-2.75266,-1.32422,1.00895,-1.94565,1.10136,1.16858,2.20139,0.00023681,-0.0001629,0.00135051,0.000364807,0.000318874,-0.000211374,0.000604887,0,0,0,0,0,0,0,-0.176685,26.7144,-24.7881,7.47104,0.819719,2.51882,0.038645,-0.180717,2.15763,-3.11678,1.92017,0.185804,0.92614,0.059868
1725091,1,-2.75261,-1.32534,1.01106,-1.94698,1.10108,1.16771,2.20139,-2.75266,-1.32422,1.00895,-1.94565,1.10136,1.16858,2.20139,0.000807487,-0.000665412,0.00090034,0.000243205,-0.000397769,0.000333802,0.00013199,0,0,0,0,0,0,0,-0.204456,26.7383,-24.7881,7.47104,0.836199,2.50601,0.0459692,-0.182148,2.15885,-3.11803,1.91877,0.185671,0.926143,0.0598539
1725092,1,-2.75261,-1.32534,1.01106,-1.94698,1.10108,1.16771,2.20139,-2.75266,-1.32422,1.00895,-1.94565,1.10136,1.16858,2.20139,0.00109514,0.000113204,-0.000606199,-0.000487477,-6.17289e-05,-0.000252183,8.79936e-05,0,0,0,0,0,0,0,-0.22826,26.7144,-24.7366,7.49881,0.830705,2.51882,0.0459692,-0.185123,2.16174,-3.12041,1.91661,0.185493,0.926241,0.059787
1725093,1,-2.75261,-1.32534,1.01106,-1.94698,1.10108,1.16772,2.20139,-2.75266,-1.32422,1.00895,-1.94565,1.10136,1.16858,2.20139,-0.00103315,-0.000481343,-0.000960945,-0.000324985,-0.000448054,0.000781314,0.000804648,0,0,0,0,0,0,0,-0.152882,26.7383,-24.7128,7.49881,0.841692,2.49319,0.0258276,-0.187662,2.16362,-3.12139,1.91496,0.185367,0.926253,0.0596688
1725094,1,-2.75261,-1.32534,1.01106,-1.94698,1.10108,1.16772,2.20139,-2.75266,-1.32422,1.00895,-1.94565,1.10136,1.16858,2.20139,0.000517661,0.000235917,-0.00064063,-0.000216657,-9.52519e-05,-0.00042856,-0.000684271,0,0,0,0,0,0,0,-0.204456,26.7144,-24.7128,7.49881,0.836199,2.51882,0.0587866,-0.188119,2.16352,-3.12059,1.9146,0.185354,0.926119,0.0594998
1725095,1,-2.75261,-1.32534,1.01106,-1.94698,1.10108,1.16771,2.20139,-2.75266,-1.32422,1.00895,-1.94565,1.10136,1.16858,2.20139,-0.000304506,0.0013637,-0.000427087,-0.000144438,-6.35013e-05,-4.83478e-05,0.000764522,0,0,0,0,0,0,0,-0.176685,26.6629,-24.7128,7.49881,0.836199,2.51242,0.0258276,-0.187173,2.16161,-3.11856,1.91511,0.185402,0.925893,0.0592841
1725096,1,-2.75261,-1.32534,1.01106,-1.94698,1.10108,1.16771,2.20139,-2.75266,-1.32422,1.00895,-1.94565,1.10136,1.16858,2.20139,-0.000203004,0.000352324,-0.000284724,0.00111013,-4.23342e-05,-3.22318e-05,-0.000473663,0,0,0,0,0,0,0,-0.176685,26.6867,-24.7128,7.44724,0.836199,2.51242,0.0523779,-0.185522,2.15833,-3.11585,1.9159,0.185458,0.925617,0.0590315
1725097,1,-2.75261,-1.32534,1.01106,-1.94698,1.10108,1.16771,2.20139,-2.75266,-1.32422,1.00895,-1.94565,1.10136,1.16858,2.20139,-0.000692148,0.000234883,-0.000189816,0.000183277,0.000378678,0.000215871,0.000667569,0,0,0,0,0,0,0,-0.152882,26.6867,-24.7128,7.47104,0.825212,2.50601,0.0258276,-0.183619,2.15513,-3.11345,1.9164,0.185499,0.925327,0.0587436
1725098,1,-2.75261,-1.32534,1.01106,-1.94698,1.10108,1.16771,2.20138,-2.75266,-1.32422,1.00895,-1.94565,1.10136,1.16858,2.20139,0.000744994,-0.00104984,-0.000126544,0.000678997,0.000252452,-9.34449e-05,-0.00101302,0,0,0,0,0,0,0,-0.204456,26.7383,-24.7128,7.44724,0.825212,2.51242,0.0651953,-0.182626,2.15358,-3.11216,1.91604,0.185507,0.92509,0.0584205
1725099,1,-2.75261,-1.32534,1.01106,-1.94698,1.10108,1.16771,2.20139,-2.75266,-1.32422,1.00895,-1.94565,1.10136,1.16858,2.20139,-0.000152951,-0.000699892,-8.43628e-05,-0.000753761,-3.51491e-05,-0.000299656,-0.000437985,0,0,0,0,0,0,0,-0.176685,26.7383,-24.7128,7.49881,0.830705,2.51882,0.0587866,-0.183274,2.15435,-3.11227,1.91477,0.185481,0.924959,0.0580724
1725100,1,-2.75261,-1.32534,1.01105,-1.94698,1.10108,1.16771,2.20139,-2.75266,-1.32422,1.00895,-1.94565,1.10136,1.16858,2.20139,-0.000101968,-0.000466594,0.00050057,0.000147106,-2.34327e-05,-0.00019977,0.000182728,0,0,0,0,0,0,0,-0.176685,26.7383,-24.7366,7.47104,0.830705,2.51882,0.0459692,-0.184182,2.15639,-3.11354,1.91357,0.185478,0.924931,0.0577299
1725101,1,-2.75261,-1.32534,1.01105,-1.94698,1.10108,1.16771,2.20139,-2.75266,-1.32422,1.00895,-1.94565,1.10136,1.16858,2.20139,-0.0012744,-0.000311063,-0.000223099,-0.00110835,-0.000219072,0.000341538,0.000121819,0,0,0,0,0,0,0,-0.125111,26.7383,-24.7128,7.52262,0.836199,2.50601,0.0459692,-0.183365,2.15801,-3.11532,1.91352,0.185562,0.924947,0.0574163
1725102,1,-2.75261,-1.32534,1.01106,-1.94698,1.10108,1.16771,2.20138,-2.75266,-1.32422,1.00895,-1.94565,1.10136,1.16858,2.20139,0.000356823,-0.000207375,-0.000148732,-0.000182091,-0.000146048,0.000465051,-0.000868223,0,0,0,0,0,0,0,-0.176685,26.7383,-24.7128,7.49881,0.836199,2.4996,0.071604,-0.180833,2.15849,-3.11667,1.91463,0.185728,0.924941,0.0571277
1725103,1,-2.75261,-1.32534,1.01106,-1.94699,1.10108,1.16771,2.20138,-2.75266,-1.32422,1.00895,-1.94565,1.10136,1.16858,2.20139,0.000237882,0.000418562,-9.91549e-05,-0.00123502,0.000309536,-0.000402043,-0.00129089,0,0,0,0,0,0,0,-0.176685,26.7144,-24.7128,7.54642,0.825212,2.51882,0.09083,-0.178414,2.15809,-3.11707,1.91601,0.185896,0.924909,0.0568667
1725104,1,-2.75261,-1.32534,1.01106,-1.94698,1.10108,1.16771,2.20139,-2.75266,-1.32422,1.00895,-1.94565,1.10136,1.16858,2.20139,0.000158588,-0.000277771,0.00114032,0.0014967,-0.000403995,-0.000268029,0.0003262,0,0,0,0,0,0,0,-0.176685,26.7383,-24.7643,7.44724,0.841692,2.51882,0.0587866,-0.177366,2.15786,-3.11737,1.91667,0.185984,0.924899,0.0566627
1725105,1,-2.75261,-1.32534,1.01106,-1.94698,1.10108,1.16771,2.20138,-2.75266,-1.32422,1.00895,-1.94565,1.10136,1.16858,2.20139,0.000755339,0.00102125,0.000760215,-0.000765435,0.000341022,0.000296032,-1.98924e-05,0,0,0,0,0,0,0,-0.204456,26.6867,-24.7643,7.52262,0.825212,2.50601,0.0651953,-0.177828,2.1585,-3.1184,1.91624,0.185965,0.924939,0.0565395
1725106,1,-2.75261,-1.32534,1.01105,-1.94698,1.10108,1.16772,2.20138,-2.75266,-1.32422,1.00895,-1.94565,1.10136,1.16858,2.20139,-0.000146054,-0.000525596,-0.00125643,4.6522e-05,2.38974e-05,-4.00042e-05,-1.32616e-05,0,0,0,0,0,0,0,-0.176685,26.7383,-24.689,7.49881,0.830705,2.51242,0.0651953,-0.178889,2.15884,-3.11891,1.91549,0.185909,0.924956,0.0564885
1725107,1,-2.75261,-1.32534,1.01105,-1.94698,1.10108,1.16771,2.20138,-2.75266,-1.32422,1.00895,-1.94565,1.10136,1.16858,2.20139,-0.000654182,-0.000350397,-0.000837619,0.000680629,0.000219382,0.000210689,-0.000483559,0,0,0,0,0,0,0,-0.152882,26.7383,-24.689,7.47104,0.825212,2.50601,0.0780126,-0.179597,2.1583,-3.11769,1.91486,0.18587,0.924831,0.0564898
1725108,1,-2.75261,-1.32534,1.01106,-1.94698,1.10108,1.16771,2.20138,-2.75266,-1.32422,1.00895,-1.94565,1.10136,1.16858,2.20139,0.00132712,-0.000883212,0.00120483,0.000453752,-0.000260646,0.00014046,-0.000797091,0,0,0,0,0,0,0,-0.22826,26.766,-24.7643,7.47104,0.836199,2.50601,0.09083,-0.181042,2.15871,-3.11639,1.91344,0.185782,0.924658,0.0565368
1725109,1,-2.75261,-1.32534,1.01105,-1.94698,1.10108,1.16772,2.20139,-2.75266,-1.32422,1.00895,-1.94565,1.10136,1.16858,2.20139,-0.00152811,-0.000588808,-0.000960021,-0.000347112,0.000233137,9.36398e-05,-0.000294035,0,0,0,0,0,0,0,-0.125111,26.766,-24.689,7.49881,0.825212,2.50601,0.0844213,-0.183054,2.16058,-3.11631,1.91158,0.185672,0.924548,0.056643
1725110,1,-2.75261,-1.32534,1.01106,-1.94698,1.10108,1.16771,2.20139,-2.75266,-1.32422,1.00895,-1.94565,1.10136,1.16858,2.20139,0.000187688,0.000257075,0.00047361,-0.00078822,-4.8026e-05,-0.000174932,0.000990772,0,0,0,0,0,0,0,-0.176685,26.7383,-24.7366,7.52262,0.830705,2.51242,0.0523779,-0.183054,2.16164,-3.1163,1.91108,0.185664,0.924427,0.0568274
1725111,1,-2.75261,-1.32534,1.01106,-1.94698,1.10108,1.16772,2.20139,-2.75266,-1.32422,1.00895,-1.94565,1.10136,1.16858,2.20139,0.000125125,0.000171384,0.00031574,0.000680946,0.000171433,0.000120737,0.000660514,0,0,0,0,0,0,0,-0.176685,26.7383,-24.7366,7.47104,0.825212,2.50601,0.0523779,-0.181731,2.16152,-3.11604,1.91161,0.18571,0.924297,0.0570787
1725112,1,-2.75261,-1.32534,1.01105,-1.94698,1.10108,1.16771,2.20139,-2.75266,-1.32422,1.00895,-1.94565,1.10136,1.16858,2.20139,8.34168e-05,-0.000535358,0.000210493,0.00101078,-0.000292612,-0.000156867,0.000440343,0,0,0,0,0,0,0,-0.176685,26.766,-24.7366,7.44724,0.836199,2.51242,0.0523779,-0.181592,2.16191,-3.11605,1.91129,0.185668,0.924184,0.0573508
1725113,1,-2.75261,-1.32534,1.01106,-1.94698,1.10108,1.16772,2.20139,-2.75266,-1.32422,1.00895,-1.94565,1.10136,1.16858,2.20139,-0.000501201,0.000292708,0.000789943,-0.000532575,8.3757e-06,0.000132781,5.6203e-05,0,0,0,0,0,0,0,-0.152882,26.7383,-24.7643,7.49881,0.830705,2.50601,0.0587866,-0.181954,2.16288,-3.11649,1.91044,0.18558,0.924081,0.0576058
1725114,1,-2.75261,-1.32534,1.01105,-1.94698,1.10108,1.16771,2.20139,-2.75266,-1.32422,1.00895,-1.94565,1.10136,1.16858,2.20139,0.000222678,-0.000454475,-0.000679797,0.00140819,0.000412485,-0.000148838,0.00125817,0,0,0,0,0,0,0,-0.176685,26.766,-24.7128,7.42344,0.819719,2.51242,0.0258276,-0.181955,2.16367,-3.11688,1.90974,0.185504,0.923968,0.0578279
1725115,1,-2.75261,-1.32534,1.01105,-1.94698,1.10108,1.16772,2.20139,-2.75266,-1.32422,1.00895,-1.94565,1.10136,1.16858,2.20139,-0.00040836,0.000346631,-0.00165962,-0.000174832,-0.000131911,0.000375492,-0.000144563,0,0,0,0,0,0,0,-0.152882,26.7383,-24.6612,7.47104,0.830705,2.4996,0.0523779,-0.182173,2.16356,-3.1156,1.90881,0.185409,0.923741,0.0579974
1725116,1,-2.75261,-1.32534,1.01105,-1.94698,1.10108,1.16771,2.20139,-2.75266,-1.32422,1.00895,-1.94565,1.10136,1.16858,2.20139,-0.00027224,-0.000418527,-0.00110642,-0.000116555,-8.79408e-05,-0.00022439,0.000140984,0,0,0,0,0,0,0,-0.152882,26.766,-24.6612,7.47104,0.830705,2.51242,0.0459692,-0.181878,2.1619,-3.11208,1.90826,0.185344,0.923373,0.0580962
1725117,1,-2.75261,-1.32534,1.01105,-1.94698,1.10108,1.16772,2.20138,-2.75266,-1.32422,1.00895,-1.94565,1.10136,1.16858,2.20139,-0.000181493,0.000370596,-8.79968e-05,-0.00128413,-5.86272e-05,8.77658e-05,-0.000855447,0,0,0,0,0,0,0,-0.152882,26.7383,-24.689,7.52262,0.830705,2.50601,0.071604,-0.18025,2.15929,-3.10802,1.90888,0.185371,0.922999,0.0581296
1725118,1,-2.75261,-1.32534,1.01105,-1.94698,1.10108,1.16772,2.20139,-2.75266,-1.32422,1.00895,-1.94565,1.10136,1.16858,2.20139,-0.000120996,0.000803876,0.00105496,0.00035034,0.000164366,5.85105e-05,0.00136248,0,0,0,0,0,0,0,-0.152882,26.7144,-24.7366,7.47104,0.825212,2.50601,0.0194189,-0.177632,2.15674,-3.10524,1.91038,0.185455,0.922743,0.0581219
1725119,1,-2.75261,-1.32534,1.01105,-1.94698,1.10108,1.16772,2.20139,-2.75266,-1.32422,1.00895,-1.94565,1.10136,1.16858,2.20139,-8.06637e-05,-2.08946e-05,-0.000410318,0.00023356,0.000109577,0.000276366,-7.50227e-05,0,0,0,0,0,0,0,-0.152882,26.7383,-24.689,7.47104,0.825212,2.4996,0.0459692,-0.175154,2.1549,-3.10391,1.91168,0.185505,0.922585,0.058081
1725120,1,-2.75261,-1.32534,1.01106,-1.94698,1.10108,1.16772,2.20139,-2.75266,-1.32422,1.00895,-1.94565,1.10136,1.16858,2.20139,-5.37758e-05,0.000542882,0.000283267,-0.00105072,7.30514e-05,-5.3115e-05,0.000221252,0,0,0,0,0,0,0,-0.152882,26.7144,-24.7128,7.52262,0.825212,2.50601,0.038645,-0.173221,2.15366,-3.10309,1.91255,0.185514,0.922452,0.0579908
1725121,1,-2.75261,-1.32534,1.01106,-1.94698,1.10108,1.16772,2.20138,-2.75266,-1.32422,1.00895,-1.94565,1.10136,1.16858,2.20139,0.00117058,-0.000844504,0.000188845,-0.00070048,0.00048951,-3.541e-05,-0.0010732,0,0,0,0,0,0,0,-0.204456,26.766,-24.7128,7.52262,0.81331,2.50601,0.071604,-0.172096,2.15326,-3.10276,1.91327,0.18551,0.922374,0.057846
1725122,1,-2.75261,-1.32534,1.01105,-1.94699,1.10108,1.16772,2.20139,-2.75266,-1.32422,1.00895,-1.94565,1.10136,1.16858,2.20139,0.00013077,-0.000563003,0.000125896,-0.0010238,0.00032634,-2.36067e-05,0.000505235,0,0,0,0,0,0,0,-0.176685,26.766,-24.7128,7.54642,0.81331,2.50601,0.038645,-0.172597,2.1546,-3.10337,1.91337,0.18546,0.92238,0.0576645
1725123,1,-2.75261,-1.32534,1.01105,-1.94698,1.10108,1.16771,2.20139,-2.75266,-1.32422,1.00895,-1.94565,1.10136,1.16858,2.20139,8.71798e-05,0.000274279,-0.00112249,0.00163752,-0.00063015,-1.57378e-05,0.000811541,0,0,0,0,0,0,0,-0.176685,26.7383,-24.6612,7.44724,0.836199,2.50601,0.0258276,-0.174132,2.15666,-3.10372,1.91272,0.185331,0.922343,0.0574674
1725124,1,-2.75261,-1.32534,1.01105,-1.94698,1.10108,1.16771,2.20139,-2.75266,-1.32422,1.00895,-1.94565,1.10136,1.16858,2.20139,5.81198e-05,-0.00102357,-0.00074833,-0.000114747,-0.00021665,-1.04918e-05,0.000303669,0,0,0,0,0,0,0,-0.176685,26.7898,-24.6612,7.49881,0.830705,2.50601,0.0322363,-0.17625,2.15837,-3.10268,1.91119,0.18511,0.922158,0.0572482
1725125,1,-2.75261,-1.32534,1.01106,-1.94698,1.10108,1.16771,2.20139,-2.75266,-1.32422,1.00895,-1.94565,1.10136,1.16858,2.20139,-0.00116768,-0.00012557,0.00191397,0.000573116,5.90174e-05,-6.99456e-06,-3.49131e-05,0,0,0,0,0,0,0,-0.125111,26.766,-24.7643,7.47104,0.825212,2.50601,0.038645,-0.177782,2.16049,-3.10211,1.90958,0.184881,0.921956,0.0569894
1725126,1,-2.75261,-1.32534,1.01105,-1.94698,1.10108,1.16771,2.20139,-2.75266,-1.32422,1.00895,-1.94565,1.10136,1.16858,2.20139,0.00107759,-8.37136e-05,6.95509e-05,0.000938889,-0.000164106,-4.66304e-06,-2.32754e-05,0,0,0,0,0,0,0,-0.204456,26.766,-24.7128,7.44724,0.830705,2.50601,0.038645,-0.178497,2.16342,-3.10343,1.9082,0.184667,0.921854,0.0566895
1725127,1,-2.75261,-1.32534,1.01105,-1.94698,1.10108,1.16771,2.20139,-2.75266,-1.32422,1.00895,-1.94565,1.10136,1.16858,2.20139,0.000718391,0.000593805,-0.000510445,6.91141e-05,-0.000109404,-0.000240468,0.00069656,0,0,0,0,0,0,0,-0.204456,26.7383,-24.689,7.47104,0.830705,2.51242,0.0194189,-0.180373,2.1662,-3.10443,1.90621,0.184394,0.921764,0.0563535
1725128,1,-2.75261,-1.32534,1.01106,-1.94698,1.10108,1.16772,2.20139,-2.75266,-1.32422,1.00895,-1.94565,1.10136,1.16858,2.20139,-0.000170686,0.00039587,0.000773327,-0.000603538,-0.000276386,0.000314406,-0.000247704,0,0,0,0,0,0,0,-0.176685,26.7383,-24.7366,7.49881,0.836199,2.4996,0.038645,-0.182294,2.16748,-3.10402,1.90464,0.184151,0.921635,0.0559848
1725129,1,-2.75261,-1.32534,1.01105,-1.94698,1.10108,1.16771,2.20139,-2.75266,-1.32422,1.00895,-1.94565,1.10136,1.16858,2.20139,-0.000670603,0.000820725,-0.00124769,0.000247255,0.000426094,-0.000265114,7.22232e-05,0,0,0,0,0,0,0,-0.152882,26.7144,-24.6612,7.47104,0.819719,2.51242,0.0322363,-0.181845,2.16665,-3.10268,1.90475,0.184043,0.921459,0.0555831
1725130,1,-2.75261,-1.32534,1.01105,-1.94698,1.10108,1.16772,2.20139,-2.75266,-1.32422,1.00895,-1.94565,1.10136,1.16858,2.20139,0.000759357,-0.00121609,0.000374635,0.000721649,-0.000122838,0.000535334,4.81488e-05,0,0,0,0,0,0,0,-0.204456,26.7898,-24.7128,7.44724,0.830705,2.49319,0.0322363,-0.180653,2.16523,-3.10071,1.90517,0.183981,0.921221,0.0551492
1725131,1,-2.75261,-1.32534,1.01105,-1.94698,1.10108,1.16772,2.20139,-2.75266,-1.32422,1.00895,-1.94565,1.10136,1.16858,2.20139,-0.000143376,0.000952513,-0.000956669,-7.57127e-05,-8.18922e-05,0.00035689,-0.00020526,0,0,0,0,0,0,0,-0.176685,26.7144,-24.6612,7.47104,0.830705,2.49319,0.038645,-0.180709,2.1648,-3.09874,1.90467,0.18388,0.920969,0.0546876
1725132,1,-2.75261,-1.32534,1.01105,-1.94698,1.10108,1.16771,2.20139,-2.75266,-1.32422,1.00895,-1.94565,1.10136,1.16858,2.20139,-0.000652396,7.81965e-05,0.000568646,0.000506337,-5.45948e-05,5.6741e-07,0.000575237,0,0,0,0,0,0,0,-0.152882,26.7383,-24.7128,7.44724,0.830705,2.4996,0.0194189,-0.180355,2.16409,-3.09672,1.90435,0.183806,0.920694,0.0542114
1725133,1,-2.75261,-1.32534,1.01105,-1.94698,1.10108,1.16772,2.20139,-2.75266,-1.32422,1.00895,-1.94565,1.10136,1.16858,2.20139,-0.000434931,-0.000597483,0.00093591,-0.000868868,-0.000239847,3.78274e-07,-9.12265e-05,0,0,0,0,0,0,0,-0.152882,26.766,-24.7366,7.49881,0.836199,2.4996,0.0322363,-0.178403,2.1634,-3.09587,1.90493,0.183819,0.920461,0.0537276
1725134,1,-2.75261,-1.32534,1.01105,-1.94698,1.10108,1.16771,2.20139,-2.75266,-1.32422,1.00895,-1.94565,1.10136,1.16858,2.20139,0.000916472,0.000251292,-0.000489684,7.03686e-05,-0.000159898,-0.000237107,-0.000298177,0,0,0,0,0,0,0,-0.204456,26.7383,-24.689,7.47104,0.836199,2.50601,0.038645,-0.176433,2.16377,-3.09642,1.90571,0.183881,0.920319,0.0532292
1725135,1,-2.75261,-1.32534,1.01105,-1.94698,1.10108,1.16772,2.20139,-2.75266,-1.32422,1.00895,-1.94565,1.10136,1.16858,2.20139,-3.86325e-05,0.000167528,-0.00097607,0.000603724,0.000300302,7.92878e-05,-0.000470052,0,0,0,0,0,0,0,-0.176685,26.7383,-24.6612,7.44724,0.825212,2.4996,0.0459692,-0.17603,2.16412,-3.09601,1.90573,0.1839,0.920135,0.0527178
1725136,1,-2.75261,-1.32534,1.01105,-1.94698,1.10108,1.16772,2.20139,-2.75266,-1.32422,1.00895,-1.94565,1.10136,1.16858,2.20139,-2.5755e-05,0.000111685,-0.000650713,-0.000154329,-3.24896e-06,-0.0001845,0.000195258,0,0,0,0,0,0,0,-0.176685,26.7383,-24.6612,7.47104,0.830705,2.50601,0.0322363,-0.176479,2.16368,-3.09391,1.90514,0.183879,0.919839,0.0522114
1725137,1,-2.75261,-1.32534,1.01105,-1.94698,1.10108,1.16772,2.20139,-2.75266,-1.32422,1.00895,-1.94565,1.10136,1.16858,2.20139,-0.000573982,-0.000575157,0.000772617,-0.000102886,-2.16597e-06,-0.000123,0.000130172,0,0,0,0,0,0,0,-0.152882,26.766,-24.7128,7.47104,0.830705,2.50601,0.0322363,-0.176303,2.16319,-3.09197,1.90482,0.183894,0.919542,0.0517257
1725138,1,-2.75261,-1.32534,1.01105,-1.94698,1.10108,1.16772,2.20139,-2.75266,-1.32422,1.00895,-1.94565,1.10136,1.16858,2.20139,0.000174157,-0.000383438,0.000515078,-0.000718205,0.000642816,-8.20002e-05,8.67815e-05,0,0,0,0,0,0,0,-0.176685,26.766,-24.7128,7.49881,0.81331,2.50601,0.0322363,-0.175409,2.16381,-3.09187,1.90495,0.183961,0.919364,0.0512605
1725139,1,-2.75261,-1.32534,1.01105,-1.94698,1.10108,1.16772,2.20139,-2.75266,-1.32422,1.00895,-1.94565,1.10136,1.16858,2.20139,0.000765719,0.000950801,-0.000863041,0.000170811,0.000191185,-5.46668e-05,5.78544e-05,0,0,0,0,0,0,0,-0.204456,26.7144,-24.6612,7.47104,0.819719,2.50601,0.0322363,-0.174861,2.16472,-3.09221,1.90505,0.184013,0.91925,0.0508081
1725140,1,-2.75261,-1.32534,1.01105,-1.94698,1.10108,1.16771,2.20139,-2.75266,-1.32422,1.00895,-1.94565,1.10136,1.16858,2.20139,-0.000139135,7.70551e-05,7.42536e-05,-0.00053574,-0.000279444,-3.64445e-05,-0.000470057,0,0,0,0,0,0,0,-0.176685,26.7383,-24.689,7.49881,0.830705,2.50601,0.0459692,-0.174914,2.16453,-3.09122,1.90502,0.184012,0.919091,0.0503635
1725141,1,-2.75261,-1.32534,1.01105,-1.94698,1.10108,1.16772,2.20139,-2.75266,-1.32422,1.00895,-1.94565,1.10136,1.16858,2.20139,-9.27565e-05,-0.000598244,-0.000600112,0.000292454,0.000220605,0.000213063,0.000195255,0,0,0,0,0,0,0,-0.176685,26.766,-24.6612,7.47104,0.819719,2.4996,0.0322363,-0.174892,2.16401,-3.08971,1.90501,0.183989,0.918904,0.0499288
1725142,1,-2.75261,-1.32534,1.01105,-1.94698,1.10108,1.16772,2.20139,-2.75266,-1.32422,1.00895,-1.94565,1.10136,1.16858,2.20139,0.000587776,0.000250785,-0.000956886,-0.000454645,-0.000463282,0.000142042,-0.000853174,0,0,0,0,0,0,0,-0.204456,26.7383,-24.6374,7.49881,0.836199,2.4996,0.0587866,-0.175155,2.16382,-3.08794,1.90474,0.183942,0.918692,0.0495097
1725143,1,-2.75261,-1.32535,1.01105,-1.94698,1.10108,1.16772,2.20139,-2.75266,-1.32422,1.00895,-1.94565,1.10136,1.16858,2.20139,0.000391851,-0.00103924,-0.000637924,-0.000303096,-0.000105404,9.46945e-05,0.00065192,0,0,0,0,0,0,0,-0.204456,26.7898,-24.6374,7.49881,0.830705,2.4996,0.0258276,-0.176274,2.1639,-3.08561,1.9041,0.183867,0.918456,0.0491149
1725144,1,-2.75261,-1.32534,1.01105,-1.94698,1.10108,1.16771,2.20139,-2.75266,-1.32422,1.00895,-1.94565,1.10136,1.16858,2.20139,0.000818046,0.00172003,-0.000982095,-0.000758876,-7.02693e-05,-0.000174229,-0.000311372,0,0,0,0,0,0,0,-0.22826,26.6867,-24.6136,7.52262,0.830705,2.50601,0.0459692,-0.177768,2.16366,-3.0827,1.90355,0.183792,0.918212,0.0487545
1725145,1,-2.75261,-1.32534,1.01105,-1.94698,1.10108,1.16771,2.20139,-2.75266,-1.32422,1.00895,-1.94565,1.10136,1.16858,2.20139,-0.00121787,0.000497071,0.000458894,0.000700508,-4.68462e-05,-0.000353512,0.000775763,0,0,0,0,0,0,0,-0.152882,26.7144,-24.6612,7.47104,0.830705,2.51242,0.0194189,-0.178025,2.16189,-3.07931,1.90383,0.183751,0.917949,0.0484277
1725146,1,-2.75261,-1.32534,1.01105,-1.94698,1.10108,1.16772,2.20139,-2.75266,-1.32422,1.00895,-1.94565,1.10136,1.16858,2.20139,-0.000255104,0.000331381,0.000305929,-0.000182608,-0.000234681,1.68441e-06,-0.000703528,0,0,0,0,0,0,0,-0.176685,26.7144,-24.6612,7.49881,0.836199,2.50601,0.0523779,-0.176284,2.15959,-3.07692,1.90493,0.183759,0.917719,0.0481215
1725147,1,-2.75261,-1.32534,1.01105,-1.94698,1.10108,1.16772,2.20138,-2.75266,-1.32422,1.00895,-1.94565,1.10136,1.16858,2.20139,-0.000726881,0.000870534,0.000203953,-0.000121739,0.000250447,-0.000236236,-0.000943736,0,0,0,0,0,0,0,-0.152882,26.6867,-24.6612,7.49881,0.825212,2.51242,0.0651953,-0.173335,2.15769,-3.0759,1.90649,0.183812,0.917562,0.047826
1725148,1,-2.75261,-1.32534,1.01105,-1.94698,1.10108,1.16772,2.20139,-2.75266,-1.32422,1.00895,-1.94565,1.10136,1.16858,2.20139,7.22244e-05,-0.00062607,-0.000420843,0.00168208,0.000166965,0.000317227,-0.000391799,0,0,0,0,0,0,0,-0.176685,26.7383,-24.6374,7.42344,0.825212,2.4996,0.0587866,-0.170944,2.15653,-3.0753,1.90749,0.183836,0.917434,0.0475544
1725149,1,-2.75261,-1.32534,1.01105,-1.94698,1.10108,1.16772,2.20138,-2.75266,-1.32422,1.00895,-1.94565,1.10136,1.16858,2.20139,4.81496e-05,-0.00106699,0.000925864,-0.000641852,-0.000295591,-2.58741e-05,-0.00192271,0,0,0,0,0,0,0,-0.176685,26.766,-24.689,7.49881,0.836199,2.50601,0.103647,-0.170819,2.1577,-3.07559,1.90682,0.183769,0.917361,0.0473312
1725150,1,-2.75261,-1.32534,1.01105,-1.94698,1.10108,1.16771,2.20138,-2.75266,-1.32422,1.00895,-1.94565,1.10136,1.16858,2.20139,3.20997e-05,-0.000711329,-3.23715e-05,-0.000427901,0.00020984,-0.000254608,0.000142346,0,0,0,0,0,0,0,-0.176685,26.766,-24.6612,7.49881,0.825212,2.51242,0.0651953,-0.172055,2.1611,-3.07732,1.90553,0.183699,0.91741,0.0471921
1725151,1,-2.75261,-1.32534,1.01105,-1.94698,1.10108,1.16772,2.20138,-2.75266,-1.32422,1.00895,-1.94565,1.10136,1.16858,2.20139,0.000671014,0.000732206,-0.000578393,0.000921158,-6.35571e-05,-0.000169739,-0.00061718,0,0,0,0,0,0,0,-0.204456,26.7144,-24.6374,7.44724,0.830705,2.51242,0.0844213,-0.173805,2.16444,-3.07869,1.90425,0.183639,0.91748,0.0471707
1725152,1,-2.75262,-1.32534,1.01105,-1.94698,1.10108,1.16771,2.20139,-2.75266,-1.32422,1.00895,-1.94565,1.10136,1.16858,2.20139,-0.00196551,0.000488138,0.000171217,5.72936e-05,-0.000245822,0.0001242,0.000775342,0,0,0,0,0,0,0,-0.101307,26.7144,-24.6612,7.47104,0.836199,2.50601,0.0523779,-0.174786,2.16574,-3.07829,1.90335,0.183584,0.917449,0.0472716
1725153,1,-2.75261,-1.32534,1.01105,-1.94698,1.10108,1.16772,2.20138,-2.75266,-1.32422,1.00895,-1.94565,1.10136,1.16858,2.20139,0.00110251,0.000325425,0.000763758,-0.000611418,-0.000570782,0.000320159,-0.000907259,0,0,0,0,0,0,0,-0.204456,26.7144,-24.689,7.49881,0.847185,2.4996,0.09083,-0.173677,2.16526,-3.07739,1.90365,0.183612,0.91739,0.0474764
1725154,1,-2.75261,-1.32534,1.01105,-1.94698,1.10108,1.16772,2.20138,-2.75266,-1.32422,1.00895,-1.94565,1.10136,1.16858,2.20139,0.000735008,0.00021695,-0.000697254,0.000242002,0.000433281,-2.39198e-05,-0.000367481,0,0,0,0,0,0,0,-0.204456,26.7144,-24.6374,7.47104,0.825212,2.50601,0.0844213,-0.173224,2.16476,-3.07651,1.90393,0.183651,0.917381,0.0477607
1725155,1,-2.75261,-1.32534,1.01105,-1.94698,1.10108,1.16772,2.20138,-2.75266,-1.32422,1.00895,-1.94565,1.10136,1.16858,2.20139,0.00104682,-0.000412179,9.19762e-05,0.000161335,0.000288854,-1.59465e-05,-0.000244987,0,0,0,0,0,0,0,-0.22826,26.7383,-24.6612,7.47104,0.825212,2.50601,0.0844213,-0.175497,2.16514,-3.07514,1.90282,0.183607,0.917385,0.048118
1725156,1,-2.75261,-1.32534,1.01105,-1.94698,1.10108,1.16772,2.20138,-2.75266,-1.32422,1.00895,-1.94565,1.10136,1.16858,2.20139,-0.00106536,-0.0009244,-0.000495494,-0.000542058,-1.08814e-05,0.000226728,-0.000400684,0,0,0,0,0,0,0,-0.152882,26.766,-24.6374,7.49881,0.830705,2.4996,0.09083,-0.178422,2.16631,-3.07384,1.90127,0.183557,0.917377,0.0485527
1725157,1,-2.75261,-1.32534,1.01105,-1.94698,1.10108,1.16772,2.20138,-2.75266,-1.32422,1.00895,-1.94565,1.10136,1.16858,2.20139,-0.000153428,0.000590159,0.000226482,0.000845054,0.000196196,-8.6207e-05,-2.97635e-05,0,0,0,0,0,0,0,-0.176685,26.7144,-24.6612,7.44724,0.825212,2.50601,0.0844213,-0.179577,2.16725,-3.07284,1.90052,0.183582,0.917336,0.0490639
1725158,1,-2.75261,-1.32534,1.01105,-1.94698,1.10108,1.16772,2.20138,-2.75266,-1.32422,1.00895,-1.94565,1.10136,1.16858,2.20139,-0.000102285,-0.000812986,-0.000405824,-0.000643056,-7.2653e-05,0.000417247,-0.00049456,0,0,0,0,0,0,0,-0.176685,26.766,-24.6374,7.49881,0.830705,2.49319,0.0972387,-0.179425,2.16757,-3.07179,1.90032,0.18364,0.917254,0.049647
1725159,1,-2.75261,-1.32534,1.01105,-1.94698,1.10108,1.16772,2.20138,-2.75266,-1.32422,1.00895,-1.94565,1.10136,1.16858,2.20139,-0.000625002,0.000664435,-0.000827361,0.000777722,0.000155015,0.000278164,0.000619729,0,0,0,0,0,0,0,-0.152882,26.7144,-24.6136,7.44724,0.825212,2.49319,0.071604,-0.178792,2.16727,-3.07017,1.90036,0.183703,0.917115,0.0502932
1725160,1,-2.75261,-1.32534,1.01105,-1.94698,1.10108,1.16772,2.20138,-2.75266,-1.32422,1.00895,-1.94565,1.10136,1.16858,2.20139,-0.000416668,0.000442957,5.23787e-06,-3.83309e-05,0.000103343,-0.000289275,-0.000536283,0,0,0,0,0,0,0,-0.152882,26.7144,-24.6374,7.47104,0.825212,2.50601,0.0972387,-0.177291,2.16572,-3.06762,1.9008,0.183772,0.916888,0.0509923
1725161,1,-2.75261,-1.32534,1.01105,-1.94698,1.10108,1.16772,2.20138,-2.75266,-1.32422,1.00895,-1.94565,1.10136,1.16858,2.20139,0.000279033,0.000295304,-0.00055332,0.000531258,6.88956e-05,4.4509e-05,0.000591914,0,0,0,0,0,0,0,-0.176685,26.7144,-24.6136,7.44724,0.825212,2.4996,0.071604,-0.17567,2.16355,-3.06473,1.90125,0.183813,0.916633,0.0517285
1725162,1,-2.75261,-1.32534,1.01105,-1.94698,1.10108,1.16772,2.20139,-2.75266,-1.32422,1.00895,-1.94565,1.10136,1.16858,2.20139,0.000186022,-0.000359942,0.000187932,-0.00020264,0.000249381,2.96726e-05,0.00015725,0,0,0,0,0,0,0,-0.176685,26.7383,-24.6374,7.47104,0.819719,2.4996,0.0780126,-0.175185,2.16213,-3.06221,1.90111,0.183797,0.916417,0.0524851
1725163,1,-2.75261,-1.32534,1.01105,-1.94698,1.10108,1.16772,2.20138,-2.75266,-1.32422,1.00895,-1.94565,1.10136,1.16858,2.20139,0.000124015,-0.000889575,0.0006821,0.000978531,-3.71966e-05,1.97818e-05,-0.000132525,0,0,0,0,0,0,0,-0.176685,26.766,-24.6612,7.42344,0.825212,2.4996,0.0844213,-0.176158,2.16271,-3.06114,1.90004,0.183715,0.916293,0.053242
1725164,1,-2.75261,-1.32534,1.01105,-1.94698,1.10108,1.16772,2.20139,-2.75266,-1.32422,1.00895,-1.94565,1.10136,1.16858,2.20139,8.26765e-05,5.65636e-05,0.000454733,0.000652354,-2.47977e-05,1.31878e-05,0.000149009,0,0,0,0,0,0,0,-0.176685,26.7383,-24.6612,7.42344,0.825212,2.4996,0.0780126,-0.178231,2.16529,-3.06176,1.89804,0.183564,0.916258,0.0539859
1725165,1,-2.75261,-1.32534,1.01104,-1.94698,1.10108,1.16772,2.20139,-2.75266,-1.32422,1.00895,-1.94565,1.10136,1.16858,2.20139,0.00126154,0.00124413,-0.000810468,-0.00132834,-0.000423433,8.79189e-06,0.00179476,0,0,0,0,0,0,0,-0.22826,26.6867,-24.6136,7.49881,0.836199,2.4996,0.0322363,-0.180392,2.16722,-3.06192,1.89618,0.183403,0.916216,0.054717
1725166,1,-2.75261,-1.32534,1.01105,-1.94698,1.10108,1.16772,2.20139,-2.75266,-1.32422,1.00895,-1.94565,1.10136,1.16858,2.20139,-0.000922209,-0.00102662,0.000573312,0.000877681,-7.8838e-05,5.86126e-06,0.000959148,0,0,0,0,0,0,0,-0.152882,26.766,-24.6612,7.42344,0.830705,2.4996,0.038645,-0.181685,2.16744,-3.06084,1.89528,0.183305,0.916125,0.0554117
1725167,1,-2.75261,-1.32534,1.01105,-1.94698,1.10108,1.16772,2.20139,-2.75266,-1.32422,1.00895,-1.94565,1.10136,1.16858,2.20139,0.00059162,-0.000684411,0.000382208,2.83087e-05,-5.25587e-05,-0.000233451,0.000368164,0,0,0,0,0,0,0,-0.204456,26.766,-24.6612,7.44724,0.830705,2.50601,0.0459692,-0.182526,2.16838,-3.06052,1.89443,0.183238,0.916047,0.0560166
1725168,1,-2.75261,-1.32534,1.01105,-1.94698,1.10108,1.16772,2.20139,-2.75266,-1.32422,1.00895,-1.94565,1.10136,1.16858,2.20139,0.000394413,0.000750152,-0.000858819,0.000575684,0.000371862,0.000556443,0.00051671,0,0,0,0,0,0,0,-0.204456,26.7144,-24.6136,7.42344,0.819719,2.48678,0.038645,-0.18386,2.17,-3.06045,1.89304,0.18315,0.915964,0.0564985
1725169,1,-2.75261,-1.32534,1.01105,-1.94697,1.10108,1.16772,2.20139,-2.75266,-1.32422,1.00895,-1.94565,1.10136,1.16858,2.20139,-0.000386672,-5.67107e-05,0.000541078,0.000940602,4.44574e-05,0.000133603,0.000344474,0,0,0,0,0,0,0,-0.176685,26.7383,-24.6612,7.39963,0.825212,2.49319,0.038645,-0.185255,2.17054,-3.0592,1.89146,0.183036,0.915795,0.0568553
1725170,1,-2.75261,-1.32534,1.01105,-1.94698,1.10108,1.16772,2.20139,-2.75266,-1.32422,1.00895,-1.94565,1.10136,1.16858,2.20139,-0.000814593,0.000519005,0.000360719,-0.00169298,0.000470448,-0.00014829,-4.16183e-05,0,0,0,0,0,0,0,-0.152882,26.7144,-24.6612,7.49881,0.81331,2.4996,0.0459692,-0.184654,2.16987,-3.0579,1.89099,0.182994,0.915597,0.0570946
1725171,1,-2.75261,-1.32534,1.01105,-1.94698,1.10108,1.16772,2.20139,-2.75266,-1.32422,1.00895,-1.94565,1.10136,1.16858,2.20139,1.37499e-05,-0.000860423,-0.000873145,7.77712e-05,-0.000127178,-0.000336219,0.00119296,0,0,0,0,0,0,0,-0.176685,26.766,-24.6136,7.44724,0.825212,2.50601,0.0130102,-0.181764,2.1683,-3.05686,1.89217,0.183078,0.915409,0.0572264
1725172,1,-2.75261,-1.32534,1.01104,-1.94698,1.10108,1.16772,2.20139,-2.75266,-1.32422,1.00895,-1.94565,1.10136,1.16858,2.20139,9.16659e-06,7.59988e-05,-0.00123171,5.18474e-05,-0.000491686,0.000250572,-0.000154131,0,0,0,0,0,0,0,-0.176685,26.7383,-24.5858,7.44724,0.836199,2.49319,0.038645,-0.179202,2.16659,-3.05486,1.89329,0.183159,0.915162,0.0572472
1725173,1,-2.75261,-1.32534,1.01104,-1.94698,1.10108,1.16772,2.20139,-2.75266,-1.32422,1.00895,-1.94565,1.10136,1.16858,2.20139,0.00121254,5.06659e-05,0.000385286,-0.000522247,-0.00012434,0.000404407,-0.00061138,0,0,0,0,0,0,0,-0.22826,26.7383,-24.6374,7.47104,0.830705,2.48678,0.0523779,-0.17851,2.16528,-3.05199,1.89337,0.183158,0.914878,0.0571527
1725174,1,-2.75261,-1.32534,1.01104,-1.94698,1.10108,1.16772,2.20139,-2.75266,-1.32422,1.00895,-1.94565,1.10136,1.16858,2.20139,-0.000398068,3.37773e-05,-0.000949569,-0.000997779,0.000120557,3.22456e-05,0.00010104,0,0,0,0,0,0,0,-0.176685,26.7383,-24.5858,7.49881,0.825212,2.49319,0.038645,-0.178683,2.16417,-3.04919,1.89326,0.183136,0.914631,0.0569688
1725175,1,-2.75261,-1.32534,1.01104,-1.94698,1.10108,1.16772,2.20139,-2.75266,-1.32422,1.00895,-1.94565,1.10136,1.16858,2.20139,-0.000265379,2.25182e-05,1.65681e-05,-1.55718e-05,8.03714e-05,-0.000215862,-0.000203908,0,0,0,0,0,0,0,-0.176685,26.7383,-24.6136,7.47104,0.825212,2.4996,0.0459692,-0.178021,2.16275,-3.04657,1.89377,0.183162,0.914385,0.0567318
1725176,1,-2.75261,-1.32534,1.01105,-1.94698,1.10108,1.16772,2.20139,-2.75266,-1.32422,1.00895,-1.94565,1.10136,1.16858,2.20139,0.000472695,1.50121e-05,1.10454e-05,0.00110324,5.35809e-05,9.3451e-05,0.000610047,0,0,0,0,0,0,0,-0.204456,26.7383,-24.6136,7.42344,0.825212,2.49319,0.0258276,-0.177384,2.16174,-3.04441,1.89394,0.183155,0.914132,0.0564593
1725177,1,-2.75261,-1.32534,1.01104,-1.94698,1.10108,1.16772,2.20138,-2.75266,-1.32422,1.00895,-1.94565,1.10136,1.16858,2.20139,0.00031513,1.00081e-05,7.36358e-06,-0.00102774,3.57206e-05,6.23007e-05,-0.00152608,0,0,0,0,0,0,0,-0.204456,26.7383,-24.6136,7.49881,0.825212,2.49319,0.0780126,-0.178066,2.16184,-3.04296,1.8931,0.183062,0.91391,0.0561559
1725178,1,-2.75261,-1.32534,1.01105,-1.94697,1.10108,1.16772,2.20139,-2.75266,-1.32422,1.00895,-1.94565,1.10136,1.16858,2.20139,-0.00164595,-0.00119975,0.000561721,0.00107808,-0.000179637,-0.000433184,-0.00054267,0,0,0,0,0,0,0,-0.125111,26.7898,-24.6374,7.42344,0.830705,2.50601,0.0651953,-0.178414,2.16275,-3.04253,1.89233,0.182981,0.913733,0.0558387
1725179,1,-2.75261,-1.32534,1.01104,-1.94698,1.10108,1.16772,2.20138,-2.75266,-1.32422,1.00895,-1.94565,1.10136,1.16858,2.20139,0.000758738,0.00040659,-0.000182331,0.000718717,-0.000119758,-0.000288789,-0.000836498,0,0,0,0,0,0,0,-0.204456,26.7383,-24.6136,7.42344,0.830705,2.50601,0.0780126,-0.178192,2.16447,-3.04304,1.89148,0.182907,0.913576,0.0555463
1725180,1,-2.75261,-1.32534,1.01104,-1.94698,1.10108,1.16772,2.20139,-2.75266,-1.32422,1.00895,-1.94565,1.10136,1.16858,2.20139,-0.000143789,0.00147749,-0.000121554,-7.7667e-05,-0.000283289,-0.000192526,0.00039177,0,0,0,0,0,0,0,-0.176685,26.6867,-24.6136,7.44724,0.836199,2.50601,0.0523779,-0.178383,2.16537,-3.04267,1.89032,0.182793,0.91339,0.0553164
1725181,1,-2.75261,-1.32534,1.01104,-1.94698,1.10108,1.16772,2.20138,-2.75266,-1.32422,1.00895,-1.94565,1.10136,1.16858,2.20139,0.00111057,-0.000221435,0.000475776,-0.00060859,0.000218042,0.000346367,-0.00140033,0,0,0,0,0,0,0,-0.22826,26.7383,-24.6374,7.47104,0.825212,2.49319,0.0972387,-0.178737,2.16476,-3.04116,1.88957,0.182697,0.913212,0.0551622
1725182,1,-2.75261,-1.32534,1.01105,-1.94698,1.10108,1.16772,2.20139,-2.75266,-1.32422,1.00895,-1.94565,1.10136,1.16858,2.20139,0.000740378,-0.000147624,0.000317184,-0.000405727,0.000145361,-6.44758e-06,-0.000696196,0,0,0,0,0,0,0,-0.22826,26.7383,-24.6374,7.47104,0.825212,2.4996,0.09083,-0.179988,2.16471,-3.04009,1.8888,0.18262,0.913132,0.0550846
1725183,1,-2.75261,-1.32534,1.01105,-1.94698,1.10108,1.16772,2.20139,-2.75266,-1.32422,1.00895,-1.94565,1.10136,1.16858,2.20139,-0.00126965,-9.84157e-05,0.000211456,-0.000270484,-0.000309994,0.000233061,0.000485305,0,0,0,0,0,0,0,-0.152882,26.7383,-24.6374,7.47104,0.836199,2.49319,0.0651953,-0.181084,2.16539,-3.03979,1.88826,0.18259,0.913106,0.0551031
1725184,1,-2.75261,-1.32534,1.01105,-1.94698,1.10108,1.16772,2.20138,-2.75266,-1.32422,1.00895,-1.94565,1.10136,1.16858,2.20139,0.000359991,0.00114082,0.000697783,0.000933301,0.000641048,0.000155374,-0.00038854,0,0,0,0,0,0,0,-0.204456,26.6867,-24.6612,7.42344,0.81331,2.49319,0.0844213,-0.18046,2.16539,-3.03962,1.88844,0.182619,0.913039,0.0552268
1725185,1,-2.75261,-1.32534,1.01105,-1.94698,1.10108,1.16772,2.20138,-2.75266,-1.32422,1.00895,-1.94565,1.10136,1.16858,2.20139,0.000239994,0.00011093,-9.16236e-05,-0.000491423,-1.34441e-05,0.000103582,-2.16678e-05,0,0,0,0,0,0,0,-0.204456,26.7144,-24.6374,7.47104,0.825212,2.49319,0.0780126,-0.17968,2.16475,-3.03909,1.8885,0.182619,0.912926,0.0554358
1725186,1,-2.75261,-1.32534,1.01104,-1.94698,1.10108,1.16772,2.20138,-2.75266,-1.32422,1.00895,-1.94565,1.10136,1.16858,2.20139,-0.00104643,7.39531e-05,-6.10824e-05,0.000229196,-8.96272e-06,0.000306414,-0.000726522,0,0,0,0,0,0,0,-0.152882,26.7144,-24.6374,7.44724,0.825212,2.48678,0.0972387,-0.178893,2.16374,-3.0381,1.88858,0.182614,0.912765,0.055714
1725187,1,-2.75261,-1.32534,1.01104,-1.94698,1.10108,1.16772,2.20138,-2.75266,-1.32422,1.00895,-1.94565,1.10136,1.16858,2.20139,0.00106562,-0.00115712,-0.000597534,-0.000404014,-0.000209426,-0.000507801,0.000227729,0,0,0,0,0,0,0,-0.22826,26.766,-24.6136,7.47104,0.830705,2.50601,0.0780126,-0.178182,2.16315,-3.03694,1.88862,0.182622,0.912565,0.0560559
1725188,1,-2.75261,-1.32534,1.01105,-1.94698,1.10108,1.16772,2.20138,-2.75266,-1.32422,1.00895,-1.94565,1.10136,1.16858,2.20139,-0.000496014,0.00043501,0.000158456,0.000844281,-0.000343068,-0.000338534,-8.55397e-05,0,0,0,0,0,0,0,-0.176685,26.7144,-24.6374,7.42344,0.836199,2.50601,0.0844213,-0.178902,2.16363,-3.03581,1.88785,0.182584,0.912362,0.056459
1725189,1,-2.75261,-1.32534,1.01104,-1.94698,1.10108,1.16772,2.20138,-2.75266,-1.32422,1.00895,-1.94565,1.10136,1.16858,2.20139,-0.000330676,-0.000916419,0.000105638,-0.00055077,-2.52612e-05,0.000249029,0.00065505,0,0,0,0,0,0,0,-0.176685,26.766,-24.6374,7.47104,0.830705,2.49319,0.0651953,-0.179814,2.16451,-3.035,1.88686,0.182538,0.912175,0.056915
1725190,1,-2.75261,-1.32534,1.01104,-1.94698,1.10108,1.16772,2.20139,-2.75266,-1.32422,1.00895,-1.94565,1.10136,1.16858,2.20139,0.000429163,-0.000610946,-0.000486387,0.000189632,-1.68408e-05,0.000166019,0.00114878,0,0,0,0,0,0,0,-0.204456,26.766,-24.6136,7.44724,0.830705,2.49319,0.0459692,-0.18042,2.1657,-3.03458,1.88603,0.182527,0.912009,0.0574013
1725191,1,-2.75261,-1.32534,1.01104,-1.94697,1.10108,1.16772,2.20138,-2.75266,-1.32422,1.00895,-1.94565,1.10136,1.16858,2.20139,0.000842921,0.000242317,0.000232554,0.00124005,-1.12272e-05,-0.00012668,-0.000658302,0,0,0,0,0,0,0,-0.22826,26.7383,-24.6374,7.39963,0.830705,2.4996,0.0844213,-0.182518,2.1675,-3.03402,1.88432,0.18246,0.911852,0.0578796
1725192,1,-2.75261,-1.32534,1.01104,-1.94698,1.10108,1.16772,2.20138,-2.75266,-1.32422,1.00895,-1.94565,1.10136,1.16858,2.20139,5.13525e-06,0.000161544,-0.00105139,-0.000843739,0.000195966,0.000152906,-0.000201509,0,0,0,0,0,0,0,-0.204456,26.7383,-24.5858,7.47104,0.825212,2.49319,0.0780126,-0.185601,2.16877,-3.03263,1.88205,0.182339,0.911668,0.0583261
1725193,1,-2.75261,-1.32534,1.01105,-1.94698,1.10108,1.16772,2.20139,-2.75266,-1.32422,1.00895,-1.94565,1.10136,1.16858,2.20139,0.000560235,0.000664508,0.000505499,0.000551131,0.000130644,-0.000135422,0.000815096,0,0,0,0,0,0,0,-0.22826,26.7144,-24.6374,7.42344,0.825212,2.4996,0.0523779,-0.187803,2.16855,-3.03038,1.88054,0.18226,0.911456,0.0587516
1725194,1,-2.75261,-1.32534,1.01105,-1.94698,1.10108,1.16772,2.20139,-2.75266,-1.32422,1.00895,-1.94565,1.10136,1.16858,2.20139,0.00037349,-0.00076342,0.000893811,-0.000746203,0.000290546,-9.02811e-05,0.000306039,0,0,0,0,0,0,0,-0.22826,26.766,-24.6612,7.47104,0.819719,2.4996,0.0587866,-0.189358,2.16827,-3.02892,1.8796,0.182219,0.911314,0.0591599
1725195,1,-2.75261,-1.32534,1.01104,-1.94698,1.10108,1.16772,2.20139,-2.75266,-1.32422,1.00895,-1.94565,1.10136,1.16858,2.20139,-0.00151424,0.000140667,-0.00116736,5.93432e-05,-0.000213203,0.000177172,0.000204026,0,0,0,0,0,0,0,-0.152882,26.7383,-24.5858,7.44724,0.830705,2.49319,0.0587866,-0.189607,2.16828,-3.02849,1.87943,0.182241,0.911223,0.0595311
1725196,1,-2.75261,-1.32534,1.01104,-1.94698,1.10108,1.16772,2.20138,-2.75266,-1.32422,1.00895,-1.94565,1.10136,1.16858,2.20139,0.000753742,0.0013002,-0.000778242,-0.00051725,6.13149e-05,-0.000119245,-0.00057606,0,0,0,0,0,0,0,-0.22826,26.6867,-24.5858,7.47104,0.825212,2.4996,0.0780126,-0.18768,2.16636,-3.02669,1.88053,0.182347,0.911023,0.0598528
1725197,1,-2.75261,-1.32534,1.01104,-1.94698,1.10108,1.16772,2.20139,-2.75266,-1.32422,1.00895,-1.94565,1.10136,1.16858,2.20139,-5.43175e-05,-0.000339623,0.000687598,0.000211979,4.08766e-05,-7.94964e-05,0.000802755,0,0,0,0,0,0,0,-0.204456,26.7383,-24.6374,7.44724,0.825212,2.4996,0.0459692,-0.185634,2.16329,-3.02381,1.88184,0.18244,0.910775,0.0601312
1725198,1,-2.75261,-1.32534,1.01104,-1.94698,1.10108,1.16772,2.20139,-2.75266,-1.32422,1.00895,-1.94565,1.10136,1.16858,2.20139,-0.000685826,-0.000226416,-9.84135e-05,0.000141319,-0.000176199,-0.000290357,0.000297811,0,0,0,0,0,0,0,-0.176685,26.7383,-24.6136,7.44724,0.830705,2.50601,0.0523779,-0.184382,2.16157,-3.02217,1.88255,0.182487,0.910609,0.0603722
1725199,1,-2.75261,-1.32534,1.01104,-1.94698,1.10108,1.16772,2.20139,-2.75266,-1.32422,1.00895,-1.94565,1.10136,1.16858,2.20139,-0.000457217,-0.000150944,-6.5609e-05,-0.00111221,0.000289435,0.000281147,0.000198541,0,0,0,0,0,0,0,-0.176685,26.7383,-24.6136,7.49881,0.819719,2.49319,0.0523779,-0.182606,2.16079,-3.02163,1.88342,0.18256,0.910497,0.0605668
1725200,1,-2.75261,-1.32534,1.01104,-1.94698,1.10108,1.16772,2.20138,-2.75266,-1.32422,1.00895,-1.94565,1.10136,1.16858,2.20139,-0.000304811,0.000456183,-4.37393e-05,-9.18615e-05,0.000192956,-4.99277e-05,-0.000579716,0,0,0,0,0,0,0,-0.176685,26.7144,-24.6136,7.47104,0.819719,2.4996,0.071604,-0.18,2.1597,-3.02111,1.88493,0.182677,0.9104,0.0607079
1725201,1,-2.75261,-1.32534,1.01104,-1.94698,1.10108,1.16772,2.20139,-2.75266,-1.32422,1.00895,-1.94565,1.10136,1.16858,2.20139,0.000446406,0.000304122,-2.91596e-05,0.00105238,-7.48129e-05,-3.32851e-05,0.00130894,0,0,0,0,0,0,0,-0.204456,26.7144,-24.6136,7.42344,0.825212,2.4996,0.0258276,-0.178275,2.15862,-3.02029,1.88588,0.182724,0.910299,0.0608021
1725202,1,-2.75261,-1.32534,1.01105,-1.94698,1.10108,1.16772,2.20139,-2.75266,-1.32422,1.00895,-1.94565,1.10136,1.16858,2.20139,0.000297604,-0.00100368,0.000537372,-0.000412035,-4.98752e-05,0.000215169,-0.000348074,0,0,0,0,0,0,0,-0.204456,26.766,-24.6374,7.47104,0.825212,2.49319,0.0587866,-0.178915,2.15893,-3.0198,1.88523,0.182633,0.91023,0.0608498
1725203,1,-2.75261,-1.32534,1.01105,-1.94698,1.10108,1.16772,2.20139,-2.75266,-1.32422,1.00895,-1.94565,1.10136,1.16858,2.20139,0.000755215,-1.95047e-05,-0.000198564,0.000282122,0.0001702,0.000143446,5.30949e-06,0,0,0,0,0,0,0,-0.22826,26.7383,-24.6136,7.44724,0.819719,2.49319,0.0523779,-0.181498,2.16098,-3.0201,1.88349,0.182465,0.910227,0.0608408
1725204,1,-2.75261,-1.32534,1.01105,-1.94698,1.10108,1.16772,2.20139,-2.75266,-1.32422,1.00895,-1.94565,1.10136,1.16858,2.20139,-0.000702949,0.00119342,0.000981248,0.000188081,-8.99836e-05,-0.000141728,0.00122424,0,0,0,0,0,0,0,-0.176685,26.6867,-24.6612,7.44724,0.825212,2.4996,0.0194189,-0.18407,2.16283,-3.02044,1.88184,0.182284,0.910231,0.0607843
1725205,1,-2.75261,-1.32534,1.01104,-1.94698,1.10108,1.16772,2.20139,-2.75266,-1.32422,1.00895,-1.94565,1.10136,1.16858,2.20139,-0.000468633,-0.00106042,9.73534e-05,0.000125387,-5.99891e-05,0.000142873,0.000104085,0,0,0,0,0,0,0,-0.176685,26.766,-24.6374,7.44724,0.825212,2.49319,0.038645,-0.184898,2.1636,-3.02085,1.88107,0.182151,0.910211,0.0606826
1725206,1,-2.75261,-1.32534,1.01104,-1.94698,1.10108,1.16772,2.20139,-2.75266,-1.32422,1.00895,-1.94565,1.10136,1.16858,2.20139,0.000337192,-0.00070695,-0.00049191,8.35916e-05,0.000163458,9.52489e-05,0.000544108,0,0,0,0,0,0,0,-0.204456,26.766,-24.6136,7.44724,0.819719,2.49319,0.0258276,-0.185239,2.16476,-3.02147,1.88046,0.182045,0.910169,0.0605112
1725207,1,-2.75261,-1.32534,1.01104,-1.94698,1.10108,1.16772,2.20138,-2.75266,-1.32422,1.00895,-1.94565,1.10136,1.16858,2.20139,0.000781607,0.000735126,-0.00032794,5.57278e-05,0.000108972,6.34993e-05,-0.00109532,0,0,0,0,0,0,0,-0.22826,26.7144,-24.6136,7.44724,0.819719,2.49319,0.0651953,-0.186792,2.16611,-3.02121,1.87925,0.1819,0.910081,0.060261
1725208,1,-2.75261,-1.32534,1.01104,-1.94698,1.10108,1.16772,2.20139,-2.75266,-1.32422,1.00895,-1.94565,1.10136,1.16858,2.20139,-0.000685355,0.0011397,-0.000218627,3.71518e-05,-0.000130803,-0.000195026,0.000490487,0,0,0,0,0,0,0,-0.176685,26.6867,-24.6136,7.44724,0.825212,2.4996,0.0322363,-0.188183,2.16569,-3.01942,1.87838,0.181744,0.909918,0.0599545
1725209,1,-2.75261,-1.32534,1.01104,-1.94698,1.10108,1.16772,2.20139,-2.75266,-1.32422,1.00895,-1.94565,1.10136,1.16858,2.20139,-0.000456903,-0.00109624,-0.000795365,-0.00118166,-0.000290652,0.000107342,8.96327e-05,0,0,0,0,0,0,0,-0.176685,26.766,-24.5858,7.49881,0.830705,2.49319,0.038645,-0.187552,2.16351,-3.01682,1.87886,0.181676,0.909698,0.0596193
1725210,1,-2.75261,-1.32534,1.01104,-1.94698,1.10108,1.16772,2.20139,-2.75266,-1.32422,1.00895,-1.94565,1.10136,1.16858,2.20139,0.000345012,-8.12135e-05,0.000119371,0.000418654,0.000450492,-0.000165798,0.000297114,0,0,0,0,0,0,0,-0.204456,26.7383,-24.6136,7.44724,0.81331,2.4996,0.0322363,-0.18619,2.16174,-3.01465,1.87985,0.181671,0.909492,0.0592588
1725211,1,-2.75261,-1.32534,1.01104,-1.94698,1.10108,1.16772,2.20139,-2.75266,-1.32422,1.00895,-1.94565,1.10136,1.16858,2.20139,-0.000419606,-0.000703756,7.95804e-05,0.000835915,-0.000140482,-0.000110532,-3.92829e-05,0,0,0,0,0,0,0,-0.176685,26.766,-24.6136,7.42344,0.825212,2.4996,0.038645,-0.186134,2.16174,-3.01355,1.87981,0.181601,0.909343,0.0588671
1725212,1,-2.75261,-1.32534,1.01104,-1.94698,1.10108,1.16772,2.20139,-2.75266,-1.32422,1.00895,-1.94565,1.10136,1.16858,2.20139,-0.000279737,0.000737255,5.30536e-05,4.64413e-07,-9.36544e-05,-7.3688e-05,-2.61886e-05,0,0,0,0,0,0,0,-0.176685,26.7144,-24.6136,7.44724,0.825212,2.4996,0.038645,-0.186603,2.16248,-3.01312,1.87909,0.18147,0.909222,0.0584478
1725213,1,-2.75261,-1.32534,1.01104,-1.94698,1.10108,1.16772,2.20139,-2.75266,-1.32422,1.00895,-1.94565,1.10136,1.16858,2.20139,0.00101993,-6.53086e-05,-0.00117106,3.09609e-07,-0.000265887,-4.91253e-05,0.000694618,0,0,0,0,0,0,0,-0.22826,26.7383,-24.562,7.44724,0.830705,2.4996,0.0194189,-0.187134,2.16251,-3.01202,1.8784,0.181329,0.909086,0.058008
1725214,1,-2.75261,-1.32534,1.01104,-1.94698,1.10108,1.16772,2.20139,-2.75266,-1.32422,1.00895,-1.94565,1.10136,1.16858,2.20139,-0.00108328,-0.00124996,0.000425721,-0.00120622,2.61927e-05,-3.27502e-05,-0.000520266,0,0,0,0,0,0,0,-0.152882,26.7898,-24.6136,7.49881,0.825212,2.4996,0.0459692,-0.187788,2.16237,-3.01049,1.87798,0.181223,0.908964,0.0575461
1725215,1,-2.75261,-1.32534,1.01105,-1.94698,1.10108,1.16772,2.20139,-2.75266,-1.32422,1.00895,-1.94565,1.10136,1.16858,2.20139,-0.000165376,0.000373116,0.000840626,-0.000154532,0.000220912,-0.000259192,0.000399141,0,0,0,0,0,0,0,-0.176685,26.7383,-24.6374,7.47104,0.819719,2.50601,0.0258276,-0.187095,2.16287,-3.01034,1.87851,0.181217,0.908941,0.0570629
1725216,1,-2.75261,-1.32534,1.01104,-1.94698,1.10108,1.16772,2.20139,-2.75266,-1.32422,1.00895,-1.94565,1.10136,1.16858,2.20139,0.00109618,0.000248744,0.000560417,-0.000103022,-0.000259626,0.000301923,2.87354e-05,0,0,0,0,0,0,0,-0.22826,26.7383,-24.6374,7.47104,0.830705,2.49319,0.0322363,-0.186125,2.16373,-3.01135,1.87927,0.181222,0.909018,0.0565662
1725217,1,-2.75261,-1.32534,1.01104,-1.94698,1.10108,1.16772,2.20139,-2.75266,-1.32422,1.00895,-1.94565,1.10136,1.16858,2.20139,-0.000475642,0.000722641,-0.000832814,0.00104494,0.000233817,-3.6077e-05,1.91569e-05,0,0,0,0,0,0,0,-0.176685,26.7144,-24.5858,7.42344,0.819719,2.4996,0.0322363,-0.186575,2.16428,-3.01164,1.87914,0.181131,0.909074,0.056054
1725218,1,-2.75261,-1.32534,1.01104,-1.94698,1.10108,1.16772,2.20139,-2.75266,-1.32422,1.00895,-1.94565,1.10136,1.16858,2.20139,0.000332519,-7.50511e-05,9.44044e-05,-0.000416995,0.000155878,-2.40513e-05,1.27713e-05,0,0,0,0,0,0,0,-0.204456,26.7383,-24.6136,7.47104,0.819719,2.4996,0.0322363,-0.187433,2.16392,-3.01048,1.87854,0.180993,0.909028,0.0555259
1725219,1,-2.75261,-1.32534,1.01104,-1.94698,1.10108,1.16772,2.20139,-2.75266,-1.32422,1.00895,-1.94565,1.10136,1.16858,2.20139,-0.000427935,-5.00341e-05,6.29363e-05,0.000278815,-0.000302982,-1.60342e-05,8.51418e-06,0,0,0,0,0,0,0,-0.176685,26.7383,-24.6136,7.44724,0.830705,2.4996,0.0322363,-0.187923,2.16337,-3.00909,1.87809,0.180872,0.908958,0.0549879
1725220,1,-2.75261,-1.32534,1.01104,-1.94698,1.10108,1.16772,2.20139,-2.75266,-1.32422,1.00895,-1.94565,1.10136,1.16858,2.20139,-0.00028529,0.000523456,-0.000607656,-0.000370935,-0.000201988,-1.06895e-05,0.000243035,0,0,0,0,0,0,0,-0.176685,26.7144,-24.5858,7.47104,0.830705,2.4996,0.0258276,-0.187604,2.16264,-3.00776,1.87814,0.1808,0.908886,0.0544448
1725221,1,-2.75261,-1.32534,1.01105,-1.94698,1.10108,1.16772,2.20139,-2.75266,-1.32422,1.00895,-1.94565,1.10136,1.16858,2.20139,-0.000190193,-0.000207841,0.00135813,-0.00024729,-0.000134659,-0.000244485,-0.00105868,0,0,0,0,0,0,0,-0.176685,26.7383,-24.6612,7.47104,0.830705,2.50601,0.0587866,-0.186344,2.16162,-3.00669,1.87882,0.180787,0.908834,0.0538996
1725222,1,-2.75261,-1.32534,1.01104,-1.94698,1.10108,1.16772,2.20139,-2.75266,-1.32422,1.00895,-1.94565,1.10136,1.16858,2.20139,-0.000126795,-0.000788175,0.00034861,-0.00016486,0.000113678,7.43688e-05,-0.000705786,0,0,0,0,0,0,0,-0.176685,26.766,-24.6374,7.47104,0.825212,2.4996,0.0587866,-0.185101,2.16186,-3.00723,1.87952,0.180802,0.908894,0.0533624
1725223,1,-2.75261,-1.32534,1.01104,-1.94698,1.10108,1.16772,2.20139,-2.75266,-1.32422,1.00895,-1.94565,1.10136,1.16858,2.20139,-8.45303e-05,0.000680976,-0.000324405,-0.000109907,0.000279236,4.95792e-05,0.000275461,0,0,0,0,0,0,0,-0.176685,26.7144,-24.6136,7.47104,0.819719,2.4996,0.038645,-0.184352,2.16292,-3.00837,1.87992,0.180815,0.908997,0.0528615
1725224,1,-2.75261,-1.32534,1.01104,-1.94698,1.10108,1.16772,2.20139,-2.75266,-1.32422,1.00895,-1.94565,1.10136,1.16858,2.20139,0.00059326,-0.000102828,-0.00021627,0.000483541,-1.72933e-05,0.000270412,0.000421,0,0,0,0,0,0,0,-0.204456,26.7383,-24.6136,7.44724,0.825212,2.49319,0.0322363,-0.184377,2.16334,-3.00824,1.87987,0.180788,0.909027,0.0524157
1725225,1,-2.75261,-1.32534,1.01104,-1.94698,1.10108,1.16772,2.20138,-2.75266,-1.32422,1.00895,-1.94565,1.10136,1.16858,2.20139,-0.000254107,0.00048826,-0.000793794,-0.000234451,-1.15289e-05,-5.70845e-05,-0.000940037,0,0,0,0,0,0,0,-0.176685,26.7144,-24.5858,7.47104,0.825212,2.4996,0.0651953,-0.185238,2.16306,-3.00676,1.87933,0.180712,0.908976,0.0520133
1725226,1,-2.75261,-1.32534,1.01104,-1.94698,1.10108,1.16772,2.20138,-2.75266,-1.32422,1.00895,-1.94565,1.10136,1.16858,2.20139,-0.000169405,-0.000231305,0.000120418,0.000400511,-7.68591e-06,-0.000275415,-0.00110141,0,0,0,0,0,0,0,-0.176685,26.7383,-24.6136,7.44724,0.825212,2.50601,0.0780126,-0.185916,2.16228,-3.00466,1.87886,0.180638,0.908879,0.051649
1725227,1,-2.75261,-1.32534,1.01104,-1.94698,1.10108,1.16772,2.20139,-2.75266,-1.32422,1.00895,-1.94565,1.10136,1.16858,2.20139,-0.000669748,-0.000154204,0.000637091,0.000267007,0.000198327,-0.00018361,0.000215163,0,0,0,0,0,0,0,-0.152882,26.7383,-24.6374,7.44724,0.819719,2.50601,0.0523779,-0.185959,2.16191,-3.0034,1.87858,0.180581,0.908815,0.0513475
1725228,1,-2.75261,-1.32534,1.01105,-1.94698,1.10108,1.16772,2.20139,-2.75266,-1.32422,1.00895,-1.94565,1.10136,1.16858,2.20139,-0.00109611,0.00045401,0.000424727,-0.000378807,-0.000274683,0.000352311,-9.39169e-05,0,0,0,0,0,0,0,-0.125111,26.7144,-24.6374,7.47104,0.830705,2.49319,0.0587866,-0.184611,2.16187,-3.00346,1.8789,0.180574,0.908815,0.0511322
1725229,1,-2.75261,-1.32534,1.01104,-1.94698,1.10108,1.16772,2.20138,-2.75266,-1.32422,1.00895,-1.94565,1.10136,1.16858,2.20139,-8.1128e-05,-0.000254139,0.000283151,0.000861086,-0.000183122,0.000234874,-0.000774688,0,0,0,0,0,0,0,-0.152882,26.7383,-24.6374,7.42344,0.830705,2.49319,0.0780126,-0.182104,2.16157,-3.00404,1.87979,0.180611,0.908835,0.0509952
1725230,1,-2.75261,-1.32534,1.01105,-1.94698,1.10108,1.16772,2.20138,-2.75266,-1.32422,1.00895,-1.94565,1.10136,1.16858,2.20139,0.00115234,0.001037,0.00074558,-0.000539567,8.1369e-05,-0.000318135,-0.000991177,0,0,0,0,0,0,0,-0.204456,26.6867,-24.6612,7.47104,0.825212,2.50601,0.09083,-0.180922,2.16164,-3.00467,1.87999,0.180593,0.908884,0.0509291
1725231,1,-2.75261,-1.32534,1.01104,-1.94698,1.10108,1.16772,2.20138,-2.75266,-1.32422,1.00895,-1.94565,1.10136,1.16858,2.20139,0.000768227,-0.00116471,-0.00126618,0.000197101,5.4246e-05,2.52688e-05,-0.000186067,0,0,0,0,0,0,0,-0.204456,26.766,-24.5858,7.44724,0.825212,2.4996,0.0780126,-0.182396,2.16232,-3.00475,1.87901,0.180491,0.908955,0.0509479
1725232,1,-2.75261,-1.32535,1.01105,-1.94698,1.10108,1.16772,2.20138,-2.75266,-1.32422,1.00895,-1.94565,1.10136,1.16858,2.20139,-0.000137463,-0.000776471,0.000362303,-0.00107503,-0.000167287,1.68459e-05,-0.000124044,0,0,0,0,0,0,0,-0.176685,26.766,-24.6374,7.49881,0.830705,2.4996,0.0780126,-0.185273,2.16379,-3.00436,1.87749,0.180383,0.909016,0.0510645
1725233,1,-2.75261,-1.32534,1.01104,-1.94698,1.10108,1.16772,2.20138,-2.75266,-1.32422,1.00895,-1.94565,1.10136,1.16858,2.20139,-9.16417e-05,0.000131967,-0.000315277,-6.70696e-05,-0.000111524,1.12306e-05,-0.000320055,0,0,0,0,0,0,0,-0.176685,26.7383,-24.6136,7.47104,0.830705,2.4996,0.0844213,-0.187194,2.16536,-3.00415,1.87662,0.180354,0.909072,0.0512787
1725234,1,-2.75261,-1.32535,1.01104,-1.94698,1.10108,1.16772,2.20138,-2.75266,-1.32422,1.00895,-1.94565,1.10136,1.16858,2.20139,-0.000617906,-0.000561636,-0.00141661,0.000512099,0.000129101,7.48706e-06,2.39888e-05,0,0,0,0,0,0,0,-0.152882,26.766,-24.562,7.44724,0.825212,2.4996,0.0780126,-0.187651,2.16585,-3.00327,1.87644,0.18038,0.909052,0.0515804
1725235,1,-2.75261,-1.32534,1.01105,-1.94698,1.10108,1.16772,2.20138,-2.75266,-1.32422,1.00895,-1.94565,1.10136,1.16858,2.20139,0.000144874,0.000832002,0.00137564,-0.000215413,8.60673e-05,-0.000232368,-0.000696084,0,0,0,0,0,0,0,-0.176685,26.7144,-24.6612,7.47104,0.825212,2.50601,0.0972387,-0.187329,2.16546,-3.00177,1.87644,0.180407,0.908965,0.0519592
1725236,1,-2.75261,-1.32534,1.01105,-1.94698,1.10108,1.16772,2.20138,-2.75266,-1.32422,1.00895,-1.94565,1.10136,1.16858,2.20139,9.65829e-05,0.000554668,0.000917095,-0.000143608,-0.000349523,8.24472e-05,0.000248021,0,0,0,0,0,0,0,-0.176685,26.7144,-24.6612,7.47104,0.836199,2.4996,0.0780126,-0.1864,2.16488,-3.00137,1.87683,0.18044,0.908967,0.0524134
1725237,1,-2.75261,-1.32534,1.01104,-1.94698,1.10108,1.16772,2.20138,-2.75266,-1.32422,1.00895,-1.94565,1.10136,1.16858,2.20139,-0.000492423,-0.000187033,-0.000502227,-9.5739e-05,0.000173886,-0.000419753,0.000402706,0,0,0,0,0,0,0,-0.152882,26.7383,-24.6136,7.47104,0.825212,2.51242,0.071604,-0.185022,2.16422,-3.0018,1.87759,0.180492,0.90904,0.052936
1725238,1,-2.75261,-1.32534,1.01105,-1.94698,1.10108,1.16772,2.20138,-2.75266,-1.32422,1.00895,-1.94565,1.10136,1.16858,2.20139,0.00022853,-0.000124689,0.00198523,-6.3826e-05,-8.75266e-05,0.000432241,0.00050583,0,0,0,0,0,0,0,-0.176685,26.7383,-24.7128,7.47104,0.830705,2.49319,0.0651953,-0.183635,2.16408,-3.00276,1.8783,0.180557,0.909142,0.0535033
1725239,1,-2.75261,-1.32534,1.01104,-1.94698,1.10108,1.16772,2.20138,-2.75266,-1.32422,1.00895,-1.94565,1.10136,1.16858,2.20139,0.00135878,0.0011233,-0.00043975,-4.25507e-05,0.000145099,-0.000423916,-0.000374857,0,0,0,0,0,0,0,-0.22826,26.6867,-24.6374,7.47104,0.825212,2.51242,0.0844213,-0.18346,2.16471,-3.00427,1.87841,0.180578,0.909305,0.054085
1725240,1,-2.75261,-1.32534,1.01104,-1.94698,1.10108,1.16772,2.20138,-2.75266,-1.32422,1.00895,-1.94565,1.10136,1.16858,2.20139,0.000349041,-0.000457559,-0.00149959,0.000528445,9.6733e-05,0.000192107,-1.25458e-05,0,0,0,0,0,0,0,-0.204456,26.7383,-24.5858,7.44724,0.825212,2.4996,0.0780126,-0.185294,2.16487,-3.00413,1.87753,0.180515,0.909398,0.0546601
1725241,1,-2.75261,-1.32534,1.01104,-1.94698,1.10108,1.16772,2.20139,-2.75266,-1.32422,1.00895,-1.94565,1.10136,1.16858,2.20139,-0.00041692,0.000251772,0.000206698,0.000352297,-0.000342412,-0.000109287,0.00117843,0,0,0,0,0,0,0,-0.176685,26.7144,-24.6374,7.44724,0.836199,2.50601,0.0459692,-0.187719,2.16436,-3.00213,1.87615,0.180423,0.909356,0.055226
1725242,1,-2.75261,-1.32534,1.01105,-1.94698,1.10108,1.16772,2.20138,-2.75266,-1.32422,1.00895,-1.94565,1.10136,1.16858,2.20139,0.000371667,-0.00159539,0.000137798,-0.000321948,-0.000228275,-0.000310217,-0.000163815,0,0,0,0,0,0,0,-0.204456,26.7898,-24.6374,7.47104,0.836199,2.51242,0.071604,-0.189449,2.16458,-3.00087,1.87497,0.180379,0.909328,0.0557735
1725243,1,-2.75261,-1.32534,1.01105,-1.94698,1.10108,1.16772,2.20138,-2.75266,-1.32422,1.00895,-1.94565,1.10136,1.16858,2.20139,0.000247778,0.000142833,0.000648678,-0.000214632,0.000458168,0.000267906,-0.00010921,0,0,0,0,0,0,0,-0.204456,26.7383,-24.6612,7.47104,0.819719,2.4996,0.071604,-0.190937,2.16628,-3.00139,1.87399,0.180386,0.909419,0.0562807
1725244,1,-2.75261,-1.32534,1.01104,-1.94698,1.10108,1.16772,2.20138,-2.75266,-1.32422,1.00895,-1.94565,1.10136,1.16858,2.20139,0.000165185,9.52219e-05,-0.000681172,0.000413724,0.000101995,0.000178604,-0.000784884,0,0,0,0,0,0,0,-0.204456,26.7383,-24.6136,7.44724,0.825212,2.4996,0.09083,-0.192199,2.16795,-3.00224,1.87326,0.180412,0.909549,0.0567465
1725245,1,-2.75261,-1.32534,1.01104,-1.94698,1.10108,1.16772,2.20139,-2.75266,-1.32422,1.00895,-1.94565,1.10136,1.16858,2.20139,0.000110124,0.000620293,-0.000454115,0.000275816,-0.000135454,-0.000355648,0.00140952,0,0,0,0,0,0,0,-0.204456,26.7144,-24.6136,7.44724,0.830705,2.51242,0.038645,-0.192951,2.16806,-3.00176,1.8728,0.180433,0.909596,0.0571895
1725246,1,-2.75261,-1.32534,1.01104,-1.94698,1.10108,1.16772,2.20139,-2.75266,-1.32422,1.00895,-1.94565,1.10136,1.16858,2.20139,-0.000576198,0.000413529,0.000254069,-0.000372935,0.000113148,0.000237619,0.0014144,0,0,0,0,0,0,0,-0.176685,26.7144,-24.6374,7.47104,0.825212,2.4996,0.0258276,-0.192542,2.1666,-3.00032,1.87304,0.180486,0.90958,0.0576149
1725247,1,-2.75261,-1.32534,1.01104,-1.94698,1.10108,1.16772,2.20139,-2.75266,-1.32422,1.00895,-1.94565,1.10136,1.16858,2.20139,-0.000384132,0.000275686,0.000169379,0.000308189,-0.000331469,0.000158413,0.000196949,0,0,0,0,0,0,0,-0.176685,26.7144,-24.6374,7.44724,0.836199,2.4996,0.0459692,-0.19046,2.16436,-2.9992,1.87425,0.180605,0.909574,0.0579859
1725248,1,-2.75261,-1.32534,1.01105,-1.94698,1.10108,1.16772,2.20139,-2.75266,-1.32422,1.00895,-1.94565,1.10136,1.16858,2.20139,-0.0008129,0.000183791,0.000669731,0.000762271,-0.000220979,-0.000369109,-0.00010606,0,0,0,0,0,0,0,-0.152882,26.7144,-24.6612,7.42344,0.836199,2.51242,0.0523779,-0.187581,2.16239,-2.99899,1.8757,0.180746,0.9096,0.0582603
1725249,1,-2.75261,-1.32534,1.01104,-1.94698,1.10108,1.16772,2.20139,-2.75266,-1.32422,1.00895,-1.94565,1.10136,1.16858,2.20139,1.48786e-05,-0.000434285,-0.000110324,-4.86311e-05,0.000259581,-0.000246073,-7.07066e-05,0,0,0,0,0,0,0,-0.176685,26.7383,-24.6374,7.44724,0.825212,2.51242,0.0523779,-0.18502,2.16135,-2.99965,1.87669,0.180871,0.909668,0.0584349
1725250,1,-2.75261,-1.32534,1.01105,-1.94698,1.10108,1.16772,2.20139,-2.75266,-1.32422,1.00895,-1.94565,1.10136,1.16858,2.20139,9.91906e-06,0.000267289,0.00168969,-3.24208e-05,0.000173054,-0.000164049,0.000936206,0,0,0,0,0,0,0,-0.176685,26.7144,-24.7128,7.44724,0.825212,2.51242,0.0258276,-0.183378,2.16149,-3.00127,1.87718,0.180979,0.909824,0.058529
1725251,1,-2.75261,-1.32534,1.01104,-1.94698,1.10108,1.16772,2.20139,-2.75266,-1.32422,1.00895,-1.94565,1.10136,1.16858,2.20139,6.61271e-06,0.000178192,-0.00119359,-2.16138e-05,0.000556179,0.000127993,-0.000359207,0,0,0,0,0,0,0,-0.176685,26.7144,-24.6136,7.44724,0.81331,2.50601,0.0523779,-0.182476,2.16194,-3.0031,1.87742,0.18107,0.910036,0.0585505
1725252,1,-2.75261,-1.32534,1.01105,-1.94698,1.10108,1.16772,2.20139,-2.75266,-1.32422,1.00895,-1.94565,1.10136,1.16858,2.20139,0.000654022,0.000118795,-0.000238915,-0.000571221,-7.00235e-05,8.53288e-05,0.000743873,0,0,0,0,0,0,0,-0.204456,26.7144,-24.6374,7.47104,0.825212,2.50601,0.0258276,-0.182247,2.16154,-3.00341,1.87751,0.181136,0.91019,0.0584957
1725253,1,-2.75261,-1.32534,1.01104,-1.94698,1.10108,1.16772,2.20139,-2.75266,-1.32422,1.00895,-1.94565,1.10136,1.16858,2.20139,0.000436015,-0.00112723,-0.000716089,-0.000380814,-0.000453583,5.68859e-05,-0.00025007,0,0,0,0,0,0,0,-0.204456,26.766,-24.6136,7.47104,0.836199,2.50601,0.0459692,-0.183171,2.1611,-3.00256,1.87724,0.181171,0.910306,0.0583665
1725254,1,-2.75261,-1.32534,1.01105,-1.94698,1.10108,1.16772,2.20139,-2.75266,-1.32422,1.00895,-1.94565,1.10136,1.16858,2.20139,0.000290677,-0.000101872,0.000636231,-0.000253876,-0.000302389,3.79239e-05,0.000341913,0,0,0,0,0,0,0,-0.204456,26.7383,-24.6612,7.47104,0.836199,2.50601,0.0322363,-0.185014,2.16177,-3.00215,1.87656,0.181186,0.910462,0.0581687
1725255,1,-2.75261,-1.32534,1.01104,-1.94698,1.10108,1.16772,2.20139,-2.75266,-1.32422,1.00895,-1.94565,1.10136,1.16858,2.20139,0.000750596,0.00113851,-0.000132658,-0.000169251,1.85792e-06,0.000262642,0.000227942,0,0,0,0,0,0,0,-0.22826,26.6867,-24.6374,7.47104,0.830705,2.4996,0.0322363,-0.186877,2.16248,-3.00216,1.87592,0.181194,0.910648,0.0579155
1725256,1,-2.75261,-1.32534,1.01105,-1.94698,1.10108,1.16772,2.20139,-2.75266,-1.32422,1.00895,-1.94565,1.10136,1.16858,2.20139,-0.000706028,-0.000447419,0.00111799,-0.00131926,0.000204689,-6.22646e-05,-8.53976e-05,0,0,0,0,0,0,0,-0.176685,26.7383,-24.689,7.52262,0.825212,2.50601,0.038645,-0.187497,2.16218,-3.00242,1.87616,0.181248,0.91085,0.0576168
1725257,1,-2.75261,-1.32534,1.01105,-1.94698,1.10108,1.16772,2.20139,-2.75266,-1.32422,1.00895,-1.94565,1.10136,1.16858,2.20139,-0.000470686,-0.000947893,9.5711e-05,-0.000322695,0.000136459,-4.15097e-05,-5.69317e-05,0,0,0,0,0,0,0,-0.176685,26.766,-24.6612,7.49881,0.825212,2.50601,0.038645,-0.186195,2.16198,-3.00389,1.87755,0.181401,0.911091,0.0572751
1725258,1,-2.75261,-1.32534,1.01105,-1.94698,1.10108,1.16772,2.20139,-2.75266,-1.32422,1.00895,-1.94565,1.10136,1.16858,2.20139,-0.00152022,0.000574497,6.38073e-05,0.000434484,0.000294423,-0.000265032,-3.79545e-05,0,0,0,0,0,0,0,-0.125111,26.7144,-24.6612,7.47104,0.819719,2.51242,0.038645,-0.183394,2.16194,-3.00593,1.87948,0.181599,0.911296,0.0568985
1725259,1,-2.75261,-1.32534,1.01105,-1.94698,1.10108,1.16772,2.20139,-2.75266,-1.32422,1.00895,-1.94565,1.10136,1.16858,2.20139,0.000842562,0.000382998,-0.000514274,0.000289656,-7.16821e-06,-0.000176688,0.000449415,0,0,0,0,0,0,0,-0.204456,26.7144,-24.6374,7.47104,0.825212,2.51242,0.0258276,-0.180478,2.16095,-3.00677,1.8811,0.181738,0.911387,0.0564982
1725260,1,-2.75261,-1.32534,1.01105,-1.94698,1.10108,1.16772,2.20139,-2.75266,-1.32422,1.00895,-1.94565,1.10136,1.16858,2.20139,-8.79057e-05,-0.00030148,0.000213963,0.000193104,-0.00061513,0.000356926,-0.000683734,0,0,0,0,0,0,0,-0.176685,26.7383,-24.6612,7.47104,0.841692,2.4996,0.0523779,-0.179433,2.15985,-3.0065,1.88159,0.18176,0.911425,0.056075
1725261,1,-2.75261,-1.32534,1.01105,-1.94698,1.10108,1.16772,2.20139,-2.75266,-1.32422,1.00895,-1.94565,1.10136,1.16858,2.20139,-0.000615416,-0.000850601,0.000142642,0.000128736,0.000403715,5.91621e-07,0.000527521,0,0,0,0,0,0,0,-0.152882,26.766,-24.6612,7.47104,0.819719,2.50601,0.0258276,-0.179803,2.15992,-3.00659,1.88123,0.181723,0.91149,0.0556324
1725262,1,-2.75261,-1.32534,1.01104,-1.94698,1.10108,1.16772,2.20139,-2.75266,-1.32422,1.00895,-1.94565,1.10136,1.16858,2.20139,0.000796149,0.000639359,-0.000461717,0.000642636,-0.000137758,-0.000711682,-0.000394304,0,0,0,0,0,0,0,-0.204456,26.7144,-24.6374,7.44724,0.830705,2.52523,0.0459692,-0.180737,2.1607,-3.00699,1.88045,0.181663,0.911572,0.0551834
1725263,1,-2.75261,-1.32534,1.01105,-1.94698,1.10108,1.16772,2.20139,-2.75266,-1.32422,1.00895,-1.94565,1.10136,1.16858,2.20139,-0.000118848,0.00107585,0.000898614,0.000428424,-0.000295289,2.62943e-07,-0.000737587,0,0,0,0,0,0,0,-0.176685,26.6867,-24.689,7.44724,0.836199,2.51242,0.0587866,-0.18235,2.16091,-3.00685,1.87934,0.181555,0.911654,0.0547364
1725264,1,-2.75261,-1.32534,1.01105,-1.94698,1.10108,1.16772,2.20139,-2.75266,-1.32422,1.00895,-1.94565,1.10136,1.16858,2.20139,-0.000636044,6.76215e-05,-5.05377e-05,0.000285616,0.000413492,0.000474893,0.000728978,0,0,0,0,0,0,0,-0.152882,26.7144,-24.6612,7.44724,0.819719,2.4996,0.0258276,-0.183234,2.16017,-3.00663,1.87865,0.181462,0.911754,0.054307
1725265,1,-2.75261,-1.32534,1.01105,-1.94698,1.10108,1.16772,2.20138,-2.75266,-1.32422,1.00895,-1.94565,1.10136,1.16858,2.20139,-0.000424029,-0.00116134,-3.36918e-05,-0.00101602,-0.00033469,-0.000158122,-0.00168415,0,0,0,0,0,0,0,-0.152882,26.766,-24.6612,7.49881,0.836199,2.51242,0.0844213,-0.182645,2.15942,-3.00696,1.87882,0.181463,0.911879,0.0539043
1725266,1,-2.75261,-1.32534,1.01105,-1.94698,1.10108,1.16772,2.20139,-2.75266,-1.32422,1.00895,-1.94565,1.10136,1.16858,2.20139,-0.000282686,0.000432196,0.000627153,0.000529082,-1.96762e-05,-0.000105415,6.40257e-05,0,0,0,0,0,0,0,-0.152882,26.7144,-24.689,7.44724,0.830705,2.51242,0.0523779,-0.181356,2.15937,-3.00801,1.87952,0.181543,0.912049,0.053536
1725267,1,-2.75261,-1.32534,1.01104,-1.94698,1.10108,1.16772,2.20139,-2.75266,-1.32422,1.00895,-1.94565,1.10136,1.16858,2.20139,0.000368354,-0.000268681,-0.000788324,-0.00020409,-0.000216568,-7.02766e-05,-0.000432034,0,0,0,0,0,0,0,-0.176685,26.7383,-24.6374,7.47104,0.836199,2.51242,0.0651953,-0.180495,2.15954,-3.00905,1.88001,0.181618,0.912232,0.0532266
1725268,1,-2.75261,-1.32534,1.01105,-1.94698,1.10108,1.16772,2.20139,-2.75266,-1.32422,1.00895,-1.94565,1.10136,1.16858,2.20139,0.000895184,0.000377691,0.000680877,-0.00013606,5.90719e-05,0.000190508,0.000695321,0,0,0,0,0,0,0,-0.204456,26.7144,-24.689,7.47104,0.830705,2.50601,0.038645,-0.181036,2.15971,-3.00945,1.87984,0.181646,0.912409,0.0529872
1725269,1,-2.75261,-1.32534,1.01105,-1.94698,1.10108,1.16772,2.20138,-2.75266,-1.32422,1.00895,-1.94565,1.10136,1.16858,2.20139,-5.28249e-05,-0.000305018,-0.000752508,-9.07068e-05,0.000242832,0.000127005,-0.00146923,0,0,0,0,0,0,0,-0.176685,26.7383,-24.6374,7.47104,0.825212,2.50601,0.09083,-0.182647,2.16001,-3.00954,1.87922,0.181647,0.912595,0.0528072
1725270,1,-2.75261,-1.32534,1.01105,-1.94698,1.10108,1.16771,2.20138,-2.75266,-1.32422,1.00895,-1.94565,1.10136,1.16858,2.20139,-3.52166e-05,0.000353467,0.000704754,-6.04712e-05,0.000365338,-0.000152689,-0.000742129,0,0,0,0,0,0,0,-0.176685,26.7144,-24.689,7.47104,0.819719,2.51242,0.0844213,-0.183958,2.1601,-3.00958,1.87875,0.181661,0.91277,0.0526846
1725271,1,-2.75261,-1.32534,1.01105,-1.94698,1.10108,1.16772,2.20138,-2.75266,-1.32422,1.00895,-1.94565,1.10136,1.16858,2.20139,0.000626136,-0.000321167,0.000469836,0.000516498,0.000243559,0.000372925,0.000217324,0,0,0,0,0,0,0,-0.204456,26.7383,-24.689,7.44724,0.819719,2.4996,0.0651953,-0.185044,2.16048,-3.01023,1.87825,0.181663,0.912963,0.0526425
1725272,1,-2.75261,-1.32534,1.01105,-1.94698,1.10108,1.16772,2.20138,-2.75266,-1.32422,1.00895,-1.94565,1.10136,1.16858,2.20139,-0.00023219,-0.000863726,0.000313224,-0.000862094,-0.000447979,-0.00046346,0.000144883,0,0,0,0,0,0,0,-0.176685,26.766,-24.689,7.49881,0.836199,2.51882,0.0651953,-0.186431,2.16188,-3.01192,1.87751,0.181643,0.913204,0.0526933
1725273,1,-2.75261,-1.32534,1.01105,-1.94698,1.10108,1.16772,2.20138,-2.75266,-1.32422,1.00895,-1.94565,1.10136,1.16858,2.20139,0.000494821,0.000630609,-0.000440798,7.48846e-05,-0.000298653,-7.16143e-05,-0.000615488,0,0,0,0,0,0,0,-0.204456,26.7144,-24.6612,7.47104,0.836199,2.51242,0.0844213,-0.187367,2.16325,-3.01365,1.87719,0.181655,0.913439,0.0528208
1725274,1,-2.75261,-1.32534,1.01105,-1.94698,1.10108,1.16772,2.20138,-2.75266,-1.32422,1.00895,-1.94565,1.10136,1.16858,2.20139,-0.000876545,-0.000136406,-0.000293865,0.000606735,-0.000199102,-4.77429e-05,-0.0011224,0,0,0,0,0,0,0,-0.152882,26.7383,-24.6612,7.44724,0.836199,2.51242,0.103647,-0.18744,2.16329,-3.0142,1.87735,0.181691,0.913586,0.0530122
1725275,1,-2.75261,-1.32534,1.01105,-1.94698,1.10108,1.16772,2.20138,-2.75266,-1.32422,1.00895,-1.94565,1.10136,1.16858,2.20139,-0.000584364,0.000465875,-0.00019591,-0.00135875,0.000477617,0.00020553,0.000675885,0,0,0,0,0,0,0,-0.152882,26.7144,-24.6612,7.52262,0.819719,2.50601,0.0651953,-0.185819,2.16181,-3.0138,1.87836,0.181789,0.913647,0.0532797
1725276,1,-2.75261,-1.32534,1.01105,-1.94698,1.10108,1.16772,2.20138,-2.75266,-1.32422,1.00895,-1.94565,1.10136,1.16858,2.20139,0.000167236,-0.000246229,0.000519007,0.000300594,-8.84897e-05,-0.000100339,-2.41276e-05,0,0,0,0,0,0,0,-0.176685,26.7383,-24.689,7.47104,0.830705,2.51242,0.0780126,-0.182854,2.15971,-3.01351,1.88029,0.18196,0.913714,0.0536317
1725277,1,-2.75261,-1.32534,1.01105,-1.94698,1.10108,1.16772,2.20138,-2.75266,-1.32422,1.00895,-1.94565,1.10136,1.16858,2.20139,0.00131792,0.00104227,0.000346005,-0.000449218,-5.89931e-05,0.000170466,-0.000253444,0,0,0,0,0,0,0,-0.22826,26.6867,-24.689,7.49881,0.830705,2.50601,0.0844213,-0.181261,2.15833,-3.01377,1.88162,0.182074,0.91385,0.0540445
1725278,1,-2.75261,-1.32534,1.01105,-1.94698,1.10108,1.16772,2.20138,-2.75266,-1.32422,1.00895,-1.94565,1.10136,1.16858,2.20139,-0.000327815,4.52349e-05,-0.000418944,0.000350135,-3.93287e-05,0.000113644,-0.000168963,0,0,0,0,0,0,0,-0.176685,26.7144,-24.6612,7.47104,0.830705,2.50601,0.0844213,-0.181536,2.15738,-3.01394,1.88199,0.182096,0.914004,0.0544981
1725279,1,-2.75261,-1.32534,1.01105,-1.94698,1.10108,1.16772,2.20138,-2.75266,-1.32422,1.00895,-1.94565,1.10136,1.16858,2.20139,-0.000218543,3.01566e-05,-0.000836108,0.000790235,-0.00022967,-0.000161596,0.000124717,0,0,0,0,0,0,0,-0.176685,26.7144,-24.6374,7.44724,0.836199,2.51242,0.0780126,-0.182154,2.15624,-3.01334,1.88191,0.182087,0.914076,0.0549874
1725280,1,-2.75261,-1.32534,1.01105,-1.94698,1.10108,1.16772,2.20138,-2.75266,-1.32422,1.00895,-1.94565,1.10136,1.16858,2.20139,-0.000145695,-0.00118632,0.000649021,0.000526824,5.03374e-05,0.000604346,-0.000154214,0,0,0,0,0,0,0,-0.176685,26.766,-24.689,7.44724,0.830705,2.49319,0.0844213,-0.183015,2.15604,-3.01296,1.8812,0.182057,0.914098,0.0555046
1725281,1,-2.75261,-1.32534,1.01105,-1.94698,1.10108,1.16772,2.20139,-2.75266,-1.32422,1.00895,-1.94565,1.10136,1.16858,2.20139,-9.71303e-05,-0.000141267,-0.000773746,-0.000205596,-0.000373343,-7.18205e-05,0.00108399,0,0,0,0,0,0,0,-0.176685,26.7383,-24.6374,7.47104,0.841692,2.50601,0.0523779,-0.184179,2.15727,-3.01362,1.88009,0.182037,0.914148,0.056042
1725282,1,-2.75261,-1.32534,1.01105,-1.94698,1.10108,1.16772,2.20138,-2.75266,-1.32422,1.00895,-1.94565,1.10136,1.16858,2.20139,-0.000621565,0.000462634,4.09816e-05,-0.00134349,-4.54447e-05,0.000189479,1.058e-05,0,0,0,0,0,0,0,-0.152882,26.7144,-24.6612,7.52262,0.836199,2.4996,0.071604,-0.183966,2.1578,-3.01423,1.88011,0.182124,0.914192,0.0565873
1725283,1,-2.75261,-1.32534,1.01104,-1.94698,1.10108,1.16772,2.20138,-2.75266,-1.32422,1.00895,-1.94565,1.10136,1.16858,2.20139,-0.000414377,0.000308423,-0.0010863,-0.000338848,0.000580055,0.000126319,-0.000705023,0,0,0,0,0,0,0,-0.152882,26.7144,-24.6136,7.49881,0.819719,2.4996,0.09083,-0.181412,2.15612,-3.01383,1.882,0.182351,0.914182,0.0571182
1725284,1,-2.75261,-1.32534,1.01104,-1.94698,1.10108,1.16772,2.20138,-2.75266,-1.32422,1.00895,-1.94565,1.10136,1.16858,2.20139,0.000280561,-0.000351197,-0.00016739,-0.000225899,-2.01976e-05,-0.000390505,-0.000470016,0,0,0,0,0,0,0,-0.176685,26.7383,-24.6374,7.49881,0.830705,2.51242,0.09083,-0.178524,2.15368,-3.01276,1.88427,0.1826,0.914129,0.0576272
1725285,1,-2.75261,-1.32534,1.01105,-1.94698,1.10108,1.16772,2.20138,-2.75266,-1.32422,1.00895,-1.94565,1.10136,1.16858,2.20139,-0.000369772,-0.000234131,0.00109483,-0.000150599,0.000189985,-2.29778e-05,0.000636092,0,0,0,0,0,0,0,-0.152882,26.7383,-24.689,7.49881,0.825212,2.50601,0.0651953,-0.176912,2.15264,-3.01264,1.88572,0.18278,0.914134,0.0581333
1725286,1,-2.75261,-1.32534,1.01104,-1.94698,1.10108,1.16772,2.20139,-2.75266,-1.32422,1.00895,-1.94565,1.10136,1.16858,2.20139,-0.000246514,0.000400724,-0.00103335,-0.000100399,0.000126657,-1.53186e-05,0.00113614,0,0,0,0,0,0,0,-0.152882,26.7144,-24.6136,7.49881,0.825212,2.50601,0.0459692,-0.175792,2.15263,-3.01362,1.88676,0.182913,0.914198,0.0586453
1725287,1,-2.75261,-1.32534,1.01105,-1.94698,1.10108,1.16772,2.20139,-2.75266,-1.32422,1.00895,-1.94565,1.10136,1.16858,2.20139,0.000392469,0.00026715,0.00107434,-6.69329e-05,8.4438e-05,-0.000247571,0.00102869,0,0,0,0,0,0,0,-0.176685,26.7144,-24.689,7.49881,0.825212,2.51242,0.038645,-0.174937,2.15245,-3.01441,1.88762,0.183002,0.914252,0.059137
1725288,1,-2.75261,-1.32534,1.01105,-1.94698,1.10108,1.16772,2.20139,-2.75266,-1.32422,1.00895,-1.94565,1.10136,1.16858,2.20139,-0.000295166,0.0001781,6.66115e-05,0.000604992,0.000259743,-0.000165048,-6.019e-05,0,0,0,0,0,0,0,-0.152882,26.7144,-24.6612,7.47104,0.819719,2.51242,0.0587866,-0.174877,2.15264,-3.01545,1.88794,0.183017,0.914333,0.0595651
1725289,1,-2.75261,-1.32534,1.01105,-1.94698,1.10108,1.16772,2.20139,-2.75266,-1.32422,1.00895,-1.94565,1.10136,1.16858,2.20139,-0.000846391,0.000118733,4.44077e-05,0.000403328,-0.00043719,-0.000110032,0.00141794,0,0,0,0,0,0,0,-0.125111,26.7144,-24.6612,7.47104,0.836199,2.51242,0.0194189,-0.174846,2.15308,-3.01676,1.88794,0.182984,0.914418,0.0599033
1725290,1,-2.75261,-1.32534,1.01105,-1.94698,1.10108,1.16772,2.20139,-2.75266,-1.32422,1.00895,-1.94565,1.10136,1.16858,2.20139,0.000642165,0.000728769,2.96051e-05,0.000268885,-0.00049491,-7.33545e-05,0.000470572,0,0,0,0,0,0,0,-0.176685,26.6867,-24.6612,7.47104,0.841692,2.51242,0.0322363,-0.174537,2.15309,-3.01754,1.88792,0.182937,0.914466,0.0601392
1725291,1,-2.75261,-1.32534,1.01105,-1.94699,1.10108,1.16772,2.20139,-2.75266,-1.32422,1.00895,-1.94565,1.10136,1.16858,2.20139,0.00107772,-0.00072058,0.000669351,-0.00158398,7.69607e-05,-4.8903e-05,7.6356e-05,0,0,0,0,0,0,0,-0.204456,26.7383,-24.689,7.54642,0.830705,2.51242,0.038645,-0.175231,2.15339,-3.01828,1.88772,0.182883,0.914574,0.060255
1725292,1,-2.75261,-1.32534,1.01105,-1.94698,1.10108,1.16772,2.20139,-2.75266,-1.32422,1.00895,-1.94565,1.10136,1.16858,2.20139,6.88687e-05,7.64255e-05,0.000446234,0.00126406,0.000254758,0.000442116,-0.000220363,0,0,0,0,0,0,0,-0.176685,26.7144,-24.689,7.44724,0.825212,2.4996,0.0459692,-0.177336,2.15496,-3.01983,1.88709,0.182821,0.914788,0.0602456
1725293,1,-2.75261,-1.32534,1.01105,-1.94698,1.10108,1.16772,2.20139,-2.75266,-1.32422,1.00895,-1.94565,1.10136,1.16858,2.20139,0.000695526,-0.000505862,0.00141111,-0.000363718,-3.36121e-05,-0.000179974,0.000124358,0,0,0,0,0,0,0,-0.204456,26.7383,-24.7366,7.49881,0.830705,2.51242,0.038645,-0.180233,2.15777,-3.02241,1.88581,0.182725,0.915059,0.0601311
1725294,1,-2.75261,-1.32534,1.01105,-1.94698,1.10108,1.16772,2.20139,-2.75266,-1.32422,1.00895,-1.94565,1.10136,1.16858,2.20139,0.000463684,-0.000986855,0.00038393,-0.000242478,0.000181042,-0.000594701,0.000557624,0,0,0,0,0,0,0,-0.204456,26.766,-24.7128,7.49881,0.825212,2.52523,0.0258276,-0.183487,2.16161,-3.02604,1.88425,0.182621,0.915385,0.0599366
1725295,1,-2.75261,-1.32534,1.01105,-1.94698,1.10108,1.16772,2.20139,-2.75266,-1.32422,1.00895,-1.94565,1.10136,1.16858,2.20139,-0.000897303,-0.000657903,-0.000950472,-0.000718464,-8.27555e-05,-0.000159108,-0.000102969,0,0,0,0,0,0,0,-0.152882,26.766,-24.6612,7.52262,0.830705,2.51882,0.038645,-0.185734,2.16513,-3.02934,1.88344,0.182593,0.915684,0.0596733
1725296,1,-2.75261,-1.32534,1.01105,-1.94698,1.10108,1.16772,2.20139,-2.75266,-1.32422,1.00895,-1.94565,1.10136,1.16858,2.20139,0.000608224,0.000767824,-0.000633648,0.00128426,-0.000258621,0.000368646,0.000643431,0,0,0,0,0,0,0,-0.204456,26.7144,-24.6612,7.44724,0.836199,2.50601,0.0194189,-0.186383,2.16642,-3.03029,1.8835,0.182623,0.915814,0.0593433
1725297,1,-2.75261,-1.32534,1.01105,-1.94698,1.10108,1.16772,2.20139,-2.75266,-1.32422,1.00895,-1.94565,1.10136,1.16858,2.20139,-0.000244131,-0.00125136,-0.000422432,0.000856174,3.10366e-05,0.000245764,-0.00055439,0,0,0,0,0,0,0,-0.176685,26.7898,-24.6612,7.44724,0.830705,2.50601,0.0459692,-0.187278,2.16641,-3.0293,1.88303,0.182596,0.915802,0.0589484
1725298,1,-2.75261,-1.32534,1.01105,-1.94698,1.10108,1.16772,2.20139,-2.75266,-1.32422,1.00895,-1.94565,1.10136,1.16858,2.20139,-0.000162754,0.00157861,-0.000281621,-0.00119245,0.000224142,0.000401202,0.000139033,0,0,0,0,0,0,0,-0.176685,26.6867,-24.6612,7.52262,0.825212,2.4996,0.0322363,-0.187823,2.16564,-3.02767,1.88266,0.182569,0.915742,0.0585006
1725299,1,-2.75261,-1.32534,1.01105,-1.94698,1.10108,1.16771,2.20139,-2.75266,-1.32422,1.00895,-1.94565,1.10136,1.16858,2.20139,0.000541111,-0.000154016,-0.000187748,-0.000238158,0.000149428,-0.00020725,9.26885e-05,0,0,0,0,0,0,0,-0.204456,26.7383,-24.6612,7.49881,0.825212,2.51242,0.0322363,-0.186596,2.16314,-3.0256,1.88382,0.182641,0.915688,0.058024
1725300,1,-2.75261,-1.32534,1.01105,-1.94698,1.10108,1.16772,2.20139,-2.75266,-1.32422,1.00895,-1.94565,1.10136,1.16858,2.20139,0.000360741,-0.000102677,-0.000125165,-0.000715584,-0.000103832,-0.000138167,-0.000446834,0,0,0,0,0,0,0,-0.204456,26.7383,-24.6612,7.52262,0.830705,2.51242,0.0459692,-0.18527,2.16046,-3.0238,1.8855,0.182742,0.915683,0.0575274
1725301,1,-2.75261,-1.32534,1.01105,-1.94698,1.10108,1.16771,2.20139,-2.75266,-1.32422,1.00895,-1.94565,1.10136,1.16858,2.20139,0.000240494,-0.000718065,0.000566171,-0.000477056,0.000134229,-0.00032947,0.000922814,0,0,0,0,0,0,0,-0.204456,26.766,-24.689,7.52262,0.825212,2.51882,0.0130102,-0.184731,2.15931,-3.02331,1.88691,0.182832,0.915772,0.0570159
1725302,1,-2.75261,-1.32534,1.01105,-1.94698,1.10108,1.16772,2.20139,-2.75266,-1.32422,1.00895,-1.94565,1.10136,1.16858,2.20139,0.000160329,0.00137733,0.000934259,0.000238775,-0.000317415,-0.000219647,-0.000605494,0,0,0,0,0,0,0,-0.204456,26.6867,-24.7128,7.49881,0.836199,2.51882,0.0459692,-0.184327,2.15914,-3.02422,1.88825,0.182906,0.915952,0.056496
1725303,1,-2.75261,-1.32534,1.01105,-1.94698,1.10108,1.16771,2.20139,-2.75266,-1.32422,1.00895,-1.94565,1.10136,1.16858,2.20139,-0.000542728,-0.00093782,0.00117965,0.00136561,0.000398742,9.09278e-05,0.000342323,0,0,0,0,0,0,0,-0.176685,26.766,-24.7366,7.44724,0.819719,2.51242,0.0258276,-0.183943,2.15958,-3.02635,1.88914,0.182924,0.916184,0.0559641
1725304,1,-2.75261,-1.32534,1.01105,-1.94698,1.10108,1.16772,2.20139,-2.75266,-1.32422,1.00895,-1.94565,1.10136,1.16858,2.20139,-0.00091863,0.000581212,-0.00032719,0.000353594,-0.000141073,-0.00017674,-0.00051777,0,0,0,0,0,0,0,-0.152882,26.7144,-24.689,7.47104,0.830705,2.51882,0.0459692,-0.183278,2.16055,-3.02907,1.88951,0.182899,0.916396,0.0554222
1725305,1,-2.75261,-1.32534,1.01105,-1.94698,1.10108,1.16771,2.20138,-2.75266,-1.32422,1.00895,-1.94565,1.10136,1.16858,2.20139,0.000594006,0.000387475,-0.00086774,-0.000970697,-0.000297499,0.000119532,-0.00105726,0,0,0,0,0,0,0,-0.204456,26.7144,-24.6612,7.52262,0.836199,2.51242,0.0651953,-0.181795,2.16023,-3.03035,1.89034,0.18291,0.916513,0.0548814
1725306,1,-2.75261,-1.32534,1.01105,-1.94698,1.10108,1.16771,2.20139,-2.75266,-1.32422,1.00895,-1.94565,1.10136,1.16858,2.20139,0.000396004,0.000258317,7.11203e-05,-0.000647131,-0.000198333,-0.000157671,0.000278506,0,0,0,0,0,0,0,-0.204456,26.7144,-24.689,7.52262,0.836199,2.51882,0.038645,-0.180297,2.1583,-3.02971,1.89188,0.182975,0.916576,0.0543656
1725307,1,-2.75261,-1.32534,1.01105,-1.94698,1.10108,1.16771,2.20139,-2.75266,-1.32422,1.00895,-1.94565,1.10136,1.16858,2.20139,0.000264002,-0.000384601,4.74136e-05,-0.000431421,0.00047813,-0.000105114,-0.000322955,0,0,0,0,0,0,0,-0.204456,26.7383,-24.689,7.52262,0.819719,2.51882,0.0523779,-0.179661,2.15664,-3.02897,1.89339,0.183054,0.916687,0.0538983
1725308,1,-2.75261,-1.32534,1.01105,-1.94698,1.10108,1.16772,2.20139,-2.75266,-1.32422,1.00895,-1.94565,1.10136,1.16858,2.20139,-0.000473612,-0.000256401,0.000588421,-0.000287614,0.000115303,0.000167283,2.20553e-05,0,0,0,0,0,0,0,-0.176685,26.7383,-24.7128,7.52262,0.825212,2.51242,0.0459692,-0.179379,2.15612,-3.02931,1.8947,0.183135,0.916871,0.0534818
1725309,1,-2.75261,-1.32534,1.01106,-1.94698,1.10108,1.16771,2.20138,-2.75266,-1.32422,1.00895,-1.94565,1.10136,1.16858,2.20139,-0.000872553,-0.000170934,0.00215552,0.000365069,-0.000533483,0.000111522,-0.00140945,0,0,0,0,0,0,0,-0.152882,26.7383,-24.7881,7.49881,0.841692,2.51242,0.0844213,-0.178383,2.15682,-3.03161,1.8961,0.183226,0.917143,0.0531145
1725310,1,-2.75261,-1.32534,1.01105,-1.94698,1.10108,1.16771,2.20139,-2.75266,-1.32422,1.00895,-1.94565,1.10136,1.16858,2.20139,-2.48904e-05,-0.000113956,-0.000326226,0.00024338,5.12456e-05,7.4348e-05,0.00048452,0,0,0,0,0,0,0,-0.176685,26.7383,-24.7128,7.49881,0.830705,2.51242,0.0459692,-0.176888,2.15835,-3.0354,1.89738,0.183306,0.917466,0.0528079
1725311,1,-2.75261,-1.32534,1.01105,-1.94698,1.10108,1.16772,2.20139,-2.75266,-1.32422,1.00895,-1.94565,1.10136,1.16858,2.20139,-1.65936e-05,-0.000725584,-0.000217484,-0.000394559,3.41637e-05,-0.000187794,-0.000151704,0,0,0,0,0,0,0,-0.176685,26.766,-24.7128,7.52262,0.830705,2.51882,0.0587866,-0.176175,2.15986,-3.03843,1.89813,0.183355,0.917727,0.0525736
1725312,1,-2.75261,-1.32534,1.01105,-1.94698,1.10108,1.16771,2.20139,-2.75266,-1.32422,1.00895,-1.94565,1.10136,1.16858,2.20139,0.000638552,0.000722703,0.000411823,0.000293773,-0.000180675,-0.000599914,0.000373582,0,0,0,0,0,0,0,-0.204456,26.7144,-24.7366,7.49881,0.836199,2.53164,0.0459692,-0.176691,2.16095,-3.04009,1.89837,0.18337,0.917922,0.0524052
1725313,1,-2.75261,-1.32534,1.01106,-1.94698,1.10108,1.16772,2.20138,-2.75266,-1.32422,1.00895,-1.94565,1.10136,1.16858,2.20139,-0.000223913,-7.501e-05,0.000924163,0.000195848,0.000489902,7.47755e-05,-0.00093774,0,0,0,0,0,0,0,-0.176685,26.7383,-24.7643,7.49881,0.819719,2.51882,0.0780126,-0.177961,2.16174,-3.04143,1.89827,0.183346,0.91813,0.0522882
1725314,1,-2.75261,-1.32534,1.01105,-1.94698,1.10108,1.16771,2.20138,-2.75266,-1.32422,1.00895,-1.94565,1.10136,1.16858,2.20139,-0.000149275,0.00115642,-3.35056e-05,0.000130566,0.000326601,0.000524568,-0.000387801,0,0,0,0,0,0,0,-0.176685,26.6867,-24.7366,7.49881,0.819719,2.50601,0.071604,-0.178796,2.16178,-3.04265,1.89836,0.183315,0.918339,0.0522185
1725316,0.98,-2.75261,-1.32534,1.01105,-1.94698,1.10108,1.16771,2.20139,-2.75266,-1.32422,1.00895,-1.94565,1.10136,1.16858,2.20139,-0.000623157,0.000916106,-0.000386099,-0.000158509,-5.82944e-05,-0.000320696,-0.000726194,0,0,0,0,0,0,0,-0.152882,26.6867,-24.7128,7.49881,0.830705,2.52523,0.0844213,-0.178956,2.15888,-3.04202,1.89903,0.183253,0.918513,0.0522543
1725317,0.97,-2.75261,-1.32534,1.01105,-1.94698,1.10108,1.16771,2.20138,-2.75266,-1.32422,1.00895,-1.94565,1.10136,1.16858,2.20139,-0.000415438,-0.000595689,-0.0002574,0.000543941,0.000164588,0.000498279,-0.000484129,0,0,0,0,0,0,0,-0.152882,26.7383,-24.7128,7.47104,0.825212,2.50601,0.0844213,-0.178127,2.15663,-3.0408,1.89974,0.183258,0.918517,0.0523683
1725318,0.97,-2.75261,-1.32534,1.01105,-1.94698,1.10108,1.16772,2.20138,-2.75266,-1.32422,1.00895,-1.94565,1.10136,1.16858,2.20139,0.000929467,-0.00104674,-0.0001716,0.000362628,-0.000297176,-0.000142532,-0.000797471,0,0,0,0,0,0,0,-0.204456,26.766,-24.7128,7.47104,0.836199,2.51882,0.0972387,-0.178304,2.15582,-3.0403,1.89973,0.183236,0.918563,0.0525521
1725319,0.97,-2.75261,-1.32534,1.01105,-1.94699,1.10108,1.16772,2.20138,-2.75266,-1.32422,1.00895,-1.94565,1.10136,1.16858,2.20139,0.000619645,-4.82125e-05,-0.0001144,-0.00152149,5.33319e-06,-9.50211e-05,-5.69292e-05,0,0,0,0,0,0,0,-0.204456,26.7383,-24.7128,7.54642,0.830705,2.51882,0.0844213,-0.180517,2.15701,-3.0408,1.89879,0.183174,0.91871,0.0528182
1725320,0.97,-2.75261,-1.32534,1.01105,-1.94698,1.10108,1.16771,2.20139,-2.75266,-1.32422,1.00895,-1.94565,1.10136,1.16858,2.20139,-0.000236517,0.00052467,-7.62665e-05,-0.000457512,-0.000199895,0.000174012,0.000199406,0,0,0,0,0,0,0,-0.176685,26.7144,-24.7128,7.52262,0.836199,2.51242,0.0780126,-0.182233,2.15775,-3.04145,1.89875,0.183187,0.918917,0.0531799
1725321,0.97,-2.75261,-1.32534,1.01106,-1.94698,1.10108,1.16772,2.20138,-2.75266,-1.32422,1.00895,-1.94565,1.10136,1.16858,2.20139,-0.000157678,-0.000207032,0.00115558,0.000251804,7.01871e-05,0.000353367,-0.000104422,0,0,0,0,0,0,0,-0.176685,26.7383,-24.7643,7.49881,0.830705,2.50601,0.0844213,-0.182245,2.15756,-3.04251,1.8998,0.183274,0.919142,0.053626
1725322,0.97,-2.75261,-1.32534,1.01105,-1.94698,1.10108,1.16771,2.20138,-2.75266,-1.32422,1.00895,-1.94565,1.10136,1.16858,2.20139,-0.000661931,-0.000138021,0.000120774,0.000817483,-0.000156659,-0.000476499,-6.96143e-05,0,0,0,0,0,0,0,-0.152882,26.7383,-24.7366,7.47104,0.836199,2.52523,0.0844213,-0.181643,2.15791,-3.04472,1.9007,0.18335,0.919382,0.0541317
1725323,0.97,-2.75261,-1.32534,1.01105,-1.94698,1.10108,1.16772,2.20139,-2.75266,-1.32422,1.00895,-1.94565,1.10136,1.16858,2.20139,0.00132195,0.000464798,-0.000476296,0.000544989,0.000505912,-8.03071e-05,-0.000283769,0,0,0,0,0,0,0,-0.22826,26.7144,-24.7128,7.47104,0.819719,2.51882,0.09083,-0.18195,2.15867,-3.04685,1.90064,0.183353,0.919581,0.0546804
1725324,0.97,-2.75261,-1.32534,1.01106,-1.94698,1.10108,1.16772,2.20139,-2.75266,-1.32422,1.00895,-1.94565,1.10136,1.16858,2.20139,-0.000325125,-0.000896561,0.000239281,0.000363326,-0.000273077,-5.35381e-05,0.000522898,0,0,0,0,0,0,0,-0.176685,26.766,-24.7366,7.47104,0.836199,2.51882,0.071604,-0.183916,2.15966,-3.04815,1.8995,0.183276,0.919736,0.0552639
1725325,0.97,-2.75261,-1.32534,1.01106,-1.94698,1.10108,1.16771,2.20139,-2.75266,-1.32422,1.00895,-1.94565,1.10136,1.16858,2.20139,-0.00021675,5.19068e-05,0.000809135,-0.000964209,2.13993e-05,-0.000273051,0.00204402,0,0,0,0,0,0,0,-0.176685,26.7383,-24.7643,7.52262,0.830705,2.52523,0.0258276,-0.185519,2.16102,-3.04998,1.89866,0.183238,0.919928,0.0558739
1725326,0.97,-2.75261,-1.32534,1.01106,-1.94698,1.10108,1.16771,2.20139,-2.75266,-1.32422,1.00895,-1.94565,1.10136,1.16858,2.20139,-0.0001445,3.46046e-05,-0.000110191,-0.000642806,-0.000189184,-0.000182034,0.000379336,0,0,0,0,0,0,0,-0.176685,26.7383,-24.7366,7.52262,0.836199,2.52523,0.0523779,-0.185015,2.16177,-3.05242,1.89937,0.183331,0.920173,0.0564735
1725327,0.97,-2.75261,-1.32534,1.01105,-1.94698,1.10108,1.16771,2.20139,-2.75266,-1.32422,1.00895,-1.94565,1.10136,1.16858,2.20139,0.00111009,0.000579882,-7.34605e-05,0.000128275,0.000280778,-0.000121356,0.000761517,0,0,0,0,0,0,0,-0.22826,26.7144,-24.7366,7.49881,0.825212,2.52523,0.038645,-0.18407,2.16147,-3.05414,1.90067,0.183459,0.920412,0.0570034
1725328,0.97,-2.75261,-1.32534,1.01105,-1.94698,1.10108,1.16771,2.20139,-2.75266,-1.32422,1.00895,-1.94565,1.10136,1.16858,2.20139,0.000740062,-0.000819838,-4.89737e-05,8.55165e-05,0.000187185,0.000156455,0.00121975,0,0,0,0,0,0,0,-0.22826,26.766,-24.7366,7.49881,0.825212,2.51882,0.0194189,-0.185057,2.16139,-3.05505,1.90091,0.183496,0.920639,0.0574275
1725329,0.97,-2.75261,-1.32534,1.01105,-1.94698,1.10108,1.16771,2.20139,-2.75266,-1.32422,1.00895,-1.94565,1.10136,1.16858,2.20139,-0.00126986,0.000659867,-3.26491e-05,0.000706625,-7.86602e-05,0.000104303,0.00081317,0,0,0,0,0,0,0,-0.152882,26.7144,-24.7366,7.47104,0.830705,2.51882,0.0194189,-0.186695,2.1617,-3.05582,1.90049,0.183479,0.920843,0.0577267
1725330,0.97,-2.75261,-1.32534,1.01106,-1.94698,1.10108,1.16771,2.20139,-2.75266,-1.32422,1.00895,-1.94565,1.10136,1.16858,2.20139,-0.000289764,-0.000116901,-2.17661e-05,-0.000178531,0.00015101,-0.000642541,-0.000441231,0,0,0,0,0,0,0,-0.176685,26.7383,-24.7366,7.49881,0.825212,2.53805,0.0459692,-0.18631,2.1611,-3.05645,1.90085,0.183508,0.920993,0.0578833
1725331,0.97,-2.75261,-1.32534,1.01105,-1.94699,1.10108,1.16771,2.20139,-2.75266,-1.32422,1.00895,-1.94565,1.10136,1.16858,2.20139,0.000456438,0.000478878,-1.45107e-05,-0.00123264,-0.000509678,0.000283716,0.000214472,0,0,0,0,0,0,0,-0.204456,26.7144,-24.7366,7.54642,0.841692,2.51882,0.0322363,-0.184472,2.1596,-3.05696,1.90221,0.183603,0.921153,0.0578996
1725332,0.97,-2.75261,-1.32534,1.01105,-1.94698,1.10108,1.16771,2.20139,-2.75266,-1.32422,1.00895,-1.94565,1.10136,1.16858,2.20139,-0.000345322,0.000968866,-9.67381e-06,0.000291861,0.000270566,-4.8215e-05,0.000855058,0,0,0,0,0,0,0,-0.176685,26.6867,-24.7366,7.49881,0.825212,2.52523,0.0130102,-0.182358,2.15739,-3.05715,1.90417,0.18373,0.921347,0.0578005
1725333,0.97,-2.75261,-1.32534,1.01106,-1.94699,1.10108,1.16771,2.20139,-2.75266,-1.32422,1.00895,-1.94565,1.10136,1.16858,2.20139,-0.000230215,-3.70319e-06,0.00119998,-0.00091905,-0.000226524,0.000442575,-0.000650664,0,0,0,0,0,0,0,-0.176685,26.7144,-24.7881,7.54642,0.836199,2.51242,0.0459692,-0.179848,2.1549,-3.05765,1.90644,0.183872,0.921576,0.0576
1725334,0.97,-2.75261,-1.32534,1.01106,-1.94698,1.10108,1.16772,2.20139,-2.75266,-1.32422,1.00895,-1.94565,1.10136,1.16858,2.20139,-0.000153476,-2.4688e-06,0.000243173,0.000500924,0.000459336,0.00029505,7.48501e-05,0,0,0,0,0,0,0,-0.176685,26.7144,-24.7643,7.49881,0.819719,2.51242,0.0322363,-0.17746,2.15347,-3.05945,1.9085,0.184003,0.921868,0.0573041
1725335,0.97,-2.75261,-1.32534,1.01106,-1.94698,1.10108,1.16771,2.20139,-2.75266,-1.32422,1.00895,-1.94565,1.10136,1.16858,2.20139,0.000547296,-1.64586e-06,0.000162115,-0.000222863,0.000306224,-4.06591e-05,-0.000696085,0,0,0,0,0,0,0,-0.204456,26.7144,-24.7643,7.52262,0.819719,2.51882,0.0523779,-0.176481,2.15334,-3.06184,1.90957,0.184063,0.922174,0.0569355
1725336,0.97,-2.75261,-1.32534,1.01106,-1.94699,1.10108,1.16771,2.20139,-2.75266,-1.32422,1.00895,-1.94565,1.10136,1.16858,2.20139,0.000364864,-0.000557909,0.000108077,-0.000705387,6.98752e-07,-2.71061e-05,0.000994005,0,0,0,0,0,0,0,-0.204456,26.7383,-24.7643,7.54642,0.825212,2.51882,0.0130102,-0.17721,2.15411,-3.0641,1.90974,0.184049,0.922464,0.0565239
1725337,0.97,-2.75261,-1.32534,1.01106,-1.94698,1.10108,1.16771,2.20139,-2.75266,-1.32422,1.00895,-1.94565,1.10136,1.16858,2.20139,-0.000406371,0.000184872,7.20511e-05,8.65539e-05,-0.000202985,-0.00025543,-0.000286766,0,0,0,0,0,0,0,-0.176685,26.7144,-24.7643,7.52262,0.830705,2.52523,0.038645,-0.178377,2.15518,-3.06627,1.90984,0.184019,0.922735,0.0560856
1725338,0.97,-2.75261,-1.32534,1.01106,-1.94699,1.10108,1.16771,2.20139,-2.75266,-1.32422,1.00895,-1.94565,1.10136,1.16858,2.20139,-0.000827726,0.000123248,-0.00060158,-0.000499109,-0.000542224,6.70725e-05,0.000283541,0,0,0,0,0,0,0,-0.152882,26.7144,-24.7366,7.54642,0.841692,2.51882,0.0258276,-0.178294,2.15528,-3.06779,1.91062,0.184026,0.922928,0.05562
1725339,0.97,-2.75261,-1.32534,1.01105,-1.94698,1.10108,1.16772,2.20139,-2.75266,-1.32422,1.00895,-1.94565,1.10136,1.16858,2.20139,-0.000551817,-0.000474646,-0.000401053,0.000224072,4.54183e-05,4.4715e-05,-4.83317e-05,0,0,0,0,0,0,0,-0.152882,26.7383,-24.7366,7.52262,0.830705,2.51882,0.0322363,-0.176782,2.15424,-3.06842,1.9121,0.184081,0.923022,0.0551275
1725340,0.97,-2.75261,-1.32534,1.01105,-1.94698,1.10108,1.16772,2.20139,-2.75266,-1.32422,1.00895,-1.94565,1.10136,1.16858,2.20139,0.000838548,-0.000316431,-0.000267369,0.00191262,0.000233729,2.981e-05,-0.000778206,0,0,0,0,0,0,0,-0.204456,26.7383,-24.7366,7.44724,0.825212,2.51882,0.0523779,-0.176615,2.15393,-3.06874,1.91241,0.184056,0.923068,0.0546095
1725341,0.97,-2.75261,-1.32534,1.01106,-1.94698,1.10108,1.16771,2.20139,-2.75266,-1.32422,1.00895,-1.94565,1.10136,1.16858,2.20139,0.00111584,-0.000210954,0.00102818,-0.000488158,-0.000251081,-0.000454845,-1.0178e-05,0,0,0,0,0,0,0,-0.22826,26.7383,-24.7881,7.52262,0.836199,2.53164,0.038645,-0.179873,2.1557,-3.06975,1.91049,0.183863,0.923176,0.0540805
1725342,0.97,-2.75261,-1.32534,1.01105,-1.94698,1.10108,1.16771,2.20139,-2.75266,-1.32422,1.00895,-1.94565,1.10136,1.16858,2.20139,-0.00101934,-0.000140636,-0.0016346,-0.000325439,3.60629e-05,0.000408847,-0.000278053,0,0,0,0,0,0,0,-0.152882,26.7383,-24.689,7.52262,0.830705,2.51242,0.0459692,-0.18366,2.15774,-3.07107,1.90855,0.183677,0.923343,0.0535692
1725343,0.97,-2.75261,-1.32534,1.01106,-1.94698,1.10108,1.16771,2.20139,-2.75266,-1.32422,1.00895,-1.94565,1.10136,1.16858,2.20139,-0.000122749,-9.37573e-05,0.000673507,0.000339853,0.000227492,-0.000202153,-0.000185368,0,0,0,0,0,0,0,-0.176685,26.7383,-24.7643,7.49881,0.825212,2.52523,0.0459692,-0.185037,2.15823,-3.07173,1.90821,0.183623,0.923466,0.05309
1725344,0.97,-2.75261,-1.32534,1.01106,-1.94698,1.10108,1.16772,2.20139,-2.75266,-1.32422,1.00895,-1.94565,1.10136,1.16858,2.20139,0.000567781,-0.000712119,-0.000200609,0.000226568,0.000151662,0.00010259,-0.000360938,0,0,0,0,0,0,0,-0.204456,26.766,-24.7366,7.49881,0.825212,2.51882,0.0523779,-0.185724,2.15868,-3.07265,1.90816,0.183598,0.923595,0.0526467
1725345,0.97,-2.75261,-1.32534,1.01106,-1.94698,1.10108,1.16772,2.20139,-2.75266,-1.32422,1.00895,-1.94565,1.10136,1.16858,2.20139,-0.000271093,-0.000474746,0.000515874,-0.000405766,-0.000102343,-0.000406324,-0.00142742,0,0,0,0,0,0,0,-0.176685,26.766,-24.7643,7.52262,0.830705,2.53164,0.0844213,-0.187033,2.1602,-3.07453,1.90778,0.183552,0.923803,0.052246
1725346,0.97,-2.75261,-1.32534,1.01106,-1.94699,1.10108,1.16771,2.20139,-2.75266,-1.32422,1.00895,-1.94565,1.10136,1.16858,2.20139,-0.000737541,-0.000316497,0.000900728,-0.000827323,0.000135222,0.000203835,0.000235181,0,0,0,0,0,0,0,-0.152882,26.766,-24.7881,7.54642,0.825212,2.51882,0.0523779,-0.187068,2.16185,-3.07737,1.90831,0.183577,0.924082,0.0519121
1725347,0.97,-2.75261,-1.32534,1.01106,-1.94698,1.10108,1.16771,2.20139,-2.75266,-1.32422,1.00895,-1.94565,1.10136,1.16858,2.20139,6.51181e-05,0.000438616,0.000600485,5.26341e-06,9.0148e-05,-0.000101469,-8.05713e-05,0,0,0,0,0,0,0,-0.176685,26.7383,-24.7881,7.52262,0.825212,2.52523,0.0587866,-0.185225,2.16282,-3.08085,1.91008,0.183681,0.924408,0.0516694
1725348,0.97,-2.75261,-1.32534,1.01105,-1.94698,1.10108,1.16771,2.20138,-2.75266,-1.32422,1.00895,-1.94565,1.10136,1.16858,2.20139,0.00124984,-0.000357203,-0.00136291,0.000560321,-0.000143352,-6.7646e-05,-0.000765791,0,0,0,0,0,0,0,-0.22826,26.766,-24.7128,7.49881,0.830705,2.52523,0.0780126,-0.184349,2.16325,-3.08323,1.91131,0.183717,0.924684,0.0515077
1725349,0.97,-2.75261,-1.32534,1.01106,-1.94698,1.10108,1.16771,2.20138,-2.75266,-1.32422,1.00895,-1.94565,1.10136,1.16858,2.20139,-0.000930013,0.00096829,0.000297816,0.000373547,-0.000502469,0.000429621,-0.000510527,0,0,0,0,0,0,0,-0.152882,26.7144,-24.7643,7.49881,0.841692,2.51242,0.0780126,-0.185171,2.16299,-3.08356,1.91143,0.183649,0.924838,0.0514166
1725350,0.97,-2.75261,-1.32534,1.01106,-1.94698,1.10108,1.16772,2.20138,-2.75266,-1.32422,1.00895,-1.94565,1.10136,1.16858,2.20139,0.000586418,8.87149e-05,0.00140497,0.000898645,-0.000131529,0.000523773,0.000134366,0,0,0,0,0,0,0,-0.204456,26.7383,-24.8159,7.47104,0.836199,2.50601,0.0651953,-0.185711,2.16226,-3.08369,1.91142,0.183562,0.924952,0.05141
1725351,0.97,-2.75261,-1.32534,1.01106,-1.94698,1.10108,1.16772,2.20139,-2.75266,-1.32422,1.00895,-1.94565,1.10136,1.16858,2.20139,-0.000258669,0.000615955,-0.000269779,-0.000607329,0.000522666,-0.000125536,0.000564295,0,0,0,0,0,0,0,-0.176685,26.7144,-24.7643,7.52262,0.819719,2.51882,0.0523779,-0.185814,2.16177,-3.0848,1.91152,0.183495,0.9251,0.0514914
1725352,0.97,-2.75261,-1.32534,1.01106,-1.94698,1.10108,1.16771,2.20138,-2.75266,-1.32422,1.00895,-1.94565,1.10136,1.16858,2.20139,-0.000172446,-0.000146175,-0.000829467,-0.000404886,0.000144993,-8.36907e-05,-0.00176003,0,0,0,0,0,0,0,-0.176685,26.7383,-24.7366,7.52262,0.825212,2.51882,0.110056,-0.185161,2.16058,-3.08538,1.91231,0.183498,0.925203,0.0516397
1725353,0.97,-2.75261,-1.32534,1.01106,-1.94698,1.10108,1.16771,2.20139,-2.75266,-1.32422,1.00895,-1.94565,1.10136,1.16858,2.20139,0.00053465,-9.74501e-05,0.00130306,0.000286888,0.000537472,-0.000293153,0.000250798,0,0,0,0,0,0,0,-0.204456,26.7383,-24.8159,7.49881,0.81331,2.52523,0.071604,-0.184287,2.15932,-3.08569,1.91339,0.183537,0.925278,0.0518455
1725354,0.97,-2.75261,-1.32534,1.01106,-1.94698,1.10108,1.16771,2.20138,-2.75266,-1.32422,1.00895,-1.94565,1.10136,1.16858,2.20139,0.000913245,0.00114146,0.000219094,0.000191259,-0.000489396,-0.000195435,-0.000782237,0,0,0,0,0,0,0,-0.22826,26.6867,-24.7881,7.49881,0.836199,2.52523,0.0972387,-0.184815,2.15923,-3.08694,1.91366,0.1835,0.92542,0.0521256
1725355,0.97,-2.75261,-1.32534,1.01106,-1.94698,1.10108,1.16771,2.20139,-2.75266,-1.32422,1.00895,-1.94565,1.10136,1.16858,2.20139,5.20182e-05,-0.00109507,-0.00106036,0.000127506,-0.000122814,-0.00013029,0.000902662,0,0,0,0,0,0,0,-0.204456,26.766,-24.7366,7.49881,0.830705,2.52523,0.0587866,-0.186565,2.15949,-3.08802,1.91323,0.183397,0.92556,0.0524837
1725356,0.97,-2.75261,-1.32534,1.01106,-1.94698,1.10108,1.16771,2.20138,-2.75266,-1.32422,1.00895,-1.94565,1.10136,1.16858,2.20139,3.46788e-05,-8.04308e-05,-5.72948e-05,-0.000471808,-0.000488777,-0.000324219,-0.00105974,0,0,0,0,0,0,0,-0.204456,26.7383,-24.7643,7.52262,0.841692,2.53164,0.103647,-0.188347,2.15985,-3.08842,1.91276,0.183317,0.925643,0.0529042
1725357,0.97,-2.75261,-1.32534,1.01106,-1.94699,1.10108,1.16771,2.20139,-2.75266,-1.32422,1.00895,-1.94565,1.10136,1.16858,2.20139,2.31192e-05,0.000503191,-3.81966e-05,-0.000314539,8.10499e-05,0.000258572,0.000480303,0,0,0,0,0,0,0,-0.204456,26.7144,-24.7643,7.52262,0.830705,2.51882,0.071604,-0.189026,2.15985,-3.08876,1.913,0.183315,0.925723,0.0533768
1725358,0.97,-2.75261,-1.32534,1.01106,-1.94698,1.10108,1.16771,2.20138,-2.75266,-1.32422,1.00895,-1.94565,1.10136,1.16858,2.20139,-0.000634201,-0.000221351,-2.54644e-05,-0.000209692,5.40333e-05,0.000172381,-0.000866593,0,0,0,0,0,0,0,-0.176685,26.7383,-24.7643,7.52262,0.830705,2.51882,0.103647,-0.188209,2.15902,-3.08921,1.91416,0.183388,0.925812,0.0538997
1725359,0.97,-2.75261,-1.32534,1.01106,-1.94699,1.10108,1.16771,2.20138,-2.75266,-1.32422,1.00895,-1.94565,1.10136,1.16858,2.20139,0.000226813,-0.000797181,0.000539836,-0.000696607,3.60222e-05,-0.000122438,-0.00034037,0,0,0,0,0,0,0,-0.204456,26.766,-24.7881,7.54642,0.830705,2.52523,0.0972387,-0.186643,2.15852,-3.09043,1.9157,0.18351,0.925941,0.0544693
1725360,0.97,-2.75261,-1.32534,1.01106,-1.94699,1.10108,1.16771,2.20138,-2.75266,-1.32422,1.00895,-1.94565,1.10136,1.16858,2.20139,0.000708021,0.000674972,-0.000196921,-0.00102122,0.000227465,0.000393092,0.000247805,0,0,0,0,0,0,0,-0.22826,26.7144,-24.7643,7.57022,0.825212,2.51242,0.0844213,-0.185508,2.15873,-3.09234,1.91722,0.183643,0.926134,0.0550902
1725361,0.97,-2.75261,-1.32534,1.01106,-1.94698,1.10108,1.16771,2.20139,-2.75266,-1.32422,1.00895,-1.94565,1.10136,1.16858,2.20139,-8.47981e-05,0.000449981,-0.00133771,0.000989625,0.000151644,-0.000450015,0.00111464,0,0,0,0,0,0,0,-0.204456,26.7144,-24.7128,7.49881,0.825212,2.53164,0.0587866,-0.185214,2.15815,-3.09303,1.91846,0.183731,0.926269,0.0557621
1725362,0.97,-2.75261,-1.32534,1.01106,-1.94698,1.10108,1.16771,2.20138,-2.75266,-1.32422,1.00895,-1.94565,1.10136,1.16858,2.20139,0.00050028,-0.000256825,0.000314621,0.00065975,0.000101096,-6.26512e-05,-0.000206343,0,0,0,0,0,0,0,-0.22826,26.7383,-24.7643,7.49881,0.825212,2.52523,0.0844213,-0.186121,2.1571,-3.09235,1.91866,0.183713,0.926297,0.0564536
1725363,0.97,-2.75261,-1.32534,1.01106,-1.94699,1.10108,1.16771,2.20138,-2.75266,-1.32422,1.00895,-1.94565,1.10136,1.16858,2.20139,-0.000872906,-0.000171216,0.000766559,-0.000673791,-0.000136053,-4.17674e-05,-0.000137562,0,0,0,0,0,0,0,-0.176685,26.7383,-24.7881,7.54642,0.830705,2.52523,0.0844213,-0.187325,2.15709,-3.09266,1.91835,0.183649,0.926365,0.0571331
1725364,0.97,-2.75261,-1.32534,1.01106,-1.94699,1.10108,1.16771,2.20138,-2.75266,-1.32422,1.00895,-1.94565,1.10136,1.16858,2.20139,-0.000581937,-0.000763758,-0.000695386,-0.00100601,-0.000294153,0.000446873,0.000145651,0,0,0,0,0,0,0,-0.176685,26.766,-24.7366,7.57022,0.836199,2.51242,0.0780126,-0.186624,2.15747,-3.0944,1.91928,0.183691,0.926514,0.0577955
1725365,0.97,-2.75261,-1.32534,1.01106,-1.94699,1.10108,1.16771,2.20139,-2.75266,-1.32422,1.00895,-1.94565,1.10136,1.16858,2.20139,0.000261656,0.00134687,0.000742835,-0.000113859,0.000210799,6.05563e-05,0.000809177,0,0,0,0,0,0,0,-0.204456,26.6867,-24.7881,7.54642,0.825212,2.51882,0.0587866,-0.184407,2.15711,-3.0961,1.92138,0.183822,0.926665,0.0584437
1725366,0.97,-2.75261,-1.32534,1.01106,-1.94698,1.10108,1.16771,2.20139,-2.75266,-1.32422,1.00895,-1.94565,1.10136,1.16858,2.20139,0.000174437,-0.000308514,-6.15886e-05,0.000480906,0.000343983,-0.000909065,0.000539452,0,0,0,0,0,0,0,-0.204456,26.7383,-24.7643,7.52262,0.819719,2.54446,0.0587866,-0.182926,2.15639,-3.09746,1.92314,0.183899,0.926813,0.0590655
1725367,0.97,-2.75261,-1.32534,1.01106,-1.94698,1.10108,1.16771,2.20139,-2.75266,-1.32422,1.00895,-1.94565,1.10136,1.16858,2.20139,0.000673103,0.000351136,-0.000690673,0.000320604,2.58717e-05,0.000343393,0.000359634,0,0,0,0,0,0,0,-0.22826,26.7144,-24.7366,7.52262,0.825212,2.51882,0.0587866,-0.183496,2.15618,-3.09837,1.92359,0.183852,0.926948,0.0596327
1725368,0.97,-2.75261,-1.32534,1.01106,-1.94698,1.10108,1.16771,2.20139,-2.75266,-1.32422,1.00895,-1.94565,1.10136,1.16858,2.20139,-0.000108076,-0.000322721,0.000189165,0.000213736,1.72478e-05,0.000228928,0.000714474,0,0,0,0,0,0,0,-0.204456,26.7383,-24.7643,7.52262,0.825212,2.51882,0.0459692,-0.185569,2.15648,-3.0987,1.92305,0.183722,0.927055,0.060124
1725369,0.97,-2.75261,-1.32534,1.01106,-1.94698,1.10108,1.16771,2.20139,-2.75266,-1.32422,1.00895,-1.94565,1.10136,1.16858,2.20139,-0.000721665,0.000341664,0.000682922,0.000699303,-0.000395403,-8.474e-05,0.000747583,0,0,0,0,0,0,0,-0.176685,26.7144,-24.7881,7.49881,0.836199,2.52523,0.038645,-0.187261,2.15709,-3.0995,1.92253,0.183589,0.927173,0.0605316
1725370,0.97,-2.75261,-1.32534,1.01106,-1.94698,1.10108,1.16771,2.20139,-2.75266,-1.32422,1.00895,-1.94565,1.10136,1.16858,2.20139,0.000168504,-0.00097865,-0.000101531,0.000466202,-6.01512e-05,0.000418225,-0.000247596,0,0,0,0,0,0,0,-0.204456,26.766,-24.7643,7.49881,0.830705,2.51242,0.0587866,-0.188239,2.15827,-3.10128,1.92213,0.183473,0.927319,0.0608417
1725371,0.97,-2.75261,-1.32534,1.01106,-1.94698,1.10108,1.16771,2.20139,-2.75266,-1.32422,1.00895,-1.94565,1.10136,1.16858,2.20139,-0.000537278,-0.000652433,-0.000717301,0.000310801,-0.000243551,4.14574e-05,7.22948e-05,0,0,0,0,0,0,0,-0.176685,26.766,-24.7366,7.49881,0.836199,2.51882,0.0523779,-0.189445,2.16013,-3.10316,1.92142,0.183365,0.927448,0.061047
1725372,0.97,-2.75261,-1.32534,1.01106,-1.94698,1.10108,1.16771,2.20139,-2.75266,-1.32422,1.00895,-1.94565,1.10136,1.16858,2.20139,-0.000358185,0.000214659,0.000728225,0.000207201,4.1083e-05,2.76383e-05,0.000556823,0,0,0,0,0,0,0,-0.176685,26.7383,-24.7881,7.49881,0.830705,2.51882,0.038645,-0.190245,2.16183,-3.10472,1.92093,0.1833,0.927541,0.0611655
1725373,0.97,-2.75261,-1.32534,1.01106,-1.94698,1.10108,1.16771,2.20139,-2.75266,-1.32422,1.00895,-1.94565,1.10136,1.16858,2.20139,0.000410824,0.000699918,-0.00127775,-0.000418678,2.73887e-05,0.000255784,9.99478e-05,0,0,0,0,0,0,0,-0.204456,26.7144,-24.7128,7.52262,0.830705,2.51242,0.0459692,-0.190128,2.16212,-3.10547,1.92119,0.183292,0.927597,0.0612136
1725374,0.97,-2.75261,-1.32534,1.01106,-1.94698,1.10108,1.16771,2.20139,-2.75266,-1.32422,1.00895,-1.94565,1.10136,1.16858,2.20139,0.000273883,-9.02002e-05,-0.000295024,0.000277693,0.00022171,-6.6836e-05,0.00104998,0,0,0,0,0,0,0,-0.204456,26.7383,-24.7366,7.49881,0.825212,2.51882,0.0194189,-0.190127,2.16095,-3.10471,1.92174,0.183302,0.927588,0.0611896
1725375,0.97,-2.75261,-1.32534,1.01106,-1.94699,1.10108,1.16771,2.20139,-2.75266,-1.32422,1.00895,-1.94565,1.10136,1.16858,2.20139,0.000182588,-0.000709747,0.000452931,-0.000928495,-5.56441e-05,-0.000281916,-0.000520719,0,0,0,0,0,0,0,-0.204456,26.766,-24.7643,7.54642,0.830705,2.52523,0.0523779,-0.190724,2.16011,-3.10396,1.92215,0.183313,0.927596,0.0610861
1725376,0.97,-2.75261,-1.32534,1.01106,-1.94699,1.10108,1.16771,2.20139,-2.75266,-1.32422,1.00895,-1.94565,1.10136,1.16858,2.20139,0.000678538,-0.000473165,0.000858766,-0.000618997,0.000166354,4.94148e-05,0.000873557,0,0,0,0,0,0,0,-0.22826,26.766,-24.7881,7.54642,0.825212,2.51882,0.0194189,-0.191664,2.16097,-3.10513,1.92257,0.183349,0.92774,0.0609022
1725377,0.97,-2.75261,-1.32534,1.01106,-1.94698,1.10108,1.16771,2.20139,-2.75266,-1.32422,1.00895,-1.94565,1.10136,1.16858,2.20139,0.000452358,0.000334171,0.000572511,0.000700959,-0.000499449,0.000507661,-0.000400973,0,0,0,0,0,0,0,-0.22826,26.7383,-24.7881,7.49881,0.841692,2.50601,0.0459692,-0.193209,2.16303,-3.10768,1.92271,0.183364,0.927977,0.0606445
1725378,0.97,-2.75261,-1.32534,1.01106,-1.94698,1.10108,1.16771,2.20139,-2.75266,-1.32422,1.00895,-1.94565,1.10136,1.16858,2.20139,0.000301572,0.00022278,-0.000824752,0.000467306,7.39353e-05,-0.000136277,0.000716029,0,0,0,0,0,0,0,-0.22826,26.7383,-24.7366,7.49881,0.830705,2.51882,0.0194189,-0.195396,2.16479,-3.10966,1.92219,0.183314,0.928147,0.0603181
1725379,0.97,-2.75261,-1.32534,1.01106,-1.94698,1.10108,1.16771,2.20139,-2.75266,-1.32422,1.00895,-1.94565,1.10136,1.16858,2.20139,0.000201048,0.00014852,0.000656591,-0.000245274,4.92902e-05,-0.000565569,-0.000505992,0,0,0,0,0,0,0,-0.22826,26.7383,-24.7881,7.52262,0.830705,2.53164,0.0459692,-0.197416,2.1655,-3.11041,1.92157,0.183251,0.928207,0.0599316
1725380,0.97,-2.75261,-1.32534,1.01106,-1.94698,1.10108,1.16771,2.20139,-2.75266,-1.32422,1.00895,-1.94565,1.10136,1.16858,2.20139,-0.00042278,9.90135e-05,0.000437727,0.00104291,-0.00017059,9.76717e-05,0.000408658,0,0,0,0,0,0,0,-0.204456,26.7383,-24.7881,7.47104,0.836199,2.51882,0.0258276,-0.198561,2.16581,-3.11124,1.92132,0.183222,0.928247,0.059496
1725381,0.97,-2.75261,-1.32534,1.01106,-1.94698,1.10108,1.16771,2.20139,-2.75266,-1.32422,1.00895,-1.94565,1.10136,1.16858,2.20139,-0.000931467,6.6009e-05,0.000291818,-0.000511153,-0.000317177,6.51144e-05,-0.000473547,0,0,0,0,0,0,0,-0.176685,26.7383,-24.7881,7.52262,0.841692,2.51882,0.0459692,-0.198081,2.16582,-3.1126,1.92174,0.18326,0.928282,0.0590225
1725382,0.97,-2.75261,-1.32534,1.01106,-1.94698,1.10108,1.16771,2.20139,-2.75266,-1.32422,1.00895,-1.94565,1.10136,1.16858,2.20139,-0.000620978,-0.000605608,-0.00101188,0.000216043,0.000195449,0.000280769,-0.000315698,0,0,0,0,0,0,0,-0.176685,26.766,-24.7366,7.49881,0.830705,2.51242,0.0459692,-0.195778,2.16505,-3.1136,1.92308,0.183402,0.92826,0.0585224
1725383,0.97,-2.75261,-1.32534,1.01106,-1.94698,1.10108,1.16771,2.20139,-2.75266,-1.32422,1.00895,-1.94565,1.10136,1.16858,2.20139,0.00079244,-0.000403739,-2.4973e-05,0.000144029,0.00033375,-0.000287539,0.00053552,0,0,0,0,0,0,0,-0.22826,26.766,-24.7643,7.49881,0.825212,2.52523,0.0258276,-0.193901,2.16439,-3.11384,1.92419,0.18356,0.928187,0.0580102
1725384,0.97,-2.75261,-1.32534,1.01106,-1.94698,1.10108,1.16772,2.20138,-2.75266,-1.32422,1.00895,-1.94565,1.10136,1.16858,2.20139,-0.00123494,0.000380455,-0.00122307,-0.000460793,1.90496e-05,0.000283025,-0.00181313,0,0,0,0,0,0,0,-0.152882,26.7383,-24.7128,7.52262,0.830705,2.51242,0.0844213,-0.193002,2.16373,-3.11325,1.92483,0.183692,0.928083,0.0574992
1725385,0.97,-2.75261,-1.32534,1.01106,-1.94698,1.10108,1.16772,2.20138,-2.75266,-1.32422,1.00895,-1.94565,1.10136,1.16858,2.20139,0.00038313,0.000810449,0.000947855,-0.000307195,0.00021615,-0.000286034,-0.000971391,0,0,0,0,0,0,0,-0.204456,26.7144,-24.7881,7.52262,0.825212,2.52523,0.0780126,-0.191156,2.16184,-3.11207,1.92622,0.18386,0.927965,0.057012
1725386,0.97,-2.75261,-1.32534,1.01105,-1.94698,1.10108,1.16771,2.20139,-2.75266,-1.32422,1.00895,-1.94565,1.10136,1.16858,2.20139,-0.000951006,-0.000666127,-0.000574523,0.00155844,-5.93504e-05,0.000284028,0.000810468,0,0,0,0,0,0,0,-0.152882,26.766,-24.7366,7.44724,0.830705,2.51242,0.038645,-0.189229,2.16001,-3.11136,1.92751,0.183999,0.927879,0.056591
1725387,0.97,-2.75261,-1.32534,1.01106,-1.94698,1.10108,1.16771,2.20139,-2.75266,-1.32422,1.00895,-1.94565,1.10136,1.16858,2.20139,0.000572422,0.000762341,0.000266599,-0.000167465,-3.95669e-05,-0.000522725,0.000269044,0,0,0,0,0,0,0,-0.204456,26.7144,-24.7643,7.49881,0.830705,2.53164,0.0459692,-0.188603,2.15935,-3.11125,1.92762,0.184041,0.927815,0.0562532
1725388,0.97,-2.75261,-1.32534,1.01106,-1.94698,1.10108,1.16771,2.20138,-2.75266,-1.32422,1.00895,-1.94565,1.10136,1.16858,2.20139,-0.000267999,0.000508228,0.000177733,-0.000111643,-0.000229828,0.000126235,-0.000532714,0,0,0,0,0,0,0,-0.176685,26.7144,-24.7643,7.49881,0.836199,2.51882,0.0651953,-0.188541,2.15882,-3.11122,1.92745,0.184052,0.927786,0.0559776
1725389,0.97,-2.75261,-1.32534,1.01106,-1.94698,1.10108,1.16771,2.20138,-2.75266,-1.32422,1.00895,-1.94565,1.10136,1.16858,2.20139,-0.000178666,-0.000217994,0.00132491,-7.4429e-05,5.02315e-05,0.000321515,-0.00106722,0,0,0,0,0,0,0,-0.176685,26.7383,-24.8159,7.49881,0.830705,2.51242,0.0844213,-0.188156,2.15847,-3.11206,1.92767,0.18409,0.927846,0.0557476
1725390,0.97,-2.75261,-1.32534,1.01106,-1.94698,1.10108,1.16771,2.20139,-2.75266,-1.32422,1.00895,-1.94565,1.10136,1.16858,2.20139,-0.000119111,-0.000145329,-0.00032315,-4.96193e-05,0.000236938,0.000214344,0.00145866,0,0,0,0,0,0,0,-0.176685,26.7383,-24.7643,7.49881,0.825212,2.51242,0.0258276,-0.187647,2.15906,-3.11405,1.92789,0.184148,0.927975,0.055573
1725391,0.97,-2.75261,-1.32534,1.01106,-1.94698,1.10108,1.16771,2.20139,-2.75266,-1.32422,1.00895,-1.94565,1.10136,1.16858,2.20139,-7.94072e-05,0.000459926,0.000341379,-0.000589891,-4.54917e-05,0.000142896,0.000226454,0,0,0,0,0,0,0,-0.176685,26.7144,-24.7881,7.52262,0.830705,2.51242,0.0459692,-0.187152,2.1597,-3.1159,1.92814,0.184217,0.928083,0.0554547
1725392,0.97,-2.75261,-1.32534,1.01106,-1.94698,1.10108,1.16771,2.20139,-2.75266,-1.32422,1.00895,-1.94565,1.10136,1.16858,2.20139,0.000596676,-0.000250195,0.000227586,0.000163551,0.000613932,-0.000142095,0.000422237,0,0,0,0,0,0,0,-0.204456,26.7383,-24.7881,7.49881,0.81331,2.51882,0.038645,-0.187006,2.16008,-3.11724,1.92831,0.184272,0.928159,0.0553594
1725393,0.97,-2.75261,-1.32534,1.01106,-1.94698,1.10108,1.16771,2.20138,-2.75266,-1.32422,1.00895,-1.94565,1.10136,1.16858,2.20139,-0.00025183,0.000390015,0.000151724,0.000758648,-0.000234972,-9.47301e-05,-0.00165129,0,0,0,0,0,0,0,-0.176685,26.7144,-24.7881,7.47104,0.830705,2.51882,0.09083,-0.187928,2.16086,-3.11848,1.92773,0.184251,0.928216,0.055256
1725394,0.97,-2.75261,-1.32534,1.01106,-1.94698,1.10108,1.16771,2.20139,-2.75266,-1.32422,1.00895,-1.94565,1.10136,1.16858,2.20139,0.00103854,-0.000296802,-0.000455663,0.000505765,-0.000156648,-0.000300512,0.00106928,0,0,0,0,0,0,0,-0.22826,26.7383,-24.7643,7.47104,0.830705,2.52523,0.0322363,-0.190097,2.16197,-3.11927,1.92613,0.184132,0.928224,0.0551507
1725395,0.97,-2.75261,-1.32534,1.01106,-1.94698,1.10108,1.16771,2.20139,-2.75266,-1.32422,1.00895,-1.94565,1.10136,1.16858,2.20139,0.000135547,-0.000847482,-0.000953389,-0.000869249,-0.000104432,-0.000200342,0.000204227,0,0,0,0,0,0,0,-0.204456,26.766,-24.7366,7.52262,0.830705,2.52523,0.0459692,-0.193281,2.16331,-3.11929,1.92399,0.183976,0.92819,0.0550616
1725396,0.97,-2.75261,-1.32534,1.01106,-1.94698,1.10108,1.16771,2.20139,-2.75266,-1.32422,1.00895,-1.94565,1.10136,1.16858,2.20139,-0.000559249,0.000641438,1.40212e-05,0.000626927,-6.96213e-05,0.000103798,0.000644778,0,0,0,0,0,0,0,-0.176685,26.7144,-24.7643,7.47104,0.830705,2.51882,0.0322363,-0.195666,2.16412,-3.11873,1.92245,0.183877,0.928124,0.0549801
1725397,0.97,-2.75261,-1.32534,1.01106,-1.94698,1.10108,1.16771,2.20138,-2.75266,-1.32422,1.00895,-1.94565,1.10136,1.16858,2.20139,-0.000372833,-0.000129187,-0.00119708,-0.000788475,0.000360487,0.000306558,-0.00126557,0,0,0,0,0,0,0,-0.176685,26.7383,-24.7128,7.52262,0.819719,2.51242,0.0780126,-0.195758,2.16337,-3.11758,1.92219,0.183867,0.928009,0.0548857
1725398,0.97,-2.75261,-1.32534,1.01105,-1.94698,1.10108,1.16771,2.20139,-2.75266,-1.32422,1.00895,-1.94565,1.10136,1.16858,2.20139,-0.000248555,-8.61244e-05,-0.00024124,3.1162e-05,-0.000370027,-0.000270346,0.000851708,0,0,0,0,0,0,0,-0.176685,26.7383,-24.7366,7.49881,0.836199,2.52523,0.0322363,-0.194296,2.16155,-3.11596,1.92285,0.183919,0.927861,0.0547787
1725399,0.97,-2.75261,-1.32534,1.01106,-1.94698,1.10108,1.16771,2.20139,-2.75266,-1.32422,1.00895,-1.94565,1.10136,1.16858,2.20139,-0.000165703,-0.00070703,0.000488787,2.07747e-05,-4.32341e-05,0.000294487,0.000330446,0,0,0,0,0,0,0,-0.176685,26.766,-24.7643,7.49881,0.830705,2.51242,0.038645,-0.192718,2.16045,-3.11518,1.92353,0.183979,0.927769,0.0546705
1725400,0.97,-2.75261,-1.32534,1.01106,-1.94698,1.10108,1.16771,2.20139,-2.75266,-1.32422,1.00895,-1.94565,1.10136,1.16858,2.20139,-0.000110469,0.00017826,0.000325858,1.38498e-05,-2.88228e-05,0.000196325,-0.000288329,0,0,0,0,0,0,0,-0.176685,26.7383,-24.7643,7.49881,0.830705,2.51242,0.0523779,-0.191641,2.16081,-3.11601,1.92377,0.184011,0.927779,0.054553
1725401,0.97,-2.75261,-1.32534,1.01106,-1.94698,1.10108,1.16771,2.20139,-2.75266,-1.32422,1.00895,-1.94565,1.10136,1.16858,2.20139,-7.3646e-05,0.00011884,-0.000432375,0.000658847,-0.000222666,-0.000343835,-0.000429578,0,0,0,0,0,0,0,-0.176685,26.7383,-24.7366,7.47104,0.836199,2.52523,0.0587866,-0.190986,2.16151,-3.11724,1.92365,0.18401,0.927814,0.0544164
1725402,0.97,-2.75261,-1.32534,1.01106,-1.94698,1.10108,1.16771,2.20138,-2.75266,-1.32422,1.00895,-1.94565,1.10136,1.16858,2.20139,-4.90973e-05,7.92269e-05,-0.00028825,0.000439231,0.000699267,-0.000229223,-0.00123582,0,0,0,0,0,0,0,-0.176685,26.7383,-24.7366,7.47104,0.81331,2.52523,0.0844213,-0.190902,2.16183,-3.11772,1.92303,0.183962,0.927805,0.0542733
1725403,0.97,-2.75261,-1.32534,1.01106,-1.94698,1.10108,1.16771,2.20139,-2.75266,-1.32422,1.00895,-1.94565,1.10136,1.16858,2.20139,0.00117369,5.28179e-05,-0.000192167,-0.000913605,-0.000178082,8.45435e-05,0.00087154,0,0,0,0,0,0,0,-0.22826,26.7383,-24.7366,7.52262,0.830705,2.51882,0.038645,-0.191675,2.16202,-3.11759,1.92206,0.183882,0.927793,0.0541522
1725404,0.97,-2.75261,-1.32534,1.01106,-1.94699,1.10108,1.16771,2.20138,-2.75266,-1.32422,1.00895,-1.94565,1.10136,1.16858,2.20139,-0.000423963,3.52119e-05,0.000521503,-0.00116588,-0.000322172,-0.000180997,-0.00158911,0,0,0,0,0,0,0,-0.176685,26.7383,-24.7643,7.54642,0.836199,2.52523,0.0972387,-0.192418,2.16213,-3.11762,1.92169,0.183846,0.927854,0.0540744
1725405,0.97,-2.75261,-1.32534,1.01106,-1.94698,1.10108,1.16771,2.20138,-2.75266,-1.32422,1.00895,-1.94565,1.10136,1.16858,2.20139,-0.000282642,2.34746e-05,0.000347669,-0.000220443,0.00039557,0.000354053,-0.000822049,0,0,0,0,0,0,0,-0.176685,26.7383,-24.7643,7.52262,0.819719,2.51242,0.09083,-0.191612,2.16198,-3.11841,1.92254,0.183903,0.927983,0.0540477
1725406,0.97,-2.75261,-1.32534,1.01106,-1.94698,1.10108,1.16771,2.20139,-2.75266,-1.32422,1.00895,-1.94565,1.10136,1.16858,2.20139,-0.00139485,0.000572462,0.000231779,0.00040985,-0.000143188,0.000236036,0.000638762,0,0,0,0,0,0,0,-0.125111,26.7144,-24.7643,7.49881,0.830705,2.51242,0.0587866,-0.189024,2.16133,-3.11959,1.92414,0.184007,0.928092,0.0540968
1725407,0.97,-2.75261,-1.32534,1.01106,-1.94698,1.10108,1.16771,2.20139,-2.75266,-1.32422,1.00895,-1.94565,1.10136,1.16858,2.20139,0.000926137,0.000381641,-0.000495095,-0.000283578,0.000311443,-8.00018e-05,0.0006632,0,0,0,0,0,0,0,-0.204456,26.7144,-24.7366,7.52262,0.819719,2.51882,0.0523779,-0.186042,2.16004,-3.12014,1.92563,0.184083,0.928119,0.0542323
1725408,0.97,-2.75261,-1.32534,1.01106,-1.94698,1.10108,1.16771,2.20138,-2.75266,-1.32422,1.00895,-1.94565,1.10136,1.16858,2.20139,-3.21891e-05,-0.000302385,0.000876363,0.00101737,-0.000199273,-5.33346e-05,-0.000269943,0,0,0,0,0,0,0,-0.176685,26.7383,-24.7881,7.47104,0.830705,2.51882,0.071604,-0.184972,2.15938,-3.12032,1.92592,0.184054,0.928121,0.0544209
1725409,0.97,-2.75261,-1.32534,1.01106,-1.94698,1.10108,1.16771,2.20139,-2.75266,-1.32422,1.00895,-1.94565,1.10136,1.16858,2.20139,-0.000578271,-0.000851204,-0.000622184,-0.000528177,-0.000336299,-3.55564e-05,-0.000417321,0,0,0,0,0,0,0,-0.152882,26.766,-24.7366,7.52262,0.836199,2.51882,0.0780126,-0.185504,2.16029,-3.1211,1.92511,0.183951,0.928146,0.0546307
1725410,0.97,-2.75261,-1.32534,1.01106,-1.94698,1.10108,1.16771,2.20139,-2.75266,-1.32422,1.00895,-1.94565,1.10136,1.16858,2.20139,-0.000385514,0.000638957,0.000234825,0.000204694,0.000182702,-2.37042e-05,0.000433863,0,0,0,0,0,0,0,-0.152882,26.7144,-24.7643,7.49881,0.825212,2.51882,0.0587866,-0.185417,2.16132,-3.12193,1.9246,0.183888,0.928151,0.0548618
1725411,0.97,-2.75261,-1.32534,1.01106,-1.94698,1.10108,1.16771,2.20139,-2.75266,-1.32422,1.00895,-1.94565,1.10136,1.16858,2.20139,0.000949416,-0.000130841,0.00015655,0.000786077,-0.00048855,-1.58028e-05,0.000526601,0,0,0,0,0,0,0,-0.204456,26.7383,-24.7643,7.47104,0.841692,2.51882,0.0523779,-0.185476,2.16196,-3.12234,1.92404,0.183819,0.928136,0.0551164
1725412,0.97,-2.75261,-1.32534,1.01106,-1.94698,1.10108,1.16771,2.20138,-2.75266,-1.32422,1.00895,-1.94565,1.10136,1.16858,2.20139,0.000632944,-8.72272e-05,-0.00110206,-0.000682375,-0.0003257,0.000226824,-0.000598369,0,0,0,0,0,0,0,-0.204456,26.7383,-24.7128,7.52262,0.841692,2.51242,0.0780126,-0.187352,2.16286,-3.12215,1.92256,0.183687,0.928115,0.055374
1725413,0.97,-2.75261,-1.32534,1.01106,-1.94698,1.10108,1.16771,2.20138,-2.75266,-1.32422,1.00895,-1.94565,1.10136,1.16858,2.20139,-0.000227651,0.000498661,0.00047172,0.000751509,0.000834028,0.000151216,-0.000636271,0,0,0,0,0,0,0,-0.176685,26.7144,-24.7643,7.47104,0.81331,2.51242,0.0844213,-0.189772,2.1634,-3.12119,1.92096,0.183566,0.928064,0.0556244
1725414,0.97,-2.75261,-1.32534,1.01106,-1.94698,1.10108,1.16771,2.20139,-2.75266,-1.32422,1.00895,-1.94565,1.10136,1.16858,2.20139,0.00105466,0.00033244,0.00031448,-0.000148608,0.000115209,-0.000136548,0.000525255,0,0,0,0,0,0,0,-0.22826,26.7144,-24.7643,7.49881,0.825212,2.51882,0.0587866,-0.19175,2.16357,-3.12042,1.91961,0.183463,0.928021,0.0558861
1725416,0.97,-2.75261,-1.32534,1.01106,-1.94698,1.10108,1.16771,2.20138,-2.75266,-1.32422,1.00895,-1.94565,1.10136,1.16858,2.20139,-0.000706755,-6.91872e-06,0.000541911,-6.60479e-05,-8.44297e-05,1.84315e-05,-0.00119071,0,0,0,0,0,0,0,-0.152882,26.7383,-24.7643,7.49881,0.830705,2.51882,0.0972387,-0.192877,2.164,-3.12001,1.91845,0.183405,0.927944,0.0564565
1725417,0.98,-2.75261,-1.32534,1.01106,-1.94698,1.10108,1.16771,2.20138,-2.75266,-1.32422,1.00895,-1.94565,1.10136,1.16858,2.20139,0.000735256,0.00120181,0.000361274,-4.40319e-05,-5.62865e-05,0.000487006,-0.00103116,0,0,0,0,0,0,0,-0.204456,26.6867,-24.7643,7.49881,0.830705,2.50601,0.103647,-0.191066,2.1636,-3.12028,1.91916,0.183476,0.927908,0.0567514
1725418,0.98,-2.75261,-1.32534,1.01106,-1.94698,1.10108,1.16771,2.20138,-2.75266,-1.32422,1.00895,-1.94565,1.10136,1.16858,2.20139,0.000490171,-0.00161164,-0.000965577,-2.93546e-05,-3.75243e-05,-0.000387406,-0.000450083,0,0,0,0,0,0,0,-0.204456,26.7898,-24.7128,7.49881,0.830705,2.52523,0.0972387,-0.190373,2.16331,-3.12041,1.91939,0.1835,0.927897,0.0570824
1725419,0.98,-2.75261,-1.32534,1.01106,-1.94698,1.10108,1.16771,2.20139,-2.75266,-1.32422,1.00895,-1.94565,1.10136,1.16858,2.20139,-0.000322833,0.000131997,0.000562708,0.000630044,0.000178434,-0.000258271,0.00136146,0,0,0,0,0,0,0,-0.176685,26.7383,-24.7643,7.47104,0.825212,2.52523,0.0523779,-0.19134,2.16423,-3.12058,1.9186,0.183466,0.92789,0.0574771
1725420,0.98,-2.75261,-1.32534,1.01106,-1.94698,1.10108,1.16771,2.20139,-2.75266,-1.32422,1.00895,-1.94565,1.10136,1.16858,2.20139,-0.000215222,-0.00111843,0.000375139,0.000976841,-8.44943e-05,-0.000172181,0.00165362,0,0,0,0,0,0,0,-0.176685,26.7898,-24.7643,7.44724,0.830705,2.52523,0.0322363,-0.192644,2.16635,-3.12165,1.9172,0.183401,0.927911,0.0579276
1725421,0.98,-2.75261,-1.32534,1.01106,-1.94698,1.10108,1.16771,2.20138,-2.75266,-1.32422,1.00895,-1.94565,1.10136,1.16858,2.20139,0.000506132,0.000460807,0.000250092,-0.000555198,0.000147121,0.000122572,-0.00106772,0,0,0,0,0,0,0,-0.204456,26.7383,-24.7643,7.49881,0.825212,2.51882,0.09083,-0.193822,2.16887,-3.12339,1.91568,0.183326,0.927973,0.0583788
1725422,0.98,-2.75261,-1.32534,1.01106,-1.94698,1.10108,1.16771,2.20138,-2.75266,-1.32422,1.00895,-1.94565,1.10136,1.16858,2.20139,-0.000312192,0.000307205,-0.000482886,0.000279482,-0.00010537,8.17146e-05,-0.000711816,0,0,0,0,0,0,0,-0.176685,26.7383,-24.7366,7.47104,0.830705,2.51882,0.09083,-0.194327,2.17014,-3.12435,1.91481,0.183285,0.928029,0.0587915
1725423,0.98,-2.75261,-1.32534,1.01106,-1.94698,1.10108,1.16771,2.20138,-2.75266,-1.32422,1.00895,-1.94565,1.10136,1.16858,2.20139,-0.000208128,0.000204803,-0.000878736,0.000186321,0.000133204,0.000529194,1.74138e-07,0,0,0,0,0,0,0,-0.176685,26.7383,-24.7128,7.47104,0.825212,2.50601,0.0780126,-0.193673,2.16935,-3.12358,1.91476,0.183286,0.927991,0.0591837
1725424,0.98,-2.75261,-1.32534,1.01106,-1.94698,1.10108,1.16771,2.20139,-2.75266,-1.32422,1.00895,-1.94565,1.10136,1.16858,2.20139,-0.000138752,0.000693347,-0.000585824,-0.0005254,-0.000114648,-0.000121922,0.0019329,0,0,0,0,0,0,0,-0.176685,26.7144,-24.7128,7.49881,0.830705,2.51882,0.0258276,-0.192043,2.16695,-3.12128,1.91533,0.183325,0.927851,0.0595823
1725425,0.98,-2.75261,-1.32534,1.01106,-1.94698,1.10108,1.16771,2.20139,-2.75266,-1.32422,1.00895,-1.94565,1.10136,1.16858,2.20139,-0.000649313,0.000462232,0.000815877,0.000299347,-0.000279882,0.000156078,0.00105124,0,0,0,0,0,0,0,-0.152882,26.7144,-24.7643,7.47104,0.836199,2.51242,0.0322363,-0.189392,2.16377,-3.11885,1.91658,0.183412,0.927699,0.0599711
1725426,0.98,-2.75261,-1.32535,1.01106,-1.94698,1.10108,1.16771,2.20139,-2.75266,-1.32422,1.00895,-1.94565,1.10136,1.16858,2.20139,0.000123936,-0.00145508,-0.000105696,-0.000450049,-0.000186588,0.000341411,-0.000519878,0,0,0,0,0,0,0,-0.176685,26.7898,-24.7366,7.49881,0.836199,2.50601,0.0651953,-0.18666,2.16185,-3.11801,1.9178,0.183515,0.92763,0.0602928
1725427,0.98,-2.75261,-1.32534,1.01105,-1.94698,1.10108,1.16771,2.20139,-2.75266,-1.32422,1.00895,-1.94565,1.10136,1.16858,2.20139,-0.000474188,0.000793182,-0.00118409,-0.000300033,7.90583e-05,-9.75174e-06,-0.000583944,0,0,0,0,0,0,0,-0.152882,26.7144,-24.689,7.49881,0.830705,2.51242,0.071604,-0.184632,2.16125,-3.11783,1.91859,0.183623,0.927587,0.0605168
1725428,0.98,-2.75261,-1.32534,1.01106,-1.94699,1.10108,1.16771,2.20139,-2.75266,-1.32422,1.00895,-1.94565,1.10136,1.16858,2.20139,0.000240687,0.000528788,0.000324232,-0.00131365,5.27055e-05,-0.00024386,0.00106877,0,0,0,0,0,0,0,-0.176685,26.7144,-24.7366,7.54642,0.830705,2.51882,0.0322363,-0.182358,2.15974,-3.11669,1.91983,0.183768,0.927493,0.0606713
1725429,0.98,-2.75261,-1.32534,1.01106,-1.94698,1.10108,1.16771,2.20139,-2.75266,-1.32422,1.00895,-1.94565,1.10136,1.16858,2.20139,-0.000396354,-0.000204287,0.000216155,0.000887474,-0.000168313,7.47855e-05,0.00118723,0,0,0,0,0,0,0,-0.152882,26.7383,-24.7366,7.47104,0.836199,2.51242,0.0194189,-0.180038,2.15794,-3.11564,1.92125,0.183919,0.927413,0.0607762
1725430,0.98,-2.75261,-1.32534,1.01106,-1.94698,1.10108,1.16771,2.20139,-2.75266,-1.32422,1.00895,-1.94565,1.10136,1.16858,2.20139,0.000292576,0.000420621,0.000144103,-0.000614777,9.12415e-05,0.000287216,-0.000666576,0,0,0,0,0,0,0,-0.176685,26.7144,-24.7366,7.52262,0.830705,2.50601,0.0587866,-0.178716,2.15731,-3.11552,1.92187,0.184014,0.927371,0.0608061
1725431,0.98,-2.75261,-1.32534,1.01106,-1.94698,1.10108,1.16771,2.20139,-2.75266,-1.32422,1.00895,-1.94565,1.10136,1.16858,2.20139,0.000844665,-0.000276398,9.60687e-05,0.00135339,0.000264278,0.000191477,-0.000207025,0,0,0,0,0,0,0,-0.204456,26.7383,-24.7366,7.44724,0.825212,2.50601,0.0523779,-0.179259,2.15786,-3.11575,1.92116,0.18401,0.927337,0.0607431
1725432,0.98,-2.75261,-1.32534,1.01106,-1.94698,1.10108,1.16771,2.20139,-2.75266,-1.32422,1.00895,-1.94565,1.10136,1.16858,2.20139,0.00056311,0.000372547,6.40458e-05,0.000345446,-2.72651e-05,-0.000109707,9.93421e-05,0,0,0,0,0,0,0,-0.204456,26.7144,-24.7366,7.47104,0.830705,2.51242,0.0459692,-0.182243,2.15963,-3.11604,1.91882,0.183878,0.927295,0.0606088
1725433,0.98,-2.75261,-1.32534,1.01106,-1.94698,1.10108,1.16771,2.20139,-2.75266,-1.32422,1.00895,-1.94565,1.10136,1.16858,2.20139,-0.000274207,0.000248364,4.26972e-05,0.000230297,-1.81767e-05,-7.31383e-05,0.000574854,0,0,0,0,0,0,0,-0.176685,26.7144,-24.7366,7.47104,0.830705,2.51242,0.0322363,-0.185668,2.16143,-3.11618,1.9161,0.183712,0.927221,0.0604318
1725434,0.98,-2.75261,-1.32534,1.01106,-1.94698,1.10108,1.16771,2.20138,-2.75266,-1.32422,1.00895,-1.94565,1.10136,1.16858,2.20139,0.00102362,0.00081519,0.000678079,-0.000496082,0.000394783,-4.87588e-05,-0.00131218,0,0,0,0,0,0,0,-0.22826,26.6867,-24.7643,7.49881,0.819719,2.51242,0.0780126,-0.187842,2.16229,-3.11625,1.91431,0.183607,0.927139,0.0602205
1725435,0.98,-2.75261,-1.32534,1.01106,-1.94698,1.10108,1.16771,2.20138,-2.75266,-1.32422,1.00895,-1.94565,1.10136,1.16858,2.20139,0.000125602,-0.000106154,-0.000754373,-0.000330722,-0.000143712,-3.25059e-05,-0.000637431,0,0,0,0,0,0,0,-0.204456,26.7144,-24.7128,7.49881,0.830705,2.51242,0.071604,-0.189302,2.16239,-3.11615,1.91332,0.183553,0.927066,0.0599854
1725436,0.98,-2.75261,-1.32534,1.01106,-1.94698,1.10108,1.16772,2.20139,-2.75266,-1.32422,1.00895,-1.94565,1.10136,1.16858,2.20139,-0.00112269,-7.07692e-05,5.38964e-05,-0.000777293,0.000107642,-0.00025903,0.000524482,0,0,0,0,0,0,0,-0.152882,26.7144,-24.7366,7.52262,0.825212,2.51882,0.0459692,-0.18923,2.16169,-3.11566,1.91343,0.183586,0.926956,0.0597615
1725437,0.98,-2.75261,-1.32534,1.01105,-1.94698,1.10108,1.16772,2.20139,-2.75266,-1.32422,1.00895,-1.94565,1.10136,1.16858,2.20139,0.000457965,-4.71795e-05,-0.00107769,-0.000518195,-0.000335139,0.000302032,0.000349655,0,0,0,0,0,0,0,-0.204456,26.7144,-24.689,7.52262,0.836199,2.50601,0.0459692,-0.187228,2.16021,-3.11479,1.91472,0.183717,0.92679,0.0595699
1725438,0.98,-2.75261,-1.32534,1.01106,-1.94698,1.10108,1.16772,2.20138,-2.75266,-1.32422,1.00895,-1.94565,1.10136,1.16858,2.20139,-0.000344304,-0.00179469,0.000395162,0.000211348,0.000386925,0.000201354,-0.00119105,0,0,0,0,0,0,0,-0.176685,26.7898,-24.7366,7.49881,0.819719,2.50601,0.0844213,-0.185646,2.15958,-3.11412,1.91571,0.183838,0.926619,0.0593937
1725439,0.98,-2.75261,-1.32534,1.01106,-1.94698,1.10108,1.16771,2.20138,-2.75266,-1.32422,1.00895,-1.94565,1.10136,1.16858,2.20139,0.000420078,-0.000639649,0.000263441,0.00134732,5.44997e-05,-0.000103123,-0.000794034,0,0,0,0,0,0,0,-0.204456,26.766,-24.7366,7.44724,0.825212,2.51242,0.0844213,-0.18628,2.16172,-3.11493,1.91494,0.183838,0.926507,0.0592287
1725440,0.98,-2.75261,-1.32534,1.01106,-1.94698,1.10108,1.16772,2.20139,-2.75266,-1.32422,1.00895,-1.94565,1.10136,1.16858,2.20139,-0.000369562,0.000779993,0.000175628,-0.000865021,-0.000370568,-6.87485e-05,0.00140342,0,0,0,0,0,0,0,-0.176685,26.7144,-24.7366,7.52262,0.836199,2.51242,0.0322363,-0.187798,2.16472,-3.11646,1.91338,0.183757,0.926427,0.0591104
1725441,0.98,-2.75261,-1.32534,1.01105,-1.94698,1.10108,1.16771,2.20139,-2.75266,-1.32422,1.00895,-1.94565,1.10136,1.16858,2.20139,-0.000803187,0.000519996,-0.000996539,0.00118656,0.000159856,0.000191527,0.00117298,0,0,0,0,0,0,0,-0.152882,26.7144,-24.689,7.44724,0.825212,2.50601,0.0258276,-0.187652,2.16528,-3.11663,1.91288,0.183714,0.926261,0.0590501
1725442,0.98,-2.75261,-1.32534,1.01105,-1.94698,1.10108,1.16771,2.20139,-2.75266,-1.32422,1.00895,-1.94565,1.10136,1.16858,2.20139,-0.000535458,-0.000210148,-0.000664359,-0.000415388,-9.688e-05,-0.000347033,0.000544624,0,0,0,0,0,0,0,-0.152882,26.7383,-24.689,7.49881,0.830705,2.51882,0.0322363,-0.185799,2.16354,-3.115,1.91333,0.183722,0.925968,0.0589989
1725443,0.98,-2.75261,-1.32534,1.01105,-1.94698,1.10108,1.16771,2.20139,-2.75266,-1.32422,1.00895,-1.94565,1.10136,1.16858,2.20139,0.00019984,0.000416713,-0.00109252,-0.000276925,-0.000268037,-0.000231356,0.000363083,0,0,0,0,0,0,0,-0.176685,26.7144,-24.6612,7.49881,0.836199,2.51882,0.0322363,-0.183609,2.16095,-3.11227,1.91412,0.183759,0.925626,0.0589048
1725444,0.98,-2.75261,-1.32534,1.01105,-1.94698,1.10108,1.16771,2.20139,-2.75266,-1.32422,1.00895,-1.94565,1.10136,1.16858,2.20139,0.000133227,-0.000928617,-7.87328e-05,0.00102181,0.00022821,8.31218e-05,0.000479414,0,0,0,0,0,0,0,-0.176685,26.766,-24.689,7.44724,0.825212,2.51242,0.0258276,-0.182603,2.159,-3.10945,1.91438,0.183768,0.925325,0.0587441
1725445,0.98,-2.75261,-1.32534,1.01105,-1.94698,1.10108,1.16771,2.20139,-2.75266,-1.32422,1.00895,-1.94565,1.10136,1.16858,2.20139,-0.00111761,0.000587348,-5.24885e-05,0.000124394,-5.13108e-05,0.000292774,0.000556968,0,0,0,0,0,0,0,-0.125111,26.7144,-24.689,7.47104,0.830705,2.50601,0.0194189,-0.182535,2.15838,-3.10755,1.91382,0.183729,0.925093,0.0585092
1725446,0.98,-2.75261,-1.32534,1.01105,-1.94698,1.10108,1.16771,2.20139,-2.75266,-1.32422,1.00895,-1.94565,1.10136,1.16858,2.20139,-0.000745072,-0.000165247,0.00052182,0.000639741,-0.000237658,0.000432541,-0.000103406,0,0,0,0,0,0,0,-0.125111,26.7383,-24.7128,7.44724,0.836199,2.4996,0.0322363,-0.181264,2.15801,-3.10674,1.91362,0.183724,0.924916,0.0581982
1725447,0.98,-2.75261,-1.32534,1.01105,-1.94698,1.10107,1.16771,2.20139,-2.75266,-1.32422,1.00895,-1.94565,1.10136,1.16858,2.20139,0.000709711,-0.000110164,-0.000208932,-0.00133674,-0.00056534,5.10019e-05,-6.89371e-05,0,0,0,0,0,0,0,-0.176685,26.7383,-24.689,7.52262,0.847185,2.50601,0.0322363,-0.179347,2.15779,-3.1067,1.91391,0.18377,0.924803,0.0578113
1725448,0.98,-2.75261,-1.32534,1.01106,-1.94698,1.10108,1.16772,2.20139,-2.75266,-1.32422,1.00895,-1.94565,1.10136,1.16858,2.20139,-8.36711e-05,-0.000723057,0.000974336,-0.00033435,0.000436909,3.40013e-05,-0.000283317,0,0,0,0,0,0,0,-0.152882,26.766,-24.7366,7.49881,0.825212,2.50601,0.038645,-0.178303,2.15855,-3.10746,1.91422,0.18385,0.92479,0.0573614
1725449,0.98,-2.75261,-1.32534,1.01105,-1.94698,1.10108,1.16772,2.20139,-2.75266,-1.32422,1.00895,-1.94565,1.10136,1.16858,2.20139,0.00115065,0.000724388,-0.00111368,-0.0002229,-0.000115628,-0.00045205,0.000760558,0,0,0,0,0,0,0,-0.204456,26.7144,-24.6612,7.49881,0.836199,2.51882,0.0130102,-0.178518,2.15987,-3.10826,1.91414,0.183921,0.924818,0.0568691
1725450,0.98,-2.75261,-1.32534,1.01105,-1.94698,1.10108,1.16772,2.20139,-2.75266,-1.32422,1.00895,-1.94565,1.10136,1.16858,2.20139,-0.000439329,-7.38867e-05,-0.000742454,0.00105783,0.000126365,0.000173351,-0.000951024,0,0,0,0,0,0,0,-0.152882,26.7383,-24.6612,7.44724,0.830705,2.50601,0.0523779,-0.179943,2.16044,-3.10735,1.91329,0.183927,0.92474,0.0563423
1725451,0.98,-2.75261,-1.32534,1.01105,-1.94698,1.10108,1.16771,2.20139,-2.75266,-1.32422,1.00895,-1.94565,1.10136,1.16858,2.20139,0.00091354,0.000507554,0.000154645,0.000148405,-0.000119207,-0.000121792,0.000349328,0,0,0,0,0,0,0,-0.204456,26.7144,-24.689,7.47104,0.836199,2.51242,0.0258276,-0.181982,2.16039,-3.10514,1.91175,0.183874,0.924561,0.0557875
1725452,0.98,-2.75261,-1.32534,1.01106,-1.94698,1.10108,1.16771,2.20139,-2.75266,-1.32422,1.00895,-1.94565,1.10136,1.16858,2.20139,-0.000597399,-0.000218442,0.000659908,0.000655749,-7.94715e-05,-8.11944e-05,-0.000987817,0,0,0,0,0,0,0,-0.152882,26.7383,-24.7128,7.44724,0.836199,2.51242,0.0587866,-0.183953,2.16077,-3.10361,1.90997,0.18381,0.924412,0.0552251
1725453,0.98,-2.75261,-1.32534,1.01105,-1.94698,1.10108,1.16771,2.20139,-2.75266,-1.32422,1.00895,-1.94565,1.10136,1.16858,2.20139,-0.000398266,0.000411184,0.000439939,-0.00076926,-5.2981e-05,0.000183229,0.000324799,0,0,0,0,0,0,0,-0.152882,26.7144,-24.7128,7.49881,0.836199,2.50601,0.0322363,-0.184392,2.16134,-3.10338,1.90898,0.183821,0.92433,0.0546772
1725454,0.98,-2.75261,-1.32534,1.01105,-1.94698,1.10108,1.16771,2.20139,-2.75266,-1.32422,1.00895,-1.94565,1.10136,1.16858,2.20139,0.000291301,0.000274122,0.000293293,-0.00106965,0.000575031,0.000359512,-0.000292093,0,0,0,0,0,0,0,-0.176685,26.7144,-24.7128,7.52262,0.819719,2.4996,0.0459692,-0.182759,2.16119,-3.10369,1.90947,0.183959,0.924288,0.0541609
1725455,0.98,-2.75261,-1.32534,1.01105,-1.94698,1.10108,1.16772,2.20139,-2.75266,-1.32422,1.00895,-1.94565,1.10136,1.16858,2.20139,0.000843815,0.000182748,-0.0010109,0.000493325,-2.35471e-05,2.31561e-06,-0.000194729,0,0,0,0,0,0,0,-0.204456,26.7144,-24.6612,7.47104,0.830705,2.50601,0.0459692,-0.181299,2.16045,-3.10326,1.91024,0.184116,0.924222,0.0536765
1725456,0.98,-2.75261,-1.32534,1.01105,-1.94698,1.10108,1.16771,2.20139,-2.75266,-1.32422,1.00895,-1.94565,1.10136,1.16858,2.20139,0.000562543,-0.00108459,0.000532494,0.000328883,-1.56981e-05,-0.000235815,0.000141448,0,0,0,0,0,0,0,-0.204456,26.766,-24.7128,7.47104,0.830705,2.51242,0.038645,-0.182227,2.16068,-3.10223,1.90956,0.18416,0.924111,0.0532196
1725457,0.98,-2.75261,-1.32534,1.01105,-1.94698,1.10108,1.16771,2.20139,-2.75266,-1.32422,1.00895,-1.94565,1.10136,1.16858,2.20139,-0.000274585,-7.34485e-05,-0.000201816,0.000219255,0.000192985,-0.00015721,0.000569017,0,0,0,0,0,0,0,-0.176685,26.7383,-24.689,7.47104,0.825212,2.51242,0.0258276,-0.184578,2.1625,-3.10181,1.90775,0.184125,0.924008,0.0527929
1725458,0.98,-2.75261,-1.32534,1.01105,-1.94698,1.10108,1.16771,2.20139,-2.75266,-1.32422,1.00895,-1.94565,1.10136,1.16858,2.20139,-0.000183057,-4.89657e-05,0.000422268,0.000702982,0.000332107,0.000132552,0.000379344,0,0,0,0,0,0,0,-0.176685,26.7383,-24.7128,7.44724,0.819719,2.50601,0.0258276,-0.186198,2.16445,-3.10185,1.90609,0.18409,0.923896,0.0523895
1725459,0.98,-2.75261,-1.32534,1.01105,-1.94698,1.10108,1.16771,2.20139,-2.75266,-1.32422,1.00895,-1.94565,1.10136,1.16858,2.20139,-0.000122038,0.000524168,-0.0002753,-8.81572e-05,1.79543e-05,-0.000148991,-0.000221822,0,0,0,0,0,0,0,-0.176685,26.7144,-24.689,7.47104,0.825212,2.51242,0.038645,-0.186552,2.16536,-3.10158,1.905,0.184066,0.923746,0.0519904
1725460,0.98,-2.75261,-1.32534,1.01106,-1.94698,1.10108,1.16771,2.20138,-2.75266,-1.32422,1.00895,-1.94565,1.10136,1.16858,2.20139,-8.13586e-05,0.000349445,0.000930091,-0.000708385,-0.000394931,0.000375391,-0.00136858,0,0,0,0,0,0,0,-0.176685,26.7144,-24.7366,7.49881,0.836199,2.4996,0.071604,-0.185535,2.16501,-3.10104,1.90494,0.184085,0.923594,0.0515871
1725461,0.98,-2.75261,-1.32534,1.01105,-1.94698,1.10108,1.16772,2.20139,-2.75266,-1.32422,1.00895,-1.94565,1.10136,1.16858,2.20139,-5.42391e-05,-0.000973462,-0.00114318,-0.00102907,-0.000263288,-0.000224457,3.70463e-05,0,0,0,0,0,0,0,-0.176685,26.766,-24.6612,7.52262,0.836199,2.51242,0.0459692,-0.18345,2.16404,-3.10047,1.90595,0.184178,0.923465,0.0511974
1725462,0.98,-2.75261,-1.32534,1.01105,-1.94698,1.10108,1.16772,2.20139,-2.75266,-1.32422,1.00895,-1.94565,1.10136,1.16858,2.20139,-3.61594e-05,0.00120706,-0.000762118,-0.000129234,2.79254e-05,8.77207e-05,-0.00045002,0,0,0,0,0,0,0,-0.176685,26.6867,-24.6612,7.49881,0.830705,2.50601,0.0587866,-0.181102,2.1624,-3.09886,1.90745,0.184315,0.923282,0.0508503
1725463,0.98,-2.75261,-1.32534,1.01105,-1.94698,1.10108,1.16772,2.20139,-2.75266,-1.32422,1.00895,-1.94565,1.10136,1.16858,2.20139,-2.41062e-05,-0.00105133,0.000141535,0.000563458,0.000222067,5.84804e-05,0.000174704,0,0,0,0,0,0,0,-0.176685,26.766,-24.689,7.47104,0.825212,2.50601,0.0459692,-0.179336,2.16041,-3.0963,1.90853,0.184414,0.923032,0.050558
1725464,0.98,-2.75261,-1.32534,1.01105,-1.94698,1.10108,1.16772,2.20138,-2.75266,-1.32422,1.00895,-1.94565,1.10136,1.16858,2.20139,0.000633543,-5.12726e-05,0.000651169,-0.000830787,0.000148045,3.8987e-05,-0.00130768,0,0,0,0,0,0,0,-0.204456,26.7383,-24.7128,7.52262,0.825212,2.50601,0.0844213,-0.178999,2.16004,-3.0949,1.90858,0.184437,0.922847,0.050319
1725465,0.98,-2.75261,-1.32534,1.01105,-1.94698,1.10108,1.16771,2.20139,-2.75266,-1.32422,1.00895,-1.94565,1.10136,1.16858,2.20139,0.000979174,0.00052263,0.000434112,0.00120938,-0.000104754,2.59913e-05,0.000552364,0,0,0,0,0,0,0,-0.22826,26.7144,-24.7128,7.44724,0.830705,2.50601,0.0459692,-0.180422,2.16128,-3.09484,1.90763,0.184372,0.922766,0.0501413
1725466,0.98,-2.75261,-1.32534,1.01105,-1.94698,1.10108,1.16772,2.20139,-2.75266,-1.32422,1.00895,-1.94565,1.10136,1.16858,2.20139,-0.00111046,0.00034842,0.000289408,0.000249441,-0.000476737,0.000492045,-0.000106475,0,0,0,0,0,0,0,-0.152882,26.7144,-24.7128,7.47104,0.841692,2.49319,0.0587866,-0.182309,2.16245,-3.09494,1.90623,0.184247,0.922681,0.0500356
1725467,0.98,-2.75261,-1.32534,1.01105,-1.94698,1.10108,1.16772,2.20139,-2.75266,-1.32422,1.00895,-1.94565,1.10136,1.16858,2.20139,-0.000183491,0.00023228,-0.000363873,-0.00048332,-0.000114374,9.06713e-05,0.000403735,0,0,0,0,0,0,0,-0.176685,26.7144,-24.689,7.49881,0.836199,2.4996,0.0459692,-0.182264,2.16231,-3.09458,1.90576,0.184193,0.922512,0.0499926
1725468,0.98,-2.75261,-1.32534,1.01105,-1.94698,1.10108,1.16771,2.20138,-2.75266,-1.32422,1.00895,-1.94565,1.10136,1.16858,2.20139,-0.000122328,-0.000401959,0.00031423,-0.000322213,-7.62494e-05,6.04476e-05,-0.000917638,0,0,0,0,0,0,0,-0.176685,26.7383,-24.7128,7.49881,0.836199,2.4996,0.0780126,-0.180625,2.16131,-3.09391,1.9064,0.184249,0.922296,0.0499923
1725469,0.98,-2.75261,-1.32534,1.01105,-1.94698,1.10108,1.16771,2.20139,-2.75266,-1.32422,1.00895,-1.94565,1.10136,1.16858,2.20139,0.000568062,0.00028884,-0.000347325,0.000434805,0.000356068,-0.000197061,0.000100318,0,0,0,0,0,0,0,-0.204456,26.7144,-24.689,7.47104,0.825212,2.50601,0.0587866,-0.179633,2.16073,-3.09325,1.90684,0.184315,0.922077,0.0500264
1725470,0.98,-2.75261,-1.32534,1.01105,-1.94698,1.10108,1.16772,2.20139,-2.75266,-1.32422,1.00895,-1.94565,1.10136,1.16858,2.20139,-0.000270906,-0.000364252,0.000325262,0.00028987,0.000237379,-0.000131374,6.68786e-05,0,0,0,0,0,0,0,-0.176685,26.7383,-24.7128,7.47104,0.825212,2.50601,0.0587866,-0.179937,2.16078,-3.09258,1.90645,0.184327,0.92185,0.0501013
1725471,0.98,-2.75261,-1.32534,1.01105,-1.94698,1.10108,1.16771,2.20139,-2.75266,-1.32422,1.00895,-1.94565,1.10136,1.16858,2.20139,-0.000737416,-0.000242835,0.000216841,-0.000456367,-4.5198e-05,-8.75825e-05,4.45857e-05,0,0,0,0,0,0,0,-0.152882,26.7383,-24.7128,7.49881,0.830705,2.50601,0.0587866,-0.180024,2.16117,-3.09236,1.90607,0.184347,0.921631,0.0502166
1725472,0.98,-2.75261,-1.32534,1.01105,-1.94698,1.10108,1.16771,2.20138,-2.75266,-1.32422,1.00895,-1.94565,1.10136,1.16858,2.20139,-0.000491611,-0.000811504,0.000144561,0.000345369,0.000173318,-5.83883e-05,-0.000919712,0,0,0,0,0,0,0,-0.152882,26.766,-24.7128,7.47104,0.825212,2.50601,0.0844213,-0.178945,2.16179,-3.09285,1.90629,0.184422,0.921434,0.0503613
1725473,0.98,-2.75261,-1.32534,1.01105,-1.94698,1.10108,1.16772,2.20138,-2.75266,-1.32422,1.00895,-1.94565,1.10136,1.16858,2.20139,0.0014355,0.000665423,9.63738e-05,-0.000419368,0.000115546,-3.89255e-05,-0.0008505,0,0,0,0,0,0,0,-0.22826,26.7144,-24.7128,7.49881,0.825212,2.50601,0.09083,-0.17846,2.16267,-3.09336,1.90626,0.184467,0.921259,0.0505366
1725474,0.98,-2.75261,-1.32534,1.01105,-1.94698,1.10108,1.16771,2.20139,-2.75266,-1.32422,1.00895,-1.94565,1.10136,1.16858,2.20139,0.000956998,0.000443616,-0.00114218,-0.000279579,7.70304e-05,-2.59504e-05,0.000857153,0,0,0,0,0,0,0,-0.22826,26.7144,-24.6612,7.49881,0.825212,2.50601,0.0523779,-0.18001,2.16298,-3.09251,1.90552,0.184422,0.921073,0.0507646
1725475,0.98,-2.75261,-1.32534,1.01105,-1.94698,1.10108,1.16771,2.20138,-2.75266,-1.32422,1.00895,-1.94565,1.10136,1.16858,2.20139,-0.000568427,0.000295744,0.00100179,-0.000743198,-0.000152097,-1.73002e-05,-0.000140641,0,0,0,0,0,0,0,-0.176685,26.7144,-24.7366,7.52262,0.830705,2.50601,0.071604,-0.181758,2.1621,-3.09053,1.90508,0.184367,0.920862,0.0510547
1725476,0.98,-2.75261,-1.32534,1.01105,-1.94698,1.10108,1.16771,2.20139,-2.75266,-1.32422,1.00895,-1.94565,1.10136,1.16858,2.20139,-0.000378951,-0.00100926,-0.00165219,6.13468e-05,0.000102053,-0.000248892,-0.000568479,0,0,0,0,0,0,0,-0.176685,26.766,-24.6374,7.49881,0.825212,2.51242,0.0844213,-0.181808,2.16082,-3.08879,1.90559,0.184379,0.920643,0.0513854
1725477,0.98,-2.75261,-1.32534,1.01105,-1.94698,1.10108,1.16772,2.20139,-2.75266,-1.32422,1.00895,-1.94565,1.10136,1.16858,2.20139,-0.000809446,0.000533584,-0.000544649,4.08979e-05,-0.000338866,0.00030879,0.000333091,0,0,0,0,0,0,0,-0.152882,26.7144,-24.6612,7.49881,0.836199,2.4996,0.0651953,-0.180593,2.15928,-3.08664,1.90653,0.18443,0.920356,0.0517437
1725478,0.98,-2.75261,-1.32534,1.01105,-1.94698,1.10108,1.16771,2.20138,-2.75266,-1.32422,1.00895,-1.94565,1.10136,1.16858,2.20139,0.000666795,-0.00020109,-0.000919912,0.000676879,-0.000225911,-3.14992e-05,-1.52982e-05,0,0,0,0,0,0,0,-0.204456,26.7383,-24.6374,7.47104,0.836199,2.50601,0.071604,-0.179459,2.15741,-3.08364,1.90714,0.18445,0.919999,0.052131
1725479,0.98,-2.75261,-1.32534,1.01105,-1.94698,1.10108,1.16771,2.20138,-2.75266,-1.32422,1.00895,-1.94565,1.10136,1.16858,2.20139,0.00044453,-0.000783674,-0.000613274,0.000451253,0.000459744,-2.09995e-05,-0.000484917,0,0,0,0,0,0,0,-0.204456,26.766,-24.6374,7.47104,0.819719,2.50601,0.0844213,-0.180358,2.15665,-3.08067,1.9064,0.184369,0.919663,0.0525367
1725480,0.98,-2.75261,-1.32534,1.01105,-1.94698,1.10108,1.16772,2.20139,-2.75266,-1.32422,1.00895,-1.94565,1.10136,1.16858,2.20139,0.000296353,0.000127165,-0.00040885,-0.000348779,0.000103046,-1.39997e-05,0.000626158,0,0,0,0,0,0,0,-0.204456,26.7383,-24.6374,7.49881,0.825212,2.50601,0.0587866,-0.182962,2.15728,-3.07827,1.90469,0.184224,0.919395,0.0529581
1725481,0.98,-2.75261,-1.32534,1.01105,-1.94698,1.10108,1.16771,2.20138,-2.75266,-1.32422,1.00895,-1.94565,1.10136,1.16858,2.20139,0.000197569,8.47766e-05,0.00093386,0.000973907,0.000272148,-9.3331e-06,-5.72792e-05,0,0,0,0,0,0,0,-0.204456,26.7383,-24.689,7.44724,0.819719,2.50601,0.071604,-0.185467,2.15839,-3.0769,1.90311,0.184078,0.919221,0.0533981
1725482,0.98,-2.75261,-1.32534,1.01105,-1.94697,1.10108,1.16772,2.20138,-2.75266,-1.32422,1.00895,-1.94565,1.10136,1.16858,2.20139,-0.000517901,5.65177e-05,-0.000583853,0.0017629,-2.20187e-05,-6.22207e-06,-0.000987622,0,0,0,0,0,0,0,-0.176685,26.7383,-24.6374,7.39963,0.825212,2.50601,0.0972387,-0.187663,2.15988,-3.07654,1.90133,0.183892,0.919101,0.053843
1725483,0.98,-2.75261,-1.32534,1.01105,-1.94698,1.10108,1.16772,2.20139,-2.75266,-1.32422,1.00895,-1.94565,1.10136,1.16858,2.20139,0.000304346,3.76785e-05,0.000167577,6.16395e-05,0.000188771,0.000233211,-0.000658415,0,0,0,0,0,0,0,-0.204456,26.7383,-24.6612,7.44724,0.819719,2.4996,0.0972387,-0.189499,2.16131,-3.07629,1.89932,0.183672,0.918968,0.0542936
1725484,0.98,-2.75261,-1.32534,1.01105,-1.94698,1.10108,1.16772,2.20139,-2.75266,-1.32422,1.00895,-1.94565,1.10136,1.16858,2.20139,-0.000446716,0.000581931,0.000111718,-0.000515719,-0.000687954,-8.1885e-05,0.000985211,0,0,0,0,0,0,0,-0.176685,26.7144,-24.6612,7.47104,0.841692,2.50601,0.0587866,-0.190014,2.16186,-3.07587,1.8983,0.183522,0.918847,0.054779
1725485,0.98,-2.75261,-1.32534,1.01105,-1.94698,1.10108,1.16771,2.20138,-2.75266,-1.32422,1.00895,-1.94565,1.10136,1.16858,2.20139,-0.000297811,-0.00137528,-0.000482333,-0.000993427,0.000151715,0.000182769,-5.52698e-05,0,0,0,0,0,0,0,-0.176685,26.7898,-24.6374,7.49881,0.825212,2.4996,0.0780126,-0.188593,2.16165,-3.07558,1.89892,0.183518,0.918764,0.055305
1725486,0.98,-2.75261,-1.32534,1.01105,-1.94698,1.10108,1.16772,2.20139,-2.75266,-1.32422,1.00895,-1.94565,1.10136,1.16858,2.20139,0.00100789,-0.000360044,0.000235256,-1.26705e-05,0.000304594,-0.000352872,0.00067523,0,0,0,0,0,0,0,-0.22826,26.766,-24.6612,7.47104,0.819719,2.51242,0.0587866,-0.187182,2.16217,-3.07567,1.89987,0.183576,0.918726,0.0558425
1725487,0.98,-2.75261,-1.32534,1.01105,-1.94698,1.10108,1.16771,2.20138,-2.75266,-1.32422,1.00895,-1.94565,1.10136,1.16858,2.20139,0.000115112,0.000409585,0.000156838,0.000548365,-0.00081419,2.11099e-06,-0.000736641,0,0,0,0,0,0,0,-0.204456,26.7383,-24.6612,7.44724,0.847185,2.50601,0.09083,-0.187505,2.16369,-3.07596,1.89986,0.183566,0.918728,0.0563682
1725488,0.98,-2.75261,-1.32534,1.01105,-1.94698,1.10108,1.16772,2.20139,-2.75266,-1.32422,1.00895,-1.94565,1.10136,1.16858,2.20139,-0.0017793,-0.000376558,0.000754172,-0.000191235,0.000271009,1.40733e-06,0.00117042,0,0,0,0,0,0,0,-0.125111,26.766,-24.689,7.47104,0.825212,2.50601,0.0459692,-0.187204,2.1648,-3.07637,1.89992,0.183554,0.918721,0.0568786
1725489,0.98,-2.75261,-1.32534,1.01105,-1.94698,1.10108,1.16772,2.20139,-2.75266,-1.32422,1.00895,-1.94565,1.10136,1.16858,2.20139,2.02267e-05,0.000398576,-0.000703644,-0.00012749,0.000180673,0.000475656,6.82022e-05,0,0,0,0,0,0,0,-0.176685,26.7383,-24.6374,7.47104,0.825212,2.49319,0.0651953,-0.184493,2.16473,-3.07665,1.9011,0.183636,0.918665,0.0573704
1725490,0.98,-2.75261,-1.32534,1.01105,-1.94698,1.10108,1.16772,2.20139,-2.75266,-1.32422,1.00895,-1.94565,1.10136,1.16858,2.20139,0.000663098,-0.000383897,0.00073733,0.000471818,0.000323899,0.000317104,0.000757545,0,0,0,0,0,0,0,-0.204456,26.766,-24.689,7.44724,0.819719,2.49319,0.0459692,-0.182167,2.16435,-3.07628,1.90201,0.183703,0.918567,0.0578215
1725491,0.98,-2.75261,-1.32534,1.01105,-1.94698,1.10108,1.16772,2.20139,-2.75266,-1.32422,1.00895,-1.94565,1.10136,1.16858,2.20139,-0.000207548,0.000393683,-0.000158061,-0.000242266,-0.000190968,-0.000738033,-0.000681765,0,0,0,0,0,0,0,-0.176685,26.7383,-24.6612,7.47104,0.830705,2.51882,0.0780126,-0.181791,2.16464,-3.07574,1.90184,0.183679,0.918475,0.0582132
1725492,0.98,-2.75261,-1.32534,1.01105,-1.94698,1.10108,1.16772,2.20139,-2.75266,-1.32422,1.00895,-1.94565,1.10136,1.16858,2.20139,-0.000695178,0.000819267,-0.000105374,-0.000161511,-0.000534213,-1.73042e-05,0.000732285,0,0,0,0,0,0,0,-0.152882,26.7144,-24.6612,7.47104,0.841692,2.50601,0.0459692,-0.180983,2.16414,-3.0747,1.90202,0.18367,0.918358,0.0585494
1725493,0.98,-2.75261,-1.32534,1.01105,-1.94698,1.10108,1.16771,2.20139,-2.75266,-1.32422,1.00895,-1.94565,1.10136,1.16858,2.20139,0.000742974,-1.06339e-05,-7.02493e-05,-0.000107674,5.07588e-05,-1.15361e-05,0.00048819,0,0,0,0,0,0,0,-0.204456,26.7383,-24.6612,7.47104,0.830705,2.50601,0.0459692,-0.179385,2.16247,-3.07285,1.90277,0.183701,0.918198,0.0588367
1725494,0.98,-2.75261,-1.32534,1.01105,-1.94698,1.10108,1.16771,2.20138,-2.75266,-1.32422,1.00895,-1.94565,1.10136,1.16858,2.20139,0.000495316,-7.08927e-06,0.000602781,-7.17826e-05,3.38392e-05,0.000229668,-0.00109869,0,0,0,0,0,0,0,-0.204456,26.7383,-24.689,7.47104,0.830705,2.4996,0.0844213,-0.17919,2.16161,-3.07122,1.90279,0.183695,0.918078,0.0590651
1725495,0.98,-2.75261,-1.32534,1.01105,-1.94698,1.10108,1.16771,2.20139,-2.75266,-1.32422,1.00895,-1.94565,1.10136,1.16858,2.20139,0.000330211,-4.72618e-06,-0.000804572,0.000508957,0.00022601,-0.000321606,0.00143768,0,0,0,0,0,0,0,-0.204456,26.7383,-24.6374,7.44724,0.825212,2.51242,0.0258276,-0.18073,2.16196,-3.06996,1.90175,0.18363,0.917994,0.0592371
1725496,0.98,-2.75261,-1.32534,1.01105,-1.94698,1.10108,1.16772,2.20139,-2.75266,-1.32422,1.00895,-1.94565,1.10136,1.16858,2.20139,-0.000429473,-0.000652765,-0.000536381,-0.000217507,-5.27772e-05,0.000497673,-0.000262252,0,0,0,0,0,0,0,-0.176685,26.766,-24.6374,7.47104,0.830705,2.49319,0.0587866,-0.182633,2.16254,-3.06826,1.90032,0.183556,0.917862,0.0593649
1725497,0.98,-2.75261,-1.32534,1.01105,-1.94698,1.10108,1.16772,2.20139,-2.75266,-1.32422,1.00895,-1.94565,1.10136,1.16858,2.20139,-0.000843128,0.000771249,-0.000357587,-0.000145005,-0.000238635,0.000331782,0.000299883,0,0,0,0,0,0,0,-0.152882,26.7144,-24.6374,7.47104,0.836199,2.49319,0.0459692,-0.182984,2.16234,-3.06602,1.89966,0.183555,0.917659,0.0594422
1725498,0.98,-2.75261,-1.32534,1.01105,-1.94698,1.10108,1.16772,2.20139,-2.75266,-1.32422,1.00895,-1.94565,1.10136,1.16858,2.20139,-0.000562085,0.000514166,-0.000795204,-0.000746284,0.000451261,-1.61709e-05,-0.000749514,0,0,0,0,0,0,0,-0.152882,26.7144,-24.6136,7.49881,0.819719,2.4996,0.071604,-0.180776,2.16032,-3.06317,1.90055,0.183665,0.917391,0.059471
1725499,0.97,-2.75261,-1.32534,1.01105,-1.94698,1.10108,1.16771,2.20139,-2.75266,-1.32422,1.00895,-1.94565,1.10136,1.16858,2.20139,0.000182089,-0.000863648,2.66762e-05,0.00126572,9.73904e-05,-0.000485499,0.000721027,0,0,0,0,0,0,0,-0.176685,26.766,-24.6374,7.42344,0.825212,2.51242,0.038645,-0.178276,2.15808,-3.06027,1.90157,0.183778,0.917108,0.0594637
1725500,0.96,-2.75261,-1.32534,1.01105,-1.94698,1.10108,1.16772,2.20139,-2.75266,-1.32422,1.00895,-1.94565,1.10136,1.16858,2.20139,-0.00043542,0.00063066,1.77841e-05,0.00084381,-0.000138524,-8.63067e-05,0.000955403,0,0,0,0,0,0,0,-0.152882,26.7144,-24.6374,7.42344,0.830705,2.50601,0.0258276,-0.177763,2.15773,-3.05839,1.901,0.183769,0.916874,0.0594274
1725501,0.96,-2.75261,-1.32534,1.01105,-1.94698,1.10108,1.16772,2.20139,-2.75266,-1.32422,1.00895,-1.94565,1.10136,1.16858,2.20139,0.000266532,-0.000136372,0.000568668,5.72816e-06,0.000111101,0.00041718,-0.000346409,0,0,0,0,0,0,0,-0.176685,26.7383,-24.6612,7.44724,0.825212,2.49319,0.0523779,-0.178338,2.15851,-3.05749,1.89952,0.18368,0.916706,0.0593513
1725502,0.96,-2.75261,-1.32534,1.01105,-1.94698,1.10108,1.16772,2.20139,-2.75266,-1.32422,1.00895,-1.94565,1.10136,1.16858,2.20139,0.000177688,-0.000740528,-0.0001777,-0.000552993,-0.000129383,4.07611e-05,0.000752405,0,0,0,0,0,0,0,-0.176685,26.766,-24.6374,7.47104,0.830705,2.4996,0.0258276,-0.179212,2.15995,-3.0574,1.89808,0.183599,0.916619,0.0592196
1725503,0.96,-2.75261,-1.32534,1.01105,-1.94698,1.10108,1.16772,2.20139,-2.75266,-1.32422,1.00895,-1.94565,1.10136,1.16858,2.20139,0.000768073,0.000155928,0.000438345,-0.00101828,-8.62553e-05,2.71741e-05,-0.000244382,0,0,0,0,0,0,0,-0.204456,26.7383,-24.6612,7.49881,0.830705,2.4996,0.0459692,-0.180412,2.16197,-3.05784,1.89696,0.183558,0.916607,0.0590322
1725504,0.96,-2.75261,-1.32534,1.01105,-1.94698,1.10108,1.16772,2.20139,-2.75266,-1.32422,1.00895,-1.94565,1.10136,1.16858,2.20139,0.000512048,0.000660764,0.000941844,-2.92368e-05,-5.75035e-05,1.8116e-05,0.000820423,0,0,0,0,0,0,0,-0.204456,26.7144,-24.689,7.47104,0.830705,2.4996,0.0194189,-0.181674,2.16373,-3.05846,1.89629,0.183541,0.916647,0.058794
1725505,0.96,-2.75261,-1.32534,1.01105,-1.94698,1.10108,1.16772,2.20139,-2.75266,-1.32422,1.00895,-1.94565,1.10136,1.16858,2.20139,0.000341366,-0.000116303,-0.00057853,0.000537321,0.000368565,1.20774e-05,-0.000673755,0,0,0,0,0,0,0,-0.204456,26.7383,-24.6374,7.44724,0.819719,2.4996,0.0523779,-0.183228,2.16503,-3.05885,1.89546,0.18349,0.91667,0.0585035
1725506,0.96,-2.75261,-1.32534,1.01105,-1.94698,1.10108,1.16772,2.20139,-2.75266,-1.32422,1.00895,-1.94565,1.10136,1.16858,2.20139,0.000784389,0.00112889,0.000820739,-0.000848212,-0.000161191,0.000245411,0.000534174,0,0,0,0,0,0,0,-0.22826,26.6867,-24.689,7.49881,0.830705,2.49319,0.0258276,-0.184982,2.16567,-3.05845,1.89442,0.183405,0.916623,0.0581631
1725507,0.96,-2.75261,-1.32534,1.01105,-1.94698,1.10108,1.16772,2.20139,-2.75266,-1.32422,1.00895,-1.94565,1.10136,1.16858,2.20139,-0.0006835,-0.000453832,0.00054716,8.41392e-05,0.000536799,-0.000785829,-0.000389869,0,0,0,0,0,0,0,-0.176685,26.7383,-24.689,7.47104,0.81331,2.51882,0.0459692,-0.185837,2.16566,-3.05809,1.89399,0.183351,0.916562,0.0577875
1725508,0.96,-2.75261,-1.32534,1.01104,-1.94698,1.10108,1.16772,2.20139,-2.75266,-1.32422,1.00895,-1.94565,1.10136,1.16858,2.20139,-0.00101248,-0.000302555,-0.00139846,-0.000593521,-8.29432e-05,0.000188191,0.000486073,0,0,0,0,0,0,0,-0.152882,26.7383,-24.6136,7.49881,0.825212,2.4996,0.0258276,-0.184751,2.16517,-3.0578,1.89455,0.183373,0.916454,0.057385
1725509,0.96,-2.75261,-1.32534,1.01105,-1.94698,1.10108,1.16772,2.20139,-2.75266,-1.32422,1.00895,-1.94565,1.10136,1.16858,2.20139,-0.000118174,0.000355109,-0.000375498,0.000810745,-5.52954e-05,-0.000349257,-0.000150669,0,0,0,0,0,0,0,-0.176685,26.7144,-24.6374,7.44724,0.825212,2.51242,0.038645,-0.182389,2.16376,-3.05624,1.89558,0.183428,0.916219,0.0569564
1725510,0.96,-2.75261,-1.32534,1.01105,-1.94698,1.10108,1.16772,2.20139,-2.75266,-1.32422,1.00895,-1.94565,1.10136,1.16858,2.20139,-7.87825e-05,-0.000969687,-0.000250332,-1.63152e-05,-0.000240314,0.000479239,0.000136913,0,0,0,0,0,0,0,-0.176685,26.766,-24.6374,7.47104,0.830705,2.49319,0.0322363,-0.180771,2.16251,-3.05403,1.89596,0.183422,0.915934,0.0565026
1725511,0.96,-2.75261,-1.32534,1.01105,-1.94698,1.10108,1.16772,2.20139,-2.75266,-1.32422,1.00895,-1.94565,1.10136,1.16858,2.20139,0.000597092,3.15617e-06,0.00103954,0.000545935,-0.000160209,8.21335e-05,0.000328634,0,0,0,0,0,0,0,-0.204456,26.7383,-24.689,7.44724,0.830705,2.4996,0.0258276,-0.180987,2.16304,-3.05293,1.89515,0.183328,0.915736,0.0560271
1725512,0.96,-2.75261,-1.32535,1.01104,-1.94698,1.10108,1.16772,2.20139,-2.75266,-1.32422,1.00895,-1.94565,1.10136,1.16858,2.20139,0.000954873,-0.00064751,-0.00107021,-0.000842469,9.66442e-05,-0.000182603,-1.82696e-05,0,0,0,0,0,0,0,-0.22826,26.766,-24.6136,7.49881,0.825212,2.50601,0.0322363,-0.182994,2.16492,-3.05271,1.89352,0.183176,0.915637,0.0555335
1725513,0.96,-2.75261,-1.32534,1.01105,-1.94698,1.10108,1.16772,2.20139,-2.75266,-1.32422,1.00895,-1.94565,1.10136,1.16858,2.20139,-0.00112666,0.000774753,0.000400149,0.00064478,-0.000139021,0.000115623,-1.21797e-05,0,0,0,0,0,0,0,-0.152882,26.7144,-24.6612,7.44724,0.830705,2.4996,0.0322363,-0.184998,2.16624,-3.05202,1.89217,0.183041,0.915536,0.0550227
1725514,0.96,-2.75261,-1.32534,1.01105,-1.94698,1.10108,1.16772,2.20139,-2.75266,-1.32422,1.00895,-1.94565,1.10136,1.16858,2.20139,0.000455322,-0.000689924,-0.000290046,-0.000126959,-0.000296131,7.70823e-05,-0.000245479,0,0,0,0,0,0,0,-0.204456,26.766,-24.6374,7.47104,0.836199,2.4996,0.038645,-0.185512,2.16646,-3.05098,1.89161,0.182961,0.915397,0.0544996
1725515,0.97,-2.75261,-1.32534,1.01105,-1.94698,1.10108,1.16772,2.20139,-2.75266,-1.32422,1.00895,-1.94565,1.10136,1.16858,2.20139,-0.000346066,0.000746476,-0.000750176,-0.000734253,0.00020948,5.13882e-05,0.000311065,0,0,0,0,0,0,0,-0.176685,26.7144,-24.6136,7.49881,0.825212,2.4996,0.0258276,-0.18517,2.16594,-3.04958,1.89163,0.182932,0.915235,0.053972
1725516,0.98,-2.75261,-1.32534,1.01105,-1.94698,1.10108,1.16772,2.20139,-2.75266,-1.32422,1.00895,-1.94565,1.10136,1.16858,2.20139,0.000418903,-5.9161e-05,-0.000500117,-0.000489502,0.000139653,-0.0002031,-0.000267341,0,0,0,0,0,0,0,-0.204456,26.7383,-24.6136,7.49881,0.825212,2.50601,0.038645,-0.184243,2.16429,-3.04722,1.89236,0.18296,0.915039,0.0534467
1725517,0.98,-2.75261,-1.32534,1.01105,-1.94698,1.10108,1.16772,2.20139,-2.75266,-1.32422,1.00895,-1.94565,1.10136,1.16858,2.20139,-0.000927157,-3.94406e-05,0.0002234,0.000323279,0.000296553,-0.0001354,5.91316e-05,0,0,0,0,0,0,0,-0.152882,26.7383,-24.6374,7.47104,0.819719,2.50601,0.0322363,-0.182922,2.1624,-3.04483,1.8934,0.183009,0.914849,0.0529252
1725518,0.98,-2.75261,-1.32534,1.01105,-1.94698,1.10108,1.16772,2.20139,-2.75266,-1.32422,1.00895,-1.94565,1.10136,1.16858,2.20139,-6.12927e-05,-2.62938e-05,0.000705746,0.000772331,0.000435061,-0.000327626,3.94211e-05,0,0,0,0,0,0,0,-0.176685,26.7383,-24.6612,7.44724,0.81331,2.51242,0.0322363,-0.181646,2.1616,-3.04374,1.89401,0.183019,0.914718,0.0524102
1725519,0.98,-2.75261,-1.32534,1.01105,-1.94698,1.10108,1.16772,2.20139,-2.75266,-1.32422,1.00895,-1.94565,1.10136,1.16858,2.20139,-4.08618e-05,-1.75292e-05,-0.000643127,-4.19243e-05,5.26816e-05,0.00049366,-0.000482346,0,0,0,0,0,0,0,-0.176685,26.7383,-24.6136,7.47104,0.819719,2.49319,0.0459692,-0.180981,2.16176,-3.0435,1.89392,0.182957,0.914635,0.0519032
1725520,0.98,-2.75261,-1.32534,1.01105,-1.94698,1.10108,1.16772,2.20138,-2.75266,-1.32422,1.00895,-1.94565,1.10136,1.16858,2.20139,0.000622373,-1.16861e-05,0.000128061,0.000528862,3.51211e-05,9.17475e-05,-0.00150836,0,0,0,0,0,0,0,-0.204456,26.7383,-24.6374,7.44724,0.819719,2.4996,0.0780126,-0.181509,2.1623,-3.04294,1.89315,0.182821,0.914555,0.0514079
1725521,0.98,-2.75261,-1.32534,1.01105,-1.94698,1.10108,1.16772,2.20138,-2.75266,-1.32422,1.00895,-1.94565,1.10136,1.16858,2.20139,-0.000791511,0.000549021,8.53738e-05,0.000909387,2.34141e-05,0.000298524,-0.000530854,0,0,0,0,0,0,0,-0.152882,26.7144,-24.6374,7.42344,0.819719,2.49319,0.0651953,-0.182677,2.16287,-3.04208,1.89193,0.182625,0.914463,0.0509538
1725522,0.98,-2.75261,-1.32534,1.01104,-1.94698,1.10108,1.16772,2.20139,-2.75266,-1.32422,1.00895,-1.94565,1.10136,1.16858,2.20139,-0.000527674,-0.000190798,5.69159e-05,0.000606258,1.56094e-05,-3.8343e-05,0.000358174,0,0,0,0,0,0,0,-0.152882,26.7383,-24.6374,7.42344,0.819719,2.4996,0.0459692,-0.183097,2.16312,-3.04131,1.89083,0.182418,0.914343,0.0505826
1725523,0.98,-2.75261,-1.32534,1.01105,-1.94698,1.10108,1.16772,2.20138,-2.75266,-1.32422,1.00895,-1.94565,1.10136,1.16858,2.20139,0.00141146,-0.000127199,0.000594756,-0.00015264,-0.000193044,-0.000262921,-0.000948012,0,0,0,0,0,0,0,-0.22826,26.7383,-24.6612,7.44724,0.825212,2.50601,0.0780126,-0.18362,2.1638,-3.041,1.88966,0.182203,0.91425,0.0503045
1725524,0.98,-2.75261,-1.32534,1.01105,-1.94698,1.10108,1.16772,2.20138,-2.75266,-1.32422,1.00895,-1.94565,1.10136,1.16858,2.20139,0.00094097,-0.000734413,-0.000160308,-0.000658572,-0.000128696,-0.000175281,-0.000869367,0,0,0,0,0,0,0,-0.22826,26.766,-24.6374,7.47104,0.825212,2.50601,0.0844213,-0.18608,2.1658,-3.04134,1.88789,0.181955,0.914261,0.050111
1725528,0.94,-2.75261,-1.32534,1.01104,-1.94698,1.10108,1.16772,2.20138,-2.75266,-1.32422,1.00895,-1.94565,1.10136,1.16858,2.20139,-0.000264391,0.00116791,-0.00164711,0.000983536,-0.000113332,0.000149989,-0.00134973,0,0,0,0,0,0,0,-0.176685,26.6867,-24.5858,7.42344,0.825212,2.4996,0.103647,-0.183802,2.16341,-3.03773,1.8896,0.18161,0.914079,0.0503819
1725529,0.93,-2.75261,-1.32534,1.01104,-1.94698,1.10108,1.16772,2.20138,-2.75266,-1.32422,1.00895,-1.94565,1.10136,1.16858,2.20139,-0.000176261,0.000128991,-0.000448458,9.88785e-05,-7.55548e-05,0.000337352,4.96155e-05,0,0,0,0,0,0,0,-0.176685,26.7144,-24.6136,7.44724,0.825212,2.49319,0.0780126,-0.183226,2.1626,-3.03652,1.88947,0.18148,0.913973,0.0506663
1725530,0.93,-2.75261,-1.32534,1.01104,-1.94698,1.10108,1.16772,2.20138,-2.75266,-1.32422,1.00895,-1.94565,1.10136,1.16858,2.20139,0.000532107,-0.00112043,-0.000298972,-0.000490893,-0.00025382,-0.000487176,-0.000441641,0,0,0,0,0,0,0,-0.204456,26.766,-24.6136,7.47104,0.830705,2.51242,0.09083,-0.183077,2.16139,-3.03415,1.88905,0.181344,0.91379,0.0510243
1725531,0.93,-2.75261,-1.32534,1.01104,-1.94698,1.10108,1.16772,2.20138,-2.75266,-1.32422,1.00895,-1.94565,1.10136,1.16858,2.20139,-0.000294876,0.00110909,-0.000199315,0.000786362,0.000237687,0.000387293,0.000655008,0,0,0,0,0,0,0,-0.176685,26.6867,-24.6136,7.42344,0.819719,2.49319,0.0651953,-0.183652,2.16113,-3.03233,1.88831,0.181213,0.913652,0.0514581
1725532,0.93,-2.75261,-1.32534,1.01105,-1.94698,1.10108,1.16772,2.20138,-2.75266,-1.32422,1.00895,-1.94565,1.10136,1.16858,2.20139,-0.000753396,0.00073939,0.000423936,-0.000589383,-4.49922e-05,0.000258195,-0.000275404,0,0,0,0,0,0,0,-0.152882,26.6867,-24.6374,7.47104,0.825212,2.49319,0.0844213,-0.183179,2.16004,-3.03056,1.8881,0.181118,0.913511,0.0519569
1725533,0.93,-2.75261,-1.32534,1.01105,-1.94698,1.10108,1.16772,2.20138,-2.75266,-1.32422,1.00895,-1.94565,1.10136,1.16858,2.20139,5.4548e-05,-0.000713499,-0.000274188,0.00016389,-2.99948e-05,-0.000539947,-0.000420962,0,0,0,0,0,0,0,-0.176685,26.7383,-24.6136,7.44724,0.825212,2.51242,0.09083,-0.181303,2.15832,-3.02921,1.88871,0.181087,0.913385,0.0524993
1725534,0.93,-2.75261,-1.32534,1.01104,-1.94698,1.10108,1.16772,2.20138,-2.75266,-1.32422,1.00895,-1.94565,1.10136,1.16858,2.20139,0.000685979,0.00073076,0.00037402,-0.00109717,0.000624263,-0.000122605,0.000194077,0,0,0,0,0,0,0,-0.204456,26.6867,-24.6374,7.49881,0.807817,2.50601,0.0780126,-0.180033,2.15746,-3.02854,1.88918,0.181062,0.913327,0.053074
1725535,0.93,-2.75261,-1.32534,1.01104,-1.94698,1.10108,1.16772,2.20138,-2.75266,-1.32422,1.00895,-1.94565,1.10136,1.16858,2.20139,0.00045732,-0.000719253,0.000249347,-8.18299e-05,-0.000228084,0.000155622,0.000366743,0,0,0,0,0,0,0,-0.204456,26.7383,-24.6374,7.47104,0.825212,2.4996,0.071604,-0.180143,2.15752,-3.02842,1.88919,0.181004,0.913351,0.0536798
1725536,0.93,-2.75261,-1.32534,1.01105,-1.94698,1.10108,1.16772,2.20139,-2.75266,-1.32422,1.00895,-1.94565,1.10136,1.16858,2.20139,0.00030488,-0.00112912,0.000166231,-5.45533e-05,-0.000152056,0.000341107,0.000956572,0,0,0,0,0,0,0,-0.204456,26.766,-24.6374,7.47104,0.825212,2.49319,0.0523779,-0.181688,2.1592,-3.02916,1.8884,0.180894,0.913435,0.0542979
1725537,0.93,-2.75261,-1.32534,1.01104,-1.94698,1.10108,1.16772,2.20138,-2.75266,-1.32422,1.00895,-1.94565,1.10136,1.16858,2.20139,-0.000446361,0.000453682,-0.00109561,-3.63688e-05,-0.000101371,-9.95432e-06,-0.00126116,0,0,0,0,0,0,0,-0.176685,26.7144,-24.5858,7.47104,0.825212,2.4996,0.103647,-0.183632,2.16144,-3.02976,1.88717,0.180759,0.913475,0.0549002
1725538,0.93,-2.75261,-1.32534,1.01105,-1.94698,1.10108,1.16772,2.20139,-2.75266,-1.32422,1.00895,-1.94565,1.10136,1.16858,2.20139,0.00035204,-0.000254357,0.00103283,-2.42459e-05,0.00013587,-0.000243995,0.000346024,0,0,0,0,0,0,0,-0.204456,26.7383,-24.6612,7.47104,0.819719,2.50601,0.071604,-0.184693,2.16254,-3.02945,1.88636,0.180641,0.913433,0.0554808
1725539,0.93,-2.75261,-1.32534,1.01105,-1.94698,1.10108,1.16772,2.20139,-2.75266,-1.32422,1.00895,-1.94565,1.10136,1.16858,2.20139,0.000234693,-0.000169571,0.000131744,-0.000665778,-0.000316321,0.000312054,0.0019261,0,0,0,0,0,0,0,-0.204456,26.7383,-24.6374,7.49881,0.830705,2.49319,0.0258276,-0.185386,2.16343,-3.0295,1.88588,0.180534,0.913415,0.0560547
1725540,0.93,-2.75261,-1.32534,1.01104,-1.94698,1.10108,1.16772,2.20139,-2.75266,-1.32422,1.00895,-1.94565,1.10136,1.16858,2.20139,-0.000493152,0.000443764,-0.000468982,0.000762574,-0.000414331,-2.93226e-05,0.000300725,0,0,0,0,0,0,0,-0.176685,26.7144,-24.6136,7.44724,0.836199,2.4996,0.0523779,-0.185756,2.16401,-3.02954,1.88563,0.180445,0.913386,0.0566015
1725541,0.93,-2.75261,-1.32534,1.01105,-1.94698,1.10108,1.16772,2.20139,-2.75266,-1.32422,1.00895,-1.94565,1.10136,1.16858,2.20139,0.000320846,0.000295843,0.000244157,0.000508383,-7.27703e-05,0.000455169,0.000437842,0,0,0,0,0,0,0,-0.204456,26.7144,-24.6374,7.44724,0.830705,2.48678,0.0459692,-0.185802,2.16358,-3.02857,1.88536,0.180351,0.91326,0.0570722
1725542,0.93,-2.75261,-1.32534,1.01104,-1.94698,1.10108,1.16772,2.20138,-2.75266,-1.32422,1.00895,-1.94565,1.10136,1.16858,2.20139,-0.000435717,0.000197229,-0.000394041,-0.000867504,0.000154937,6.60874e-05,-0.0008949,0,0,0,0,0,0,0,-0.176685,26.7144,-24.6136,7.49881,0.825212,2.49319,0.0780126,-0.185587,2.1625,-3.02709,1.8852,0.180275,0.913083,0.0574474
1725543,0.93,-2.75261,-1.32534,1.01104,-1.94698,1.10108,1.16772,2.20139,-2.75266,-1.32422,1.00895,-1.94565,1.10136,1.16858,2.20139,0.000359136,-0.000425326,-0.000912308,7.12779e-05,-0.000100159,4.40582e-05,0.000590195,0,0,0,0,0,0,0,-0.204456,26.7383,-24.5858,7.47104,0.830705,2.49319,0.0459692,-0.184949,2.16097,-3.02515,1.88554,0.180266,0.912871,0.0577406
1725544,0.93,-2.75261,-1.32534,1.01104,-1.94698,1.10108,1.16772,2.20139,-2.75266,-1.32422,1.00895,-1.94565,1.10136,1.16858,2.20139,-0.00041019,0.000273261,-0.000608205,4.75186e-05,0.000340128,-0.000207987,0.000156104,0,0,0,0,0,0,0,-0.176685,26.7144,-24.5858,7.47104,0.819719,2.4996,0.0523779,-0.184522,2.15934,-3.02256,1.88588,0.18028,0.912605,0.0579725
1725545,0.93,-2.75261,-1.32534,1.01104,-1.94697,1.10108,1.16772,2.20139,-2.75266,-1.32422,1.00895,-1.94565,1.10136,1.16858,2.20139,-0.00027346,-0.00158106,0.000244144,0.00170211,2.33016e-05,-0.000138658,-0.000133289,0,0,0,0,0,0,0,-0.176685,26.7898,-24.6136,7.39963,0.825212,2.4996,0.0587866,-0.184884,2.15885,-3.02044,1.88537,0.18025,0.91233,0.0581475
1725546,0.93,-2.75261,-1.32534,1.01104,-1.94698,1.10108,1.16772,2.20138,-2.75266,-1.32422,1.00895,-1.94565,1.10136,1.16858,2.20139,-0.000182307,0.000152383,0.000162763,0.000577931,0.000218985,0.000382279,-0.000563578,0,0,0,0,0,0,0,-0.176685,26.7383,-24.6136,7.42344,0.819719,2.48678,0.071604,-0.186302,2.16043,-3.01987,1.88364,0.180143,0.912109,0.0582672
1725547,0.93,-2.75261,-1.32534,1.01104,-1.94698,1.10108,1.16772,2.20139,-2.75266,-1.32422,1.00895,-1.94565,1.10136,1.16858,2.20139,-0.000121538,0.000658401,-0.000541106,-0.000171524,-0.000260911,-0.000457224,9.89995e-05,0,0,0,0,0,0,0,-0.176685,26.7144,-24.5858,7.44724,0.830705,2.50601,0.0587866,-0.187501,2.16189,-3.01953,1.88197,0.180032,0.91191,0.0583551
1725548,0.93,-2.75261,-1.32534,1.01104,-1.94698,1.10108,1.16772,2.20139,-2.75266,-1.32422,1.00895,-1.94565,1.10136,1.16858,2.20139,-0.000637837,-0.000117878,0.000288877,-0.00011435,2.95098e-05,0.000169902,0.000811985,0,0,0,0,0,0,0,-0.152882,26.7383,-24.6136,7.44724,0.825212,2.49319,0.038645,-0.187038,2.16155,-3.01848,1.88164,0.180007,0.911702,0.0584346
1725549,0.93,-2.75261,-1.32534,1.01104,-1.94698,1.10108,1.16772,2.20139,-2.75266,-1.32422,1.00895,-1.94565,1.10136,1.16858,2.20139,-0.000425225,0.000478227,0.000192585,-0.000633045,-0.000183777,0.000113268,-0.000204662,0,0,0,0,0,0,0,-0.152882,26.7144,-24.6136,7.47104,0.830705,2.49319,0.0587866,-0.184903,2.1603,-3.01756,1.88256,0.18008,0.911525,0.0585018
1725550,0.93,-2.75261,-1.32534,1.01104,-1.94698,1.10108,1.16772,2.20139,-2.75266,-1.32422,1.00895,-1.94565,1.10136,1.16858,2.20139,-0.000283483,-0.000237994,-0.000521224,0.000134782,0.000284383,-0.000161847,0.000100918,0,0,0,0,0,0,0,-0.152882,26.7383,-24.5858,7.44724,0.819719,2.4996,0.0523779,-0.182004,2.15873,-3.01675,1.88408,0.180205,0.911371,0.0585409
1725551,0.93,-2.7526,-1.32534,1.01104,-1.94698,1.10108,1.16772,2.20139,-2.75266,-1.32422,1.00895,-1.94565,1.10136,1.16858,2.20139,0.00213106,-0.000158663,0.000858943,8.98546e-05,0.000189589,0.000129461,-0.000170081,0,0,0,0,0,0,0,-0.252064,26.7383,-24.6374,7.44724,0.819719,2.49319,0.0587866,-0.181227,2.15829,-3.01605,1.88445,0.180247,0.911259,0.0585474
1725552,0.93,-2.75261,-1.32534,1.01104,-1.94698,1.10108,1.16772,2.20139,-2.75266,-1.32422,1.00895,-1.94565,1.10136,1.16858,2.20139,0.000307083,-0.000105775,-0.000633797,5.99031e-05,-0.000483959,-0.000388411,0.000869957,0,0,0,0,0,0,0,-0.204456,26.7383,-24.5858,7.44724,0.836199,2.50601,0.0322363,-0.183997,2.15975,-3.01572,1.88288,0.180143,0.911222,0.0585268
1725553,0.93,-2.7526,-1.32534,1.01104,-1.94698,1.10108,1.16772,2.20139,-2.75266,-1.32422,1.00895,-1.94565,1.10136,1.16858,2.20139,0.000761534,-0.000720131,0.000227082,3.99354e-05,0.000287712,-0.00025894,-0.000166014,0,0,0,0,0,0,0,-0.22826,26.766,-24.6136,7.44724,0.819719,2.50601,0.0523779,-0.188135,2.16197,-3.01534,1.88056,0.179988,0.911203,0.0584784
1725554,0.93,-2.75261,-1.32534,1.01104,-1.94698,1.10108,1.16772,2.20139,-2.75266,-1.32422,1.00895,-1.94565,1.10136,1.16858,2.20139,-4.91225e-05,-0.0010369,0.000151388,0.000583436,-1.16425e-05,0.000302091,0.000635309,0,0,0,0,0,0,0,-0.204456,26.7898,-24.6136,7.42344,0.825212,2.49319,0.0322363,-0.192172,2.16492,-3.01541,1.87808,0.179841,0.911193,0.0583924
1725555,0.93,-2.75261,-1.32534,1.01104,-1.94698,1.10108,1.16772,2.20139,-2.75266,-1.32422,1.00895,-1.94565,1.10136,1.16858,2.20139,-0.000682362,0.00051516,0.000100926,0.000388957,-0.000414663,-3.5965e-05,0.00042354,0,0,0,0,0,0,0,-0.176685,26.7383,-24.6136,7.42344,0.836199,2.4996,0.0322363,-0.194905,2.16784,-3.01588,1.87597,0.179731,0.911172,0.0582651
1725556,0.93,-2.75261,-1.32534,1.01104,-1.94698,1.10108,1.16772,2.20139,-2.75266,-1.32422,1.00895,-1.94565,1.10136,1.16858,2.20139,0.000194706,-0.000306174,-0.00058233,-0.000854319,0.000130459,-2.39766e-05,0.00028236,0,0,0,0,0,0,0,-0.204456,26.766,-24.5858,7.47104,0.825212,2.4996,0.0322363,-0.195175,2.16892,-3.01561,1.87523,0.179721,0.911085,0.0580919
1725557,0.93,-2.75261,-1.32534,1.01104,-1.94698,1.10108,1.16772,2.20139,-2.75266,-1.32422,1.00895,-1.94565,1.10136,1.16858,2.20139,-0.00051981,0.00165192,0.000818206,-0.000569546,8.69728e-05,-1.59844e-05,0.00018824,0,0,0,0,0,0,0,-0.176685,26.6867,-24.6374,7.47104,0.825212,2.4996,0.0322363,-0.193171,2.16771,-3.01438,1.87621,0.179827,0.910968,0.057867
1725558,0.93,-2.75261,-1.32534,1.01105,-1.94698,1.10108,1.16772,2.20139,-2.75266,-1.32422,1.00895,-1.94565,1.10136,1.16858,2.20139,-0.00034654,-0.000754757,0.00110228,-0.000379697,5.79819e-05,-0.000248015,0.000125493,0,0,0,0,0,0,0,-0.176685,26.766,-24.6612,7.47104,0.825212,2.50601,0.0322363,-0.189457,2.16546,-3.01362,1.87845,0.180014,0.910904,0.0575899
1725559,0.93,-2.75261,-1.32534,1.01104,-1.94698,1.10108,1.16772,2.20139,-2.75266,-1.32422,1.00895,-1.94565,1.10136,1.16858,2.20139,-0.000231027,0.000146442,0.000178043,0.00030368,-0.000368246,0.000309374,-0.000662323,0,0,0,0,0,0,0,-0.176685,26.7383,-24.6374,7.44724,0.836199,2.49319,0.0523779,-0.185733,2.16418,-3.01415,1.88056,0.180199,0.910914,0.0572583
1725560,0.93,-2.75261,-1.32534,1.01104,-1.94698,1.10108,1.16772,2.20139,-2.75266,-1.32422,1.00895,-1.94565,1.10136,1.16858,2.20139,0.000495596,-0.000551986,-0.000438117,-0.00100397,-4.20471e-05,0.00020625,-0.000441549,0,0,0,0,0,0,0,-0.204456,26.766,-24.6136,7.49881,0.830705,2.49319,0.0523779,-0.183403,2.16389,-3.01463,1.88181,0.180338,0.910917,0.0568822
1725561,0.93,-2.75261,-1.32534,1.01105,-1.94698,1.10108,1.16772,2.20139,-2.75266,-1.32422,1.00895,-1.94565,1.10136,1.16858,2.20139,-0.000876028,0.000838435,0.000264734,-1.9701e-05,0.000175419,-9.98592e-05,-0.000531725,0,0,0,0,0,0,0,-0.152882,26.7144,-24.6374,7.47104,0.825212,2.4996,0.0587866,-0.181676,2.16326,-3.0141,1.88287,0.180472,0.910864,0.0564936
1725562,0.93,-2.75261,-1.32534,1.01104,-1.94698,1.10108,1.16772,2.20139,-2.75266,-1.32422,1.00895,-1.94565,1.10136,1.16858,2.20139,-2.7207e-05,2.14501e-06,0.000176489,0.000543678,0.000557756,-6.65728e-05,0.000391502,0,0,0,0,0,0,0,-0.176685,26.7383,-24.6374,7.44724,0.81331,2.4996,0.038645,-0.179756,2.16202,-3.01309,1.88392,0.180593,0.91076,0.0561242
1725563,0.93,-2.75261,-1.32534,1.01104,-1.94698,1.10108,1.16772,2.20138,-2.75266,-1.32422,1.00895,-1.94565,1.10136,1.16858,2.20139,0.000631476,-0.000648184,-0.00108877,-0.000843974,-0.000272423,0.000192977,-0.00143442,0,0,0,0,0,0,0,-0.204456,26.766,-24.5858,7.49881,0.830705,2.49319,0.0844213,-0.178954,2.16116,-3.01172,1.88421,0.180648,0.910624,0.0557819
1725564,0.93,-2.75261,-1.32534,1.01104,-1.94698,1.10108,1.16772,2.20139,-2.75266,-1.32422,1.00895,-1.94565,1.10136,1.16858,2.20139,-0.00022863,0.00142392,0.000480582,8.69647e-05,2.18352e-05,-0.000108708,0.0009765,0,0,0,0,0,0,0,-0.176685,26.6867,-24.6374,7.47104,0.825212,2.4996,0.0322363,-0.179288,2.16041,-3.00972,1.88407,0.18066,0.910466,0.0554768
1725565,0.93,-2.75261,-1.32534,1.01104,-1.94698,1.10108,1.16772,2.20138,-2.75266,-1.32422,1.00895,-1.94565,1.10136,1.16858,2.20139,0.000497194,0.000299664,0.000320388,0.0011716,1.45568e-05,-0.000309831,-0.000569703,0,0,0,0,0,0,0,-0.204456,26.7144,-24.6374,7.42344,0.825212,2.50601,0.0651953,-0.179901,2.15927,-3.00766,1.88374,0.180624,0.910309,0.0552243
1725566,0.93,-2.75261,-1.32534,1.01104,-1.94698,1.10108,1.16772,2.20139,-2.75266,-1.32422,1.00895,-1.94565,1.10136,1.16858,2.20139,-0.000318151,-0.00100665,-0.00034322,-0.000332557,9.70454e-06,-0.000206554,0.00107826,0,0,0,0,0,0,0,-0.176685,26.766,-24.6136,7.47104,0.825212,2.50601,0.0258276,-0.181336,2.15908,-3.00638,1.88264,0.180523,0.910186,0.0550129
1725567,0.93,-2.75261,-1.32534,1.01104,-1.94698,1.10108,1.16772,2.20138,-2.75266,-1.32422,1.00895,-1.94565,1.10136,1.16858,2.20139,-0.000212101,-2.14859e-05,-0.00143524,0.000335107,0.00020992,9.96564e-05,-0.000976581,0,0,0,0,0,0,0,-0.176685,26.7383,-24.562,7.44724,0.819719,2.4996,0.071604,-0.182945,2.15967,-3.00514,1.88132,0.180431,0.910052,0.0548222
1725568,0.93,-2.75261,-1.32534,1.01104,-1.94698,1.10108,1.16772,2.20139,-2.75266,-1.32422,1.00895,-1.94565,1.10136,1.16858,2.20139,-0.000141401,-1.43239e-05,-0.000400014,0.000223405,-6.35037e-05,-0.00040828,0.000298382,0,0,0,0,0,0,0,-0.176685,26.7383,-24.5858,7.44724,0.825212,2.51242,0.0459692,-0.183991,2.15969,-3.00295,1.88032,0.180368,0.909861,0.0546441
1725569,0.93,-2.75261,-1.32534,1.01104,-1.94698,1.10108,1.16772,2.20139,-2.75266,-1.32422,1.00895,-1.94565,1.10136,1.16858,2.20139,-9.42671e-05,0.000547263,0.000382938,-0.000407875,-4.23358e-05,-3.48279e-05,0.000198921,0,0,0,0,0,0,0,-0.176685,26.7144,-24.6136,7.47104,0.825212,2.50601,0.0459692,-0.184358,2.15915,-3.00072,1.87979,0.180325,0.9097,0.0544872
1725570,0.93,-2.75261,-1.32534,1.01104,-1.94698,1.10108,1.16772,2.20139,-2.75266,-1.32422,1.00895,-1.94565,1.10136,1.16858,2.20139,-6.28447e-05,-0.00019197,0.000812104,-0.00147834,-2.82239e-05,-2.32186e-05,0.00064124,0,0,0,0,0,0,0,-0.176685,26.7383,-24.6374,7.52262,0.825212,2.50601,0.0322363,-0.183514,2.15859,-2.99986,1.88035,0.180353,0.909685,0.0543531
1725571,0.93,-2.75261,-1.32534,1.01105,-1.94698,1.10108,1.16772,2.20138,-2.75266,-1.32422,1.00895,-1.94565,1.10136,1.16858,2.20139,0.00172134,0.00107845,0.000541403,-0.00042875,0.000184635,0.00022188,-0.00079321,0,0,0,0,0,0,0,-0.252064,26.6867,-24.6374,7.49881,0.819719,2.4996,0.0651953,-0.182634,2.15837,-3.00029,1.88153,0.180412,0.909829,0.0542222
1725572,0.93,-2.75261,-1.32534,1.01104,-1.94698,1.10108,1.16772,2.20139,-2.75266,-1.32422,1.00895,-1.94565,1.10136,1.16858,2.20139,-0.000615677,-0.000487462,0.000360935,0.000363781,-0.000283811,-8.9439e-05,-5.40885e-05,0,0,0,0,0,0,0,-0.176685,26.7383,-24.6374,7.47104,0.830705,2.50601,0.0523779,-0.183143,2.15875,-3.00114,1.88208,0.180405,0.910043,0.0540833
1725573,0.93,-2.75261,-1.32534,1.01104,-1.94698,1.10108,1.16772,2.20139,-2.75266,-1.32422,1.00895,-1.94565,1.10136,1.16858,2.20139,-0.000967263,-0.0015314,-0.000965803,0.000799332,1.4243e-05,0.000177733,0.000709926,0,0,0,0,0,0,0,-0.152882,26.7898,-24.5858,7.44724,0.825212,2.4996,0.0322363,-0.184001,2.16007,-3.0021,1.88183,0.18035,0.910199,0.0539432
1725574,0.93,-2.75261,-1.32534,1.01104,-1.94698,1.10108,1.16772,2.20139,-2.75266,-1.32422,1.00895,-1.94565,1.10136,1.16858,2.20139,0.0011184,-0.000464122,5.74558e-06,-2.39237e-05,-0.000193955,0.000118489,-0.000272701,0,0,0,0,0,0,0,-0.22826,26.766,-24.6136,7.47104,0.830705,2.4996,0.0523779,-0.185293,2.16253,-3.00285,1.88073,0.180268,0.910272,0.0538012
1725575,0.93,-2.75261,-1.32534,1.01104,-1.94698,1.10108,1.16772,2.20138,-2.75266,-1.32422,1.00895,-1.94565,1.10136,1.16858,2.20139,0.000188785,0.00154663,0.000560642,0.000540863,7.41471e-05,0.000316351,-0.0013686,0,0,0,0,0,0,0,-0.204456,26.6867,-24.6374,7.44724,0.825212,2.49319,0.0844213,-0.187626,2.16484,-3.00304,1.87909,0.180135,0.910326,0.0536529
1725576,0.93,-2.75261,-1.32534,1.01104,-1.94698,1.10108,1.16772,2.20138,-2.75266,-1.32422,1.00895,-1.94565,1.10136,1.16858,2.20139,-0.000523757,-0.000824956,-0.000832664,-0.000196237,-0.00035747,-0.000263817,-0.00138711,0,0,0,0,0,0,0,-0.176685,26.766,-24.5858,7.47104,0.836199,2.50601,0.0972387,-0.189281,2.16558,-3.00251,1.87803,0.18002,0.91035,0.0535213
1725577,0.93,-2.75261,-1.32534,1.01104,-1.94697,1.10108,1.16772,2.20138,-2.75266,-1.32422,1.00895,-1.94565,1.10136,1.16858,2.20139,0.000300443,0.000656455,0.000651316,0.00153961,0.000168588,-0.000175878,-0.000687384,0,0,0,0,0,0,0,-0.204456,26.7144,-24.6374,7.39963,0.825212,2.50601,0.09083,-0.190055,2.1656,-3.00163,1.87735,0.17994,0.91033,0.0534517
1725578,0.93,-2.75261,-1.32534,1.01104,-1.94698,1.10108,1.16772,2.20138,-2.75266,-1.32422,1.00895,-1.94565,1.10136,1.16858,2.20139,-0.00100613,-0.000119175,-0.000122601,0.000469596,0.000112392,-0.000354611,0.000253821,0,0,0,0,0,0,0,-0.152882,26.7383,-24.6136,7.42344,0.825212,2.51242,0.071604,-0.190608,2.16572,-3.00103,1.87645,0.179857,0.910301,0.0534858
1725579,0.93,-2.75261,-1.32534,1.01105,-1.94698,1.10108,1.16772,2.20138,-2.75266,-1.32422,1.00895,-1.94565,1.10136,1.16858,2.20139,-0.000113942,0.000477362,0.00103189,0.000313064,7.4928e-05,0.000238311,-0.000542863,0,0,0,0,0,0,0,-0.176685,26.7144,-24.6612,7.42344,0.825212,2.4996,0.09083,-0.190093,2.1656,-3.00099,1.87597,0.179817,0.910298,0.0536338
1725580,0.93,-2.75261,-1.32534,1.01104,-1.94698,1.10108,1.16772,2.20138,-2.75266,-1.32422,1.00895,-1.94565,1.10136,1.16858,2.20139,-7.59613e-05,-0.000888185,0.000131115,-0.000904915,-0.000356949,0.000158874,-0.00012455,0,0,0,0,0,0,0,-0.176685,26.766,-24.6374,7.47104,0.836199,2.4996,0.0844213,-0.188717,2.16564,-3.00178,1.8762,0.179858,0.910369,0.0538809
1725581,0.93,-2.75261,-1.32534,1.01104,-1.94698,1.10108,1.16771,2.20138,-2.75266,-1.32422,1.00895,-1.94565,1.10136,1.16858,2.20139,-0.000607453,-0.000592123,-0.000469402,-0.00125289,-3.45155e-05,-0.000368802,-0.00079511,0,0,0,0,0,0,0,-0.152882,26.766,-24.6136,7.49881,0.830705,2.51242,0.103647,-0.186766,2.16593,-3.00289,1.87727,0.180005,0.910496,0.0542154
1725582,0.93,-2.75261,-1.32534,1.01105,-1.94698,1.10108,1.16772,2.20138,-2.75266,-1.32422,1.00895,-1.94565,1.10136,1.16858,2.20139,0.000801457,0.000811677,0.000800689,-0.00083526,-0.000226461,0.00022885,0.000182003,0,0,0,0,0,0,0,-0.204456,26.7144,-24.6612,7.49881,0.836199,2.4996,0.0844213,-0.184281,2.16568,-3.00356,1.87921,0.180241,0.910637,0.0546378
1725583,0.93,-2.75261,-1.32534,1.01105,-1.94698,1.10108,1.16772,2.20138,-2.75266,-1.32422,1.00895,-1.94565,1.10136,1.16858,2.20139,0.00109112,-1.56939e-05,0.000533793,0.0012064,5.24766e-05,0.000152567,0.000596054,0,0,0,0,0,0,0,-0.22826,26.7383,-24.6612,7.42344,0.830705,2.4996,0.071604,-0.183524,2.16552,-3.00403,1.88032,0.180403,0.910804,0.0551434
1725584,0.93,-2.75261,-1.32534,1.01105,-1.94698,1.10108,1.16772,2.20138,-2.75266,-1.32422,1.00895,-1.94565,1.10136,1.16858,2.20139,-0.00103583,-1.04626e-05,0.00100548,0.000804265,3.49844e-05,-0.000135648,0.00016001,0,0,0,0,0,0,0,-0.152882,26.7383,-24.689,7.42344,0.830705,2.50601,0.0780126,-0.185,2.16653,-3.00499,1.87959,0.18042,0.910975,0.055707
1725585,0.93,-2.75261,-1.32534,1.01105,-1.94698,1.10108,1.16772,2.20138,-2.75266,-1.32422,1.00895,-1.94565,1.10136,1.16858,2.20139,0.000515875,-6.97505e-06,2.07032e-05,-2.06352e-05,0.000226773,-0.000327791,0.000106673,0,0,0,0,0,0,0,-0.204456,26.7383,-24.6612,7.44724,0.825212,2.51242,0.0780126,-0.186411,2.16793,-3.00636,1.87833,0.180408,0.911116,0.0562981
1725586,0.93,-2.75261,-1.32534,1.01104,-1.94698,1.10108,1.16772,2.20138,-2.75266,-1.32422,1.00895,-1.94565,1.10136,1.16858,2.20139,-0.000862509,0.000552162,-0.00109982,-0.00122018,0.000354633,0.00049355,-0.000166243,0,0,0,0,0,0,0,-0.152882,26.7144,-24.6136,7.49881,0.819719,2.49319,0.0844213,-0.186362,2.16782,-3.00656,1.87807,0.180477,0.911174,0.0568985
1725587,0.93,-2.75261,-1.32534,1.01104,-1.94698,1.10108,1.16772,2.20139,-2.75266,-1.32422,1.00895,-1.94565,1.10136,1.16858,2.20139,-1.81943e-05,-0.000838318,-0.000176403,0.000392971,3.29714e-05,-0.000620403,0.00182195,0,0,0,0,0,0,0,-0.176685,26.766,-24.6374,7.44724,0.825212,2.51882,0.0322363,-0.184896,2.16603,-3.00514,1.87891,0.180633,0.91113,0.0574981
1725588,0.93,-2.75261,-1.32534,1.01104,-1.94698,1.10108,1.16772,2.20139,-2.75266,-1.32422,1.00895,-1.94565,1.10136,1.16858,2.20139,0.000637484,0.00129716,-0.000117602,-0.000944445,-0.00018147,0.000298475,0.000468649,0,0,0,0,0,0,0,-0.204456,26.6867,-24.6374,7.49881,0.830705,2.4996,0.0523779,-0.183561,2.16405,-3.0033,1.87982,0.180782,0.911069,0.0580727
1725589,0.93,-2.75261,-1.32534,1.01105,-1.94698,1.10108,1.16772,2.20139,-2.75266,-1.32422,1.00895,-1.94565,1.10136,1.16858,2.20139,0.000981802,-0.000991266,0.00112802,1.99837e-05,8.24708e-05,-3.83756e-05,0.00105842,0,0,0,0,0,0,0,-0.22826,26.766,-24.689,7.47104,0.825212,2.50601,0.0322363,-0.18376,2.16297,-3.00219,1.88009,0.180863,0.911098,0.058579
1725590,0.93,-2.75261,-1.32534,1.01105,-1.94698,1.10108,1.16772,2.20139,-2.75266,-1.32422,1.00895,-1.94565,1.10136,1.16858,2.20139,-0.000551892,-1.12299e-05,0.00130883,-0.0011931,-0.00014847,0.000449134,-0.000277732,0,0,0,0,0,0,0,-0.176685,26.7383,-24.7128,7.52262,0.830705,2.49319,0.0587866,-0.184777,2.16374,-3.00326,1.88004,0.180916,0.911279,0.0589844
1725591,0.93,-2.75261,-1.32534,1.01105,-1.94698,1.10108,1.16772,2.20139,-2.75266,-1.32422,1.00895,-1.94565,1.10136,1.16858,2.20139,-0.000367928,-7.48657e-06,0.00031574,0.000411024,-0.000302431,0.000299423,0.000798189,0,0,0,0,0,0,0,-0.176685,26.7383,-24.689,7.47104,0.836199,2.49319,0.0322363,-0.184659,2.1652,-3.00594,1.88054,0.18101,0.911518,0.0592814
1725592,0.93,-2.75261,-1.32534,1.01105,-1.94698,1.10108,1.16772,2.20139,-2.75266,-1.32422,1.00895,-1.94565,1.10136,1.16858,2.20139,0.000404329,-0.000654605,-0.00043912,0.000830828,-0.00020162,-3.77438e-05,0.00100684,0,0,0,0,0,0,0,-0.204456,26.766,-24.6612,7.44724,0.836199,2.4996,0.0194189,-0.184397,2.16643,-3.00814,1.88077,0.181081,0.911657,0.0594701
1725593,0.93,-2.75261,-1.32534,1.01104,-1.94698,1.10108,1.16772,2.20139,-2.75266,-1.32422,1.00895,-1.94565,1.10136,1.16858,2.20139,-0.000380061,-0.000436403,-0.00140637,-0.00120935,6.9037e-05,-2.51625e-05,0.000196512,0,0,0,0,0,0,0,-0.176685,26.766,-24.6136,7.52262,0.830705,2.4996,0.0322363,-0.185164,2.16738,-3.00865,1.88024,0.181108,0.911641,0.0595407
1725594,0.93,-2.75261,-1.32534,1.01104,-1.94698,1.10108,1.16772,2.20139,-2.75266,-1.32422,1.00895,-1.94565,1.10136,1.16858,2.20139,-0.000810186,0.00091549,-0.000937581,-0.000249423,0.000249475,-0.000491493,0.000131008,0,0,0,0,0,0,0,-0.152882,26.7144,-24.6136,7.49881,0.825212,2.51242,0.0322363,-0.184639,2.16624,-3.00696,1.88076,0.181218,0.911473,0.059489
1725595,0.93,-2.75261,-1.32534,1.01104,-1.94698,1.10108,1.16772,2.20139,-2.75266,-1.32422,1.00895,-1.94565,1.10136,1.16858,2.20139,1.66878e-05,0.000610327,-0.000625054,-0.000166282,0.000369767,-0.000565021,-0.00015002,0,0,0,0,0,0,0,-0.176685,26.7144,-24.6136,7.49881,0.819719,2.51882,0.038645,-0.182296,2.16267,-3.00365,1.88258,0.181397,0.911212,0.0593278
1725596,0.93,-2.75261,-1.32534,1.01104,-1.94698,1.10108,1.16772,2.20139,-2.75266,-1.32422,1.00895,-1.94565,1.10136,1.16858,2.20139,-0.000545687,-0.00135635,-0.000416702,0.000538759,4.3061e-05,0.000335396,0.000374704,0,0,0,0,0,0,0,-0.152882,26.7898,-24.6136,7.47104,0.825212,2.4996,0.0258276,-0.180339,2.15942,-3.00056,1.88404,0.18153,0.910978,0.0590717
1725597,0.93,-2.75261,-1.32534,1.01105,-1.94698,1.10108,1.16772,2.20139,-2.75266,-1.32422,1.00895,-1.94565,1.10136,1.16858,2.20139,0.000842635,0.00030219,0.00148544,0.000359173,-0.000174743,-1.37614e-05,1.24439e-05,0,0,0,0,0,0,0,-0.204456,26.7383,-24.689,7.47104,0.830705,2.50601,0.0322363,-0.180328,2.15901,-2.99961,1.88407,0.181554,0.910889,0.0587339
1725598,0.93,-2.75261,-1.32534,1.01105,-1.94698,1.10107,1.16772,2.20139,-2.75266,-1.32422,1.00895,-1.94565,1.10136,1.16858,2.20139,-8.78575e-05,0.0019647,-0.000216135,0.00079626,-0.000523396,-9.1743e-06,-0.000975048,0,0,0,0,0,0,0,-0.176685,26.6629,-24.6374,7.44724,0.841692,2.50601,0.0587866,-0.181645,2.15979,-3.00017,1.88323,0.181482,0.910933,0.0583314
1725599,0.94,-2.75261,-1.32534,1.01105,-1.94698,1.10108,1.16772,2.20138,-2.75266,-1.32422,1.00895,-1.94565,1.10136,1.16858,2.20139,-0.000615384,-0.000453439,0.000412722,-2.59716e-05,-0.00014548,-0.000243475,-0.000887391,0,0,0,0,0,0,0,-0.152882,26.7383,-24.6612,7.47104,0.836199,2.51242,0.0651953,-0.182322,2.15941,-3.00052,1.88277,0.181411,0.91099,0.0578916
1725600,0.95,-2.75261,-1.32534,1.01104,-1.94698,1.10108,1.16772,2.20138,-2.75266,-1.32422,1.00895,-1.94565,1.10136,1.16858,2.20139,0.000146556,-0.000951907,-0.000838476,-1.73144e-05,0.000106464,0.000312401,-0.000828953,0,0,0,0,0,0,0,-0.176685,26.766,-24.6136,7.47104,0.830705,2.4996,0.071604,-0.182354,2.15924,-3.00097,1.88265,0.181404,0.911052,0.0574524
1725601,0.95,-2.75261,-1.32534,1.01105,-1.94698,1.10108,1.16772,2.20139,-2.75266,-1.32422,1.00895,-1.94565,1.10136,1.16858,2.20139,-0.000459108,-0.000634604,-2.17203e-06,0.000545269,-0.000132475,-2.90915e-05,-7.79175e-05,0,0,0,0,0,0,0,-0.152882,26.766,-24.6374,7.44724,0.836199,2.50601,0.0587866,-0.182945,2.1605,-3.00178,1.88213,0.181429,0.91113,0.0570526
1725602,0.95,-2.75261,-1.32534,1.01105,-1.94698,1.10108,1.16772,2.20139,-2.75266,-1.32422,1.00895,-1.94565,1.10136,1.16858,2.20139,0.00025074,0.000226544,-1.44802e-06,-0.000842913,0.000522035,-0.000256753,0.000422773,0,0,0,0,0,0,0,-0.176685,26.7383,-24.6374,7.49881,0.819719,2.51242,0.0459692,-0.18363,2.16213,-3.00266,1.88159,0.181482,0.911223,0.0567207
1725603,0.95,-2.75261,-1.32534,1.01105,-1.94698,1.10108,1.16772,2.20138,-2.75266,-1.32422,1.00895,-1.94565,1.10136,1.16858,2.20139,0.000816774,0.00015103,0.000555847,-0.000561942,-5.88777e-05,0.000303549,-0.00161702,0,0,0,0,0,0,0,-0.204456,26.7383,-24.6612,7.49881,0.830705,2.4996,0.0972387,-0.1841,2.16329,-3.00363,1.88161,0.181571,0.911375,0.0564581
1725604,0.95,-2.75261,-1.32534,1.01105,-1.94698,1.10108,1.16772,2.20138,-2.75266,-1.32422,1.00895,-1.94565,1.10136,1.16858,2.20139,-0.000105098,0.00130711,0.00102018,0.000831798,-3.92518e-05,-3.49929e-05,0.000108779,0,0,0,0,0,0,0,-0.176685,26.6867,-24.689,7.44724,0.830705,2.50601,0.0651953,-0.184679,2.16394,-3.0048,1.88184,0.181645,0.911584,0.0562643
1725605,0.95,-2.75261,-1.32534,1.01105,-1.94698,1.10108,1.16772,2.20139,-2.75266,-1.32422,1.00895,-1.94565,1.10136,1.16858,2.20139,0.000579549,-0.000335018,0.000680119,-0.000651894,-2.61679e-05,0.00021403,0.000309879,0,0,0,0,0,0,0,-0.204456,26.7383,-24.689,7.49881,0.830705,2.4996,0.0587866,-0.185207,2.16437,-3.00643,1.88199,0.181687,0.911817,0.0561559
1725606,0.95,-2.75261,-1.32534,1.01105,-1.94698,1.10108,1.16772,2.20139,-2.75266,-1.32422,1.00895,-1.94565,1.10136,1.16858,2.20139,0.000386366,-0.000223345,-0.000196201,-0.000434596,0.000186005,0.000142687,0.000681304,0,0,0,0,0,0,0,-0.204456,26.7383,-24.6612,7.49881,0.825212,2.4996,0.0459692,-0.185937,2.16515,-3.00828,1.8821,0.181733,0.91205,0.0561245
1725607,0.95,-2.75261,-1.32534,1.01105,-1.94698,1.10108,1.16772,2.20138,-2.75266,-1.32422,1.00895,-1.94565,1.10136,1.16858,2.20139,-0.000948849,-0.000148897,0.000518813,0.000916695,-0.000282898,-0.000142234,-0.00168203,0,0,0,0,0,0,0,-0.152882,26.7383,-24.689,7.44724,0.836199,2.50601,0.103647,-0.186517,2.16614,-3.00994,1.8822,0.181795,0.912229,0.056138
1725608,0.95,-2.75261,-1.32534,1.01105,-1.94698,1.10108,1.16772,2.20139,-2.75266,-1.32422,1.00895,-1.94565,1.10136,1.16858,2.20139,-7.57539e-05,-0.000748878,-0.000860551,-0.00115211,0.000218303,-0.000332182,0.000540161,0,0,0,0,0,0,0,-0.176685,26.766,-24.6374,7.52262,0.825212,2.51242,0.0587866,-0.186058,2.16682,-3.0112,1.88262,0.181889,0.912321,0.0561892
1725609,0.95,-2.75261,-1.32534,1.01105,-1.94698,1.10108,1.16772,2.20138,-2.75266,-1.32422,1.00895,-1.94565,1.10136,1.16858,2.20139,-5.05026e-05,-0.00105606,-1.68884e-05,0.000995166,0.000145535,1.59044e-05,-0.000114611,0,0,0,0,0,0,0,-0.176685,26.7898,-24.6612,7.44724,0.825212,2.50601,0.071604,-0.185507,2.16768,-3.01202,1.88301,0.181997,0.912359,0.0562916
1725610,0.95,-2.75261,-1.32534,1.01105,-1.94698,1.10108,1.16771,2.20139,-2.75266,-1.32422,1.00895,-1.94565,1.10136,1.16858,2.20139,-3.36684e-05,0.0010592,0.000638355,0.000663444,-0.000309878,-0.000226756,0.000873029,0,0,0,0,0,0,0,-0.176685,26.7144,-24.689,7.44724,0.836199,2.51242,0.0459692,-0.18587,2.16896,-3.01273,1.88265,0.182038,0.912382,0.0564414
1725611,0.95,-2.75261,-1.32534,1.01105,-1.94698,1.10108,1.16772,2.20138,-2.75266,-1.32422,1.00895,-1.94565,1.10136,1.16858,2.20139,0.000627168,0.00070613,-0.000780856,-0.00076413,-3.13456e-06,8.61883e-05,-0.00155421,0,0,0,0,0,0,0,-0.204456,26.7144,-24.6374,7.49881,0.830705,2.50601,0.103647,-0.186296,2.16905,-3.01274,1.88229,0.18204,0.91239,0.0566206
1725612,0.95,-2.75261,-1.32534,1.01105,-1.94698,1.10108,1.16772,2.20138,-2.75266,-1.32422,1.00895,-1.94565,1.10136,1.16858,2.20139,-0.000788314,-0.000735673,0.000685855,0.000140194,-2.08971e-06,-0.000654618,0.000388013,0,0,0,0,0,0,0,-0.152882,26.766,-24.689,7.47104,0.830705,2.52523,0.0651953,-0.186002,2.16787,-3.01211,1.8827,0.182084,0.912403,0.0568232
1725613,0.95,-2.75261,-1.32534,1.01105,-1.94698,1.10108,1.16771,2.20138,-2.75266,-1.32422,1.00895,-1.94565,1.10136,1.16858,2.20139,3.12695e-05,0.000715978,0.000457237,-0.000556151,-1.39314e-06,3.83059e-05,-0.000216043,0,0,0,0,0,0,0,-0.176685,26.7144,-24.689,7.49881,0.830705,2.51242,0.0780126,-0.184765,2.16692,-3.01233,1.88374,0.182187,0.912485,0.0570624
1725614,0.95,-2.75261,-1.32534,1.01105,-1.94698,1.10108,1.16771,2.20139,-2.75266,-1.32422,1.00895,-1.94565,1.10136,1.16858,2.20139,-0.000535966,0.00112693,-0.000901601,0.000278846,-9.28759e-07,0.000262896,0.00104277,0,0,0,0,0,0,0,-0.152882,26.6867,-24.6374,7.47104,0.830705,2.50601,0.0459692,-0.18252,2.16512,-3.01238,1.88537,0.182328,0.912572,0.0573405
1725615,0.95,-2.75261,-1.32534,1.01105,-1.94698,1.10108,1.16772,2.20138,-2.75266,-1.32422,1.00895,-1.94565,1.10136,1.16858,2.20139,0.000849115,-0.00110475,0.000605358,-0.000463716,0.000406282,-6.20948e-05,-0.000491617,0,0,0,0,0,0,0,-0.204456,26.766,-24.689,7.49881,0.819719,2.51242,0.0780126,-0.180643,2.16283,-3.01165,1.88683,0.182449,0.912634,0.0576332
1725616,0.95,-2.75261,-1.32534,1.01105,-1.94698,1.10108,1.16772,2.20138,-2.75266,-1.32422,1.00895,-1.94565,1.10136,1.16858,2.20139,0.000566077,-8.68872e-05,-0.000246042,0.00034047,-0.000136046,0.000195962,-0.000565104,0,0,0,0,0,0,0,-0.204456,26.7383,-24.6612,7.47104,0.830705,2.50601,0.0844213,-0.181081,2.1626,-3.01171,1.88695,0.182485,0.91277,0.0579164
1725617,0.95,-2.75261,-1.32534,1.01105,-1.94698,1.10108,1.16771,2.20138,-2.75266,-1.32422,1.00895,-1.94565,1.10136,1.16858,2.20139,-0.000829041,0.000498887,0.000485586,0.00022698,-9.06976e-05,-0.000106717,-0.000376736,0,0,0,0,0,0,0,-0.152882,26.7144,-24.689,7.47104,0.830705,2.51242,0.0844213,-0.182513,2.16345,-3.01242,1.88637,0.182467,0.912948,0.0581984
1725618,0.95,-2.75261,-1.32534,1.01104,-1.94698,1.10107,1.16771,2.20138,-2.75266,-1.32422,1.00895,-1.94565,1.10136,1.16858,2.20139,4.1178e-06,0.000332591,-0.000882702,0.00015132,-0.000467366,0.000403573,-0.000963234,0,0,0,0,0,0,0,-0.176685,26.7144,-24.6374,7.47104,0.841692,2.4996,0.103647,-0.182627,2.1632,-3.01264,1.88635,0.182475,0.913068,0.0585042
1725619,0.95,-2.75261,-1.32534,1.01105,-1.94698,1.10108,1.16772,2.20139,-2.75266,-1.32422,1.00895,-1.94565,1.10136,1.16858,2.20139,-0.000554067,0.000221728,0.00117477,0.000657692,9.53236e-05,-0.000443028,0.00101936,0,0,0,0,0,0,0,-0.152882,26.7144,-24.7128,7.44724,0.830705,2.51882,0.0587866,-0.181845,2.16226,-3.01262,1.88669,0.182509,0.913148,0.058853
1725620,0.95,-2.75261,-1.32534,1.01105,-1.94698,1.10108,1.16771,2.20138,-2.75266,-1.32422,1.00895,-1.94565,1.10136,1.16858,2.20139,0.00139386,-0.000408994,0.000226368,-0.000767965,-0.000343352,-5.79932e-05,-0.000507224,0,0,0,0,0,0,0,-0.22826,26.7383,-24.689,7.49881,0.841692,2.51242,0.09083,-0.181737,2.16227,-3.01361,1.88666,0.182534,0.913303,0.0592478
1725621,0.95,-2.75261,-1.32534,1.01105,-1.94698,1.10108,1.16772,2.20138,-2.75266,-1.32422,1.00895,-1.94565,1.10136,1.16858,2.20139,-0.000277186,0.00028415,0.000150912,-0.00106879,-0.000228901,0.000198697,-0.00010079,0,0,0,0,0,0,0,-0.176685,26.7144,-24.689,7.52262,0.841692,2.50601,0.0844213,-0.182416,2.16308,-3.01534,1.88665,0.182591,0.913551,0.0596717
1725622,0.95,-2.75261,-1.32534,1.01105,-1.94698,1.10108,1.16772,2.20138,-2.75266,-1.32422,1.00895,-1.94565,1.10136,1.16858,2.20139,0.000464823,-0.000367379,0.00121423,-0.000155714,0.000661201,-0.000342253,-6.71934e-05,0,0,0,0,0,0,0,-0.204456,26.7383,-24.7366,7.49881,0.819719,2.51882,0.0844213,-0.182727,2.16383,-3.01741,1.88725,0.182719,0.913844,0.0601194
1725623,0.95,-2.75261,-1.32534,1.01105,-1.94698,1.10108,1.16772,2.20138,-2.75266,-1.32422,1.00895,-1.94565,1.10136,1.16858,2.20139,-0.000896544,0.000961507,-0.000304136,-0.000103809,3.38998e-05,0.000246549,0.000667281,0,0,0,0,0,0,0,-0.152882,26.6867,-24.689,7.49881,0.830705,2.50601,0.0651953,-0.182172,2.1642,-3.01969,1.88827,0.182881,0.91413,0.0605929
1725624,0.95,-2.75261,-1.32534,1.01105,-1.94698,1.10108,1.16772,2.20138,-2.75266,-1.32422,1.00895,-1.94565,1.10136,1.16858,2.20139,-4.08838e-05,-0.00121504,0.000354055,-6.92061e-05,0.000429501,-7.29929e-05,-2.98638e-05,0,0,0,0,0,0,0,-0.176685,26.766,-24.7128,7.49881,0.819719,2.51242,0.0780126,-0.180851,2.16393,-3.02148,1.88947,0.183048,0.914342,0.0610769
1725625,0.96,-2.75261,-1.32534,1.01105,-1.94698,1.10108,1.16772,2.20138,-2.75266,-1.32422,1.00895,-1.94565,1.10136,1.16858,2.20139,0.000622358,-0.000810024,-0.000320776,-4.61374e-05,8.28834e-05,0.000188697,-0.000494627,0,0,0,0,0,0,0,-0.204456,26.766,-24.689,7.49881,0.825212,2.50601,0.09083,-0.180521,2.16464,-3.02321,1.88992,0.183164,0.914522,0.0615477
1725626,0.97,-2.75261,-1.32534,1.01105,-1.94698,1.10108,1.16772,2.20138,-2.75266,-1.32422,1.00895,-1.94565,1.10136,1.16858,2.20139,-0.000791521,0.00066641,-0.00142028,0.000618856,-0.000148195,0.000125798,0.000144967,0,0,0,0,0,0,0,-0.152882,26.7144,-24.6374,7.47104,0.830705,2.50601,0.0780126,-0.181482,2.16561,-3.02397,1.88952,0.1832,0.914625,0.0620032
1725627,0.98,-2.75261,-1.32534,1.01105,-1.94698,1.10108,1.16772,2.20139,-2.75266,-1.32422,1.00895,-1.94565,1.10136,1.16858,2.20139,2.91316e-05,-0.000112539,-0.000390039,-0.000237043,0.000104654,-0.000390853,0.000808721,0,0,0,0,0,0,0,-0.176685,26.7383,-24.6612,7.49881,0.825212,2.51882,0.0587866,-0.181801,2.16471,-3.02268,1.88942,0.183218,0.91458,0.0624574
1725628,0.99,-2.75261,-1.32534,1.01105,-1.94698,1.10108,1.16772,2.20139,-2.75266,-1.32422,1.00895,-1.94565,1.10136,1.16858,2.20139,0.000669035,-7.50257e-05,0.000389588,0.00679031,6.97693e-05,-2.32094e-05,0.00101387,0,0,0,0,0,0,0,-0.204456,26.7383,-24.689,7.47104,0.825212,2.51242,0.0459692,-0.184107,2.16455,-3.02118,1.88731,0.183049,0.914478,0.0628964
1725629,1,-2.75261,-1.32534,1.01105,-1.94698,1.10108,1.16772,2.20138,-2.75266,-1.32422,1.00895,-1.94565,1.10136,1.16858,2.20139,0.00100284,-5.00171e-05,0.00553925,0.00440216,-0.000156938,0.000221886,-0.000510884,0,0,0,0,0,0,0,-0.22826,26.7383,-24.6612,7.49881,0.830705,2.50601,0.0780126,-0.192185,2.16958,-3.02335,1.87997,0.182447,0.914536,0.0632839
1725630,1,-2.75261,-1.32534,1.01105,-1.94699,1.10108,1.16772,2.20139,-2.75266,-1.32422,1.00895,-1.94565,1.10136,1.16858,2.20139,-0.000537869,0.000523467,0.00539336,0.00165801,-0.000511526,0.000147924,0.000371487,0,0,0,0,0,0,0,-0.176685,26.7144,-24.7128,7.57022,0.841692,2.50601,0.0587866,-0.20211,2.1795,-3.03237,1.87074,0.181674,0.915004,0.0636138
1725631,1,-2.75261,-1.32534,1.01105,-1.94698,1.10108,1.16772,2.20139,-2.75266,-1.32422,1.00895,-1.94565,1.10136,1.16858,2.20139,0.000291035,-0.000207834,0.00396614,0.00307103,0.000269334,-0.000376102,0.000485017,0,0,0,0,0,0,0,-0.204456,26.7383,-24.7128,7.49881,0.825212,2.51882,0.0523779,-0.208933,2.1905,-3.0461,1.86399,0.181084,0.9158,0.0639009
1725632,1,-2.75261,-1.32534,1.01105,-1.94698,1.10108,1.16772,2.20139,-2.75266,-1.32422,1.00895,-1.94565,1.10136,1.16858,2.20139,-0.000455591,-0.000138556,0.00292202,0.00347522,-2.38944e-05,-0.000250735,0.000323345,0,0,0,0,0,0,0,-0.176685,26.7383,-24.7128,7.44724,0.830705,2.51882,0.0523779,-0.213611,2.20051,-3.05982,1.8591,0.180643,0.916612,0.0641375
1725633,1,-2.75261,-1.32534,1.01105,-1.94698,1.10108,1.16772,2.20139,-2.75266,-1.32422,1.00895,-1.94565,1.10136,1.16858,2.20139,-0.000303727,-9.23706e-05,0.000950036,0.00127646,-1.59296e-05,0.000307561,0.000961548,0,0,0,0,0,0,0,-0.176685,26.7383,-24.6612,7.49881,0.830705,2.50601,0.0322363,-0.216676,2.20791,-3.07018,1.85571,0.180333,0.917222,0.0643072
1725634,1,-2.75261,-1.32534,1.01105,-1.94698,1.10108,1.16772,2.20139,-2.75266,-1.32422,1.00895,-1.94565,1.10136,1.16858,2.20139,0.000447129,0.000495232,0.00255293,0.00162515,-0.000417521,0.0004424,-0.000104953,0,0,0,0,0,0,0,-0.204456,26.7144,-24.7366,7.47104,0.841692,2.4996,0.0523779,-0.217534,2.21143,-3.07612,1.85464,0.180216,0.917602,0.0643996
1725635,1,-2.75261,-1.32534,1.01105,-1.94698,1.10108,1.16771,2.20139,-2.75266,-1.32422,1.00895,-1.94565,1.10136,1.16858,2.20139,-0.000351528,0.000979768,0.00070558,0.000527239,-7.48967e-05,-0.000179785,0.000913376,0,0,0,0,0,0,0,-0.176685,26.6867,-24.689,7.49881,0.836199,2.51242,0.0258276,-0.216416,2.21124,-3.07843,1.85586,0.180281,0.917818,0.0644084
1725636,1,-2.75261,-1.32534,1.01105,-1.94698,1.10108,1.16771,2.20139,-2.75266,-1.32422,1.00895,-1.94565,1.10136,1.16858,2.20139,-0.000234352,3.56494e-06,0.00111514,-0.000135254,0.000153519,-0.000119856,0.000134199,0,0,0,0,0,0,0,-0.176685,26.7144,-24.7128,7.52262,0.830705,2.51242,0.038645,-0.212936,2.20759,-3.0777,1.85944,0.180541,0.917888,0.0643336
1725637,1,-2.75261,-1.32534,1.01105,-1.94698,1.10108,1.16772,2.20139,-2.75266,-1.32422,1.00895,-1.94565,1.10136,1.16858,2.20139,-0.000713047,2.37662e-06,0.000809379,-3.76207e-05,0.000102346,0.000157455,0.000326825,0,0,0,0,0,0,0,-0.152882,26.7144,-24.7128,7.52262,0.830705,2.50601,0.0322363,-0.207372,2.20191,-3.07516,1.86495,0.180978,0.917862,0.0641701
1725638,1,-2.75261,-1.32534,1.01105,-1.94698,1.10108,1.16771,2.20139,-2.75266,-1.32422,1.00895,-1.94565,1.10136,1.16858,2.20139,8.14476e-05,0.000651198,0.00114586,1.4331e-05,6.82308e-05,0.00010497,0.000455242,0,0,0,0,0,0,0,-0.176685,26.6867,-24.7366,7.52262,0.830705,2.50601,0.0258276,-0.200915,2.19552,-3.07194,1.87133,0.181501,0.917796,0.0639177
1725639,1,-2.75261,-1.32534,1.01105,-1.94698,1.10108,1.16772,2.20138,-2.75266,-1.32422,1.00895,-1.94565,1.10136,1.16858,2.20139,0.000703912,-0.000215482,-0.00096223,3.91127e-05,0.000248938,-0.000167379,-0.00186664,0,0,0,0,0,0,0,-0.204456,26.7144,-24.6612,7.52262,0.825212,2.51242,0.0844213,-0.195506,2.18887,-3.06764,1.87729,0.181991,0.917673,0.0635796
1725640,1,-2.75261,-1.32534,1.01105,-1.94698,1.10108,1.16772,2.20139,-2.75266,-1.32422,1.00895,-1.94565,1.10136,1.16858,2.20139,0.000469275,-0.000143654,0.00114958,0.000605056,0.000165959,0.000125773,-0.000294994,0,0,0,0,0,0,0,-0.204456,26.7144,-24.7366,7.49881,0.825212,2.50601,0.0587866,-0.192691,2.18303,-3.06249,1.88175,0.182363,0.917506,0.0631797
1725641,1,-2.75261,-1.32534,1.01105,-1.94698,1.10108,1.16772,2.20138,-2.75266,-1.32422,1.00895,-1.94565,1.10136,1.16858,2.20139,-0.000893576,-9.57696e-05,0.00023044,0.000419997,-9.28115e-05,8.38486e-05,-0.000434021,0,0,0,0,0,0,0,-0.152882,26.7144,-24.7128,7.49881,0.830705,2.50601,0.0651953,-0.191149,2.17849,-3.058,1.88511,0.182645,0.917346,0.062774
1725642,1,-2.75261,-1.32534,1.01105,-1.94698,1.10108,1.16771,2.20139,-2.75266,-1.32422,1.00895,-1.94565,1.10136,1.16858,2.20139,0.00116752,0.000585768,-0.000387534,0.000292468,0.000141576,-0.00018146,0.000693997,0,0,0,0,0,0,0,-0.22826,26.6867,-24.689,7.49881,0.825212,2.51242,0.038645,-0.189658,2.17424,-3.05388,1.88809,0.182881,0.91717,0.0624013
1725643,1,-2.75261,-1.32534,1.01105,-1.94698,1.10108,1.16772,2.20138,-2.75266,-1.32422,1.00895,-1.94565,1.10136,1.16858,2.20139,0.000778347,-0.000815914,0.000310194,-0.000352481,-0.000515967,-0.000120973,-0.00123276,0,0,0,0,0,0,0,-0.22826,26.7383,-24.7128,7.52262,0.841692,2.51242,0.0844213,-0.189522,2.17036,-3.04958,1.89032,0.183047,0.916992,0.0620623
1725644,1,-2.75261,-1.32534,1.01105,-1.94698,1.10108,1.16771,2.20138,-2.75266,-1.32422,1.00895,-1.94565,1.10136,1.16858,2.20139,-0.000687528,-0.00119356,-0.000990826,0.000328839,0.000266373,-0.000318008,-0.000109761,0,0,0,0,0,0,0,-0.176685,26.766,-24.6612,7.49881,0.825212,2.51882,0.0651953,-0.190426,2.16784,-3.04595,1.89191,0.183181,0.916856,0.0617553
1725645,1,-2.75261,-1.32534,1.01105,-1.94698,1.10108,1.16771,2.20139,-2.75266,-1.32422,1.00895,-1.94565,1.10136,1.16858,2.20139,-0.000458352,-0.000795705,0.00110929,0.000224487,0.000381033,-0.000212005,0.000638903,0,0,0,0,0,0,0,-0.176685,26.766,-24.7366,7.49881,0.819719,2.51882,0.0459692,-0.190505,2.16653,-3.04363,1.89352,0.183342,0.916753,0.0614982
1725646,1,-2.75261,-1.32534,1.01106,-1.94698,1.10108,1.16772,2.20139,-2.75266,-1.32422,1.00895,-1.94565,1.10136,1.16858,2.20139,0.000344046,0.00132557,0.0075617,-0.000403208,0.000254022,0.000333381,-4.87826e-05,0,0,0,0,0,0,0,-0.204456,26.6867,-24.7643,7.52262,0.819719,2.50601,0.0587866,-0.189133,2.16715,-3.04592,1.89563,0.183514,0.916932,0.0613021
1725647,1,-2.75261,-1.32534,1.01105,-1.94699,1.10108,1.16771,2.20138,-2.75266,-1.32422,1.00895,-1.94565,1.10136,1.16858,2.20139,-0.00042025,-0.000322712,0.00379557,-0.000822658,-3.41027e-05,-0.000252464,-0.000744599,0,0,0,0,0,0,0,-0.176685,26.7383,-24.689,7.54642,0.825212,2.51882,0.0780126,-0.186198,2.17023,-3.0551,1.89872,0.183699,0.917588,0.0611534
1725648,1,-2.75261,-1.32534,1.01105,-1.94698,1.10108,1.16771,2.20138,-2.75266,-1.32422,1.00895,-1.94565,1.10136,1.16858,2.20139,0.000926259,-0.00142157,0.00291864,0.00121702,0.000180715,0.000543768,-0.000733758,0,0,0,0,0,0,0,-0.22826,26.7898,-24.689,7.47104,0.819719,2.4996,0.0844213,-0.183771,2.17523,-3.06714,1.90143,0.183828,0.918435,0.0610355
1725649,1,-2.75261,-1.32534,1.01105,-1.94698,1.10108,1.16771,2.20139,-2.75266,-1.32422,1.00895,-1.94565,1.10136,1.16858,2.20139,-0.00058892,0.000258714,0.00279377,0.00081301,-0.000286424,0.000125153,0.000460264,0,0,0,0,0,0,0,-0.176685,26.7383,-24.7128,7.47104,0.830705,2.50601,0.0587866,-0.183722,2.18114,-3.0778,1.90224,0.183806,0.919159,0.0609555
1725650,1,-2.75261,-1.32534,1.01105,-1.94698,1.10108,1.16771,2.20138,-2.75266,-1.32422,1.00895,-1.94565,1.10136,1.16858,2.20139,-0.000392613,0.000729288,0.00263772,-0.000106359,-0.0003944,8.34352e-05,6.94836e-05,0,0,0,0,0,0,0,-0.176685,26.7144,-24.7366,7.49881,0.836199,2.50601,0.0651953,-0.183518,2.18516,-3.08561,1.90278,0.18374,0.919664,0.0609305
1725651,1,-2.75261,-1.32534,1.01105,-1.94698,1.10108,1.16772,2.20138,-2.75266,-1.32422,1.00895,-1.94565,1.10136,1.16858,2.20139,-0.000261742,-0.000720234,0.00192228,0.00113646,0.000347418,5.56235e-05,-0.000428395,0,0,0,0,0,0,0,-0.176685,26.766,-24.7366,7.44724,0.819719,2.50601,0.0780126,-0.182063,2.18655,-3.0905,1.90395,0.183707,0.919957,0.0609502
1725652,1,-2.75261,-1.32534,1.01105,-1.94698,1.10108,1.16771,2.20138,-2.75266,-1.32422,1.00895,-1.94565,1.10136,1.16858,2.20139,-0.000731307,-0.00103697,0.000847555,0.000201528,2.81617e-05,-0.000200277,-0.000760315,0,0,0,0,0,0,0,-0.152882,26.7898,-24.7128,7.47104,0.825212,2.51242,0.09083,-0.180946,2.18712,-3.09293,1.90467,0.183662,0.920058,0.0609983
1725653,1,-2.75261,-1.32534,1.01105,-1.94698,1.10108,1.16771,2.20139,-2.75266,-1.32422,1.00895,-1.94565,1.10136,1.16858,2.20139,6.92742e-05,0.00107193,0.000100361,-0.000514735,-0.000184676,-0.000133518,0.000917277,0,0,0,0,0,0,0,-0.176685,26.7144,-24.689,7.49881,0.830705,2.51242,0.0523779,-0.179745,2.186,-3.09216,1.90548,0.183642,0.919949,0.0610863
1725654,1,-2.75261,-1.32534,1.01105,-1.94698,1.10108,1.16772,2.20139,-2.75266,-1.32422,1.00895,-1.94565,1.10136,1.16858,2.20139,-0.000510629,0.000157805,0.000136009,-0.000342762,-0.000123117,-8.90118e-05,0.000611518,0,0,0,0,0,0,0,-0.152882,26.7383,-24.689,7.49881,0.830705,2.51242,0.0523779,-0.177586,2.18168,-3.08771,1.9073,0.18369,0.919644,0.0612205
1725655,1,-2.75261,-1.32534,1.01105,-1.94698,1.10108,1.16772,2.20139,-2.75266,-1.32422,1.00895,-1.94565,1.10136,1.16858,2.20139,-0.000340419,-0.00054441,0.000699311,-0.000228212,-8.20783e-05,-0.0002967,-0.00101647,0,0,0,0,0,0,0,-0.152882,26.766,-24.7128,7.49881,0.830705,2.51882,0.09083,-0.174934,2.17596,-3.08158,1.90961,0.183782,0.919259,0.0613716
1725656,1,-2.75261,-1.32534,1.01105,-1.94698,1.10108,1.16771,2.20138,-2.75266,-1.32422,1.00895,-1.94565,1.10136,1.16858,2.20139,0.00097948,0.000286674,0.00106189,0.000497695,-5.47188e-05,-0.0001978,-0.000202932,0,0,0,0,0,0,0,-0.204456,26.7383,-24.7366,7.47104,0.830705,2.51882,0.0780126,-0.173539,2.17146,-3.07602,1.9111,0.183829,0.918936,0.0615211
1725657,1,-2.75261,-1.32534,1.01105,-1.94698,1.10108,1.16772,2.20139,-2.75266,-1.32422,1.00895,-1.94565,1.10136,1.16858,2.20139,3.37245e-06,0.000191116,0.000737079,-0.000874463,-3.64792e-05,-0.000131867,-0.000610006,0,0,0,0,0,0,0,-0.176685,26.7383,-24.7366,7.52262,0.830705,2.51882,0.09083,-0.173941,2.16826,-3.07137,1.91154,0.183803,0.918718,0.0616873
1725658,1,-2.75261,-1.32534,1.01105,-1.94698,1.10108,1.16772,2.20139,-2.75266,-1.32422,1.00895,-1.94565,1.10136,1.16858,2.20139,-0.000554564,0.000684222,-4.35618e-05,-2.60381e-05,0.000179131,0.000149448,0.000305406,0,0,0,0,0,0,0,-0.152882,26.7144,-24.7128,7.49881,0.825212,2.51242,0.071604,-0.173949,2.16469,-3.06681,1.9123,0.183803,0.918537,0.0618911
1725659,1,-2.75261,-1.32534,1.01105,-1.94698,1.10108,1.16772,2.20138,-2.75266,-1.32422,1.00895,-1.94565,1.10136,1.16858,2.20139,0.000187103,0.000456148,-1.26429e-05,-1.7265e-05,0.000322871,-0.000137727,-0.000983191,0,0,0,0,0,0,0,-0.176685,26.7144,-24.7128,7.49881,0.819719,2.51882,0.103647,-0.172877,2.16009,-3.06168,1.91357,0.183838,0.918317,0.0621366
1725660,1,-2.75261,-1.32534,1.01105,-1.94698,1.10108,1.16771,2.20138,-2.75266,-1.32422,1.00895,-1.94565,1.10136,1.16858,2.20139,0.000774349,-0.000252713,3.87005e-06,-0.000568252,-0.000395104,-9.18181e-05,-0.000180743,0,0,0,0,0,0,0,-0.204456,26.7383,-24.7128,7.52262,0.836199,2.51882,0.09083,-0.172524,2.15579,-3.05645,1.91438,0.183837,0.918108,0.0624229
1725661,1,-2.75261,-1.32534,1.01105,-1.94698,1.10108,1.16771,2.20138,-2.75266,-1.32422,1.00895,-1.94565,1.10136,1.16858,2.20139,-0.000133381,-0.000818089,1.1804e-05,0.00017803,-0.000263403,-6.1212e-05,-0.000357854,0,0,0,0,0,0,0,-0.176685,26.766,-24.7128,7.49881,0.836199,2.51882,0.0972387,-0.173637,2.15323,-3.0522,1.91434,0.183793,0.917978,0.0627581
1725662,1,-2.75261,-1.32534,1.01105,-1.94698,1.10108,1.16771,2.20139,-2.75266,-1.32422,1.00895,-1.94565,1.10136,1.16858,2.20139,-8.89208e-05,0.000104221,0.000571599,0.000118726,2.78487e-05,0.000196551,0.000236149,0,0,0,0,0,0,0,-0.176685,26.7383,-24.7366,7.49881,0.830705,2.51242,0.0844213,-0.175204,2.15232,-3.04936,1.91378,0.183737,0.917922,0.0631503
1725663,1,-2.75261,-1.32534,1.01106,-1.94698,1.10108,1.16772,2.20138,-2.75266,-1.32422,1.00895,-1.94565,1.10136,1.16858,2.20139,-5.92805e-05,6.94807e-05,0.00103587,-0.000477631,-0.000184885,-0.000106325,0.000394791,0,0,0,0,0,0,0,-0.176685,26.7383,-24.7643,7.52262,0.836199,2.51882,0.0780126,-0.176099,2.15204,-3.04801,1.91343,0.183708,0.917946,0.0635977
1725664,1,-2.75261,-1.32534,1.01105,-1.94698,1.10108,1.16771,2.20138,-2.75266,-1.32422,1.00895,-1.94565,1.10136,1.16858,2.20139,-0.00124595,0.000603132,-0.000511955,0.000238413,8.0194e-05,-7.08833e-05,2.58353e-05,0,0,0,0,0,0,0,-0.125111,26.7144,-24.7128,7.49881,0.830705,2.51882,0.0844213,-0.175377,2.15113,-3.04731,1.91397,0.183746,0.918,0.0640844
1725665,1,-2.75261,-1.32535,1.01105,-1.94697,1.10108,1.16771,2.20138,-2.75266,-1.32422,1.00895,-1.94565,1.10136,1.16858,2.20139,0.00102541,-0.000804338,0.000218427,0.00247901,5.34627e-05,-4.72556e-05,1.72235e-05,0,0,0,0,0,0,0,-0.204456,26.766,-24.7366,7.39963,0.830705,2.51882,0.0844213,-0.174844,2.15015,-3.04634,1.91394,0.183744,0.918005,0.0645827
1725666,1,-2.75261,-1.32534,1.01105,-1.94698,1.10108,1.16771,2.20138,-2.75266,-1.32422,1.00895,-1.94565,1.10136,1.16858,2.20139,0.000683606,-0.000536225,-0.000409005,-0.00122418,3.56418e-05,0.000443214,1.14823e-05,0,0,0,0,0,0,0,-0.204456,26.766,-24.7128,7.52262,0.830705,2.50601,0.0844213,-0.177321,2.15098,-3.04548,1.91181,0.183606,0.918017,0.0650754
1725667,1,-2.75261,-1.32534,1.01105,-1.94698,1.10108,1.16772,2.20138,-2.75266,-1.32422,1.00895,-1.94565,1.10136,1.16858,2.20139,-0.000193877,0.000848943,0.000285784,-0.000816108,-0.000179689,5.81172e-05,0.000719732,0,0,0,0,0,0,0,-0.176685,26.7144,-24.7366,7.52262,0.836199,2.51242,0.0651953,-0.180145,2.15193,-3.04475,1.91,0.183512,0.918086,0.065566
1725668,1,-2.75261,-1.32534,1.01105,-1.94698,1.10108,1.16771,2.20138,-2.75266,-1.32422,1.00895,-1.94565,1.10136,1.16858,2.20139,-0.000129251,0.000565962,0.000191754,0.000662361,8.36576e-05,3.87448e-05,-0.000232256,0,0,0,0,0,0,0,-0.176685,26.7144,-24.7366,7.47104,0.830705,2.51242,0.0844213,-0.18057,2.15104,-3.04388,1.91007,0.183551,0.918162,0.0660505
1725669,1,-2.75261,-1.32534,1.01105,-1.94698,1.10108,1.16771,2.20138,-2.75266,-1.32422,1.00895,-1.94565,1.10136,1.16858,2.20139,-0.000642979,-0.000179504,-0.000428053,-0.000208035,5.57718e-05,-0.000686247,0.00055724,0,0,0,0,0,0,0,-0.152882,26.7383,-24.7128,7.49881,0.830705,2.53164,0.0651953,-0.179609,2.14928,-3.04308,1.91078,0.183632,0.918212,0.0665116
1725670,1,-2.75261,-1.32534,1.01106,-1.94698,1.10108,1.16771,2.20138,-2.75266,-1.32422,1.00895,-1.94565,1.10136,1.16858,2.20139,-0.000428653,0.000437143,0.00092175,-0.000695498,0.000240632,1.72199e-05,-0.000815302,0,0,0,0,0,0,0,-0.152882,26.7144,-24.7643,7.52262,0.825212,2.51882,0.0972387,-0.177517,2.14745,-3.04282,1.91206,0.183765,0.918279,0.0669413
1725671,1,-2.75261,-1.32534,1.01105,-1.94698,1.10108,1.16772,2.20139,-2.75266,-1.32422,1.00895,-1.94565,1.10136,1.16858,2.20139,0.000920657,0.000941042,-0.000591406,9.31496e-05,0.000363872,0.000248839,0.000880619,0,0,0,0,0,0,0,-0.204456,26.6867,-24.7128,7.49881,0.819719,2.51242,0.0587866,-0.175169,2.14549,-3.04294,1.91366,0.183912,0.918395,0.067343
1725672,1,-2.75261,-1.32534,1.01106,-1.94698,1.10108,1.16772,2.20138,-2.75266,-1.32422,1.00895,-1.94565,1.10136,1.16858,2.20139,-3.58424e-05,-0.00122868,0.000812544,0.000711716,-0.00016432,0.000403252,-0.000362356,0,0,0,0,0,0,0,-0.176685,26.766,-24.7643,7.47104,0.830705,2.50601,0.0844213,-0.174743,2.14453,-3.04327,1.9141,0.183957,0.91854,0.0677157
1725673,1,-2.75261,-1.32534,1.01105,-1.94698,1.10108,1.16772,2.20138,-2.75266,-1.32422,1.00895,-1.94565,1.10136,1.16858,2.20139,-2.38949e-05,0.000387307,-0.000107625,-0.000731947,0.000297354,-0.000205884,-4.21189e-06,0,0,0,0,0,0,0,-0.176685,26.7144,-24.7366,7.52262,0.819719,2.51882,0.0780126,-0.175745,2.14535,-3.0446,1.91348,0.183926,0.918724,0.0680549
1725674,1,-2.75261,-1.32534,1.01106,-1.94698,1.10108,1.16772,2.20138,-2.75266,-1.32422,1.00895,-1.94565,1.10136,1.16858,2.20139,-1.593e-05,-0.000298607,0.000578083,-0.000487963,-0.000208665,-0.000137256,-2.80793e-06,0,0,0,0,0,0,0,-0.176685,26.7383,-24.7643,7.52262,0.830705,2.51882,0.0780126,-0.176163,2.14643,-3.04656,1.91334,0.183924,0.918939,0.0683696
1725675,1,-2.75261,-1.32534,1.01105,-1.94698,1.10108,1.16771,2.20139,-2.75266,-1.32422,1.00895,-1.94565,1.10136,1.16858,2.20139,-0.000567432,0.00035774,-0.000264061,0.000231504,-0.00034256,-9.15038e-05,0.00118492,0,0,0,0,0,0,0,-0.152882,26.7144,-24.7366,7.49881,0.836199,2.51882,0.0459692,-0.175609,2.1469,-3.04846,1.91389,0.183958,0.919142,0.0686679
1725676,1,-2.75261,-1.32534,1.01105,-1.94698,1.10108,1.16771,2.20139,-2.75266,-1.32422,1.00895,-1.94565,1.10136,1.16858,2.20139,0.000178524,0.000238494,-0.000732729,0.000803951,-0.000228374,-6.10025e-05,0.00153593,0,0,0,0,0,0,0,-0.176685,26.7144,-24.7128,7.47104,0.836199,2.51882,0.0258276,-0.174919,2.14667,-3.04949,1.91429,0.183967,0.919262,0.0689338
1725677,1,-2.75261,-1.32534,1.01106,-1.94698,1.10108,1.16771,2.20139,-2.75266,-1.32422,1.00895,-1.94565,1.10136,1.16858,2.20139,0.00076863,-0.000397816,0.000718032,0.000535968,0.000254652,-4.06684e-05,0.000277971,0,0,0,0,0,0,0,-0.204456,26.7383,-24.7643,7.47104,0.825212,2.51882,0.0459692,-0.17574,2.14674,-3.04991,1.91354,0.183889,0.919337,0.0691255
1725678,1,-2.75261,-1.32534,1.01105,-1.94698,1.10108,1.16771,2.20139,-2.75266,-1.32422,1.00895,-1.94565,1.10136,1.16858,2.20139,-0.000694006,0.000291601,-0.000170857,-0.000292302,0.000373219,-2.71122e-05,0.000456581,0,0,0,0,0,0,0,-0.152882,26.7144,-24.7366,7.49881,0.819719,2.51882,0.038645,-0.177545,2.1477,-3.05095,1.91215,0.18377,0.919464,0.0692078
1725679,1,-2.75261,-1.32534,1.01106,-1.94698,1.10108,1.16771,2.20139,-2.75266,-1.32422,1.00895,-1.94565,1.10136,1.16858,2.20139,0.000743755,0.000844015,0.000535762,-0.000194868,-0.000361539,-0.000730152,0.000779105,0,0,0,0,0,0,0,-0.204456,26.6867,-24.7643,7.49881,0.836199,2.53805,0.0258276,-0.178322,2.14803,-3.05226,1.91157,0.183706,0.919633,0.0691779
1725680,1,-2.75261,-1.32534,1.01106,-1.94698,1.10108,1.16771,2.20139,-2.75266,-1.32422,1.00895,-1.94565,1.10136,1.16858,2.20139,-0.000153777,-0.000643749,0.000914025,-0.000686723,-0.000241026,0.000225309,-0.000226582,0,0,0,0,0,0,0,-0.176685,26.7383,-24.7881,7.52262,0.836199,2.51882,0.0459692,-0.178348,2.148,-3.05408,1.91176,0.183695,0.919878,0.0690358
1725681,1,-2.75261,-1.32534,1.01106,-1.94698,1.10108,1.16771,2.20139,-2.75266,-1.32422,1.00895,-1.94565,1.10136,1.16858,2.20139,0.000547096,-0.000429166,0.000609379,9.89965e-05,0.000246217,0.000387565,0.000594931,0,0,0,0,0,0,0,-0.204456,26.7383,-24.7881,7.49881,0.825212,2.51242,0.0258276,-0.178639,2.14919,-3.05726,1.91193,0.183704,0.920231,0.0687798
1725682,1,-2.75261,-1.32534,1.01106,-1.94698,1.10108,1.16771,2.20139,-2.75266,-1.32422,1.00895,-1.94565,1.10136,1.16858,2.20139,-0.000284883,-0.000286111,0.000406275,0.000715612,-0.000242756,2.10177e-05,0.000159262,0,0,0,0,0,0,0,-0.176685,26.7383,-24.7881,7.47104,0.836199,2.51882,0.0322363,-0.179614,2.15151,-3.06113,1.91147,0.183687,0.920609,0.0684204
1725683,1,-2.75261,-1.32534,1.01106,-1.94698,1.10108,1.16772,2.20139,-2.75266,-1.32422,1.00895,-1.94565,1.10136,1.16858,2.20139,0.000459692,0.000366071,-0.000935559,-0.000172539,-0.000161838,1.40118e-05,-0.000639811,0,0,0,0,0,0,0,-0.204456,26.7144,-24.7366,7.49881,0.836199,2.51882,0.0523779,-0.180894,2.15335,-3.06401,1.91061,0.183643,0.920898,0.0679688
1725684,1,-2.75261,-1.32534,1.01106,-1.94699,1.10108,1.16772,2.20139,-2.75266,-1.32422,1.00895,-1.94565,1.10136,1.16858,2.20139,-0.000343153,0.000244048,2.592e-05,-0.00122865,9.55588e-05,9.34121e-06,-0.000189182,0,0,0,0,0,0,0,-0.176685,26.7144,-24.7643,7.54642,0.830705,2.51882,0.0459692,-0.181227,2.15322,-3.06506,1.91056,0.183659,0.921077,0.0674477
1725685,1,-2.75261,-1.32534,1.01106,-1.94699,1.10108,1.16772,2.20139,-2.75266,-1.32422,1.00895,-1.94565,1.10136,1.16858,2.20139,-0.000228769,0.000812312,1.72892e-05,-0.000262288,6.37059e-05,6.22747e-06,-0.000126121,0,0,0,0,0,0,0,-0.176685,26.6867,-24.7643,7.52262,0.830705,2.51882,0.0459692,-0.179694,2.15118,-3.06517,1.91201,0.183785,0.921209,0.0668931
1725686,1,-2.75261,-1.32534,1.01106,-1.94698,1.10108,1.16771,2.20139,-2.75266,-1.32422,1.00895,-1.94565,1.10136,1.16858,2.20139,0.00161073,-0.000664884,1.15331e-05,0.00103157,-0.00016098,-0.000233207,0.000661905,0,0,0,0,0,0,0,-0.252064,26.7383,-24.7643,7.47104,0.836199,2.52523,0.0258276,-0.178828,2.14935,-3.06538,1.91308,0.18388,0.921346,0.0663236
1725687,1,-2.75261,-1.32534,1.01106,-1.94698,1.10108,1.16771,2.20138,-2.75266,-1.32422,1.00895,-1.94565,1.10136,1.16858,2.20139,-3.98069e-05,0.000113556,7.69393e-06,-0.000518714,0.000299581,8.18874e-05,-0.00125415,0,0,0,0,0,0,0,-0.204456,26.7144,-24.7643,7.52262,0.825212,2.51882,0.071604,-0.180801,2.14937,-3.06611,1.91231,0.183845,0.921519,0.0657384
1725688,1,-2.75261,-1.32534,1.01106,-1.94698,1.10108,1.16771,2.20139,-2.75266,-1.32422,1.00895,-1.94565,1.10136,1.16858,2.20139,-2.65379e-05,-0.000481108,0.000561945,0.000211002,-0.00020718,0.000291951,0.000113335,0,0,0,0,0,0,0,-0.204456,26.7383,-24.7881,7.49881,0.836199,2.51242,0.0459692,-0.183096,2.15027,-3.0676,1.9113,0.183805,0.921726,0.065149
1725689,1,-2.75261,-1.32534,1.01106,-1.94698,1.10108,1.16771,2.20139,-2.75266,-1.32422,1.00895,-1.94565,1.10136,1.16858,2.20139,-1.7692e-05,-0.000320739,0.000374633,0.000140668,-0.00013812,-0.000280084,-0.000399161,0,0,0,0,0,0,0,-0.204456,26.7383,-24.7881,7.49881,0.836199,2.52523,0.0587866,-0.184389,2.15155,-3.07006,1.91075,0.183812,0.921961,0.0645814
1725690,1,-2.75261,-1.32534,1.01106,-1.94698,1.10108,1.16771,2.20139,-2.75266,-1.32422,1.00895,-1.94565,1.10136,1.16858,2.20139,-1.17946e-05,0.000342986,-0.000307054,9.37789e-05,0.000314821,-0.000186723,0.00020861,0,0,0,0,0,0,0,-0.204456,26.7144,-24.7643,7.49881,0.825212,2.52523,0.0459692,-0.185195,2.15274,-3.07268,1.9104,0.183838,0.922185,0.0640509
1725691,1,-2.75261,-1.32534,1.01106,-1.94698,1.10108,1.16771,2.20138,-2.75266,-1.32422,1.00895,-1.94565,1.10136,1.16858,2.20139,0.000548949,-0.000328155,-0.000204701,6.25193e-05,6.43008e-06,0.000112877,-0.000810362,0,0,0,0,0,0,0,-0.22826,26.7383,-24.7643,7.49881,0.830705,2.51882,0.071604,-0.185885,2.15314,-3.07444,1.9102,0.183868,0.922358,0.0635594
1725692,1,-2.75261,-1.32534,1.01106,-1.94698,1.10108,1.16771,2.20138,-2.75266,-1.32422,1.00895,-1.94565,1.10136,1.16858,2.20139,-0.00139727,0.000338042,0.000420346,-0.000515132,-0.000402614,0.00031261,-0.00101496,0,0,0,0,0,0,0,-0.152882,26.7144,-24.7881,7.52262,0.841692,2.51242,0.0844213,-0.185736,2.15279,-3.07578,1.91058,0.183938,0.922503,0.0631122
1725693,1,-2.75261,-1.32534,1.01106,-1.94698,1.10108,1.16771,2.20139,-2.75266,-1.32422,1.00895,-1.94565,1.10136,1.16858,2.20139,0.000274911,-0.00033145,-0.000276581,0.00021339,0.000341942,-0.000266311,0.000272796,0,0,0,0,0,0,0,-0.204456,26.7383,-24.7643,7.49881,0.825212,2.52523,0.0587866,-0.183931,2.15177,-3.07725,1.91193,0.184084,0.922636,0.0627324
1725694,1,-2.75261,-1.32534,1.01106,-1.94698,1.10108,1.16771,2.20139,-2.75266,-1.32422,1.00895,-1.94565,1.10136,1.16858,2.20139,0.000183274,-0.000870581,0.00102204,0.00134869,-0.00017894,-0.000889617,0.000181864,0,0,0,0,0,0,0,-0.204456,26.766,-24.8159,7.44724,0.836199,2.54446,0.0587866,-0.183115,2.15186,-3.07938,1.91249,0.184178,0.9228,0.0624334
1725695,1,-2.75261,-1.32534,1.01106,-1.94698,1.10108,1.16771,2.20139,-2.75266,-1.32422,1.00895,-1.94565,1.10136,1.16858,2.20139,-0.000527431,6.92267e-05,3.17463e-05,-0.000307302,0.000491058,0.000118998,-0.000353475,0,0,0,0,0,0,0,-0.176685,26.7383,-24.7881,7.49881,0.819719,2.52523,0.071604,-0.184019,2.15365,-3.08247,1.91176,0.184181,0.923034,0.0622032
1725696,1,-2.75261,-1.32534,1.01106,-1.94698,1.10108,1.16771,2.20138,-2.75266,-1.32422,1.00895,-1.94565,1.10136,1.16858,2.20139,0.000297993,4.61511e-05,2.11646e-05,-0.00076168,-7.95288e-05,7.93323e-05,-0.00023565,0,0,0,0,0,0,0,-0.204456,26.7383,-24.7881,7.52262,0.830705,2.52523,0.071604,-0.184268,2.15483,-3.08533,1.9116,0.18422,0.923291,0.0620304
1725697,1,-2.75261,-1.32534,1.01106,-1.94698,1.10108,1.16771,2.20138,-2.75266,-1.32422,1.00895,-1.94565,1.10136,1.16858,2.20139,0.000198662,3.07674e-05,1.411e-05,4.90254e-05,-0.00025647,0.000764965,-0.000869177,0,0,0,0,0,0,0,-0.204456,26.7383,-24.7881,7.49881,0.836199,2.50601,0.09083,-0.183939,2.15479,-3.08723,1.91221,0.184302,0.923538,0.0619128
1725698,1,-2.75261,-1.32534,1.01106,-1.94698,1.10108,1.16771,2.20138,-2.75266,-1.32422,1.00895,-1.94565,1.10136,1.16858,2.20139,-0.000517173,0.000577324,9.40689e-06,3.26836e-05,-0.00017098,-0.0002021,-0.000104733,0,0,0,0,0,0,0,-0.176685,26.7144,-24.7881,7.49881,0.836199,2.52523,0.0780126,-0.183496,2.15403,-3.08841,1.91299,0.184381,0.923751,0.0618578
1725699,1,-2.75261,-1.32534,1.01106,-1.94698,1.10108,1.16771,2.20139,-2.75266,-1.32422,1.00895,-1.94565,1.10136,1.16858,2.20139,-0.000344782,0.000384882,-0.00120015,-0.000535023,-0.000113987,-0.000134733,0.000642255,0,0,0,0,0,0,0,-0.176685,26.7144,-24.7366,7.52262,0.836199,2.52523,0.0587866,-0.182068,2.1519,-3.0885,1.91432,0.184492,0.923879,0.0618777
1725700,1,-2.75261,-1.32534,1.01106,-1.94698,1.10108,1.16771,2.20139,-2.75266,-1.32422,1.00895,-1.94565,1.10136,1.16858,2.20139,0.000419759,-0.000949838,0.000406323,0.000849744,0.00012746,0.000384896,0.000665529,0,0,0,0,0,0,0,-0.204456,26.766,-24.7881,7.47104,0.830705,2.51242,0.0523779,-0.180845,2.14968,-3.088,1.91545,0.184601,0.923953,0.0619584
1725701,1,-2.75261,-1.32534,1.01106,-1.94699,1.10108,1.16771,2.20138,-2.75266,-1.32422,1.00895,-1.94565,1.10136,1.16858,2.20139,-0.000926586,0.000573201,-0.00028593,-0.00119674,8.4973e-05,1.92381e-05,-3.10321e-05,0,0,0,0,0,0,0,-0.152882,26.7144,-24.7643,7.54642,0.830705,2.51882,0.0651953,-0.180391,2.14868,-3.08823,1.91601,0.184686,0.924056,0.062065
1725702,1,-2.75261,-1.32534,1.01106,-1.94699,1.10108,1.16772,2.20138,-2.75266,-1.32422,1.00895,-1.94565,1.10136,1.16858,2.20139,-0.00126734,-0.000174678,0.000366192,-0.000797828,-0.000350252,1.28254e-05,-2.06881e-05,0,0,0,0,0,0,0,-0.125111,26.7383,-24.7881,7.54642,0.841692,2.51882,0.0651953,-0.177969,2.14728,-3.08914,1.91783,0.184874,0.924185,0.0621761
1725703,1,-2.75261,-1.32534,1.01106,-1.94698,1.10108,1.16771,2.20139,-2.75266,-1.32422,1.00895,-1.94565,1.10136,1.16858,2.20139,0.00101115,-0.000116452,0.000244128,2.49267e-05,0.000173399,-0.000466168,0.00120691,0,0,0,0,0,0,0,-0.204456,26.7383,-24.7881,7.52262,0.830705,2.53164,0.0322363,-0.174608,2.14587,-3.0907,1.92035,0.185117,0.92435,0.0622819
1725704,1,-2.75261,-1.32534,1.01106,-1.94698,1.10108,1.16771,2.20139,-2.75266,-1.32422,1.00895,-1.94565,1.10136,1.16858,2.20139,-0.000532327,0.000479177,-0.00039406,0.00122304,0.0001156,0.000163939,5.86221e-05,0,0,0,0,0,0,0,-0.152882,26.7144,-24.7643,7.47104,0.830705,2.51882,0.0523779,-0.173691,2.14573,-3.09243,1.92125,0.185231,0.924531,0.0623628
1725705,1,-2.75261,-1.32534,1.01106,-1.94698,1.10108,1.16771,2.20139,-2.75266,-1.32422,1.00895,-1.94565,1.10136,1.16858,2.20139,0.000201927,-0.00023736,-0.000262707,0.000165749,0.000483967,0.000109293,3.90814e-05,0,0,0,0,0,0,0,-0.176685,26.7383,-24.7643,7.49881,0.819719,2.51882,0.0523779,-0.174711,2.14607,-3.09347,1.92061,0.185213,0.924656,0.0623935
1725706,1,-2.75261,-1.32534,1.01106,-1.94699,1.10108,1.16771,2.20138,-2.75266,-1.32422,1.00895,-1.94565,1.10136,1.16858,2.20139,0.000134618,-0.00015824,-0.000824752,-0.00100312,-8.42561e-05,-0.000401856,-0.000686023,0,0,0,0,0,0,0,-0.176685,26.7383,-24.7366,7.54642,0.830705,2.53164,0.071604,-0.176184,2.1464,-3.09391,1.91972,0.18517,0.924751,0.0623703
1725707,1,-2.75261,-1.32534,1.01106,-1.94698,1.10108,1.16771,2.20139,-2.75266,-1.32422,1.00895,-1.94565,1.10136,1.16858,2.20139,-0.000467067,0.000451318,0.000656592,0.000444874,-5.61707e-05,-3.0545e-05,0.00147543,0,0,0,0,0,0,0,-0.152882,26.7144,-24.7881,7.49881,0.830705,2.52523,0.0194189,-0.177158,2.14649,-3.09428,1.91942,0.185163,0.924871,0.0623121
1725708,1,-2.75261,-1.32534,1.01106,-1.94698,1.10108,1.16771,2.20139,-2.75266,-1.32422,1.00895,-1.94565,1.10136,1.16858,2.20139,0.000245434,0.000300879,0.000437728,-0.000260229,0.000166003,0.000691713,0.000271544,0,0,0,0,0,0,0,-0.176685,26.7144,-24.7881,7.52262,0.825212,2.50601,0.038645,-0.17739,2.14652,-3.09535,1.91955,0.185165,0.92504,0.0622247
1725709,1,-2.75261,-1.32534,1.01106,-1.94698,1.10108,1.16771,2.20139,-2.75266,-1.32422,1.00895,-1.94565,1.10136,1.16858,2.20139,0.000163623,-0.000356226,0.000291818,-0.000173486,-0.000296232,-0.000488293,0.000418388,0,0,0,0,0,0,0,-0.176685,26.7383,-24.7881,7.52262,0.836199,2.53164,0.0322363,-0.177748,2.14711,-3.09728,1.91959,0.185147,0.925267,0.0620839
1725710,1,-2.75261,-1.32534,1.01106,-1.94699,1.10108,1.16771,2.20139,-2.75266,-1.32422,1.00895,-1.94565,1.10136,1.16858,2.20139,0.000758696,0.000319328,-0.000362266,-0.000672469,0.000412863,0.000623907,-0.00046706,0,0,0,0,0,0,0,-0.204456,26.7144,-24.7643,7.54642,0.819719,2.50601,0.0523779,-0.17878,2.14815,-3.0993,1.91946,0.185111,0.925514,0.0618727
1725711,1,-2.75261,-1.32534,1.01106,-1.94698,1.10108,1.16771,2.20139,-2.75266,-1.32422,1.00895,-1.94565,1.10136,1.16858,2.20139,0.000505797,-0.000993541,0.000315301,0.000108499,-0.000335109,0.000415938,0.000434612,0,0,0,0,0,0,0,-0.204456,26.766,-24.7881,7.52262,0.836199,2.50601,0.0322363,-0.180788,2.14963,-3.10107,1.91894,0.185044,0.925746,0.0615967
1725712,1,-2.75261,-1.32534,1.01106,-1.94698,1.10108,1.16771,2.20139,-2.75266,-1.32422,1.00895,-1.94565,1.10136,1.16858,2.20139,0.00089401,-0.00066236,-0.000346611,0.000629145,-0.000426857,0.000277292,5.23825e-05,0,0,0,0,0,0,0,-0.22826,26.766,-24.7643,7.49881,0.841692,2.50601,0.038645,-0.184366,2.15246,-3.10305,1.91738,0.184908,0.925953,0.0612672
1725713,1,-2.75261,-1.32534,1.01106,-1.94699,1.10108,1.16771,2.20139,-2.75266,-1.32422,1.00895,-1.94565,1.10136,1.16858,2.20139,-0.00116723,0.00020804,-0.000880688,-0.000694194,0.00012233,-5.24977e-05,-0.000473705,0,0,0,0,0,0,0,-0.152882,26.7383,-24.7366,7.54642,0.830705,2.51242,0.0523779,-0.187727,2.15517,-3.10454,1.91577,0.184777,0.926062,0.0608948
1725714,1,-2.75261,-1.32534,1.01106,-1.94698,1.10108,1.16771,2.20139,-2.75266,-1.32422,1.00895,-1.94565,1.10136,1.16858,2.20139,0.000428272,-0.00051092,-0.000587125,0.000650828,0.000488454,-0.000272357,-0.000315803,0,0,0,0,0,0,0,-0.204456,26.766,-24.7366,7.49881,0.819719,2.51882,0.0523779,-0.18889,2.15602,-3.10475,1.91537,0.184736,0.926029,0.0604957
1725715,1,-2.75261,-1.32534,1.01106,-1.94698,1.10108,1.16771,2.20139,-2.75266,-1.32422,1.00895,-1.94565,1.10136,1.16858,2.20139,-0.000920911,0.00151543,0.000815009,0.000433885,0.000122186,5.57874e-05,2.68235e-05,0,0,0,0,0,0,0,-0.152882,26.6867,-24.7881,7.49881,0.825212,2.51242,0.0459692,-0.188615,2.15564,-3.10457,1.91565,0.184723,0.92593,0.0600937
1725716,1,-2.75261,-1.32534,1.01106,-1.94698,1.10108,1.16771,2.20139,-2.75266,-1.32422,1.00895,-1.94565,1.10136,1.16858,2.20139,-5.71289e-05,-0.000845756,-0.000663087,-0.000267555,8.14571e-05,-0.000200167,0.000763868,0,0,0,0,0,0,0,-0.176685,26.766,-24.7366,7.52262,0.825212,2.51882,0.0258276,-0.187183,2.15456,-3.10471,1.91648,0.184722,0.925829,0.0597043
1725717,1,-2.75261,-1.32534,1.01106,-1.94698,1.10108,1.16771,2.20139,-2.75266,-1.32422,1.00895,-1.94565,1.10136,1.16858,2.20139,-0.000594898,8.57768e-05,0.000207556,0.00102806,0.000257755,-0.000370804,0.000271886,0,0,0,0,0,0,0,-0.152882,26.7383,-24.7643,7.47104,0.819719,2.52523,0.0322363,-0.185422,2.15378,-3.10523,1.91743,0.184724,0.925738,0.0593175
1725718,1,-2.75261,-1.32534,1.01106,-1.94698,1.10108,1.16771,2.20139,-2.75266,-1.32422,1.00895,-1.94565,1.10136,1.16858,2.20139,0.000809827,0.000613997,-0.00106806,3.57566e-05,-0.000235064,-9.84363e-06,-0.00175152,0,0,0,0,0,0,0,-0.204456,26.7144,-24.7128,7.49881,0.830705,2.51882,0.0844213,-0.184634,2.15338,-3.10544,1.91772,0.184665,0.925641,0.0589132
1725719,1,-2.75261,-1.32534,1.01106,-1.94698,1.10108,1.16771,2.20138,-2.75266,-1.32422,1.00895,-1.94565,1.10136,1.16858,2.20139,-0.000109729,0.000409331,-0.000155225,2.38377e-05,-0.000563611,-6.56242e-06,-0.00116768,0,0,0,0,0,0,0,-0.176685,26.7144,-24.7366,7.49881,0.841692,2.51882,0.0844213,-0.184634,2.15236,-3.10461,1.91776,0.184564,0.925531,0.0585051
1725720,1,-2.75261,-1.32534,1.01106,-1.94699,1.10108,1.16771,2.20138,-2.75266,-1.32422,1.00895,-1.94565,1.10136,1.16858,2.20139,-7.31527e-05,0.000272887,0.00110294,-0.00165454,-0.00017229,0.000470343,-0.000778454,0,0,0,0,0,0,0,-0.176685,26.7144,-24.7881,7.57022,0.836199,2.50601,0.0844213,-0.183915,2.15097,-3.10411,1.91864,0.184532,0.925494,0.0581492
1725721,1,-2.75261,-1.32534,1.01106,-1.94699,1.10108,1.16771,2.20138,-2.75266,-1.32422,1.00895,-1.94565,1.10136,1.16858,2.20139,-4.87685e-05,0.000181925,0.000735295,-0.000546217,-0.00031831,-0.000161156,-0.000281611,0,0,0,0,0,0,0,-0.176685,26.7144,-24.7881,7.54642,0.841692,2.51882,0.0780126,-0.18169,2.14998,-3.10544,1.92083,0.184625,0.925604,0.057895
1725722,1,-2.75261,-1.32534,1.01106,-1.94698,1.10108,1.16771,2.20138,-2.75266,-1.32422,1.00895,-1.94565,1.10136,1.16858,2.20139,-3.25123e-05,-0.000435529,-0.00127304,0.00139909,0.000398145,-0.000344796,4.96185e-05,0,0,0,0,0,0,0,-0.176685,26.7383,-24.7128,7.47104,0.825212,2.52523,0.071604,-0.179908,2.1498,-3.10732,1.92264,0.18472,0.925733,0.0577528
1725723,1,-2.75261,-1.32534,1.01106,-1.94699,1.10108,1.16771,2.20138,-2.75266,-1.32422,1.00895,-1.94565,1.10136,1.16858,2.20139,0.000627939,-0.000290352,0.000914544,-0.000273697,0.00026543,7.49479e-06,-0.000916357,0,0,0,0,0,0,0,-0.204456,26.7383,-24.7881,7.52262,0.825212,2.51882,0.0972387,-0.180345,2.15082,-3.10868,1.92264,0.184705,0.925801,0.0577109
1725724,1,-2.75261,-1.32534,1.01106,-1.94698,1.10108,1.16771,2.20138,-2.75266,-1.32422,1.00895,-1.94565,1.10136,1.16858,2.20139,0.000418626,-0.000843182,-0.00059673,0.000374347,0.000380404,4.99653e-06,-0.000373546,0,0,0,0,0,0,0,-0.204456,26.766,-24.7366,7.49881,0.819719,2.51882,0.09083,-0.182666,2.15324,-3.11028,1.92137,0.184611,0.925889,0.0577639
1725725,1,-2.75261,-1.32534,1.01106,-1.94698,1.10108,1.16771,2.20138,-2.75266,-1.32422,1.00895,-1.94565,1.10136,1.16858,2.20139,0.000835896,8.74924e-05,0.000808606,0.000249565,-0.000356749,3.33102e-06,-0.000486389,0,0,0,0,0,0,0,-0.22826,26.7383,-24.7881,7.49881,0.836199,2.51882,0.0972387,-0.186125,2.15651,-3.11216,1.91946,0.184472,0.926015,0.0579182
1725726,1,-2.75261,-1.32534,1.01106,-1.94698,1.10108,1.16771,2.20139,-2.75266,-1.32422,1.00895,-1.94565,1.10136,1.16858,2.20139,4.52034e-07,0.00126475,-1.77414e-05,-0.000390435,-0.000237833,-0.000235138,0.00157461,0,0,0,0,0,0,0,-0.204456,26.6867,-24.7643,7.52262,0.836199,2.52523,0.0459692,-0.189166,2.15886,-3.11368,1.91793,0.18434,0.92614,0.0581807
1725727,1,-2.75261,-1.32534,1.01106,-1.94698,1.10108,1.16771,2.20138,-2.75266,-1.32422,1.00895,-1.94565,1.10136,1.16858,2.20139,-0.00120612,0.000193556,-0.000661442,-0.00026029,0.000248346,0.000317959,-0.000374412,0,0,0,0,0,0,0,-0.152882,26.7144,-24.7366,7.52262,0.825212,2.51242,0.0844213,-0.189324,2.15842,-3.11399,1.91828,0.184325,0.926189,0.0585296
1725728,1,-2.7526,-1.32534,1.01106,-1.94698,1.10108,1.16771,2.20138,-2.75266,-1.32422,1.00895,-1.94565,1.10136,1.16858,2.20139,0.000959155,0.000778651,0.00141508,0.0010329,-0.000241337,-2.53862e-05,-0.000249608,0,0,0,0,0,0,0,-0.22826,26.6867,-24.8159,7.47104,0.836199,2.51882,0.0844213,-0.18758,2.15651,-3.11374,1.9196,0.184378,0.926179,0.0589176
1725729,1,-2.75261,-1.32534,1.01106,-1.94698,1.10108,1.16771,2.20138,-2.75266,-1.32422,1.00895,-1.94565,1.10136,1.16858,2.20139,0.000639437,0.000519101,-0.00146947,3.89854e-05,0.00044946,-1.69242e-05,-0.000166405,0,0,0,0,0,0,0,-0.22826,26.6867,-24.7128,7.49881,0.819719,2.51882,0.0844213,-0.187283,2.15509,-3.1135,1.91993,0.184351,0.926177,0.0593237
1725730,1,-2.75261,-1.32534,1.01106,-1.94698,1.10108,1.16771,2.20139,-2.75266,-1.32422,1.00895,-1.94565,1.10136,1.16858,2.20139,-0.000780135,-0.000303547,-0.000422832,2.59903e-05,0.00029964,-0.000248642,0.00182184,0,0,0,0,0,0,0,-0.176685,26.7144,-24.7366,7.49881,0.819719,2.52523,0.0322363,-0.18796,2.15356,-3.1123,1.91971,0.184288,0.926121,0.0597502
1725731,1,-2.75261,-1.32534,1.01106,-1.94698,1.10108,1.16771,2.20138,-2.75266,-1.32422,1.00895,-1.94565,1.10136,1.16858,2.20139,0.000129524,-0.000202365,0.000367726,0.000666941,-0.000207141,7.15978e-05,-0.000480859,0,0,0,0,0,0,0,-0.204456,26.7144,-24.7643,7.47104,0.830705,2.51882,0.0780126,-0.188023,2.15234,-3.11119,1.9197,0.184259,0.926047,0.0601756
1725732,1,-2.75261,-1.32534,1.01106,-1.94698,1.10107,1.16771,2.20138,-2.75266,-1.32422,1.00895,-1.94565,1.10136,1.16858,2.20139,-0.000563265,-0.000691722,-0.000404463,-0.000204987,-0.000748446,0.000285091,-0.00103265,0,0,0,0,0,0,0,-0.176685,26.7383,-24.7366,7.49881,0.847185,2.51242,0.0972387,-0.187857,2.15235,-3.11136,1.9196,0.184242,0.926036,0.0605641
1725733,1,-2.75261,-1.32534,1.01105,-1.94698,1.10108,1.16771,2.20138,-2.75266,-1.32422,1.00895,-1.94565,1.10136,1.16858,2.20139,-0.00037551,-0.000461148,-0.000826454,-0.000136658,0.000111388,0.000190061,2.36438e-05,0,0,0,0,0,0,0,-0.176685,26.7383,-24.7128,7.49881,0.830705,2.51242,0.0780126,-0.187234,2.15278,-3.11185,1.91975,0.184271,0.926037,0.0609225
1725734,1,-2.75261,-1.32534,1.01106,-1.94698,1.10108,1.16772,2.20139,-2.75266,-1.32422,1.00895,-1.94565,1.10136,1.16858,2.20139,-0.00025034,-0.000307432,0.000655456,0.000558509,-0.000129192,0.000126707,0.000727839,0,0,0,0,0,0,0,-0.176685,26.7383,-24.7643,7.47104,0.836199,2.51242,0.0587866,-0.18626,2.15329,-3.11237,1.92007,0.184338,0.926032,0.0612833
1725735,1,-2.75261,-1.32534,1.01106,-1.94698,1.10108,1.16772,2.20138,-2.75266,-1.32422,1.00895,-1.94565,1.10136,1.16858,2.20139,-0.000723705,0.00100147,0.000436971,-0.000834087,0.000117323,-0.000152888,-0.000226851,0,0,0,0,0,0,0,-0.152882,26.6867,-24.7643,7.52262,0.830705,2.51882,0.0780126,-0.184673,2.15353,-3.11348,1.92075,0.184434,0.926066,0.0616515
1725736,1,-2.75261,-1.32534,1.01106,-1.94699,1.10108,1.16771,2.20138,-2.75266,-1.32422,1.00895,-1.94565,1.10136,1.16858,2.20139,7.43418e-05,-0.00118839,0.000848126,-0.00111287,7.8215e-05,-0.000339284,-0.000863311,0,0,0,0,0,0,0,-0.176685,26.766,-24.7881,7.54642,0.830705,2.52523,0.0972387,-0.181939,2.15332,-3.1154,1.92242,0.184605,0.92618,0.0620143
1725737,1,-2.75261,-1.32534,1.01106,-1.94698,1.10108,1.16771,2.20138,-2.75266,-1.32422,1.00895,-1.94565,1.10136,1.16858,2.20139,0.000699175,-0.000142648,0.000565417,-0.000185101,5.21434e-05,0.000485887,0.000373895,0,0,0,0,0,0,0,-0.204456,26.7383,-24.7881,7.52262,0.830705,2.50601,0.071604,-0.180029,2.15417,-3.11832,1.92399,0.184781,0.926394,0.0623725
1725738,1,-2.75261,-1.32534,1.01105,-1.94698,1.10107,1.16771,2.20138,-2.75266,-1.32422,1.00895,-1.94565,1.10136,1.16858,2.20139,0.00102293,-0.000744712,-0.0019431,0.00108303,-0.000372139,0.000323925,0.000486623,0,0,0,0,0,0,0,-0.22826,26.766,-24.689,7.47104,0.841692,2.50601,0.0651953,-0.181317,2.15623,-3.12045,1.92365,0.184821,0.926567,0.0627333
1725739,1,-2.75261,-1.32534,1.01106,-1.94698,1.10108,1.16771,2.20138,-2.75266,-1.32422,1.00895,-1.94565,1.10136,1.16858,2.20139,0.000125141,0.00135956,0.000467835,7.24028e-05,0.000158809,-2.14089e-05,0.000324415,0,0,0,0,0,0,0,-0.204456,26.6867,-24.7643,7.49881,0.830705,2.51242,0.0651953,-0.184904,2.15764,-3.12013,1.92173,0.184727,0.926564,0.0630898
1725740,1,-2.75261,-1.32534,1.01106,-1.94698,1.10108,1.16771,2.20138,-2.75266,-1.32422,1.00895,-1.94565,1.10136,1.16858,2.20139,0.000640239,0.000906377,-0.000337724,0.000697882,0.000105872,-0.000251632,-2.10823e-05,0,0,0,0,0,0,0,-0.22826,26.6867,-24.7366,7.47104,0.830705,2.51882,0.071604,-0.188135,2.15722,-3.11838,1.91992,0.184608,0.926457,0.0634319
1725741,1,-2.75261,-1.32534,1.01106,-1.94698,1.10108,1.16771,2.20138,-2.75266,-1.32422,1.00895,-1.94565,1.10136,1.16858,2.20139,-0.000129986,-4.53629e-05,-0.000781961,0.000465255,-0.000132869,-0.000405113,-0.000488773,0,0,0,0,0,0,0,-0.204456,26.7144,-24.7128,7.47104,0.836199,2.52523,0.0844213,-0.190522,2.15562,-3.11611,1.91852,0.184505,0.926302,0.0637494
1725742,1,-2.75261,-1.32534,1.01106,-1.94698,1.10108,1.16771,2.20139,-2.75266,-1.32422,1.00895,-1.94565,1.10136,1.16858,2.20139,-0.000736271,-3.02419e-05,0.000685118,-0.000339444,0.000318322,0.000204642,0.00109831,0,0,0,0,0,0,0,-0.176685,26.7144,-24.7643,7.49881,0.825212,2.51242,0.0459692,-0.191622,2.15403,-3.11425,1.91772,0.184468,0.926144,0.0640449
1725743,1,-2.75261,-1.32534,1.01106,-1.94698,1.10108,1.16771,2.20139,-2.75266,-1.32422,1.00895,-1.94565,1.10136,1.16858,2.20139,0.000158766,0.000629453,0.000456746,-0.000226296,0.000212214,-0.00033829,0.000257486,0,0,0,0,0,0,0,-0.204456,26.6867,-24.7643,7.49881,0.825212,2.52523,0.0587866,-0.190736,2.15269,-3.11387,1.91809,0.184539,0.92607,0.0643222
1725744,1,-2.75261,-1.32534,1.01106,-1.94699,1.10108,1.16771,2.20139,-2.75266,-1.32422,1.00895,-1.94565,1.10136,1.16858,2.20139,-0.00054377,0.000419635,-0.000345117,-0.000707676,-0.000265425,-0.000225526,-6.57019e-05,0,0,0,0,0,0,0,-0.176685,26.6867,-24.7366,7.52262,0.836199,2.52523,0.0651953,-0.188537,2.151,-3.11415,1.91945,0.184681,0.92606,0.0645624
1725745,1,-2.75261,-1.32534,1.01106,-1.94698,1.10108,1.16771,2.20138,-2.75266,-1.32422,1.00895,-1.94565,1.10136,1.16858,2.20139,-0.000362513,-0.000926669,-0.000230078,-0.000471784,0.000229951,8.7008e-05,-0.000755878,0,0,0,0,0,0,0,-0.176685,26.7383,-24.7366,7.52262,0.825212,2.51882,0.0844213,-0.185667,2.1491,-3.11429,1.92139,0.18487,0.926061,0.0647516
1725746,1,-2.75261,-1.32534,1.01106,-1.94698,1.10108,1.16771,2.20139,-2.75266,-1.32422,1.00895,-1.94565,1.10136,1.16858,2.20139,0.000407939,-0.000617779,-0.000153385,0.000242289,-0.000457051,0.000295364,0.000445517,0,0,0,0,0,0,0,-0.204456,26.7383,-24.7366,7.49881,0.841692,2.51242,0.0587866,-0.183735,2.14852,-3.11476,1.92271,0.185035,0.926087,0.0648999
1725747,1,-2.75261,-1.32534,1.01105,-1.94698,1.10108,1.16771,2.20139,-2.75266,-1.32422,1.00895,-1.94565,1.10136,1.16858,2.20139,-0.000377655,-0.000411853,-0.000659069,0.00081114,-0.00010125,0.00019691,0.000297011,0,0,0,0,0,0,0,-0.176685,26.7383,-24.7128,7.47104,0.836199,2.51242,0.0587866,-0.183859,2.14952,-3.11532,1.92254,0.1851,0.926112,0.0650241
1725748,1,-2.75261,-1.32534,1.01105,-1.94698,1.10107,1.16771,2.20139,-2.75266,-1.32422,1.00895,-1.94565,1.10136,1.16858,2.20139,0.000954656,-0.000274569,-0.000996191,0.00109757,-0.000270951,-0.000106086,0.000198008,0,0,0,0,0,0,0,-0.22826,26.7383,-24.689,7.44724,0.841692,2.51882,0.0587866,-0.185943,2.15108,-3.11504,1.92083,0.185052,0.926069,0.0651239
1725749,1,-2.75261,-1.32534,1.01106,-1.94698,1.10108,1.16771,2.20138,-2.75266,-1.32422,1.00895,-1.94565,1.10136,1.16858,2.20139,7.96253e-05,0.000373766,0.000449496,-0.000474711,0.000226267,0.000166635,-0.000580072,0,0,0,0,0,0,0,-0.204456,26.7144,-24.7366,7.49881,0.830705,2.51242,0.0780126,-0.189231,2.15253,-3.11408,1.91836,0.184945,0.926003,0.0651946
1725750,1,-2.75261,-1.32534,1.01106,-1.94698,1.10108,1.16771,2.20139,-2.75266,-1.32422,1.00895,-1.94565,1.10136,1.16858,2.20139,-0.00115334,0.000249177,0.00150609,-0.000316474,0.000150845,0.00011109,0.000562721,0,0,0,0,0,0,0,-0.152882,26.7144,-24.7881,7.49881,0.830705,2.51242,0.0523779,-0.1907,2.1533,-3.11414,1.91719,0.184933,0.926021,0.0652497
1725751,1,-2.75261,-1.32534,1.01106,-1.94698,1.10108,1.16771,2.20139,-2.75266,-1.32422,1.00895,-1.94565,1.10136,1.16858,2.20139,-0.000212083,-0.000390694,-0.000202366,0.000438631,0.000100563,7.406e-05,0.000375147,0,0,0,0,0,0,0,-0.176685,26.7383,-24.7366,7.47104,0.830705,2.51242,0.0523779,-0.189387,2.15358,-3.11573,1.91764,0.185047,0.926114,0.0652973
1725752,1,-2.75261,-1.32534,1.01106,-1.94698,1.10108,1.16771,2.20139,-2.75266,-1.32422,1.00895,-1.94565,1.10136,1.16858,2.20139,-0.000141389,-0.000910076,-0.000134911,0.000292421,-0.000136408,0.000286732,-0.000461978,0,0,0,0,0,0,0,-0.176685,26.766,-24.7366,7.47104,0.836199,2.50601,0.071604,-0.188046,2.15433,-3.11748,1.9179,0.18516,0.926183,0.0653198
1725753,1,-2.75261,-1.32534,1.01106,-1.94698,1.10108,1.16771,2.20139,-2.75266,-1.32422,1.00895,-1.94565,1.10136,1.16858,2.20139,-9.42591e-05,4.28964e-05,0.000559674,0.000194947,0.000315962,-0.000283563,-7.06267e-05,0,0,0,0,0,0,0,-0.176685,26.7383,-24.7643,7.47104,0.825212,2.51882,0.0651953,-0.187791,2.15576,-3.11895,1.9174,0.185229,0.926219,0.0653113
1725754,1,-2.75261,-1.32534,1.01106,-1.94698,1.10108,1.16771,2.20139,-2.75266,-1.32422,1.00895,-1.94565,1.10136,1.16858,2.20139,0.00114359,0.00058541,-0.00083331,0.000129965,0.000210641,-0.000189042,0.000427633,0,0,0,0,0,0,0,-0.22826,26.7144,-24.7128,7.47104,0.825212,2.51882,0.0523779,-0.18848,2.15685,-3.11967,1.9165,0.185248,0.926227,0.0652884
1725755,1,-2.75261,-1.32534,1.01106,-1.94698,1.10108,1.16771,2.20139,-2.75266,-1.32422,1.00895,-1.94565,1.10136,1.16858,2.20139,0.000762391,0.000390273,0.000650886,-0.000562971,0.000140428,-0.000126028,0.00103107,0,0,0,0,0,0,0,-0.22826,26.7144,-24.7643,7.49881,0.825212,2.51882,0.0322363,-0.190331,2.15698,-3.1191,1.91533,0.185212,0.92621,0.0652568
1725756,1,-2.75261,-1.32534,1.01106,-1.94698,1.10108,1.16771,2.20139,-2.75266,-1.32422,1.00895,-1.94565,1.10136,1.16858,2.20139,-0.00125498,-0.00029663,0.000990736,0.0002743,-0.000313283,0.00015334,-0.000295961,0,0,0,0,0,0,0,-0.152882,26.7383,-24.7881,7.47104,0.836199,2.51242,0.0587866,-0.1916,2.15684,-3.1189,1.91467,0.185194,0.92623,0.0651988
1725757,1,-2.75261,-1.32534,1.01106,-1.94698,1.10108,1.16771,2.20139,-2.75266,-1.32422,1.00895,-1.94565,1.10136,1.16858,2.20139,0.000926586,-0.000197753,-0.00110275,-0.000466747,0.000198046,-0.000135132,0.00027741,0,0,0,0,0,0,0,-0.22826,26.7383,-24.7128,7.49881,0.825212,2.51882,0.0459692,-0.191447,2.1568,-3.11941,1.91468,0.185228,0.926261,0.0650943
1725758,1,-2.75261,-1.32534,1.01106,-1.94698,1.10108,1.16771,2.20139,-2.75266,-1.32422,1.00895,-1.94565,1.10136,1.16858,2.20139,-0.00114551,0.000424976,0.000471261,0.000895261,-7.14199e-05,0.000147271,0.000693566,0,0,0,0,0,0,0,-0.152882,26.7144,-24.7643,7.44724,0.830705,2.51242,0.0322363,-0.190952,2.15636,-3.11918,1.91473,0.185261,0.926221,0.0649418
1725759,1,-2.75261,-1.32534,1.01106,-1.94698,1.10108,1.16771,2.20139,-2.75266,-1.32422,1.00895,-1.94565,1.10136,1.16858,2.20139,0.00044275,0.000283318,-0.00033544,4.00288e-05,0.000155837,9.81806e-05,0.000462378,0,0,0,0,0,0,0,-0.204456,26.7144,-24.7366,7.47104,0.825212,2.51242,0.0322363,-0.190123,2.15529,-3.11834,1.91471,0.185272,0.926119,0.0647416
1725760,1,-2.75261,-1.32534,1.01106,-1.94698,1.10108,1.16771,2.20139,-2.75266,-1.32422,1.00895,-1.94565,1.10136,1.16858,2.20139,-0.000354447,0.000838492,0.000425987,-0.00117974,0.000103892,0.000302813,7.08928e-05,0,0,0,0,0,0,0,-0.176685,26.6867,-24.7643,7.52262,0.825212,2.50601,0.038645,-0.188647,2.15351,-3.11732,1.91516,0.185299,0.926009,0.0644827
1725761,1,-2.75261,-1.32534,1.01106,-1.94698,1.10108,1.16771,2.20139,-2.75266,-1.32422,1.00895,-1.94565,1.10136,1.16858,2.20139,-0.000236298,-0.00129704,-0.000365622,0.000976744,-0.00033764,-3.54838e-05,0.00052198,0,0,0,0,0,0,0,-0.176685,26.766,-24.7366,7.44724,0.836199,2.51242,0.0258276,-0.186908,2.15182,-3.11655,1.91594,0.185349,0.925916,0.0641576
1725762,1,-2.75261,-1.32534,1.01105,-1.94698,1.10108,1.16771,2.20139,-2.75266,-1.32422,1.00895,-1.94565,1.10136,1.16858,2.20139,-0.000157532,0.000991343,-0.00200699,-0.000555263,-0.000225093,-2.36559e-05,-0.000872717,0,0,0,0,0,0,0,-0.176685,26.6867,-24.6612,7.49881,0.836199,2.51242,0.0587866,-0.185692,2.15048,-3.11522,1.91624,0.185376,0.925756,0.0637637
1725763,1,-2.75261,-1.32534,1.01106,-1.94698,1.10108,1.16771,2.20139,-2.75266,-1.32422,1.00895,-1.94565,1.10136,1.16858,2.20139,0.000544593,-0.00054553,0.00107486,0.000279439,5.33883e-05,-1.57706e-05,0.000164174,0,0,0,0,0,0,0,-0.204456,26.7383,-24.7643,7.47104,0.830705,2.51242,0.038645,-0.185262,2.14896,-3.11292,1.91611,0.185372,0.925537,0.0633161
1725764,0.99,-2.75261,-1.32534,1.01106,-1.94698,1.10108,1.16771,2.20139,-2.75266,-1.32422,1.00895,-1.94565,1.10136,1.16858,2.20139,0.000363062,-0.00157011,-0.000489852,0.000743104,3.55922e-05,-0.000485232,-0.000161818,0,0,0,0,0,0,0,-0.204456,26.7898,-24.7128,7.44724,0.830705,2.52523,0.0459692,-0.186692,2.14953,-3.11204,1.9148,0.1853,0.925417,0.0628393
1725765,0.99,-2.75261,-1.32534,1.01106,-1.94698,1.10108,1.16771,2.20139,-2.75266,-1.32422,1.00895,-1.94565,1.10136,1.16858,2.20139,-0.000407573,-0.00048993,0.000879858,-0.000711023,-0.000179722,0.00015123,0.000638107,0,0,0,0,0,0,0,-0.176685,26.766,-24.7643,7.49881,0.836199,2.51242,0.0258276,-0.189436,2.15277,-3.11326,1.91252,0.185189,0.925424,0.0623485
1725766,0.99,-2.75261,-1.32534,1.01106,-1.94698,1.10108,1.16772,2.20139,-2.75266,-1.32422,1.00895,-1.94565,1.10136,1.16858,2.20139,0.000934711,0.000879806,-0.000619854,-0.000474015,-0.000119815,-0.000136539,-0.000795299,0,0,0,0,0,0,0,-0.22826,26.7144,-24.7128,7.49881,0.836199,2.51882,0.0587866,-0.191196,2.15553,-3.11473,1.91107,0.185146,0.925475,0.0618504
1725767,0.99,-2.75261,-1.32534,1.01106,-1.94698,1.10108,1.16771,2.20139,-2.75266,-1.32422,1.00895,-1.94565,1.10136,1.16858,2.20139,-0.000583285,0.00123615,-0.000413236,0.000333604,-7.98766e-05,0.000383692,-0.000530199,0,0,0,0,0,0,0,-0.176685,26.6867,-24.7128,7.47104,0.836199,2.50601,0.0587866,-0.191542,2.1555,-3.11443,1.9108,0.185158,0.925455,0.0613504
1725768,0.99,-2.75261,-1.32534,1.01106,-1.94698,1.10108,1.16771,2.20139,-2.75266,-1.32422,1.00895,-1.94565,1.10136,1.16858,2.20139,0.000260757,-0.00103194,-0.000275491,-0.000427211,0.000150199,1.84357e-05,-0.000116107,0,0,0,0,0,0,0,-0.204456,26.766,-24.7128,7.49881,0.830705,2.51242,0.0523779,-0.190964,2.15376,-3.11276,1.91106,0.1852,0.925347,0.0608656
1725769,0.99,-2.75261,-1.32534,1.01105,-1.94698,1.10108,1.16771,2.20139,-2.75266,-1.32422,1.00895,-1.94565,1.10136,1.16858,2.20139,0.000173838,-3.83454e-05,0.000373152,-0.000284808,0.000303583,1.22905e-05,-0.000314764,0,0,0,0,0,0,0,-0.204456,26.7383,-24.7366,7.49881,0.825212,2.51242,0.0587866,-0.190549,2.15297,-3.11177,1.91118,0.185256,0.925269,0.0604147
1725770,0.99,-2.75261,-1.32534,1.01105,-1.94698,1.10108,1.16771,2.20138,-2.75266,-1.32422,1.00895,-1.94565,1.10136,1.16858,2.20139,-0.00109053,0.000531248,-0.000308044,-0.000189872,0.000202389,0.000245553,-0.000921919,0,0,0,0,0,0,0,-0.152882,26.7144,-24.7128,7.49881,0.825212,2.50601,0.0780126,-0.189691,2.15265,-3.11149,1.91156,0.185338,0.925222,0.0600088
1725771,0.99,-2.75261,-1.32534,1.01106,-1.94698,1.10108,1.16771,2.20138,-2.75266,-1.32422,1.00895,-1.94565,1.10136,1.16858,2.20139,0.00103622,-0.000202646,0.000351449,-0.000126581,-6.85245e-05,0.000163702,-0.00108933,0,0,0,0,0,0,0,-0.22826,26.7383,-24.7366,7.49881,0.830705,2.50601,0.09083,-0.188117,2.15186,-3.1112,1.91232,0.185428,0.925156,0.0596622
1725772,0.99,-2.75261,-1.32534,1.01105,-1.94698,1.10108,1.16771,2.20138,-2.75266,-1.32422,1.00895,-1.94565,1.10136,1.16858,2.20139,0.000133998,0.000421714,-0.000879324,0.000565226,-4.5683e-05,-0.000128224,0.000223215,0,0,0,0,0,0,0,-0.204456,26.7144,-24.689,7.47104,0.830705,2.51242,0.0651953,-0.187955,2.15152,-3.11064,1.91228,0.185439,0.925074,0.0593982
1725773,0.99,-2.75261,-1.32534,1.01105,-1.94698,1.10108,1.16771,2.20138,-2.75266,-1.32422,1.00895,-1.94565,1.10136,1.16858,2.20139,-0.00111709,-0.000275669,-0.000586216,-0.000272796,0.000172995,0.000151876,-8.85488e-05,0,0,0,0,0,0,0,-0.152882,26.7383,-24.689,7.49881,0.825212,2.50601,0.071604,-0.188279,2.15102,-3.1093,1.91184,0.18541,0.924918,0.0592334
1725774,0.99,-2.75261,-1.32534,1.01105,-1.94698,1.10108,1.16771,2.20138,-2.75266,-1.32422,1.00895,-1.94565,1.10136,1.16858,2.20139,-0.000744729,0.000373033,-0.00104042,0.00102456,0.00011533,0.000101251,-0.00100847,0,0,0,0,0,0,0,-0.152882,26.7144,-24.6612,7.44724,0.825212,2.50601,0.0972387,-0.187059,2.14959,-3.10715,1.912,0.185419,0.924653,0.0591598
1725775,0.99,-2.75261,-1.32534,1.01105,-1.94698,1.10108,1.16771,2.20138,-2.75266,-1.32422,1.00895,-1.94565,1.10136,1.16858,2.20139,6.03258e-05,-0.000308124,-4.40026e-05,-0.0010802,-0.000330014,6.75004e-05,3.97646e-05,0,0,0,0,0,0,0,-0.176685,26.7383,-24.689,7.52262,0.836199,2.50601,0.0780126,-0.185129,2.14791,-3.1048,1.91246,0.185445,0.924353,0.0591714
1725776,0.99,-2.75261,-1.32534,1.01106,-1.94698,1.10107,1.16771,2.20138,-2.75266,-1.32422,1.00895,-1.94565,1.10136,1.16858,2.20139,0.000689831,-0.000205416,0.00108429,-0.000163319,-0.00042346,-0.000429718,2.65098e-05,0,0,0,0,0,0,0,-0.204456,26.7383,-24.7366,7.49881,0.841692,2.51882,0.0780126,-0.184041,2.14751,-3.10379,1.9128,0.185464,0.924176,0.0592746
1725777,0.99,-2.75261,-1.32534,1.01106,-1.94698,1.10108,1.16771,2.20138,-2.75266,-1.32422,1.00895,-1.94565,1.10136,1.16858,2.20139,-0.000189726,-0.00134337,0.000166047,-0.000108879,-7.88562e-05,-4.91195e-05,0.000492391,0,0,0,0,0,0,0,-0.176685,26.7898,-24.7128,7.49881,0.836199,2.51242,0.0651953,-0.184507,2.14951,-3.10502,1.9125,0.185458,0.92418,0.059459
1725778,0.99,-2.75261,-1.32534,1.01105,-1.94698,1.10108,1.16771,2.20139,-2.75266,-1.32422,1.00895,-1.94565,1.10136,1.16858,2.20139,0.00107994,0.00151727,0.00066751,0.000577028,0.00015088,0.000204613,0.000802979,0,0,0,0,0,0,0,-0.22826,26.6867,-24.7366,7.47104,0.830705,2.50601,0.0523779,-0.186276,2.15268,-3.10706,1.91139,0.185402,0.924246,0.059699
1725779,0.99,-2.75261,-1.32534,1.01105,-1.94698,1.10108,1.16771,2.20138,-2.75266,-1.32422,1.00895,-1.94565,1.10136,1.16858,2.20139,-0.00104328,-0.000194911,-0.000668617,-0.000264929,0.000304037,0.000373767,6.06012e-05,0,0,0,0,0,0,0,-0.152882,26.7383,-24.689,7.49881,0.825212,2.4996,0.0651953,-0.187895,2.15454,-3.10801,1.91031,0.185331,0.924246,0.0599636
1725780,0.99,-2.75261,-1.32534,1.01105,-1.94698,1.10108,1.16772,2.20138,-2.75266,-1.32422,1.00895,-1.94565,1.10136,1.16858,2.20139,0.000510908,0.000426871,0.000111067,-0.000176619,-7.59181e-07,1.18193e-05,-0.000196958,0,0,0,0,0,0,0,-0.204456,26.7144,-24.7128,7.49881,0.830705,2.50601,0.071604,-0.188155,2.15465,-3.10762,1.91004,0.185312,0.924143,0.0602221
1725781,0.99,-2.75261,-1.32534,1.01105,-1.94698,1.10108,1.16771,2.20138,-2.75266,-1.32422,1.00895,-1.94565,1.10136,1.16858,2.20139,-0.000865821,0.000284581,-0.000482767,0.00108868,-5.06121e-07,-0.000466838,-0.000606023,0,0,0,0,0,0,0,-0.152882,26.7144,-24.689,7.44724,0.830705,2.51882,0.0844213,-0.187726,2.15401,-3.1065,1.91007,0.185312,0.923969,0.0604646
1725782,0.99,-2.75261,-1.32534,1.01105,-1.94698,1.10108,1.16771,2.20139,-2.75266,-1.32422,1.00895,-1.94565,1.10136,1.16858,2.20139,0.000629212,-0.000367091,0.000234967,-0.000480639,0.000203113,0.000163492,0.00129141,0,0,0,0,0,0,0,-0.204456,26.7383,-24.7128,7.49881,0.825212,2.50601,0.038645,-0.187521,2.15348,-3.10524,1.90977,0.185285,0.923768,0.0607009
1725783,0.99,-2.75261,-1.32534,1.01105,-1.94698,1.10108,1.16771,2.20139,-2.75266,-1.32422,1.00895,-1.94565,1.10136,1.16858,2.20139,-0.000230139,-0.000244728,-0.000400167,-0.000320426,0.000135409,0.000108995,0.000114952,0,0,0,0,0,0,0,-0.176685,26.7383,-24.689,7.49881,0.825212,2.50601,0.0587866,-0.187708,2.15363,-3.10434,1.90937,0.185262,0.923602,0.0609299
1725784,0.99,-2.75261,-1.32534,1.01105,-1.94698,1.10108,1.16771,2.20139,-2.75266,-1.32422,1.00895,-1.94565,1.10136,1.16858,2.20139,-0.000153426,-0.000163152,0.000846846,-0.000213618,-0.000113178,-0.000164696,0.000313993,0,0,0,0,0,0,0,-0.176685,26.7383,-24.7366,7.49881,0.830705,2.51242,0.0523779,-0.187699,2.15427,-3.10405,1.90928,0.185266,0.923488,0.0611295
1725785,0.99,-2.75261,-1.32534,1.01105,-1.94698,1.10108,1.16771,2.20138,-2.75266,-1.32422,1.00895,-1.94565,1.10136,1.16858,2.20139,-0.000659096,-0.000108768,7.75191e-06,0.000507202,-0.000278903,0.000364921,-0.000502748,0,0,0,0,0,0,0,-0.152882,26.7383,-24.7128,7.47104,0.836199,2.4996,0.071604,-0.187006,2.15514,-3.1045,1.90948,0.185286,0.923405,0.0612848
1725786,0.99,-2.75261,-1.32534,1.01105,-1.94698,1.10108,1.16771,2.20139,-2.75266,-1.32422,1.00895,-1.94565,1.10136,1.16858,2.20139,0.000117415,0.0004843,-0.000551644,-0.000311479,0.000220966,5.92156e-06,0.0011229,0,0,0,0,0,0,0,-0.176685,26.7144,-24.689,7.49881,0.825212,2.50601,0.0322363,-0.185913,2.15553,-3.1046,1.90977,0.1853,0.923282,0.0613996
1725787,0.99,-2.75261,-1.32534,1.01105,-1.94698,1.10108,1.16772,2.20139,-2.75266,-1.32422,1.00895,-1.94565,1.10136,1.16858,2.20139,7.82764e-05,0.000322867,-0.00101738,-0.000207653,-0.00025959,3.94771e-06,0.000985957,0,0,0,0,0,0,0,-0.176685,26.7144,-24.6612,7.49881,0.836199,2.50601,0.0258276,-0.184865,2.15458,-3.10303,1.91019,0.185312,0.923063,0.061475
1725788,0.99,-2.75261,-1.32534,1.01106,-1.94698,1.10108,1.16771,2.20139,-2.75266,-1.32422,1.00895,-1.94565,1.10136,1.16858,2.20139,0.00125861,0.000864858,0.00108499,0.000511179,3.03903e-05,-0.000234727,-0.00032604,0,0,0,0,0,0,0,-0.22826,26.6867,-24.7366,7.47104,0.830705,2.51242,0.0523779,-0.184936,2.15317,-3.10062,1.91019,0.185275,0.922825,0.0614878
1725789,0.99,-2.75261,-1.32534,1.01105,-1.94699,1.10108,1.16771,2.20139,-2.75266,-1.32422,1.00895,-1.94565,1.10136,1.16858,2.20139,0.000282261,-7.30417e-05,-0.00103991,-0.00142245,2.02602e-05,-0.000156485,-0.00021736,0,0,0,0,0,0,0,-0.204456,26.7144,-24.6612,7.54642,0.830705,2.51242,0.0523779,-0.186342,2.15228,-3.0986,1.90966,0.185192,0.922654,0.0614207
1725790,0.99,-2.75261,-1.32534,1.01105,-1.94698,1.10108,1.16772,2.20139,-2.75266,-1.32422,1.00895,-1.94565,1.10136,1.16858,2.20139,0.000188174,0.000600919,0.00051315,-0.000391489,0.000861217,0.000607754,-0.000144907,0,0,0,0,0,0,0,-0.204456,26.6867,-24.7128,7.52262,0.807817,2.49319,0.0523779,-0.187397,2.15128,-3.09678,1.9097,0.185156,0.922523,0.0612896
1725791,0.99,-2.75261,-1.32534,1.01105,-1.94698,1.10108,1.16772,2.20139,-2.75266,-1.32422,1.00895,-1.94565,1.10136,1.16858,2.20139,0.00012545,-0.000249001,-0.000214712,0.000945433,-7.01151e-05,0.00016781,0.0011241,0,0,0,0,0,0,0,-0.204456,26.7144,-24.689,7.47104,0.825212,2.4996,0.0194189,-0.187983,2.15049,-3.09538,1.90989,0.185123,0.922388,0.0611152
1725792,0.99,-2.75261,-1.32534,1.01105,-1.94698,1.10108,1.16771,2.20139,-2.75266,-1.32422,1.00895,-1.94565,1.10136,1.16858,2.20139,-0.00112279,-0.000166001,-0.000143141,0.0011871,-0.000453644,-0.000362844,-0.000233945,0,0,0,0,0,0,0,-0.152882,26.7144,-24.689,7.44724,0.836199,2.51242,0.0459692,-0.188751,2.15068,-3.09461,1.90925,0.185015,0.922209,0.0608964
1725793,0.99,-2.75261,-1.32534,1.01106,-1.94698,1.10108,1.16771,2.20139,-2.75266,-1.32422,1.00895,-1.94565,1.10136,1.16858,2.20139,0.000457897,-0.000110667,0.0010182,0.000234588,-9.89791e-05,-0.000241896,-0.000155963,0,0,0,0,0,0,0,-0.204456,26.7144,-24.7366,7.47104,0.830705,2.51242,0.0459692,-0.18932,2.15175,-3.09469,1.90815,0.18487,0.92202,0.0606243
1725794,0.99,-2.75261,-1.32534,1.01105,-1.94698,1.10108,1.16771,2.20139,-2.75266,-1.32422,1.00895,-1.94565,1.10136,1.16858,2.20139,0.000305265,-0.00063059,-0.000434826,-0.000493222,-0.000269437,0.000313454,0.000167292,0,0,0,0,0,0,0,-0.204456,26.7383,-24.689,7.49881,0.836199,2.4996,0.038645,-0.190176,2.15363,-3.09568,1.90698,0.184732,0.921902,0.0603077
1725795,0.99,-2.75261,-1.32534,1.01105,-1.94698,1.10108,1.16771,2.20139,-2.75266,-1.32422,1.00895,-1.94565,1.10136,1.16858,2.20139,0.000760322,-0.000420393,-0.000939498,0.000877611,0.000227277,-0.000265749,-0.000159739,0,0,0,0,0,0,0,-0.22826,26.7383,-24.6612,7.44724,0.825212,2.51242,0.0459692,-0.192176,2.15582,-3.09616,1.90546,0.184591,0.921791,0.0599582
1725796,0.99,-2.75261,-1.32534,1.01106,-1.94698,1.10108,1.16771,2.20139,-2.75266,-1.32422,1.00895,-1.94565,1.10136,1.16858,2.20139,-4.99307e-05,-0.000280262,0.000580094,-0.000621352,-5.19328e-05,0.000297552,0.000402133,0,0,0,0,0,0,0,-0.204456,26.7383,-24.7128,7.49881,0.830705,2.4996,0.0322363,-0.194842,2.15784,-3.09583,1.9037,0.184447,0.921646,0.0595849
1725797,0.99,-2.75261,-1.32534,1.01105,-1.94698,1.10108,1.16771,2.20139,-2.75266,-1.32422,1.00895,-1.94565,1.10136,1.16858,2.20139,-0.000682901,0.00101958,0.000943541,-0.000414234,-0.000238072,0.000198368,-0.000240537,0,0,0,0,0,0,0,-0.176685,26.6867,-24.7366,7.49881,0.836199,2.4996,0.0459692,-0.195614,2.15884,-3.09591,1.90322,0.184397,0.921535,0.0591995
1725798,0.99,-2.75261,-1.32534,1.01105,-1.94698,1.10108,1.16772,2.20139,-2.75266,-1.32422,1.00895,-1.94565,1.10136,1.16858,2.20139,-0.000455267,-0.000526703,-0.000484596,-0.000276156,4.47356e-05,0.000369604,-0.000397717,0,0,0,0,0,0,0,-0.176685,26.7383,-24.689,7.49881,0.830705,2.49319,0.0523779,-0.193502,2.15823,-3.09629,1.90457,0.184479,0.921428,0.0588053
1725799,0.99,-2.75261,-1.32534,1.01105,-1.94698,1.10108,1.16771,2.20139,-2.75266,-1.32422,1.00895,-1.94565,1.10136,1.16858,2.20139,-0.000303512,-0.000351135,-0.00152949,0.00046551,2.98237e-05,9.04392e-06,0.000243481,0,0,0,0,0,0,0,-0.176685,26.7383,-24.6374,7.47104,0.830705,2.4996,0.038645,-0.19078,2.15681,-3.09555,1.90616,0.184594,0.921212,0.0584042
1725800,0.99,-2.75261,-1.32534,1.01105,-1.94698,1.10108,1.16771,2.20139,-2.75266,-1.32422,1.00895,-1.94565,1.10136,1.16858,2.20139,-0.000202341,0.000322722,-0.00101966,-0.000896086,-0.000183568,-0.000468689,-0.000108946,0,0,0,0,0,0,0,-0.176685,26.7144,-24.6374,7.52262,0.836199,2.51242,0.0459692,-0.188594,2.15471,-3.09294,1.90739,0.184698,0.920856,0.0580063
1725801,0.99,-2.75261,-1.32534,1.01106,-1.94698,1.10108,1.16771,2.20139,-2.75266,-1.32422,1.00895,-1.94565,1.10136,1.16858,2.20139,0.00051472,-0.000341664,0.00108346,0.000609035,0.000284522,-0.000312459,0.000198636,0,0,0,0,0,0,0,-0.204456,26.7383,-24.7128,7.47104,0.825212,2.51242,0.038645,-0.187145,2.15272,-3.09011,1.90833,0.184779,0.920508,0.0576175
1725802,0.99,-2.75261,-1.32534,1.01105,-1.94698,1.10108,1.16771,2.20138,-2.75266,-1.32422,1.00895,-1.94565,1.10136,1.16858,2.20139,-0.000863279,-0.000227776,0.000165498,0.000962835,-1.37689e-05,2.90529e-05,-0.00108828,0,0,0,0,0,0,0,-0.152882,26.7383,-24.689,7.44724,0.830705,2.50601,0.071604,-0.186958,2.15257,-3.08916,1.90827,0.184785,0.92029,0.0572362
1725803,0.99,-2.75261,-1.32534,1.01105,-1.94698,1.10108,1.16772,2.20139,-2.75266,-1.32422,1.00895,-1.94565,1.10136,1.16858,2.20139,-1.87076e-05,0.000404961,0.00122396,-0.000564536,0.000397722,-0.00021799,-1.34424e-05,0,0,0,0,0,0,0,-0.176685,26.7144,-24.7366,7.49881,0.819719,2.51242,0.0523779,-0.186831,2.15354,-3.08984,1.90782,0.184756,0.920173,0.0568735
1725804,0.99,-2.75261,-1.32534,1.01105,-1.94698,1.10108,1.16771,2.20139,-2.75266,-1.32422,1.00895,-1.94565,1.10136,1.16858,2.20139,0.000637142,-0.000286838,0.000259159,-0.000933169,-0.000141753,9.2032e-05,0.000228397,0,0,0,0,0,0,0,-0.204456,26.7383,-24.7128,7.52262,0.830705,2.50601,0.0459692,-0.186234,2.15449,-3.09126,1.90795,0.18476,0.920149,0.0565522
1725805,0.99,-2.75261,-1.32534,1.01105,-1.94698,1.10108,1.16771,2.20139,-2.75266,-1.32422,1.00895,-1.94565,1.10136,1.16858,2.20139,-0.000781664,-0.000840839,-0.00038404,0.00169794,0.000312399,6.13547e-05,0.00089825,0,0,0,0,0,0,0,-0.152882,26.766,-24.689,7.42344,0.819719,2.50601,0.0258276,-0.186335,2.15584,-3.09257,1.90781,0.184745,0.920146,0.0562698
1725806,0.99,-2.75261,-1.32534,1.01105,-1.94698,1.10108,1.16771,2.20138,-2.75266,-1.32422,1.00895,-1.94565,1.10136,1.16858,2.20139,-0.00052111,0.000645866,0.000857597,-0.00063128,-0.000198635,-0.000196456,-0.00133395,0,0,0,0,0,0,0,-0.152882,26.7144,-24.7366,7.49881,0.830705,2.51242,0.0780126,-0.186449,2.1572,-3.09336,1.90725,0.184691,0.920081,0.056004
1725807,0.99,-2.75261,-1.32534,1.01105,-1.94698,1.10108,1.16771,2.20138,-2.75266,-1.32422,1.00895,-1.94565,1.10136,1.16858,2.20139,-0.000347406,0.000430578,-0.00119151,0.000785573,0.000274478,0.000106388,-0.00041458,0,0,0,0,0,0,0,-0.152882,26.7144,-24.6612,7.44724,0.819719,2.50601,0.0651953,-0.185354,2.15708,-3.09313,1.90726,0.184652,0.91995,0.0557512
1725808,0.99,-2.75261,-1.32534,1.01105,-1.94698,1.10108,1.16771,2.20139,-2.75266,-1.32422,1.00895,-1.94565,1.10136,1.16858,2.20139,0.000325208,-0.00026976,0.000412088,0.000523715,0.000182985,0.000308285,-3.90276e-05,0,0,0,0,0,0,0,-0.176685,26.7383,-24.7128,7.44724,0.819719,2.4996,0.0587866,-0.184471,2.15598,-3.09159,1.90711,0.184577,0.919753,0.055532
1725809,0.99,-2.75261,-1.32534,1.01105,-1.94698,1.10108,1.16772,2.20138,-2.75266,-1.32422,1.00895,-1.94565,1.10136,1.16858,2.20139,0.000216805,0.000376972,-0.00148851,-0.000207669,-0.000284911,0.000680241,-0.000263377,0,0,0,0,0,0,0,-0.176685,26.7144,-24.6374,7.47104,0.830705,2.48678,0.0651953,-0.184919,2.15505,-3.08924,1.90617,0.184434,0.919521,0.0553615
1725810,0.99,-2.75261,-1.32534,1.01105,-1.94698,1.10108,1.16771,2.20138,-2.75266,-1.32422,1.00895,-1.94565,1.10136,1.16858,2.20139,0.000144537,0.000251315,-0.00043553,-0.000138446,0.00021696,-0.000258583,-0.000412944,0,0,0,0,0,0,0,-0.176685,26.7144,-24.6612,7.47104,0.819719,2.50601,0.071604,-0.185685,2.15354,-3.08588,1.90531,0.18429,0.919243,0.055242
1725811,0.99,-2.75261,-1.32534,1.01105,-1.94698,1.10108,1.16771,2.20138,-2.75266,-1.32422,1.00895,-1.94565,1.10136,1.16858,2.20139,9.63578e-05,-0.000389269,0.000916073,-9.22971e-05,-0.000262261,-0.000647106,-0.000987373,0,0,0,0,0,0,0,-0.176685,26.7383,-24.7128,7.47104,0.830705,2.51882,0.09083,-0.186232,2.15221,-3.08298,1.90476,0.184165,0.919003,0.0551794
1725812,0.99,-2.75261,-1.32534,1.01105,-1.94698,1.10108,1.16771,2.20139,-2.75266,-1.32422,1.00895,-1.94565,1.10136,1.16858,2.20139,-0.000492573,-0.000259513,5.39033e-05,-6.15314e-05,2.861e-05,4.33136e-05,0.000528546,0,0,0,0,0,0,0,-0.152882,26.7383,-24.689,7.47104,0.825212,2.50601,0.0587866,-0.186411,2.15232,-3.08221,1.90437,0.184062,0.918895,0.055187
1725813,0.99,-2.75261,-1.32534,1.01105,-1.94698,1.10108,1.16771,2.20138,-2.75266,-1.32422,1.00895,-1.94565,1.10136,1.16858,2.20139,0.00022843,-0.000173008,-0.000613678,-4.10209e-05,-0.000184377,-0.000445842,-0.000122354,0,0,0,0,0,0,0,-0.176685,26.7383,-24.6612,7.47104,0.830705,2.51882,0.071604,-0.186149,2.153,-3.08221,1.90412,0.183982,0.91883,0.0552691
1725814,0.99,-2.75261,-1.32534,1.01105,-1.94698,1.10108,1.16772,2.20138,-2.75266,-1.32422,1.00895,-1.94565,1.10136,1.16858,2.20139,0.000152286,0.000441473,0.000240495,-0.000676961,0.000283983,0.000652208,-0.000793646,0,0,0,0,0,0,0,-0.176685,26.7144,-24.689,7.49881,0.819719,2.49319,0.09083,-0.185773,2.15323,-3.08168,1.90402,0.183914,0.918755,0.0554111
1725815,0.99,-2.75261,-1.32534,1.01105,-1.94698,1.10108,1.16772,2.20138,-2.75266,-1.32422,1.00895,-1.94565,1.10136,1.16858,2.20139,0.000751138,0.000294315,0.00016033,-0.00100812,-1.41286e-05,0.000197446,-5.43794e-05,0,0,0,0,0,0,0,-0.204456,26.7144,-24.689,7.52262,0.825212,2.4996,0.0780126,-0.1853,2.15289,-3.08092,1.90432,0.183864,0.918708,0.0556084
1725816,0.99,-2.75261,-1.32534,1.01105,-1.94698,1.10108,1.16772,2.20138,-2.75266,-1.32422,1.00895,-1.94565,1.10136,1.16858,2.20139,-0.000148855,-0.00156703,-0.000542727,-0.000115268,-0.00041632,0.00036899,-0.00074833,0,0,0,0,0,0,0,-0.176685,26.7898,-24.6612,7.49881,0.836199,2.49319,0.0972387,-0.185172,2.15297,-3.08042,1.90465,0.183822,0.918686,0.0558657
1725817,0.99,-2.75261,-1.32534,1.01105,-1.94698,1.10108,1.16772,2.20138,-2.75266,-1.32422,1.00895,-1.94565,1.10136,1.16858,2.20139,0.00110719,0.00136817,0.000844608,0.000572769,0.000129354,0.000483352,0.000687908,0,0,0,0,0,0,0,-0.22826,26.6867,-24.7128,7.47104,0.825212,2.48678,0.0651953,-0.186155,2.15411,-3.08025,1.90415,0.183726,0.918649,0.0561847
1725818,0.99,-2.75261,-1.32534,1.01105,-1.94698,1.10108,1.16772,2.20138,-2.75266,-1.32422,1.00895,-1.94565,1.10136,1.16858,2.20139,-0.0004683,-0.000294315,-0.00120017,0.000381846,0.000289687,8.48758e-05,-0.000253471,0,0,0,0,0,0,0,-0.176685,26.7383,-24.6374,7.47104,0.819719,2.49319,0.0844213,-0.187824,2.155,-3.0796,1.90296,0.18356,0.918531,0.0565632
1725819,0.99,-2.75261,-1.32534,1.01105,-1.94698,1.10108,1.16772,2.20138,-2.75266,-1.32422,1.00895,-1.94565,1.10136,1.16858,2.20139,-0.000869012,-0.00019621,-0.00135692,0.000254564,-0.000213777,5.65839e-05,0.000543096,0,0,0,0,0,0,0,-0.152882,26.7383,-24.6136,7.47104,0.830705,2.49319,0.0651953,-0.1885,2.15458,-3.07749,1.90203,0.183409,0.918243,0.0569834
1725820,0.99,-2.75261,-1.32534,1.01105,-1.94698,1.10108,1.16772,2.20139,-2.75266,-1.32422,1.00895,-1.94565,1.10136,1.16858,2.20139,-0.000579341,0.000426005,-0.000904615,0.000169709,-0.000142518,3.77226e-05,0.00134541,0,0,0,0,0,0,0,-0.152882,26.7144,-24.6136,7.47104,0.830705,2.49319,0.038645,-0.187295,2.15279,-3.07404,1.90197,0.183336,0.917792,0.0574251
1725821,0.99,-2.75261,-1.32534,1.01105,-1.94698,1.10108,1.16772,2.20138,-2.75266,-1.32422,1.00895,-1.94565,1.10136,1.16858,2.20139,0.000170584,-0.000272808,0.00116016,0.00011314,-0.000298462,2.51484e-05,-0.000561123,0,0,0,0,0,0,0,-0.176685,26.7383,-24.689,7.47104,0.836199,2.49319,0.0780126,-0.185356,2.15099,-3.07108,1.90234,0.183301,0.917347,0.0578588
1725822,0.99,-2.75261,-1.32534,1.01105,-1.94698,1.10108,1.16771,2.20139,-2.75266,-1.32422,1.00895,-1.94565,1.10136,1.16858,2.20139,0.000763337,0.00102455,0.000773441,7.54263e-05,4.47564e-06,-0.000457952,0.00132134,0,0,0,0,0,0,0,-0.204456,26.6867,-24.689,7.47104,0.830705,2.50601,0.0322363,-0.184357,2.15068,-3.07028,1.90234,0.183244,0.917064,0.0582551
1725823,0.99,-2.75261,-1.32534,1.01105,-1.94698,1.10108,1.16771,2.20139,-2.75266,-1.32422,1.00895,-1.94565,1.10136,1.16858,2.20139,0.000508891,3.34218e-05,0.00107244,0.000607096,0.000206434,-6.79426e-05,0.000643534,0,0,0,0,0,0,0,-0.204456,26.7144,-24.7128,7.44724,0.825212,2.4996,0.038645,-0.184914,2.15166,-3.07114,1.90161,0.183133,0.916927,0.0586003
1725824,0.99,-2.75261,-1.32534,1.01105,-1.94698,1.10108,1.16771,2.20139,-2.75266,-1.32422,1.00895,-1.94565,1.10136,1.16858,2.20139,0.000339261,-0.000534531,-0.00104828,-0.000152081,-0.000269278,-4.52951e-05,0.000429022,0,0,0,0,0,0,0,-0.204456,26.7383,-24.6374,7.47104,0.836199,2.4996,0.038645,-0.186678,2.15339,-3.07227,1.90022,0.182994,0.916822,0.0588663
1725825,0.99,-2.75261,-1.32534,1.01105,-1.94698,1.10108,1.16772,2.20139,-2.75266,-1.32422,1.00895,-1.94565,1.10136,1.16858,2.20139,-0.000980252,-0.000356354,0.00106439,0.000455425,2.39317e-05,0.000207162,0.000523374,0,0,0,0,0,0,0,-0.152882,26.7383,-24.7128,7.44724,0.830705,2.49319,0.0322363,-0.18814,2.15532,-3.07312,1.8989,0.182902,0.916676,0.0590303
1725826,0.99,-2.75261,-1.32534,1.01105,-1.94698,1.10108,1.16772,2.20139,-2.75266,-1.32422,1.00895,-1.94565,1.10136,1.16858,2.20139,0.000552925,-0.000237569,-0.00105365,-0.000253196,-0.000187496,-0.00033661,-0.000397069,0,0,0,0,0,0,0,-0.204456,26.7383,-24.6374,7.47104,0.836199,2.50601,0.0523779,-0.188452,2.15694,-3.07377,1.89813,0.182885,0.916492,0.0590905
1725827,0.99,-2.75261,-1.32534,1.01105,-1.94698,1.10108,1.16772,2.20139,-2.75266,-1.32422,1.00895,-1.94565,1.10136,1.16858,2.20139,-0.000280998,0.00104805,-0.000702432,-0.000168797,0.000281904,0.000250311,0.00095599,0,0,0,0,0,0,0,-0.176685,26.6867,-24.6374,7.47104,0.825212,2.49319,0.0194189,-0.188115,2.15708,-3.07292,1.89791,0.182919,0.916231,0.0590564
1725828,0.99,-2.75261,-1.32534,1.01105,-1.94698,1.10108,1.16771,2.20139,-2.75266,-1.32422,1.00895,-1.94565,1.10136,1.16858,2.20139,-0.000744144,-0.000507728,-0.000468288,0.00630936,0.000187936,-7.04847e-05,-0.000346017,0,0,0,0,0,0,0,-0.152882,26.7383,-24.6374,7.47104,0.825212,2.4996,0.0459692,-0.188652,2.15638,-3.07035,1.89642,0.182848,0.915823,0.0589344
1725829,0.99,-2.75261,-1.32534,1.01105,-1.94698,1.10108,1.16772,2.20139,-2.75266,-1.32422,1.00895,-1.94565,1.10136,1.16858,2.20139,0.00071033,-0.000338486,-0.000312192,0.00585502,-0.000281611,0.000190369,0.000515307,0,0,0,0,0,0,0,-0.204456,26.7383,-24.6374,7.42344,0.836199,2.49319,0.0258276,-0.193638,2.15839,-3.06775,1.8901,0.182405,0.915285,0.0587186
1725830,0.99,-2.75261,-1.32534,1.01105,-1.94698,1.10108,1.16772,2.20139,-2.75266,-1.32422,1.00895,-1.94565,1.10136,1.16858,2.20139,-0.000176061,-0.000225657,-0.000208128,0.00254148,0.000219161,-0.000110446,-0.00013118,0,0,0,0,0,0,0,-0.176685,26.7383,-24.6374,7.49881,0.825212,2.4996,0.038645,-0.202603,2.1632,-3.06578,1.88018,0.181694,0.914731,0.0584209
1725831,0.99,-2.75261,-1.32534,1.01105,-1.94698,1.10108,1.16772,2.20139,-2.75266,-1.32422,1.00895,-1.94565,1.10136,1.16858,2.20139,-0.000674186,-0.000150438,0.00106767,0.00264496,-5.73434e-05,-7.36308e-05,0.000149906,0,0,0,0,0,0,0,-0.152882,26.7383,-24.689,7.47104,0.830705,2.4996,0.0322363,-0.210262,2.16802,-3.06489,1.87157,0.181089,0.914289,0.0580671
1725832,0.99,-2.75261,-1.32534,1.01105,-1.94698,1.10108,1.16772,2.20139,-2.75266,-1.32422,1.00895,-1.94565,1.10136,1.16858,2.20139,0.000756969,0.00045652,6.21687e-05,0.00254589,0.000368672,0.000188272,9.99371e-05,0,0,0,0,0,0,0,-0.204456,26.7144,-24.6612,7.44724,0.819719,2.49319,0.0322363,-0.215084,2.17186,-3.06515,1.86564,0.180683,0.913989,0.0576723
1725833,0.99,-2.75261,-1.32534,1.01105,-1.94698,1.10108,1.16771,2.20139,-2.75266,-1.32422,1.00895,-1.94565,1.10136,1.16858,2.20139,-0.000144968,0.000304347,4.14458e-05,0.00186658,-0.000568021,-0.000823921,6.66248e-05,0,0,0,0,0,0,0,-0.176685,26.7144,-24.6612,7.44724,0.841692,2.51882,0.0322363,-0.218383,2.17432,-3.06531,1.86164,0.180406,0.913768,0.0572434
1725834,0.99,-2.75261,-1.32534,1.01105,-1.94698,1.10108,1.16771,2.20139,-2.75266,-1.32422,1.00895,-1.94565,1.10136,1.16858,2.20139,0.000552969,-0.000353914,0.000677244,0.00137139,0.000231671,0.000162796,4.44165e-05,0,0,0,0,0,0,0,-0.204456,26.7383,-24.689,7.44724,0.825212,2.4996,0.0322363,-0.220248,2.17562,-3.06528,1.85951,0.180269,0.91362,0.0567851
1725835,0.99,-2.75261,-1.32534,1.01105,-1.94698,1.10108,1.16772,2.20139,-2.75266,-1.32422,1.00895,-1.94565,1.10136,1.16858,2.20139,0.000368646,0.000320869,-0.000198118,0.000452691,-4.90031e-05,-0.000128828,-0.000207748,0,0,0,0,0,0,0,-0.204456,26.7144,-24.6612,7.47104,0.830705,2.50601,0.038645,-0.220726,2.17626,-3.06546,1.85913,0.18028,0.913569,0.056303
1725836,0.99,-2.75261,-1.32534,1.01105,-1.94698,1.10108,1.16772,2.20139,-2.75266,-1.32422,1.00895,-1.94565,1.10136,1.16858,2.20139,0.000245764,-0.000342899,-0.00068889,-0.000276385,0.000170782,0.000151473,0.000336219,0,0,0,0,0,0,0,-0.204456,26.7383,-24.6374,7.49881,0.825212,2.4996,0.0258276,-0.219599,2.17554,-3.06495,1.86068,0.18045,0.913552,0.0558053
1725837,0.99,-2.75261,-1.32534,1.01105,-1.94698,1.10108,1.16771,2.20139,-2.75266,-1.32422,1.00895,-1.94565,1.10136,1.16858,2.20139,-0.000485771,-0.000228599,-0.00045926,0.00107575,0.000113855,-0.000136377,-0.000521839,0,0,0,0,0,0,0,-0.176685,26.7383,-24.6374,7.44724,0.825212,2.50601,0.0459692,-0.216751,2.17347,-3.06344,1.86379,0.180749,0.913506,0.0552974
1725838,0.99,-2.75261,-1.32534,1.01105,-1.94698,1.10108,1.16771,2.20139,-2.75266,-1.32422,1.00895,-1.94565,1.10136,1.16858,2.20139,0.000325766,-0.0001524,-0.000306173,0.00131416,7.5903e-05,-0.000328277,-7.66254e-05,0,0,0,0,0,0,0,-0.204456,26.7383,-24.6374,7.42344,0.825212,2.51242,0.038645,-0.213397,2.17119,-3.06159,1.86707,0.181058,0.913431,0.0547832
1725839,0.99,-2.75261,-1.32534,1.01105,-1.94698,1.10108,1.16772,2.20139,-2.75266,-1.32422,1.00895,-1.94565,1.10136,1.16858,2.20139,0.000217178,-0.0001016,-0.000204116,-0.000856996,0.000491411,0.000493226,-0.00055971,0,0,0,0,0,0,0,-0.204456,26.7383,-24.6374,7.49881,0.81331,2.49319,0.0523779,-0.210285,2.1691,-3.05979,1.87012,0.181336,0.913375,0.0542766
1725840,0.99,-2.75261,-1.32534,1.01105,-1.94698,1.10108,1.16772,2.20139,-2.75266,-1.32422,1.00895,-1.94565,1.10136,1.16858,2.20139,-0.00106164,0.000489079,0.000420735,0.000100886,-0.000316652,9.14582e-05,-0.000610499,0,0,0,0,0,0,0,-0.152882,26.7144,-24.6612,7.47104,0.830705,2.4996,0.0587866,-0.205881,2.16642,-3.0583,1.87416,0.181667,0.913366,0.0537974
1725841,0.99,-2.75261,-1.32534,1.01105,-1.94698,1.10108,1.16772,2.20139,-2.75266,-1.32422,1.00895,-1.94565,1.10136,1.16858,2.20139,0.000498665,-0.000880373,-0.000276322,8.4209e-05,-0.000414552,6.09721e-05,0.000338986,0,0,0,0,0,0,0,-0.204456,26.766,-24.6374,7.47104,0.836199,2.4996,0.038645,-0.200248,2.16353,-3.0574,1.87893,0.182036,0.913386,0.0533628
1725842,0.99,-2.75261,-1.32534,1.01105,-1.94698,1.10108,1.16771,2.20138,-2.75266,-1.32422,1.00895,-1.94565,1.10136,1.16858,2.20139,-0.00031717,6.26984e-05,-0.000184215,6.88532e-05,-7.29175e-05,-0.000196711,-0.00170679,0,0,0,0,0,0,0,-0.176685,26.7383,-24.6374,7.47104,0.830705,2.50601,0.09083,-0.195543,2.16155,-3.0568,1.88299,0.18235,0.913416,0.0529784
1725843,0.99,-2.75261,-1.32534,1.01105,-1.94698,1.10108,1.16771,2.20139,-2.75266,-1.32422,1.00895,-1.94565,1.10136,1.16858,2.20139,0.000438167,0.000598611,-0.00012281,0.000612249,0.000154839,-0.000131141,4.89352e-05,0,0,0,0,0,0,0,-0.204456,26.7144,-24.6374,7.44724,0.825212,2.50601,0.0587866,-0.192051,2.15984,-3.05585,1.88616,0.182589,0.913427,0.0526571
1725844,0.99,-2.75261,-1.32534,1.01105,-1.94698,1.10108,1.16772,2.20138,-2.75266,-1.32422,1.00895,-1.94565,1.10136,1.16858,2.20139,0.000292111,0.000399074,-8.18732e-05,0.000415318,0.000306676,-0.000324786,-0.000442094,0,0,0,0,0,0,0,-0.204456,26.7144,-24.6374,7.44724,0.819719,2.51242,0.071604,-0.189689,2.15788,-3.05432,1.88844,0.182738,0.913413,0.0524239
1725848,0.95,-2.75261,-1.32534,1.01104,-1.94698,1.10108,1.16772,2.20138,-2.75266,-1.32422,1.00895,-1.94565,1.10136,1.16858,2.20139,-0.000134777,2.38356e-05,-0.000572984,0.000120623,-0.000399069,-1.14088e-05,0.000127426,0,0,0,0,0,0,0,-0.176685,26.7144,-24.6136,7.47104,0.836199,2.50601,0.0651953,-0.177898,2.14752,-3.04752,1.89769,0.183298,0.913384,0.052258
1725849,0.94,-2.75261,-1.32534,1.01104,-1.94698,1.10108,1.16772,2.20138,-2.75266,-1.32422,1.00895,-1.94565,1.10136,1.16858,2.20139,0.00111657,1.58904e-05,-0.00038199,8.21127e-05,0.000785115,0.000467112,-0.000389767,0,0,0,0,0,0,0,-0.22826,26.7144,-24.6136,7.47104,0.807817,2.49319,0.0780126,-0.17605,2.14646,-3.04627,1.8994,0.183431,0.91343,0.052364
1725850,0.94,-2.75261,-1.32534,1.01105,-1.94698,1.10108,1.16772,2.20138,-2.75266,-1.32422,1.00895,-1.94565,1.10136,1.16858,2.20139,-0.00101885,-0.00119583,0.000302152,0.00116964,-0.000527751,-0.00016331,-0.000259845,0,0,0,0,0,0,0,-0.152882,26.766,-24.6374,7.42344,0.836199,2.50601,0.0780126,-0.176512,2.14692,-3.04523,1.89933,0.183423,0.913468,0.052529
1725851,0.94,-2.75261,-1.32534,1.01105,-1.94698,1.10108,1.16772,2.20138,-2.75266,-1.32422,1.00895,-1.94565,1.10136,1.16858,2.20139,-0.000679237,-0.000147608,0.000201435,0.000223902,5.50669e-05,-0.000108873,-0.000647948,0,0,0,0,0,0,0,-0.152882,26.7383,-24.6374,7.44724,0.825212,2.50601,0.09083,-0.177152,2.14883,-3.04541,1.89846,0.183361,0.913519,0.0527531
1725852,0.94,-2.75261,-1.32534,1.01105,-1.94698,1.10108,1.16772,2.20138,-2.75266,-1.32422,1.00895,-1.94565,1.10136,1.16858,2.20139,0.000753601,-9.8405e-05,-0.000422522,-0.000406828,-0.00037019,-0.000309941,0.000517471,0,0,0,0,0,0,0,-0.204456,26.7383,-24.6136,7.47104,0.836199,2.51242,0.0651953,-0.177156,2.1507,-3.04589,1.89782,0.183314,0.913573,0.0530442
1725853,0.94,-2.75261,-1.32534,1.01105,-1.94698,1.10108,1.16772,2.20138,-2.75266,-1.32422,1.00895,-1.94565,1.10136,1.16858,2.20139,0.000502401,-6.56034e-05,0.000275131,-0.000270682,0.000363558,0.00026809,0.000107621,0,0,0,0,0,0,0,-0.204456,26.7383,-24.6374,7.47104,0.819719,2.4996,0.071604,-0.177813,2.15205,-3.04574,1.89721,0.183263,0.913644,0.0533988
1725854,0.94,-2.75261,-1.32534,1.01105,-1.94698,1.10108,1.16772,2.20138,-2.75266,-1.32422,1.00895,-1.94565,1.10136,1.16858,2.20139,-0.00031468,-4.37356e-05,0.00018342,0.00037676,0.000479731,-5.8632e-05,-0.00040297,0,0,0,0,0,0,0,-0.176685,26.7383,-24.6374,7.44724,0.81331,2.50601,0.0844213,-0.17894,2.15322,-3.04542,1.89652,0.183197,0.913737,0.0537966
1725855,0.94,-2.75261,-1.32534,1.01105,-1.94698,1.10108,1.16772,2.20138,-2.75266,-1.32422,1.00895,-1.94565,1.10136,1.16858,2.20139,-0.000209787,-0.000678771,0.00012228,-0.00151176,-0.000120989,0.00043563,-0.000268647,0,0,0,0,0,0,0,-0.176685,26.766,-24.6374,7.52262,0.825212,2.49319,0.0844213,-0.179106,2.15412,-3.04536,1.89638,0.183165,0.913836,0.0542241
1725856,0.94,-2.75261,-1.32534,1.01104,-1.94698,1.10108,1.16772,2.20138,-2.75266,-1.32422,1.00895,-1.94565,1.10136,1.16858,2.20139,-0.000139858,0.0001971,8.15202e-05,-0.000450803,-8.06591e-05,5.3061e-05,-0.000653816,0,0,0,0,0,0,0,-0.176685,26.7383,-24.6374,7.49881,0.825212,2.4996,0.0972387,-0.177823,2.15447,-3.04536,1.89734,0.183207,0.913932,0.0546844
1725857,0.94,-2.75261,-1.32534,1.01104,-1.94698,1.10108,1.16772,2.20138,-2.75266,-1.32422,1.00895,-1.94565,1.10136,1.16858,2.20139,-9.32385e-05,0.000688212,-0.000502465,0.00090606,-0.000460674,-0.000439344,3.88407e-05,0,0,0,0,0,0,0,-0.176685,26.7144,-24.6136,7.44724,0.836199,2.51242,0.0844213,-0.176138,2.1539,-3.04459,1.89856,0.18324,0.913964,0.0551855
1725858,0.94,-2.75261,-1.32534,1.01105,-1.94698,1.10108,1.16772,2.20139,-2.75266,-1.32422,1.00895,-1.94565,1.10136,1.16858,2.20139,0.000587455,-0.000747618,0.000221835,4.73557e-05,9.97852e-05,-5.5537e-05,0.00290811,0,0,0,0,0,0,0,-0.204456,26.766,-24.6374,7.47104,0.825212,2.50601,0.00660151,-0.175718,2.15326,-3.04301,1.89873,0.183174,0.913923,0.055729
1725859,0.94,-2.75261,-1.32534,1.01104,-1.94698,1.10108,1.16772,2.20139,-2.75266,-1.32422,1.00895,-1.94565,1.10136,1.16858,2.20139,0.000391637,0.000151202,0.00014789,3.16661e-05,6.65235e-05,-3.70247e-05,5.95973e-06,0,0,0,0,0,0,0,-0.204456,26.7383,-24.6374,7.47104,0.825212,2.50601,0.0587866,-0.17705,2.15381,-3.04176,1.89776,0.18303,0.913903,0.0562738
1725860,0.94,-2.75261,-1.32534,1.01104,-1.94698,1.10108,1.16772,2.20138,-2.75266,-1.32422,1.00895,-1.94565,1.10136,1.16858,2.20139,-0.000388523,0.000657613,-0.000458219,0.00113481,4.4349e-05,0.000212676,-0.000945463,0,0,0,0,0,0,0,-0.176685,26.7144,-24.6136,7.42344,0.825212,2.4996,0.0844213,-0.178828,2.15448,-3.04045,1.89643,0.182859,0.913879,0.0567538
1725861,0.94,-2.75261,-1.32534,1.01104,-1.94698,1.10108,1.16772,2.20139,-2.75266,-1.32422,1.00895,-1.94565,1.10136,1.16858,2.20139,-0.000259015,0.000438409,-0.000305479,-0.000357033,0.000233017,-9.5575e-05,0.000556486,0,0,0,0,0,0,0,-0.176685,26.7144,-24.6136,7.47104,0.819719,2.50601,0.0523779,-0.179544,2.15378,-3.0382,1.89551,0.182705,0.913776,0.0571595
1725862,0.94,-2.75261,-1.32534,1.01105,-1.94698,1.10108,1.16772,2.20139,-2.75266,-1.32422,1.00895,-1.94565,1.10136,1.16858,2.20139,-0.000172677,-0.000264539,0.000353159,-0.000237981,-4.81062e-05,0.000411001,0.00135434,0,0,0,0,0,0,0,-0.176685,26.7383,-24.6374,7.47104,0.825212,2.49319,0.0258276,-0.178954,2.15238,-3.03585,1.89542,0.182616,0.91366,0.0575165
1725863,0.94,-2.75261,-1.32534,1.01104,-1.94698,1.10108,1.16772,2.20139,-2.75266,-1.32422,1.00895,-1.94565,1.10136,1.16858,2.20139,-0.000115118,-0.000825974,0.00023544,0.000398188,-3.20708e-05,-0.000200717,0.000428172,0,0,0,0,0,0,0,-0.176685,26.766,-24.6374,7.44724,0.825212,2.50601,0.038645,-0.178202,2.15211,-3.03474,1.89548,0.182563,0.913613,0.0578115
1725864,0.95,-2.75261,-1.32534,1.01105,-1.94698,1.10108,1.16772,2.20139,-2.75266,-1.32422,1.00895,-1.94565,1.10136,1.16858,2.20139,-7.67453e-05,0.000655777,0.00015696,-0.000940945,-2.13805e-05,0.000340906,0.000285448,0,0,0,0,0,0,0,-0.176685,26.7144,-24.6374,7.49881,0.825212,2.49319,0.038645,-0.177653,2.15282,-3.03458,1.89546,0.182517,0.913619,0.0580137
1725865,0.95,-2.75261,-1.32534,1.01104,-1.94698,1.10108,1.16771,2.20139,-2.75266,-1.32422,1.00895,-1.94565,1.10136,1.16858,2.20139,0.00059845,-0.00132605,-0.00110179,0.00113596,-1.42537e-05,-0.000247447,0.000427658,0,0,0,0,0,0,0,-0.204456,26.7898,-24.5858,7.42344,0.825212,2.50601,0.0322363,-0.177727,2.15364,-3.03407,1.89518,0.182453,0.913605,0.0581114
1725866,0.95,-2.75261,-1.32534,1.01105,-1.94698,1.10108,1.16771,2.20139,-2.75266,-1.32422,1.00895,-1.94565,1.10136,1.16858,2.20139,0.000398967,0.000879202,-8.49101e-05,-0.00100592,0.000193948,7.23943e-05,4.77462e-05,0,0,0,0,0,0,0,-0.204456,26.7144,-24.6136,7.49881,0.819719,2.4996,0.038645,-0.179236,2.15462,-3.03264,1.89412,0.182331,0.913539,0.0581062
1725867,0.95,-2.75261,-1.32534,1.01105,-1.94698,1.10108,1.16772,2.20139,-2.75266,-1.32422,1.00895,-1.94565,1.10136,1.16858,2.20139,0.000265978,2.93229e-05,0.000500205,-2.09895e-05,-0.000277602,0.000285622,0.000506549,0,0,0,0,0,0,0,-0.204456,26.7383,-24.6374,7.47104,0.830705,2.49319,0.0258276,-0.180763,2.15506,-3.03093,1.89331,0.182212,0.913475,0.0580102
1725868,0.95,-2.75261,-1.32534,1.01104,-1.94698,1.10108,1.16772,2.20139,-2.75266,-1.32422,1.00895,-1.94565,1.10136,1.16858,2.20139,-0.000472295,1.95486e-05,0.00033347,0.000542826,-0.000185068,-4.69444e-05,-0.000137019,0,0,0,0,0,0,0,-0.176685,26.7383,-24.6374,7.44724,0.830705,2.4996,0.038645,-0.181385,2.15526,-3.02993,1.89302,0.182121,0.913443,0.057832
1725869,0.95,-2.75261,-1.32534,1.01105,-1.94698,1.10108,1.16772,2.20139,-2.75266,-1.32422,1.00895,-1.94565,1.10136,1.16858,2.20139,-0.000871675,1.30324e-05,0.000222313,-0.000194922,8.00717e-05,-0.000268655,0.000383372,0,0,0,0,0,0,0,-0.152882,26.7383,-24.6374,7.47104,0.825212,2.50601,0.0258276,-0.180826,2.15555,-3.02971,1.89308,0.182063,0.913406,0.0575777
1725870,0.95,-2.75261,-1.32534,1.01104,-1.94698,1.10108,1.16772,2.20139,-2.75266,-1.32422,1.00895,-1.94565,1.10136,1.16858,2.20139,-2.4305e-05,0.0005655,0.000148209,0.000426868,-0.000150069,-0.000179103,-0.000727763,0,0,0,0,0,0,0,-0.176685,26.7144,-24.6374,7.44724,0.830705,2.50601,0.0523779,-0.179021,2.15531,-3.02957,1.89367,0.182053,0.913341,0.0572591
1725871,0.95,-2.75261,-1.32534,1.01104,-1.94698,1.10108,1.16772,2.20139,-2.75266,-1.32422,1.00895,-1.94565,1.10136,1.16858,2.20139,-1.62034e-05,-0.000829426,-0.00110762,0.000284581,0.000103404,0.000355316,-0.000247816,0,0,0,0,0,0,0,-0.176685,26.766,-24.5858,7.44724,0.825212,2.49319,0.0459692,-0.177696,2.15491,-3.02878,1.89392,0.182026,0.913234,0.0568887
1725872,0.95,-2.75261,-1.32534,1.01104,-1.94698,1.10108,1.16772,2.20139,-2.75266,-1.32422,1.00895,-1.94565,1.10136,1.16858,2.20139,-1.08022e-05,-0.00055295,0.000468013,0.000746535,6.89362e-05,-4.81892e-07,0.000343415,0,0,0,0,0,0,0,-0.176685,26.766,-24.6374,7.42344,0.825212,2.4996,0.0322363,-0.17801,2.15549,-3.02761,1.89303,0.181943,0.913097,0.0564894
1725873,0.95,-2.75261,-1.32534,1.01104,-1.94698,1.10108,1.16772,2.20139,-2.75266,-1.32422,1.00895,-1.94565,1.10136,1.16858,2.20139,-7.20149e-06,0.00028098,-0.00145123,-5.91201e-05,0.000249408,0.000237038,-0.000279683,0,0,0,0,0,0,0,-0.176685,26.7383,-24.562,7.44724,0.819719,2.49319,0.0459692,-0.179217,2.15661,-3.02623,1.89151,0.181831,0.912942,0.0560814
1725874,0.95,-2.75261,-1.32534,1.01104,-1.94698,1.10108,1.16772,2.20139,-2.75266,-1.32422,1.00895,-1.94565,1.10136,1.16858,2.20139,-4.80099e-06,0.000744132,0.000795752,0.0005174,-3.71785e-05,0.000158025,0.000322171,0,0,0,0,0,0,0,-0.176685,26.7144,-24.6374,7.42344,0.825212,2.49319,0.0322363,-0.180089,2.15672,-3.02411,1.89028,0.181726,0.912751,0.0556726
1725875,0.95,-2.75261,-1.32534,1.01104,-1.94698,1.10108,1.16772,2.20139,-2.75266,-1.32422,1.00895,-1.94565,1.10136,1.16858,2.20139,0.000646413,0.000496088,-0.00123274,-0.000211878,0.000178665,-0.000132009,-0.000293846,0,0,0,0,0,0,0,-0.204456,26.7144,-24.562,7.44724,0.819719,2.4996,0.0459692,-0.180647,2.15577,-3.02149,1.88942,0.181626,0.912549,0.0552668
1725876,0.95,-2.75261,-1.32534,1.01105,-1.94698,1.10108,1.16772,2.20139,-2.75266,-1.32422,1.00895,-1.94565,1.10136,1.16858,2.20139,-0.000218672,-0.000226087,0.00149823,-0.000141251,-8.43406e-05,-8.80059e-05,0.000550088,0,0,0,0,0,0,0,-0.176685,26.7383,-24.6612,7.44724,0.825212,2.4996,0.0258276,-0.181191,2.15488,-3.01934,1.88876,0.181535,0.912396,0.0548646
1725877,0.95,-2.75261,-1.32534,1.01105,-1.94698,1.10108,1.16772,2.20139,-2.75266,-1.32422,1.00895,-1.94565,1.10136,1.16858,2.20139,-0.000702593,-0.000150724,0.000442005,-9.41669e-05,-5.62271e-05,0.000178688,-0.000107992,0,0,0,0,0,0,0,-0.152882,26.7383,-24.6374,7.44724,0.825212,2.49319,0.038645,-0.180843,2.15505,-3.0191,1.88861,0.181494,0.912348,0.0544643
1725878,0.95,-2.75261,-1.32534,1.01104,-1.94698,1.10108,1.16772,2.20139,-2.75266,-1.32422,1.00895,-1.94565,1.10136,1.16858,2.20139,-0.000468395,0.000456329,-0.000911756,0.000494034,-0.000240935,-0.000355592,-0.000343262,0,0,0,0,0,0,0,-0.152882,26.7144,-24.5858,7.42344,0.830705,2.50601,0.0459692,-0.179223,2.15532,-3.01957,1.88896,0.1815,0.912308,0.0540595
1725879,0.95,-2.75261,-1.32534,1.01105,-1.94698,1.10108,1.16772,2.20139,-2.75266,-1.32422,1.00895,-1.94565,1.10136,1.16858,2.20139,-0.000312264,-0.000902207,4.17766e-05,0.000329357,0.000246278,-0.000237062,-0.00141564,0,0,0,0,0,0,0,-0.152882,26.766,-24.6136,7.42344,0.819719,2.50601,0.0780126,-0.177497,2.15515,-3.01909,1.88911,0.181499,0.912183,0.0536513
1725880,0.95,-2.75261,-1.32534,1.01104,-1.94698,1.10108,1.16772,2.20139,-2.75266,-1.32422,1.00895,-1.94565,1.10136,1.16858,2.20139,0.000348636,0.000604955,-0.000621763,-0.000337241,0.000401544,7.93179e-05,0.000751664,0,0,0,0,0,0,0,-0.176685,26.7144,-24.5858,7.44724,0.81331,2.4996,0.0322363,-0.176618,2.15525,-3.01812,1.8887,0.181463,0.912041,0.0532669
1725881,0.95,-2.75261,-1.32534,1.01104,-1.94698,1.10108,1.16772,2.20139,-2.75266,-1.32422,1.00895,-1.94565,1.10136,1.16858,2.20139,0.000232424,-0.000153509,0.000235105,-0.000224827,-0.000783465,0.000290238,-0.000719594,0,0,0,0,0,0,0,-0.176685,26.7383,-24.6136,7.44724,0.841692,2.49319,0.0651953,-0.17645,2.15527,-3.01681,1.88812,0.18141,0.911923,0.0529322
1725882,0.95,-2.75261,-1.32534,1.01104,-1.94698,1.10108,1.16772,2.20138,-2.75266,-1.32422,1.00895,-1.94565,1.10136,1.16858,2.20139,-0.000401863,-0.000102339,0.000156737,-0.000149884,-0.000115409,0.000193492,-0.00166652,0,0,0,0,0,0,0,-0.152882,26.7383,-24.6136,7.44724,0.830705,2.49319,0.0972387,-0.17635,2.15537,-3.01574,1.88766,0.181367,0.911846,0.0526479
1725883,0.95,-2.75261,-1.32534,1.01105,-1.94698,1.10108,1.16772,2.20138,-2.75266,-1.32422,1.00895,-1.94565,1.10136,1.16858,2.20139,0.000288904,-6.82261e-05,0.00121812,-9.99229e-05,0.000126511,-0.000108364,-0.00016158,0,0,0,0,0,0,0,-0.176685,26.7383,-24.6612,7.44724,0.825212,2.4996,0.071604,-0.176046,2.15616,-3.01585,1.88726,0.181344,0.911837,0.0524345
1725884,0.95,-2.75261,-1.32534,1.01105,-1.94698,1.10108,1.16772,2.20138,-2.75266,-1.32422,1.00895,-1.94565,1.10136,1.16858,2.20139,-0.00101382,-4.54841e-05,0.000255265,-6.66152e-05,8.43408e-05,-7.2243e-05,-0.000819797,0,0,0,0,0,0,0,-0.125111,26.7383,-24.6374,7.44724,0.825212,2.4996,0.09083,-0.175312,2.15744,-3.01705,1.88701,0.181342,0.911881,0.0523284
1725885,0.95,-2.75261,-1.32534,1.01104,-1.94698,1.10108,1.16772,2.20138,-2.75266,-1.32422,1.00895,-1.94565,1.10136,1.16858,2.20139,0.00118016,0.000526489,-0.00103625,0.000512402,-0.000147223,-4.8162e-05,-0.000546531,0,0,0,0,0,0,0,-0.204456,26.7144,-24.5858,7.42344,0.830705,2.4996,0.09083,-0.174661,2.1582,-3.01757,1.8866,0.18133,0.91187,0.052339
1725886,0.95,-2.75261,-1.32534,1.01104,-1.94698,1.10108,1.16772,2.20138,-2.75266,-1.32422,1.00895,-1.94565,1.10136,1.16858,2.20139,0.000137158,-0.000205819,-4.12189e-05,-0.000215211,0.000105302,-3.2108e-05,-0.000126995,0,0,0,0,0,0,0,-0.176685,26.7383,-24.6136,7.44724,0.825212,2.4996,0.0844213,-0.175489,2.1583,-3.01628,1.88538,0.181255,0.911759,0.0524664
1725887,0.95,-2.75261,-1.32534,1.01104,-1.94698,1.10108,1.16772,2.20138,-2.75266,-1.32422,1.00895,-1.94565,1.10136,1.16858,2.20139,0.000741052,0.000419599,-2.74793e-05,-0.000700286,-0.0003367,0.000453313,-0.00079674,0,0,0,0,0,0,0,-0.204456,26.7144,-24.6136,7.47104,0.836199,2.48678,0.103647,-0.177152,2.15827,-3.01441,1.88392,0.18117,0.911636,0.0527114
1725888,0.95,-2.75261,-1.32534,1.01105,-1.94698,1.10108,1.16772,2.20138,-2.75266,-1.32422,1.00895,-1.94565,1.10136,1.16858,2.20139,0.00105085,0.000279733,0.000538492,-0.000466857,-2.10161e-05,6.48494e-05,0.000418276,0,0,0,0,0,0,0,-0.22826,26.7144,-24.6374,7.47104,0.830705,2.49319,0.0780126,-0.17889,2.15826,-3.0129,1.8828,0.181118,0.911559,0.0530697
1725889,0.95,-2.75261,-1.32534,1.01104,-1.94698,1.10108,1.16772,2.20138,-2.75266,-1.32422,1.00895,-1.94565,1.10136,1.16858,2.20139,0.000700565,0.000186489,0.000358995,0.000245574,-1.40107e-05,-0.000431485,-0.000195868,0,0,0,0,0,0,0,-0.22826,26.7144,-24.6374,7.44724,0.830705,2.50601,0.09083,-0.181295,2.15869,-3.01205,1.8815,0.181059,0.91153,0.053531
1725890,0.95,-2.75261,-1.32534,1.01104,-1.94698,1.10108,1.16772,2.20138,-2.75266,-1.32422,1.00895,-1.94565,1.10136,1.16858,2.20139,-8.97689e-05,-0.000432486,-0.000317482,0.000720528,0.00019411,0.000187061,0.00034414,0,0,0,0,0,0,0,-0.204456,26.7383,-24.6136,7.42344,0.825212,2.49319,0.0780126,-0.18411,2.15976,-3.01167,1.8797,0.180976,0.91149,0.0540714
1725891,0.95,-2.75261,-1.32534,1.01104,-1.94698,1.10108,1.16772,2.20138,-2.75266,-1.32422,1.00895,-1.94565,1.10136,1.16858,2.20139,-5.98459e-05,-0.000288324,-0.000211655,-0.000633272,0.000332857,-0.00035001,-0.000245292,0,0,0,0,0,0,0,-0.204456,26.7383,-24.6136,7.47104,0.819719,2.50601,0.09083,-0.186204,2.16089,-3.01124,1.87799,0.180919,0.91139,0.0546665
1725892,0.95,-2.75261,-1.32534,1.01105,-1.94698,1.10108,1.16772,2.20138,-2.75266,-1.32422,1.00895,-1.94565,1.10136,1.16858,2.20139,-0.000689511,0.000364596,0.000972521,0.000134631,0.000221905,4.01869e-06,0.000548549,0,0,0,0,0,0,0,-0.176685,26.7144,-24.6612,7.44724,0.819719,2.4996,0.071604,-0.186381,2.16143,-3.01107,1.87736,0.180947,0.911276,0.0553026
1725893,0.95,-2.75261,-1.32534,1.01104,-1.94698,1.10108,1.16772,2.20138,-2.75266,-1.32422,1.00895,-1.94565,1.10136,1.16858,2.20139,0.00018994,-0.000313748,-0.000465277,0.000646566,0.000147937,2.67913e-06,-0.000583736,0,0,0,0,0,0,0,-0.204456,26.7383,-24.6136,7.42344,0.819719,2.4996,0.0972387,-0.185284,2.16154,-3.01131,1.87737,0.181005,0.911171,0.0559633
1725894,0.95,-2.75261,-1.32534,1.01105,-1.94698,1.10108,1.16772,2.20139,-2.75266,-1.32422,1.00895,-1.94565,1.10136,1.16858,2.20139,0.000126627,0.000347647,0.000246627,-0.00133219,-0.000715178,1.78609e-06,0.001035,0,0,0,0,0,0,0,-0.204456,26.7144,-24.6374,7.49881,0.841692,2.4996,0.0587866,-0.184212,2.16136,-3.01127,1.87745,0.18105,0.911058,0.0566334
1725895,0.95,-2.75261,-1.32534,1.01104,-1.94698,1.10108,1.16772,2.20138,-2.75266,-1.32422,1.00895,-1.94565,1.10136,1.16858,2.20139,-0.000565196,0.000881378,-0.000392394,-0.000238515,-0.000273335,0.00023855,0.00021528,0,0,0,0,0,0,0,-0.176685,26.6867,-24.6136,7.47104,0.836199,2.49319,0.071604,-0.182274,2.15988,-3.01045,1.87852,0.181155,0.910929,0.0573038
1725896,0.95,-2.75261,-1.32534,1.01104,-1.94698,1.10108,1.16772,2.20138,-2.75266,-1.32422,1.00895,-1.94565,1.10136,1.16858,2.20139,0.000272816,-6.20284e-05,0.000295216,0.000397802,-0.000182223,-0.000315685,-0.000568557,0,0,0,0,0,0,0,-0.204456,26.7144,-24.6374,7.44724,0.836199,2.50601,0.09083,-0.179708,2.15741,-3.00909,1.88012,0.181294,0.910776,0.0579516
1725897,0.95,-2.75261,-1.32534,1.01104,-1.94698,1.10108,1.16772,2.20138,-2.75266,-1.32422,1.00895,-1.94565,1.10136,1.16858,2.20139,-0.000467736,-4.13523e-05,0.000196811,0.000822013,0.000726228,2.69024e-05,9.56798e-05,0,0,0,0,0,0,0,-0.176685,26.7144,-24.6374,7.42344,0.81331,2.4996,0.0780126,-0.178354,2.15588,-3.00816,1.88067,0.181365,0.910634,0.0585641
1725898,0.95,-2.75261,-1.32534,1.01105,-1.94698,1.10108,1.16772,2.20139,-2.75266,-1.32422,1.00895,-1.94565,1.10136,1.16858,2.20139,-0.000868636,-2.75682e-05,0.000131207,-0.000565615,4.33428e-05,-0.000219424,0.00101322,0,0,0,0,0,0,0,-0.152882,26.7144,-24.6374,7.47104,0.825212,2.50601,0.0523779,-0.177369,2.15528,-3.00798,1.88069,0.181411,0.910521,0.0591539
1725899,0.95,-2.75261,-1.32534,1.01104,-1.94698,1.10108,1.16772,2.20139,-2.75266,-1.32422,1.00895,-1.94565,1.10136,1.16858,2.20139,-2.22788e-05,-0.000575191,-0.00111895,0.000736547,2.88952e-05,9.10763e-05,0.00142147,0,0,0,0,0,0,0,-0.176685,26.7383,-24.5858,7.42344,0.825212,2.4996,0.0322363,-0.17603,2.15473,-3.00768,1.88085,0.181477,0.910394,0.0597131
1725900,0.95,-2.75261,-1.32534,1.01104,-1.94697,1.10108,1.16772,2.20139,-2.75266,-1.32422,1.00895,-1.94565,1.10136,1.16858,2.20139,0.000634761,0.000173351,0.000460456,0.000491031,0.000222714,-0.000176641,0.000439018,0,0,0,0,0,0,0,-0.204456,26.7144,-24.6374,7.42344,0.819719,2.50601,0.0459692,-0.176222,2.15475,-3.00688,1.88008,0.181472,0.910257,0.0602008
1725901,0.95,-2.75261,-1.32534,1.01104,-1.94698,1.10108,1.16772,2.20139,-2.75266,-1.32422,1.00895,-1.94565,1.10136,1.16858,2.20139,-0.00022644,0.000115568,-0.000249841,-0.00078627,-0.000665326,-0.000117761,-0.000182039,0,0,0,0,0,0,0,-0.176685,26.7144,-24.6136,7.47104,0.841692,2.50601,0.0587866,-0.177687,2.15518,-3.00612,1.87874,0.181408,0.910174,0.0605835
1725902,0.95,-2.75261,-1.32534,1.01104,-1.94698,1.10108,1.16772,2.20139,-2.75266,-1.32422,1.00895,-1.94565,1.10136,1.16858,2.20139,-0.000707772,-0.000479767,-0.000816175,-0.00052418,0.00060761,-7.85073e-05,0.0013367,0,0,0,0,0,0,0,-0.152882,26.7383,-24.5858,7.47104,0.81331,2.50601,0.0194189,-0.177982,2.15488,-3.00526,1.87843,0.18142,0.910125,0.060859
1725903,0.95,-2.75261,-1.32534,1.01105,-1.94698,1.10108,1.16772,2.20139,-2.75266,-1.32422,1.00895,-1.94565,1.10136,1.16858,2.20139,0.000734578,-0.000319845,0.00121912,0.000207359,-0.000239186,-5.23382e-05,0.000179058,0,0,0,0,0,0,0,-0.204456,26.7383,-24.6612,7.44724,0.830705,2.50601,0.038645,-0.177631,2.15468,-3.00475,1.87863,0.181476,0.910121,0.0610286
1725904,0.95,-2.75261,-1.32534,1.01104,-1.94698,1.10108,1.16772,2.20139,-2.75266,-1.32422,1.00895,-1.94565,1.10136,1.16858,2.20139,-0.00136632,-0.00021323,-0.00095049,-0.000418573,-0.000159458,0.000202467,0.000356731,0,0,0,0,0,0,0,-0.125111,26.7383,-24.5858,7.47104,0.830705,2.4996,0.0322363,-0.177468,2.15524,-3.00507,1.87863,0.181514,0.910184,0.0610813
1725905,0.95,-2.75261,-1.32534,1.01104,-1.94698,1.10108,1.16772,2.20139,-2.75266,-1.32422,1.00895,-1.94565,1.10136,1.16858,2.20139,0.00150197,-0.000142153,1.59538e-05,-0.000279049,9.71454e-05,-0.000102381,0.000712539,0,0,0,0,0,0,0,-0.22826,26.7383,-24.6136,7.47104,0.825212,2.50601,0.0194189,-0.177278,2.15559,-3.00506,1.87868,0.18155,0.910241,0.0610166
1725906,0.95,-2.75261,-1.32534,1.01105,-1.94698,1.10108,1.16772,2.20139,-2.75266,-1.32422,1.00895,-1.94565,1.10136,1.16858,2.20139,0.000444502,-9.47688e-05,0.000567448,-0.000186032,6.47636e-05,0.000643823,-0.000508318,0,0,0,0,0,0,0,-0.204456,26.7383,-24.6374,7.47104,0.825212,2.48678,0.0459692,-0.178598,2.15631,-3.00482,1.87809,0.181526,0.910327,0.0608394
1725907,0.95,-2.75261,-1.32534,1.01104,-1.94698,1.10108,1.16772,2.20139,-2.75266,-1.32422,1.00895,-1.94565,1.10136,1.16858,2.20139,-0.000910091,-6.31792e-05,0.000378299,-0.000124022,0.000246626,-4.55027e-05,-0.000338879,0,0,0,0,0,0,0,-0.152882,26.7383,-24.6374,7.47104,0.819719,2.4996,0.0459692,-0.18032,2.15751,-3.00526,1.8773,0.181472,0.910461,0.0605617
1725908,0.95,-2.75261,-1.32534,1.01104,-1.94698,1.10108,1.16772,2.20139,-2.75266,-1.32422,1.00895,-1.94565,1.10136,1.16858,2.20139,-4.99155e-05,-0.000691733,-0.000304613,-8.2681e-05,-3.9033e-05,-3.03351e-05,-0.000700637,0,0,0,0,0,0,0,-0.176685,26.766,-24.6136,7.47104,0.825212,2.4996,0.0587866,-0.18051,2.1584,-3.00602,1.87719,0.18146,0.910564,0.0602147
1725909,0.95,-2.75261,-1.32534,1.01105,-1.94698,1.10108,1.16772,2.20139,-2.75266,-1.32422,1.00895,-1.94565,1.10136,1.16858,2.20139,0.000616337,0.000188458,0.000353737,-0.000704735,-0.000229473,-2.02234e-05,-0.000229733,0,0,0,0,0,0,0,-0.204456,26.7383,-24.6374,7.49881,0.830705,2.4996,0.0523779,-0.180447,2.15917,-3.00656,1.87728,0.181453,0.910634,0.0598347
1725910,0.95,-2.75261,-1.32534,1.01105,-1.94698,1.10108,1.16772,2.20138,-2.75266,-1.32422,1.00895,-1.94565,1.10136,1.16858,2.20139,-0.000795535,0.000682451,-0.000320988,0.000736603,5.04688e-05,-1.34823e-05,-0.00133995,0,0,0,0,0,0,0,-0.152882,26.7144,-24.6136,7.44724,0.825212,2.4996,0.0844213,-0.180432,2.15926,-3.00646,1.87746,0.181431,0.910663,0.0594553
1725911,0.95,-2.75261,-1.32534,1.01104,-1.94698,1.10108,1.16772,2.20139,-2.75266,-1.32422,1.00895,-1.94565,1.10136,1.16858,2.20139,2.64556e-05,-0.000101845,0.00034282,-6.57434e-05,-0.000169805,-0.000483706,0.000293495,0,0,0,0,0,0,0,-0.176685,26.7383,-24.6374,7.47104,0.830705,2.51242,0.0523779,-0.179788,2.1584,-3.00573,1.87785,0.181401,0.910627,0.0591092
1725912,0.95,-2.75261,-1.32534,1.01105,-1.94698,1.10108,1.16772,2.20138,-2.75266,-1.32422,1.00895,-1.94565,1.10136,1.16858,2.20139,1.7637e-05,0.000488915,0.000785359,-4.38289e-05,-0.000113203,0.000152247,-0.000279055,0,0,0,0,0,0,0,-0.176685,26.7144,-24.6612,7.47104,0.830705,2.4996,0.0651953,-0.179023,2.15762,-3.00533,1.87822,0.181367,0.910604,0.0588214
1725913,0.95,-2.75261,-1.32534,1.01104,-1.94698,1.10108,1.16772,2.20139,-2.75266,-1.32422,1.00895,-1.94565,1.10136,1.16858,2.20139,0.000661372,0.000325944,-0.000590051,0.0010844,0.000568791,-0.000135861,5.13225e-05,0,0,0,0,0,0,0,-0.204456,26.7144,-24.6136,7.42344,0.81331,2.50601,0.0587866,-0.17923,2.15727,-3.00511,1.87803,0.18129,0.910608,0.0585927
1725914,0.95,-2.75261,-1.32534,1.01104,-1.94698,1.10108,1.16772,2.20138,-2.75266,-1.32422,1.00895,-1.94565,1.10136,1.16858,2.20139,0.000440915,-0.000339516,0.000163444,-0.000390687,-0.000468516,0.000146785,-0.000677862,0,0,0,0,0,0,0,-0.204456,26.7383,-24.6374,7.47104,0.836199,2.4996,0.0780126,-0.181034,2.15734,-3.00436,1.87687,0.181143,0.910592,0.058413
1725915,0.95,-2.75261,-1.32534,1.01104,-1.94698,1.10108,1.16772,2.20138,-2.75266,-1.32422,1.00895,-1.94565,1.10136,1.16858,2.20139,0.000293943,0.000330468,0.000108963,-0.000260458,-0.000515795,-0.000139502,-0.000926626,0,0,0,0,0,0,0,-0.204456,26.7144,-24.6374,7.47104,0.841692,2.50601,0.09083,-0.183284,2.15776,-3.00362,1.87565,0.181011,0.910597,0.0582851
1725916,0.95,-2.75261,-1.32534,1.01104,-1.94698,1.10108,1.16772,2.20139,-2.75266,-1.32422,1.00895,-1.94565,1.10136,1.16858,2.20139,-0.000453652,0.000220312,7.26419e-05,-0.000173639,6.30379e-05,0.000144357,0.000569044,0,0,0,0,0,0,0,-0.176685,26.7144,-24.6374,7.47104,0.830705,2.4996,0.0587866,-0.184329,2.15772,-3.00312,1.87536,0.180971,0.910622,0.0582283
1725917,0.95,-2.75261,-1.32534,1.01105,-1.94698,1.10108,1.16772,2.20138,-2.75266,-1.32422,1.00895,-1.94565,1.10136,1.16858,2.20139,0.000903991,-0.000409937,0.00060524,-0.000115759,0.000448926,9.62383e-05,-0.000570073,0,0,0,0,0,0,0,-0.22826,26.7383,-24.6612,7.47104,0.819719,2.4996,0.0844213,-0.184656,2.15762,-3.00302,1.87552,0.180988,0.910664,0.0582504
1725918,0.95,-2.75261,-1.32534,1.01104,-1.94698,1.10108,1.16772,2.20138,-2.75266,-1.32422,1.00895,-1.94565,1.10136,1.16858,2.20139,4.58489e-05,-0.000273292,-0.000710131,0.00103645,9.58337e-05,-0.000410559,9.46692e-05,0,0,0,0,0,0,0,-0.204456,26.7383,-24.6136,7.42344,0.825212,2.51242,0.071604,-0.186043,2.15851,-3.00333,1.87493,0.18097,0.910723,0.0583362
1725919,0.95,-2.75261,-1.32534,1.01105,-1.94698,1.10108,1.16772,2.20138,-2.75266,-1.32422,1.00895,-1.94565,1.10136,1.16858,2.20139,-0.000619048,0.000374618,0.000640203,-0.00107227,6.38891e-05,-3.63471e-05,-0.000174246,0,0,0,0,0,0,0,-0.176685,26.7144,-24.6612,7.49881,0.825212,2.50601,0.0780126,-0.187318,2.15934,-3.00348,1.87425,0.180949,0.910756,0.0584796
1725920,0.95,-2.75261,-1.32534,1.01105,-1.94698,1.10108,1.16772,2.20138,-2.75266,-1.32422,1.00895,-1.94565,1.10136,1.16858,2.20139,-0.000412699,0.000899359,0.000426802,-6.5233e-05,0.000246043,0.000213128,-0.000590882,0,0,0,0,0,0,0,-0.176685,26.6867,-24.6612,7.47104,0.819719,2.4996,0.09083,-0.18605,2.15861,-3.00361,1.87519,0.181034,0.910785,0.058681
1725921,0.95,-2.75261,-1.32534,1.01104,-1.94698,1.10108,1.16772,2.20138,-2.75266,-1.32422,1.00895,-1.94565,1.10136,1.16858,2.20139,-0.000275132,-0.000606853,-0.0014787,-4.34887e-05,-3.94217e-05,0.000379444,8.07966e-05,0,0,0,0,0,0,0,-0.176685,26.7383,-24.5858,7.47104,0.825212,2.49319,0.0780126,-0.183348,2.15663,-3.00321,1.87705,0.18117,0.910776,0.0589343
1725922,0.95,-2.75261,-1.32534,1.01105,-1.94698,1.10108,1.16772,2.20138,-2.75266,-1.32422,1.00895,-1.94565,1.10136,1.16858,2.20139,0.000466192,-0.000404569,0.00142705,-0.000678606,-0.000229732,0.000252963,-0.000183495,0,0,0,0,0,0,0,-0.204456,26.7383,-24.689,7.49881,0.830705,2.49319,0.0844213,-0.181507,2.15526,-3.00259,1.87841,0.181273,0.910743,0.0592353
1725923,0.95,-2.75261,-1.32534,1.01105,-1.94698,1.10108,1.16772,2.20138,-2.75266,-1.32422,1.00895,-1.94565,1.10136,1.16858,2.20139,0.000310795,-0.000919326,0.000301753,0.00019721,0.000491106,-0.000306076,-0.00012233,0,0,0,0,0,0,0,-0.204456,26.766,-24.6612,7.47104,0.81331,2.50601,0.0844213,-0.18143,2.15614,-3.00361,1.87884,0.181314,0.910816,0.05958
1725924,0.95,-2.75261,-1.32534,1.01105,-1.94698,1.10108,1.16772,2.20138,-2.75266,-1.32422,1.00895,-1.94565,1.10136,1.16858,2.20139,-0.000442417,3.67296e-05,-0.000355644,0.000688285,-0.000113406,-0.000204051,-0.000318912,0,0,0,0,0,0,0,-0.176685,26.7383,-24.6374,7.44724,0.825212,2.50601,0.09083,-0.182635,2.15837,-3.00549,1.87836,0.181277,0.910924,0.0599636
1725925,0.95,-2.75261,-1.32534,1.01105,-1.94698,1.10108,1.16772,2.20139,-2.75266,-1.32422,1.00895,-1.94565,1.10136,1.16858,2.20139,-0.000294945,2.44864e-05,-0.000237096,-0.000747569,-0.000279054,0.000101325,0.00172017,0,0,0,0,0,0,0,-0.176685,26.7383,-24.6374,7.49881,0.830705,2.4996,0.038645,-0.18335,2.15963,-3.00634,1.87801,0.181225,0.91094,0.0603849
1725926,0.95,-2.75261,-1.32534,1.01105,-1.94698,1.10108,1.16772,2.20139,-2.75266,-1.32422,1.00895,-1.94565,1.10136,1.16858,2.20139,-0.000753442,-0.00063329,0.000398748,0.000151234,-0.000186036,-0.000169809,0.000638155,0,0,0,0,0,0,0,-0.152882,26.766,-24.6612,7.47104,0.830705,2.50601,0.0523779,-0.182604,2.15974,-3.00661,1.87858,0.181232,0.910907,0.0608237
1725927,0.95,-2.75261,-1.32534,1.01104,-1.94698,1.10108,1.16772,2.20138,-2.75266,-1.32422,1.00895,-1.94565,1.10136,1.16858,2.20139,0.00126094,0.000784233,-0.00029098,0.000657635,-0.000327475,0.000124153,-0.00028664,0,0,0,0,0,0,0,-0.22826,26.7144,-24.6374,7.44724,0.836199,2.4996,0.071604,-0.182118,2.15982,-3.00682,1.87901,0.181222,0.910878,0.06123
1725928,0.95,-2.75261,-1.32534,1.01105,-1.94698,1.10108,1.16772,2.20139,-2.75266,-1.32422,1.00895,-1.94565,1.10136,1.16858,2.20139,0.000283817,0.000522822,-0.000193987,-0.000118389,0.000629394,-0.00015459,0.000283624,0,0,0,0,0,0,0,-0.204456,26.7144,-24.6374,7.47104,0.81331,2.50601,0.0587866,-0.183409,2.15959,-3.00614,1.87848,0.181122,0.910833,0.061577
1725929,0.95,-2.75261,-1.32535,1.01105,-1.94698,1.10108,1.16772,2.20138,-2.75266,-1.32422,1.00895,-1.94565,1.10136,1.16858,2.20139,-0.000460403,-0.00141469,0.000427488,0.000477886,0.000182237,-0.000340419,-4.8276e-05,0,0,0,0,0,0,0,-0.176685,26.7898,-24.6612,7.44724,0.819719,2.51242,0.0651953,-0.185315,2.15951,-3.00538,1.87761,0.180997,0.910801,0.0618703
1725930,0.95,-2.75261,-1.32534,1.01105,-1.94698,1.10108,1.16772,2.20139,-2.75266,-1.32422,1.00895,-1.94565,1.10136,1.16858,2.20139,-0.000306935,0.000820111,0.000284992,-0.000238221,-8.19591e-05,0.000247772,0.00095116,0,0,0,0,0,0,0,-0.176685,26.7144,-24.6612,7.47104,0.825212,2.4996,0.038645,-0.186281,2.16019,-3.00578,1.87711,0.180915,0.910823,0.0621157
1725931,0.95,-2.75261,-1.32534,1.01105,-1.94698,1.10108,1.16772,2.20138,-2.75266,-1.32422,1.00895,-1.94565,1.10136,1.16858,2.20139,0.000444991,-0.000659685,0.000839608,-0.00136524,-5.46394e-05,0.00040254,-0.000349237,0,0,0,0,0,0,0,-0.204456,26.766,-24.689,7.52262,0.825212,2.49319,0.0651953,-0.185952,2.1607,-3.00692,1.87757,0.180904,0.910906,0.0623101
1725932,0.95,-2.75261,-1.32534,1.01105,-1.94698,1.10108,1.16772,2.20138,-2.75266,-1.32422,1.00895,-1.94565,1.10136,1.16858,2.20139,0.00029666,-0.000996602,0.000559739,-0.00091016,-0.000239877,0.000505719,-0.000232825,0,0,0,0,0,0,0,-0.204456,26.7898,-24.689,7.52262,0.830705,2.48678,0.0651953,-0.185348,2.16172,-3.00898,1.87873,0.180953,0.911079,0.0624449
1725933,0.95,-2.75261,-1.32534,1.01105,-1.94698,1.10108,1.16772,2.20139,-2.75266,-1.32422,1.00895,-1.94565,1.10136,1.16858,2.20139,-0.00045184,0.00174845,-0.000276455,0.000599653,0.000484342,-0.000374931,0.00055686,0,0,0,0,0,0,0,-0.176685,26.6867,-24.6612,7.47104,0.81331,2.50601,0.0459692,-0.18476,2.16264,-3.01094,1.88003,0.181006,0.911233,0.0625305
1725934,0.95,-2.75261,-1.32534,1.01105,-1.94698,1.10108,1.16772,2.20139,-2.75266,-1.32422,1.00895,-1.94565,1.10136,1.16858,2.20139,-0.000301227,-4.07923e-05,-0.000184303,-0.000249846,-0.000117915,0.000224764,0.000879866,0,0,0,0,0,0,0,-0.176685,26.7383,-24.6612,7.49881,0.825212,2.49319,0.0322363,-0.183367,2.16144,-3.01107,1.88157,0.18103,0.911223,0.062581
1725935,0.95,-2.75261,-1.32534,1.01105,-1.94698,1.10108,1.16772,2.20139,-2.75266,-1.32422,1.00895,-1.94565,1.10136,1.16858,2.20139,-0.00140724,0.000529617,0.000526745,0.00159667,-0.000485511,-0.000324875,0.000823937,0,0,0,0,0,0,0,-0.125111,26.7144,-24.689,7.42344,0.836199,2.50601,0.0258276,-0.18118,2.15922,-3.01036,1.88309,0.181029,0.911092,0.062581
1725936,0.95,-2.75261,-1.32534,1.01105,-1.94698,1.10108,1.16772,2.20139,-2.75266,-1.32422,1.00895,-1.94565,1.10136,1.16858,2.20139,0.000917877,0.000353078,0.000351163,0.000507637,8.32271e-05,-0.000453942,-0.000434053,0,0,0,0,0,0,0,-0.204456,26.7144,-24.689,7.44724,0.825212,2.51242,0.0523779,-0.179544,2.15769,-3.01015,1.88375,0.180961,0.910944,0.0625036
1725937,0.95,-2.75261,-1.32534,1.01105,-1.94698,1.10108,1.16772,2.20139,-2.75266,-1.32422,1.00895,-1.94565,1.10136,1.16858,2.20139,0.000611918,0.000235385,-0.000972317,0.000338425,-0.000147966,-6.52693e-05,0.000456616,0,0,0,0,0,0,0,-0.204456,26.7144,-24.6374,7.44724,0.830705,2.50601,0.0322363,-0.180249,2.15702,-3.00974,1.88302,0.180798,0.910818,0.0623396
1725938,0.95,-2.75261,-1.32534,1.01105,-1.94698,1.10108,1.16772,2.20139,-2.75266,-1.32422,1.00895,-1.94565,1.10136,1.16858,2.20139,0.000964757,-0.000399888,0.00111503,-0.000331195,-9.86438e-05,-4.35129e-05,6.7052e-05,0,0,0,0,0,0,0,-0.22826,26.7383,-24.7128,7.47104,0.830705,2.50601,0.038645,-0.183147,2.15729,-3.00919,1.8814,0.180598,0.910751,0.0621008
1725939,0.95,-2.75261,-1.32534,1.01105,-1.94698,1.10108,1.16772,2.20139,-2.75266,-1.32422,1.00895,-1.94565,1.10136,1.16858,2.20139,-0.000563254,-0.000266592,-0.00101989,0.000336015,-0.000269213,-2.90086e-05,0.000756778,0,0,0,0,0,0,0,-0.176685,26.7383,-24.6374,7.44724,0.836199,2.50601,0.0194189,-0.186367,2.15843,-3.00934,1.87978,0.180443,0.910758,0.0617982
1725940,0.95,-2.75261,-1.32534,1.01104,-1.94698,1.10108,1.16772,2.20139,-2.75266,-1.32422,1.00895,-1.94565,1.10136,1.16858,2.20139,-0.000375503,-0.000177728,-0.000679925,0.00022401,2.39751e-05,0.000455379,-0.000478825,0,0,0,0,0,0,0,-0.176685,26.7383,-24.6374,7.44724,0.830705,2.49319,0.0459692,-0.188218,2.15912,-3.00917,1.87882,0.18038,0.910724,0.0614313
1725941,0.95,-2.75261,-1.32534,1.01105,-1.94698,1.10108,1.16772,2.20139,-2.75266,-1.32422,1.00895,-1.94565,1.10136,1.16858,2.20139,0.000956091,0.000438327,0.000103529,-0.000407472,-0.000187467,-0.000408491,0.000189409,0,0,0,0,0,0,0,-0.22826,26.7144,-24.6612,7.47104,0.836199,2.51242,0.0322363,-0.189045,2.15889,-3.00831,1.87842,0.180387,0.910645,0.0610049
1725942,0.95,-2.75261,-1.32534,1.01105,-1.94698,1.10108,1.16772,2.20139,-2.75266,-1.32422,1.00895,-1.94565,1.10136,1.16858,2.20139,-0.000569032,-0.000264594,6.90193e-05,0.000285164,7.84725e-05,-3.49684e-05,-0.000111086,0,0,0,0,0,0,0,-0.176685,26.7383,-24.6612,7.44724,0.830705,2.50601,0.038645,-0.189721,2.15858,-3.00784,1.87827,0.180429,0.910623,0.0605362
1725943,0.95,-2.75261,-1.32534,1.01105,-1.94698,1.10108,1.16772,2.20139,-2.75266,-1.32422,1.00895,-1.94565,1.10136,1.16858,2.20139,-0.000379355,-0.000176396,0.000695627,-0.00101632,5.2315e-05,-2.33122e-05,-0.000820043,0,0,0,0,0,0,0,-0.176685,26.7383,-24.689,7.49881,0.830705,2.50601,0.0587866,-0.189271,2.15848,-3.00851,1.8788,0.180547,0.91068,0.0600405
1725944,0.95,-2.75261,-1.32534,1.01104,-1.94698,1.10108,1.16772,2.20139,-2.75266,-1.32422,1.00895,-1.94565,1.10136,1.16858,2.20139,-0.000809715,-0.000117597,-0.00129949,-2.79304e-05,3.48766e-05,0.000459176,0.000674008,0,0,0,0,0,0,0,-0.152882,26.7383,-24.6136,7.47104,0.830705,2.49319,0.0258276,-0.187057,2.158,-3.00958,1.88035,0.180765,0.910752,0.0595353
1725945,0.96,-2.75261,-1.32534,1.01105,-1.94698,1.10108,1.16772,2.20139,-2.75266,-1.32422,1.00895,-1.94565,1.10136,1.16858,2.20139,0.000666616,-7.83983e-05,0.000247299,-1.86203e-05,-0.000180199,6.87587e-05,-0.00124608,0,0,0,0,0,0,0,-0.204456,26.7383,-24.6612,7.47104,0.836199,2.4996,0.071604,-0.184712,2.15705,-3.00988,1.88194,0.180996,0.91077,0.0590345
1725946,0.97,-2.75261,-1.32534,1.01105,-1.94698,1.10108,1.16772,2.20139,-2.75266,-1.32422,1.00895,-1.94565,1.10136,1.16858,2.20139,-0.000205203,-5.22655e-05,0.00081448,0.000544398,0.000727578,4.58391e-05,-0.000356004,0,0,0,0,0,0,0,-0.176685,26.7383,-24.689,7.44724,0.81331,2.4996,0.0587866,-0.183926,2.15695,-3.01044,1.88247,0.181143,0.910806,0.0585489
1725947,0.98,-2.75261,-1.32534,1.01105,-1.94698,1.10108,1.16771,2.20139,-2.75266,-1.32422,1.00895,-1.94565,1.10136,1.16858,2.20139,-0.000693614,-3.48437e-05,0.000542987,0.000362932,4.42422e-05,-0.000681517,0.000508649,0,0,0,0,0,0,0,-0.152882,26.7383,-24.689,7.44724,0.825212,2.51882,0.038645,-0.183808,2.15792,-3.01227,1.88233,0.181225,0.910909,0.0581061
1725948,0.99,-2.75261,-1.32534,1.01105,-1.94698,1.10108,1.16772,2.20139,-2.75266,-1.32422,1.00895,-1.94565,1.10136,1.16858,2.20139,9.44025e-05,0.0011832,-0.000287623,-0.000964471,2.94948e-05,0.000257732,-0.000406886,0,0,0,0,0,0,0,-0.176685,26.6867,-24.6612,7.49881,0.825212,2.4996,0.0587866,-0.182736,2.15815,-3.01407,1.88272,0.181319,0.911007,0.0577188
1725949,1,-2.75261,-1.32534,1.01105,-1.94698,1.10108,1.16772,2.20138,-2.75266,-1.32422,1.00895,-1.94565,1.10136,1.16858,2.20139,0.000712549,0.000788798,-0.000191748,6.63325e-06,-0.000183787,0.000171821,-0.000983334,0,0,0,0,0,0,0,-0.204456,26.6867,-24.6612,7.47104,0.830705,2.4996,0.0780126,-0.181242,2.15651,-3.01433,1.8838,0.181426,0.911055,0.057376
1725950,1,-2.75261,-1.32534,1.01105,-1.94698,1.10108,1.16772,2.20138,-2.75266,-1.32422,1.00895,-1.94565,1.10136,1.16858,2.20139,-0.000174581,-0.000123749,0.000521782,4.42217e-06,-0.000325975,-0.000122811,-0.000418197,0,0,0,0,0,0,0,-0.176685,26.7144,-24.689,7.47104,0.836199,2.50601,0.071604,-0.180633,2.15454,-3.01386,1.88459,0.181489,0.911087,0.0570823
1725951,1,-2.75261,-1.32534,1.01105,-1.94698,1.10108,1.16772,2.20139,-2.75266,-1.32422,1.00895,-1.94565,1.10136,1.16858,2.20139,0.00109004,-0.000639311,-0.000858571,-0.000646666,-1.38664e-05,-0.000793951,0.000941905,0,0,0,0,0,0,0,-0.22826,26.7383,-24.6374,7.49881,0.830705,2.52523,0.038645,-0.181391,2.15395,-3.01391,1.88458,0.181511,0.911155,0.0568574
1725952,1,-2.75261,-1.32534,1.01105,-1.94698,1.10108,1.16771,2.20139,-2.75266,-1.32422,1.00895,-1.94565,1.10136,1.16858,2.20139,-0.000479734,0.000130605,-0.000572381,-0.000431111,0.000194206,-5.45829e-05,0.00011931,0,0,0,0,0,0,0,-0.176685,26.7144,-24.6374,7.49881,0.825212,2.51242,0.0523779,-0.18293,2.1541,-3.01378,1.88427,0.181536,0.911229,0.0566978
1725953,1,-2.75261,-1.32534,1.01105,-1.94698,1.10108,1.16771,2.20139,-2.75266,-1.32422,1.00895,-1.94565,1.10136,1.16858,2.20139,0.000329791,-0.00111936,0.000824839,-0.000287407,-7.39797e-05,-3.63886e-05,7.95403e-05,0,0,0,0,0,0,0,-0.204456,26.766,-24.689,7.49881,0.830705,2.51242,0.0523779,-0.18415,2.15464,-3.01392,1.88415,0.18159,0.911329,0.0565754
1725954,1,-2.75261,-1.32534,1.01105,-1.94698,1.10108,1.16772,2.20138,-2.75266,-1.32422,1.00895,-1.94565,1.10136,1.16858,2.20139,0.000219861,0.0011098,0.0011067,-0.000191605,0.000154131,0.0002131,-0.00065905,0,0,0,0,0,0,0,-0.204456,26.6867,-24.7128,7.49881,0.825212,2.50601,0.071604,-0.185056,2.15608,-3.01561,1.88411,0.181646,0.911539,0.0564714
1725955,1,-2.75261,-1.32534,1.01105,-1.94698,1.10108,1.16772,2.20139,-2.75266,-1.32422,1.00895,-1.94565,1.10136,1.16858,2.20139,0.000146574,9.02543e-05,-0.000468623,0.000521877,-0.000100697,0.000379426,0.000510069,0,0,0,0,0,0,0,-0.204456,26.7144,-24.6612,7.47104,0.830705,2.4996,0.0459692,-0.185867,2.15724,-3.01766,1.88406,0.181668,0.911783,0.0563877
1725956,1,-2.75261,-1.32534,1.01105,-1.94698,1.10108,1.16772,2.20139,-2.75266,-1.32422,1.00895,-1.94565,1.10136,1.16858,2.20139,9.7716e-05,6.01695e-05,0.000894011,0.00090473,-0.000270582,-0.000459126,0.000340046,0,0,0,0,0,0,0,-0.204456,26.7144,-24.7128,7.44724,0.836199,2.51882,0.0459692,-0.18698,2.15791,-3.0191,1.88355,0.181635,0.91197,0.0563248
1725957,1,-2.75261,-1.32534,1.01105,-1.94698,1.10108,1.16771,2.20138,-2.75266,-1.32422,1.00895,-1.94565,1.10136,1.16858,2.20139,-0.0017909,-0.000516699,3.91951e-05,4.63416e-05,-0.000180388,-6.87254e-05,-0.00119746,0,0,0,0,0,0,0,-0.125111,26.7383,-24.689,7.47104,0.836199,2.51242,0.0844213,-0.187449,2.15874,-3.02082,1.88302,0.18161,0.912129,0.056271
1725958,1,-2.75261,-1.32534,1.01105,-1.94698,1.10108,1.16772,2.20139,-2.75266,-1.32422,1.00895,-1.94565,1.10136,1.16858,2.20139,-0.000544317,0.00086196,-0.0011803,-0.00061872,8.3192e-05,-0.000283176,0.000388491,0,0,0,0,0,0,0,-0.152882,26.6867,-24.6374,7.49881,0.830705,2.51882,0.0523779,-0.185245,2.15814,-3.02194,1.88395,0.181716,0.912222,0.0562289
1725959,1,-2.75261,-1.32534,1.01105,-1.94698,1.10108,1.16772,2.20138,-2.75266,-1.32422,1.00895,-1.94565,1.10136,1.16858,2.20139,0.000843548,-7.4974e-05,-0.000230052,0.000237134,0.000258912,4.8575e-05,-0.000215724,0,0,0,0,0,0,0,-0.204456,26.7144,-24.6612,7.47104,0.825212,2.51242,0.0651953,-0.182337,2.15579,-3.02121,1.88562,0.181884,0.912238,0.0562132
1725960,1,-2.75261,-1.32534,1.01105,-1.94698,1.10108,1.16771,2.20139,-2.75266,-1.32422,1.00895,-1.94565,1.10136,1.16858,2.20139,-8.72485e-05,-0.000606795,0.000496246,0.000158089,-0.000437744,3.23834e-05,0.000839528,0,0,0,0,0,0,0,-0.176685,26.7383,-24.689,7.47104,0.841692,2.51242,0.038645,-0.181711,2.15437,-3.02038,1.88617,0.181976,0.912307,0.056221
1725961,1,-2.75261,-1.32534,1.01105,-1.94698,1.10108,1.16772,2.20138,-2.75266,-1.32422,1.00895,-1.94565,1.10136,1.16858,2.20139,0.000591448,-0.00040453,0.000887643,0.0058017,0.000318522,-0.00021577,-0.000898377,0,0,0,0,0,0,0,-0.204456,26.7383,-24.7128,7.49881,0.825212,2.51882,0.0780126,-0.184809,2.1563,-3.02131,1.8837,0.181855,0.912472,0.0562332
1725962,1,-2.75261,-1.32534,1.01105,-1.94698,1.10108,1.16772,2.20138,-2.75266,-1.32422,1.00895,-1.94565,1.10136,1.16858,2.20139,-0.000255315,-0.000269686,-0.000614664,0.00560305,0.000212348,0.000330871,-0.000361559,0,0,0,0,0,0,0,-0.176685,26.7383,-24.6612,7.44724,0.825212,2.50601,0.071604,-0.192862,2.1617,-3.02316,1.87634,0.181359,0.912597,0.0562366
1725963,1,-2.75261,-1.32534,1.01105,-1.94698,1.10108,1.16772,2.20138,-2.75266,-1.32422,1.00895,-1.94565,1.10136,1.16858,2.20139,0.00103622,-0.000179791,-0.000409776,0.00357518,0.000141566,-1.67781e-05,-0.000478398,0,0,0,0,0,0,0,-0.22826,26.7383,-24.6612,7.47104,0.825212,2.51242,0.0780126,-0.204149,2.16832,-3.02415,1.8658,0.180608,0.912603,0.0562486
1725964,1,-2.75261,-1.32534,1.01105,-1.94698,1.10108,1.16772,2.20138,-2.75266,-1.32422,1.00895,-1.94565,1.10136,1.16858,2.20139,-0.000515615,0.00164338,-0.000273184,0.00323773,-0.000109073,0.000226174,-0.00103101,0,0,0,0,0,0,0,-0.176685,26.6629,-24.6612,7.44724,0.830705,2.50601,0.0972387,-0.2146,2.17309,-3.02362,1.85611,0.179892,0.912541,0.056302
1725965,1,-2.75261,-1.32534,1.01105,-1.94698,1.10108,1.16772,2.20139,-2.75266,-1.32422,1.00895,-1.94565,1.10136,1.16858,2.20139,0.00030587,-0.000667653,0.0010243,0.00182477,0.000130735,0.000150782,0.000499455,0,0,0,0,0,0,0,-0.204456,26.7383,-24.7128,7.47104,0.825212,2.50601,0.0651953,-0.221526,2.17528,-3.02282,1.84949,0.179385,0.912516,0.0564236
1725966,1,-2.75261,-1.32534,1.01105,-1.94698,1.10108,1.16772,2.20138,-2.75266,-1.32422,1.00895,-1.94565,1.10136,1.16858,2.20139,-0.0004457,0.00011171,0.000126057,0.000177413,-0.000523195,-0.000374196,-0.000141748,0,0,0,0,0,0,0,-0.176685,26.7144,-24.689,7.52262,0.841692,2.51882,0.0780126,-0.224498,2.17633,-3.02338,1.84651,0.179169,0.912637,0.0566238
1725967,1,-2.75261,-1.32534,1.01105,-1.94698,1.10108,1.16772,2.20138,-2.75266,-1.32422,1.00895,-1.94565,1.10136,1.16858,2.20139,0.00035248,-0.000482339,0.00119766,0.00080058,5.81044e-05,0.000225254,-0.000331857,0,0,0,0,0,0,0,-0.204456,26.7383,-24.7366,7.49881,0.830705,2.50601,0.0844213,-0.224148,2.17677,-3.02539,1.84689,0.179236,0.912913,0.0568887
1725968,1,-2.75261,-1.32534,1.01105,-1.94698,1.10108,1.16771,2.20138,-2.75266,-1.32422,1.00895,-1.94565,1.10136,1.16858,2.20139,0.000234987,-0.000321559,-0.000964797,7.1028e-05,0.000445637,-8.71898e-05,1.61207e-05,0,0,0,0,0,0,0,-0.204456,26.7383,-24.6612,7.52262,0.819719,2.51242,0.0780126,-0.222164,2.17666,-3.02774,1.84927,0.179474,0.913261,0.057203
1725969,1,-2.75261,-1.32534,1.01105,-1.94698,1.10108,1.16772,2.20139,-2.75266,-1.32422,1.00895,-1.94565,1.10136,1.16858,2.20139,0.000156658,-0.000214373,6.41618e-06,0.00188118,9.3641e-05,0.000179232,0.000722824,0,0,0,0,0,0,0,-0.204456,26.7383,-24.689,7.44724,0.825212,2.50601,0.0587866,-0.220115,2.17599,-3.02914,1.85219,0.179755,0.913562,0.057559
1725970,1,-2.75261,-1.32534,1.01105,-1.94698,1.10108,1.16771,2.20139,-2.75266,-1.32422,1.00895,-1.94565,1.10136,1.16858,2.20139,-0.00110199,0.000413897,4.27745e-06,0.00075025,-0.000344474,0.000119488,0.00122787,0,0,0,0,0,0,0,-0.152882,26.7144,-24.689,7.47104,0.836199,2.50601,0.038645,-0.217451,2.17442,-3.02962,1.85539,0.180038,0.91377,0.0579406
1725971,1,-2.75261,-1.32534,1.01105,-1.94698,1.10108,1.16771,2.20138,-2.75266,-1.32422,1.00895,-1.94565,1.10136,1.16858,2.20139,-0.000734658,-0.000930495,0.000559664,-0.00010974,-2.61986e-05,-0.0001577,-0.000402125,0,0,0,0,0,0,0,-0.152882,26.766,-24.7128,7.49881,0.830705,2.51242,0.071604,-0.212691,2.1721,-3.03037,1.85971,0.180398,0.913951,0.0583132
1725972,1,-2.75261,-1.32534,1.01105,-1.94698,1.10108,1.16772,2.20138,-2.75266,-1.32422,1.00895,-1.94565,1.10136,1.16858,2.20139,6.70398e-05,-0.00062033,-0.000183703,0.00116305,-1.74657e-05,0.000132226,-3.07241e-05,0,0,0,0,0,0,0,-0.176685,26.766,-24.689,7.44724,0.830705,2.50601,0.0651953,-0.207149,2.17027,-3.03191,1.8645,0.180807,0.914162,0.0586439
1725973,1,-2.75261,-1.32534,1.01105,-1.94698,1.10108,1.16771,2.20139,-2.75266,-1.32422,1.00895,-1.94565,1.10136,1.16858,2.20139,4.46932e-05,0.000792873,-0.000122469,-0.000965539,0.000191807,-0.000149209,0.000454235,0,0,0,0,0,0,0,-0.176685,26.7144,-24.689,7.52262,0.825212,2.51242,0.0523779,-0.20249,2.16867,-3.03321,1.86891,0.181187,0.914373,0.0589325
1725974,1,-2.75261,-1.32534,1.01105,-1.94698,1.10108,1.16772,2.20139,-2.75266,-1.32422,1.00895,-1.94565,1.10136,1.16858,2.20139,0.00123622,-0.000677844,0.00103198,-7.01294e-05,-7.55794e-05,-0.000336831,0.000540182,0,0,0,0,0,0,0,-0.22826,26.766,-24.7366,7.49881,0.830705,2.51882,0.0459692,-0.198821,2.16677,-3.03412,1.87319,0.181538,0.914614,0.0591876
1725975,1,-2.75261,-1.32534,1.01105,-1.94698,1.10108,1.16772,2.20139,-2.75266,-1.32422,1.00895,-1.94565,1.10136,1.16858,2.20139,-0.000382278,0.000197718,-0.000425638,0.000615425,0.000153064,0.000250164,-0.000114596,0,0,0,0,0,0,0,-0.176685,26.7383,-24.689,7.47104,0.825212,2.50601,0.0587866,-0.196659,2.16563,-3.03539,1.87671,0.18182,0.914906,0.0593959
1725976,1,-2.75261,-1.32534,1.01105,-1.94698,1.10108,1.16772,2.20139,-2.75266,-1.32422,1.00895,-1.94565,1.10136,1.16858,2.20139,0.000394762,0.000131812,-0.000933373,0.000419706,-0.000101408,-7.05832e-05,-0.000551115,0,0,0,0,0,0,0,-0.204456,26.7383,-24.6612,7.47104,0.830705,2.51242,0.071604,-0.195301,2.16436,-3.03574,1.87939,0.182023,0.915114,0.0595469
1725977,1,-2.75261,-1.32534,1.01105,-1.94698,1.10108,1.16772,2.20139,-2.75266,-1.32422,1.00895,-1.94565,1.10136,1.16858,2.20139,-0.000943251,0.000644687,0.00114099,-0.000362743,-6.76051e-05,0.000190303,0.000853293,0,0,0,0,0,0,0,-0.152882,26.7144,-24.7366,7.49881,0.830705,2.50601,0.038645,-0.193132,2.16197,-3.03511,1.88223,0.182222,0.915227,0.0596568
1725978,1,-2.75261,-1.32534,1.01105,-1.94698,1.10108,1.16772,2.20139,-2.75266,-1.32422,1.00895,-1.94565,1.10136,1.16858,2.20139,-7.20223e-05,0.000429791,0.000760659,-0.000236529,-4.50701e-05,-0.00011049,0.000297595,0,0,0,0,0,0,0,-0.176685,26.7144,-24.7366,7.49881,0.830705,2.51242,0.0459692,-0.189236,2.15911,-3.03539,1.88596,0.182478,0.915377,0.0597415
1725979,1,-2.75261,-1.32534,1.01105,-1.94698,1.10108,1.16772,2.20139,-2.75266,-1.32422,1.00895,-1.94565,1.10136,1.16858,2.20139,-0.000604827,0.000286527,0.000507106,-0.000153711,-0.000233497,0.000401058,0.000198396,0,0,0,0,0,0,0,-0.152882,26.7144,-24.7366,7.49881,0.836199,2.4996,0.0459692,-0.184407,2.15639,-3.03675,1.89013,0.182765,0.915575,0.0597881
1725980,1,-2.75261,-1.32534,1.01106,-1.94698,1.10108,1.16772,2.20138,-2.75266,-1.32422,1.00895,-1.94565,1.10136,1.16858,2.20139,0.000153594,0.000191018,0.000987685,0.000550122,4.77857e-05,-0.000207346,-0.00129189,0,0,0,0,0,0,0,-0.176685,26.7144,-24.7643,7.47104,0.830705,2.51242,0.0844213,-0.180196,2.1544,-3.03868,1.89369,0.183013,0.91578,0.0597825
1725981,1,-2.75261,-1.32534,1.01105,-1.94698,1.10108,1.16772,2.20139,-2.75266,-1.32422,1.00895,-1.94565,1.10136,1.16858,2.20139,-0.000454416,0.000776959,-0.000547969,-0.000837442,3.18571e-05,9.91283e-05,0.000834161,0,0,0,0,0,0,0,-0.152882,26.6867,-24.7128,7.52262,0.830705,2.50601,0.038645,-0.17685,2.15269,-3.04044,1.89657,0.183215,0.915953,0.0597417
1725982,1,-2.75261,-1.32534,1.01105,-1.94698,1.10108,1.16771,2.20139,-2.75266,-1.32422,1.00895,-1.94565,1.10136,1.16858,2.20139,0.000903482,-0.000131641,-0.000365313,1.94215e-07,-0.000182212,-0.000408632,0.000793467,0,0,0,0,0,0,0,-0.204456,26.7144,-24.7128,7.49881,0.836199,2.51882,0.0322363,-0.17443,2.15054,-3.04094,1.89903,0.183395,0.916048,0.0596885
1725983,1,-2.75261,-1.32534,1.01105,-1.94698,1.10108,1.16771,2.20139,-2.75266,-1.32422,1.00895,-1.94565,1.10136,1.16858,2.20139,-4.72926e-05,0.000561853,-0.000243542,-0.000555425,8.19756e-05,0.000202296,2.03514e-05,0,0,0,0,0,0,0,-0.176685,26.6867,-24.7128,7.52262,0.830705,2.50601,0.0459692,-0.173505,2.14847,-3.04043,1.90075,0.183532,0.916089,0.0596103
1725984,1,-2.75261,-1.32534,1.01105,-1.94698,1.10108,1.16771,2.20139,-2.75266,-1.32422,1.00895,-1.94565,1.10136,1.16858,2.20139,-0.00058834,-0.00148147,-0.000162361,0.000837086,0.000258101,-0.000339854,0.00147163,0,0,0,0,0,0,0,-0.152882,26.766,-24.7128,7.47104,0.825212,2.51882,0.00660151,-0.173493,2.1474,-3.04014,1.90168,0.183632,0.916119,0.0594842
1725985,1,-2.75261,-1.32534,1.01105,-1.94698,1.10108,1.16771,2.20139,-2.75266,-1.32422,1.00895,-1.94565,1.10136,1.16858,2.20139,0.000164585,-0.000338033,0.000448571,0.000558765,0.000172067,-0.000463928,-0.000951694,0,0,0,0,0,0,0,-0.176685,26.7383,-24.7366,7.47104,0.825212,2.52523,0.0587866,-0.174291,2.14833,-3.04111,1.90153,0.183675,0.91618,0.0592929
1725986,1,-2.75261,-1.32534,1.01106,-1.94698,1.10108,1.16771,2.20139,-2.75266,-1.32422,1.00895,-1.94565,1.10136,1.16858,2.20139,-0.000447089,-0.000225356,0.000948661,-0.000833385,-0.00029219,0.000165433,0.0008236,0,0,0,0,0,0,0,-0.152882,26.7383,-24.7643,7.52262,0.836199,2.51242,0.0194189,-0.175377,2.15061,-3.04354,1.90093,0.183688,0.916332,0.0590314
1725987,1,-2.75261,-1.32534,1.01105,-1.94698,1.10108,1.16772,2.20139,-2.75266,-1.32422,1.00895,-1.94565,1.10136,1.16858,2.20139,0.000908367,0.000406575,-1.71731e-05,-0.000555192,0.000212108,0.000110288,-0.000434278,0,0,0,0,0,0,0,-0.204456,26.7144,-24.7366,7.52262,0.825212,2.51242,0.0459692,-0.17573,2.15241,-3.04644,1.90112,0.183741,0.916563,0.0587147
1725988,1,-2.75261,-1.32534,1.01105,-1.94698,1.10108,1.16772,2.20139,-2.75266,-1.32422,1.00895,-1.94565,1.10136,1.16858,2.20139,-4.40361e-05,-0.000285762,-0.000568261,0.000186982,-6.20452e-05,7.35256e-05,0.000219108,0,0,0,0,0,0,0,-0.176685,26.7383,-24.7128,7.49881,0.830705,2.51242,0.0322363,-0.176251,2.15322,-3.04835,1.90153,0.183791,0.916776,0.0583501
1725989,1,-2.75261,-1.32534,1.01105,-1.94698,1.10108,1.16771,2.20139,-2.75266,-1.32422,1.00895,-1.94565,1.10136,1.16858,2.20139,-2.93574e-05,-0.000190508,-0.00037884,0.000124879,-4.13634e-05,4.9017e-05,0.000146072,0,0,0,0,0,0,0,-0.176685,26.7383,-24.7128,7.49881,0.830705,2.51242,0.0322363,-0.177219,2.15342,-3.04899,1.90158,0.183801,0.916907,0.057944
1725990,1,-2.75261,-1.32534,1.01106,-1.94698,1.10107,1.16771,2.20139,-2.75266,-1.32422,1.00895,-1.94565,1.10136,1.16858,2.20139,-0.000576384,-0.000127005,0.000953866,8.34203e-05,-0.000434477,3.2678e-05,0.00033474,0,0,0,0,0,0,0,-0.152882,26.7383,-24.7643,7.49881,0.841692,2.51242,0.0258276,-0.177661,2.15355,-3.04965,1.90169,0.183813,0.917009,0.0575067
1725991,1,-2.75261,-1.32534,1.01105,-1.94698,1.10108,1.16772,2.20139,-2.75266,-1.32422,1.00895,-1.94565,1.10136,1.16858,2.20139,-0.000384256,-8.46702e-05,-1.37035e-05,5.57395e-05,0.00011725,2.17854e-05,-1.41988e-05,0,0,0,0,0,0,0,-0.152882,26.7383,-24.7366,7.49881,0.830705,2.51242,0.0322363,-0.177032,2.1538,-3.05119,1.90223,0.18386,0.917142,0.0570403
1725992,1,-2.75261,-1.32534,1.01106,-1.94698,1.10108,1.16772,2.20139,-2.75266,-1.32422,1.00895,-1.94565,1.10136,1.16858,2.20139,0.000950255,-0.000706061,-9.13569e-06,-0.000519558,-0.000125284,0.000251883,-0.000518092,0,0,0,0,0,0,0,-0.204456,26.766,-24.7366,7.52262,0.836199,2.50601,0.0459692,-0.176514,2.15434,-3.05302,1.90275,0.183917,0.917296,0.056543
1725993,1,-2.75261,-1.32534,1.01105,-1.94698,1.10108,1.16772,2.20139,-2.75266,-1.32422,1.00895,-1.94565,1.10136,1.16858,2.20139,-1.61103e-05,0.000178907,-0.00111971,0.000210511,0.000323378,-0.000544155,-7.41274e-05,0,0,0,0,0,0,0,-0.176685,26.7383,-24.689,7.49881,0.825212,2.52523,0.038645,-0.177305,2.15502,-3.05406,1.90273,0.183944,0.917426,0.0560242
1725994,1,-2.75261,-1.32534,1.01105,-1.94698,1.10108,1.16772,2.20139,-2.75266,-1.32422,1.00895,-1.94565,1.10136,1.16858,2.20139,-0.000567552,0.000119271,0.000367148,0.000790008,-0.000191315,-0.000125411,-0.000320686,0,0,0,0,0,0,0,-0.152882,26.7383,-24.7366,7.47104,0.836199,2.51882,0.0459692,-0.178252,2.15503,-3.05408,1.90254,0.18395,0.917489,0.0555061
1725995,1,-2.75261,-1.32534,1.01106,-1.94698,1.10108,1.16772,2.20139,-2.75266,-1.32422,1.00895,-1.94565,1.10136,1.16858,2.20139,0.000178444,-0.0005701,0.000894379,-0.000122902,0.000279357,-8.36074e-05,0.00124427,0,0,0,0,0,0,0,-0.176685,26.766,-24.7643,7.49881,0.825212,2.51882,0.00660151,-0.178579,2.15515,-3.05471,1.90241,0.183955,0.917574,0.055004
1725996,1,-2.75261,-1.32534,1.01105,-1.94698,1.10108,1.16771,2.20139,-2.75266,-1.32422,1.00895,-1.94565,1.10136,1.16858,2.20139,0.000768577,0.000269547,-5.33612e-05,-8.1905e-05,-1.72122e-05,-0.000293097,-0.000628548,0,0,0,0,0,0,0,-0.204456,26.7383,-24.7366,7.49881,0.830705,2.52523,0.0459692,-0.179242,2.15623,-3.05657,1.90212,0.18395,0.917764,0.0545109
1725997,1,-2.75261,-1.32534,1.01105,-1.94698,1.10108,1.16772,2.20139,-2.75266,-1.32422,1.00895,-1.94565,1.10136,1.16858,2.20139,0.000512384,-0.000469916,-0.000592386,0.000595033,-1.14748e-05,4.19608e-05,0.000326953,0,0,0,0,0,0,0,-0.204456,26.766,-24.7128,7.47104,0.830705,2.51882,0.0258276,-0.181056,2.15753,-3.05809,1.90136,0.183905,0.917979,0.0540087
1725998,1,-2.75261,-1.32534,1.01106,-1.94698,1.10108,1.16771,2.20139,-2.75266,-1.32422,1.00895,-1.94565,1.10136,1.16858,2.20139,-0.000864836,0.00154276,0.000811502,0.000396705,-7.64988e-06,2.79739e-05,-0.000765375,0,0,0,0,0,0,0,-0.152882,26.6867,-24.7643,7.47104,0.830705,2.51882,0.0523779,-0.182605,2.15794,-3.05875,1.90066,0.183849,0.918152,0.0535
1725999,1,-2.75261,-1.32534,1.01105,-1.94698,1.10108,1.16771,2.20139,-2.75266,-1.32422,1.00895,-1.94565,1.10136,1.16858,2.20139,-1.97456e-05,0.000378895,-0.000108613,-0.000941943,-0.00020855,1.86492e-05,-1.62383e-06,0,0,0,0,0,0,0,-0.176685,26.7144,-24.7366,7.52262,0.836199,2.51882,0.038645,-0.181645,2.15647,-3.05908,1.9014,0.18388,0.918306,0.0530032
1726000,1,-2.75261,-1.32534,1.01105,-1.94698,1.10108,1.16771,2.20139,-2.75266,-1.32422,1.00895,-1.94565,1.10136,1.16858,2.20139,-1.31637e-05,0.000252596,-7.24085e-05,-7.11406e-05,0.000267867,0.000249792,-0.00027235,0,0,0,0,0,0,0,-0.176685,26.7144,-24.7366,7.49881,0.825212,2.51242,0.0459692,-0.179065,2.1539,-3.05923,1.90335,0.184003,0.918468,0.0525308
1726001,1,-2.75261,-1.32534,1.01105,-1.94698,1.10108,1.16771,2.20139,-2.75266,-1.32422,1.00895,-1.94565,1.10136,1.16858,2.20139,-8.77583e-06,-0.000388414,-0.000605084,-0.000604232,0.000178578,-7.08311e-05,-0.000181567,0,0,0,0,0,0,0,-0.176685,26.7383,-24.7128,7.52262,0.825212,2.51882,0.0459692,-0.17682,2.15169,-3.05923,1.90524,0.18414,0.918629,0.0520869
1726002,1,-2.75261,-1.32534,1.01106,-1.94698,1.10108,1.16771,2.20138,-2.75266,-1.32422,1.00895,-1.94565,1.10136,1.16858,2.20139,0.000643763,0.000297869,0.000803036,0.000153996,-0.000287849,-0.00028458,-0.00107048,0,0,0,0,0,0,0,-0.204456,26.7144,-24.7643,7.49881,0.836199,2.52523,0.071604,-0.175687,2.15057,-3.05958,1.90652,0.18424,0.918817,0.0516762
1726003,1,-2.75261,-1.32534,1.01106,-1.94698,1.10108,1.16771,2.20139,-2.75266,-1.32422,1.00895,-1.94565,1.10136,1.16858,2.20139,0.000985988,0.000198579,-0.000114256,0.000102668,-0.000191899,4.76392e-05,-0.00118837,0,0,0,0,0,0,0,-0.22826,26.7144,-24.7366,7.49881,0.836199,2.51882,0.0844213,-0.176413,2.15071,-3.06062,1.90673,0.184253,0.919072,0.0513149
1726004,1,-2.75261,-1.32534,1.01105,-1.94699,1.10108,1.16771,2.20139,-2.75266,-1.32422,1.00895,-1.94565,1.10136,1.16858,2.20139,0.000100513,-0.000424426,-7.61709e-05,-0.00160199,-0.000127933,-0.0002056,-0.00031753,0,0,0,0,0,0,0,-0.204456,26.7383,-24.7366,7.57022,0.836199,2.52523,0.071604,-0.178156,2.15143,-3.06189,1.90654,0.18424,0.919367,0.0510357
1726005,1,-2.75261,-1.32534,1.01106,-1.94698,1.10108,1.16771,2.20138,-2.75266,-1.32422,1.00895,-1.94565,1.10136,1.16858,2.20139,0.000623821,0.000273861,0.00115565,0.000602446,0.000118162,0.000100293,-0.00116112,0,0,0,0,0,0,0,-0.22826,26.7144,-24.7881,7.49881,0.830705,2.51882,0.0972387,-0.179579,2.1524,-3.06366,1.90675,0.184273,0.919702,0.0508684
1726006,1,-2.75261,-1.32534,1.01105,-1.94698,1.10108,1.16771,2.20138,-2.75266,-1.32422,1.00895,-1.94565,1.10136,1.16858,2.20139,-0.000140932,0.000832188,-0.00154962,0.000401633,7.87746e-05,0.000304221,-0.000536723,0,0,0,0,0,0,0,-0.204456,26.6867,-24.689,7.49881,0.830705,2.51242,0.09083,-0.180862,2.15301,-3.06521,1.90683,0.184288,0.919999,0.0508257
1726007,1,-2.75261,-1.32534,1.01106,-1.94698,1.10108,1.16771,2.20138,-2.75266,-1.32422,1.00895,-1.94565,1.10136,1.16858,2.20139,-0.000743568,-9.48218e-05,0.000730158,0.000267756,0.000255967,0.000202814,0.000116903,0,0,0,0,0,0,0,-0.176685,26.7144,-24.7643,7.49881,0.825212,2.51242,0.0780126,-0.181348,2.15232,-3.06551,1.90697,0.184294,0.920162,0.0509183
1726008,1,-2.75261,-1.32534,1.01105,-1.94698,1.10108,1.16771,2.20138,-2.75266,-1.32422,1.00895,-1.94565,1.10136,1.16858,2.20139,-0.000495712,-0.00126964,-0.000162842,-0.000378307,-0.000236256,-0.00010215,-0.000634142,0,0,0,0,0,0,0,-0.176685,26.766,-24.7366,7.52262,0.836199,2.51882,0.0972387,-0.180502,2.15181,-3.06632,1.90761,0.184355,0.920297,0.0511428
1726009,1,-2.75261,-1.32534,1.01105,-1.94698,1.10108,1.16772,2.20138,-2.75266,-1.32422,1.00895,-1.94565,1.10136,1.16858,2.20139,0.000319139,-0.000196813,-0.000108561,0.000304608,-0.000157504,-6.80998e-05,0.000526675,0,0,0,0,0,0,0,-0.204456,26.7383,-24.7366,7.49881,0.836199,2.51882,0.071604,-0.179717,2.15269,-3.06827,1.90818,0.18444,0.920475,0.0514803
1726010,1,-2.75261,-1.32534,1.01106,-1.94699,1.10108,1.16771,2.20138,-2.75266,-1.32422,1.00895,-1.94565,1.10136,1.16858,2.20139,0.000769571,0.00107522,0.00057724,-0.000910551,9.84477e-05,0.000191959,-0.00107304,0,0,0,0,0,0,0,-0.22826,26.6867,-24.7643,7.54642,0.830705,2.51242,0.110056,-0.179854,2.15366,-3.07009,1.90853,0.184503,0.920673,0.0519157
1726011,1,-2.75261,-1.32534,1.01106,-1.94698,1.10108,1.16771,2.20138,-2.75266,-1.32422,1.00895,-1.94565,1.10136,1.16858,2.20139,0.000513048,-0.000489614,0.000384827,0.0011562,0.000269082,-0.000109386,0.000471437,0,0,0,0,0,0,0,-0.22826,26.7383,-24.7643,7.47104,0.825212,2.51882,0.0780126,-0.181069,2.15432,-3.07176,1.90856,0.184514,0.9209,0.0524366
1726012,1,-2.75261,-1.32534,1.01106,-1.94698,1.10108,1.16771,2.20138,-2.75266,-1.32422,1.00895,-1.94565,1.10136,1.16858,2.20139,-0.00021478,0.000230402,-0.000393063,-0.000435623,-2.40623e-05,0.000401794,-0.000160427,0,0,0,0,0,0,0,-0.204456,26.7144,-24.7366,7.52262,0.830705,2.50601,0.09083,-0.183042,2.15521,-3.07342,1.90806,0.184476,0.921112,0.053032
1726013,1,-2.75261,-1.32534,1.01105,-1.94698,1.10108,1.16771,2.20138,-2.75266,-1.32422,1.00895,-1.94565,1.10136,1.16858,2.20139,-0.000792801,-0.00105282,-0.00137567,0.000266397,0.000390859,3.05035e-05,0.000605126,0,0,0,0,0,0,0,-0.176685,26.766,-24.689,7.49881,0.819719,2.51242,0.071604,-0.184142,2.15552,-3.07418,1.90791,0.184472,0.921213,0.0536842
1726014,1,-2.75261,-1.32534,1.01105,-1.94698,1.10108,1.16771,2.20138,-2.75266,-1.32422,1.00895,-1.94565,1.10136,1.16858,2.20139,0.000677892,0.00115416,-0.000360299,-0.000379214,-0.000349779,-0.000454382,0.000166058,0,0,0,0,0,0,0,-0.22826,26.6867,-24.7128,7.52262,0.836199,2.52523,0.0780126,-0.184155,2.15463,-3.07356,1.90844,0.184514,0.921199,0.0543708
1726015,1,-2.75261,-1.32534,1.01106,-1.94698,1.10108,1.16771,2.20138,-2.75266,-1.32422,1.00895,-1.94565,1.10136,1.16858,2.20139,-0.00131131,0.000769438,0.000966227,-0.000252809,-0.000233186,-0.000302921,-0.000126654,0,0,0,0,0,0,0,-0.152882,26.6867,-24.7643,7.52262,0.836199,2.52523,0.0844213,-0.182975,2.15244,-3.07266,1.90988,0.184592,0.921181,0.0550729
1726016,1,-2.75261,-1.32534,1.01106,-1.94698,1.10108,1.16771,2.20138,-2.75266,-1.32422,1.00895,-1.94565,1.10136,1.16858,2.20139,0.000332219,-0.00189989,-5.46273e-06,-0.000168539,4.79934e-05,0.00027277,0.000390282,0,0,0,0,0,0,0,-0.204456,26.7898,-24.7366,7.52262,0.830705,2.51242,0.071604,-0.180808,2.15074,-3.07329,1.91193,0.184713,0.921266,0.0557728
1726017,1,-2.75261,-1.32534,1.01106,-1.94698,1.10108,1.16771,2.20139,-2.75266,-1.32422,1.00895,-1.94565,1.10136,1.16858,2.20139,-0.000428134,0.000496642,0.000645972,0.000444452,3.19956e-05,-5.55121e-05,0.000734906,0,0,0,0,0,0,0,-0.176685,26.7144,-24.7643,7.49881,0.830705,2.51882,0.0587866,-0.179679,2.15131,-3.07564,1.91316,0.184802,0.921448,0.056455
1726018,1,-2.75261,-1.32534,1.01106,-1.94698,1.10108,1.16771,2.20139,-2.75266,-1.32422,1.00895,-1.94565,1.10136,1.16858,2.20139,-0.000842235,0.000331095,0.000430648,-0.00026051,-0.00018212,-3.70081e-05,0.00123592,0,0,0,0,0,0,0,-0.152882,26.7144,-24.7643,7.52262,0.836199,2.51882,0.038645,-0.178745,2.15224,-3.07837,1.91411,0.184869,0.92165,0.0571054
1726019,1,-2.75261,-1.32534,1.01105,-1.94698,1.10108,1.16771,2.20138,-2.75266,-1.32422,1.00895,-1.94565,1.10136,1.16858,2.20139,-4.67796e-06,0.000870344,-0.000919327,-0.000173673,0.000285488,-2.46721e-05,-0.00110883,0,0,0,0,0,0,0,-0.176685,26.6867,-24.7128,7.52262,0.825212,2.51882,0.09083,-0.176697,2.15144,-3.08002,1.91576,0.184967,0.921791,0.0576958
1726020,1,-2.75261,-1.32534,1.01106,-1.94698,1.10108,1.16771,2.20138,-2.75266,-1.32422,1.00895,-1.94565,1.10136,1.16858,2.20139,0.000646495,-0.000626197,0.00115035,-0.000115782,-1.31254e-05,0.00045827,-2.71442e-05,0,0,0,0,0,0,0,-0.204456,26.7383,-24.7881,7.52262,0.830705,2.50601,0.071604,-0.175415,2.15014,-3.08072,1.91716,0.185037,0.921903,0.0582079
1726021,1,-2.75261,-1.32534,1.01106,-1.94698,1.10107,1.16771,2.20139,-2.75266,-1.32422,1.00895,-1.94565,1.10136,1.16858,2.20139,-0.000218617,-0.000417464,-0.000439524,-7.71882e-05,-0.000415651,-0.000169205,0.00093134,0,0,0,0,0,0,0,-0.176685,26.7383,-24.7366,7.52262,0.841692,2.51882,0.0459692,-0.176033,2.1504,-3.08202,1.91752,0.185042,0.922069,0.058661
1726022,1,-2.75261,-1.32534,1.01106,-1.94698,1.10108,1.16771,2.20139,-2.75266,-1.32422,1.00895,-1.94565,1.10136,1.16858,2.20139,0.000503869,-0.00148474,-0.000293016,-5.14588e-05,0.000333251,-0.000350162,0.000146175,0,0,0,0,0,0,0,-0.204456,26.7898,-24.7366,7.52262,0.825212,2.52523,0.0587866,-0.178025,2.15225,-3.08377,1.91702,0.185014,0.922251,0.0590644
1726023,1,-2.75261,-1.32534,1.01106,-1.94699,1.10108,1.16771,2.20139,-2.75266,-1.32422,1.00895,-1.94565,1.10136,1.16858,2.20139,-0.000313701,0.000216602,0.0016607,-0.000591118,-0.000184734,0.000241277,0.00131815,0,0,0,0,0,0,0,-0.176685,26.7383,-24.8159,7.54642,0.836199,2.51242,0.0258276,-0.180413,2.15505,-3.0861,1.9163,0.184988,0.922462,0.0594062
1726024,1,-2.75261,-1.32534,1.01106,-1.94698,1.10108,1.16772,2.20139,-2.75266,-1.32422,1.00895,-1.94565,1.10136,1.16858,2.20139,-0.000209134,0.000144401,-0.000748909,0.00136916,0.000487196,-7.65079e-05,-0.000104575,0,0,0,0,0,0,0,-0.176685,26.7383,-24.7366,7.47104,0.819719,2.51882,0.0523779,-0.182048,2.1575,-3.08881,1.91588,0.184969,0.922685,0.0596725
1726025,1,-2.75261,-1.32534,1.01106,-1.94699,1.10108,1.16772,2.20139,-2.75266,-1.32422,1.00895,-1.94565,1.10136,1.16858,2.20139,0.000510191,9.62677e-05,-0.00105608,-0.000850465,-8.2104e-05,-5.10053e-05,0.000676268,0,0,0,0,0,0,0,-0.204456,26.7383,-24.7128,7.54642,0.830705,2.51882,0.0322363,-0.18331,2.15828,-3.08974,1.91553,0.184925,0.922784,0.0598449
1726026,1,-2.75261,-1.32534,1.01105,-1.94699,1.10108,1.16771,2.20139,-2.75266,-1.32422,1.00895,-1.94565,1.10136,1.16858,2.20139,-0.000866298,0.00062099,-0.000704057,-1.01647e-05,-0.000461637,0.000203355,0.000213487,0,0,0,0,0,0,0,-0.152882,26.7144,-24.7128,7.52262,0.841692,2.51242,0.038645,-0.183843,2.15696,-3.08833,1.91581,0.184909,0.922746,0.0599207
1726027,1,-2.75261,-1.32534,1.01106,-1.94698,1.10108,1.16771,2.20139,-2.75266,-1.32422,1.00895,-1.94565,1.10136,1.16858,2.20139,-0.000577532,-0.000792432,8.74409e-05,0.000550036,9.9143e-05,-0.000339148,0.000379683,0,0,0,0,0,0,0,-0.152882,26.766,-24.7366,7.49881,0.830705,2.52523,0.0322363,-0.182867,2.1547,-3.08646,1.91693,0.184954,0.922663,0.0599032
1726028,1,-2.75261,-1.32534,1.01106,-1.94698,1.10108,1.16771,2.20139,-2.75266,-1.32422,1.00895,-1.94565,1.10136,1.16858,2.20139,0.000821404,0.000121326,5.8294e-05,0.00036669,0.000269546,-0.000226098,0.000253122,0,0,0,0,0,0,0,-0.204456,26.7383,-24.7366,7.49881,0.825212,2.52523,0.0322363,-0.182347,2.15374,-3.08572,1.91747,0.184967,0.922641,0.0597926
1726029,1,-2.75261,-1.32534,1.01106,-1.94698,1.10108,1.16771,2.20139,-2.75266,-1.32422,1.00895,-1.94565,1.10136,1.16858,2.20139,0.000547603,0.000637696,3.88626e-05,-0.000312352,0.000179697,0.000561345,-0.000339878,0,0,0,0,0,0,0,-0.204456,26.7144,-24.7366,7.52262,0.825212,2.50601,0.0459692,-0.183535,2.15391,-3.08569,1.91709,0.184905,0.922708,0.0595948
1726030,1,-2.75261,-1.32534,1.01106,-1.94698,1.10108,1.16771,2.20139,-2.75266,-1.32422,1.00895,-1.94565,1.10136,1.16858,2.20139,0.000365069,-0.000131681,0.000675522,-0.000208234,-0.000287103,0.000136871,0.0005194,0,0,0,0,0,0,0,-0.204456,26.7383,-24.7643,7.52262,0.836199,2.51242,0.0258276,-0.185261,2.15417,-3.08599,1.9167,0.184828,0.922843,0.0593245
1726031,1,-2.75261,-1.32534,1.01106,-1.94698,1.10108,1.16771,2.20139,-2.75266,-1.32422,1.00895,-1.94565,1.10136,1.16858,2.20139,0.000800191,-8.77876e-05,0.000450348,-0.000138823,0.000215499,-0.000383471,-0.000128451,0,0,0,0,0,0,0,-0.22826,26.7383,-24.7643,7.52262,0.825212,2.52523,0.038645,-0.187135,2.1551,-3.08727,1.91641,0.184758,0.923051,0.0589964
1726032,1,-2.75261,-1.32534,1.01106,-1.94698,1.10108,1.16771,2.20139,-2.75266,-1.32422,1.00895,-1.94565,1.10136,1.16858,2.20139,-0.000672965,-0.000708139,0.000300232,-9.25487e-05,-5.97844e-05,-1.82882e-05,0.000389084,0,0,0,0,0,0,0,-0.176685,26.766,-24.7643,7.52262,0.830705,2.51882,0.0258276,-0.188901,2.15687,-3.08946,1.91616,0.184702,0.923302,0.0586173
1726033,1,-2.75261,-1.32534,1.01106,-1.94698,1.10108,1.16771,2.20139,-2.75266,-1.32422,1.00895,-1.94565,1.10136,1.16858,2.20139,0.00020097,0.000734333,0.000756967,0.000495113,0.000163594,-1.21921e-05,-0.000486596,0,0,0,0,0,0,0,-0.204456,26.7144,-24.7881,7.49881,0.825212,2.51882,0.0459692,-0.189632,2.15861,-3.09201,1.91628,0.184676,0.923539,0.0581934
1726034,1,-2.75261,-1.32534,1.01106,-1.94698,1.10108,1.16771,2.20139,-2.75266,-1.32422,1.00895,-1.94565,1.10136,1.16858,2.20139,0.000690792,0.000489555,0.000504644,0.0015365,0.000312513,0.000229231,0.000658947,0,0,0,0,0,0,0,-0.22826,26.7144,-24.7881,7.44724,0.819719,2.51242,0.0194189,-0.190456,2.15992,-3.09432,1.91601,0.184594,0.923733,0.0577345
1726035,1,-2.75261,-1.32534,1.01106,-1.94699,1.10108,1.16772,2.20139,-2.75266,-1.32422,1.00895,-1.94565,1.10136,1.16858,2.20139,-0.000745898,-0.000230442,-0.000220382,-0.00129572,-0.000198559,0.000152821,-3.542e-05,0,0,0,0,0,0,0,-0.176685,26.7383,-24.7643,7.54642,0.830705,2.51242,0.0322363,-0.191473,2.16065,-3.09597,1.91547,0.184472,0.923872,0.0572482
1726036,1,-2.75261,-1.32534,1.01106,-1.94698,1.10108,1.16771,2.20139,-2.75266,-1.32422,1.00895,-1.94565,1.10136,1.16858,2.20139,-0.000497265,0.000403184,-0.000146922,0.00145624,0.000274528,-0.000135479,-0.000260972,0,0,0,0,0,0,0,-0.176685,26.7144,-24.7643,7.44724,0.819719,2.51882,0.038645,-0.190879,2.16024,-3.09682,1.91589,0.184425,0.923928,0.0567353
1726037,1,-2.75261,-1.32534,1.01106,-1.94698,1.10108,1.16771,2.20139,-2.75266,-1.32422,1.00895,-1.94565,1.10136,1.16858,2.20139,-0.000888322,-0.000937636,-0.000747562,-0.0002356,-0.000427333,-9.0319e-05,-0.000173982,0,0,0,0,0,0,0,-0.152882,26.766,-24.7366,7.49881,0.836199,2.51882,0.038645,-0.189098,2.15918,-3.09695,1.91677,0.18442,0.923892,0.0561993
1726038,1,-2.75261,-1.32534,1.01106,-1.94698,1.10108,1.16771,2.20139,-2.75266,-1.32422,1.00895,-1.94565,1.10136,1.16858,2.20139,-3.54027e-05,2.4523e-05,0.000708051,-0.000713878,0.000122013,-0.000534931,-0.000115988,0,0,0,0,0,0,0,-0.176685,26.7383,-24.7881,7.52262,0.825212,2.53164,0.038645,-0.186872,2.15835,-3.09718,1.9179,0.184451,0.923854,0.0556565
1726039,1,-2.7526,-1.32534,1.01106,-1.94699,1.10108,1.16771,2.20139,-2.75266,-1.32422,1.00895,-1.94565,1.10136,1.16858,2.20139,0.00118282,1.63487e-05,0.000472034,-0.00103273,-0.000325559,-0.000119261,0.000397393,0,0,0,0,0,0,0,-0.22826,26.7383,-24.7881,7.54642,0.836199,2.52523,0.0258276,-0.185071,2.15809,-3.09828,1.91935,0.184514,0.923943,0.0551227
1726040,1,-2.75261,-1.32534,1.01106,-1.94698,1.10108,1.16771,2.20139,-2.75266,-1.32422,1.00895,-1.94565,1.10136,1.16858,2.20139,-0.000974688,1.08991e-05,-0.000891736,0.00107475,0.000393312,0.000157851,2.75696e-05,0,0,0,0,0,0,0,-0.152882,26.7383,-24.7366,7.47104,0.819719,2.51882,0.0322363,-0.184455,2.15805,-3.09937,1.92039,0.18454,0.924089,0.0545972
1726041,1,-2.75261,-1.32534,1.01106,-1.94698,1.10108,1.16771,2.20138,-2.75266,-1.32422,1.00895,-1.94565,1.10136,1.16858,2.20139,-9.29804e-05,0.00121369,0.000611935,-0.000489926,5.87575e-05,-0.000369484,-0.00167704,0,0,0,0,0,0,0,-0.176685,26.6867,-24.7881,7.52262,0.825212,2.53164,0.0780126,-0.183606,2.15706,-3.09951,1.92126,0.184536,0.924169,0.0540742
1726042,1,-2.75261,-1.32534,1.01106,-1.94698,1.10108,1.16771,2.20138,-2.75266,-1.32422,1.00895,-1.94565,1.10136,1.16858,2.20139,0.000587627,-0.000397298,-0.000148855,0.00143662,3.91717e-05,0.000465754,-0.00064331,0,0,0,0,0,0,0,-0.204456,26.7383,-24.7643,7.44724,0.825212,2.51242,0.0651953,-0.182932,2.15567,-3.09935,1.92174,0.184477,0.924235,0.0535719
1726043,1,-2.75261,-1.32534,1.01106,-1.94698,1.10108,1.16771,2.20138,-2.75266,-1.32422,1.00895,-1.94565,1.10136,1.16858,2.20139,-0.000814675,-0.000914479,-9.92369e-05,0.000400935,-0.000177336,0.000310503,-0.000428873,0,0,0,0,0,0,0,-0.152882,26.766,-24.7643,7.47104,0.830705,2.51242,0.0651953,-0.183895,2.15579,-3.09973,1.92085,0.184325,0.924324,0.0531273
1726044,1,-2.75261,-1.32534,1.01106,-1.94698,1.10108,1.16771,2.20139,-2.75266,-1.32422,1.00895,-1.94565,1.10136,1.16858,2.20139,1.36956e-05,3.99611e-05,-0.00127258,-0.000382324,-0.000321675,0.000207002,0.000188802,0,0,0,0,0,0,0,-0.176685,26.7383,-24.7128,7.49881,0.836199,2.51242,0.0523779,-0.184992,2.15661,-3.10007,1.91963,0.184181,0.924378,0.0527688
1726045,1,-2.75261,-1.32534,1.01106,-1.94698,1.10108,1.16772,2.20138,-2.75266,-1.32422,1.00895,-1.94565,1.10136,1.16858,2.20139,9.1304e-06,2.66408e-05,0.000914849,-0.000811694,-0.000621351,-9.93576e-05,-0.001773,0,0,0,0,0,0,0,-0.176685,26.7383,-24.7881,7.52262,0.847185,2.51882,0.103647,-0.184956,2.15665,-3.1,1.91943,0.184135,0.924419,0.0525037
1726046,1,-2.75261,-1.32534,1.01106,-1.94698,1.10108,1.16772,2.20138,-2.75266,-1.32422,1.00895,-1.94565,1.10136,1.16858,2.20139,6.08693e-06,0.00122419,-0.000596527,1.56823e-05,0.000196118,0.000171121,4.79257e-06,0,0,0,0,0,0,0,-0.176685,26.6867,-24.7366,7.49881,0.830705,2.51242,0.071604,-0.184018,2.15573,-3.09997,1.92017,0.184166,0.924493,0.0523411
1726047,1,-2.75261,-1.32534,1.01106,-1.94698,1.10108,1.16771,2.20138,-2.75266,-1.32422,1.00895,-1.94565,1.10136,1.16858,2.20139,0.000653672,-0.000390302,-0.000954496,-0.000546357,0.000334196,-0.000597996,-0.000471523,0,0,0,0,0,0,0,-0.204456,26.7383,-24.7128,7.52262,0.825212,2.53164,0.0844213,-0.183145,2.15393,-3.09923,1.92107,0.184215,0.924542,0.0522976
1726048,1,-2.75261,-1.32534,1.01106,-1.94698,1.10108,1.16771,2.20138,-2.75266,-1.32422,1.00895,-1.94565,1.10136,1.16858,2.20139,0.000435781,-0.000260201,0.00112691,0.000192574,1.93466e-05,0.000313413,0.000397728,0,0,0,0,0,0,0,-0.204456,26.7383,-24.7881,7.49881,0.830705,2.51242,0.0651953,-0.183679,2.153,-3.09861,1.92119,0.184227,0.924608,0.0523703
1726049,1,-2.75261,-1.32534,1.01106,-1.94698,1.10108,1.16771,2.20138,-2.75266,-1.32422,1.00895,-1.94565,1.10136,1.16858,2.20139,0.000847333,-0.000173467,-0.000455155,0.000128383,0.000419799,-2.84173e-05,-0.000921643,0,0,0,0,0,0,0,-0.22826,26.7383,-24.7366,7.49881,0.819719,2.51882,0.0972387,-0.185869,2.1541,-3.09943,1.92021,0.184172,0.924765,0.0525403
1726050,1,-2.75261,-1.32534,1.01106,-1.94698,1.10108,1.16771,2.20138,-2.75266,-1.32422,1.00895,-1.94565,1.10136,1.16858,2.20139,8.07658e-06,-0.000765259,0.000346178,-0.000471224,-0.000127035,0.000218414,9.76485e-05,0,0,0,0,0,0,0,-0.204456,26.766,-24.7643,7.52262,0.830705,2.51242,0.0780126,-0.188771,2.15626,-3.10098,1.9187,0.184084,0.924955,0.0527943
1726051,1,-2.75261,-1.32534,1.01106,-1.94698,1.10108,1.16771,2.20138,-2.75266,-1.32422,1.00895,-1.94565,1.10136,1.16858,2.20139,-0.00120104,-0.000510173,-0.000975641,0.000892277,-0.000288141,-9.17495e-05,6.5099e-05,0,0,0,0,0,0,0,-0.152882,26.766,-24.7128,7.47104,0.836199,2.51882,0.0780126,-0.190543,2.15838,-3.10253,1.91763,0.184037,0.925094,0.0531289
1726052,1,-2.75261,-1.32534,1.01106,-1.94698,1.10108,1.16772,2.20139,-2.75266,-1.32422,1.00895,-1.94565,1.10136,1.16858,2.20139,-0.00145031,0.000866311,-9.36153e-05,-5.47627e-05,0.000214807,-6.11664e-05,4.33993e-05,0,0,0,0,0,0,0,-0.125111,26.7144,-24.7366,7.49881,0.825212,2.51882,0.0780126,-0.189389,2.15887,-3.10328,1.91781,0.184079,0.925104,0.0535364
1726053,1,-2.75261,-1.32534,1.01106,-1.94698,1.10108,1.16771,2.20138,-2.75266,-1.32422,1.00895,-1.94565,1.10136,1.16858,2.20139,0.000889168,2.07286e-05,0.000587204,-3.65085e-05,0.000143205,-0.000278137,2.89329e-05,0,0,0,0,0,0,0,-0.204456,26.7383,-24.7643,7.49881,0.825212,2.52523,0.0780126,-0.186397,2.15776,-3.1035,1.91896,0.184169,0.925067,0.0540002
1726054,1,-2.75261,-1.32534,1.01106,-1.94698,1.10108,1.16771,2.20138,-2.75266,-1.32422,1.00895,-1.94565,1.10136,1.16858,2.20139,0.000592778,1.38191e-05,0.000948281,-2.4339e-05,-0.000107981,5.19346e-05,-0.000692788,0,0,0,0,0,0,0,-0.204456,26.7383,-24.7881,7.49881,0.830705,2.51882,0.0972387,-0.184964,2.15752,-3.10463,1.91952,0.184195,0.925152,0.0545018
1726055,1,-2.75261,-1.32534,1.01106,-1.94698,1.10108,1.16771,2.20138,-2.75266,-1.32422,1.00895,-1.94565,1.10136,1.16858,2.20139,0.000395186,9.21272e-06,7.53755e-05,-0.000573038,-0.000275438,3.46231e-05,1.28591e-05,0,0,0,0,0,0,0,-0.204456,26.7383,-24.7643,7.52262,0.836199,2.51882,0.0844213,-0.185505,2.15863,-3.10665,1.91927,0.184157,0.92535,0.0550343
1726056,1,-2.75261,-1.32534,1.01106,-1.94698,1.10108,1.16771,2.20138,-2.75266,-1.32422,1.00895,-1.94565,1.10136,1.16858,2.20139,-0.000386157,-0.00120028,0.000607062,0.000174787,1.98255e-05,0.000260441,-0.000466145,0,0,0,0,0,0,0,-0.176685,26.7898,-24.7881,7.49881,0.830705,2.51242,0.0972387,-0.186362,2.16036,-3.10902,1.91895,0.184129,0.925577,0.0556022
1726057,1,-2.75261,-1.32534,1.01106,-1.94699,1.10108,1.16771,2.20138,-2.75266,-1.32422,1.00895,-1.94565,1.10136,1.16858,2.20139,-0.000257438,0.000963048,0.000404708,-0.000997099,1.3217e-05,0.000173627,0.000401313,0,0,0,0,0,0,0,-0.176685,26.7144,-24.7881,7.54642,0.830705,2.51242,0.0780126,-0.186295,2.16206,-3.11157,1.91914,0.184156,0.925787,0.0562089
1726058,1,-2.75261,-1.32534,1.01106,-1.94698,1.10108,1.16771,2.20138,-2.75266,-1.32422,1.00895,-1.94565,1.10136,1.16858,2.20139,-0.000728437,0.00129165,-0.00093662,0.0010985,0.000212262,-0.000121607,3.01833e-05,0,0,0,0,0,0,0,-0.152882,26.6867,-24.7366,7.47104,0.825212,2.51882,0.0844213,-0.184463,2.16148,-3.11266,1.92033,0.184236,0.925876,0.0568532
1726059,1,-2.75261,-1.32534,1.01105,-1.94698,1.10108,1.16771,2.20139,-2.75266,-1.32422,1.00895,-1.94565,1.10136,1.16858,2.20139,0.00183442,-0.000345328,-0.000624414,-0.000474089,0.000141508,-0.000555789,0.000969558,0,0,0,0,0,0,0,-0.252064,26.7383,-24.7366,7.52262,0.825212,2.53164,0.0587866,-0.183152,2.15911,-3.11139,1.9212,0.184261,0.925814,0.057516
1726060,1,-2.75261,-1.32534,1.01106,-1.94698,1.10108,1.16771,2.20138,-2.75266,-1.32422,1.00895,-1.94565,1.10136,1.16858,2.20139,-0.000540288,0.000326593,-0.000416276,0.000890366,-0.000109112,-0.000133167,-0.000540423,0,0,0,0,0,0,0,-0.176685,26.7144,-24.7366,7.47104,0.830705,2.52523,0.09083,-0.184345,2.15746,-3.10924,1.92064,0.184179,0.925722,0.0581685
1726061,1,-2.75261,-1.32534,1.01106,-1.94698,1.10108,1.16771,2.20138,-2.75266,-1.32422,1.00895,-1.94565,1.10136,1.16858,2.20139,-0.000917004,-0.000988697,0.000928909,-0.000612848,-0.000479642,0.000148581,0.000114436,0,0,0,0,0,0,0,-0.152882,26.766,-24.7881,7.52262,0.841692,2.51882,0.0780126,-0.1854,2.15697,-3.10822,1.91998,0.184108,0.925688,0.0587951
1726062,1,-2.75261,-1.32534,1.01106,-1.94699,1.10108,1.16771,2.20139,-2.75266,-1.32422,1.00895,-1.94565,1.10136,1.16858,2.20139,0.00059509,0.000547294,-0.000587153,-0.000965378,0.000494041,0.000336413,0.00200907,0,0,0,0,0,0,0,-0.204456,26.7144,-24.7366,7.54642,0.819719,2.51242,0.0258276,-0.184706,2.157,-3.10866,1.92037,0.184142,0.925737,0.0593993
1726063,1,-2.75261,-1.32534,1.01106,-1.94698,1.10108,1.16772,2.20139,-2.75266,-1.32422,1.00895,-1.94565,1.10136,1.16858,2.20139,0.000396727,-0.000191949,0.00081499,-8.67731e-05,-7.75407e-05,-1.30838e-05,0.000118677,0,0,0,0,0,0,0,-0.204456,26.7383,-24.7881,7.52262,0.830705,2.51882,0.0587866,-0.184046,2.15711,-3.10946,1.92113,0.184208,0.925845,0.0599617
1726064,1,-2.75261,-1.32534,1.01106,-1.94698,1.10108,1.16771,2.20139,-2.75266,-1.32422,1.00895,-1.94565,1.10136,1.16858,2.20139,-0.00038513,-0.000127966,-0.000663099,0.000498963,-5.16938e-05,-0.000246081,7.91182e-05,0,0,0,0,0,0,0,-0.176685,26.7383,-24.7366,7.49881,0.830705,2.52523,0.0587866,-0.184271,2.15757,-3.11031,1.92139,0.184226,0.925964,0.0604381
1726065,1,-2.75261,-1.32534,1.01106,-1.94698,1.10108,1.16771,2.20139,-2.75266,-1.32422,1.00895,-1.94565,1.10136,1.16858,2.20139,-0.000813565,-8.53107e-05,-0.000442066,0.000332642,-0.000644814,0.000310664,0.000290104,0,0,0,0,0,0,0,-0.152882,26.7383,-24.7366,7.49881,0.847185,2.51242,0.0523779,-0.184292,2.15793,-3.11075,1.92137,0.184224,0.926014,0.0608153
1726066,1,-2.75261,-1.32534,1.01106,-1.94698,1.10108,1.16771,2.20139,-2.75266,-1.32422,1.00895,-1.94565,1.10136,1.16858,2.20139,1.44353e-05,-5.68738e-05,0.000911715,0.000221761,0.000587377,-3.02499e-05,0.00117675,0,0,0,0,0,0,0,-0.176685,26.7383,-24.7881,7.49881,0.819719,2.51882,0.0258276,-0.183654,2.15805,-3.11105,1.92144,0.184235,0.926021,0.0611042
1726067,1,-2.75261,-1.32534,1.01106,-1.94698,1.10108,1.16771,2.20139,-2.75266,-1.32422,1.00895,-1.94565,1.10136,1.16858,2.20139,9.62354e-06,0.000518896,5.09982e-05,0.000147841,-1.53167e-05,-0.000257526,0.00030978,0,0,0,0,0,0,0,-0.176685,26.7144,-24.7643,7.49881,0.830705,2.52523,0.038645,-0.183143,2.15847,-3.11204,1.9214,0.184238,0.926077,0.0613024
1726068,1,-2.75261,-1.32534,1.01106,-1.94698,1.10108,1.16771,2.20138,-2.75266,-1.32422,1.00895,-1.94565,1.10136,1.16858,2.20139,0.00121284,0.000345931,-0.000615615,9.85606e-05,-0.000213662,0.000303034,-0.000776824,0,0,0,0,0,0,0,-0.22826,26.7144,-24.7366,7.49881,0.836199,2.51242,0.0651953,-0.183714,2.15869,-3.11259,1.92095,0.184199,0.926145,0.0613933
1726069,1,-2.75261,-1.32534,1.01106,-1.94698,1.10108,1.16771,2.20139,-2.75266,-1.32422,1.00895,-1.94565,1.10136,1.16858,2.20139,-0.000954677,-0.000326191,0.000239204,-0.000491105,6.10094e-05,-3.53361e-05,0.000465461,0,0,0,0,0,0,0,-0.152882,26.7383,-24.7643,7.52262,0.830705,2.51882,0.038645,-0.184878,2.15853,-3.11236,1.9204,0.184156,0.926191,0.061385
1726070,1,-2.75261,-1.32534,1.01105,-1.94698,1.10108,1.16771,2.20139,-2.75266,-1.32422,1.00895,-1.94565,1.10136,1.16858,2.20139,-7.96392e-05,0.000339351,-0.00104696,0.000229409,4.0673e-05,0.000213802,3.90403e-05,0,0,0,0,0,0,0,-0.176685,26.7144,-24.7128,7.49881,0.830705,2.51242,0.0459692,-0.184902,2.15791,-3.1119,1.92054,0.184181,0.926203,0.061307
1726071,1,-2.75261,-1.32534,1.01105,-1.94698,1.10108,1.16771,2.20139,-2.75266,-1.32422,1.00895,-1.94565,1.10136,1.16858,2.20139,0.000596521,0.000226234,-0.000697971,0.000802553,2.71153e-05,-9.48246e-05,0.000297294,0,0,0,0,0,0,0,-0.204456,26.7144,-24.7128,7.47104,0.830705,2.51882,0.038645,-0.184803,2.15674,-3.11056,1.9206,0.184204,0.926138,0.0611703
1726072,1,-2.75261,-1.32534,1.01106,-1.94698,1.10108,1.16771,2.20139,-2.75266,-1.32422,1.00895,-1.94565,1.10136,1.16858,2.20139,0.000397681,-0.000405989,9.14979e-05,-0.000671391,-0.000185374,-6.32164e-05,-0.000547789,0,0,0,0,0,0,0,-0.204456,26.7383,-24.7366,7.52262,0.836199,2.51882,0.0587866,-0.186102,2.15604,-3.1089,1.91984,0.184167,0.926064,0.0609775
1726073,1,-2.75261,-1.32534,1.01106,-1.94698,1.10108,1.16771,2.20139,-2.75266,-1.32422,1.00895,-1.94565,1.10136,1.16858,2.20139,-0.000941305,-0.000920273,0.000710613,0.000109218,7.98681e-05,0.000195215,0.00109287,0,0,0,0,0,0,0,-0.152882,26.766,-24.7643,7.49881,0.830705,2.51242,0.0194189,-0.187298,2.15672,-3.10888,1.91918,0.184163,0.926092,0.0607427
1726074,1,-2.75261,-1.32534,1.01106,-1.94698,1.10108,1.16771,2.20139,-2.75266,-1.32422,1.00895,-1.94565,1.10136,1.16858,2.20139,-7.0725e-05,0.00124252,0.000473742,0.00127924,-0.000150205,-0.000107216,1.65027e-05,0,0,0,0,0,0,0,-0.176685,26.6867,-24.7643,7.44724,0.836199,2.51882,0.038645,-0.187285,2.15808,-3.1105,1.91893,0.184202,0.926185,0.0604744
1726075,1,-2.75261,-1.32534,1.01106,-1.94698,1.10108,1.16771,2.20139,-2.75266,-1.32422,1.00895,-1.94565,1.10136,1.16858,2.20139,0.000602464,0.000178736,0.000315828,-0.000353601,0.000103314,0.000165882,1.10018e-05,0,0,0,0,0,0,0,-0.204456,26.7144,-24.7643,7.49881,0.830705,2.51242,0.038645,-0.18709,2.15889,-3.11217,1.91857,0.184214,0.926272,0.0601637
1726076,1,-2.75261,-1.32534,1.01106,-1.94698,1.10108,1.16771,2.20139,-2.75266,-1.32422,1.00895,-1.94565,1.10136,1.16858,2.20139,0.000401643,0.000119157,0.000210552,-0.000235734,0.000272326,-0.000126771,-0.000738651,0,0,0,0,0,0,0,-0.204456,26.7144,-24.7643,7.49881,0.825212,2.51882,0.0587866,-0.187521,2.15928,-3.11345,1.91812,0.184212,0.926368,0.0598081
1726077,1,-2.75261,-1.32534,1.01106,-1.94698,1.10108,1.16771,2.20139,-2.75266,-1.32422,1.00895,-1.94565,1.10136,1.16858,2.20139,-0.000381852,7.9438e-05,0.000140368,-0.000157156,0.000385001,0.000390204,0.000728269,0,0,0,0,0,0,0,-0.176685,26.7144,-24.7643,7.49881,0.819719,2.50601,0.0258276,-0.187859,2.15952,-3.11458,1.91797,0.184241,0.926465,0.0594258
1726078,1,-2.75261,-1.32534,1.01106,-1.94698,1.10107,1.16771,2.20139,-2.75266,-1.32422,1.00895,-1.94565,1.10136,1.16858,2.20139,-0.000254568,5.29587e-05,-0.000556035,0.000544843,-0.000557134,0.000260136,0.000485513,0,0,0,0,0,0,0,-0.176685,26.7144,-24.7366,7.47104,0.841692,2.50601,0.0258276,-0.187422,2.15923,-3.1152,1.91817,0.184295,0.926491,0.0590304
1726079,1,-2.75261,-1.32534,1.01105,-1.94698,1.10108,1.16771,2.20139,-2.75266,-1.32422,1.00895,-1.94565,1.10136,1.16858,2.20139,-0.000169712,-0.000521506,-0.00037069,-0.000286385,3.54781e-05,-6.3935e-05,8.63163e-05,0,0,0,0,0,0,0,-0.176685,26.7383,-24.7366,7.49881,0.830705,2.51242,0.0322363,-0.186658,2.15864,-3.1151,1.91836,0.184355,0.926422,0.0586108
1726080,1,-2.75261,-1.32534,1.01105,-1.94698,1.10108,1.16771,2.20139,-2.75266,-1.32422,1.00895,-1.94565,1.10136,1.16858,2.20139,-0.000113141,-0.000347671,-0.000803939,0.0010155,-0.000179798,-4.26234e-05,0.000294903,0,0,0,0,0,0,0,-0.176685,26.7383,-24.7128,7.44724,0.836199,2.51242,0.0258276,-0.18635,2.15835,-3.11453,1.91812,0.184396,0.926288,0.0581537
1726081,1,-2.75261,-1.32534,1.01106,-1.94698,1.10108,1.16771,2.20139,-2.75266,-1.32422,1.00895,-1.94565,1.10136,1.16858,2.20139,0.001131,-0.000881394,2.08528e-05,-0.00108624,-0.000119866,-0.000265775,-0.0010241,0,0,0,0,0,0,0,-0.22826,26.766,-24.7366,7.52262,0.836199,2.51882,0.0587866,-0.187315,2.15896,-3.11397,1.91715,0.184402,0.926156,0.0576588
1726082,1,-2.75261,-1.32534,1.01106,-1.94698,1.10108,1.16771,2.20139,-2.75266,-1.32422,1.00895,-1.94565,1.10136,1.16858,2.20139,0.000197187,0.00061883,0.000663516,-0.000167345,0.000326991,-0.000177183,6.32512e-05,0,0,0,0,0,0,0,-0.204456,26.7144,-24.7643,7.49881,0.825212,2.51882,0.038645,-0.189168,2.16027,-3.11411,1.91606,0.184405,0.926116,0.0571448
1726083,1,-2.75261,-1.32534,1.01106,-1.94698,1.10108,1.16771,2.20139,-2.75266,-1.32422,1.00895,-1.94565,1.10136,1.16858,2.20139,-0.000518156,0.00106217,0.000442344,0.00053805,1.45432e-05,0.000356596,-0.000466459,0,0,0,0,0,0,0,-0.176685,26.6867,-24.7643,7.47104,0.830705,2.50601,0.0523779,-0.189956,2.16071,-3.11475,1.91574,0.184439,0.926127,0.0566429
1726084,1,-2.75261,-1.32534,1.01106,-1.94698,1.10108,1.16771,2.20139,-2.75266,-1.32422,1.00895,-1.94565,1.10136,1.16858,2.20139,-0.000902249,-0.00114793,-0.00091153,-0.000290914,9.69548e-06,-0.000236987,0.000197654,0,0,0,0,0,0,0,-0.152882,26.766,-24.7128,7.49881,0.830705,2.51882,0.038645,-0.188788,2.15984,-3.11509,1.91625,0.184517,0.926079,0.0561668
1726085,1,-2.75261,-1.32534,1.01106,-1.94698,1.10108,1.16771,2.20138,-2.75266,-1.32422,1.00895,-1.94565,1.10136,1.16858,2.20139,-0.0006015,-0.000765286,-0.000607687,-0.000193942,6.46365e-06,0.000316726,-0.000851575,0,0,0,0,0,0,0,-0.152882,26.766,-24.7128,7.49881,0.830705,2.50601,0.0651953,-0.186487,2.15893,-3.11501,1.91717,0.184652,0.925955,0.0557161
1726086,1,-2.75261,-1.32534,1.01106,-1.94698,1.10108,1.16771,2.20138,-2.75266,-1.32422,1.00895,-1.94565,1.10136,1.16858,2.20139,0.000805426,0.000696235,0.00135811,-0.000129295,4.3091e-06,-0.000263567,-0.00127979,0,0,0,0,0,0,0,-0.204456,26.7144,-24.7881,7.49881,0.830705,2.51882,0.0844213,-0.184525,2.15869,-3.1152,1.91793,0.184783,0.925852,0.0553009
1726087,1,-2.75261,-1.32534,1.01106,-1.94698,1.10108,1.16771,2.20139,-2.75266,-1.32422,1.00895,-1.94565,1.10136,1.16858,2.20139,-0.000669475,0.000464157,-0.000301017,-0.000643009,0.000206323,0.000536366,9.62401e-05,0,0,0,0,0,0,0,-0.152882,26.7144,-24.7366,7.52262,0.825212,2.4996,0.0587866,-0.183044,2.15837,-3.11586,1.91866,0.184879,0.925819,0.0549537
1726088,1,-2.75261,-1.32534,1.01106,-1.94698,1.10108,1.16771,2.20139,-2.75266,-1.32422,1.00895,-1.94565,1.10136,1.16858,2.20139,0.000760109,0.000309438,-0.000200678,-0.000428672,-6.59017e-05,0.000120218,0.000301519,0,0,0,0,0,0,0,-0.204456,26.7144,-24.7366,7.52262,0.830705,2.50601,0.0523779,-0.181454,2.15713,-3.11591,1.91973,0.184973,0.925766,0.0546989
1726089,1,-2.75261,-1.32534,1.01106,-1.94698,1.10108,1.16771,2.20138,-2.75266,-1.32422,1.00895,-1.94565,1.10136,1.16858,2.20139,-0.000142874,-0.00035052,-0.000133785,0.00027103,-4.39345e-05,-0.000394573,-0.000748423,0,0,0,0,0,0,0,-0.176685,26.7383,-24.7366,7.49881,0.830705,2.51882,0.0780126,-0.180729,2.15588,-3.11531,1.92039,0.185024,0.925667,0.0545247
1726090,1,-2.75261,-1.32534,1.01105,-1.94698,1.10108,1.16771,2.20138,-2.75266,-1.32422,1.00895,-1.94565,1.10136,1.16858,2.20139,0.000554364,-0.00023368,-0.00120281,0.000180687,-0.00023274,-0.000737766,-0.000973667,0,0,0,0,0,0,0,-0.204456,26.7383,-24.689,7.49881,0.836199,2.53164,0.09083,-0.181563,2.15552,-3.11437,1.92,0.184996,0.925536,0.0544155
1726091,1,-2.75261,-1.32534,1.01106,-1.94698,1.10108,1.16771,2.20138,-2.75266,-1.32422,1.00895,-1.94565,1.10136,1.16858,2.20139,0.000926388,-0.000805401,0.000961362,0.000120458,0.000251741,0.000220233,0.000300325,0,0,0,0,0,0,0,-0.22826,26.766,-24.7643,7.49881,0.825212,2.51242,0.0651953,-0.184144,2.15648,-3.11358,1.91848,0.184892,0.925423,0.0543824
1726092,1,-2.75261,-1.32534,1.01106,-1.94698,1.10108,1.16771,2.20138,-2.75266,-1.32422,1.00895,-1.94565,1.10136,1.16858,2.20139,-0.000588834,0.00131911,-8.7061e-06,8.03053e-05,-3.56232e-05,0.000384181,0.000200216,0,0,0,0,0,0,0,-0.176685,26.6867,-24.7366,7.49881,0.830705,2.50601,0.0651953,-0.187087,2.1581,-3.11362,1.91672,0.184764,0.925379,0.0544399
1726093,1,-2.75261,-1.32534,1.01106,-1.94698,1.10108,1.16771,2.20139,-2.75266,-1.32422,1.00895,-1.94565,1.10136,1.16858,2.20139,-0.000392556,-0.000327022,-0.000562616,5.35369e-05,0.000179702,0.00025612,-0.000578599,0,0,0,0,0,0,0,-0.176685,26.7383,-24.7128,7.49881,0.825212,2.50601,0.0844213,-0.187929,2.15828,-3.11343,1.91608,0.184703,0.925304,0.0545755
1726094,1,-2.75261,-1.32534,1.01106,-1.94698,1.10108,1.16771,2.20138,-2.75266,-1.32422,1.00895,-1.94565,1.10136,1.16858,2.20139,-0.000818516,-0.000218015,0.000181735,3.56912e-05,-8.36494e-05,-0.000303971,-0.000148374,0,0,0,0,0,0,0,-0.152882,26.7383,-24.7366,7.49881,0.830705,2.51882,0.0780126,-0.186812,2.15743,-3.11284,1.91645,0.184714,0.925168,0.0547704
1726095,1,-2.75261,-1.32534,1.01106,-1.94698,1.10108,1.16771,2.20138,-2.75266,-1.32422,1.00895,-1.94565,1.10136,1.16858,2.20139,1.11347e-05,-0.000145343,0.000121156,-0.000533018,-5.57663e-05,3.47117e-05,-0.000810993,0,0,0,0,0,0,0,-0.176685,26.7383,-24.7366,7.52262,0.830705,2.51242,0.0972387,-0.184892,2.1569,-3.11283,1.91728,0.184768,0.925055,0.0550233
1726096,1,-2.75261,-1.32534,1.01106,-1.94698,1.10108,1.16772,2.20139,-2.75266,-1.32422,1.00895,-1.94565,1.10136,1.16858,2.20139,0.000657037,-9.68954e-05,-0.000476041,-0.000355345,-0.000240628,2.31411e-05,0.000883492,0,0,0,0,0,0,0,-0.204456,26.7383,-24.7128,7.52262,0.836199,2.51242,0.0587866,-0.183468,2.15674,-3.113,1.9181,0.184824,0.924985,0.0553389
1726097,1,-2.75261,-1.32534,1.01105,-1.94698,1.10108,1.16771,2.20138,-2.75266,-1.32422,1.00895,-1.94565,1.10136,1.16858,2.20139,0.000438025,0.000492215,0.000239451,0.000319915,4.30318e-05,1.54274e-05,-0.0005978,0,0,0,0,0,0,0,-0.204456,26.7144,-24.7366,7.49881,0.830705,2.51242,0.09083,-0.183611,2.15682,-3.11273,1.91828,0.184825,0.924927,0.0557107
1726098,1,-2.75261,-1.32534,1.01105,-1.94698,1.10108,1.16771,2.20139,-2.75266,-1.32422,1.00895,-1.94565,1.10136,1.16858,2.20139,-0.000357597,0.000328143,-0.000397178,0.000213277,2.86879e-05,1.02849e-05,0.00102562,0,0,0,0,0,0,0,-0.176685,26.7144,-24.7128,7.49881,0.830705,2.51242,0.0523779,-0.184439,2.15666,-3.11202,1.91801,0.184779,0.92485,0.0561222
1726099,1,-2.75261,-1.32534,1.01105,-1.94698,1.10108,1.16771,2.20138,-2.75266,-1.32422,1.00895,-1.94565,1.10136,1.16858,2.20139,-0.00144482,-0.00033805,0.000292027,-0.000414627,-0.000184325,6.85663e-06,-0.00145248,0,0,0,0,0,0,0,-0.125111,26.7383,-24.7366,7.52262,0.836199,2.51242,0.110056,-0.183773,2.15589,-3.11133,1.91839,0.184787,0.924741,0.0565572
1726100,1,-2.75261,-1.32534,1.01105,-1.94699,1.10108,1.16771,2.20139,-2.75266,-1.32422,1.00895,-1.94565,1.10136,1.16858,2.20139,0.000892824,-0.000225366,-0.000918939,-0.00139004,-0.000122884,0.000479289,0.000930549,0,0,0,0,0,0,0,-0.204456,26.7383,-24.689,7.57022,0.836199,2.4996,0.0587866,-0.18151,2.15484,-3.11084,1.91983,0.184898,0.924631,0.0570078
1726101,1,-2.75261,-1.32534,1.01106,-1.94698,1.10108,1.16771,2.20138,-2.75266,-1.32422,1.00895,-1.94565,1.10136,1.16858,2.20139,0.000595216,0.000406568,0.000500998,0.000186929,-8.19223e-05,-0.000155192,0.000145648,0,0,0,0,0,0,0,-0.204456,26.7144,-24.7366,7.52262,0.836199,2.51242,0.071604,-0.180272,2.15413,-3.11016,1.92112,0.185012,0.924545,0.0574756
1726102,1,-2.75261,-1.32534,1.01106,-1.94698,1.10108,1.16771,2.20139,-2.75266,-1.32422,1.00895,-1.94565,1.10136,1.16858,2.20139,-0.000252803,-0.000285767,0.000333998,0.000124619,0.000148836,0.000133898,0.000809176,0,0,0,0,0,0,0,-0.176685,26.7383,-24.7366,7.52262,0.830705,2.50601,0.0523779,-0.180739,2.15431,-3.10987,1.92147,0.185052,0.924494,0.0579477
1726103,1,-2.75261,-1.32534,1.01105,-1.94698,1.10108,1.16771,2.20139,-2.75266,-1.32422,1.00895,-1.94565,1.10136,1.16858,2.20139,-0.000725348,-0.000190511,0.000222666,0.000639892,0.000302674,8.92651e-05,0.000302091,0,0,0,0,0,0,0,-0.152882,26.7383,-24.7366,7.49881,0.825212,2.50601,0.0587866,-0.181296,2.1553,-3.11048,1.92134,0.185059,0.924447,0.0583977
1726104,1,-2.75261,-1.32534,1.01106,-1.94698,1.10108,1.16771,2.20139,-2.75266,-1.32422,1.00895,-1.94565,1.10136,1.16858,2.20139,7.32469e-05,-0.000776621,0.000798058,0.000426594,0.000201783,-0.000177849,0.00189682,0,0,0,0,0,0,0,-0.176685,26.766,-24.7643,7.49881,0.825212,2.51242,0.0130102,-0.181708,2.15715,-3.11192,1.92082,0.185045,0.924395,0.0588021
1726105,1,-2.75261,-1.32534,1.01106,-1.94699,1.10108,1.16771,2.20139,-2.75266,-1.32422,1.00895,-1.94565,1.10136,1.16858,2.20139,4.88313e-05,0.000131866,-0.000674387,-0.000829228,-6.89286e-05,-0.000355925,0.000789826,0,0,0,0,0,0,0,-0.176685,26.7383,-24.7128,7.54642,0.830705,2.51882,0.0258276,-0.182387,2.15941,-3.11355,1.92017,0.185018,0.924347,0.0591292
1726106,1,-2.75261,-1.32534,1.01105,-1.94698,1.10108,1.16771,2.20139,-2.75266,-1.32422,1.00895,-1.94565,1.10136,1.16858,2.20139,0.000682168,8.79109e-05,-0.0010064,3.99351e-06,-0.000249403,7.57072e-08,0.00052655,0,0,0,0,0,0,0,-0.204456,26.7383,-24.689,7.52262,0.836199,2.51242,0.0258276,-0.183226,2.16047,-3.11358,1.91989,0.185004,0.92424,0.0593374
1726107,1,-2.75261,-1.32534,1.01106,-1.94698,1.10108,1.16771,2.20139,-2.75266,-1.32422,1.00895,-1.94565,1.10136,1.16858,2.20139,0.000454779,0.00126503,0.000442688,0.00120909,-0.000166269,5.04714e-08,-0.000632311,0,0,0,0,0,0,0,-0.204456,26.6867,-24.7366,7.47104,0.836199,2.51242,0.0523779,-0.18477,2.16016,-3.11179,1.91939,0.184942,0.924058,0.0594037
1726108,1,-2.75261,-1.32534,1.01105,-1.94698,1.10108,1.16771,2.20139,-2.75266,-1.32422,1.00895,-1.94565,1.10136,1.16858,2.20139,0.000859998,-0.00101268,-0.000818498,-0.000400367,-0.000110846,-0.000237325,0.000799163,0,0,0,0,0,0,0,-0.22826,26.766,-24.689,7.52262,0.836199,2.51882,0.0194189,-0.187451,2.15984,-3.10965,1.91814,0.184809,0.923878,0.0593408
1726109,1,-2.75261,-1.32534,1.01105,-1.94698,1.10108,1.16771,2.20139,-2.75266,-1.32422,1.00895,-1.94565,1.10136,1.16858,2.20139,-0.00118991,-2.5509e-05,-0.000545666,0.000939515,-7.38972e-05,7.91421e-05,-0.000179302,0,0,0,0,0,0,0,-0.152882,26.7383,-24.689,7.47104,0.836199,2.51242,0.038645,-0.190036,2.16003,-3.10772,1.91681,0.184699,0.923707,0.0591722
1726110,1,-2.75261,-1.32534,1.01105,-1.94698,1.10108,1.16771,2.20139,-2.75266,-1.32422,1.00895,-1.94565,1.10136,1.16858,2.20139,0.000413155,0.000539806,-0.000363777,-0.000580083,0.000357636,0.000527479,0.000117825,0,0,0,0,0,0,0,-0.204456,26.7144,-24.689,7.52262,0.825212,2.4996,0.0322363,-0.190871,2.15966,-3.1057,1.91633,0.184677,0.923509,0.0589138
1726111,1,-2.75261,-1.32534,1.01105,-1.94699,1.10108,1.16771,2.20139,-2.75266,-1.32422,1.00895,-1.94565,1.10136,1.16858,2.20139,0.000275437,0.000359871,-0.000242518,-0.000943534,0.000441875,-0.000123065,0.000315909,0,0,0,0,0,0,0,-0.204456,26.7144,-24.689,7.54642,0.819719,2.51242,0.0258276,-0.190242,2.15814,-3.10349,1.91701,0.184739,0.923328,0.0585834
1726112,1,-2.75261,-1.32534,1.01106,-1.94698,1.10108,1.16771,2.20138,-2.75266,-1.32422,1.00895,-1.94565,1.10136,1.16858,2.20139,0.000183625,0.000239914,0.00160156,-7.22106e-05,9.11326e-05,-8.20434e-05,-0.00148482,0,0,0,0,0,0,0,-0.204456,26.7144,-24.7643,7.52262,0.825212,2.51242,0.071604,-0.189172,2.15671,-3.10232,1.91838,0.184838,0.923256,0.0581955
1726113,1,-2.75261,-1.32534,1.01106,-1.94698,1.10108,1.16771,2.20139,-2.75266,-1.32422,1.00895,-1.94565,1.10136,1.16858,2.20139,-0.000527198,-0.00104648,0.000418092,0.00115829,6.07551e-05,0.000182663,-0.0002778,0,0,0,0,0,0,0,-0.176685,26.766,-24.7366,7.47104,0.825212,2.50601,0.0523779,-0.188421,2.15713,-3.10345,1.91931,0.184891,0.92331,0.0577702
1726114,1,-2.75261,-1.32534,1.01105,-1.94698,1.10108,1.16771,2.20139,-2.75266,-1.32422,1.00895,-1.94565,1.10136,1.16858,2.20139,0.000854961,0.00050877,0.000278728,-0.000434236,4.05034e-05,-0.000115583,-0.0001852,0,0,0,0,0,0,0,-0.22826,26.7144,-24.7366,7.52262,0.825212,2.51242,0.0523779,-0.188636,2.15919,-3.10575,1.91924,0.184863,0.923399,0.0573467
1726115,1,-2.75261,-1.32534,1.01106,-1.94698,1.10108,1.16772,2.20139,-2.75266,-1.32422,1.00895,-1.94565,1.10136,1.16858,2.20139,0.000569974,-0.000217632,0.000185819,0.000267322,2.70023e-05,-7.70556e-05,0.000113892,0,0,0,0,0,0,0,-0.22826,26.7383,-24.7366,7.49881,0.825212,2.51242,0.0459692,-0.189919,2.16127,-3.10749,1.91867,0.184777,0.923465,0.0569536
1726116,1,-2.75261,-1.32534,1.01106,-1.94698,1.10108,1.16771,2.20138,-2.75266,-1.32422,1.00895,-1.94565,1.10136,1.16858,2.20139,-0.000826443,0.00106134,0.000773493,0.000178214,-0.000185449,-5.13704e-05,-0.0020603,0,0,0,0,0,0,0,-0.176685,26.6867,-24.7643,7.49881,0.830705,2.51242,0.103647,-0.190938,2.16242,-3.10858,1.91837,0.184684,0.923496,0.0565984
1726117,1,-2.75261,-1.32534,1.01105,-1.94698,1.10108,1.16771,2.20138,-2.75266,-1.32422,1.00895,-1.94565,1.10136,1.16858,2.20139,-0.000550962,5.79448e-05,-0.000690764,0.00132524,7.98178e-05,0.000203112,-0.000424099,0,0,0,0,0,0,0,-0.176685,26.7144,-24.7128,7.44724,0.825212,2.50601,0.0780126,-0.190286,2.16205,-3.10889,1.91873,0.184616,0.923435,0.056301
1726118,1,-2.75261,-1.32534,1.01105,-1.94698,1.10108,1.16771,2.20138,-2.75266,-1.32422,1.00895,-1.94565,1.10136,1.16858,2.20139,-0.000367308,-0.000518182,-0.000460509,-0.000322936,0.000256662,-0.00033931,-4.53738e-05,0,0,0,0,0,0,0,-0.176685,26.7383,-24.7128,7.49881,0.819719,2.51882,0.071604,-0.188878,2.16086,-3.10813,1.91916,0.184557,0.923263,0.056098
1726119,1,-2.75261,-1.32534,1.01106,-1.94698,1.10108,1.16771,2.20139,-2.75266,-1.32422,1.00895,-1.94565,1.10136,1.16858,2.20139,-0.000244872,-0.000995069,0.000249806,-0.00021529,-0.000235793,0.000248511,0.000919187,0,0,0,0,0,0,0,-0.176685,26.766,-24.7366,7.49881,0.830705,2.50601,0.0459692,-0.18764,2.16033,-3.10737,1.91952,0.184522,0.923086,0.0560028
1726120,1,-2.75261,-1.32534,1.01106,-1.94698,1.10108,1.16771,2.20138,-2.75266,-1.32422,1.00895,-1.94565,1.10136,1.16858,2.20139,0.000486366,-1.37652e-05,-0.000390275,0.00161971,-0.000360646,0.000165674,-0.00128608,0,0,0,0,0,0,0,-0.204456,26.7383,-24.7128,7.42344,0.836199,2.50601,0.0972387,-0.187515,2.16108,-3.1072,1.91923,0.184458,0.922958,0.0559897
1726121,1,-2.75261,-1.32534,1.01105,-1.94698,1.10108,1.16771,2.20138,-2.75266,-1.32422,1.00895,-1.94565,1.10136,1.16858,2.20139,0.000324244,-9.17679e-06,0.000296629,-3.38166e-05,0.000369921,-0.000126909,-0.000857387,0,0,0,0,0,0,0,-0.204456,26.7383,-24.7366,7.47104,0.819719,2.51242,0.0972387,-0.189218,2.16249,-3.10696,1.9177,0.184297,0.92284,0.0560387
1726122,1,-2.75261,-1.32534,1.01105,-1.94698,1.10108,1.16771,2.20138,-2.75266,-1.32422,1.00895,-1.94565,1.10136,1.16858,2.20139,-0.000990263,-6.11786e-06,-0.000359059,-0.000672158,4.31635e-05,0.000390112,0.000615203,0,0,0,0,0,0,0,-0.152882,26.7383,-24.7128,7.49881,0.825212,2.4996,0.0651953,-0.19037,2.16316,-3.10649,1.91663,0.184168,0.922728,0.0561707
1726123,1,-2.75261,-1.32534,1.01105,-1.94698,1.10108,1.16771,2.20138,-2.75266,-1.32422,1.00895,-1.94565,1.10136,1.16858,2.20139,-0.000660176,0.000552733,-0.000796185,-0.000448106,0.000232226,2.27154e-05,-0.000776659,0,0,0,0,0,0,0,-0.152882,26.7144,-24.689,7.49881,0.819719,2.50601,0.0972387,-0.188612,2.16176,-3.10532,1.91753,0.184186,0.922569,0.056398
1726124,1,-2.75261,-1.32534,1.01105,-1.94698,1.10108,1.16772,2.20139,-2.75266,-1.32422,1.00895,-1.94565,1.10136,1.16858,2.20139,-0.000440117,0.000368489,-0.0011804,-0.000855549,0.000154817,-0.000222215,-4.30549e-05,0,0,0,0,0,0,0,-0.152882,26.7144,-24.6612,7.52262,0.819719,2.51242,0.0844213,-0.184711,2.15817,-3.10269,1.91991,0.184301,0.922317,0.0567046
1726125,1,-2.75261,-1.32534,1.01105,-1.94698,1.10108,1.16772,2.20138,-2.75266,-1.32422,1.00895,-1.94565,1.10136,1.16858,2.20139,0.000263401,0.000895273,-0.000786936,-1.3554e-05,-0.000303689,0.000326574,0.000208656,0,0,0,0,0,0,0,-0.176685,26.6867,-24.6612,7.49881,0.830705,2.4996,0.0780126,-0.180734,2.15344,-3.09877,1.92254,0.184409,0.922004,0.0570814
1726126,1,-2.75261,-1.32534,1.01105,-1.94698,1.10108,1.16771,2.20138,-2.75266,-1.32422,1.00895,-1.94565,1.10136,1.16858,2.20139,0.000825214,0.000596849,0.00012499,-0.000565848,-0.00020246,-1.96427e-05,-0.000572973,0,0,0,0,0,0,0,-0.204456,26.6867,-24.689,7.52262,0.830705,2.50601,0.0972387,-0.17841,2.14909,-3.09472,1.92433,0.18443,0.921716,0.0575171
1726127,1,-2.75261,-1.32534,1.01105,-1.94698,1.10108,1.16771,2.20138,-2.75266,-1.32422,1.00895,-1.94565,1.10136,1.16858,2.20139,0.00110695,-0.000808527,8.33267e-05,0.00017958,-0.000134973,-1.30951e-05,0.000330095,0,0,0,0,0,0,0,-0.22826,26.7383,-24.689,7.49881,0.830705,2.50601,0.0780126,-0.178962,2.1471,-3.09215,1.92451,0.184329,0.921551,0.0579971
1726128,1,-2.75261,-1.32534,1.01105,-1.94698,1.10108,1.16771,2.20138,-2.75266,-1.32422,1.00895,-1.94565,1.10136,1.16858,2.20139,0.000181158,-0.000539018,-0.000594063,0.00011972,-0.000293433,-8.7301e-06,0.000220063,0,0,0,0,0,0,0,-0.204456,26.7383,-24.6612,7.49881,0.836199,2.50601,0.0780126,-0.182164,2.14815,-3.09133,1.92296,0.184131,0.92149,0.0585123
1726129,1,-2.75261,-1.32534,1.01105,-1.94698,1.10108,1.16771,2.20139,-2.75266,-1.32422,1.00895,-1.94565,1.10136,1.16858,2.20139,0.000677584,0.000197467,0.000253572,7.98133e-05,0.00041473,-0.000243179,0.000858786,0,0,0,0,0,0,0,-0.22826,26.7144,-24.689,7.49881,0.819719,2.51242,0.0587866,-0.186193,2.15057,-3.09126,1.92068,0.183906,0.921449,0.0590503
1726130,1,-2.75261,-1.32534,1.01105,-1.94699,1.10108,1.16771,2.20138,-2.75266,-1.32422,1.00895,-1.94565,1.10136,1.16858,2.20139,-0.000754703,-0.000425167,0.000169048,-0.00106042,0.000276487,7.52396e-05,-0.000139553,0,0,0,0,0,0,0,-0.176685,26.7383,-24.689,7.54642,0.819719,2.50601,0.0780126,-0.188903,2.15276,-3.09172,1.91915,0.183745,0.921425,0.0595908
1726131,1,-2.75261,-1.32534,1.01105,-1.94699,1.10108,1.16771,2.20138,-2.75266,-1.32422,1.00895,-1.94565,1.10136,1.16858,2.20139,0.000146478,-0.000283445,0.000112699,-0.000706943,0.000421683,5.01597e-05,0.000381683,0,0,0,0,0,0,0,-0.204456,26.7383,-24.689,7.54642,0.81331,2.50601,0.0651953,-0.189256,2.15431,-3.09279,1.91916,0.183702,0.921429,0.0601117
1726132,1,-2.75261,-1.32534,1.01105,-1.94698,1.10108,1.16771,2.20139,-2.75266,-1.32422,1.00895,-1.94565,1.10136,1.16858,2.20139,9.76523e-05,-0.000838577,-0.000574481,0.00129194,4.37633e-05,-0.000203919,0.000966532,0,0,0,0,0,0,0,-0.204456,26.766,-24.6612,7.47104,0.819719,2.51242,0.0459692,-0.189219,2.15597,-3.09387,1.91932,0.183657,0.921414,0.0605972
1726133,1,-2.75261,-1.32534,1.01105,-1.94698,1.10108,1.16772,2.20139,-2.75266,-1.32422,1.00895,-1.94565,1.10136,1.16858,2.20139,6.51015e-05,-0.00111586,0.000266626,0.000211681,-0.000581176,-0.000135946,0.000644355,0,0,0,0,0,0,0,-0.204456,26.7898,-24.689,7.49881,0.836199,2.51242,0.0459692,-0.190773,2.15879,-3.09483,1.91812,0.183495,0.921364,0.0610269
1726134,1,-2.75261,-1.32534,1.01105,-1.94698,1.10108,1.16771,2.20139,-2.75266,-1.32422,1.00895,-1.94565,1.10136,1.16858,2.20139,4.3401e-05,-0.000187097,-0.000471863,0.000141121,0.00046026,-9.06307e-05,0.000700837,0,0,0,0,0,0,0,-0.204456,26.766,-24.6612,7.49881,0.81331,2.51242,0.038645,-0.192974,2.16219,-3.09574,1.91635,0.183283,0.921306,0.0613775
1726135,1,-2.75261,-1.32534,1.01105,-1.94698,1.10108,1.16771,2.20139,-2.75266,-1.32422,1.00895,-1.94565,1.10136,1.16858,2.20139,-0.00062068,0.000524883,-0.000314575,9.40804e-05,6.94809e-05,0.000176938,-4.14016e-05,0,0,0,0,0,0,0,-0.176685,26.7383,-24.6612,7.49881,0.819719,2.50601,0.0523779,-0.194016,2.16409,-3.09567,1.91538,0.183103,0.921206,0.0616349
1726136,1,-2.75261,-1.32534,1.01105,-1.94698,1.10108,1.16771,2.20139,-2.75266,-1.32422,1.00895,-1.94565,1.10136,1.16858,2.20139,-0.000413787,0.000906734,0.000996709,0.00182596,-0.00015713,0.000117959,0.000209758,0,0,0,0,0,0,0,-0.176685,26.7144,-24.7128,7.42344,0.825212,2.50601,0.0459692,-0.193422,2.16395,-3.09465,1.91523,0.182937,0.921051,0.0617963
1726137,1,-2.75261,-1.32534,1.01105,-1.94698,1.10108,1.16772,2.20139,-2.75266,-1.32422,1.00895,-1.94565,1.10136,1.16858,2.20139,-0.000275858,4.76772e-05,0.000107661,-0.000545932,0.000336056,0.000315998,-9.75204e-05,0,0,0,0,0,0,0,-0.176685,26.7383,-24.689,7.49881,0.81331,2.4996,0.0523779,-0.192,2.16306,-3.09382,1.91533,0.182756,0.920906,0.0618698
1726138,1,-2.75261,-1.32534,1.01105,-1.94698,1.10108,1.16772,2.20139,-2.75266,-1.32422,1.00895,-1.94565,1.10136,1.16858,2.20139,-0.000183905,3.17848e-05,-0.00057784,0.00139928,-0.000420223,-2.66934e-05,0.00115569,0,0,0,0,0,0,0,-0.176685,26.7383,-24.6612,7.42344,0.830705,2.50601,0.0194189,-0.190592,2.16211,-3.0929,1.91542,0.182576,0.920762,0.0618655
1726139,1,-2.75261,-1.32534,1.01105,-1.94698,1.10108,1.16772,2.20139,-2.75266,-1.32422,1.00895,-1.94565,1.10136,1.16858,2.20139,-0.000122603,2.11899e-05,0.000821199,0.000376043,-0.000483599,-1.77956e-05,0.000295742,0,0,0,0,0,0,0,-0.176685,26.7383,-24.7128,7.44724,0.836199,2.50601,0.0322363,-0.189883,2.16159,-3.09178,1.91503,0.182378,0.920601,0.0617826
1726140,1,-2.75261,-1.32534,1.01105,-1.94698,1.10108,1.16772,2.20139,-2.75266,-1.32422,1.00895,-1.94565,1.10136,1.16858,2.20139,-8.17356e-05,0.000570939,-9.34586e-06,-0.00095573,-0.000322399,-1.18637e-05,-4.01977e-05,0,0,0,0,0,0,0,-0.176685,26.7144,-24.689,7.49881,0.836199,2.50601,0.038645,-0.189144,2.16126,-3.09103,1.91482,0.182221,0.920483,0.0616127
1726141,1,-2.75261,-1.32534,1.01105,-1.94698,1.10108,1.16772,2.20139,-2.75266,-1.32422,1.00895,-1.94565,1.10136,1.16858,2.20139,-5.44904e-05,-0.0008258,-0.000655845,1.24604e-05,-1.14823e-05,0.000466809,0.000447919,0,0,0,0,0,0,0,-0.176685,26.766,-24.6612,7.47104,0.830705,2.49319,0.0258276,-0.187799,2.16053,-3.09014,1.9154,0.182169,0.920386,0.0613562
1726142,1,-2.75261,-1.32534,1.01105,-1.94698,1.10108,1.16772,2.20139,-2.75266,-1.32422,1.00895,-1.94565,1.10136,1.16858,2.20139,0.000613287,9.90805e-05,0.000212384,0.000565119,0.000636605,-0.000163512,-0.000447372,0,0,0,0,0,0,0,-0.204456,26.7383,-24.689,7.44724,0.81331,2.50601,0.0459692,-0.187421,2.16034,-3.08891,1.91545,0.182127,0.920267,0.0610199
1726143,1,-2.75261,-1.32534,1.01105,-1.94698,1.10108,1.16771,2.20139,-2.75266,-1.32422,1.00895,-1.94565,1.10136,1.16858,2.20139,0.000408858,-0.00058356,0.00014159,-0.00082968,-1.64061e-05,-0.000109008,0.000447737,0,0,0,0,0,0,0,-0.204456,26.766,-24.689,7.49881,0.825212,2.50601,0.0258276,-0.188611,2.16126,-3.08804,1.91454,0.182039,0.920172,0.0606182
1726144,1,-2.75261,-1.32534,1.01105,-1.94698,1.10108,1.16772,2.20138,-2.75266,-1.32422,1.00895,-1.94565,1.10136,1.16858,2.20139,-0.000377042,-0.00038904,9.4393e-05,0.000653306,-1.09374e-05,0.000164687,-0.00187165,0,0,0,0,0,0,0,-0.176685,26.766,-24.689,7.44724,0.825212,2.4996,0.0844213,-0.190046,2.1628,-3.08777,1.9135,0.181955,0.920112,0.0601691
1726145,1,-2.75261,-1.32534,1.01105,-1.94698,1.10108,1.16772,2.20138,-2.75266,-1.32422,1.00895,-1.94565,1.10136,1.16858,2.20139,0.000398253,0.000390254,-0.000586685,0.000435537,-7.29158e-06,0.000109791,-0.00101041,0,0,0,0,0,0,0,-0.204456,26.7383,-24.6612,7.44724,0.825212,2.4996,0.0780126,-0.191176,2.16413,-3.08727,1.91238,0.181865,0.920007,0.0597019
1726146,1,-2.75261,-1.32534,1.01105,-1.94698,1.10108,1.16772,2.20138,-2.75266,-1.32422,1.00895,-1.94565,1.10136,1.16858,2.20139,-0.000940924,0.000260169,-0.000391124,0.000290358,-0.000615213,7.31942e-05,-0.000198886,0,0,0,0,0,0,0,-0.152882,26.7383,-24.6612,7.44724,0.841692,2.4996,0.0651953,-0.191593,2.16418,-3.08564,1.91142,0.181776,0.919797,0.0592731
1726147,1,-2.75261,-1.32534,1.01105,-1.94698,1.10108,1.16772,2.20139,-2.75266,-1.32422,1.00895,-1.94565,1.10136,1.16858,2.20139,-7.04708e-05,0.000173446,-0.000260749,0.000193572,0.00040366,4.87961e-05,0.000104768,0,0,0,0,0,0,0,-0.176685,26.7383,-24.6612,7.44724,0.819719,2.4996,0.0587866,-0.190625,2.16295,-3.08327,1.91112,0.181742,0.919509,0.0589256
1726148,1,-2.75261,-1.32534,1.01105,-1.94698,1.10108,1.16772,2.20138,-2.75266,-1.32422,1.00895,-1.94565,1.10136,1.16858,2.20139,0.000602633,0.000672443,-0.000173833,-0.000427764,-0.000137794,-0.000204828,-0.000642231,0,0,0,0,0,0,0,-0.204456,26.7144,-24.6612,7.47104,0.830705,2.50601,0.0780126,-0.1893,2.16126,-3.08075,1.91111,0.18174,0.919217,0.058662
1726149,1,-2.75261,-1.32534,1.01105,-1.94698,1.10108,1.16772,2.20138,-2.75266,-1.32422,1.00895,-1.94565,1.10136,1.16858,2.20139,-0.000247858,-0.000108517,0.000533725,0.000271636,-0.000702214,0.000338166,-0.00114023,0,0,0,0,0,0,0,-0.176685,26.7383,-24.689,7.44724,0.847185,2.49319,0.0972387,-0.18847,2.15983,-3.07867,1.91102,0.181744,0.91898,0.0584753
1726150,1,-2.75261,-1.32534,1.01105,-1.94698,1.10108,1.16772,2.20138,-2.75266,-1.32422,1.00895,-1.94565,1.10136,1.16858,2.20139,0.000484375,0.00113408,0.000912629,-0.000375721,0.000345659,0.000225444,-4.80772e-05,0,0,0,0,0,0,0,-0.204456,26.6867,-24.7128,7.47104,0.825212,2.49319,0.0780126,-0.187712,2.159,-3.07772,1.91094,0.181768,0.918818,0.0583786
1726151,1,-2.75261,-1.32534,1.01105,-1.94698,1.10108,1.16771,2.20138,-2.75266,-1.32422,1.00895,-1.94565,1.10136,1.16858,2.20139,0.000322917,0.00010644,-0.000598007,0.000863143,0.000230439,-0.000561781,-3.20515e-05,0,0,0,0,0,0,0,-0.204456,26.7144,-24.6612,7.42344,0.825212,2.51242,0.0780126,-0.187425,2.15842,-3.07723,1.91054,0.181783,0.91868,0.0583878
1726152,1,-2.75261,-1.32534,1.01105,-1.94698,1.10108,1.16772,2.20138,-2.75266,-1.32422,1.00895,-1.94565,1.10136,1.16858,2.20139,-0.000991148,-0.000485852,-0.000398671,-0.00174462,-4.98242e-05,-0.000137162,-0.000496086,0,0,0,0,0,0,0,-0.152882,26.7383,-24.6612,7.52262,0.830705,2.50601,0.09083,-0.187029,2.1577,-3.07629,1.9102,0.18183,0.918498,0.0584946
1726153,1,-2.75261,-1.32534,1.01105,-1.94698,1.10108,1.16771,2.20138,-2.75266,-1.32422,1.00895,-1.94565,1.10136,1.16858,2.20139,-0.000103953,0.000232911,-0.000265781,4.33452e-05,0.000170234,-0.0003288,-9.33648e-05,0,0,0,0,0,0,0,-0.176685,26.7144,-24.6612,7.47104,0.825212,2.51242,0.0844213,-0.185074,2.15657,-3.07511,1.9109,0.181989,0.918289,0.0586866
1726154,1,-2.75261,-1.32534,1.01105,-1.94698,1.10108,1.16771,2.20138,-2.75266,-1.32422,1.00895,-1.94565,1.10136,1.16858,2.20139,-0.000626114,-0.000401538,0.00102924,-0.000620717,0.00031694,1.81589e-05,-0.000299602,0,0,0,0,0,0,0,-0.152882,26.7383,-24.7128,7.49881,0.819719,2.50601,0.09083,-0.182345,2.1557,-3.07457,1.91205,0.182191,0.918123,0.058959
1726155,1,-2.75261,-1.32534,1.01105,-1.94698,1.10107,1.16771,2.20138,-2.75266,-1.32422,1.00895,-1.94565,1.10136,1.16858,2.20139,0.000139402,0.000938734,0.000129347,0.000235803,-0.000602509,0.000249465,0.000512342,0,0,0,0,0,0,0,-0.176685,26.6867,-24.689,7.47104,0.841692,2.4996,0.071604,-0.179907,2.15548,-3.07496,1.91291,0.182354,0.918025,0.059304
1726156,1,-2.75261,-1.32534,1.01105,-1.94698,1.10108,1.16771,2.20139,-2.75266,-1.32422,1.00895,-1.94565,1.10136,1.16858,2.20139,-0.000463877,-2.37914e-05,0.000643043,0.00127083,0.00041213,-7.1049e-05,0.000816279,0,0,0,0,0,0,0,-0.152882,26.7144,-24.7128,7.42344,0.819719,2.50601,0.0587866,-0.178405,2.15552,-3.07551,1.91291,0.182429,0.917935,0.0597042
1726157,1,-2.75261,-1.32534,1.01105,-1.94698,1.10108,1.16771,2.20138,-2.75266,-1.32422,1.00895,-1.94565,1.10136,1.16858,2.20139,-0.000958865,0.00119056,0.000428696,0.000290405,-0.000335598,-4.7366e-05,0.000306827,0,0,0,0,0,0,0,-0.125111,26.6629,-24.7128,7.44724,0.836199,2.50601,0.0651953,-0.177361,2.15547,-3.0759,1.91217,0.182427,0.917811,0.0601285
1726158,1,-2.75261,-1.32534,1.01105,-1.94698,1.10108,1.16772,2.20138,-2.75266,-1.32422,1.00895,-1.94565,1.10136,1.16858,2.20139,0.0012168,-0.000969528,-0.000920629,0.000193603,0.000183169,0.000443141,-0.000744884,0,0,0,0,0,0,0,-0.204456,26.7383,-24.6612,7.44724,0.825212,2.49319,0.09083,-0.176855,2.15526,-3.07577,1.91099,0.182394,0.917656,0.0605407
1726159,1,-2.75261,-1.32534,1.01105,-1.94698,1.10108,1.16772,2.20138,-2.75266,-1.32422,1.00895,-1.94565,1.10136,1.16858,2.20139,0.000161584,-0.000646352,-0.00117056,-0.00107736,-8.1338e-05,-0.000179291,-0.000259231,0,0,0,0,0,0,0,-0.176685,26.7383,-24.6374,7.49881,0.830705,2.50601,0.0844213,-0.178427,2.15572,-3.07452,1.90901,0.182331,0.917474,0.0609277
1726160,1,-2.75261,-1.32534,1.01105,-1.94698,1.10108,1.16772,2.20139,-2.75266,-1.32422,1.00895,-1.94565,1.10136,1.16858,2.20139,0.000107722,0.000125911,-0.00688599,-6.8624e-05,0.000352676,-0.000119527,0.00175996,0,0,0,0,0,0,0,-0.176685,26.7144,-24.6374,7.47104,0.819719,2.50601,0.0322363,-0.180913,2.15459,-3.06937,1.90703,0.182295,0.91708,0.061305
1726161,1,-2.75261,-1.32534,1.01105,-1.94698,1.10108,1.16772,2.20139,-2.75266,-1.32422,1.00895,-1.94565,1.10136,1.16858,2.20139,7.18149e-05,8.39405e-05,-0.00454265,0.000511063,-0.000171784,0.000157674,0.000189962,0,0,0,0,0,0,0,-0.176685,26.7144,-24.6612,7.44724,0.830705,2.4996,0.0587866,-0.183162,2.14927,-3.05752,1.90537,0.182277,0.916263,0.0616639
1726162,1,-2.75261,-1.32534,1.01105,-1.94698,1.10108,1.16772,2.20139,-2.75266,-1.32422,1.00895,-1.94565,1.10136,1.16858,2.20139,-0.00115855,-0.000500852,-0.00220361,-0.000216104,0.000292378,-0.000132243,0.000872627,0,0,0,0,0,0,0,-0.125111,26.7383,-24.7128,7.47104,0.819719,2.50601,0.038645,-0.184611,2.14225,-3.04339,1.90397,0.182264,0.915277,0.0619708
1726163,1,-2.75261,-1.32534,1.01105,-1.94698,1.10108,1.16772,2.20138,-2.75266,-1.32422,1.00895,-1.94565,1.10136,1.16858,2.20139,0.00043406,-0.000333901,-0.00231209,0.000412743,0.000194919,0.000149197,-0.00135103,0,0,0,0,0,0,0,-0.176685,26.7383,-24.689,7.44724,0.819719,2.4996,0.09083,-0.184903,2.1369,-3.03254,1.90296,0.182268,0.914477,0.0622074
1726164,1,-2.75261,-1.32534,1.01105,-1.94698,1.10108,1.16771,2.20139,-2.75266,-1.32422,1.00895,-1.94565,1.10136,1.16858,2.20139,0.000289373,0.000334211,-0.00240566,-0.000931264,-0.000480406,-0.000137894,0.00174417,0,0,0,0,0,0,0,-0.176685,26.7144,-24.6612,7.49881,0.836199,2.50601,0.0194189,-0.185243,2.13349,-3.02513,1.90199,0.182254,0.913915,0.0623804
1726165,1,-2.75261,-1.32534,1.01105,-1.94698,1.10108,1.16771,2.20139,-2.75266,-1.32422,1.00895,-1.94565,1.10136,1.16858,2.20139,0.000192915,-0.000334004,-0.00232157,-0.000620843,8.66306e-05,-9.19295e-05,0.000925422,0,0,0,0,0,0,0,-0.176685,26.7383,-24.6374,7.49881,0.825212,2.50601,0.0258276,-0.185584,2.13097,-3.01986,1.90144,0.18225,0.913532,0.0625015
1726166,1,-2.75261,-1.32534,1.01105,-1.94698,1.10108,1.16772,2.20139,-2.75266,-1.32422,1.00895,-1.94565,1.10136,1.16858,2.20139,-0.000428202,-0.000872284,-0.00166845,0.000235719,5.77538e-05,0.000176073,0.00014223,0,0,0,0,0,0,0,-0.152882,26.766,-24.6374,7.47104,0.825212,2.4996,0.038645,-0.185584,2.12975,-3.01684,1.90118,0.182265,0.9133,0.0625442
1726167,1,-2.75261,-1.32534,1.01105,-1.94698,1.10108,1.16772,2.20139,-2.75266,-1.32422,1.00895,-1.94565,1.10136,1.16858,2.20139,-0.000285468,0.00183133,-0.000646047,-0.000492468,3.85025e-05,-0.000119977,0.000806897,0,0,0,0,0,0,0,-0.152882,26.6629,-24.6612,7.49881,0.825212,2.50601,0.0194189,-0.184717,2.12948,-3.01617,1.90124,0.182285,0.913201,0.0624846
1726168,1,-2.75261,-1.32534,1.01105,-1.94698,1.10108,1.16772,2.20139,-2.75266,-1.32422,1.00895,-1.94565,1.10136,1.16858,2.20139,0.0003665,1.44604e-05,0.000150999,0.000878114,0.000229119,0.000394733,0.000300572,0,0,0,0,0,0,0,-0.176685,26.7144,-24.689,7.44724,0.819719,2.49319,0.0258276,-0.18303,2.12943,-3.01763,1.90165,0.182284,0.913244,0.0623242
1726169,1,-2.75261,-1.32534,1.01105,-1.94698,1.10108,1.16771,2.20139,-2.75266,-1.32422,1.00895,-1.94565,1.10136,1.16858,2.20139,0.000893947,9.64025e-06,-0.000599885,0.00114222,-0.000457606,-0.000211562,-0.000545604,0,0,0,0,0,0,0,-0.204456,26.7144,-24.6612,7.42344,0.836199,2.50601,0.0459692,-0.183114,2.13131,-3.02126,1.90073,0.182157,0.913424,0.0620547
1726170,1,-2.75261,-1.32534,1.01105,-1.94698,1.10108,1.16772,2.20139,-2.75266,-1.32422,1.00895,-1.94565,1.10136,1.16858,2.20139,0.000595965,6.42683e-06,-0.000438127,-0.000352143,0.000101831,0.000333676,0.00014489,0,0,0,0,0,0,0,-0.204456,26.7144,-24.6612,7.47104,0.825212,2.49319,0.0322363,-0.185619,2.13527,-3.02603,1.89823,0.181918,0.91368,0.0616853
1726171,1,-2.75261,-1.32534,1.01105,-1.94698,1.10108,1.16771,2.20139,-2.75266,-1.32422,1.00895,-1.94565,1.10136,1.16858,2.20139,-0.000252304,0.000653898,-0.00143436,-0.000234762,-0.000135563,-1.49081e-05,9.65936e-05,0,0,0,0,0,0,0,-0.176685,26.6867,-24.6136,7.47104,0.830705,2.4996,0.0322363,-0.187789,2.13874,-3.03032,1.8962,0.181727,0.913911,0.061249
1726172,1,-2.75261,-1.32534,1.01104,-1.94698,1.10108,1.16772,2.20139,-2.75266,-1.32422,1.00895,-1.94565,1.10136,1.16858,2.20139,-0.000168203,-0.00197692,-0.00162734,0.000400304,-9.03756e-05,0.00022742,-0.000172963,0,0,0,0,0,0,0,-0.176685,26.7898,-24.5858,7.44724,0.830705,2.49319,0.038645,-0.188574,2.14126,-3.03345,1.89508,0.181636,0.91404,0.0607624
1726173,1,-2.75261,-1.32534,1.01105,-1.94698,1.10108,1.16771,2.20139,-2.75266,-1.32422,1.00895,-1.94565,1.10136,1.16858,2.20139,0.000537479,0.000445292,0.000105413,-0.000289943,0.000346651,-0.000323104,-0.000386576,0,0,0,0,0,0,0,-0.204456,26.7144,-24.6374,7.47104,0.819719,2.50601,0.0459692,-0.189286,2.14438,-3.03641,1.89391,0.18158,0.914126,0.060235
1726174,1,-2.75261,-1.32534,1.01105,-1.94698,1.10108,1.16771,2.20139,-2.75266,-1.32422,1.00895,-1.94565,1.10136,1.16858,2.20139,-0.000848107,-0.000259951,5.81877e-05,-0.000193295,-0.000175801,2.1956e-05,1.35499e-05,0,0,0,0,0,0,0,-0.152882,26.7383,-24.6374,7.47104,0.830705,2.4996,0.038645,-0.189347,2.1477,-3.04007,1.89321,0.181565,0.91426,0.0596919
1726175,1,-2.75261,-1.32534,1.01105,-1.94698,1.10108,1.16771,2.20139,-2.75266,-1.32422,1.00895,-1.94565,1.10136,1.16858,2.20139,0.000641021,0.000383511,0.000586538,0.000427949,8.62501e-05,1.46373e-05,-0.000736952,0,0,0,0,0,0,0,-0.204456,26.7144,-24.6612,7.44724,0.825212,2.4996,0.0587866,-0.188252,2.15055,-3.04438,1.89323,0.181588,0.91444,0.0591535
1726176,1,-2.75261,-1.32534,1.01105,-1.94698,1.10108,1.16772,2.20139,-2.75266,-1.32422,1.00895,-1.94565,1.10136,1.16858,2.20139,0.000427348,0.000255674,-0.000729398,0.000285299,5.75001e-05,9.75822e-06,-0.000253942,0,0,0,0,0,0,0,-0.204456,26.7144,-24.6136,7.44724,0.825212,2.4996,0.0523779,-0.187739,2.15316,-3.04836,1.89289,0.181568,0.914613,0.0586315
1726177,1,-2.75261,-1.32534,1.01105,-1.94698,1.10108,1.16772,2.20139,-2.75266,-1.32422,1.00895,-1.94565,1.10136,1.16858,2.20139,0.00084171,-0.000386362,-0.000491365,-0.000366613,0.000241784,6.50548e-06,-0.000406654,0,0,0,0,0,0,0,-0.22826,26.7383,-24.6136,7.47104,0.819719,2.4996,0.0587866,-0.188563,2.15538,-3.05097,1.89192,0.181492,0.914726,0.0581426
1726178,1,-2.75261,-1.32534,1.01105,-1.94698,1.10108,1.16772,2.20139,-2.75266,-1.32422,1.00895,-1.94565,1.10136,1.16858,2.20139,-0.0012021,0.000299237,0.000782223,-0.000244408,0.000161189,-0.000233022,-0.000271103,0,0,0,0,0,0,0,-0.152882,26.7144,-24.6612,7.47104,0.819719,2.50601,0.0587866,-0.188936,2.15712,-3.05299,1.89139,0.181449,0.914808,0.0577043
1726179,1,-2.75261,-1.32534,1.01105,-1.94698,1.10108,1.16772,2.20139,-2.75266,-1.32422,1.00895,-1.94565,1.10136,1.16858,2.20139,-0.00145101,-0.00100693,-0.000595011,-0.000162939,0.000344818,-0.000155348,0.000293983,0,0,0,0,0,0,0,-0.125111,26.766,-24.6136,7.47104,0.81331,2.50601,0.0459692,-0.186536,2.15816,-3.05536,1.89232,0.181516,0.914873,0.0573277
1726180,1,-2.75261,-1.32534,1.01105,-1.94698,1.10108,1.16772,2.20138,-2.75266,-1.32422,1.00895,-1.94565,1.10136,1.16858,2.20139,0.000888698,0.000535136,-0.000398825,-0.000108626,-0.000617832,0.000133794,-0.00170288,0,0,0,0,0,0,0,-0.204456,26.7144,-24.6136,7.47104,0.836199,2.4996,0.0972387,-0.182826,2.15859,-3.05717,1.89388,0.181623,0.91488,0.0570075
1726181,1,-2.75261,-1.32534,1.01105,-1.94698,1.10108,1.16772,2.20138,-2.75266,-1.32422,1.00895,-1.94565,1.10136,1.16858,2.20139,-5.71484e-05,-0.000200055,0.000289315,-7.24173e-05,-4.98665e-06,-0.000148163,5.15394e-05,0,0,0,0,0,0,0,-0.176685,26.7383,-24.6374,7.47104,0.825212,2.50601,0.0651953,-0.180664,2.15893,-3.05793,1.89472,0.181654,0.914866,0.0567481
1726182,1,-2.75261,-1.32534,1.01105,-1.94698,1.10108,1.16771,2.20138,-2.75266,-1.32422,1.00895,-1.94565,1.10136,1.16858,2.20139,-0.000594911,-0.00013337,0.000748479,0.000508534,-0.000410225,-0.000336134,-0.000440358,0,0,0,0,0,0,0,-0.152882,26.7383,-24.6612,7.44724,0.836199,2.51242,0.0780126,-0.179581,2.15977,-3.05886,1.89494,0.181628,0.914891,0.0565749
1726183,1,-2.75261,-1.32534,1.01105,-1.94698,1.10108,1.16772,2.20138,-2.75266,-1.32422,1.00895,-1.94565,1.10136,1.16858,2.20139,-0.000396607,-0.000738527,-5.87339e-05,-0.000867403,0.000133417,0.000487987,-0.000530931,0,0,0,0,0,0,0,-0.152882,26.766,-24.6374,7.49881,0.825212,2.49319,0.0844213,-0.178203,2.16118,-3.06046,1.89518,0.181618,0.914956,0.0564952
1726184,1,-2.75261,-1.32534,1.01105,-1.94698,1.10108,1.16772,2.20139,-2.75266,-1.32422,1.00895,-1.94565,1.10136,1.16858,2.20139,-0.000264405,0.000714075,-3.98366e-05,0.00118497,0.000529754,0.000325325,0.000595482,0,0,0,0,0,0,0,-0.152882,26.7144,-24.6374,7.42344,0.81331,2.49319,0.0587866,-0.176654,2.16232,-3.0616,1.89544,0.181622,0.914988,0.0565052
1726185,1,-2.75261,-1.32534,1.01105,-1.94698,1.10108,1.16772,2.20138,-2.75266,-1.32422,1.00895,-1.94565,1.10136,1.16858,2.20139,0.000380542,0.00047605,-0.00058388,-0.000973259,-0.000494541,0.000216883,-0.000315089,0,0,0,0,0,0,0,-0.176685,26.7144,-24.6136,7.49881,0.836199,2.49319,0.0780126,-0.175526,2.16226,-3.06111,1.89548,0.181593,0.914926,0.056597
1726186,1,-2.75261,-1.32534,1.01105,-1.94698,1.10108,1.16772,2.20138,-2.75266,-1.32422,1.00895,-1.94565,1.10136,1.16858,2.20139,0.000253695,-0.000239445,-0.000389636,0.0011144,-0.000126243,0.000144589,-0.000210059,0,0,0,0,0,0,0,-0.176685,26.7383,-24.6136,7.42344,0.830705,2.49319,0.0780126,-0.175397,2.16144,-3.05917,1.8951,0.181522,0.914785,0.0567489
1726187,1,-2.75261,-1.32534,1.01105,-1.94698,1.10108,1.16772,2.20138,-2.75266,-1.32422,1.00895,-1.94565,1.10136,1.16858,2.20139,0.00016913,-0.00015963,0.000296767,0.000186121,0.000119288,-0.000378325,-0.000377399,0,0,0,0,0,0,0,-0.176685,26.7383,-24.6374,7.44724,0.825212,2.50601,0.0844213,-0.176719,2.16143,-3.05714,1.89379,0.181395,0.914628,0.0569488
1726188,1,-2.75261,-1.32534,1.01105,-1.94698,1.10108,1.16772,2.20139,-2.75266,-1.32422,1.00895,-1.94565,1.10136,1.16858,2.20139,0.000112753,-0.000756034,-0.000359183,-0.00108235,7.95255e-05,-1.4858e-05,0.00117255,0,0,0,0,0,0,0,-0.176685,26.766,-24.6136,7.49881,0.825212,2.4996,0.0459692,-0.178475,2.16243,-3.05584,1.89225,0.181277,0.914511,0.0571995
1726189,1,-2.75261,-1.32534,1.01105,-1.94698,1.10108,1.16772,2.20139,-2.75266,-1.32422,1.00895,-1.94565,1.10136,1.16858,2.20139,7.51688e-05,0.000145591,0.000874007,-0.000721564,0.000256468,0.000464813,0.000781703,0,0,0,0,0,0,0,-0.176685,26.7383,-24.6612,7.49881,0.819719,2.48678,0.0459692,-0.17927,2.1636,-3.05528,1.89167,0.181254,0.914454,0.0574884
1726190,1,-2.75261,-1.32534,1.01105,-1.94698,1.10108,1.16772,2.20138,-2.75266,-1.32422,1.00895,-1.94565,1.10136,1.16858,2.20139,5.01125e-05,-0.000552553,2.57385e-05,0.000725383,-3.24722e-05,0.000309875,-0.0004283,0,0,0,0,0,0,0,-0.176685,26.766,-24.6374,7.44724,0.825212,2.48678,0.071604,-0.179497,2.16491,-3.05535,1.89152,0.181262,0.914423,0.0577742
1726191,1,-2.75261,-1.32534,1.01104,-1.94698,1.10108,1.16772,2.20139,-2.75266,-1.32422,1.00895,-1.94565,1.10136,1.16858,2.20139,3.34084e-05,0.00204448,-0.00118936,-7.3223e-05,-0.000428549,-0.000268135,0.000663902,0,0,0,0,0,0,0,-0.176685,26.6629,-24.5858,7.47104,0.836199,2.4996,0.0459692,-0.179606,2.16515,-3.05436,1.89125,0.181231,0.914291,0.0580287
1726192,1,-2.75261,-1.32534,1.01105,-1.94698,1.10108,1.16772,2.20139,-2.75266,-1.32422,1.00895,-1.94565,1.10136,1.16858,2.20139,2.22722e-05,-0.000400249,-0.000143359,-4.88153e-05,0.000562011,-0.000178756,0.000442601,0,0,0,0,0,0,0,-0.176685,26.7383,-24.6136,7.47104,0.81331,2.4996,0.0459692,-0.179138,2.16316,-3.05121,1.89133,0.181194,0.914006,0.0582507
1726193,1,-2.75261,-1.32534,1.01104,-1.94698,1.10108,1.16772,2.20139,-2.75266,-1.32422,1.00895,-1.94565,1.10136,1.16858,2.20139,-0.00119158,0.000289979,-0.000745238,-3.25435e-05,0.000137315,-0.00035653,0.00104105,0,0,0,0,0,0,0,-0.125111,26.7144,-24.5858,7.47104,0.819719,2.50601,0.0258276,-0.177752,2.16049,-3.04758,1.89191,0.181193,0.91367,0.0584287
1726194,1,-2.75261,-1.32534,1.01104,-1.94698,1.10108,1.16772,2.20139,-2.75266,-1.32422,1.00895,-1.94565,1.10136,1.16858,2.20139,0.000412041,-0.000363493,0.000709562,-2.16957e-05,-0.000111907,-0.000237687,-0.000289309,0,0,0,0,0,0,0,-0.176685,26.7383,-24.6374,7.47104,0.825212,2.50601,0.0523779,-0.175793,2.15861,-3.04489,1.89267,0.181213,0.913375,0.0585392
1726195,1,-2.75261,-1.32534,1.01104,-1.94698,1.10108,1.16772,2.20139,-2.75266,-1.32422,1.00895,-1.94565,1.10136,1.16858,2.20139,0.000274694,0.000314484,0.000473013,-1.44638e-05,-7.46047e-05,0.00031626,-0.000192873,0,0,0,0,0,0,0,-0.176685,26.7144,-24.6374,7.47104,0.825212,2.49319,0.0523779,-0.174736,2.15824,-3.0437,1.89291,0.18119,0.913201,0.0585692
1726196,1,-2.75261,-1.32534,1.01104,-1.94698,1.10108,1.16772,2.20139,-2.75266,-1.32422,1.00895,-1.94565,1.10136,1.16858,2.20139,0.000183129,0.000209656,-0.000241492,0.000547169,-0.000253187,-0.000263878,0.000108777,0,0,0,0,0,0,0,-0.176685,26.7144,-24.6136,7.44724,0.830705,2.50601,0.0459692,-0.175048,2.15888,-3.04323,1.89238,0.181099,0.913107,0.0585301
1726197,1,-2.75261,-1.32534,1.01104,-1.94698,1.10108,1.16772,2.20139,-2.75266,-1.32422,1.00895,-1.94565,1.10136,1.16858,2.20139,0.00132851,0.00013977,-0.000161011,0.000921592,0.00023811,0.000536158,0.000581144,0,0,0,0,0,0,0,-0.22826,26.7144,-24.6136,7.42344,0.819719,2.48678,0.0322363,-0.177037,2.15984,-3.04225,1.89076,0.18092,0.912999,0.0584394
1726198,1,-2.75261,-1.32534,1.01105,-1.94698,1.10108,1.16772,2.20139,-2.75266,-1.32422,1.00895,-1.94565,1.10136,1.16858,2.20139,0.000328863,0.000742794,0.00165589,-0.00114884,-0.000451612,-0.000117279,0.000624789,0,0,0,0,0,0,0,-0.204456,26.6867,-24.689,7.49881,0.836199,2.4996,0.0258276,-0.180248,2.16119,-3.04143,1.88855,0.180695,0.912929,0.0583027
1726199,1,-2.75261,-1.32534,1.01105,-1.94698,1.10108,1.16771,2.20139,-2.75266,-1.32422,1.00895,-1.94565,1.10136,1.16858,2.20139,-0.000430372,-0.00071123,-0.000102511,0.00044053,0.000105827,-0.000315545,-5.81922e-05,0,0,0,0,0,0,0,-0.176685,26.7383,-24.6374,7.44724,0.825212,2.50601,0.038645,-0.182265,2.16254,-3.04175,1.8873,0.180558,0.912939,0.0581137
1726200,1,-2.75261,-1.32534,1.01105,-1.94698,1.10108,1.16772,2.20139,-2.75266,-1.32422,1.00895,-1.94565,1.10136,1.16858,2.20139,0.000362699,-0.000474153,-0.00062516,0.000293687,0.000274002,-0.000210363,0.000910641,0,0,0,0,0,0,0,-0.204456,26.7383,-24.6136,7.44724,0.819719,2.50601,0.0130102,-0.183263,2.16394,-3.04222,1.88651,0.180489,0.912925,0.05786
1726201,1,-2.75261,-1.32534,1.01105,-1.94698,1.10108,1.16772,2.20139,-2.75266,-1.32422,1.00895,-1.94565,1.10136,1.16858,2.20139,-0.000964626,-0.000965716,0.000140034,0.000752603,-0.000224233,9.71167e-05,-0.000613609,0,0,0,0,0,0,0,-0.152882,26.766,-24.6374,7.42344,0.830705,2.4996,0.0459692,-0.18426,2.16562,-3.04213,1.88533,0.180421,0.912834,0.0575355
1726202,1,-2.75261,-1.32534,1.01104,-1.94698,1.10108,1.16772,2.20139,-2.75266,-1.32422,1.00895,-1.94565,1.10136,1.16858,2.20139,-0.000643084,0.000562615,9.33519e-05,-5.50765e-05,5.39616e-05,0.000302103,0.000574271,0,0,0,0,0,0,0,-0.152882,26.7144,-24.6374,7.44724,0.825212,2.49319,0.0194189,-0.183947,2.16683,-3.0419,1.88461,0.180401,0.912703,0.0571471
1726203,1,-2.75261,-1.32534,1.01104,-1.94698,1.10108,1.16772,2.20139,-2.75266,-1.32422,1.00895,-1.94565,1.10136,1.16858,2.20139,0.000777703,-0.000181735,-0.00114419,-0.00059353,3.59744e-05,-3.59567e-05,-0.000837856,0,0,0,0,0,0,0,-0.204456,26.7383,-24.5858,7.47104,0.825212,2.4996,0.0523779,-0.182444,2.16654,-3.04078,1.88475,0.18044,0.912533,0.0567099
1726204,1,-2.75261,-1.32534,1.01104,-1.94698,1.10108,1.16772,2.20139,-2.75266,-1.32422,1.00895,-1.94565,1.10136,1.16858,2.20139,0.000518469,0.000435655,-0.000113184,0.000161126,-0.000179468,-2.39711e-05,0.000187415,0,0,0,0,0,0,0,-0.204456,26.7144,-24.6136,7.44724,0.830705,2.4996,0.0322363,-0.181784,2.16522,-3.03825,1.8849,0.180469,0.912336,0.0562387
1726205,1,-2.75261,-1.32534,1.01104,-1.94698,1.10108,1.16772,2.20139,-2.75266,-1.32422,1.00895,-1.94565,1.10136,1.16858,2.20139,0.000345646,-0.000266375,-7.54578e-05,-0.000449395,0.000287256,0.000221378,-0.000383683,0,0,0,0,0,0,0,-0.204456,26.7383,-24.6136,7.47104,0.819719,2.49319,0.0459692,-0.182264,2.16397,-3.03546,1.88466,0.180464,0.912163,0.0557529
1726206,1,-2.75261,-1.32534,1.01105,-1.94698,1.10108,1.16772,2.20139,-2.75266,-1.32422,1.00895,-1.94565,1.10136,1.16858,2.20139,-0.000419183,0.000379229,0.000506506,-0.000299597,0.000191504,-8.97735e-05,-0.000493148,0,0,0,0,0,0,0,-0.176685,26.7144,-24.6374,7.47104,0.819719,2.4996,0.0523779,-0.182394,2.16298,-3.03348,1.88469,0.180477,0.912046,0.0552708
1726207,1,-2.75261,-1.32534,1.01105,-1.94698,1.10108,1.16772,2.20139,-2.75266,-1.32422,1.00895,-1.94565,1.10136,1.16858,2.20139,-0.000279456,0.000902433,0.000337669,0.000357081,-7.57812e-05,-0.000297208,0.000654579,0,0,0,0,0,0,0,-0.176685,26.6867,-24.6374,7.44724,0.825212,2.50601,0.0258276,-0.181164,2.16161,-3.03227,1.88544,0.180525,0.91196,0.0548096
1726208,1,-2.75261,-1.32534,1.01104,-1.94698,1.10108,1.16772,2.20139,-2.75266,-1.32422,1.00895,-1.94565,1.10136,1.16858,2.20139,-0.000186304,-4.7992e-05,-0.0003317,0.000238054,0.000390289,-0.000435498,-0.00197111,0,0,0,0,0,0,0,-0.176685,26.7144,-24.6136,7.44724,0.81331,2.51242,0.09083,-0.179279,2.15975,-3.03114,1.88633,0.180559,0.911862,0.0543755
1726209,1,-2.75261,-1.32535,1.01104,-1.94698,1.10108,1.16772,2.20139,-2.75266,-1.32422,1.00895,-1.94565,1.10136,1.16858,2.20139,-0.000124202,-0.00123842,-0.000221134,0.000158703,-0.000587518,-5.29728e-05,-0.00012728,0,0,0,0,0,0,0,-0.176685,26.766,-24.6136,7.44724,0.836199,2.50601,0.0587866,-0.178154,2.15876,-3.0301,1.88656,0.180547,0.911765,0.053974
1726212,0.97,-2.75261,-1.32534,1.01104,-1.94698,1.10108,1.16772,2.20138,-2.75266,-1.32422,1.00895,-1.94565,1.10136,1.16858,2.20139,0.000870597,-0.000325694,0.000367554,0.000913175,0.000165005,0.00019529,-0.000644296,0,0,0,0,0,0,0,-0.204456,26.766,-24.6374,7.42344,0.819719,2.49319,0.071604,-0.178382,2.16312,-3.03076,1.88505,0.180476,0.911744,0.0531792
1726213,0.96,-2.75261,-1.32534,1.01104,-1.94698,1.10108,1.16772,2.20138,-2.75266,-1.32422,1.00895,-1.94565,1.10136,1.16858,2.20139,-6.92163e-05,0.000432485,-0.000311776,-0.00115445,-9.34473e-05,-0.000107166,-0.00066689,0,0,0,0,0,0,0,-0.176685,26.7383,-24.6136,7.49881,0.825212,2.4996,0.0780126,-0.178918,2.16494,-3.03101,1.88424,0.18042,0.911733,0.053039
1726214,0.96,-2.75261,-1.32534,1.01105,-1.94697,1.10108,1.16772,2.20138,-2.75266,-1.32422,1.00895,-1.94565,1.10136,1.16858,2.20139,0.00116028,0.000845135,0.000905773,0.00155041,-0.000265749,0.000165915,-0.000681952,0,0,0,0,0,0,0,-0.22826,26.7144,-24.6612,7.39963,0.830705,2.49319,0.0844213,-0.180114,2.16564,-3.0304,1.88333,0.180314,0.911705,0.0529697
1726215,0.96,-2.75261,-1.32534,1.01105,-1.94698,1.10108,1.16772,2.20138,-2.75266,-1.32422,1.00895,-1.94565,1.10136,1.16858,2.20139,0.000216709,6.61137e-06,4.70367e-05,-8.0015e-05,2.62847e-05,-0.000126749,-0.000454635,0,0,0,0,0,0,0,-0.204456,26.7383,-24.6374,7.44724,0.825212,2.4996,0.0844213,-0.182307,2.16597,-3.02951,1.88183,0.180133,0.911667,0.0529862
1726216,0.96,-2.75261,-1.32534,1.01104,-1.94698,1.10108,1.16772,2.20138,-2.75266,-1.32422,1.00895,-1.94565,1.10136,1.16858,2.20139,-0.000505141,4.40758e-06,-0.000525454,-0.000610155,0.000220974,0.00015286,-0.00030309,0,0,0,0,0,0,0,-0.176685,26.7383,-24.6136,7.47104,0.819719,2.49319,0.0844213,-0.184049,2.16589,-3.02838,1.88059,0.17998,0.911595,0.0530989
1726217,0.96,-2.75261,-1.32534,1.01104,-1.94698,1.10108,1.16772,2.20138,-2.75266,-1.32422,1.00895,-1.94565,1.10136,1.16858,2.20139,-0.000893573,2.93839e-06,0.000206509,-0.00040677,0.000147316,-0.000372811,-0.000439419,0,0,0,0,0,0,0,-0.152882,26.7383,-24.6374,7.47104,0.819719,2.50601,0.09083,-0.183142,2.16459,-3.02687,1.88103,0.179976,0.911465,0.0533118
1726218,0.96,-2.75261,-1.32534,1.01104,-1.94698,1.10108,1.16772,2.20138,-2.75266,-1.32422,1.00895,-1.94565,1.10136,1.16858,2.20139,-0.000595715,1.95892e-06,0.000137673,0.000285632,-0.00010524,-0.000248541,0.000419131,0,0,0,0,0,0,0,-0.152882,26.7383,-24.6374,7.44724,0.825212,2.50601,0.071604,-0.180219,2.16275,-3.02564,1.88257,0.180062,0.911317,0.0536209
1726219,0.96,-2.75261,-1.32534,1.01104,-1.94698,1.10108,1.16772,2.20138,-2.75266,-1.32422,1.00895,-1.94565,1.10136,1.16858,2.20139,0.000159669,0.00120773,9.17818e-05,0.000190421,-7.016e-05,7.1665e-05,4.20617e-05,0,0,0,0,0,0,0,-0.176685,26.6867,-24.6374,7.44724,0.825212,2.4996,0.0780126,-0.177135,2.16079,-3.02452,1.88404,0.180131,0.91117,0.0540118
1726220,0.96,-2.75261,-1.32534,1.01105,-1.94698,1.10108,1.16771,2.20138,-2.75266,-1.32422,1.00895,-1.94565,1.10136,1.16858,2.20139,0.000106446,-0.000401271,0.000618,-0.000429864,-0.000250224,-0.000426941,-0.000446677,0,0,0,0,0,0,0,-0.176685,26.7383,-24.6612,7.47104,0.830705,2.51242,0.09083,-0.175042,2.15899,-3.02342,1.88498,0.180147,0.911056,0.0544601
1726221,0.96,-2.75261,-1.32534,1.01105,-1.94698,1.10108,1.16772,2.20138,-2.75266,-1.32422,1.00895,-1.94565,1.10136,1.16858,2.20139,0.000720578,-0.000267514,0.00106161,0.000827048,-0.000166816,0.000427449,-6.04256e-05,0,0,0,0,0,0,0,-0.204456,26.7383,-24.689,7.42344,0.830705,2.49319,0.0844213,-0.174828,2.15895,-3.02353,1.88488,0.1801,0.911053,0.0549481
1726222,0.96,-2.75261,-1.32534,1.01105,-1.94698,1.10108,1.16772,2.20138,-2.75266,-1.32422,1.00895,-1.94565,1.10136,1.16858,2.20139,-0.000169229,0.000378469,5.81286e-05,-0.000562259,0.00029569,4.76073e-05,-0.000515002,0,0,0,0,0,0,0,-0.176685,26.7144,-24.6612,7.47104,0.819719,2.4996,0.0972387,-0.176171,2.16047,-3.02465,1.88379,0.180002,0.911128,0.0554739
1726223,0.96,-2.75261,-1.32534,1.01104,-1.94698,1.10108,1.16772,2.20138,-2.75266,-1.32422,1.00895,-1.94565,1.10136,1.16858,2.20139,-0.000112819,-0.000954113,-0.00172449,-0.000374839,-6.32356e-06,0.000269097,0.000131383,0,0,0,0,0,0,0,-0.176685,26.766,-24.5858,7.47104,0.825212,2.49319,0.0844213,-0.177243,2.16132,-3.02471,1.88295,0.179943,0.911131,0.0560397
1726224,0.96,-2.75261,-1.32534,1.01105,-1.94698,1.10108,1.16772,2.20139,-2.75266,-1.32422,1.00895,-1.94565,1.10136,1.16858,2.20139,-7.52128e-05,0.00057035,5.67689e-05,-0.000249893,-4.21571e-06,0.000179398,0.00151174,0,0,0,0,0,0,0,-0.176685,26.7144,-24.6374,7.47104,0.825212,2.49319,0.0459692,-0.177532,2.16093,-3.02303,1.88273,0.179947,0.911007,0.0566433
1726225,0.96,-2.75261,-1.32534,1.01104,-1.94698,1.10108,1.16772,2.20138,-2.75266,-1.32422,1.00895,-1.94565,1.10136,1.16858,2.20139,-5.01419e-05,0.00102985,-0.000518966,-0.000166595,-0.000206261,0.000119599,-0.000416325,0,0,0,0,0,0,0,-0.176685,26.6867,-24.6136,7.47104,0.830705,2.49319,0.0844213,-0.177077,2.15926,-3.02042,1.88303,0.179978,0.910816,0.0572625
1726226,0.96,-2.75261,-1.32534,1.01105,-1.94698,1.10108,1.16772,2.20138,-2.75266,-1.32422,1.00895,-1.94565,1.10136,1.16858,2.20139,-3.34279e-05,-0.000519861,0.000210835,-0.000111063,6.59432e-05,-0.000157626,-0.000514909,0,0,0,0,0,0,0,-0.176685,26.7383,-24.6374,7.47104,0.825212,2.4996,0.09083,-0.176175,2.157,-3.01786,1.88363,0.180014,0.910621,0.0578624
1726227,0.96,-2.75261,-1.32534,1.01104,-1.94698,1.10108,1.16772,2.20138,-2.75266,-1.32422,1.00895,-1.94565,1.10136,1.16858,2.20139,-0.000579097,-0.001553,-0.00106587,-7.40423e-05,4.39621e-05,-0.000342443,-0.000105914,0,0,0,0,0,0,0,-0.152882,26.7898,-24.5858,7.47104,0.825212,2.50601,0.0844213,-0.175742,2.15618,-3.01629,1.88381,0.180042,0.910462,0.0584367
1726228,0.96,-2.75261,-1.32534,1.01105,-1.94698,1.10108,1.16772,2.20139,-2.75266,-1.32422,1.00895,-1.94565,1.10136,1.16858,2.20139,-0.000386065,0.000171093,0.000495846,-0.000698975,0.000232759,-0.000228295,0.00186217,0,0,0,0,0,0,0,-0.152882,26.7383,-24.6374,7.49881,0.819719,2.50601,0.0322363,-0.175337,2.1568,-3.01574,1.88384,0.180091,0.910345,0.0590026
1726229,0.96,-2.75261,-1.32534,1.01105,-1.94698,1.10108,1.16772,2.20139,-2.75266,-1.32422,1.00895,-1.94565,1.10136,1.16858,2.20139,0.000299435,0.000670874,0.000330564,0.00018363,-0.000251729,-0.000152197,0.000732821,0,0,0,0,0,0,0,-0.176685,26.7144,-24.6374,7.47104,0.830705,2.50601,0.0459692,-0.174456,2.15731,-3.01573,1.88426,0.180153,0.910284,0.0595498
1726230,0.96,-2.75261,-1.32534,1.01105,-1.94698,1.10108,1.16772,2.20139,-2.75266,-1.32422,1.00895,-1.94565,1.10136,1.16858,2.20139,0.000199624,0.00109686,0.000777188,0.000679232,-0.000167819,-0.000101465,0.000759815,0,0,0,0,0,0,0,-0.176685,26.6867,-24.6612,7.44724,0.830705,2.50601,0.038645,-0.173996,2.15726,-3.01589,1.88448,0.180153,0.910277,0.0600311
1726231,0.96,-2.75261,-1.32534,1.01105,-1.94698,1.10108,1.16771,2.20139,-2.75266,-1.32422,1.00895,-1.94565,1.10136,1.16858,2.20139,0.000133082,8.16281e-05,0.000518125,-0.000103991,-0.000111879,-0.000305002,-2.08323e-06,0,0,0,0,0,0,0,-0.176685,26.7144,-24.6612,7.47104,0.830705,2.51242,0.0523779,-0.174302,2.15712,-3.01624,1.88416,0.180086,0.910316,0.060409
1726232,0.96,-2.75261,-1.32534,1.01104,-1.94698,1.10108,1.16772,2.20139,-2.75266,-1.32422,1.00895,-1.94565,1.10136,1.16858,2.20139,8.87216e-05,0.000704033,-0.000768207,-0.000718941,0.000128864,0.000508742,0.000507237,0,0,0,0,0,0,0,-0.176685,26.6867,-24.6136,7.49881,0.825212,2.49319,0.038645,-0.174583,2.15665,-3.01631,1.884,0.180039,0.910367,0.0606745
1726233,0.96,-2.75261,-1.32534,1.01105,-1.94698,1.10108,1.16772,2.20139,-2.75266,-1.32422,1.00895,-1.94565,1.10136,1.16858,2.20139,0.00126557,-0.000180259,0.000601486,0.00017032,8.59095e-05,0.000339161,0.000575517,0,0,0,0,0,0,0,-0.22826,26.7144,-24.6612,7.47104,0.825212,2.49319,0.0322363,-0.175338,2.15597,-3.01565,1.88384,0.18001,0.910403,0.0608307
1726234,0.96,-2.75261,-1.32534,1.01105,-1.94698,1.10108,1.16772,2.20139,-2.75266,-1.32422,1.00895,-1.94565,1.10136,1.16858,2.20139,-0.000919522,-0.000676984,0.000400991,0.00122717,-0.000146178,-1.12513e-05,-0.000124948,0,0,0,0,0,0,0,-0.152882,26.7383,-24.6612,7.42344,0.830705,2.4996,0.0459692,-0.177439,2.15671,-3.01564,1.88271,0.179929,0.910461,0.0608776
1726235,0.96,-2.75261,-1.32534,1.01104,-1.94698,1.10108,1.16772,2.20139,-2.75266,-1.32422,1.00895,-1.94565,1.10136,1.16858,2.20139,0.000593411,0.000755103,-0.000846297,-0.000945124,0.000105999,-0.000482219,-0.000320658,0,0,0,0,0,0,0,-0.204456,26.6867,-24.6136,7.49881,0.825212,2.51242,0.0523779,-0.179447,2.15806,-3.01604,1.88131,0.179846,0.910502,0.0608221
1726236,0.96,-2.75261,-1.32534,1.01105,-1.94698,1.10108,1.16772,2.20139,-2.75266,-1.32422,1.00895,-1.94565,1.10136,1.16858,2.20139,-0.000254006,-0.000703024,-7.38594e-06,0.000576343,-0.000336235,0.000627957,0.000532213,0,0,0,0,0,0,0,-0.176685,26.7383,-24.6374,7.44724,0.836199,2.48678,0.0322363,-0.180551,2.15839,-3.01555,1.88057,0.179821,0.910481,0.0606878
1726237,0.96,-2.75261,-1.32534,1.01104,-1.94698,1.10108,1.16772,2.20139,-2.75266,-1.32422,1.00895,-1.94565,1.10136,1.16858,2.20139,0.00103709,8.81293e-05,-4.92396e-06,-0.000172583,-0.000427607,-0.000293439,0.000829527,0,0,0,0,0,0,0,-0.22826,26.7144,-24.6374,7.47104,0.841692,2.50601,0.0194189,-0.181967,2.15883,-3.01492,1.87977,0.17981,0.910454,0.0604908
1726238,0.96,-2.75261,-1.32534,1.01105,-1.94698,1.10108,1.16772,2.20139,-2.75266,-1.32422,1.00895,-1.94565,1.10136,1.16858,2.20139,0.00013458,-0.000498059,-3.28264e-06,0.000441756,0.00012183,4.17329e-05,-0.000159059,0,0,0,0,0,0,0,-0.204456,26.7383,-24.6374,7.44724,0.830705,2.4996,0.038645,-0.184304,2.16005,-3.01474,1.87846,0.179785,0.910457,0.0602273
1726239,0.96,-2.75261,-1.32534,1.01104,-1.94698,1.10108,1.16772,2.20139,-2.75266,-1.32422,1.00895,-1.94565,1.10136,1.16858,2.20139,-0.000559894,-0.000981653,-2.18843e-06,-0.000262308,0.000488121,0.000265181,0.00013132,0,0,0,0,0,0,0,-0.176685,26.766,-24.6374,7.47104,0.819719,2.49319,0.0322363,-0.186406,2.1617,-3.01507,1.87722,0.179796,0.910475,0.0598917
1726240,0.96,-2.75261,-1.32534,1.01104,-1.94698,1.10108,1.16772,2.20139,-2.75266,-1.32422,1.00895,-1.94565,1.10136,1.16858,2.20139,-0.000930074,0.0012016,-1.45895e-06,0.00038194,0.000121963,-0.000297931,-0.000149813,0,0,0,0,0,0,0,-0.152882,26.6867,-24.6374,7.44724,0.825212,2.50601,0.038645,-0.18636,2.16251,-3.01553,1.87706,0.179898,0.910461,0.059497
1726241,0.96,-2.75261,-1.32534,1.01104,-1.94698,1.10108,1.16772,2.20139,-2.75266,-1.32422,1.00895,-1.94565,1.10136,1.16858,2.20139,-0.00062005,-0.000405356,-0.000557785,0.000811439,-0.000122142,0.000513456,0.000137484,0,0,0,0,0,0,0,-0.152882,26.7383,-24.6136,7.42344,0.830705,2.48678,0.0322363,-0.184171,2.16145,-3.01519,1.87792,0.180054,0.910359,0.0590596
1726242,0.96,-2.75261,-1.32534,1.01104,-1.94698,1.10108,1.16772,2.20139,-2.75266,-1.32422,1.00895,-1.94565,1.10136,1.16858,2.20139,0.000143446,0.000936188,-0.000371856,-1.58528e-05,0.000122023,-0.000132414,0.000566374,0,0,0,0,0,0,0,-0.176685,26.6867,-24.6136,7.44724,0.825212,2.4996,0.0194189,-0.181715,2.15938,-3.01385,1.87879,0.180192,0.910181,0.0585874
1726243,0.96,-2.75261,-1.32534,1.01105,-1.94698,1.10108,1.16772,2.20139,-2.75266,-1.32422,1.00895,-1.94565,1.10136,1.16858,2.20139,9.56303e-05,-0.00123191,0.00086572,-0.00056738,8.13485e-05,-8.82757e-05,-0.000334494,0,0,0,0,0,0,0,-0.176685,26.766,-24.6612,7.47104,0.825212,2.4996,0.038645,-0.180102,2.15779,-3.01277,1.87939,0.180309,0.910048,0.0580822
1726244,0.96,-2.75261,-1.32534,1.01104,-1.94698,1.10108,1.16772,2.20139,-2.75266,-1.32422,1.00895,-1.94565,1.10136,1.16858,2.20139,0.000713368,0.00038515,-0.000536477,0.000178558,-0.000352669,-0.000296209,-0.000222996,0,0,0,0,0,0,0,-0.204456,26.7144,-24.6136,7.44724,0.836199,2.50601,0.038645,-0.179815,2.1577,-3.01284,1.87954,0.180402,0.910027,0.0575434
1726245,0.96,-2.75261,-1.32534,1.01105,-1.94698,1.10108,1.16772,2.20139,-2.75266,-1.32422,1.00895,-1.94565,1.10136,1.16858,2.20139,-0.000730848,-0.000300045,0.000755972,0.000675851,-3.1662e-05,3.9886e-05,-0.00160673,0,0,0,0,0,0,0,-0.152882,26.7383,-24.6612,7.42344,0.830705,2.4996,0.0780126,-0.18046,2.15835,-3.01329,1.87913,0.180453,0.910044,0.0569845
1726246,0.96,-2.75261,-1.32534,1.01105,-1.94698,1.10108,1.16772,2.20139,-2.75266,-1.32422,1.00895,-1.94565,1.10136,1.16858,2.20139,6.95802e-05,0.0010064,0.000503982,-0.000663057,0.000182343,-0.000448127,0.000115644,0,0,0,0,0,0,0,-0.176685,26.6867,-24.6612,7.47104,0.825212,2.51242,0.0459692,-0.18037,2.15858,-3.01398,1.87899,0.180514,0.910074,0.0564444
1726247,0.96,-2.75261,-1.32534,1.01104,-1.94698,1.10108,1.16772,2.20139,-2.75266,-1.32422,1.00895,-1.94565,1.10136,1.16858,2.20139,0.000696001,0.00122774,-0.000777636,-0.00109165,0.000325012,-6.13925e-05,-0.000397622,0,0,0,0,0,0,0,-0.204456,26.6629,-24.6136,7.49881,0.819719,2.50601,0.0587866,-0.179105,2.15709,-3.01395,1.87992,0.180634,0.910107,0.0559637
1726248,0.96,-2.75261,-1.32534,1.01105,-1.94698,1.10108,1.16772,2.20139,-2.75266,-1.32422,1.00895,-1.94565,1.10136,1.16858,2.20139,-0.000185613,-0.000944743,3.83878e-05,0.00103547,1.32243e-05,0.000671148,-0.000265081,0,0,0,0,0,0,0,-0.176685,26.7383,-24.6374,7.42344,0.825212,2.48678,0.0587866,-0.178162,2.15465,-3.01265,1.88093,0.180746,0.910099,0.0555481
1726249,0.96,-2.75261,-1.32534,1.01105,-1.94698,1.10108,1.16772,2.20138,-2.75266,-1.32422,1.00895,-1.94565,1.10136,1.16858,2.20139,-0.000123742,-0.000629829,0.000582404,0.000690313,0.000449626,-0.000502003,-0.00136352,0,0,0,0,0,0,0,-0.176685,26.7383,-24.6612,7.42344,0.81331,2.51242,0.09083,-0.178727,2.15423,-3.01215,1.8805,0.180762,0.910099,0.0551917
1726250,0.96,-2.75261,-1.32534,1.01105,-1.94698,1.10108,1.16772,2.20138,-2.75266,-1.32422,1.00895,-1.94565,1.10136,1.16858,2.20139,-8.24949e-05,0.000136926,0.000388269,-9.66031e-05,-0.00054796,0.000377408,-0.00114637,0,0,0,0,0,0,0,-0.176685,26.7144,-24.6612,7.44724,0.836199,2.49319,0.0972387,-0.179959,2.15572,-3.01315,1.87917,0.180714,0.910154,0.0549145
1726251,0.96,-2.75261,-1.32534,1.01105,-1.94698,1.10108,1.16772,2.20138,-2.75266,-1.32422,1.00895,-1.94565,1.10136,1.16858,2.20139,-5.49966e-05,9.12841e-05,-0.000297966,-0.00127083,-0.000161856,1.42463e-05,-0.000289528,0,0,0,0,0,0,0,-0.176685,26.7144,-24.6374,7.49881,0.830705,2.4996,0.0844213,-0.180182,2.15664,-3.01421,1.87867,0.180717,0.910224,0.0547547
1726252,0.96,-2.75261,-1.32534,1.01105,-1.94698,1.10108,1.16772,2.20138,-2.75266,-1.32422,1.00895,-1.94565,1.10136,1.16858,2.20139,0.00061295,6.08561e-05,0.000358168,-0.000197605,0.000298997,9.49753e-06,-0.000193019,0,0,0,0,0,0,0,-0.204456,26.7144,-24.6612,7.47104,0.819719,2.4996,0.0844213,-0.179565,2.15644,-3.01462,1.87916,0.180788,0.910282,0.0547352
1726253,0.96,-2.75261,-1.32534,1.01104,-1.94698,1.10108,1.16772,2.20138,-2.75266,-1.32422,1.00895,-1.94565,1.10136,1.16858,2.20139,0.000408633,4.05707e-05,-0.000318033,-0.00078135,-4.11924e-06,-0.000468386,-0.000128679,0,0,0,0,0,0,0,-0.204456,26.7144,-24.6374,7.49881,0.825212,2.51242,0.0844213,-0.179474,2.15601,-3.01467,1.87967,0.180849,0.910342,0.0548489
1726254,0.96,-2.75261,-1.32534,1.01104,-1.94698,1.10108,1.16772,2.20138,-2.75266,-1.32422,1.00895,-1.94565,1.10136,1.16858,2.20139,-0.000377192,-0.00117938,-0.000768834,0.000128714,-0.000206197,0.00016246,0.000151573,0,0,0,0,0,0,0,-0.176685,26.766,-24.6136,7.47104,0.830705,2.4996,0.0780126,-0.179946,2.15582,-3.01434,1.87988,0.180887,0.910373,0.0550747
1726255,0.96,-2.75261,-1.32534,1.01104,-1.94698,1.10108,1.16772,2.20138,-2.75266,-1.32422,1.00895,-1.94565,1.10136,1.16858,2.20139,0.000398153,-0.000136639,4.42559e-05,0.000642621,-0.000340915,-0.000129052,-0.000373669,0,0,0,0,0,0,0,-0.204456,26.7383,-24.6374,7.44724,0.836199,2.50601,0.09083,-0.180941,2.15633,-3.01382,1.87946,0.180887,0.910357,0.0553889
1726256,0.96,-2.75261,-1.32534,1.01105,-1.94698,1.10108,1.16772,2.20138,-2.75266,-1.32422,1.00895,-1.94565,1.10136,1.16858,2.20139,-0.000384179,0.00046572,0.000586316,-0.000128398,-0.000227277,0.000151324,-1.1754e-05,0,0,0,0,0,0,0,-0.176685,26.7144,-24.6612,7.47104,0.836199,2.4996,0.0844213,-0.182115,2.15712,-3.01362,1.87863,0.180851,0.910343,0.0557773
1726257,0.96,-2.75261,-1.32534,1.01105,-1.94698,1.10108,1.16772,2.20138,-2.75266,-1.32422,1.00895,-1.94565,1.10136,1.16858,2.20139,0.000393495,0.00031048,0.000390877,-0.000735213,0.000255383,0.000100883,-0.000245195,0,0,0,0,0,0,0,-0.204456,26.7144,-24.6612,7.49881,0.825212,2.4996,0.09083,-0.182282,2.15718,-3.01384,1.87851,0.180858,0.910371,0.0562354
1726258,0.96,-2.75261,-1.32534,1.01105,-1.94698,1.10108,1.16772,2.20138,-2.75266,-1.32422,1.00895,-1.94565,1.10136,1.16858,2.20139,-0.000387284,-0.000999439,0.000910199,0.000716284,-3.3195e-05,-0.000170104,0.000311255,0,0,0,0,0,0,0,-0.176685,26.766,-24.689,7.44724,0.830705,2.50601,0.0780126,-0.181975,2.15739,-3.01488,1.87879,0.180903,0.910458,0.0567516
1726259,0.96,-2.75261,-1.32534,1.01105,-1.94698,1.10108,1.16772,2.20138,-2.75266,-1.32422,1.00895,-1.94565,1.10136,1.16858,2.20139,0.000391425,-1.6679e-05,-4.28148e-05,0.000477523,0.000384771,-0.000350761,-2.98559e-05,0,0,0,0,0,0,0,-0.204456,26.7383,-24.6612,7.44724,0.819719,2.51242,0.0844213,-0.182514,2.15889,-3.01677,1.87833,0.180909,0.910578,0.0573084
1726260,0.96,-2.75261,-1.32534,1.01105,-1.94698,1.10108,1.16772,2.20138,-2.75266,-1.32422,1.00895,-1.94565,1.10136,1.16858,2.20139,-0.000388664,0.000545693,-0.000585355,-0.000238463,5.30635e-05,0.000240877,0.000217455,0,0,0,0,0,0,0,-0.176685,26.7144,-24.6374,7.47104,0.825212,2.4996,0.0780126,-0.183337,2.15995,-3.01781,1.8776,0.18089,0.910642,0.0578907
1726261,0.96,-2.75261,-1.32534,1.01105,-1.94698,1.10108,1.16772,2.20138,-2.75266,-1.32422,1.00895,-1.94565,1.10136,1.16858,2.20139,-0.00025911,0.000363795,0.000166575,-0.000158976,-0.000168075,-7.67743e-05,-0.000329748,0,0,0,0,0,0,0,-0.176685,26.7144,-24.6612,7.47104,0.830705,2.50601,0.09083,-0.182915,2.15898,-3.01723,1.87781,0.180921,0.910619,0.0584876
1726262,0.96,-2.75261,-1.32534,1.01105,-1.94698,1.10108,1.16772,2.20138,-2.75266,-1.32422,1.00895,-1.94565,1.10136,1.16858,2.20139,-0.00017274,-0.000314282,-0.00100257,0.000450828,9.14006e-05,-5.11829e-05,1.7527e-05,0,0,0,0,0,0,0,-0.176685,26.7383,-24.6136,7.44724,0.825212,2.50601,0.0844213,-0.181683,2.15703,-3.01584,1.87857,0.180984,0.910551,0.0590906
1726263,0.96,-2.75261,-1.32534,1.01105,-1.94698,1.10108,1.16772,2.20139,-2.75266,-1.32422,1.00895,-1.94565,1.10136,1.16858,2.20139,-0.00011516,0.000347291,0.000445241,-0.00025626,-0.000142517,-3.41219e-05,0.00096112,0,0,0,0,0,0,0,-0.176685,26.7144,-24.6612,7.47104,0.830705,2.50601,0.0587866,-0.180717,2.15526,-3.01426,1.87912,0.181037,0.910475,0.0596965
1726264,0.96,-2.75261,-1.32534,1.01105,-1.94698,1.10108,1.16772,2.20138,-2.75266,-1.32422,1.00895,-1.94565,1.10136,1.16858,2.20139,-0.0012832,-0.000974899,-0.000259984,0.000942784,0.000108439,0.00045197,-0.000783407,0,0,0,0,0,0,0,-0.125111,26.766,-24.6374,7.42344,0.825212,2.49319,0.0972387,-0.179585,2.15415,-3.01335,1.87958,0.181092,0.910427,0.0602939
1726265,0.96,-2.75261,-1.32534,1.01105,-1.94698,1.10108,1.16772,2.20138,-2.75266,-1.32422,1.00895,-1.94565,1.10136,1.16858,2.20139,-0.000855466,0.000556493,0.000383489,-0.000485101,7.22929e-05,-0.000173405,0.000664524,0,0,0,0,0,0,0,-0.125111,26.7144,-24.6612,7.47104,0.825212,2.50601,0.0651953,-0.177392,2.15349,-3.01333,1.88033,0.18118,0.910402,0.0608694
1726266,0.96,-2.75261,-1.32534,1.01105,-1.94698,1.10108,1.16772,2.20138,-2.75266,-1.32422,1.00895,-1.94565,1.10136,1.16858,2.20139,0.00128573,0.000370996,0.000905273,-0.000973015,-0.000358706,0.000121756,-0.00050642,0,0,0,0,0,0,0,-0.204456,26.7144,-24.689,7.49881,0.836199,2.4996,0.09083,-0.174836,2.15275,-3.01391,1.88157,0.181298,0.910445,0.0614268
1726267,0.96,-2.75261,-1.32534,1.01105,-1.94698,1.10108,1.16772,2.20138,-2.75266,-1.32422,1.00895,-1.94565,1.10136,1.16858,2.20139,0.00141396,0.00024733,-0.00060291,9.3744e-07,0.000167764,-0.000156188,0.000137105,0,0,0,0,0,0,0,-0.22826,26.7144,-24.6374,7.47104,0.825212,2.50601,0.0780126,-0.17465,2.15247,-3.0145,1.88216,0.181349,0.910584,0.0619644
1726268,0.96,-2.75261,-1.32534,1.01105,-1.94698,1.10108,1.16772,2.20139,-2.75266,-1.32422,1.00895,-1.94565,1.10136,1.16858,2.20139,-0.000820595,-0.000391925,0.000804486,6.2496e-07,0.000315293,-0.000104126,0.00202418,0,0,0,0,0,0,0,-0.152882,26.7383,-24.689,7.47104,0.819719,2.50601,0.0258276,-0.176659,2.15296,-3.01487,1.88164,0.181317,0.910737,0.0624807
1726269,0.96,-2.75261,-1.32534,1.01105,-1.94698,1.10108,1.16772,2.20138,-2.75266,-1.32422,1.00895,-1.94565,1.10136,1.16858,2.20139,0.000659363,-0.000910897,0.000536324,-0.000649197,-0.000196706,0.00064266,-0.000108607,0,0,0,0,0,0,0,-0.204456,26.766,-24.689,7.49881,0.830705,2.48678,0.0651953,-0.178455,2.15445,-3.01617,1.88102,0.181293,0.910907,0.0629562
1726270,0.96,-2.75261,-1.32534,1.01105,-1.94698,1.10108,1.16772,2.20139,-2.75266,-1.32422,1.00895,-1.94565,1.10136,1.16858,2.20139,-0.000210039,4.23491e-05,0.000357549,0.00133044,7.23134e-05,-0.000283637,0.00091094,0,0,0,0,0,0,0,-0.176685,26.7383,-24.689,7.42344,0.825212,2.50601,0.038645,-0.180261,2.15699,-3.01843,1.88013,0.181257,0.911089,0.0633498
1726271,0.96,-2.75261,-1.32534,1.01105,-1.94698,1.10108,1.16772,2.20139,-2.75266,-1.32422,1.00895,-1.94565,1.10136,1.16858,2.20139,0.000509588,-0.000621381,-0.00096806,-0.000226664,-0.000358692,4.82676e-05,-0.00061341,0,0,0,0,0,0,0,-0.204456,26.766,-24.6374,7.47104,0.836199,2.4996,0.071604,-0.182661,2.15952,-3.02002,1.87859,0.181165,0.911187,0.063644
1726272,0.96,-2.75261,-1.32534,1.01105,-1.94698,1.10108,1.16772,2.20139,-2.75266,-1.32422,1.00895,-1.94565,1.10136,1.16858,2.20139,-0.000309889,0.000792172,-8.85612e-05,-0.000151109,-3.56775e-05,3.21784e-05,0.000811763,0,0,0,0,0,0,0,-0.176685,26.7144,-24.6612,7.47104,0.830705,2.4996,0.038645,-0.184539,2.16063,-3.02,1.8774,0.181093,0.911167,0.0638469
1726273,0.96,-2.75261,-1.32534,1.01105,-1.94698,1.10108,1.16772,2.20139,-2.75266,-1.32422,1.00895,-1.94565,1.10136,1.16858,2.20139,-0.000763404,0.00117773,-5.90408e-05,-0.000750354,0.000179665,-0.000215907,0.000541175,0,0,0,0,0,0,0,-0.152882,26.6867,-24.6612,7.49881,0.825212,2.50601,0.038645,-0.183902,2.1591,-3.0187,1.87796,0.181136,0.911065,0.0639759
1726274,0.96,-2.75261,-1.32534,1.01105,-1.94698,1.10108,1.16772,2.20139,-2.75266,-1.32422,1.00895,-1.94565,1.10136,1.16858,2.20139,0.00069749,0.000135538,-3.93605e-05,0.00070619,0.000119777,-0.000143938,8.95162e-05,0,0,0,0,0,0,0,-0.204456,26.7144,-24.6612,7.44724,0.825212,2.50601,0.0459692,-0.181578,2.15592,-3.01697,1.87964,0.181242,0.910938,0.0640284
1726275,0.96,-2.75261,-1.32534,1.01105,-1.94698,1.10108,1.16772,2.20139,-2.75266,-1.32422,1.00895,-1.94565,1.10136,1.16858,2.20139,-0.000184621,9.03589e-05,0.000623374,0.000470793,-0.00032705,-9.59585e-05,0.000568304,0,0,0,0,0,0,0,-0.176685,26.7144,-24.689,7.44724,0.836199,2.50601,0.0322363,-0.180529,2.15378,-3.0159,1.88039,0.181279,0.910855,0.0639904
1726276,0.96,-2.75261,-1.32534,1.01105,-1.94698,1.10108,1.16772,2.20139,-2.75266,-1.32422,1.00895,-1.94565,1.10136,1.16858,2.20139,-0.000123081,6.02393e-05,0.000972394,0.000313862,-1.45826e-05,0.000173387,-0.000129757,0,0,0,0,0,0,0,-0.176685,26.7144,-24.7128,7.44724,0.830705,2.4996,0.0459692,-0.180572,2.15344,-3.0164,1.8802,0.181262,0.910859,0.0638642
1726277,0.96,-2.75261,-1.32534,1.01105,-1.94698,1.10108,1.16771,2.20139,-2.75266,-1.32422,1.00895,-1.94565,1.10136,1.16858,2.20139,-0.000638866,-0.000516652,-0.000558163,-0.00034757,-9.72175e-06,0.000115591,0.000896839,0,0,0,0,0,0,0,-0.152882,26.7383,-24.6612,7.47104,0.830705,2.4996,0.0194189,-0.180183,2.15386,-3.01791,1.88014,0.181283,0.910911,0.0636572
1726278,0.96,-2.75261,-1.32534,1.01105,-1.94698,1.10108,1.16771,2.20139,-2.75266,-1.32422,1.00895,-1.94565,1.10136,1.16858,2.20139,-0.00042591,0.000861991,-0.000928921,0.00088191,0.00040042,-0.000397657,-0.000385451,0,0,0,0,0,0,0,-0.152882,26.6867,-24.6374,7.42344,0.819719,2.51242,0.0459692,-0.179056,2.15355,-3.01849,1.88046,0.181352,0.910888,0.0633728
1726279,0.96,-2.75261,-1.32534,1.01105,-1.94698,1.10108,1.16772,2.20139,-2.75266,-1.32422,1.00895,-1.94565,1.10136,1.16858,2.20139,0.000272872,0.000574661,0.000587145,0.00058794,-0.000139954,-0.000265105,0.000489018,0,0,0,0,0,0,0,-0.176685,26.6867,-24.689,7.42344,0.830705,2.51242,0.0258276,-0.178014,2.15212,-3.01769,1.88058,0.181396,0.910785,0.0630154
1726280,0.96,-2.75261,-1.32534,1.01105,-1.94698,1.10108,1.16771,2.20139,-2.75266,-1.32422,1.00895,-1.94565,1.10136,1.16858,2.20139,0.000831528,-0.000266507,0.00039143,-0.000721664,-0.000296753,6.06224e-05,-0.000419973,0,0,0,0,0,0,0,-0.204456,26.7144,-24.689,7.47104,0.836199,2.50601,0.0459692,-0.178186,2.1512,-3.01733,1.88012,0.181389,0.910761,0.0625953
1726281,0.96,-2.75261,-1.32534,1.01105,-1.94698,1.10108,1.16771,2.20139,-2.75266,-1.32422,1.00895,-1.94565,1.10136,1.16858,2.20139,-9.52617e-05,-0.000177671,0.000260954,-0.00168754,0.000209065,0.000277774,-8.71491e-06,0,0,0,0,0,0,0,-0.176685,26.7144,-24.689,7.52262,0.825212,2.4996,0.038645,-0.178793,2.1513,-3.0182,1.87998,0.18143,0.910885,0.0621257
1726282,0.96,-2.75261,-1.32534,1.01105,-1.94698,1.10108,1.16771,2.20139,-2.75266,-1.32422,1.00895,-1.94565,1.10136,1.16858,2.20139,-6.35078e-05,-0.000118447,0.000173969,8.14025e-05,-6.40736e-05,0.000185183,-5.80994e-06,0,0,0,0,0,0,0,-0.176685,26.7144,-24.689,7.47104,0.830705,2.4996,0.038645,-0.17851,2.15152,-3.01969,1.88077,0.181565,0.911072,0.0616244
1726283,0.96,-2.75261,-1.32534,1.01105,-1.94698,1.10108,1.16772,2.20139,-2.75266,-1.32422,1.00895,-1.94565,1.10136,1.16858,2.20139,-0.00059915,-0.00128539,0.000115979,5.42683e-05,0.000160735,-0.000351263,-0.000275141,0,0,0,0,0,0,0,-0.152882,26.766,-24.689,7.47104,0.825212,2.51242,0.0459692,-0.177889,2.15227,-3.02158,1.88153,0.181709,0.911248,0.0611033
1726284,0.96,-2.75261,-1.32534,1.01105,-1.94698,1.10108,1.16771,2.20139,-2.75266,-1.32422,1.00895,-1.94565,1.10136,1.16858,2.20139,0.000157378,0.000349499,0.000634132,3.61789e-05,0.000107157,-0.000234175,0.000325199,0,0,0,0,0,0,0,-0.176685,26.7144,-24.7128,7.47104,0.825212,2.51242,0.0322363,-0.177611,2.15389,-3.02398,1.88167,0.181809,0.911417,0.0605725
1726285,0.96,-2.75261,-1.32534,1.01105,-1.94698,1.10108,1.16771,2.20139,-2.75266,-1.32422,1.00895,-1.94565,1.10136,1.16858,2.20139,-0.000451893,-0.000973427,-0.000783672,2.41193e-05,-0.000132013,8.12421e-05,-0.000766545,0,0,0,0,0,0,0,-0.152882,26.766,-24.6612,7.47104,0.830705,2.50601,0.0587866,-0.177558,2.15546,-3.02612,1.88153,0.181872,0.911563,0.0600413
1726286,0.96,-2.75261,-1.32534,1.01105,-1.94698,1.10108,1.16771,2.20139,-2.75266,-1.32422,1.00895,-1.94565,1.10136,1.16858,2.20139,0.00146198,0.000557475,0.000127166,-0.000633534,-0.000291459,5.41614e-05,0.000234955,0,0,0,0,0,0,0,-0.22826,26.7144,-24.689,7.49881,0.836199,2.50601,0.038645,-0.178221,2.15651,-3.02719,1.88113,0.181899,0.911667,0.0595165
1726287,0.96,-2.75261,-1.32534,1.01105,-1.94698,1.10108,1.16772,2.20139,-2.75266,-1.32422,1.00895,-1.94565,1.10136,1.16858,2.20139,0.000417839,0.00037165,-0.00112165,0.000227258,0.000416046,-0.000201251,0.000393996,0,0,0,0,0,0,0,-0.204456,26.7144,-24.6374,7.47104,0.819719,2.51242,0.0322363,-0.180151,2.15666,-3.02677,1.88036,0.181872,0.911733,0.0590115
1726288,0.96,-2.75261,-1.32534,1.01105,-1.94698,1.10108,1.16772,2.20138,-2.75266,-1.32422,1.00895,-1.94565,1.10136,1.16858,2.20139,0.000278559,0.000247767,0.00101547,-0.000498109,0.000514723,-0.000134168,-0.0011954,0,0,0,0,0,0,0,-0.204456,26.7144,-24.7128,7.49881,0.81331,2.51242,0.071604,-0.182357,2.15593,-3.02559,1.87963,0.181817,0.911783,0.0585275
1726289,0.96,-2.75261,-1.32534,1.01105,-1.94698,1.10108,1.16771,2.20139,-2.75266,-1.32422,1.00895,-1.94565,1.10136,1.16858,2.20139,-0.00102072,-0.000391634,0.00012017,0.000317541,-0.000301112,-8.9445e-05,0.000152504,0,0,0,0,0,0,0,-0.152882,26.7383,-24.689,7.47104,0.830705,2.51242,0.0459692,-0.18318,2.15526,-3.02545,1.87957,0.181792,0.911884,0.0580673
1726290,0.96,-2.75261,-1.32534,1.01105,-1.94698,1.10108,1.16771,2.20139,-2.75266,-1.32422,1.00895,-1.94565,1.10136,1.16858,2.20139,-0.000123668,0.000295722,8.0113e-05,-0.00043792,-0.000200741,-0.000771707,-0.000373049,0,0,0,0,0,0,0,-0.176685,26.7144,-24.689,7.49881,0.830705,2.53164,0.0587866,-0.182187,2.15468,-3.02633,1.88035,0.181821,0.912023,0.0576486
1726291,0.96,-2.75261,-1.32534,1.01105,-1.94698,1.10108,1.16771,2.20139,-2.75266,-1.32422,1.00895,-1.94565,1.10136,1.16858,2.20139,-8.24453e-05,-0.00100928,0.000610221,-0.000848758,-0.000133827,0.000197606,0.000972004,0,0,0,0,0,0,0,-0.176685,26.766,-24.7128,7.52262,0.830705,2.51242,0.0258276,-0.180396,2.1543,-3.02773,1.88168,0.181892,0.912209,0.0572778
1726292,0.96,-2.75261,-1.32534,1.01105,-1.94698,1.10108,1.16771,2.20138,-2.75266,-1.32422,1.00895,-1.94565,1.10136,1.16858,2.20139,-5.49635e-05,0.000533574,0.000406814,0.00175421,-0.000292669,0.000369096,-0.00152214,0,0,0,0,0,0,0,-0.176685,26.7144,-24.7128,7.42344,0.836199,2.50601,0.0844213,-0.179301,2.15487,-3.02977,1.88256,0.181934,0.912457,0.0569406
1726293,0.96,-2.75261,-1.32534,1.01105,-1.94698,1.10108,1.16772,2.20138,-2.75266,-1.32422,1.00895,-1.94565,1.10136,1.16858,2.20139,-0.000593454,-0.000201096,-0.000935217,5.585e-05,0.000211789,-0.000228654,-0.000302681,0,0,0,0,0,0,0,-0.152882,26.7383,-24.6612,7.47104,0.825212,2.51882,0.0651953,-0.179107,2.15551,-3.03123,1.88247,0.181898,0.912657,0.0566309
1726294,0.96,-2.75261,-1.32534,1.01105,-1.94698,1.10108,1.16772,2.20139,-2.75266,-1.32422,1.00895,-1.94565,1.10136,1.16858,2.20139,0.00081079,0.000422748,-0.000623478,-0.000612381,0.000141192,0.000559641,3.55718e-05,0,0,0,0,0,0,0,-0.204456,26.7144,-24.6612,7.49881,0.825212,2.4996,0.0587866,-0.179108,2.15497,-3.03095,1.88229,0.181855,0.912762,0.0563731
1726295,0.96,-2.75261,-1.32534,1.01105,-1.94698,1.10108,1.16771,2.20138,-2.75266,-1.32422,1.00895,-1.94565,1.10136,1.16858,2.20139,0.000540526,-0.00027498,0.000233962,0.00024136,0.000297579,-0.000101624,-0.000213644,0,0,0,0,0,0,0,-0.204456,26.7383,-24.689,7.47104,0.819719,2.51242,0.0651953,-0.179878,2.15405,-3.02981,1.88213,0.181814,0.912863,0.0561821
1726296,0.96,-2.75261,-1.32534,1.01105,-1.94698,1.10108,1.16771,2.20138,-2.75266,-1.32422,1.00895,-1.94565,1.10136,1.16858,2.20139,0.000360351,-0.000832934,-0.000493639,-0.000488707,-0.000208515,0.00016961,-0.00109187,0,0,0,0,0,0,0,-0.204456,26.766,-24.6612,7.49881,0.830705,2.50601,0.09083,-0.181848,2.15421,-3.02926,1.88149,0.181743,0.913024,0.0560503
1726297,0.96,-2.75261,-1.32534,1.01105,-1.94698,1.10108,1.16771,2.20138,-2.75266,-1.32422,1.00895,-1.94565,1.10136,1.16858,2.20139,-0.000966192,9.43247e-05,-0.000329093,0.000880621,-0.000342461,-0.000124286,-0.000965269,0,0,0,0,0,0,0,-0.152882,26.7383,-24.6612,7.44724,0.836199,2.51242,0.0972387,-0.18354,2.15495,-3.02917,1.8809,0.181686,0.913188,0.0559842
1726298,0.96,-2.75261,-1.32534,1.01105,-1.94698,1.10108,1.16771,2.20138,-2.75266,-1.32422,1.00895,-1.94565,1.10136,1.16858,2.20139,-0.000644128,0.000619695,-0.000219395,3.02688e-05,-2.48566e-05,-8.28572e-05,-0.000168795,0,0,0,0,0,0,0,-0.152882,26.7144,-24.6612,7.47104,0.830705,2.51242,0.0844213,-0.183274,2.15463,-3.02881,1.88114,0.181685,0.913285,0.056013
1726299,0.96,-2.75261,-1.32534,1.01105,-1.94698,1.10108,1.16772,2.20138,-2.75266,-1.32422,1.00895,-1.94565,1.10136,1.16858,2.20139,0.000777007,-0.000143682,0.00106016,0.0011338,-1.65711e-05,-5.52382e-05,0.000362188,0,0,0,0,0,0,0,-0.204456,26.7383,-24.7128,7.42344,0.830705,2.51242,0.071604,-0.182325,2.15393,-3.02878,1.88153,0.181689,0.913386,0.0561542
1726300,0.96,-2.75261,-1.32534,1.01105,-1.94698,1.10108,1.16772,2.20139,-2.75266,-1.32422,1.00895,-1.94565,1.10136,1.16858,2.20139,0.00107482,-0.000745402,0.000149963,0.000199057,0.000192403,-3.68254e-05,4.09969e-06,0,0,0,0,0,0,0,-0.22826,26.766,-24.689,7.44724,0.825212,2.51242,0.0780126,-0.183759,2.15522,-3.0301,1.88048,0.181599,0.913601,0.0563903
1726301,0.96,-2.75261,-1.32534,1.01105,-1.94698,1.10108,1.16771,2.20138,-2.75266,-1.32422,1.00895,-1.94565,1.10136,1.16858,2.20139,0.000716545,0.000152679,0.000656787,0.000132705,-7.51818e-05,-2.45503e-05,-0.000234626,0,0,0,0,0,0,0,-0.22826,26.7383,-24.7128,7.44724,0.830705,2.51242,0.0844213,-0.187493,2.15829,-3.03235,1.87825,0.181442,0.913912,0.0566937
1726302,0.96,-2.75261,-1.32534,1.01105,-1.94698,1.10108,1.16771,2.20138,-2.75266,-1.32422,1.00895,-1.94565,1.10136,1.16858,2.20139,-0.00072873,0.000658598,0.000437858,-0.00111796,0.000153329,0.000220992,-0.000631135,0,0,0,0,0,0,0,-0.176685,26.7144,-24.7128,7.49881,0.825212,2.50601,0.0972387,-0.189956,2.16045,-3.03457,1.8771,0.181373,0.914242,0.0570542
1726303,0.96,-2.75261,-1.32534,1.01105,-1.94698,1.10108,1.16771,2.20139,-2.75266,-1.32422,1.00895,-1.94565,1.10136,1.16858,2.20139,-0.00104263,0.00108868,0.000291905,0.000461122,0.00010222,-0.00032739,0.0022241,0,0,0,0,0,0,0,-0.152882,26.6867,-24.7128,7.44724,0.825212,2.51882,0.0258276,-0.188437,2.15978,-3.03612,1.87844,0.181477,0.914504,0.0574751
1726304,0.96,-2.75261,-1.32534,1.01105,-1.94698,1.10108,1.16771,2.20139,-2.75266,-1.32422,1.00895,-1.94565,1.10136,1.16858,2.20139,0.00106815,-0.00048064,-0.000362208,0.000307415,-0.000135304,0.000256458,0.00026203,0,0,0,0,0,0,0,-0.22826,26.7383,-24.689,7.44724,0.830705,2.50601,0.0587866,-0.185476,2.15769,-3.03677,1.88044,0.181624,0.914675,0.057926
1726305,0.96,-2.75261,-1.32534,1.01105,-1.94698,1.10108,1.16771,2.20139,-2.75266,-1.32422,1.00895,-1.94565,1.10136,1.16858,2.20139,0.000155288,0.000885999,-0.000891086,-0.000351869,-9.02028e-05,0.000170972,0.000174687,0,0,0,0,0,0,0,-0.204456,26.6867,-24.6612,7.47104,0.830705,2.50601,0.0587866,-0.184394,2.15586,-3.03628,1.88132,0.181692,0.914774,0.0583448
1726306,0.96,-2.75261,-1.32534,1.01105,-1.94698,1.10108,1.16772,2.20138,-2.75266,-1.32422,1.00895,-1.94565,1.10136,1.16858,2.20139,-0.000546089,-0.00061576,0.000612368,-0.000884193,-0.000263586,0.000113981,-0.000120901,0,0,0,0,0,0,0,-0.176685,26.7383,-24.7128,7.49881,0.836199,2.50601,0.0651953,-0.183642,2.15395,-3.03524,1.88222,0.181777,0.914843,0.0587048
1726307,0.96,-2.75261,-1.32534,1.01105,-1.94698,1.10108,1.16772,2.20139,-2.75266,-1.32422,1.00895,-1.94565,1.10136,1.16858,2.20139,-0.000364059,0.000146306,-0.00135499,0.000616964,0.000231177,-0.00039873,0.0011401,0,0,0,0,0,0,0,-0.176685,26.7144,-24.6374,7.44724,0.825212,2.51882,0.0322363,-0.181916,2.15214,-3.03454,1.88365,0.181925,0.914901,0.0590107
1726308,0.96,-2.75261,-1.32534,1.01105,-1.94698,1.10108,1.16772,2.20139,-2.75266,-1.32422,1.00895,-1.94565,1.10136,1.16858,2.20139,-0.000242706,-0.00110889,0.000303098,-0.00135193,0.000154118,-2.84613e-05,0.000760068,0,0,0,0,0,0,0,-0.176685,26.766,-24.689,7.52262,0.825212,2.51242,0.0322363,-0.180134,2.15096,-3.03409,1.88498,0.182088,0.914947,0.0592558
1726309,0.96,-2.75261,-1.32534,1.01105,-1.94698,1.10108,1.16772,2.20139,-2.75266,-1.32422,1.00895,-1.94565,1.10136,1.16858,2.20139,0.00048781,0.000467167,0.00131569,-0.000344474,-0.000100705,0.000218385,0.000269353,0,0,0,0,0,0,0,-0.204456,26.7144,-24.7366,7.49881,0.830705,2.50601,0.038645,-0.178732,2.15096,-3.03493,1.88624,0.182254,0.91509,0.0594193
1726310,0.97,-2.75261,-1.32534,1.01105,-1.94698,1.10108,1.16772,2.20139,-2.75266,-1.32422,1.00895,-1.94565,1.10136,1.16858,2.20139,-0.000324407,0.000311444,-0.000236498,0.000419965,-6.71367e-05,-0.000329128,0.000654287,0,0,0,0,0,0,0,-0.176685,26.7144,-24.689,7.47104,0.830705,2.51882,0.0258276,-0.177913,2.15166,-3.03697,1.88725,0.182377,0.915327,0.0594851
1726311,0.98,-2.75261,-1.32534,1.01105,-1.94698,1.10108,1.16772,2.20139,-2.75266,-1.32422,1.00895,-1.94565,1.10136,1.16858,2.20139,0.000433342,0.000857244,0.000955959,0.000279976,-0.000248208,-0.000219419,-0.000547153,0,0,0,0,0,0,0,-0.204456,26.6867,-24.7366,7.47104,0.836199,2.51882,0.0523779,-0.177737,2.15194,-3.03872,1.88768,0.182422,0.915545,0.0594495
1726312,0.99,-2.75261,-1.32534,1.01105,-1.94698,1.10108,1.16772,2.20139,-2.75266,-1.32422,1.00895,-1.94565,1.10136,1.16858,2.20139,-0.000917531,-0.00063493,-0.000476318,0.000186651,-0.000165472,0.000328439,0.000855934,0,0,0,0,0,0,0,-0.152882,26.7383,-24.689,7.47104,0.836199,2.50601,0.0194189,-0.177786,2.15197,-3.04012,1.88776,0.182433,0.915728,0.0593192
1726313,1,-2.75261,-1.32534,1.01105,-1.94698,1.10108,1.16771,2.20139,-2.75266,-1.32422,1.00895,-1.94565,1.10136,1.16858,2.20139,-5.48754e-05,-0.000423287,-0.000317545,-0.00052518,0.000296586,0.000456318,0.000333264,0,0,0,0,0,0,0,-0.176685,26.7383,-24.689,7.49881,0.825212,2.4996,0.0258276,-0.177509,2.15209,-3.04117,1.8879,0.182477,0.915862,0.0591054
1726314,1,-2.75261,-1.32534,1.01105,-1.94698,1.10108,1.16771,2.20139,-2.75266,-1.32422,1.00895,-1.94565,1.10136,1.16858,2.20139,-0.000593396,-0.000282191,-0.000861311,-0.00035012,0.000197724,-0.000407865,-1.51829e-05,0,0,0,0,0,0,0,-0.152882,26.7383,-24.6612,7.49881,0.825212,2.51882,0.0322363,-0.176826,2.152,-3.04149,1.88836,0.182573,0.915932,0.0588098
1726315,1,-2.75261,-1.32534,1.01105,-1.94698,1.10108,1.16772,2.20139,-2.75266,-1.32422,1.00895,-1.94565,1.10136,1.16858,2.20139,0.000810829,-0.000188127,0.000632219,-0.000233413,-0.000275085,-3.45509e-05,-0.000518748,0,0,0,0,0,0,0,-0.204456,26.7383,-24.7128,7.49881,0.836199,2.51242,0.0459692,-0.176498,2.15194,-3.04151,1.88883,0.18267,0.915999,0.0584364
1726316,1,-2.75261,-1.32534,1.01105,-1.94698,1.10108,1.16772,2.20139,-2.75266,-1.32422,1.00895,-1.94565,1.10136,1.16858,2.20139,-0.000109061,-0.000125418,-0.000784947,0.000494005,0.000223511,-0.000260393,-0.000345832,0,0,0,0,0,0,0,-0.176685,26.7383,-24.6612,7.47104,0.825212,2.51882,0.0459692,-0.177475,2.15252,-3.04174,1.88863,0.182702,0.916104,0.0580056
1726317,1,-2.75261,-1.32534,1.01105,-1.94698,1.10108,1.16771,2.20139,-2.75266,-1.32422,1.00895,-1.94565,1.10136,1.16858,2.20139,0.000576906,-8.36122e-05,0.000126316,0.000329337,-0.000257894,-0.000173595,0.000752789,0,0,0,0,0,0,0,-0.204456,26.7383,-24.689,7.47104,0.836199,2.51882,0.0194189,-0.179653,2.15348,-3.04181,1.88762,0.18266,0.91621,0.0575459
1726318,1,-2.75261,-1.32534,1.01105,-1.94698,1.10108,1.16771,2.20139,-2.75266,-1.32422,1.00895,-1.94565,1.10136,1.16858,2.20139,-0.000821822,-5.57415e-05,-0.00496255,-0.000430056,-0.00037538,0.000358988,0.000264501,0,0,0,0,0,0,0,-0.152882,26.7383,-24.7366,7.49881,0.841692,2.50601,0.0258276,-0.181686,2.153,-3.03956,1.88667,0.182623,0.916173,0.0570689
1726319,1,-2.75261,-1.32534,1.01105,-1.94698,1.10108,1.16771,2.20138,-2.75266,-1.32422,1.00895,-1.94565,1.10136,1.16858,2.20139,0.00121536,-0.000686775,-0.00382173,-0.000286704,0.000360098,0.000239325,-0.00128173,0,0,0,0,0,0,0,-0.22826,26.766,-24.7366,7.49881,0.825212,2.50601,0.0651953,-0.18329,2.1496,-3.03256,1.88622,0.18264,0.915842,0.0565617
1726320,1,-2.75261,-1.32534,1.01105,-1.94698,1.10108,1.16771,2.20139,-2.75266,-1.32422,1.00895,-1.94565,1.10136,1.16858,2.20139,-0.000396188,0.000191764,-0.00348966,0.00101529,0.000443516,0.00015955,0.000128859,0,0,0,0,0,0,0,-0.176685,26.7383,-24.7128,7.44724,0.819719,2.50601,0.038645,-0.185664,2.14481,-3.02246,1.88542,0.182641,0.915314,0.056034
1726321,1,-2.75261,-1.32534,1.01105,-1.94698,1.10108,1.16771,2.20139,-2.75266,-1.32422,1.00895,-1.94565,1.10136,1.16858,2.20139,0.000385489,0.000127843,-0.00261521,-0.000529566,9.22269e-05,-0.000130992,-0.000660079,0,0,0,0,0,0,0,-0.204456,26.7383,-24.7128,7.49881,0.825212,2.51242,0.0587866,-0.18812,2.13996,-3.01252,1.88442,0.18261,0.914772,0.0555232
1726322,1,-2.75261,-1.32534,1.01105,-1.94698,1.10108,1.16771,2.20139,-2.75266,-1.32422,1.00895,-1.94565,1.10136,1.16858,2.20139,0.000256992,-0.000564386,-0.00140324,0.00029657,-0.000141966,-8.73281e-05,0.000543291,0,0,0,0,0,0,0,-0.204456,26.766,-24.7366,7.47104,0.830705,2.51242,0.0322363,-0.18994,2.13612,-3.00506,1.88382,0.182589,0.914374,0.0550524
1726323,1,-2.75261,-1.32534,1.01105,-1.94698,1.10108,1.16771,2.20138,-2.75266,-1.32422,1.00895,-1.94565,1.10136,1.16858,2.20139,-0.000478286,0.000273357,-0.00109792,-0.000451901,0.000108807,-5.82188e-05,-0.00180794,0,0,0,0,0,0,0,-0.176685,26.7383,-24.7366,7.49881,0.825212,2.51242,0.09083,-0.191003,2.13427,-3.0015,1.88369,0.182592,0.914213,0.0546265
1726324,1,-2.75261,-1.32534,1.01105,-1.94698,1.10108,1.16771,2.20139,-2.75266,-1.32422,1.00895,-1.94565,1.10136,1.16858,2.20139,-0.000318857,0.000182238,-0.00141058,-0.000301267,7.25377e-05,0.000435905,0.000456216,0,0,0,0,0,0,0,-0.176685,26.7383,-24.7128,7.49881,0.825212,2.4996,0.0459692,-0.190245,2.13324,-3.00101,1.88463,0.182657,0.914226,0.0542579
1726325,1,-2.75261,-1.32534,1.01105,-1.94698,1.10108,1.16771,2.20139,-2.75266,-1.32422,1.00895,-1.94565,1.10136,1.16858,2.20139,0.000437043,0.000678304,-0.00103176,-0.000757657,-0.000561993,-0.000421473,-0.000170574,0,0,0,0,0,0,0,-0.204456,26.7144,-24.7128,7.52262,0.841692,2.51882,0.0587866,-0.188189,2.13217,-3.00211,1.8865,0.18277,0.914335,0.0539664
1726326,1,-2.75261,-1.32534,1.01105,-1.94698,1.10108,1.16772,2.20139,-2.75266,-1.32422,1.00895,-1.94565,1.10136,1.16858,2.20139,-0.000915064,-0.000104609,-0.00131318,0.000701321,3.2239e-05,-4.36232e-05,0.00110699,0,0,0,0,0,0,0,-0.152882,26.7383,-24.689,7.47104,0.830705,2.51242,0.0258276,-0.185943,2.1314,-3.00421,1.88855,0.182884,0.914502,0.0537475
1726327,1,-2.75261,-1.32534,1.01105,-1.94698,1.10108,1.16771,2.20138,-2.75266,-1.32422,1.00895,-1.94565,1.10136,1.16858,2.20139,-0.000610043,-6.97396e-05,-0.000926845,-0.000182066,2.14927e-05,-2.90821e-05,-0.00166951,0,0,0,0,0,0,0,-0.152882,26.7383,-24.689,7.49881,0.830705,2.51242,0.09083,-0.183426,2.13134,-3.00723,1.89039,0.182993,0.914689,0.0535725
1726328,1,-2.75261,-1.32534,1.01106,-1.94698,1.10108,1.16772,2.20138,-2.75266,-1.32422,1.00895,-1.94565,1.10136,1.16858,2.20139,0.000799731,-4.6493e-05,0.0011068,-0.000121378,-0.000392573,0.000217971,-0.000163568,0,0,0,0,0,0,0,-0.204456,26.7383,-24.7643,7.49881,0.841692,2.50601,0.0651953,-0.181364,2.13282,-3.01198,1.89179,0.183083,0.914978,0.0534301
1726329,1,-2.75261,-1.32534,1.01105,-1.94698,1.10108,1.16771,2.20139,-2.75266,-1.32422,1.00895,-1.94565,1.10136,1.16858,2.20139,-0.00011646,0.000525817,-0.000497472,-8.09184e-05,0.000552087,-0.000329404,0.000128313,0,0,0,0,0,0,0,-0.176685,26.7144,-24.7128,7.49881,0.819719,2.51882,0.0587866,-0.180659,2.13593,-3.01855,1.89255,0.183131,0.915417,0.0533424
1726330,1,-2.75261,-1.32534,1.01106,-1.94698,1.10108,1.16772,2.20138,-2.75266,-1.32422,1.00895,-1.94565,1.10136,1.16858,2.20139,-7.76401e-05,0.00100016,0.00140991,0.000595668,-3.8843e-05,1.77563e-05,-0.00110125,0,0,0,0,0,0,0,-0.176685,26.6867,-24.7881,7.47104,0.830705,2.51242,0.09083,-0.18038,2.1392,-3.02572,1.89305,0.183148,0.915909,0.0533216
1726331,1,-2.75261,-1.32534,1.01105,-1.94698,1.10108,1.16772,2.20138,-2.75266,-1.32422,1.00895,-1.94565,1.10136,1.16858,2.20139,-5.17601e-05,1.71583e-05,-0.000839561,-0.000809314,-0.000229346,1.18375e-05,-0.000496809,0,0,0,0,0,0,0,-0.176685,26.7144,-24.7128,7.52262,0.836199,2.51242,0.0844213,-0.179695,2.14184,-3.03271,1.89376,0.18317,0.916392,0.0533665
1726332,1,-2.75261,-1.32534,1.01105,-1.94698,1.10108,1.16771,2.20138,-2.75266,-1.32422,1.00895,-1.94565,1.10136,1.16858,2.20139,0.000615107,-0.000545373,-0.000571903,1.72695e-05,0.000254004,7.89168e-06,-0.000568565,0,0,0,0,0,0,0,-0.204456,26.7383,-24.7128,7.49881,0.825212,2.51242,0.09083,-0.179444,2.14428,-3.03867,1.89439,0.183204,0.916818,0.0534873
1726333,1,-2.75261,-1.32534,1.01105,-1.94698,1.10108,1.16771,2.20138,-2.75266,-1.32422,1.00895,-1.94565,1.10136,1.16858,2.20139,-0.000796354,0.00019323,-0.000390416,0.000661127,-3.41147e-05,-0.000232098,-0.000379043,0,0,0,0,0,0,0,-0.152882,26.7144,-24.7128,7.47104,0.830705,2.51882,0.09083,-0.180073,2.14684,-3.0434,1.89446,0.183218,0.917155,0.0536955
1726334,1,-2.75261,-1.32534,1.01105,-1.94698,1.10108,1.16771,2.20138,-2.75266,-1.32422,1.00895,-1.94565,1.10136,1.16858,2.20139,0.000675523,0.000778434,-0.000267138,-0.000765675,-2.27431e-05,-0.000154732,0.000222022,0,0,0,0,0,0,0,-0.204456,26.6867,-24.7128,7.52262,0.830705,2.51882,0.0780126,-0.180547,2.14872,-3.04716,1.8945,0.183226,0.917424,0.0539991
1726335,1,-2.75261,-1.32534,1.01106,-1.94698,1.10108,1.16771,2.20138,-2.75266,-1.32422,1.00895,-1.94565,1.10136,1.16858,2.20139,-0.000199265,-0.00068747,0.00102319,4.63622e-05,-0.000422063,0.000134204,0.000148015,0,0,0,0,0,0,0,-0.176685,26.7383,-24.7643,7.49881,0.841692,2.51242,0.0780126,-0.18073,2.15022,-3.05084,1.89488,0.183258,0.917714,0.0543916
1726336,1,-2.75261,-1.32534,1.01105,-1.94698,1.10108,1.16772,2.20138,-2.75266,-1.32422,1.00895,-1.94565,1.10136,1.16858,2.20139,-0.000132844,0.000748113,-0.000528159,-0.000525904,-7.79249e-05,-0.000147889,0.000336035,0,0,0,0,0,0,0,-0.176685,26.6867,-24.7128,7.52262,0.836199,2.51882,0.071604,-0.180667,2.15202,-3.05507,1.89551,0.183321,0.918051,0.0548495
1726337,1,-2.75261,-1.32534,1.01105,-1.94698,1.10108,1.16771,2.20138,-2.75266,-1.32422,1.00895,-1.94565,1.10136,1.16858,2.20139,-0.000645374,-0.000707684,0.000201812,0.00141264,-5.19499e-05,-0.000335952,-0.000250694,0,0,0,0,0,0,0,-0.152882,26.7383,-24.7366,7.44724,0.836199,2.52523,0.0844213,-0.180213,2.15355,-3.05893,1.89614,0.1834,0.918347,0.0553461
1726338,1,-2.75261,-1.32534,1.01105,-1.94698,1.10108,1.16771,2.20138,-2.75266,-1.32422,1.00895,-1.94565,1.10136,1.16858,2.20139,0.00133299,-0.000471789,0.000132371,-0.000821481,0.000168817,0.000488109,7.02295e-05,0,0,0,0,0,0,0,-0.22826,26.7383,-24.7366,7.52262,0.830705,2.50601,0.0780126,-0.180857,2.1558,-3.0626,1.89587,0.183433,0.918627,0.0558609
1726339,1,-2.75261,-1.32534,1.01105,-1.94698,1.10108,1.16772,2.20139,-2.75266,-1.32422,1.00895,-1.94565,1.10136,1.16858,2.20139,-0.000317767,-0.000314526,-0.000470193,9.15797e-06,0.000112545,-0.000149312,0.000758896,0,0,0,0,0,0,0,-0.176685,26.7383,-24.7128,7.49881,0.830705,2.51882,0.0587866,-0.182887,2.15879,-3.06611,1.89497,0.183443,0.91893,0.0563871
1726340,1,-2.75261,-1.32534,1.01106,-1.94698,1.10108,1.16771,2.20139,-2.75266,-1.32422,1.00895,-1.94565,1.10136,1.16858,2.20139,-0.000211845,-0.000209684,0.000891743,-0.000550707,-0.000128421,-0.0003369,0.000505931,0,0,0,0,0,0,0,-0.176685,26.7383,-24.7643,7.52262,0.836199,2.52523,0.0587866,-0.184267,2.16123,-3.06926,1.89467,0.183506,0.919227,0.0569153
1726341,1,-2.75261,-1.32534,1.01105,-1.94698,1.10108,1.16771,2.20138,-2.75266,-1.32422,1.00895,-1.94565,1.10136,1.16858,2.20139,0.000508384,-0.000789403,-0.00116966,0.000839288,0.000117837,0.000250118,-0.00037479,0,0,0,0,0,0,0,-0.204456,26.766,-24.689,7.47104,0.830705,2.51242,0.0780126,-0.18512,2.16334,-3.07215,1.89463,0.183589,0.919503,0.0574177
1726342,1,-2.75261,-1.32534,1.01106,-1.94698,1.10108,1.16771,2.20139,-2.75266,-1.32422,1.00895,-1.94565,1.10136,1.16858,2.20139,-0.000310691,0.000680157,0.000982779,-0.0006469,0.000282008,-0.000307973,-0.000487219,0,0,0,0,0,0,0,-0.176685,26.7144,-24.7643,7.52262,0.825212,2.52523,0.0844213,-0.186236,2.16505,-3.07431,1.89437,0.183645,0.919742,0.0578801
1726343,1,-2.75261,-1.32534,1.01105,-1.94698,1.10108,1.16771,2.20139,-2.75266,-1.32422,1.00895,-1.94565,1.10136,1.16858,2.20139,-0.000207127,-0.000103374,5.05685e-06,0.000125545,-1.54449e-05,-0.000205315,0.00109934,0,0,0,0,0,0,0,-0.176685,26.7383,-24.7366,7.49881,0.830705,2.52523,0.0459692,-0.186257,2.16568,-3.07617,1.89482,0.183729,0.919977,0.0583203
1726344,1,-2.75261,-1.32534,1.01105,-1.94698,1.10108,1.16771,2.20139,-2.75266,-1.32422,1.00895,-1.94565,1.10136,1.16858,2.20139,0.000511529,0.000487896,2.9849e-06,0.000733311,0.000193154,0.0005752,0.000258176,0,0,0,0,0,0,0,-0.204456,26.7144,-24.7366,7.47104,0.825212,2.50601,0.0587866,-0.185816,2.16559,-3.07773,1.89551,0.183804,0.920201,0.0587403
1726345,1,-2.75261,-1.32534,1.01106,-1.94699,1.10108,1.16771,2.20139,-2.75266,-1.32422,1.00895,-1.94565,1.10136,1.16858,2.20139,-0.000865407,-0.000231548,0.000651314,-0.00127436,-7.46813e-05,-9.12512e-05,0.000409476,0,0,0,0,0,0,0,-0.152882,26.7383,-24.7643,7.54642,0.830705,2.51882,0.0523779,-0.185318,2.1652,-3.07896,1.89621,0.183863,0.920407,0.0591173
1726346,1,-2.75261,-1.32534,1.01105,-1.94698,1.10108,1.16772,2.20138,-2.75266,-1.32422,1.00895,-1.94565,1.10136,1.16858,2.20139,0.000629488,0.000402447,-0.000215622,-0.000292764,-4.97875e-05,-6.08341e-05,-0.00115117,0,0,0,0,0,0,0,-0.204456,26.7144,-24.7366,7.52262,0.830705,2.51882,0.09083,-0.183765,2.16433,-3.08028,1.89782,0.18398,0.920629,0.0594386
1726347,1,-2.75261,-1.32534,1.01105,-1.94698,1.10108,1.16771,2.20139,-2.75266,-1.32422,1.00895,-1.94565,1.10136,1.16858,2.20139,0.000419659,-0.000288514,-0.000700723,0.000361636,-3.31917e-05,-4.05561e-05,0.00116533,0,0,0,0,0,0,0,-0.204456,26.7383,-24.7128,7.49881,0.830705,2.51882,0.038645,-0.182905,2.16334,-3.0809,1.89923,0.184072,0.920822,0.0597111
1726348,1,-2.75261,-1.32534,1.01106,-1.94699,1.10108,1.16772,2.20139,-2.75266,-1.32422,1.00895,-1.94565,1.10136,1.16858,2.20139,-0.000369841,-0.000192343,8.95412e-05,-0.000872533,-2.21278e-05,-0.000264396,0.00101425,0,0,0,0,0,0,0,-0.176685,26.7383,-24.7366,7.54642,0.830705,2.52523,0.0322363,-0.183196,2.16263,-3.08081,1.89995,0.184109,0.920968,0.0599473
1726349,1,-2.75261,-1.32534,1.01106,-1.94698,1.10108,1.16772,2.20139,-2.75266,-1.32422,1.00895,-1.94565,1.10136,1.16858,2.20139,0.000403053,0.000428583,0.000709216,0.00118155,-1.47519e-05,-0.000176264,-0.000307179,0,0,0,0,0,0,0,-0.204456,26.7144,-24.7643,7.47104,0.830705,2.52523,0.0587866,-0.183473,2.16233,-3.08116,1.90057,0.184134,0.921131,0.0601313
1726350,1,-2.75261,-1.32534,1.01106,-1.94698,1.10108,1.16771,2.20139,-2.75266,-1.32422,1.00895,-1.94565,1.10136,1.16858,2.20139,0.000268702,0.000935336,0.000472742,0.000787699,-9.83457e-06,0.000119849,0.00101592,0,0,0,0,0,0,0,-0.204456,26.6867,-24.7643,7.47104,0.830705,2.51882,0.0258276,-0.184416,2.16239,-3.0821,1.90046,0.184078,0.921328,0.0602415
1726351,1,-2.75261,-1.32534,1.01105,-1.94698,1.10108,1.16771,2.20139,-2.75266,-1.32422,1.00895,-1.94565,1.10136,1.16858,2.20139,0.000179135,-2.60565e-05,-0.000334504,-0.000681293,0.000196894,-0.000157459,-6.87071e-05,0,0,0,0,0,0,0,-0.204456,26.7144,-24.7366,7.52262,0.825212,2.52523,0.0459692,-0.185744,2.16217,-3.08286,1.90002,0.18398,0.921522,0.0602753
1726352,1,-2.75261,-1.32534,1.01106,-1.94698,1.10108,1.16772,2.20139,-2.75266,-1.32422,1.00895,-1.94565,1.10136,1.16858,2.20139,-0.001087,-1.7371e-05,0.000983385,-0.000454195,-0.000275638,0.000132386,0.000937539,0,0,0,0,0,0,0,-0.152882,26.7144,-24.7881,7.52262,0.836199,2.51882,0.0194189,-0.185587,2.16141,-3.08371,1.90067,0.183978,0.921728,0.0602302
1726353,1,-2.75261,-1.32534,1.01105,-1.94698,1.10108,1.16771,2.20139,-2.75266,-1.32422,1.00895,-1.94565,1.10136,1.16858,2.20139,-0.000167857,-0.000568393,-0.00110768,-0.000302797,0.000223142,-0.000149102,-8.70505e-05,0,0,0,0,0,0,0,-0.176685,26.7383,-24.7128,7.52262,0.825212,2.52523,0.038645,-0.183624,2.16047,-3.08494,1.90246,0.184087,0.921941,0.0601006
1726354,1,-2.75261,-1.32534,1.01106,-1.94698,1.10108,1.16771,2.20139,-2.75266,-1.32422,1.00895,-1.94565,1.10136,1.16858,2.20139,0.00053771,0.000177884,-0.000181661,0.000354947,0.000148761,0.000137958,-0.00056666,0,0,0,0,0,0,0,-0.204456,26.7144,-24.7366,7.49881,0.825212,2.51882,0.0523779,-0.18212,2.15964,-3.0855,1.90396,0.184185,0.922111,0.0598813
1726355,1,-2.75261,-1.32534,1.01105,-1.94698,1.10108,1.16771,2.20139,-2.75266,-1.32422,1.00895,-1.94565,1.10136,1.16858,2.20139,-0.000291141,0.000768203,-0.00123475,-0.00032018,-0.000104276,0.000329331,0.000605571,0,0,0,0,0,0,0,-0.176685,26.6867,-24.689,7.52262,0.830705,2.51242,0.0258276,-0.181852,2.15832,-3.08464,1.90478,0.184214,0.922208,0.0595894
1726356,1,-2.75261,-1.32534,1.01106,-1.94698,1.10108,1.16771,2.20139,-2.75266,-1.32422,1.00895,-1.94565,1.10136,1.16858,2.20139,0.00045552,-0.0013439,0.000290447,-0.000213454,-6.95175e-05,0.000219554,-7.1004e-05,0,0,0,0,0,0,0,-0.204456,26.766,-24.7366,7.52262,0.830705,2.51242,0.038645,-0.181998,2.15681,-3.08325,1.90543,0.184221,0.922277,0.0592484
1726357,1,-2.75261,-1.32534,1.01106,-1.94698,1.10108,1.16771,2.20139,-2.75266,-1.32422,1.00895,-1.94565,1.10136,1.16858,2.20139,-0.000902746,0.00031049,0.00140005,0.00041451,-4.6345e-05,-9.09897e-05,0.000427382,0,0,0,0,0,0,0,-0.152882,26.7144,-24.7881,7.49881,0.830705,2.51882,0.0258276,-0.18237,2.15695,-3.08369,1.90583,0.18422,0.922438,0.0588649
1726358,1,-2.75261,-1.32534,1.01106,-1.94698,1.10108,1.16771,2.20139,-2.75266,-1.32422,1.00895,-1.94565,1.10136,1.16858,2.20139,0.00116141,-0.000349819,0.000376546,-0.000280472,0.000172554,0.000176699,-0.000698423,0,0,0,0,0,0,0,-0.22826,26.7383,-24.7643,7.52262,0.825212,2.51242,0.0523779,-0.182926,2.15859,-3.08627,1.90597,0.184196,0.922715,0.0584429
1726359,1,-2.75261,-1.32534,1.01106,-1.94698,1.10108,1.16771,2.20139,-2.75266,-1.32422,1.00895,-1.94565,1.10136,1.16858,2.20139,-0.000988966,-0.000233213,-0.0009554,0.00036983,-0.000291865,0.000355158,0.00028037,0,0,0,0,0,0,0,-0.152882,26.7383,-24.7128,7.49881,0.836199,2.50601,0.0322363,-0.183857,2.16023,-3.08873,1.9059,0.18415,0.92297,0.0579901
1726360,1,-2.75261,-1.32534,1.01106,-1.94698,1.10108,1.16771,2.20139,-2.75266,-1.32422,1.00895,-1.94565,1.10136,1.16858,2.20139,0.000547115,-0.000155475,0.000569489,0.000246554,0.000212324,-5.86684e-07,-0.000321713,0,0,0,0,0,0,0,-0.204456,26.7383,-24.7643,7.49881,0.825212,2.51242,0.0459692,-0.184762,2.16127,-3.09009,1.90575,0.184098,0.923118,0.0575212
1726361,1,-2.75261,-1.32534,1.01105,-1.94698,1.10108,1.16771,2.20139,-2.75266,-1.32422,1.00895,-1.94565,1.10136,1.16858,2.20139,-0.000284871,-0.00010365,-0.000269958,0.000164369,0.000345,-0.00023775,0.000768869,0,0,0,0,0,0,0,-0.176685,26.7383,-24.7366,7.49881,0.819719,2.51882,0.0194189,-0.185671,2.16208,-3.09112,1.90551,0.184035,0.923216,0.0570496
1726362,1,-2.75261,-1.32534,1.01105,-1.94698,1.10108,1.16771,2.20139,-2.75266,-1.32422,1.00895,-1.94565,1.10136,1.16858,2.20139,-0.000189914,-6.91e-05,-0.000179974,-0.000447233,-0.000380352,-0.0001585,-0.000199498,0,0,0,0,0,0,0,-0.176685,26.7383,-24.7366,7.52262,0.836199,2.51882,0.038645,-0.186177,2.16243,-3.09189,1.90559,0.183989,0.923286,0.0565756
1726363,1,-2.75261,-1.32534,1.01106,-1.94698,1.10108,1.16772,2.20139,-2.75266,-1.32422,1.00895,-1.94565,1.10136,1.16858,2.20139,0.000523005,-4.60667e-05,0.00052963,0.000258657,-0.000457018,-0.000105667,0.000104361,0,0,0,0,0,0,0,-0.204456,26.7383,-24.7643,7.49881,0.841692,2.51882,0.0322363,-0.186215,2.16237,-3.09247,1.90611,0.183971,0.923348,0.0560911
1726364,1,-2.75261,-1.32534,1.01105,-1.94698,1.10108,1.16771,2.20139,-2.75266,-1.32422,1.00895,-1.94565,1.10136,1.16858,2.20139,0.00034867,-3.07111e-05,-0.000853341,-0.000384374,-0.000101228,-7.04445e-05,6.95737e-05,0,0,0,0,0,0,0,-0.204456,26.7383,-24.7128,7.52262,0.836199,2.51882,0.0322363,-0.186866,2.16241,-3.09293,1.90642,0.183945,0.923422,0.0555938
1726365,1,-2.75261,-1.32534,1.01106,-1.94698,1.10108,1.16771,2.20139,-2.75266,-1.32422,1.00895,-1.94565,1.10136,1.16858,2.20139,0.000232447,0.000536338,0.000637531,0.000950177,0.000339416,-4.6963e-05,4.63825e-05,0,0,0,0,0,0,0,-0.204456,26.7144,-24.7643,7.47104,0.825212,2.51882,0.0322363,-0.18811,2.16225,-3.0929,1.90639,0.1839,0.923476,0.055088
1726366,1,-2.75261,-1.32534,1.01106,-1.94698,1.10108,1.16771,2.20139,-2.75266,-1.32422,1.00895,-1.94565,1.10136,1.16858,2.20139,-0.00049465,-0.000848867,-0.000781406,-0.000572975,2.28265e-05,-0.000268668,-0.000206437,0,0,0,0,0,0,0,-0.176685,26.766,-24.7128,7.52262,0.830705,2.52523,0.038645,-0.189112,2.16198,-3.09279,1.90633,0.183863,0.923517,0.0545758
1726367,1,-2.75261,-1.32534,1.01106,-1.94698,1.10108,1.16771,2.20139,-2.75266,-1.32422,1.00895,-1.94565,1.10136,1.16858,2.20139,-0.000329766,8.37024e-05,0.0012423,0.000174829,1.52177e-05,5.82472e-05,-0.000408892,0,0,0,0,0,0,0,-0.176685,26.7383,-24.7881,7.49881,0.830705,2.51882,0.0459692,-0.188998,2.16196,-3.09337,1.90679,0.183889,0.923587,0.0540626
1726368,1,-2.75261,-1.32534,1.01106,-1.94698,1.10108,1.16771,2.20139,-2.75266,-1.32422,1.00895,-1.94565,1.10136,1.16858,2.20139,0.00042977,0.000612614,-0.000378226,0.000766166,0.000213596,-0.000198527,0.00047339,0,0,0,0,0,0,0,-0.204456,26.7144,-24.7366,7.47104,0.825212,2.52523,0.0258276,-0.18841,2.16206,-3.09451,1.90742,0.183928,0.923698,0.0535607
1726369,1,-2.75261,-1.32534,1.01106,-1.94699,1.10108,1.16771,2.20139,-2.75266,-1.32422,1.00895,-1.94565,1.10136,1.16858,2.20139,0.000286513,-0.000148403,-0.000252151,-0.00125246,0.000142397,0.000105007,-0.000430392,0,0,0,0,0,0,0,-0.204456,26.7383,-24.7366,7.54642,0.825212,2.51882,0.0459692,-0.18831,2.16168,-3.09506,1.90786,0.183937,0.923803,0.0530761
1726370,1,-2.75261,-1.32534,1.01106,-1.94698,1.10108,1.16771,2.20139,-2.75266,-1.32422,1.00895,-1.94565,1.10136,1.16858,2.20139,-0.000458605,0.000457877,0.00168794,0.000928264,9.49314e-05,0.000307364,-0.000524287,0,0,0,0,0,0,0,-0.176685,26.7144,-24.8159,7.47104,0.825212,2.51242,0.0523779,-0.188006,2.1611,-3.09564,1.9086,0.183962,0.923936,0.0526076
1726371,1,-2.75261,-1.32534,1.01106,-1.94698,1.10108,1.16772,2.20138,-2.75266,-1.32422,1.00895,-1.94565,1.10136,1.16858,2.20139,-0.000305737,-0.000901175,-0.000730747,-0.000587583,-0.000140163,-3.24497e-05,-0.0010616,0,0,0,0,0,0,0,-0.176685,26.766,-24.7366,7.52262,0.830705,2.51882,0.071604,-0.187085,2.16109,-3.09726,1.90952,0.183999,0.924114,0.0521653
1726372,1,-2.75261,-1.32534,1.01106,-1.94699,1.10108,1.16771,2.20139,-2.75266,-1.32422,1.00895,-1.94565,1.10136,1.16858,2.20139,-0.000203825,4.88308e-05,0.000719261,-0.000948534,0.000313459,-0.000258992,4.34263e-06,0,0,0,0,0,0,0,-0.176685,26.7383,-24.7881,7.54642,0.819719,2.52523,0.0523779,-0.18561,2.16131,-3.09908,1.91078,0.18407,0.924291,0.0517743
1726373,1,-2.75261,-1.32534,1.01106,-1.94698,1.10108,1.16771,2.20139,-2.75266,-1.32422,1.00895,-1.94565,1.10136,1.16858,2.20139,-0.000692695,3.25538e-05,-0.000726919,-7.5544e-05,-0.000401379,6.46975e-05,-0.000234464,0,0,0,0,0,0,0,-0.152882,26.7383,-24.7366,7.52262,0.836199,2.51882,0.0587866,-0.183324,2.16089,-3.10037,1.91276,0.184189,0.924439,0.0514577
1726374,1,-2.75261,-1.32534,1.01106,-1.94698,1.10108,1.16771,2.20139,-2.75266,-1.32422,1.00895,-1.94565,1.10136,1.16858,2.20139,9.50153e-05,2.17026e-05,-0.00104142,0.000506449,-6.41354e-05,0.000280491,-0.000156309,0,0,0,0,0,0,0,-0.176685,26.7383,-24.7128,7.49881,0.830705,2.51242,0.0587866,-0.18109,2.15957,-3.10025,1.91459,0.184281,0.924484,0.0512143
1726375,1,-2.75261,-1.32534,1.01106,-1.94698,1.10108,1.16771,2.20138,-2.75266,-1.32422,1.00895,-1.94565,1.10136,1.16858,2.20139,6.33435e-05,0.00057128,0.000512143,0.000337633,-4.27569e-05,-5.03652e-05,-0.000816283,0,0,0,0,0,0,0,-0.176685,26.7144,-24.7643,7.49881,0.830705,2.51882,0.0780126,-0.18016,2.15803,-3.09895,1.91542,0.184282,0.924446,0.0510366
1726376,1,-2.75261,-1.32534,1.01106,-1.94698,1.10108,1.16771,2.20138,-2.75266,-1.32422,1.00895,-1.94565,1.10136,1.16858,2.20139,4.2229e-05,-0.000825572,0.000341429,0.000225089,0.000174946,-3.35768e-05,-0.00101891,0,0,0,0,0,0,0,-0.176685,26.766,-24.7643,7.49881,0.825212,2.51882,0.09083,-0.180519,2.15752,-3.09842,1.91533,0.184208,0.924459,0.0509311
1726377,1,-2.75261,-1.32534,1.01106,-1.94698,1.10108,1.16771,2.20139,-2.75266,-1.32422,1.00895,-1.94565,1.10136,1.16858,2.20139,0.000677767,9.92324e-05,-0.000421995,0.000150059,0.000116631,0.000214974,0.000744883,0,0,0,0,0,0,0,-0.204456,26.7383,-24.7366,7.49881,0.825212,2.51242,0.0523779,-0.182082,2.15844,-3.09893,1.91449,0.184089,0.924542,0.0509142
1726378,1,-2.75261,-1.32534,1.01106,-1.94699,1.10108,1.16771,2.20139,-2.75266,-1.32422,1.00895,-1.94565,1.10136,1.16858,2.20139,-0.000754581,6.61549e-05,-0.00028133,-0.00101358,7.77537e-05,0.000143316,0.000259229,0,0,0,0,0,0,0,-0.152882,26.7383,-24.7366,7.54642,0.825212,2.51242,0.0587866,-0.183578,2.1592,-3.09917,1.91387,0.183991,0.924614,0.0509924
1726379,1,-2.75261,-1.32534,1.01106,-1.94698,1.10108,1.16771,2.20138,-2.75266,-1.32422,1.00895,-1.94565,1.10136,1.16858,2.20139,5.37576e-05,4.41033e-05,0.00101887,0.000437901,-0.000151615,9.55442e-05,-0.000776616,0,0,0,0,0,0,0,-0.176685,26.7383,-24.7881,7.49881,0.830705,2.51242,0.0844213,-0.183494,2.15915,-3.09947,1.91434,0.183967,0.924679,0.0511417
1726380,1,-2.75261,-1.32534,1.01106,-1.94698,1.10108,1.16771,2.20138,-2.75266,-1.32422,1.00895,-1.94565,1.10136,1.16858,2.20139,3.58384e-05,0.000586214,0.000122436,0.00149836,0.000102374,6.36961e-05,-0.000517744,0,0,0,0,0,0,0,-0.176685,26.7144,-24.7643,7.44724,0.825212,2.51242,0.0844213,-0.183335,2.15944,-3.10056,1.91456,0.183909,0.92476,0.0513411
1726381,1,-2.75261,-1.32534,1.01105,-1.94698,1.10108,1.16771,2.20138,-2.75266,-1.32422,1.00895,-1.94565,1.10136,1.16858,2.20139,0.000673506,-0.000815616,-0.00056799,-0.000764331,-0.000135201,-0.000194895,0.000129555,0,0,0,0,0,0,0,-0.204456,26.766,-24.7366,7.52262,0.830705,2.51882,0.071604,-0.184554,2.16031,-3.10156,1.91371,0.183763,0.924816,0.0515955
1726382,1,-2.75261,-1.32534,1.01106,-1.94698,1.10108,1.16771,2.20139,-2.75266,-1.32422,1.00895,-1.94565,1.10136,1.16858,2.20139,0.00100582,0.000662682,0.000270954,0.000696872,-9.01341e-05,-0.000367289,0.00103581,0,0,0,0,0,0,0,-0.22826,26.7144,-24.7643,7.47104,0.830705,2.52523,0.0459692,-0.187078,2.16149,-3.10202,1.91233,0.183588,0.924857,0.0519097
1726383,1,-2.75261,-1.32534,1.01106,-1.94698,1.10108,1.16771,2.20138,-2.75266,-1.32422,1.00895,-1.94565,1.10136,1.16858,2.20139,0.000670544,-0.000764638,0.000180636,-0.000741845,-6.00894e-05,-0.000244859,-0.00120833,0,0,0,0,0,0,0,-0.22826,26.766,-24.7643,7.52262,0.830705,2.52523,0.0972387,-0.190501,2.16305,-3.10256,1.91073,0.183408,0.92494,0.052263
1726384,1,-2.75261,-1.32534,1.01106,-1.94699,1.10108,1.16771,2.20138,-2.75266,-1.32422,1.00895,-1.94565,1.10136,1.16858,2.20139,-0.000109783,0.000139855,0.000120424,-0.00105138,0.000163391,0.000311478,-0.000330838,0,0,0,0,0,0,0,-0.204456,26.7383,-24.7643,7.54642,0.825212,2.51242,0.0844213,-0.193066,2.16452,-3.10357,1.90994,0.183306,0.925076,0.0526374
1726385,1,-2.75261,-1.32534,1.01106,-1.94698,1.10108,1.16771,2.20138,-2.75266,-1.32422,1.00895,-1.94565,1.10136,1.16858,2.20139,-7.31884e-05,9.32368e-05,0.000637095,0.000412707,0.000108927,-2.97067e-05,1.68001e-05,0,0,0,0,0,0,0,-0.204456,26.7383,-24.7881,7.49881,0.825212,2.51882,0.0780126,-0.193556,2.16523,-3.1049,1.9105,0.183313,0.925223,0.0530471
1726386,1,-2.75261,-1.32534,1.01106,-1.94698,1.10108,1.16771,2.20139,-2.75266,-1.32422,1.00895,-1.94565,1.10136,1.16858,2.20139,-4.87923e-05,6.21578e-05,-0.000132082,0.000275138,-0.000334283,0.000217554,0.000960636,0,0,0,0,0,0,0,-0.204456,26.7383,-24.7643,7.49881,0.836199,2.51242,0.0523779,-0.193023,2.16541,-3.10624,1.91136,0.183335,0.925332,0.0535005
1726387,1,-2.75261,-1.32534,1.01106,-1.94698,1.10108,1.16771,2.20138,-2.75266,-1.32422,1.00895,-1.94565,1.10136,1.16858,2.20139,-0.000682142,4.14386e-05,-8.80548e-05,0.000833039,-1.94047e-05,-9.23226e-05,-0.00078373,0,0,0,0,0,0,0,-0.176685,26.7383,-24.7643,7.47104,0.830705,2.51882,0.09083,-0.192212,2.16527,-3.10716,1.91194,0.183335,0.925364,0.0539762
1726388,1,-2.75261,-1.32534,1.01105,-1.94698,1.10108,1.16771,2.20138,-2.75266,-1.32422,1.00895,-1.94565,1.10136,1.16858,2.20139,-0.000454761,2.76257e-05,-0.00182194,-0.000651066,-1.29365e-05,-6.15484e-05,-4.77686e-05,0,0,0,0,0,0,0,-0.176685,26.7383,-24.689,7.52262,0.830705,2.51882,0.0780126,-0.19059,2.16404,-3.10677,1.91279,0.183363,0.925279,0.0544551
1726389,1,-2.75261,-1.32534,1.01106,-1.94698,1.10108,1.16771,2.20138,-2.75266,-1.32422,1.00895,-1.94565,1.10136,1.16858,2.20139,-0.000303174,1.84171e-05,0.00054861,0.000122768,0.000194826,0.000196327,-0.000269205,0,0,0,0,0,0,0,-0.176685,26.7383,-24.7643,7.49881,0.825212,2.51242,0.0844213,-0.188159,2.16177,-3.10522,1.9142,0.183447,0.92512,0.0549423
1726390,1,-2.75261,-1.32534,1.01106,-1.94698,1.10108,1.16772,2.20138,-2.75266,-1.32422,1.00895,-1.94565,1.10136,1.16858,2.20139,-0.000202116,-0.000637336,-0.000283874,8.18452e-05,-0.000277017,-0.000106474,-0.000654188,0,0,0,0,0,0,0,-0.176685,26.766,-24.7366,7.49881,0.836199,2.51882,0.0972387,-0.185962,2.16017,-3.10431,1.91553,0.183537,0.925012,0.0554462
1726391,1,-2.75261,-1.32534,1.01106,-1.94699,1.10108,1.16771,2.20138,-2.75266,-1.32422,1.00895,-1.94565,1.10136,1.16858,2.20139,0.00051487,0.000224723,0.000460365,-0.00105906,-0.000184678,-0.000308342,0.000275952,0,0,0,0,0,0,0,-0.204456,26.7383,-24.7643,7.54642,0.836199,2.52523,0.0780126,-0.184651,2.15986,-3.10462,1.91649,0.183613,0.92501,0.0559751
1726392,1,-2.75261,-1.32534,1.01106,-1.94698,1.10108,1.16771,2.20138,-2.75266,-1.32422,1.00895,-1.94565,1.10136,1.16858,2.20139,-0.000863179,0.000149816,-0.000342704,0.0010572,-0.000123119,3.17976e-05,-0.00029075,0,0,0,0,0,0,0,-0.152882,26.7383,-24.7366,7.47104,0.836199,2.51882,0.09083,-0.183727,2.15979,-3.10528,1.91739,0.18369,0.92506,0.0565369
1726393,1,-2.75261,-1.32534,1.01106,-1.94698,1.10108,1.16771,2.20138,-2.75266,-1.32422,1.00895,-1.94565,1.10136,1.16858,2.20139,-1.86409e-05,0.000656689,0.000977957,5.51844e-05,-0.00028553,2.11984e-05,0.000280884,0,0,0,0,0,0,0,-0.176685,26.7144,-24.7881,7.49881,0.841692,2.51882,0.0780126,-0.18265,2.15947,-3.106,1.91812,0.183752,0.925109,0.0571268
1726394,1,-2.75261,-1.32534,1.01106,-1.94699,1.10108,1.16771,2.20138,-2.75266,-1.32422,1.00895,-1.94565,1.10136,1.16858,2.20139,0.000637187,0.000437793,-0.000554455,-0.00107683,0.000216548,1.41323e-05,-5.01026e-05,0,0,0,0,0,0,0,-0.204456,26.7144,-24.7366,7.54642,0.830705,2.51882,0.0844213,-0.181685,2.15881,-3.10667,1.91884,0.18382,0.925179,0.057737
1726395,1,-2.75261,-1.32534,1.01105,-1.94698,1.10108,1.16771,2.20139,-2.75266,-1.32422,1.00895,-1.94565,1.10136,1.16858,2.20139,-0.000224823,0.000941476,-0.000369637,0.000395734,0.000347816,9.42153e-06,0.000916034,0,0,0,0,0,0,0,-0.176685,26.6867,-24.7366,7.49881,0.825212,2.51882,0.0587866,-0.181059,2.15732,-3.10639,1.91975,0.183908,0.925235,0.0583572
1726396,1,-2.75261,-1.32534,1.01106,-1.94698,1.10108,1.16771,2.20138,-2.75266,-1.32422,1.00895,-1.94565,1.10136,1.16858,2.20139,-0.000149882,-0.000578775,-0.000246424,0.000263823,2.84267e-05,0.00024364,0.000135971,0,0,0,0,0,0,0,-0.176685,26.7383,-24.7366,7.49881,0.830705,2.51242,0.071604,-0.18076,2.15557,-3.10536,1.92035,0.183981,0.925235,0.0589658
1726397,1,-2.75261,-1.32534,1.01106,-1.94698,1.10108,1.16771,2.20138,-2.75266,-1.32422,1.00895,-1.94565,1.10136,1.16858,2.20139,0.0011065,-0.00038585,0.00104214,0.000175882,-0.000184499,-0.000312291,-0.00038407,0,0,0,0,0,0,0,-0.22826,26.7383,-24.7881,7.49881,0.836199,2.52523,0.0844213,-0.181857,2.15569,-3.10539,1.91985,0.183992,0.925284,0.0595373
1726398,1,-2.75261,-1.32534,1.01106,-1.94698,1.10108,1.16771,2.20138,-2.75266,-1.32422,1.00895,-1.94565,1.10136,1.16858,2.20139,-0.000468756,-0.000257234,0.00013795,0.000117255,8.04509e-05,2.91648e-05,-1.86879e-05,0,0,0,0,0,0,0,-0.176685,26.7383,-24.7643,7.49881,0.830705,2.51882,0.0780126,-0.184383,2.15798,-3.10713,1.91843,0.183953,0.925445,0.0600681
1726399,1,-2.75261,-1.32534,1.01106,-1.94698,1.10108,1.16771,2.20139,-2.75266,-1.32422,1.00895,-1.94565,1.10136,1.16858,2.20139,-0.000869316,-0.000171489,0.000648779,7.81698e-05,5.3634e-05,1.94432e-05,0.00117434,0,0,0,0,0,0,0,-0.152882,26.7383,-24.7881,7.49881,0.830705,2.51882,0.0459692,-0.185863,2.16045,-3.10964,1.91748,0.183959,0.925631,0.0605734
1726400,1,-2.75261,-1.32534,1.01106,-1.94698,1.10108,1.16771,2.20139,-2.75266,-1.32422,1.00895,-1.94565,1.10136,1.16858,2.20139,-0.000579544,0.000442486,0.00108213,5.21132e-05,3.5756e-05,1.29621e-05,0.00105416,0,0,0,0,0,0,0,-0.152882,26.7144,-24.8159,7.49881,0.830705,2.51882,0.038645,-0.185033,2.16204,-3.11251,1.91768,0.184049,0.925803,0.0610486
1726401,1,-2.75261,-1.32534,1.01106,-1.94698,1.10108,1.16771,2.20139,-2.75266,-1.32422,1.00895,-1.94565,1.10136,1.16858,2.20139,0.000820063,-0.000261821,-0.00113462,3.47421e-05,2.38373e-05,8.64142e-06,0.000194146,0,0,0,0,0,0,0,-0.204456,26.7383,-24.7366,7.49881,0.830705,2.51882,0.0523779,-0.183815,2.16285,-3.11487,1.91816,0.184149,0.925944,0.0614569
1726402,1,-2.75261,-1.32534,1.01106,-1.94698,1.10108,1.16771,2.20138,-2.75266,-1.32422,1.00895,-1.94565,1.10136,1.16858,2.20139,0.00110352,-0.000174548,-0.000756412,0.000672775,0.000219342,-0.000231598,-0.00105736,0,0,0,0,0,0,0,-0.22826,26.7383,-24.7366,7.47104,0.825212,2.52523,0.0844213,-0.185058,2.16345,-3.11525,1.91738,0.184146,0.926,0.0617645
1726403,1,-2.75261,-1.32534,1.01106,-1.94699,1.10108,1.16771,2.20139,-2.75266,-1.32422,1.00895,-1.94565,1.10136,1.16858,2.20139,-0.000470745,-0.000116365,0.000145339,-0.00131472,0.000587038,8.29603e-05,0.00146523,0,0,0,0,0,0,0,-0.176685,26.7383,-24.7643,7.54642,0.81331,2.51882,0.0258276,-0.187758,2.16394,-3.11441,1.91598,0.184088,0.926013,0.0619867
1726404,1,-2.75261,-1.32534,1.01106,-1.94699,1.10108,1.16771,2.20139,-2.75266,-1.32422,1.00895,-1.94565,1.10136,1.16858,2.20139,0.000335784,-7.75767e-05,9.68929e-05,-0.000319669,-4.94511e-05,5.53069e-05,-0.000243884,0,0,0,0,0,0,0,-0.204456,26.7383,-24.7643,7.52262,0.825212,2.51882,0.0587866,-0.188944,2.1639,-3.11393,1.91575,0.184102,0.926064,0.0621495
1726405,1,-2.75261,-1.32534,1.01105,-1.94699,1.10108,1.16771,2.20139,-2.75266,-1.32422,1.00895,-1.94565,1.10136,1.16858,2.20139,-0.00098257,0.000505094,-0.000585019,-0.000769924,0.000170483,0.000511589,0.000312129,0,0,0,0,0,0,0,-0.152882,26.7144,-24.7366,7.54642,0.819719,2.50601,0.0459692,-0.188065,2.16287,-3.1136,1.91688,0.184187,0.926117,0.0622468
1726406,1,-2.75261,-1.32534,1.01106,-1.94698,1.10108,1.16771,2.20138,-2.75266,-1.32422,1.00895,-1.94565,1.10136,1.16858,2.20139,0.00110819,-0.000220083,0.000816413,0.00124995,-0.000700147,0.0001037,-0.000978709,0,0,0,0,0,0,0,-0.22826,26.7383,-24.7881,7.47104,0.841692,2.51242,0.0780126,-0.186783,2.16152,-3.11322,1.91809,0.184237,0.926139,0.0622745
1726407,1,-2.75261,-1.32534,1.01106,-1.94698,1.10108,1.16771,2.20139,-2.75266,-1.32422,1.00895,-1.94565,1.10136,1.16858,2.20139,-0.000467632,-0.000796336,-1.25363e-05,0.000183689,-5.98634e-05,-0.000168225,0.00080559,0,0,0,0,0,0,0,-0.176685,26.766,-24.7643,7.49881,0.830705,2.51882,0.038645,-0.18727,2.16189,-3.11384,1.91787,0.184164,0.926188,0.0622492
1726408,1,-2.75261,-1.32534,1.01106,-1.94698,1.10108,1.16771,2.20139,-2.75266,-1.32422,1.00895,-1.94565,1.10136,1.16858,2.20139,0.000894671,0.000118724,-8.35755e-06,0.000772073,0.000163542,-0.00011215,0.000774419,0,0,0,0,0,0,0,-0.22826,26.7383,-24.7643,7.47104,0.825212,2.51882,0.0322363,-0.189309,2.16374,-3.11515,1.91646,0.184008,0.926251,0.0621906
1726409,1,-2.75261,-1.32534,1.01106,-1.94698,1.10108,1.16772,2.20139,-2.75266,-1.32422,1.00895,-1.94565,1.10136,1.16858,2.20139,-0.000609978,7.9149e-05,-5.5717e-06,-0.00069171,-0.000297873,-7.47668e-05,-0.000229706,0,0,0,0,0,0,0,-0.176685,26.7383,-24.7643,7.52262,0.836199,2.51882,0.0523779,-0.191181,2.16519,-3.1161,1.91519,0.183865,0.926286,0.0620942
1726410,1,-2.75261,-1.32534,1.01106,-1.94698,1.10108,1.16771,2.20139,-2.75266,-1.32422,1.00895,-1.94565,1.10136,1.16858,2.20139,-0.000963464,5.2766e-05,-0.000653328,9.56718e-05,-0.000198582,-0.000287203,0.000592848,0,0,0,0,0,0,0,-0.152882,26.7383,-24.7366,7.49881,0.836199,2.52523,0.0322363,-0.190885,2.16501,-3.11636,1.91535,0.183834,0.92627,0.0619484
1726411,1,-2.75261,-1.32534,1.01106,-1.94698,1.10108,1.16771,2.20139,-2.75266,-1.32422,1.00895,-1.94565,1.10136,1.16858,2.20139,-8.54975e-05,0.000591989,0.000214062,6.37812e-05,-0.000132388,0.000520608,-0.000350753,0,0,0,0,0,0,0,-0.176685,26.7144,-24.7643,7.49881,0.836199,2.50601,0.0523779,-0.188466,2.16332,-3.11595,1.91674,0.183906,0.926197,0.0617533
1726412,1,-2.75261,-1.32534,1.01106,-1.94698,1.10108,1.16771,2.20139,-2.75266,-1.32422,1.00895,-1.94565,1.10136,1.16858,2.20139,0.000592616,-0.000162152,-0.00106372,0.000692135,0.000115192,0.000109713,3.52336e-06,0,0,0,0,0,0,0,-0.204456,26.7383,-24.7128,7.47104,0.830705,2.51242,0.0459692,-0.186711,2.16143,-3.11495,1.91768,0.183953,0.926094,0.0615095
1726413,1,-2.75261,-1.32534,1.01106,-1.94698,1.10108,1.16771,2.20139,-2.75266,-1.32422,1.00895,-1.94565,1.10136,1.16858,2.20139,0.000395077,-0.000108102,-0.000152333,-0.000745003,7.67945e-05,7.3142e-05,2.34891e-06,0,0,0,0,0,0,0,-0.204456,26.7383,-24.7366,7.52262,0.830705,2.51242,0.0459692,-0.186932,2.16024,-3.11352,1.91756,0.18394,0.925986,0.0612267
1726414,1,-2.75261,-1.32534,1.01106,-1.94698,1.10108,1.16771,2.20139,-2.75266,-1.32422,1.00895,-1.94565,1.10136,1.16858,2.20139,0.000263385,-7.20677e-05,-0.000101556,6.01435e-05,0.000254647,4.87613e-05,1.56594e-06,0,0,0,0,0,0,0,-0.204456,26.7383,-24.7366,7.49881,0.825212,2.51242,0.0459692,-0.188037,2.15978,-3.1124,1.91715,0.183927,0.925918,0.0609206
1726415,1,-2.75261,-1.32534,1.01106,-1.94698,1.10108,1.16771,2.20138,-2.75266,-1.32422,1.00895,-1.94565,1.10136,1.16858,2.20139,0.00017559,0.000508767,-0.000624516,-0.000516716,0.000169765,-0.000204851,-0.00142311,0,0,0,0,0,0,0,-0.204456,26.7144,-24.7128,7.52262,0.825212,2.51882,0.0844213,-0.188927,2.15935,-3.11158,1.91705,0.183939,0.925878,0.0606014
1726416,1,-2.75261,-1.32534,1.01106,-1.94699,1.10108,1.16771,2.20138,-2.75266,-1.32422,1.00895,-1.94565,1.10136,1.16858,2.20139,0.00011706,-0.000217634,-0.000416344,-0.000901289,-0.000293725,-0.000136568,-0.000711381,0,0,0,0,0,0,0,-0.204456,26.7383,-24.7128,7.54642,0.836199,2.51882,0.0780126,-0.1891,2.15832,-3.1105,1.91757,0.183989,0.925829,0.0602916
1726417,1,-2.75261,-1.32534,1.01106,-1.94698,1.10107,1.16771,2.20139,-2.75266,-1.32422,1.00895,-1.94565,1.10136,1.16858,2.20139,-0.00112839,0.00106134,0.000928863,-4.40477e-05,-0.000399267,-9.10451e-05,0.000475182,0,0,0,0,0,0,0,-0.152882,26.6867,-24.7643,7.52262,0.841692,2.51882,0.0523779,-0.187653,2.15673,-3.10982,1.91914,0.184112,0.925801,0.0600331
1726418,1,-2.75261,-1.32534,1.01105,-1.94698,1.10108,1.16771,2.20139,-2.75266,-1.32422,1.00895,-1.94565,1.10136,1.16858,2.20139,-0.000195445,-0.000498868,-3.03717e-05,0.000527447,0.000344174,0.000176662,7.9429e-05,0,0,0,0,0,0,0,-0.176685,26.7383,-24.7366,7.49881,0.825212,2.51242,0.0587866,-0.184855,2.15524,-3.11025,1.92117,0.184266,0.925804,0.059843
1726419,1,-2.75261,-1.32534,1.01105,-1.94698,1.10108,1.16771,2.20138,-2.75266,-1.32422,1.00895,-1.94565,1.10136,1.16858,2.20139,-0.000130297,-0.000982193,-0.00057706,0.000351631,-0.000177452,0.000355134,-0.0013712,0,0,0,0,0,0,0,-0.176685,26.766,-24.7128,7.49881,0.836199,2.50601,0.0972387,-0.183085,2.15521,-3.11129,1.92209,0.184358,0.925807,0.0596993
1726420,1,-2.75261,-1.32534,1.01106,-1.94698,1.10108,1.16771,2.20139,-2.75266,-1.32422,1.00895,-1.94565,1.10136,1.16858,2.20139,-8.68646e-05,-5.18123e-06,0.000172105,0.000884035,-0.000118301,0.000236756,-0.000439416,0,0,0,0,0,0,0,-0.176685,26.7383,-24.7366,7.47104,0.836199,2.50601,0.0844213,-0.183317,2.15678,-3.11235,1.92151,0.184363,0.925784,0.0595997
1726421,1,-2.75261,-1.32534,1.01106,-1.94698,1.10108,1.16771,2.20138,-2.75266,-1.32422,1.00895,-1.94565,1.10136,1.16858,2.20139,-0.000614722,-3.45415e-06,0.000114737,-6.02574e-05,0.000124583,-7.95217e-05,-0.000292944,0,0,0,0,0,0,0,-0.152882,26.7383,-24.7366,7.49881,0.830705,2.51242,0.0844213,-0.183991,2.15858,-3.11336,1.9205,0.184341,0.925742,0.0595764
1726422,1,-2.75261,-1.32534,1.01105,-1.94699,1.10108,1.16771,2.20139,-2.75266,-1.32422,1.00895,-1.94565,1.10136,1.16858,2.20139,0.000796611,0.000554509,-0.00103713,-0.00171061,8.30553e-05,-0.000290373,0.00075414,0,0,0,0,0,0,0,-0.204456,26.7144,-24.689,7.57022,0.830705,2.51882,0.0587866,-0.183845,2.15911,-3.11363,1.9204,0.184384,0.925681,0.059648
1726423,1,-2.75261,-1.32534,1.01106,-1.94698,1.10108,1.16771,2.20138,-2.75266,-1.32422,1.00895,-1.94565,1.10136,1.16858,2.20139,-0.00011854,-0.000836753,0.000422202,0.00117964,5.53702e-05,0.000281136,-0.000921394,0,0,0,0,0,0,0,-0.176685,26.766,-24.7366,7.47104,0.830705,2.50601,0.0972387,-0.183808,2.15889,-3.11306,1.92078,0.184463,0.925611,0.0597966
1726424,1,-2.75261,-1.32534,1.01106,-1.94698,1.10108,1.16771,2.20138,-2.75266,-1.32422,1.00895,-1.94565,1.10136,1.16858,2.20139,-7.90264e-05,0.0012982,0.000931082,0.00078643,3.69135e-05,0.000424783,9.78143e-05,0,0,0,0,0,0,0,-0.176685,26.6867,-24.7643,7.47104,0.830705,2.4996,0.0780126,-0.184686,2.15946,-3.11308,1.92033,0.184469,0.925561,0.0600004
1726425,1,-2.75261,-1.32534,1.01106,-1.94698,1.10108,1.16771,2.20138,-2.75266,-1.32422,1.00895,-1.94565,1.10136,1.16858,2.20139,0.00115374,-0.00099057,-2.88926e-05,-0.000125327,-0.000382292,-0.000428888,-0.000409508,0,0,0,0,0,0,0,-0.22826,26.766,-24.7366,7.49881,0.841692,2.51882,0.09083,-0.186436,2.16083,-3.11394,1.91906,0.184402,0.925543,0.0602588
1726426,1,-2.75261,-1.32534,1.01106,-1.94698,1.10108,1.16771,2.20138,-2.75266,-1.32422,1.00895,-1.94565,1.10136,1.16858,2.20139,0.000769161,0.000546046,-0.000576074,-0.000640364,-5.14109e-05,-4.85666e-05,-3.56466e-05,0,0,0,0,0,0,0,-0.22826,26.7144,-24.7128,7.52262,0.836199,2.51242,0.0844213,-0.189338,2.16251,-3.11452,1.91748,0.184324,0.925536,0.0605711
1726427,1,-2.75261,-1.32534,1.01106,-1.94698,1.10108,1.16771,2.20138,-2.75266,-1.32422,1.00895,-1.94565,1.10136,1.16858,2.20139,0.000512774,0.000364031,0.000822377,-0.000426909,0.000169177,-3.23778e-05,0.000213595,0,0,0,0,0,0,0,-0.22826,26.7144,-24.7643,7.52262,0.830705,2.51242,0.0780126,-0.192197,2.16351,-3.11443,1.91642,0.184295,0.92552,0.0609354
1726428,1,-2.75261,-1.32534,1.01106,-1.94698,1.10108,1.16772,2.20139,-2.75266,-1.32422,1.00895,-1.94565,1.10136,1.16858,2.20139,-0.000214963,-0.000314125,-0.000101363,0.00092182,-0.000294117,0.000215774,0.00160046,0,0,0,0,0,0,0,-0.204456,26.7383,-24.7366,7.47104,0.841692,2.50601,0.038645,-0.194077,2.164,-3.11447,1.91591,0.184315,0.925493,0.0613417
1726429,1,-2.75261,-1.32534,1.01106,-1.94698,1.10108,1.16771,2.20139,-2.75266,-1.32422,1.00895,-1.94565,1.10136,1.16858,2.20139,-0.000143308,-0.000209417,0.000582039,-3.50674e-05,0.000855083,-0.000568228,-0.000153731,0,0,0,0,0,0,0,-0.204456,26.7383,-24.7643,7.49881,0.81331,2.52523,0.071604,-0.195219,2.16486,-3.11509,1.91538,0.184349,0.925444,0.0617536
1726430,1,-2.75261,-1.32534,1.01106,-1.94698,1.10108,1.16771,2.20139,-2.75266,-1.32422,1.00895,-1.94565,1.10136,1.16858,2.20139,-0.000745153,0.00106681,0.000944838,-2.33782e-05,-0.000481106,9.58995e-05,0.00159293,0,0,0,0,0,0,0,-0.176685,26.6867,-24.7881,7.49881,0.841692,2.51242,0.0258276,-0.194771,2.16531,-3.11622,1.91555,0.184433,0.925394,0.062134
1726431,1,-2.75261,-1.32534,1.01105,-1.94699,1.10108,1.16771,2.20139,-2.75266,-1.32422,1.00895,-1.94565,1.10136,1.16858,2.20139,-0.000496769,6.15959e-05,-0.00169016,-0.00112921,0.000289615,6.3933e-05,0.000587238,0,0,0,0,0,0,0,-0.176685,26.7144,-24.689,7.54642,0.825212,2.51242,0.038645,-0.191907,2.16377,-3.11657,1.91729,0.184619,0.925293,0.0624549
1726432,1,-2.75261,-1.32534,1.01106,-1.94698,1.10108,1.16771,2.20139,-2.75266,-1.32422,1.00895,-1.94565,1.10136,1.16858,2.20139,-0.000331179,4.1064e-05,-1.31481e-05,0.00156724,-0.000213825,0.000279981,0.00110357,0,0,0,0,0,0,0,-0.176685,26.7144,-24.7366,7.44724,0.836199,2.50601,0.0194189,-0.188343,2.16082,-3.11515,1.91946,0.184834,0.925073,0.0626781
1726433,1,-2.75261,-1.32534,1.01106,-1.94698,1.10108,1.16771,2.20139,-2.75266,-1.32422,1.00895,-1.94565,1.10136,1.16858,2.20139,0.000428828,2.7376e-05,-8.76537e-06,-0.000718409,-0.000346,0.000186654,2.36357e-05,0,0,0,0,0,0,0,-0.204456,26.7144,-24.7366,7.52262,0.841692,2.50601,0.038645,-0.186331,2.15862,-3.11339,1.92049,0.184967,0.924824,0.0627734
1726434,1,-2.75261,-1.32534,1.01105,-1.94698,1.10108,1.16772,2.20139,-2.75266,-1.32422,1.00895,-1.94565,1.10136,1.16858,2.20139,0.000285885,-0.000538561,-5.84358e-06,0.000727487,0.000176234,-0.000112923,0.000490475,0,0,0,0,0,0,0,-0.204456,26.7383,-24.7366,7.47104,0.830705,2.51242,0.0258276,-0.186277,2.15801,-3.11247,1.92039,0.185024,0.924646,0.0627344
1726435,1,-2.75261,-1.32534,1.01106,-1.94698,1.10108,1.16772,2.20139,-2.75266,-1.32422,1.00895,-1.94565,1.10136,1.16858,2.20139,-0.00101584,-0.000359041,-3.89572e-06,-0.000164623,0.000117489,-0.000312641,8.96244e-05,0,0,0,0,0,0,0,-0.152882,26.7383,-24.7366,7.49881,0.830705,2.51882,0.0322363,-0.186954,2.15853,-3.11237,1.91981,0.185064,0.924521,0.0625707
1726436,1,-2.75261,-1.32534,1.01106,-1.94698,1.10108,1.16772,2.20139,-2.75266,-1.32422,1.00895,-1.94565,1.10136,1.16858,2.20139,0.000529202,0.000967065,-2.59715e-06,0.00109668,0.000281777,0.000266291,-0.000686236,0,0,0,0,0,0,0,-0.204456,26.6867,-24.7366,7.44724,0.825212,2.50601,0.0523779,-0.187249,2.15898,-3.11245,1.91924,0.185101,0.924397,0.0622984
1726437,1,-2.75261,-1.32534,1.01105,-1.94699,1.10108,1.16771,2.20139,-2.75266,-1.32422,1.00895,-1.94565,1.10136,1.16858,2.20139,-0.000296813,0.00064471,-1.73143e-06,-0.00158893,-1.55993e-05,-5.98319e-05,0.000763213,0,0,0,0,0,0,0,-0.176685,26.6867,-24.7366,7.54642,0.830705,2.51242,0.0194189,-0.186996,2.15815,-3.11193,1.91915,0.185144,0.924263,0.0619439
1726438,1,-2.75261,-1.32534,1.01105,-1.94698,1.10108,1.16771,2.20139,-2.75266,-1.32422,1.00895,-1.94565,1.10136,1.16858,2.20139,-0.000197875,-0.000219807,-0.00111478,0.00070395,0.000396502,-3.98879e-05,-0.000474536,0,0,0,0,0,0,0,-0.176685,26.7144,-24.689,7.47104,0.819719,2.51242,0.0459692,-0.185965,2.15611,-3.11063,1.91984,0.185229,0.924111,0.061531
1726439,1,-2.75261,-1.32534,1.01105,-1.94698,1.10108,1.16771,2.20138,-2.75266,-1.32422,1.00895,-1.94565,1.10136,1.16858,2.20139,-0.000131917,-0.000146538,0.000370438,-0.000180314,-0.000549468,0.000210767,-0.00102843,0,0,0,0,0,0,0,-0.176685,26.7144,-24.7366,7.49881,0.841692,2.50601,0.0651953,-0.185,2.15431,-3.10916,1.92043,0.185305,0.923943,0.0610665
1726440,1,-2.75261,-1.32534,1.01105,-1.94698,1.10108,1.16771,2.20138,-2.75266,-1.32422,1.00895,-1.94565,1.10136,1.16858,2.20139,0.000561669,-9.76921e-05,-0.000309853,-0.000120209,4.05892e-05,0.000140511,-0.000922982,0,0,0,0,0,0,0,-0.204456,26.7144,-24.7128,7.49881,0.830705,2.50601,0.071604,-0.185003,2.15368,-3.10835,1.92035,0.185332,0.923816,0.0605774
1726441,1,-2.75261,-1.32534,1.01106,-1.94698,1.10108,1.16771,2.20139,-2.75266,-1.32422,1.00895,-1.94565,1.10136,1.16858,2.20139,-0.000275168,-0.00127155,0.000350243,-8.01395e-05,2.70595e-05,-0.000143685,9.67558e-05,0,0,0,0,0,0,0,-0.176685,26.766,-24.7366,7.49881,0.830705,2.51242,0.0523779,-0.185937,2.15446,-3.10855,1.91976,0.185332,0.92376,0.0601116
1726442,1,-2.75261,-1.32534,1.01106,-1.94698,1.10108,1.16771,2.20139,-2.75266,-1.32422,1.00895,-1.94565,1.10136,1.16858,2.20139,-0.000740257,0.000358723,-0.000323316,-5.34263e-05,1.80396e-05,-9.57898e-05,0.000810489,0,0,0,0,0,0,0,-0.152882,26.7144,-24.7128,7.49881,0.830705,2.51242,0.0322363,-0.18662,2.15596,-3.10947,1.91919,0.185347,0.923727,0.0596997
1726443,1,-2.75261,-1.32534,1.01105,-1.94698,1.10108,1.16771,2.20138,-2.75266,-1.32422,1.00895,-1.94565,1.10136,1.16858,2.20139,6.33073e-05,-0.000317663,0.000341268,0.00117081,1.20264e-05,-0.000301219,-0.00139245,0,0,0,0,0,0,0,-0.176685,26.7383,-24.7366,7.44724,0.830705,2.51882,0.0844213,-0.186553,2.15708,-3.11034,1.91878,0.185363,0.923668,0.0593357
1726444,1,-2.75261,-1.32534,1.01105,-1.94698,1.10108,1.16771,2.20138,-2.75266,-1.32422,1.00895,-1.94565,1.10136,1.16858,2.20139,-0.000514607,0.000345037,-0.0003293,-0.000982699,8.01762e-06,-0.000200813,-0.000216226,0,0,0,0,0,0,0,-0.152882,26.7144,-24.7128,7.52262,0.830705,2.51882,0.0651953,-0.186286,2.15764,-3.11084,1.91834,0.185358,0.923594,0.0590107
1726445,1,-2.75261,-1.32534,1.01105,-1.94698,1.10108,1.16772,2.20138,-2.75266,-1.32422,1.00895,-1.94565,1.10136,1.16858,2.20139,0.000213741,0.000230024,-0.000219533,-9.83207e-05,5.34508e-06,0.000340843,-0.000618868,0,0,0,0,0,0,0,-0.176685,26.7144,-24.7128,7.49881,0.830705,2.50601,0.0780126,-0.18534,2.15714,-3.11065,1.91857,0.185391,0.923516,0.058745
1726446,1,-2.75261,-1.32534,1.01105,-1.94698,1.10108,1.16771,2.20139,-2.75266,-1.32422,1.00895,-1.94565,1.10136,1.16858,2.20139,0.000792108,-0.000403462,-0.000146356,-6.55471e-05,-0.000606788,-1.01304e-05,0.000536857,0,0,0,0,0,0,0,-0.204456,26.7383,-24.7128,7.49881,0.847185,2.51242,0.0523779,-0.184924,2.15635,-3.10986,1.91876,0.185419,0.923445,0.0585524
1726447,1,-2.75261,-1.32534,1.01106,-1.94698,1.10108,1.16772,2.20138,-2.75266,-1.32422,1.00895,-1.94565,1.10136,1.16858,2.20139,0.00108488,0.000287837,0.000459242,-4.36981e-05,0.000409277,0.000467964,-0.00106625,0,0,0,0,0,0,0,-0.22826,26.7144,-24.7366,7.49881,0.825212,2.4996,0.09083,-0.186655,2.15669,-3.10928,1.91784,0.18537,0.923424,0.0584271
1726448,1,-2.75261,-1.32534,1.01105,-1.94698,1.10108,1.16771,2.20138,-2.75266,-1.32422,1.00895,-1.94565,1.10136,1.16858,2.20139,-0.00048317,-0.000364921,0.000306161,-0.000585944,-0.00013405,-0.000162742,-0.000236115,0,0,0,0,0,0,0,-0.176685,26.7383,-24.7366,7.52262,0.836199,2.51242,0.0780126,-0.189035,2.15769,-3.10934,1.91664,0.185308,0.923454,0.0583672
1726449,1,-2.75261,-1.32534,1.01105,-1.94698,1.10108,1.16771,2.20139,-2.75266,-1.32422,1.00895,-1.94565,1.10136,1.16858,2.20139,-0.000322113,-0.000892894,-0.000352705,-0.000390629,0.000520985,0.000128864,0.000554667,0,0,0,0,0,0,0,-0.176685,26.766,-24.7128,7.52262,0.819719,2.50601,0.0587866,-0.189932,2.15868,-3.10994,1.91628,0.185327,0.923481,0.058382
1726450,1,-2.75261,-1.32535,1.01105,-1.94698,1.10108,1.16771,2.20138,-2.75266,-1.32422,1.00895,-1.94565,1.10136,1.16858,2.20139,-0.000771554,-0.000595263,-0.000235136,0.00150282,0.000143873,8.59097e-05,-0.000579658,0,0,0,0,0,0,0,-0.152882,26.766,-24.7128,7.44724,0.825212,2.50601,0.0844213,-0.189765,2.15984,-3.11056,1.91613,0.185374,0.923437,0.0584637
1726451,1,-2.75261,-1.32534,1.01105,-1.94698,1.10108,1.16771,2.20139,-2.75266,-1.32422,1.00895,-1.94565,1.10136,1.16858,2.20139,4.24425e-05,0.000809584,-0.000156758,0.000445067,9.59152e-05,5.72731e-05,0.000800356,0,0,0,0,0,0,0,-0.176685,26.7144,-24.7128,7.47104,0.825212,2.50601,0.0523779,-0.189598,2.16076,-3.11053,1.91542,0.185354,0.923292,0.0585946
1726452,1,-2.75261,-1.32534,1.01105,-1.94698,1.10108,1.16771,2.20138,-2.75266,-1.32422,1.00895,-1.94565,1.10136,1.16858,2.20139,2.8295e-05,0.000539723,-0.000104505,0.000296711,6.39435e-05,3.81821e-05,-0.00112794,0,0,0,0,0,0,0,-0.176685,26.7144,-24.7128,7.47104,0.825212,2.50601,0.0972387,-0.189351,2.16041,-3.10948,1.91465,0.185281,0.92308,0.0587659
1726453,1,-2.75261,-1.32534,1.01105,-1.94698,1.10108,1.16772,2.20138,-2.75266,-1.32422,1.00895,-1.94565,1.10136,1.16858,2.20139,1.88633e-05,-0.000846611,-6.967e-05,-0.000451806,-0.000160822,0.000500173,-3.98844e-05,0,0,0,0,0,0,0,-0.176685,26.766,-24.7128,7.49881,0.830705,2.49319,0.0780126,-0.189006,2.15951,-3.10812,1.91421,0.185209,0.92287,0.0589697
1726454,1,-2.75261,-1.32534,1.01105,-1.94698,1.10108,1.16771,2.20139,-2.75266,-1.32422,1.00895,-1.94565,1.10136,1.16858,2.20139,1.25755e-05,8.52067e-05,-4.64467e-05,-0.000301204,9.62362e-05,9.60895e-05,0.000685487,0,0,0,0,0,0,0,-0.176685,26.7383,-24.7128,7.49881,0.825212,2.4996,0.0587866,-0.188612,2.15918,-3.10726,1.91408,0.185168,0.922695,0.0592121
1726455,1,-2.75261,-1.32534,1.01105,-1.94699,1.10108,1.16771,2.20139,-2.75266,-1.32422,1.00895,-1.94565,1.10136,1.16858,2.20139,-0.000548428,0.00126323,-3.09645e-05,-0.00131443,6.41574e-05,-0.000410658,0.00069435,0,0,0,0,0,0,0,-0.152882,26.6867,-24.7128,7.54642,0.825212,2.51242,0.0523779,-0.186997,2.15804,-3.10635,1.91505,0.185199,0.922521,0.0594934
1726456,1,-2.75261,-1.32534,1.01105,-1.94698,1.10108,1.16771,2.20139,-2.75266,-1.32422,1.00895,-1.94565,1.10136,1.16858,2.20139,0.000840807,-0.000364272,-0.000577455,0.000237339,-0.000160679,0.000200946,0.000700259,0,0,0,0,0,0,0,-0.204456,26.7383,-24.689,7.49881,0.830705,2.4996,0.0459692,-0.1845,2.15562,-3.10478,1.91689,0.185268,0.922317,0.059782
1726457,1,-2.75261,-1.32534,1.01105,-1.94698,1.10108,1.16771,2.20139,-2.75266,-1.32422,1.00895,-1.94565,1.10136,1.16858,2.20139,0.000560538,0.000313964,-0.00038497,0.000158226,-0.000107119,0.000133964,0.000229481,0,0,0,0,0,0,0,-0.204456,26.7144,-24.689,7.49881,0.830705,2.4996,0.0523779,-0.18388,2.15389,-3.10279,1.91762,0.185244,0.922087,0.060035
1726458,1,-2.75261,-1.32534,1.01106,-1.94698,1.10108,1.16771,2.20138,-2.75266,-1.32422,1.00895,-1.94565,1.10136,1.16858,2.20139,-0.000275922,0.000209309,0.000300165,0.000755098,0.000132038,-0.000385409,-0.00055909,0,0,0,0,0,0,0,-0.176685,26.7144,-24.7128,7.47104,0.825212,2.51242,0.071604,-0.185033,2.15331,-3.101,1.91702,0.185116,0.921848,0.0602308
1726459,1,-2.75261,-1.32534,1.01105,-1.94698,1.10108,1.16772,2.20139,-2.75266,-1.32422,1.00895,-1.94565,1.10136,1.16858,2.20139,0.000465666,0.000789153,0.000756922,-0.000146215,-0.000318876,-1.95802e-05,0.00156005,0,0,0,0,0,0,0,-0.204456,26.6867,-24.7366,7.49881,0.836199,2.50601,0.0194189,-0.186092,2.15316,-3.10009,1.91621,0.184963,0.921644,0.060377
1726460,1,-2.75261,-1.32534,1.01105,-1.94698,1.10108,1.16771,2.20139,-2.75266,-1.32422,1.00895,-1.94565,1.10136,1.16858,2.20139,-0.00033917,0.000526102,-5.21972e-05,0.000552137,-9.13343e-06,-1.30534e-05,5.66914e-05,0,0,0,0,0,0,0,-0.176685,26.6867,-24.7128,7.47104,0.830705,2.50601,0.0459692,-0.186557,2.15294,-3.09987,1.91567,0.184828,0.921478,0.0604749
1726461,1,-2.75261,-1.32534,1.01105,-1.94698,1.10108,1.16771,2.20139,-2.75266,-1.32422,1.00895,-1.94565,1.10136,1.16858,2.20139,-0.000226113,-0.000298879,-3.47981e-05,-0.000281523,-6.08895e-06,-0.00048342,0.000546421,0,0,0,0,0,0,0,-0.176685,26.7144,-24.7128,7.49881,0.830705,2.51882,0.0322363,-0.186292,2.15247,-3.09971,1.9155,0.184738,0.921308,0.0605021
1726462,1,-2.75261,-1.32534,1.01105,-1.94698,1.10108,1.16771,2.20139,-2.75266,-1.32422,1.00895,-1.94565,1.10136,1.16858,2.20139,-0.000707554,-0.000756065,-0.00178644,-0.000187682,0.000199391,0.000152438,-0.000619064,0,0,0,0,0,0,0,-0.152882,26.7383,-24.6374,7.49881,0.825212,2.50601,0.0587866,-0.185322,2.15195,-3.09907,1.91569,0.184717,0.921098,0.0604447
1726463,1,-2.75261,-1.32534,1.01105,-1.94698,1.10108,1.16771,2.20139,-2.75266,-1.32422,1.00895,-1.94565,1.10136,1.16858,2.20139,0.000734723,-0.00115366,0.00057228,0.0010813,0.000336378,0.000101625,0.00104535,0,0,0,0,0,0,0,-0.204456,26.766,-24.7128,7.44724,0.819719,2.50601,0.0194189,-0.185122,2.15243,-3.09814,1.91529,0.18469,0.920869,0.0603091
1726464,1,-2.75261,-1.32534,1.01105,-1.94698,1.10108,1.16771,2.20139,-2.75266,-1.32422,1.00895,-1.94565,1.10136,1.16858,2.20139,-0.000159799,-0.000769105,0.000938332,-0.00104237,-0.000182649,6.77501e-05,-0.000286442,0,0,0,0,0,0,0,-0.176685,26.766,-24.7366,7.52262,0.830705,2.50601,0.0459692,-0.186584,2.15518,-3.09877,1.91381,0.184602,0.920758,0.0601084
1726465,1,-2.75261,-1.32534,1.01105,-1.94698,1.10108,1.16771,2.20139,-2.75266,-1.32422,1.00895,-1.94565,1.10136,1.16858,2.20139,-0.000663344,-0.000512736,-0.00113768,-0.000694912,-0.000121766,4.51667e-05,0.000317665,0,0,0,0,0,0,0,-0.152882,26.766,-24.6612,7.52262,0.830705,2.50601,0.0322363,-0.1873,2.15834,-3.1005,1.91305,0.18457,0.920748,0.0598495
1726466,1,-2.75261,-1.32534,1.01105,-1.94698,1.10108,1.16771,2.20139,-2.75266,-1.32422,1.00895,-1.94565,1.10136,1.16858,2.20139,0.000764196,0.000864602,-0.000108841,0.00129996,-8.11774e-05,0.00026747,0.000211777,0,0,0,0,0,0,0,-0.204456,26.7144,-24.689,7.44724,0.830705,2.4996,0.0322363,-0.186926,2.15969,-3.10079,1.9131,0.184575,0.920664,0.0595373
1726467,1,-2.75261,-1.32534,1.01105,-1.94698,1.10108,1.16771,2.20139,-2.75266,-1.32422,1.00895,-1.94565,1.10136,1.16858,2.20139,-0.00014015,0.000576401,-7.2561e-05,-0.000339784,0.000149332,-5.90455e-05,0.000141184,0,0,0,0,0,0,0,-0.176685,26.7144,-24.689,7.49881,0.825212,2.50601,0.0322363,-0.187086,2.15946,-3.09944,1.91274,0.184506,0.920491,0.0591776
1726468,1,-2.75261,-1.32534,1.01105,-1.94698,1.10108,1.16771,2.20139,-2.75266,-1.32422,1.00895,-1.94565,1.10136,1.16858,2.20139,-9.34331e-05,-0.000822159,-4.8374e-05,-0.000226523,9.95549e-05,-0.000276723,9.41229e-05,0,0,0,0,0,0,0,-0.176685,26.766,-24.689,7.49881,0.825212,2.51242,0.0322363,-0.187078,2.15868,-3.09791,1.91254,0.18443,0.920322,0.0587738
1726469,1,-2.75261,-1.32534,1.01105,-1.94698,1.10108,1.16771,2.20139,-2.75266,-1.32422,1.00895,-1.94565,1.10136,1.16858,2.20139,-6.22888e-05,0.000101508,-3.22493e-05,-0.000151015,0.00026982,0.000290236,-0.00017461,0,0,0,0,0,0,0,-0.176685,26.7383,-24.689,7.49881,0.819719,2.4996,0.038645,-0.186574,2.15835,-3.09699,1.91271,0.184393,0.920194,0.0583292
1726470,1,-2.75261,-1.32534,1.01105,-1.94698,1.10108,1.16771,2.20139,-2.75266,-1.32422,1.00895,-1.94565,1.10136,1.16858,2.20139,0.000608088,0.000624484,-0.000671113,-0.000100677,-0.000430471,0.000193491,0.000120952,0,0,0,0,0,0,0,-0.204456,26.7144,-24.6612,7.49881,0.836199,2.4996,0.0322363,-0.186183,2.15789,-3.09582,1.9129,0.184348,0.92006,0.0578518
1726471,1,-2.75261,-1.32534,1.01105,-1.94698,1.10108,1.16772,2.20139,-2.75266,-1.32422,1.00895,-1.94565,1.10136,1.16858,2.20139,0.000405392,-0.000140489,-0.00100422,-0.00062393,-8.35303e-05,-0.000108365,-0.000156724,0,0,0,0,0,0,0,-0.204456,26.7383,-24.6374,7.52262,0.830705,2.50601,0.038645,-0.186261,2.15662,-3.09343,1.91307,0.184286,0.919871,0.0573519
1726472,1,-2.75261,-1.32534,1.01105,-1.94698,1.10108,1.16772,2.20139,-2.75266,-1.32422,1.00895,-1.94565,1.10136,1.16858,2.20139,-0.000936165,0.000463152,0.00109376,0.00134728,-5.56869e-05,0.000165116,0.000132876,0,0,0,0,0,0,0,-0.152882,26.7144,-24.7128,7.44724,0.830705,2.4996,0.0322363,-0.186295,2.15531,-3.09095,1.91318,0.184219,0.919663,0.0568387
1726473,1,-2.75261,-1.32534,1.01105,-1.94698,1.10108,1.16772,2.20139,-2.75266,-1.32422,1.00895,-1.94565,1.10136,1.16858,2.20139,-0.00127372,-0.000897658,0.000729171,0.00089819,-3.71246e-05,0.000110077,-0.000420042,0,0,0,0,0,0,0,-0.125111,26.766,-24.7128,7.44724,0.830705,2.4996,0.0459692,-0.185276,2.1552,-3.09044,1.91314,0.184153,0.919499,0.0563196
1726474,1,-2.75261,-1.32534,1.01105,-1.94698,1.10108,1.16772,2.20139,-2.75266,-1.32422,1.00895,-1.94565,1.10136,1.16858,2.20139,0.00100689,-0.000598438,-7.06976e-05,-0.000607633,-2.47497e-05,7.33847e-05,0.000465957,0,0,0,0,0,0,0,-0.204456,26.766,-24.689,7.49881,0.830705,2.4996,0.0258276,-0.184161,2.15679,-3.09174,1.91271,0.184091,0.919401,0.0558002
1726475,1,-2.75261,-1.32534,1.01105,-1.94698,1.10108,1.16772,2.20139,-2.75266,-1.32422,1.00895,-1.94565,1.10136,1.16858,2.20139,2.16466e-05,0.00145708,-0.000696746,0.000244525,-1.64998e-05,-0.000188436,0.000310638,0,0,0,0,0,0,0,-0.176685,26.6867,-24.6612,7.47104,0.830705,2.50601,0.0258276,-0.184078,2.15825,-3.0923,1.91209,0.184031,0.919295,0.0552864
1726476,1,-2.75261,-1.32534,1.01105,-1.94698,1.10108,1.16772,2.20139,-2.75266,-1.32422,1.00895,-1.94565,1.10136,1.16858,2.20139,0.00122086,0.000971387,0.000741929,-0.000486597,-1.09999e-05,0.000349094,-0.00101361,0,0,0,0,0,0,0,-0.22826,26.6867,-24.7128,7.49881,0.830705,2.49319,0.0587866,-0.184458,2.15773,-3.091,1.91176,0.183967,0.919134,0.0547754
1726477,1,-2.75261,-1.32534,1.01106,-1.94698,1.10108,1.16772,2.20139,-2.75266,-1.32422,1.00895,-1.94565,1.10136,1.16858,2.20139,-0.00159895,-2.02242e-06,0.00170105,0.000882028,0.000196117,-0.000241989,0.000782321,0,0,0,0,0,0,0,-0.125111,26.7144,-24.7643,7.44724,0.825212,2.50601,0.0194189,-0.184306,2.1567,-3.0902,1.9118,0.183921,0.919009,0.0542706
1726478,1,-2.75261,-1.32534,1.01105,-1.94698,1.10108,1.16771,2.20139,-2.75266,-1.32422,1.00895,-1.94565,1.10136,1.16858,2.20139,0.000140461,-1.34828e-06,-0.00183563,3.12067e-05,-7.27057e-05,-0.000398685,-0.000190529,0,0,0,0,0,0,0,-0.176685,26.7144,-24.6374,7.47104,0.830705,2.51242,0.038645,-0.183081,2.15614,-3.09037,1.91207,0.183913,0.918889,0.05378
1726479,1,-2.75261,-1.32534,1.01105,-1.94698,1.10108,1.16771,2.20139,-2.75266,-1.32422,1.00895,-1.94565,1.10136,1.16858,2.20139,-0.000463171,-0.000557711,-1.73299e-05,2.08044e-05,-4.84705e-05,-2.84308e-05,-0.000873005,0,0,0,0,0,0,0,-0.152882,26.7383,-24.689,7.47104,0.830705,2.50601,0.0587866,-0.181718,2.15541,-3.08945,1.91221,0.183929,0.91867,0.0532948
1726480,1,-2.75261,-1.32534,1.01105,-1.94698,1.10108,1.16772,2.20139,-2.75266,-1.32422,1.00895,-1.94565,1.10136,1.16858,2.20139,0.000248031,-0.00102142,-0.00177479,-0.00119256,-3.23136e-05,0.000455764,-0.000582003,0,0,0,0,0,0,0,-0.176685,26.766,-24.6136,7.52262,0.830705,2.49319,0.0587866,-0.180893,2.15489,-3.08753,1.91223,0.183972,0.918406,0.052821
1726481,1,-2.75261,-1.32534,1.01105,-1.94698,1.10108,1.16771,2.20139,-2.75266,-1.32422,1.00895,-1.94565,1.10136,1.16858,2.20139,0.000165354,-3.13335e-05,0.000580044,-0.000238226,0.000181908,-0.000408234,-0.000388002,0,0,0,0,0,0,0,-0.176685,26.7383,-24.689,7.49881,0.825212,2.51242,0.0587866,-0.180519,2.15488,-3.08551,1.91233,0.184046,0.918169,0.0523891
1726482,1,-2.75261,-1.32534,1.01105,-1.94698,1.10108,1.16771,2.20139,-2.75266,-1.32422,1.00895,-1.94565,1.10136,1.16858,2.20139,0.000110236,0.000535923,-0.000262918,0.000490797,-8.21785e-05,-0.000272156,-2.13091e-05,0,0,0,0,0,0,0,-0.176685,26.7144,-24.6612,7.47104,0.830705,2.51242,0.0523779,-0.180631,2.1551,-3.08392,1.91223,0.184089,0.917992,0.052025
1726483,1,-2.75261,-1.32534,1.01105,-1.94698,1.10108,1.16771,2.20138,-2.75266,-1.32422,1.00895,-1.94565,1.10136,1.16858,2.20139,0.000723105,-0.000849144,-0.000732091,0.00144082,-5.47856e-05,5.59215e-05,-0.00143836,0,0,0,0,0,0,0,-0.204456,26.766,-24.6374,7.42344,0.830705,2.50601,0.09083,-0.182116,2.1558,-3.08248,1.91096,0.184017,0.917834,0.0517311
1726484,1,-2.75261,-1.32534,1.01105,-1.94698,1.10108,1.16772,2.20139,-2.75266,-1.32422,1.00895,-1.94565,1.10136,1.16858,2.20139,-0.000167544,8.3518e-05,6.87515e-05,-0.000153076,0.000166927,0.00027464,0.000227888,0,0,0,0,0,0,0,-0.176685,26.7383,-24.6612,7.47104,0.825212,2.4996,0.0587866,-0.18506,2.15733,-3.08096,1.90844,0.183848,0.917672,0.0515131
1726485,1,-2.75261,-1.32534,1.01105,-1.94698,1.10108,1.16772,2.20138,-2.75266,-1.32422,1.00895,-1.94565,1.10136,1.16858,2.20139,0.000537918,0.0012621,0.000695448,0.000454761,-9.2166e-05,-5.42656e-05,-0.000560151,0,0,0,0,0,0,0,-0.204456,26.6867,-24.689,7.44724,0.830705,2.50601,0.0780126,-0.18737,2.15848,-3.07981,1.9063,0.183695,0.917553,0.0513936
1726486,1,-2.75261,-1.32534,1.01105,-1.94698,1.10108,1.16772,2.20138,-2.75266,-1.32422,1.00895,-1.94565,1.10136,1.16858,2.20139,0.000358612,0.000191789,0.00102044,-0.000903252,-6.1444e-05,-0.000510895,0.000101284,0,0,0,0,0,0,0,-0.204456,26.7144,-24.7128,7.49881,0.830705,2.51882,0.0651953,-0.18828,2.15868,-3.0794,1.9053,0.183606,0.917526,0.0513769
1726487,1,-2.75261,-1.32534,1.01105,-1.94698,1.10108,1.16771,2.20138,-2.75266,-1.32422,1.00895,-1.94565,1.10136,1.16858,2.20139,0.000239075,0.000127859,-0.00052613,-0.000602168,0.000162488,-0.000103238,-0.000407195,0,0,0,0,0,0,0,-0.204456,26.7144,-24.6612,7.49881,0.825212,2.51242,0.0780126,-0.188222,2.1585,-3.07958,1.9053,0.183593,0.917581,0.05145
1726488,1,-2.75261,-1.32534,1.01105,-1.94698,1.10108,1.16771,2.20138,-2.75266,-1.32422,1.00895,-1.94565,1.10136,1.16858,2.20139,0.000159383,-0.00112119,-0.000907565,0.000248169,0.000108325,-6.88251e-05,-3.41047e-05,0,0,0,0,0,0,0,-0.204456,26.766,-24.6374,7.47104,0.825212,2.51242,0.071604,-0.188032,2.15834,-3.0792,1.90553,0.183622,0.917613,0.051596
1726489,1,-2.75261,-1.32534,1.01105,-1.94698,1.10108,1.16771,2.20138,-2.75266,-1.32422,1.00895,-1.94565,1.10136,1.16858,2.20139,-0.00110017,-9.78436e-05,0.000601382,0.00127907,7.22168e-05,0.000191476,-2.27365e-05,0,0,0,0,0,0,0,-0.152882,26.7383,-24.689,7.42344,0.825212,2.50601,0.071604,-0.188125,2.15889,-3.0785,1.9051,0.18362,0.917585,0.0518033
1726490,1,-2.75261,-1.32534,1.01105,-1.94698,1.10108,1.16772,2.20138,-2.75266,-1.32422,1.00895,-1.94565,1.10136,1.16858,2.20139,-0.000176635,0.0011412,0.000957734,-0.000260911,-0.000358756,0.00012765,-0.000489876,0,0,0,0,0,0,0,-0.176685,26.6867,-24.7128,7.47104,0.836199,2.50601,0.0844213,-0.187137,2.15944,-3.07848,1.90473,0.183612,0.91756,0.0520698
1726491,1,-2.75261,-1.32534,1.01105,-1.94698,1.10108,1.16772,2.20138,-2.75266,-1.32422,1.00895,-1.94565,1.10136,1.16858,2.20139,-0.000117757,-0.00109524,-0.000567937,-0.000823554,-0.000239171,8.51002e-05,0.000148134,0,0,0,0,0,0,0,-0.176685,26.766,-24.6612,7.49881,0.836199,2.50601,0.071604,-0.184882,2.15921,-3.07876,1.90524,0.18366,0.917571,0.052392
1726492,1,-2.75261,-1.32534,1.01105,-1.94698,1.10108,1.16772,2.20138,-2.75266,-1.32422,1.00895,-1.94565,1.10136,1.16858,2.20139,0.000571109,0.000476265,-0.000378625,-0.000549036,0.000450904,5.67335e-05,-0.000138603,0,0,0,0,0,0,0,-0.204456,26.7144,-24.6612,7.49881,0.819719,2.50601,0.0780126,-0.182922,2.15872,-3.07841,1.90608,0.18375,0.917583,0.0527618
1726493,1,-2.75261,-1.32534,1.01105,-1.94698,1.10108,1.16772,2.20138,-2.75266,-1.32422,1.00895,-1.94565,1.10136,1.16858,2.20139,-0.000268874,0.000967124,0.000397198,0.00028359,9.71523e-05,0.000275181,0.000144957,0,0,0,0,0,0,0,-0.176685,26.6867,-24.689,7.47104,0.825212,2.4996,0.071604,-0.18161,2.15761,-3.07711,1.90681,0.183824,0.917561,0.0531719
1726494,1,-2.75261,-1.32534,1.01105,-1.94698,1.10108,1.16771,2.20138,-2.75266,-1.32422,1.00895,-1.94565,1.10136,1.16858,2.20139,-0.00017925,-0.000561677,-0.00149844,0.00018906,6.47682e-05,-5.39048e-05,9.6638e-05,0,0,0,0,0,0,0,-0.176685,26.7383,-24.6136,7.47104,0.825212,2.50601,0.071604,-0.180508,2.15579,-3.07499,1.90729,0.183854,0.917472,0.0536113
1726495,1,-2.75261,-1.32534,1.01105,-1.94698,1.10108,1.16771,2.20139,-2.75266,-1.32422,1.00895,-1.94565,1.10136,1.16858,2.20139,0.000530114,-0.00102407,-0.000442148,0.000682852,-0.000363722,-3.59365e-05,0.000776502,0,0,0,0,0,0,0,-0.204456,26.766,-24.6374,7.44724,0.836199,2.50601,0.0523779,-0.180733,2.15486,-3.07237,1.90669,0.183814,0.917316,0.0540614
1726496,1,-2.75261,-1.32534,1.01105,-1.94698,1.10108,1.16772,2.20139,-2.75266,-1.32422,1.00895,-1.94565,1.10136,1.16858,2.20139,-0.000296204,0.00117333,0.000262047,-0.001308,0.00016442,0.000213401,0.000755027,0,0,0,0,0,0,0,-0.176685,26.6867,-24.6612,7.52262,0.825212,2.4996,0.0459692,-0.18181,2.15483,-3.07006,1.90561,0.183749,0.917175,0.0545066
1726497,1,-2.75261,-1.32534,1.01105,-1.94698,1.10108,1.16772,2.20138,-2.75266,-1.32422,1.00895,-1.94565,1.10136,1.16858,2.20139,-0.00019747,-0.000424206,0.000174698,-0.00031519,-9.38375e-05,-9.50914e-05,-0.000446084,0,0,0,0,0,0,0,-0.176685,26.7383,-24.6612,7.49881,0.830705,2.50601,0.071604,-0.181376,2.15417,-3.0685,1.90577,0.183767,0.917099,0.0549264
1726498,1,-2.75261,-1.32534,1.01105,-1.94698,1.10108,1.16772,2.20139,-2.75266,-1.32422,1.00895,-1.94565,1.10136,1.16858,2.20139,-0.000688458,0.000274008,0.000116465,-0.000210127,0.000344343,0.000173965,0.00139803,0,0,0,0,0,0,0,-0.152882,26.7144,-24.6612,7.49881,0.819719,2.4996,0.0258276,-0.179525,2.15323,-3.06771,1.90688,0.183847,0.917062,0.0553016
1726499,1,-2.75261,-1.32534,1.01105,-1.94698,1.10108,1.16771,2.20139,-2.75266,-1.32422,1.00895,-1.94565,1.10136,1.16858,2.20139,0.000747454,-0.00037414,7.76435e-05,-0.000140085,-0.000177339,0.000115976,0.00116938,0,0,0,0,0,0,0,-0.204456,26.7383,-24.6612,7.49881,0.830705,2.4996,0.0194189,-0.177972,2.15289,-3.06743,1.90771,0.183903,0.917036,0.0556183
1726500,1,-2.75261,-1.32534,1.01105,-1.94698,1.10108,1.16771,2.20139,-2.75266,-1.32422,1.00895,-1.94565,1.10136,1.16858,2.20139,-0.000708123,0.000307385,5.17623e-05,0.00111304,8.52244e-05,-0.000160041,0.000304869,0,0,0,0,0,0,0,-0.152882,26.7144,-24.6612,7.44724,0.825212,2.50601,0.0322363,-0.17772,2.15331,-3.06726,1.9076,0.183875,0.916998,0.0558438
1726501,1,-2.75261,-1.32534,1.01105,-1.94698,1.10108,1.16771,2.20139,-2.75266,-1.32422,1.00895,-1.94565,1.10136,1.16858,2.20139,8.47296e-05,0.000204924,3.45082e-05,-0.000464402,5.68162e-05,-0.000106694,0.000203246,0,0,0,0,0,0,0,-0.176685,26.7144,-24.6612,7.49881,0.825212,2.50601,0.0322363,-0.177929,2.15379,-3.06692,1.90698,0.183792,0.916925,0.0559508
1726502,1,-2.75261,-1.32534,1.01105,-1.94698,1.10108,1.16772,2.20139,-2.75266,-1.32422,1.00895,-1.94565,1.10136,1.16858,2.20139,0.0007061,-0.000420196,0.00122943,0.000340013,3.78775e-05,0.000166229,-0.000373129,0,0,0,0,0,0,0,-0.204456,26.7383,-24.7128,7.47104,0.825212,2.4996,0.0459692,-0.178524,2.15462,-3.067,1.90618,0.183685,0.916887,0.0559412
1726503,1,-2.75261,-1.32534,1.01105,-1.94698,1.10108,1.16772,2.20139,-2.75266,-1.32422,1.00895,-1.94565,1.10136,1.16858,2.20139,0.000470734,-0.000280131,0.000819621,-0.000422939,2.52517e-05,0.00011082,0.000497233,0,0,0,0,0,0,0,-0.204456,26.7383,-24.7128,7.49881,0.825212,2.4996,0.0258276,-0.180455,2.15698,-3.06846,1.90481,0.183537,0.916959,0.0558323
1726504,1,-2.75261,-1.32534,1.01105,-1.94698,1.10108,1.16772,2.20139,-2.75266,-1.32422,1.00895,-1.94565,1.10136,1.16858,2.20139,-0.00154222,0.00101967,-0.00177364,0.00148128,-0.000390067,7.38798e-05,-0.00014323,0,0,0,0,0,0,0,-0.125111,26.6867,-24.6136,7.42344,0.836199,2.4996,0.038645,-0.181986,2.15872,-3.0693,1.90358,0.183392,0.916966,0.0556451
1726505,1,-2.75261,-1.32534,1.01104,-1.94698,1.10108,1.16772,2.20139,-2.75266,-1.32422,1.00895,-1.94565,1.10136,1.16858,2.20139,0.000178281,0.000679781,-0.000625612,0.000430707,0.000146857,0.000286612,0.000379232,0,0,0,0,0,0,0,-0.176685,26.6867,-24.6374,7.44724,0.825212,2.49319,0.0258276,-0.181695,2.15737,-3.06707,1.90301,0.18328,0.916715,0.0553915
1726506,1,-2.75261,-1.32534,1.01105,-1.94698,1.10108,1.16772,2.20138,-2.75266,-1.32422,1.00895,-1.94565,1.10136,1.16858,2.20139,0.000118854,-0.000753238,0.000139737,-0.000269674,-0.000105546,-0.000283643,-0.00120524,0,0,0,0,0,0,0,-0.176685,26.7383,-24.6612,7.47104,0.830705,2.50601,0.0651953,-0.181187,2.15506,-3.06363,1.90252,0.18318,0.916373,0.0550802
1726507,1,-2.75261,-1.32534,1.01105,-1.94698,1.10108,1.16772,2.20139,-2.75266,-1.32422,1.00895,-1.94565,1.10136,1.16858,2.20139,7.9236e-05,-0.00115177,-0.000463654,0.000377029,0.000133086,-0.000189095,-0.000328776,0,0,0,0,0,0,0,-0.176685,26.766,-24.6374,7.44724,0.825212,2.50601,0.0523779,-0.181835,2.15474,-3.06159,1.90153,0.183085,0.916138,0.0547307
1726508,1,-2.75261,-1.32534,1.01105,-1.94698,1.10108,1.16772,2.20139,-2.75266,-1.32422,1.00895,-1.94565,1.10136,1.16858,2.20139,0.000702438,0.000438577,-0.000309102,0.000251353,-0.000114726,0.000586013,0.000526801,0,0,0,0,0,0,0,-0.204456,26.7144,-24.6374,7.44724,0.830705,2.48678,0.0322363,-0.183673,2.15598,-3.06041,1.89988,0.182974,0.915969,0.0543783
1726509,1,-2.75261,-1.32534,1.01105,-1.94698,1.10108,1.16772,2.20138,-2.75266,-1.32422,1.00895,-1.94565,1.10136,1.16858,2.20139,-0.000181322,-0.000264427,-0.000206068,0.000724381,0.000126966,-0.000321401,-0.000869502,0,0,0,0,0,0,0,-0.176685,26.7383,-24.6374,7.42344,0.825212,2.50601,0.0651953,-0.186014,2.15715,-3.05902,1.8979,0.182838,0.915795,0.0540433
1726510,1,-2.75261,-1.32534,1.01104,-1.94698,1.10108,1.16772,2.20138,-2.75266,-1.32422,1.00895,-1.94565,1.10136,1.16858,2.20139,-0.000120881,-0.000176285,-0.000137379,-0.00128032,8.46443e-05,2.30914e-05,-0.00105439,0,0,0,0,0,0,0,-0.176685,26.7383,-24.6374,7.49881,0.825212,2.4996,0.0780126,-0.187342,2.15773,-3.05772,1.89659,0.182753,0.91563,0.0537316
1726511,1,-2.75261,-1.32534,1.01105,-1.94698,1.10108,1.16772,2.20138,-2.75266,-1.32422,1.00895,-1.94565,1.10136,1.16858,2.20139,0.00112584,-0.000117523,0.000465226,-0.000853545,0.000497239,1.53942e-05,-0.000465565,0,0,0,0,0,0,0,-0.22826,26.7383,-24.6612,7.49881,0.81331,2.4996,0.071604,-0.187474,2.158,-3.05701,1.89644,0.182758,0.915536,0.0534694
1726512,1,-2.75261,-1.32534,1.01105,-1.94698,1.10108,1.16772,2.20139,-2.75266,-1.32422,1.00895,-1.94565,1.10136,1.16858,2.20139,-0.000455867,-7.83488e-05,0.000310151,8.0584e-05,9.41337e-05,0.000247622,0.000639059,0,0,0,0,0,0,0,-0.176685,26.7383,-24.6612,7.47104,0.819719,2.49319,0.0459692,-0.187426,2.15845,-3.057,1.89674,0.182783,0.915515,0.0532857
1726513,1,-2.75261,-1.32534,1.01105,-1.94698,1.10108,1.16772,2.20138,-2.75266,-1.32422,1.00895,-1.94565,1.10136,1.16858,2.20139,-0.000860723,-5.22325e-05,0.000856381,5.37226e-05,-0.000344145,-0.000309637,-0.000523396,0,0,0,0,0,0,0,-0.152882,26.7383,-24.689,7.47104,0.830705,2.50601,0.071604,-0.186426,2.15896,-3.05773,1.89732,0.182805,0.915499,0.0531806
1726514,1,-2.75261,-1.32534,1.01105,-1.94698,1.10108,1.16772,2.20138,-2.75266,-1.32422,1.00895,-1.94565,1.10136,1.16858,2.20139,-1.70036e-05,-3.48217e-05,-0.000635505,-0.000613799,0.00041483,0.000268293,-0.00153573,0,0,0,0,0,0,0,-0.176685,26.7383,-24.6374,7.49881,0.81331,2.49319,0.103647,-0.184012,2.15895,-3.05854,1.89846,0.182846,0.915442,0.0531376
1726515,1,-2.75261,-1.32534,1.01105,-1.94698,1.10108,1.16772,2.20138,-2.75266,-1.32422,1.00895,-1.94565,1.10136,1.16858,2.20139,-0.000568148,0.000533598,0.000133142,0.000240415,-0.000164256,-5.84967e-05,0.000162978,0,0,0,0,0,0,0,-0.152882,26.7144,-24.6612,7.47104,0.825212,2.4996,0.071604,-0.181182,2.158,-3.05833,1.89982,0.182879,0.915308,0.0531661
1726516,1,-2.75261,-1.32534,1.01105,-1.94698,1.10108,1.16772,2.20138,-2.75266,-1.32422,1.00895,-1.94565,1.10136,1.16858,2.20139,0.00138447,0.000355732,8.87612e-05,0.000160276,-0.000109504,-3.89978e-05,-0.000603425,0,0,0,0,0,0,0,-0.22826,26.7144,-24.6612,7.47104,0.825212,2.4996,0.09083,-0.179454,2.15669,-3.05721,1.90057,0.182833,0.915125,0.0532885
1726517,1,-2.75261,-1.32534,1.01105,-1.94698,1.10108,1.16772,2.20138,-2.75266,-1.32422,1.00895,-1.94565,1.10136,1.16858,2.20139,-0.000840256,0.000237154,-0.00105445,0.000106851,-7.30028e-05,-2.59985e-05,-0.000639642,0,0,0,0,0,0,0,-0.152882,26.7144,-24.6136,7.47104,0.825212,2.4996,0.0972387,-0.179359,2.15547,-3.05536,1.90039,0.182696,0.914909,0.0535048
1726518,1,-2.75261,-1.32534,1.01105,-1.94698,1.10108,1.16772,2.20138,-2.75266,-1.32422,1.00895,-1.94565,1.10136,1.16858,2.20139,-3.35873e-06,0.000158103,-0.000146155,7.1234e-05,-4.86685e-05,-1.73323e-05,0.000760366,0,0,0,0,0,0,0,-0.176685,26.7144,-24.6374,7.47104,0.825212,2.4996,0.0651953,-0.179201,2.15381,-3.05268,1.90017,0.182556,0.914628,0.0538145
1726519,1,-2.75261,-1.32534,1.01105,-1.94698,1.10108,1.16772,2.20139,-2.75266,-1.32422,1.00895,-1.94565,1.10136,1.16858,2.20139,-0.000559051,-0.00045141,-9.74364e-05,4.74893e-05,-0.000235896,-0.000248914,0.00074427,0,0,0,0,0,0,0,-0.152882,26.7383,-24.6374,7.47104,0.830705,2.50601,0.0587866,-0.178448,2.15235,-3.05026,1.90017,0.182448,0.914342,0.0542094
1726520,1,-2.75261,-1.32534,1.01105,-1.94698,1.10108,1.16772,2.20138,-2.75266,-1.32422,1.00895,-1.94565,1.10136,1.16858,2.20139,0.000184111,0.000255872,-6.49576e-05,0.00114528,-0.000157264,0.000308775,0.000258821,0,0,0,0,0,0,0,-0.176685,26.7144,-24.6374,7.42344,0.830705,2.49319,0.0651953,-0.178121,2.15194,-3.04869,1.89971,0.182326,0.914101,0.0546502
1726521,1,-2.75261,-1.32534,1.01105,-1.94698,1.10108,1.16772,2.20138,-2.75266,-1.32422,1.00895,-1.94565,1.10136,1.16858,2.20139,0.000122741,-0.000386231,0.000513507,-0.000350102,0.000302058,-3.15087e-05,-0.00101425,0,0,0,0,0,0,0,-0.176685,26.7383,-24.6612,7.47104,0.819719,2.4996,0.0972387,-0.178746,2.15256,-3.04787,1.89851,0.182166,0.913914,0.0550971
1726522,1,-2.75261,-1.32534,1.01105,-1.94698,1.10108,1.16772,2.20139,-2.75266,-1.32422,1.00895,-1.94565,1.10136,1.16858,2.20139,0.000731441,-0.000257487,-0.000771286,-0.000233401,-0.000205529,0.000216353,0.00122271,0,0,0,0,0,0,0,-0.204456,26.7383,-24.6136,7.47104,0.830705,2.49319,0.0459692,-0.180203,2.15389,-3.04751,1.89705,0.182005,0.91379,0.0555436
1726523,1,-2.75261,-1.32534,1.01105,-1.94698,1.10108,1.16772,2.20139,-2.75266,-1.32422,1.00895,-1.94565,1.10136,1.16858,2.20139,-0.000718798,0.000385154,-0.000514191,-0.000155601,6.64313e-05,-9.31235e-05,0.000577779,0,0,0,0,0,0,0,-0.152882,26.7144,-24.6136,7.47104,0.825212,2.4996,0.0523779,-0.18144,2.15466,-3.0465,1.89602,0.181892,0.913647,0.0559922
1726524,1,-2.75261,-1.32534,1.01105,-1.94697,1.10108,1.16771,2.20139,-2.75266,-1.32422,1.00895,-1.94565,1.10136,1.16858,2.20139,0.00128404,-0.000949657,0.000214018,0.0015667,0.000247738,-0.000299441,0.000147827,0,0,0,0,0,0,0,-0.22826,26.766,-24.6374,7.39963,0.819719,2.50601,0.0587866,-0.182894,2.15532,-3.0451,1.89475,0.181768,0.913473,0.0564157
1726525,1,-2.75261,-1.32534,1.01105,-1.94698,1.10108,1.16772,2.20138,-2.75266,-1.32422,1.00895,-1.94565,1.10136,1.16858,2.20139,-0.0003504,1.65095e-05,0.000142679,0.000487656,-3.82918e-05,0.00027509,-0.000376167,0,0,0,0,0,0,0,-0.176685,26.7383,-24.6374,7.42344,0.825212,2.49319,0.071604,-0.18593,2.15746,-3.04451,1.89214,0.181549,0.913341,0.0567862
1726526,1,-2.75261,-1.32534,1.01104,-1.94698,1.10108,1.16772,2.20139,-2.75266,-1.32422,1.00895,-1.94565,1.10136,1.16858,2.20139,-0.000790412,0.000567818,-0.00111131,-0.000231708,-0.000228978,0.000183394,0.000461299,0,0,0,0,0,0,0,-0.152882,26.7144,-24.5858,7.44724,0.830705,2.49319,0.0523779,-0.187896,2.15894,-3.04374,1.89,0.181366,0.913185,0.0571097
1726527,1,-2.75261,-1.32534,1.01104,-1.94698,1.10108,1.16772,2.20139,-2.75266,-1.32422,1.00895,-1.94565,1.10136,1.16858,2.20139,-0.000526941,0.000378546,0.000465555,-0.000154472,5.07983e-05,-0.000352456,0.00105352,0,0,0,0,0,0,0,-0.152882,26.7144,-24.6374,7.44724,0.825212,2.50601,0.0322363,-0.186496,2.15783,-3.04194,1.88999,0.18134,0.912959,0.0573997
1726528,1,-2.75261,-1.32534,1.01105,-1.94698,1.10108,1.16772,2.20139,-2.75266,-1.32422,1.00895,-1.94565,1.10136,1.16858,2.20139,0.000855132,0.000901978,0.00031037,-0.000659793,-0.000169585,0.000239748,-4.36399e-05,0,0,0,0,0,0,0,-0.204456,26.6867,-24.6374,7.47104,0.830705,2.49319,0.0523779,-0.183728,2.15565,-3.04023,1.8911,0.181395,0.912772,0.0576432
1726529,1,-2.75261,-1.32534,1.01104,-1.94698,1.10108,1.16772,2.20139,-2.75266,-1.32422,1.00895,-1.94565,1.10136,1.16858,2.20139,-0.000636338,-4.82955e-05,0.000206913,-0.00108948,0.000293844,-7.75272e-05,0.000479533,0,0,0,0,0,0,0,-0.152882,26.7144,-24.6374,7.49881,0.819719,2.4996,0.038645,-0.180948,2.15348,-3.03913,1.89267,0.181487,0.912674,0.0578187
1726530,1,-2.75261,-1.32534,1.01105,-1.94698,1.10108,1.16772,2.20139,-2.75266,-1.32422,1.00895,-1.94565,1.10136,1.16858,2.20139,-0.000424225,-3.2197e-05,0.000137942,-7.67035e-05,-0.000414455,0.000185674,4.84213e-05,0,0,0,0,0,0,0,-0.152882,26.7144,-24.6374,7.47104,0.836199,2.49319,0.0459692,-0.177681,2.1516,-3.03859,1.89467,0.181629,0.912614,0.0579198
1726531,1,-2.75261,-1.32534,1.01105,-1.94698,1.10108,1.16772,2.20139,-2.75266,-1.32422,1.00895,-1.94565,1.10136,1.16858,2.20139,0.000273995,-0.000578277,9.19614e-05,-0.00070075,0.000334048,0.000361142,0.000540907,0,0,0,0,0,0,0,-0.176685,26.7383,-24.6374,7.49881,0.819719,2.48678,0.0322363,-0.174765,2.1507,-3.03857,1.89632,0.181767,0.91256,0.0579456
1726532,1,-2.75261,-1.32534,1.01104,-1.94698,1.10108,1.16772,2.20139,-2.75266,-1.32422,1.00895,-1.94565,1.10136,1.16858,2.20139,0.000832277,-0.000385518,-0.00114512,0.000182448,1.92482e-05,3.40218e-06,-0.000148022,0,0,0,0,0,0,0,-0.204456,26.7383,-24.5858,7.47104,0.825212,2.49319,0.0459692,-0.174076,2.15109,-3.03831,1.89663,0.181818,0.91248,0.0578946
1726533,1,-2.75261,-1.32534,1.01105,-1.94698,1.10108,1.16772,2.20139,-2.75266,-1.32422,1.00895,-1.94565,1.10136,1.16858,2.20139,-9.47624e-05,-0.000257012,0.000999826,0.000678444,0.000453642,-0.000235091,-9.8681e-05,0,0,0,0,0,0,0,-0.176685,26.7383,-24.6612,7.44724,0.81331,2.4996,0.0459692,-0.17578,2.15259,-3.03768,1.89537,0.181745,0.912364,0.0577717
1726534,1,-2.75261,-1.32534,1.01105,-1.94698,1.10108,1.16771,2.20139,-2.75266,-1.32422,1.00895,-1.94565,1.10136,1.16858,2.20139,-0.000619987,-0.000820955,0.000109738,0.000452296,6.50688e-05,-0.000156727,0.000680198,0,0,0,0,0,0,0,-0.152882,26.766,-24.6374,7.44724,0.819719,2.4996,0.0258276,-0.178015,2.1551,-3.03792,1.89335,0.181599,0.912257,0.057594
1726535,1,-2.75261,-1.32534,1.01105,-1.94698,1.10108,1.16772,2.20139,-2.75266,-1.32422,1.00895,-1.94565,1.10136,1.16858,2.20139,0.00134991,0.00010231,-0.000483653,-0.000255281,-0.000363522,-0.000104485,-0.000767238,0,0,0,0,0,0,0,-0.22826,26.7383,-24.6136,7.47104,0.830705,2.4996,0.0587866,-0.180176,2.15787,-3.03848,1.89125,0.181429,0.912154,0.0573706
1726536,1,-2.75261,-1.32534,1.01104,-1.94698,1.10108,1.16772,2.20139,-2.75266,-1.32422,1.00895,-1.94565,1.10136,1.16858,2.20139,-0.000863296,0.000625019,-0.000322435,-0.000819802,-3.88974e-05,-6.96565e-05,-0.000274133,0,0,0,0,0,0,0,-0.152882,26.7144,-24.6136,7.49881,0.825212,2.4996,0.0523779,-0.181831,2.15914,-3.03771,1.88987,0.181287,0.912007,0.0571093
1726537,1,-2.75261,-1.32534,1.01105,-1.94698,1.10108,1.16772,2.20139,-2.75266,-1.32422,1.00895,-1.94565,1.10136,1.16858,2.20139,-1.87185e-05,0.000416679,0.000341855,0.000659892,0.000177519,-4.64377e-05,0.000325871,0,0,0,0,0,0,0,-0.176685,26.7144,-24.6374,7.44724,0.819719,2.4996,0.038645,-0.181536,2.15829,-3.03595,1.88989,0.181222,0.911815,0.0568362
1726538,1,-2.75261,-1.32534,1.01104,-1.94698,1.10108,1.16772,2.20138,-2.75266,-1.32422,1.00895,-1.94565,1.10136,1.16858,2.20139,0.000637135,0.000277786,-0.000328909,0.000439928,0.000118346,0.0002064,-0.00195289,0,0,0,0,0,0,0,-0.204456,26.7144,-24.6136,7.44724,0.819719,2.49319,0.0972387,-0.180941,2.15696,-3.03407,1.88992,0.181137,0.911613,0.0565642
1726539,1,-2.75261,-1.32534,1.01104,-1.94698,1.10108,1.16772,2.20138,-2.75266,-1.32422,1.00895,-1.94565,1.10136,1.16858,2.20139,0.000424757,-0.000371621,-0.000868886,-0.000913141,-0.000328004,0.0001376,-0.000589851,0,0,0,0,0,0,0,-0.204456,26.7383,-24.5858,7.49881,0.830705,2.49319,0.0780126,-0.18166,2.15607,-3.03185,1.88924,0.180995,0.911411,0.05631
1726540,1,-2.75261,-1.32534,1.01105,-1.94698,1.10108,1.16772,2.20138,-2.75266,-1.32422,1.00895,-1.94565,1.10136,1.16858,2.20139,0.000283171,-0.000247747,0.000627168,4.08534e-05,-0.000218669,-0.000145625,-0.000867952,0,0,0,0,0,0,0,-0.204456,26.7383,-24.6374,7.47104,0.830705,2.4996,0.09083,-0.182826,2.15573,-3.02977,1.8886,0.180873,0.911239,0.0561198
1726541,1,-2.75261,-1.32534,1.01104,-1.94698,1.10108,1.16772,2.20138,-2.75266,-1.32422,1.00895,-1.94565,1.10136,1.16858,2.20139,-0.00101765,0.00159807,-0.0001387,2.72356e-05,-0.00034923,-9.70836e-05,-0.000103917,0,0,0,0,0,0,0,-0.152882,26.6629,-24.6136,7.47104,0.836199,2.4996,0.0780126,-0.182811,2.15514,-3.02828,1.88869,0.180813,0.911096,0.0560325
1726542,1,-2.75261,-1.32534,1.01104,-1.94698,1.10108,1.16772,2.20138,-2.75266,-1.32422,1.00895,-1.94565,1.10136,1.16858,2.20139,-0.000121618,-0.000141044,-9.24665e-05,1.81571e-05,-2.93695e-05,-6.47224e-05,-0.000306637,0,0,0,0,0,0,0,-0.176685,26.7144,-24.6136,7.47104,0.830705,2.4996,0.0844213,-0.180769,2.15314,-3.02666,1.88981,0.180827,0.91092,0.056059
1726543,1,-2.75261,-1.32534,1.01104,-1.94698,1.10108,1.16772,2.20138,-2.75266,-1.32422,1.00895,-1.94565,1.10136,1.16858,2.20139,0.000568535,-9.40293e-05,-6.16443e-05,0.000568917,-0.00022303,0.000194211,-0.000441783,0,0,0,0,0,0,0,-0.204456,26.7144,-24.6136,7.44724,0.836199,2.49319,0.09083,-0.179062,2.15144,-3.0251,1.89058,0.180843,0.910741,0.0561873
1726544,1,-2.75261,-1.32534,1.01105,-1.94698,1.10108,1.16772,2.20138,-2.75266,-1.32422,1.00895,-1.94565,1.10136,1.16858,2.20139,0.000379023,-0.00126911,0.000515716,-0.000177534,0.000258214,-0.000107885,-5.71633e-05,0,0,0,0,0,0,0,-0.204456,26.766,-24.6374,7.47104,0.825212,2.4996,0.0844213,-0.179771,2.15211,-3.02461,1.88986,0.180798,0.910639,0.056405
1726545,1,-2.75261,-1.32534,1.01104,-1.94698,1.10108,1.16771,2.20138,-2.75266,-1.32422,1.00895,-1.94565,1.10136,1.16858,2.20139,-0.000396932,0.00100997,-0.000213001,-0.00076797,-3.13077e-05,-7.19234e-05,-0.000512827,0,0,0,0,0,0,0,-0.176685,26.6867,-24.6136,7.49881,0.830705,2.4996,0.0972387,-0.181023,2.1538,-3.02494,1.88897,0.180778,0.910604,0.0567114
1726546,1,-2.75261,-1.32534,1.01104,-1.94698,1.10108,1.16772,2.20139,-2.75266,-1.32422,1.00895,-1.94565,1.10136,1.16858,2.20139,-0.000264621,2.36961e-05,0.000414811,0.000137634,-2.08718e-05,0.00018941,0.00108227,0,0,0,0,0,0,0,-0.176685,26.7144,-24.6374,7.47104,0.830705,2.49319,0.0587866,-0.180596,2.15414,-3.02492,1.88927,0.180853,0.910555,0.057104
1726547,1,-2.75261,-1.32534,1.01105,-1.94698,1.10108,1.16772,2.20138,-2.75266,-1.32422,1.00895,-1.94565,1.10136,1.16858,2.20139,-0.000733226,-0.00119063,0.000276541,0.000648568,0.000189536,-0.000348445,9.43593e-06,0,0,0,0,0,0,0,-0.152882,26.766,-24.6374,7.44724,0.825212,2.50601,0.0780126,-0.179386,2.15431,-3.02511,1.88983,0.180956,0.910492,0.0575593
1726548,1,-2.75261,-1.32534,1.01104,-1.94698,1.10108,1.16772,2.20138,-2.75266,-1.32422,1.00895,-1.94565,1.10136,1.16858,2.20139,0.000717609,-0.000793752,-0.00102207,-0.000124433,0.000126357,-0.000232296,6.29062e-06,0,0,0,0,0,0,0,-0.204456,26.766,-24.5858,7.47104,0.825212,2.50601,0.0780126,-0.179342,2.15596,-3.02571,1.88938,0.181013,0.910433,0.0580376
1726549,1,-2.75261,-1.32534,1.01104,-1.94698,1.10108,1.16772,2.20138,-2.75266,-1.32422,1.00895,-1.94565,1.10136,1.16858,2.20139,-0.00072802,0.000677258,-3.1763e-05,0.000473856,-0.000322663,8.24947e-05,0.000241553,0,0,0,0,0,0,0,-0.152882,26.7144,-24.6136,7.44724,0.836199,2.4996,0.071604,-0.180218,2.15752,-3.02532,1.88842,0.181033,0.910334,0.0585198
1726550,1,-2.75261,-1.32534,1.01104,-1.94698,1.10108,1.16772,2.20139,-2.75266,-1.32422,1.00895,-1.94565,1.10136,1.16858,2.20139,0.000721079,0.000451505,-2.11754e-05,-0.000240908,0.000191792,-0.000182362,0.000873112,0,0,0,0,0,0,0,-0.204456,26.7144,-24.6136,7.47104,0.825212,2.50601,0.0523779,-0.180683,2.15756,-3.02382,1.88785,0.181056,0.910205,0.0590034
1726551,1,-2.75261,-1.32534,1.01104,-1.94698,1.10108,1.16772,2.20139,-2.75266,-1.32422,1.00895,-1.94565,1.10136,1.16858,2.20139,-0.000725706,-0.000255809,-1.41169e-05,-0.000810219,0.000127862,0.000115784,0.00132806,0,0,0,0,0,0,0,-0.152882,26.7383,-24.6136,7.49881,0.825212,2.4996,0.0322363,-0.180374,2.15664,-3.02213,1.88801,0.181119,0.910109,0.0594703
1726552,1,-2.75261,-1.32534,1.01104,-1.94698,1.10108,1.16772,2.20139,-2.75266,-1.32422,1.00895,-1.94565,1.10136,1.16858,2.20139,0.000722622,0.00103589,0.000547401,0.000109468,-0.000118209,7.71893e-05,-9.79709e-05,0,0,0,0,0,0,0,-0.204456,26.6867,-24.6374,7.47104,0.830705,2.4996,0.0587866,-0.179442,2.1554,-3.02076,1.88878,0.181223,0.910068,0.0598823
1726553,1,-2.75261,-1.32534,1.01105,-1.94698,1.10108,1.16772,2.20139,-2.75266,-1.32422,1.00895,-1.94565,1.10136,1.16858,2.20139,0.000481748,0.000690591,0.000364934,0.000629791,0.000124644,-0.000185899,0.000409404,0,0,0,0,0,0,0,-0.204456,26.6867,-24.6374,7.44724,0.825212,2.50601,0.0459692,-0.179175,2.15415,-3.01961,1.8892,0.181272,0.910069,0.0602082
1726554,1,-2.75261,-1.32533,1.01104,-1.94698,1.10108,1.16772,2.20139,-2.75266,-1.32422,1.00895,-1.94565,1.10136,1.16858,2.20139,0.000321165,0.00157402,-0.000313523,-0.000136952,-0.000120354,0.000113426,0.000781562,0,0,0,0,0,0,0,-0.204456,26.6391,-24.6136,7.47104,0.830705,2.4996,0.0322363,-0.179864,2.15248,-3.018,1.889,0.181246,0.910063,0.0604444
1726555,1,-2.75261,-1.32534,1.01104,-1.94698,1.10108,1.16772,2.20139,-2.75266,-1.32422,1.00895,-1.94565,1.10136,1.16858,2.20139,-0.000435504,-0.00192032,0.000347797,-9.13011e-05,-8.02362e-05,7.56173e-05,0.000283683,0,0,0,0,0,0,0,-0.176685,26.766,-24.6374,7.47104,0.830705,2.4996,0.038645,-0.180422,2.15093,-3.01639,1.88882,0.181232,0.910047,0.0605869
1726556,1,-2.75261,-1.32534,1.01105,-1.94698,1.10108,1.16772,2.20139,-2.75266,-1.32422,1.00895,-1.94565,1.10136,1.16858,2.20139,-0.000290336,-7.37863e-05,0.000231865,0.000495945,0.00014996,0.00028777,0.00066384,0,0,0,0,0,0,0,-0.176685,26.7144,-24.6374,7.44724,0.825212,2.49319,0.0258276,-0.180871,2.15133,-3.01625,1.88843,0.181253,0.910075,0.0606238
1726557,1,-2.75261,-1.32534,1.01104,-1.94698,1.10108,1.16772,2.20139,-2.75266,-1.32422,1.00895,-1.94565,1.10136,1.16858,2.20139,-0.000750369,0.000600423,-0.000402236,-0.000226182,-0.000306928,-0.000282871,-0.000540784,0,0,0,0,0,0,0,-0.152882,26.6867,-24.6136,7.47104,0.836199,2.50601,0.0523779,-0.180587,2.15216,-3.0166,1.8882,0.181307,0.910092,0.0605563
1726558,1,-2.75261,-1.32534,1.01105,-1.94698,1.10108,1.16772,2.20139,-2.75266,-1.32422,1.00895,-1.94565,1.10136,1.16858,2.20139,0.00070618,-0.00201257,-0.000268157,-0.000800402,-0.000204619,4.87784e-05,0.000148103,0,0,0,0,0,0,0,-0.204456,26.7898,-24.6136,7.49881,0.836199,2.4996,0.038645,-0.179791,2.15246,-3.01644,1.88842,0.181406,0.910078,0.0603955
1726559,1,-2.75261,-1.32534,1.01105,-1.94698,1.10108,1.16772,2.20138,-2.75266,-1.32422,1.00895,-1.94565,1.10136,1.16858,2.20139,0.000470786,-0.000135287,-0.000178771,0.000116013,6.70381e-05,0.000269878,-0.00112197,0,0,0,0,0,0,0,-0.204456,26.7383,-24.6136,7.47104,0.830705,2.49319,0.071604,-0.180532,2.15404,-3.01648,1.88804,0.181492,0.910105,0.0601601
1726560,1,-2.75261,-1.32534,1.01104,-1.94698,1.10108,1.16772,2.20139,-2.75266,-1.32422,1.00895,-1.94565,1.10136,1.16858,2.20139,0.00087067,-0.000739805,-0.000768795,-0.00112908,0.000248143,-0.000294799,0.000201457,0,0,0,0,0,0,0,-0.22826,26.766,-24.5858,7.52262,0.825212,2.50601,0.0459692,-0.18288,2.15624,-3.01626,1.88702,0.18154,0.910147,0.0598837
1726561,1,-2.75261,-1.32534,1.01104,-1.94698,1.10108,1.16772,2.20138,-2.75266,-1.32422,1.00895,-1.94565,1.10136,1.16858,2.20139,-0.000625979,0.00015641,0.000137084,0.000453703,0.000368879,0.000278185,-0.000815131,0,0,0,0,0,0,0,-0.176685,26.7383,-24.6136,7.47104,0.819719,2.49319,0.071604,-0.185045,2.15765,-3.01538,1.88629,0.181591,0.910159,0.0596025
1726562,1,-2.75261,-1.32534,1.01105,-1.94698,1.10108,1.16772,2.20138,-2.75266,-1.32422,1.00895,-1.94565,1.10136,1.16858,2.20139,-0.00041732,0.000661085,0.00185463,0.000859281,4.24688e-05,-5.19023e-05,-0.0012555,0,0,0,0,0,0,0,-0.176685,26.7144,-24.689,7.44724,0.825212,2.4996,0.09083,-0.185694,2.15832,-3.01509,1.8861,0.181641,0.910171,0.0593418
1726563,1,-2.75261,-1.32534,1.01105,-1.94698,1.10108,1.16772,2.20138,-2.75266,-1.32422,1.00895,-1.94565,1.10136,1.16858,2.20139,-0.000278213,-0.000116088,2.99922e-05,-0.000633572,-0.000175138,0.000202757,-0.00107436,0,0,0,0,0,0,0,-0.176685,26.7383,-24.6374,7.49881,0.830705,2.49319,0.0972387,-0.184792,2.1586,-3.01601,1.88645,0.181687,0.910218,0.0591329
1726564,1,-2.75261,-1.32534,1.01104,-1.94698,1.10108,1.16772,2.20138,-2.75266,-1.32422,1.00895,-1.94565,1.10136,1.16858,2.20139,0.00102095,0.00047942,1.99948e-05,0.000784044,-0.000116759,-0.000339546,-0.00024152,0,0,0,0,0,0,0,-0.22826,26.7144,-24.6374,7.44724,0.830705,2.50601,0.0844213,-0.184029,2.15856,-3.01673,1.88683,0.181713,0.910255,0.059013
1726565,1,-2.75261,-1.32535,1.01105,-1.94698,1.10108,1.16772,2.20138,-2.75266,-1.32422,1.00895,-1.94565,1.10136,1.16858,2.20139,-0.00173222,-0.00144362,1.33299e-05,-3.41156e-05,-0.00028129,0.000248354,-0.00087309,0,0,0,0,0,0,0,-0.125111,26.7898,-24.6374,7.47104,0.836199,2.49319,0.103647,-0.183957,2.15869,-3.01682,1.88678,0.181714,0.910238,0.0590031
1726566,1,-2.75261,-1.32534,1.01105,-1.94698,1.10108,1.16772,2.20138,-2.75266,-1.32422,1.00895,-1.94565,1.10136,1.16858,2.20139,-0.000505198,0.000244009,8.88659e-06,0.000534068,1.59241e-05,0.000402928,0.000842093,0,0,0,0,0,0,0,-0.152882,26.7383,-24.6374,7.44724,0.830705,2.48678,0.0651953,-0.18282,2.15904,-3.017,1.88702,0.181766,0.910164,0.0591095
1726567,1,-2.75261,-1.32534,1.01104,-1.94698,1.10108,1.16772,2.20138,-2.75266,-1.32422,1.00895,-1.94565,1.10136,1.16858,2.20139,0.000220013,0.000719485,-0.000550888,-0.000200766,0.000214067,-0.000206099,-0.00038804,0,0,0,0,0,0,0,-0.176685,26.7144,-24.6136,7.47104,0.825212,2.4996,0.09083,-0.18086,2.15844,-3.01639,1.88768,0.181856,0.910018,0.0593247
1726568,1,-2.75261,-1.32534,1.01105,-1.94698,1.10108,1.16772,2.20138,-2.75266,-1.32422,1.00895,-1.94565,1.10136,1.16858,2.20139,0.000146675,-0.000726769,0.000746366,0.000422968,-0.00026419,-0.000137399,0.000216024,0,0,0,0,0,0,0,-0.176685,26.766,-24.6612,7.44724,0.836199,2.4996,0.0780126,-0.179869,2.15744,-3.01511,1.88802,0.181913,0.909858,0.0596219
1726569,1,-2.75261,-1.32534,1.01105,-1.94698,1.10108,1.16772,2.20138,-2.75266,-1.32422,1.00895,-1.94565,1.10136,1.16858,2.20139,-0.000459028,-0.000484513,-5.92349e-05,0.00083879,0.000230774,-0.000328959,0.000618734,0,0,0,0,0,0,0,-0.152882,26.766,-24.6374,7.42344,0.825212,2.50601,0.0651953,-0.180216,2.15785,-3.01469,1.88747,0.18192,0.909756,0.0599767
1726570,1,-2.75261,-1.32534,1.01105,-1.94698,1.10108,1.16772,2.20139,-2.75266,-1.32422,1.00895,-1.94565,1.10136,1.16858,2.20139,0.000900407,0.000883417,0.000517322,2.38163e-06,-4.96009e-05,-0.000219306,0.00112457,0,0,0,0,0,0,0,-0.204456,26.7144,-24.6612,7.44724,0.830705,2.50601,0.0459692,-0.181402,2.15904,-3.01478,1.8863,0.181887,0.909693,0.0603675
1726571,1,-2.75261,-1.32534,1.01105,-1.94698,1.10108,1.16772,2.20139,-2.75266,-1.32422,1.00895,-1.94565,1.10136,1.16858,2.20139,-4.93426e-05,3.21329e-05,-0.000211931,-0.000555224,0.000170383,9.11551e-05,0.0014957,0,0,0,0,0,0,0,-0.176685,26.7383,-24.6374,7.47104,0.825212,2.4996,0.0258276,-0.182652,2.15943,-3.01439,1.88537,0.181864,0.909649,0.0607573
1726572,1,-2.75261,-1.32534,1.01105,-1.94698,1.10108,1.16772,2.20139,-2.75266,-1.32422,1.00895,-1.94565,1.10136,1.16858,2.20139,0.000616719,-0.001185,0.000415525,0.000186662,0.000113589,-0.000413948,-0.000223572,0,0,0,0,0,0,0,-0.204456,26.7898,-24.6612,7.44724,0.825212,2.51242,0.0587866,-0.18393,2.15986,-3.01405,1.8847,0.181868,0.909647,0.0610917
1726573,1,-2.75261,-1.32535,1.01104,-1.94698,1.10108,1.16772,2.20139,-2.75266,-1.32422,1.00895,-1.94565,1.10136,1.16858,2.20139,0.000411146,-0.00134681,-0.000279795,0.000681254,-0.000331175,-3.86063e-05,8.83107e-05,0,0,0,0,0,0,0,-0.204456,26.8136,-24.6374,7.42344,0.836199,2.50601,0.0523779,-0.186506,2.16225,-3.0146,1.88311,0.181834,0.909707,0.0613296
1726574,1,-2.75261,-1.32534,1.01105,-1.94698,1.10108,1.16772,2.20139,-2.75266,-1.32422,1.00895,-1.94565,1.10136,1.16858,2.20139,-0.000932329,0.000865361,0.000370282,-0.00130907,-0.000220783,0.00044898,0.0005675,0,0,0,0,0,0,0,-0.152882,26.7383,-24.6612,7.49881,0.836199,2.49319,0.038645,-0.188658,2.16495,-3.01538,1.88164,0.181823,0.90978,0.0614776
1726575,1,-2.75261,-1.32534,1.01105,-1.94698,1.10108,1.16772,2.20139,-2.75266,-1.32422,1.00895,-1.94565,1.10136,1.16858,2.20139,-0.000621552,0.000576908,0.000246854,-0.000872713,-0.000147189,-0.000175398,0.000853051,0,0,0,0,0,0,0,-0.152882,26.7383,-24.6612,7.49881,0.836199,2.50601,0.0258276,-0.186862,2.16475,-3.01548,1.88277,0.181992,0.909819,0.0615555
1726576,1,-2.75261,-1.32534,1.01105,-1.94698,1.10108,1.16772,2.20139,-2.75266,-1.32422,1.00895,-1.94565,1.10136,1.16858,2.20139,0.000142444,-0.000265009,0.00016457,0.000624618,0.000512226,0.000357786,-0.000414643,0,0,0,0,0,0,0,-0.176685,26.766,-24.6612,7.44724,0.819719,2.49319,0.0523779,-0.182967,2.16278,-3.01515,1.88525,0.182248,0.909833,0.0615523
1726577,1,-2.75261,-1.32534,1.01105,-1.94698,1.10108,1.16772,2.20139,-2.75266,-1.32422,1.00895,-1.94565,1.10136,1.16858,2.20139,0.000744576,0.00167937,-0.000447099,0.000973224,-6.54173e-05,1.16515e-06,-0.000513788,0,0,0,0,0,0,0,-0.204456,26.6867,-24.6374,7.42344,0.830705,2.4996,0.0587866,-0.180944,2.16099,-3.01414,1.88632,0.182377,0.9098,0.0614561
1726578,1,-2.75261,-1.32534,1.01105,-1.94698,1.10108,1.16772,2.20139,-2.75266,-1.32422,1.00895,-1.94565,1.10136,1.16858,2.20139,-0.00015323,-8.68477e-05,-0.000854878,9.20038e-05,0.000363289,0.000475495,0.000878178,0,0,0,0,0,0,0,-0.176685,26.7383,-24.6136,7.44724,0.819719,2.48678,0.0258276,-0.18092,2.15883,-3.01168,1.88598,0.18237,0.90967,0.0612902
1726579,1,-2.75261,-1.32534,1.01104,-1.94698,1.10108,1.16772,2.20139,-2.75266,-1.32422,1.00895,-1.94565,1.10136,1.16858,2.20139,-0.000102153,0.00114853,-1.31066e-05,-0.00114509,0.000683002,-0.00039508,0.000348093,0,0,0,0,0,0,0,-0.176685,26.6867,-24.6374,7.49881,0.807817,2.50601,0.0322363,-0.180575,2.15591,-3.00844,1.88595,0.182375,0.909484,0.0610784
1726580,1,-2.75261,-1.32534,1.01104,-1.94698,1.10108,1.16772,2.20139,-2.75266,-1.32422,1.00895,-1.94565,1.10136,1.16858,2.20139,-6.81021e-05,-0.000440741,-8.73775e-06,0.000443033,-0.000392376,-0.000263387,0.00070678,0,0,0,0,0,0,0,-0.176685,26.7383,-24.6374,7.44724,0.830705,2.50601,0.0194189,-0.179238,2.15306,-3.00589,1.88673,0.182431,0.909339,0.0608156
1726581,1,-2.75261,-1.32534,1.01104,-1.94698,1.10108,1.16772,2.20139,-2.75266,-1.32422,1.00895,-1.94565,1.10136,1.16858,2.20139,-0.00125183,-0.000943441,-0.000562637,0.000852167,-0.000261584,6.17677e-05,-0.000749517,0,0,0,0,0,0,0,-0.125111,26.766,-24.6136,7.42344,0.830705,2.4996,0.0523779,-0.178011,2.15187,-3.0047,1.88712,0.18246,0.909238,0.0604828
1726582,1,-2.75261,-1.32534,1.01105,-1.94698,1.10108,1.16772,2.20139,-2.75266,-1.32422,1.00895,-1.94565,1.10136,1.16858,2.20139,0.000371874,2.06531e-05,0.000738532,0.000568111,0.000232512,0.000278537,-0.000737037,0,0,0,0,0,0,0,-0.176685,26.7383,-24.6612,7.42344,0.819719,2.49319,0.0587866,-0.177462,2.15271,-3.00484,1.88649,0.182426,0.909169,0.0600821
1726583,1,-2.75261,-1.32534,1.01104,-1.94698,1.10108,1.16772,2.20139,-2.75266,-1.32422,1.00895,-1.94565,1.10136,1.16858,2.20139,0.00145434,1.37687e-05,-0.000621269,-0.000178071,0.000155008,0.000185692,-1.66399e-05,0,0,0,0,0,0,0,-0.22826,26.7383,-24.6136,7.44724,0.819719,2.49319,0.0459692,-0.178701,2.15472,-3.00554,1.88482,0.182302,0.909162,0.0596496
1726584,1,-2.75261,-1.32534,1.01104,-1.94698,1.10108,1.16772,2.20139,-2.75266,-1.32422,1.00895,-1.94565,1.10136,1.16858,2.20139,-0.000236864,0.000565991,-0.000414179,-0.000675526,0.000103339,0.000123794,-0.000485811,0,0,0,0,0,0,0,-0.176685,26.7144,-24.6136,7.47104,0.819719,2.49319,0.0587866,-0.18117,2.15631,-3.0055,1.88295,0.182139,0.909167,0.0592222
1726585,1,-2.75261,-1.32534,1.01104,-1.94698,1.10108,1.16772,2.20139,-2.75266,-1.32422,1.00895,-1.94565,1.10136,1.16858,2.20139,-0.000714722,-0.000829098,-0.000925733,0.000106461,-0.000338009,-0.000392188,0.00065947,0,0,0,0,0,0,0,-0.152882,26.766,-24.5858,7.44724,0.830705,2.50601,0.0322363,-0.182182,2.15651,-3.00453,1.88221,0.182049,0.909112,0.0588179
1726586,1,-2.75261,-1.32534,1.01105,-1.94698,1.10108,1.16772,2.20139,-2.75266,-1.32422,1.00895,-1.94565,1.10136,1.16858,2.20139,8.03309e-05,0.000653694,0.00114608,0.000627786,0.000181562,-0.000736177,-0.00101842,0,0,0,0,0,0,0,-0.176685,26.7144,-24.6612,7.42344,0.819719,2.51882,0.071604,-0.181766,2.1565,-3.00393,1.88209,0.182,0.909048,0.0584392
1726587,1,-2.75261,-1.32534,1.01105,-1.94698,1.10108,1.16772,2.20139,-2.75266,-1.32422,1.00895,-1.94565,1.10136,1.16858,2.20139,0.000703168,-0.000121016,0.000764055,-0.000138288,-8.24092e-05,-1.60666e-05,0.000270492,0,0,0,0,0,0,0,-0.204456,26.7383,-24.6612,7.44724,0.825212,2.50601,0.0459692,-0.18176,2.15745,-3.00483,1.88155,0.181903,0.909097,0.0580871
1726588,1,-2.75261,-1.32534,1.01105,-1.94698,1.10108,1.16772,2.20139,-2.75266,-1.32422,1.00895,-1.94565,1.10136,1.16858,2.20139,-0.000737647,0.000476134,0.00050937,-0.00129862,-0.00025839,0.000226648,-5.70308e-05,0,0,0,0,0,0,0,-0.152882,26.7144,-24.6612,7.49881,0.830705,2.4996,0.0523779,-0.181524,2.15864,-3.00681,1.88138,0.181825,0.909262,0.0577717
1726589,1,-2.75261,-1.32534,1.01105,-1.94698,1.10108,1.16772,2.20139,-2.75266,-1.32422,1.00895,-1.94565,1.10136,1.16858,2.20139,-0.00114138,0.000317423,0.00033958,0.000897493,3.11905e-05,0.000151099,0.000199338,0,0,0,0,0,0,0,-0.125111,26.7144,-24.6612,7.42344,0.825212,2.4996,0.0459692,-0.179134,2.15866,-3.00874,1.88255,0.18185,0.909425,0.0574936
1726590,1,-2.75261,-1.32534,1.01105,-1.94698,1.10108,1.16772,2.20138,-2.75266,-1.32422,1.00895,-1.94565,1.10136,1.16858,2.20139,0.00109512,0.000211615,0.000876001,-0.000515295,-0.000386107,-0.000136627,-0.00129126,0,0,0,0,0,0,0,-0.204456,26.7144,-24.689,7.47104,0.836199,2.50601,0.0844213,-0.176211,2.15823,-3.01047,1.88381,0.181884,0.90956,0.057241
1726591,1,-2.75261,-1.32534,1.01104,-1.94698,1.10108,1.16772,2.20138,-2.75266,-1.32422,1.00895,-1.94565,1.10136,1.16858,2.20139,-0.00112596,0.000790691,-0.000622426,-0.000993144,-0.000460855,-9.10844e-05,-0.000386123,0,0,0,0,0,0,0,-0.125111,26.6867,-24.6374,7.49881,0.841692,2.50601,0.071604,-0.173977,2.15755,-3.01165,1.88486,0.181912,0.909687,0.0570211
1726592,1,-2.75261,-1.32534,1.01104,-1.94698,1.10108,1.16772,2.20139,-2.75266,-1.32422,1.00895,-1.94565,1.10136,1.16858,2.20139,-0.00075064,0.000527127,-0.000971762,-0.000662096,0.000506565,0.000176636,0.000217303,0,0,0,0,0,0,0,-0.125111,26.6867,-24.6136,7.49881,0.819719,2.4996,0.0587866,-0.170348,2.15483,-3.01103,1.88704,0.182043,0.909711,0.0568615
1726593,1,-2.75261,-1.32534,1.01105,-1.94698,1.10108,1.16771,2.20139,-2.75266,-1.32422,1.00895,-1.94565,1.10136,1.16858,2.20139,0.00246924,-0.00150462,0.00167221,0.000208216,-6.9191e-05,0.000117757,0.000144868,0,0,0,0,0,0,0,-0.252064,26.766,-24.7128,7.47104,0.830705,2.4996,0.0587866,-0.168111,2.15283,-3.01013,1.88847,0.182148,0.909724,0.0567659
1726594,1,-2.75261,-1.32534,1.01105,-1.94698,1.10108,1.16772,2.20138,-2.75266,-1.32422,1.00895,-1.94565,1.10136,1.16858,2.20139,-0.00132351,0.000203345,-0.00120524,-0.000510803,0.000157323,-0.000396213,-0.000615498,0,0,0,0,0,0,0,-0.125111,26.7144,-24.6136,7.49881,0.825212,2.51242,0.0780126,-0.169721,2.1541,-3.01074,1.88762,0.182112,0.909851,0.056716
1726595,1,-2.75261,-1.32534,1.01105,-1.94698,1.10108,1.16772,2.20138,-2.75266,-1.32422,1.00895,-1.94565,1.10136,1.16858,2.20139,0.000973703,0.000785177,-0.000246684,0.000309079,0.000104882,-2.6783e-05,-0.000410332,0,0,0,0,0,0,0,-0.204456,26.6867,-24.6374,7.47104,0.825212,2.50601,0.0780126,-0.171689,2.15512,-3.01071,1.88649,0.182052,0.909929,0.05671
1726596,1,-2.75261,-1.32534,1.01104,-1.94698,1.10108,1.16772,2.20139,-2.75266,-1.32422,1.00895,-1.94565,1.10136,1.16858,2.20139,-0.000557291,-0.00133259,-0.000164456,0.000206052,-0.000133529,-1.78554e-05,0.00091324,0,0,0,0,0,0,0,-0.152882,26.766,-24.6374,7.47104,0.830705,2.50601,0.0459692,-0.17334,2.15528,-3.00973,1.88541,0.181981,0.909933,0.0567559
1726597,1,-2.75261,-1.32534,1.01105,-1.94698,1.10108,1.16772,2.20138,-2.75266,-1.32422,1.00895,-1.94565,1.10136,1.16858,2.20139,0.00139171,-0.000238778,0.00109679,-0.000512246,0.000114431,-0.000249263,-0.000340609,0,0,0,0,0,0,0,-0.22826,26.7383,-24.689,7.49881,0.825212,2.51242,0.071604,-0.175966,2.15708,-3.01005,1.88369,0.181875,0.910022,0.0568458
1726598,1,-2.75261,-1.32534,1.01105,-1.94698,1.10108,1.16772,2.20138,-2.75266,-1.32422,1.00895,-1.94565,1.10136,1.16858,2.20139,-0.000278619,0.000397626,8.15784e-05,0.000864929,7.62874e-05,0.000308543,-0.000464432,0,0,0,0,0,0,0,-0.176685,26.7144,-24.6612,7.44724,0.825212,2.4996,0.0780126,-0.179152,2.15988,-3.01162,1.88172,0.181744,0.91021,0.0569615
1726599,1,-2.75261,-1.32534,1.01105,-1.94698,1.10108,1.16772,2.20138,-2.75266,-1.32422,1.00895,-1.94565,1.10136,1.16858,2.20139,0.000463868,-0.000941342,-0.000502426,0.000576619,-0.000559493,0.000205695,-0.000309621,0,0,0,0,0,0,0,-0.204456,26.766,-24.6374,7.44724,0.841692,2.4996,0.0780126,-0.182331,2.1623,-3.01288,1.8796,0.181586,0.910369,0.057099
1726600,1,-2.75261,-1.32534,1.01105,-1.94698,1.10108,1.16772,2.20138,-2.75266,-1.32422,1.00895,-1.94565,1.10136,1.16858,2.20139,-0.000340369,-0.000627561,0.000871475,-0.000822013,-0.000169545,-0.000100229,-0.000206414,0,0,0,0,0,0,0,-0.176685,26.766,-24.689,7.49881,0.836199,2.50601,0.0780126,-0.184883,2.16464,-3.01402,1.87776,0.181468,0.910494,0.0572692
1726601,1,-2.75261,-1.32534,1.01105,-1.94698,1.10108,1.16772,2.20139,-2.75266,-1.32422,1.00895,-1.94565,1.10136,1.16858,2.20139,0.000422702,0.00023124,-0.000625443,-0.000548009,0.000293871,-0.000304178,0.00104919,0,0,0,0,0,0,0,-0.204456,26.7383,-24.6374,7.49881,0.825212,2.51242,0.0459692,-0.185962,2.1664,-3.01534,1.87715,0.181466,0.91064,0.0574835
1726602,1,-2.75261,-1.32534,1.01105,-1.94698,1.10108,1.16772,2.20138,-2.75266,-1.32422,1.00895,-1.94565,1.10136,1.16858,2.20139,0.000281801,0.00015416,-0.000973774,-0.000365339,0.000399365,3.45735e-05,-0.00143677,0,0,0,0,0,0,0,-0.204456,26.7383,-24.6136,7.49881,0.819719,2.50601,0.103647,-0.185959,2.16631,-3.01526,1.87765,0.18154,0.910728,0.0577299
1726603,1,-2.75261,-1.32534,1.01105,-1.94698,1.10108,1.16772,2.20138,-2.75266,-1.32422,1.00895,-1.94565,1.10136,1.16858,2.20139,-0.000461747,-0.000546841,-0.000649182,0.000962866,-0.000140658,2.3049e-05,-8.41329e-06,0,0,0,0,0,0,0,-0.176685,26.766,-24.6136,7.44724,0.830705,2.50601,0.0780126,-0.185859,2.165,-3.01352,1.8782,0.181604,0.910713,0.0579922
1726604,1,-2.75261,-1.32534,1.01105,-1.94698,1.10108,1.16772,2.20138,-2.75266,-1.32422,1.00895,-1.94565,1.10136,1.16858,2.20139,0.000341783,-0.00036456,0.00133045,8.5099e-05,0.000313129,-0.000459352,-5.60886e-06,0,0,0,0,0,0,0,-0.204456,26.766,-24.689,7.47104,0.819719,2.51882,0.0780126,-0.186041,2.1645,-3.01239,1.87822,0.18162,0.910712,0.058285
1726605,1,-2.75261,-1.32534,1.01104,-1.94698,1.10108,1.16772,2.20138,-2.75266,-1.32422,1.00895,-1.94565,1.10136,1.16858,2.20139,-0.000421759,0.000406574,-0.00031946,5.67327e-05,-0.000198148,0.000405842,-0.000715816,0,0,0,0,0,0,0,-0.176685,26.7383,-24.6374,7.47104,0.830705,2.4996,0.0972387,-0.186128,2.16494,-3.01276,1.87815,0.181618,0.910811,0.05862
1726606,1,-2.7526,-1.32534,1.01105,-1.94698,1.10108,1.16772,2.20139,-2.75266,-1.32422,1.00895,-1.94565,1.10136,1.16858,2.20139,0.000925253,0.000271049,0.000993453,3.78218e-05,-0.000335549,0.000270561,0.0011843,0,0,0,0,0,0,0,-0.22826,26.7383,-24.689,7.47104,0.836199,2.4996,0.0523779,-0.185871,2.1651,-3.0135,1.87844,0.181622,0.910957,0.0589963
1726607,1,-2.75261,-1.32534,1.01105,-1.94698,1.10108,1.16772,2.20139,-2.75266,-1.32422,1.00895,-1.94565,1.10136,1.16858,2.20139,-0.00058959,0.000180699,0.000662302,2.52145e-05,-2.02491e-05,-5.69846e-05,0.000552176,0,0,0,0,0,0,0,-0.176685,26.7383,-24.689,7.47104,0.830705,2.50601,0.0587866,-0.185581,2.16515,-3.0146,1.8789,0.18163,0.911139,0.0594047
1726608,1,-2.75261,-1.32534,1.01105,-1.94698,1.10108,1.16771,2.20138,-2.75266,-1.32422,1.00895,-1.94565,1.10136,1.16858,2.20139,-0.00159949,0.000677278,-0.000764891,0.000573622,-1.34994e-05,-0.000275349,0.000130758,0,0,0,0,0,0,0,-0.125111,26.7144,-24.6374,7.44724,0.830705,2.51242,0.0651953,-0.183737,2.16431,-3.01554,1.88012,0.1817,0.911276,0.0598132
1726609,1,-2.75261,-1.32534,1.01105,-1.94698,1.10108,1.16772,2.20138,-2.75266,-1.32422,1.00895,-1.94565,1.10136,1.16858,2.20139,0.000140102,0.00110113,4.68844e-05,-0.000824011,-8.9996e-06,0.000291152,-0.000624905,0,0,0,0,0,0,0,-0.176685,26.6867,-24.6612,7.49881,0.830705,2.4996,0.0844213,-0.179658,2.16129,-3.01497,1.88254,0.18186,0.911285,0.0601936
1726610,1,-2.75261,-1.32534,1.01105,-1.94698,1.10108,1.16772,2.20139,-2.75266,-1.32422,1.00895,-1.94565,1.10136,1.16858,2.20139,-0.000463411,-0.00112195,0.00068087,0.000100273,-5.99973e-06,0.000194101,0.00100755,0,0,0,0,0,0,0,-0.152882,26.766,-24.689,7.47104,0.830705,2.4996,0.0459692,-0.175575,2.1581,-3.01419,1.88514,0.182047,0.911293,0.0605439
1726611,1,-2.75261,-1.32534,1.01105,-1.94698,1.10108,1.16772,2.20138,-2.75266,-1.32422,1.00895,-1.94565,1.10136,1.16858,2.20139,0.0014543,-9.83536e-05,-0.0001957,0.000623661,-3.99982e-06,-0.000582676,-4.03765e-05,0,0,0,0,0,0,0,-0.22826,26.7383,-24.6612,7.44724,0.830705,2.51882,0.0651953,-0.174322,2.15757,-3.01468,1.88609,0.182146,0.911394,0.0608619
1726612,1,-2.75261,-1.32534,1.01105,-1.94698,1.10108,1.16772,2.20139,-2.75266,-1.32422,1.00895,-1.94565,1.10136,1.16858,2.20139,-0.000236894,-6.55691e-05,0.000519147,-0.000790652,0.000200784,-0.000151092,0.000210441,0,0,0,0,0,0,0,-0.176685,26.7383,-24.689,7.49881,0.825212,2.51242,0.0587866,-0.175946,2.15899,-3.01573,1.88541,0.18214,0.911556,0.0611375
1726613,1,-2.75261,-1.32534,1.01105,-1.94698,1.10108,1.16772,2.20139,-2.75266,-1.32422,1.00895,-1.94565,1.10136,1.16858,2.20139,0.000491684,0.000513099,-0.000860328,-0.000527101,-6.95945e-05,-0.000100728,-0.000571783,0,0,0,0,0,0,0,-0.204456,26.7144,-24.6374,7.49881,0.830705,2.51242,0.0780126,-0.177593,2.15983,-3.01626,1.88504,0.182153,0.911722,0.0613704
1726614,1,-2.75261,-1.32534,1.01105,-1.94698,1.10108,1.16772,2.20139,-2.75266,-1.32422,1.00895,-1.94565,1.10136,1.16858,2.20139,-0.000321824,0.000342066,-1.674e-05,-0.000351401,-0.000249847,-0.000304511,0.000805606,0,0,0,0,0,0,0,-0.176685,26.7144,-24.6612,7.49881,0.836199,2.51882,0.0459692,-0.178042,2.15911,-3.01568,1.88561,0.182228,0.911841,0.061571
1726615,1,-2.75261,-1.32534,1.01105,-1.94698,1.10108,1.16772,2.20139,-2.75266,-1.32422,1.00895,-1.94565,1.10136,1.16858,2.20139,0.000435064,0.000228044,-0.000567972,0.000415347,0.000240336,0.000271711,0.000537071,0,0,0,0,0,0,0,-0.204456,26.7144,-24.6374,7.47104,0.825212,2.50601,0.0459692,-0.178128,2.15764,-3.0144,1.88634,0.182305,0.911919,0.0617432
1726616,1,-2.75261,-1.32534,1.01105,-1.94698,1.10108,1.16772,2.20139,-2.75266,-1.32422,1.00895,-1.94565,1.10136,1.16858,2.20139,-0.000359571,0.000152029,0.000178164,-0.000372716,-0.000246677,0.00018114,0.000120688,0,0,0,0,0,0,0,-0.176685,26.7144,-24.6612,7.49881,0.836199,2.50601,0.0523779,-0.178352,2.15633,-3.01317,1.88677,0.182361,0.911991,0.0618722
1726617,1,-2.75261,-1.32534,1.01105,-1.94698,1.10108,1.16772,2.20139,-2.75266,-1.32422,1.00895,-1.94565,1.10136,1.16858,2.20139,-0.000239714,0.000101353,-0.000438036,0.00151476,-0.000164451,-0.000116599,0.000589085,0,0,0,0,0,0,0,-0.176685,26.7144,-24.6374,7.42344,0.836199,2.51242,0.038645,-0.17858,2.15543,-3.0123,1.88686,0.182396,0.912063,0.0619432
1726618,1,-2.75261,-1.32534,1.01105,-1.94698,1.10108,1.16771,2.20139,-2.75266,-1.32422,1.00895,-1.94565,1.10136,1.16858,2.20139,0.00160343,-0.000489243,0.000264788,-0.000103784,-0.000313085,-7.77324e-05,0.000121456,0,0,0,0,0,0,0,-0.252064,26.7383,-24.6612,7.47104,0.841692,2.51242,0.0459692,-0.180229,2.15577,-3.01199,1.88582,0.182361,0.91216,0.0619496
1726619,1,-2.75261,-1.32534,1.01105,-1.94698,1.10108,1.16772,2.20139,-2.75266,-1.32422,1.00895,-1.94565,1.10136,1.16858,2.20139,-4.46716e-05,-0.000326162,0.00138295,-0.000718803,0.000198178,0.000185537,0.000589597,0,0,0,0,0,0,0,-0.204456,26.7383,-24.7128,7.49881,0.830705,2.50601,0.0322363,-0.183568,2.15796,-3.01315,1.88399,0.182296,0.912389,0.0618894
1726620,1,-2.75261,-1.32534,1.01105,-1.94698,1.10108,1.16772,2.20139,-2.75266,-1.32422,1.00895,-1.94565,1.10136,1.16858,2.20139,-0.00123621,0.000988984,0.000921967,0.000170412,0.000335569,-0.000113667,0.000630424,0,0,0,0,0,0,0,-0.152882,26.6867,-24.7128,7.47104,0.825212,2.51242,0.0258276,-0.185059,2.16019,-3.01602,1.88346,0.182347,0.912733,0.0617674
1726621,1,-2.75261,-1.32534,1.01105,-1.94698,1.10108,1.16772,2.20139,-2.75266,-1.32422,1.00895,-1.94565,1.10136,1.16858,2.20139,0.000382288,-0.000547103,-0.000591781,-0.000536006,0.000427163,0.00039894,-0.000563062,0,0,0,0,0,0,0,-0.204456,26.7383,-24.6612,7.49881,0.819719,2.4996,0.0523779,-0.183796,2.16082,-3.01883,1.88449,0.182509,0.913038,0.0615758
1726622,1,-2.75261,-1.32534,1.01105,-1.94698,1.10108,1.16772,2.20139,-2.75266,-1.32422,1.00895,-1.94565,1.10136,1.16858,2.20139,-0.000394755,0.000841691,-0.000951333,-0.000357337,8.1325e-05,0.00026596,0.00060797,0,0,0,0,0,0,0,-0.176685,26.6867,-24.6374,7.49881,0.825212,2.4996,0.0258276,-0.181991,2.15988,-3.01973,1.88598,0.182693,0.913209,0.0613092
1726623,0.99,-2.75261,-1.32534,1.01105,-1.94698,1.10108,1.16772,2.20138,-2.75266,-1.32422,1.00895,-1.94565,1.10136,1.16858,2.20139,-0.00026317,-0.00185172,-7.74098e-05,-0.000238225,5.42167e-05,-6.00524e-05,-0.00152747,0,0,0,0,0,0,0,-0.176685,26.7898,-24.6612,7.49881,0.825212,2.50601,0.0780126,-0.18044,2.15848,-3.01929,1.88741,0.182864,0.913275,0.0609804
1726624,0.98,-2.75261,-1.32534,1.01105,-1.94698,1.10108,1.16772,2.20138,-2.75266,-1.32422,1.00895,-1.94565,1.10136,1.16858,2.20139,-0.000732259,0.00117837,-0.000608418,0.000490797,0.000239595,-0.000277394,-0.00101831,0,0,0,0,0,0,0,-0.152882,26.6867,-24.6374,7.47104,0.819719,2.51242,0.0780126,-0.179073,2.15759,-3.01885,1.88856,0.182999,0.913302,0.0606158
1726625,0.98,-2.75261,-1.32534,1.01105,-1.94698,1.10108,1.16772,2.20139,-2.75266,-1.32422,1.00895,-1.94565,1.10136,1.16858,2.20139,0.000718253,0.000135965,0.000800814,0.00088401,-4.37205e-05,-0.000184929,0.000507921,0,0,0,0,0,0,0,-0.204456,26.7144,-24.689,7.44724,0.825212,2.51242,0.0459692,-0.178343,2.15674,-3.01841,1.88907,0.183039,0.913313,0.060267
1726626,0.98,-2.75261,-1.32534,1.01105,-1.94698,1.10108,1.16772,2.20138,-2.75266,-1.32422,1.00895,-1.94565,1.10136,1.16858,2.20139,0.000478836,-0.000466169,0.000533876,3.25282e-05,-2.9147e-05,0.000114073,-0.00179762,0,0,0,0,0,0,0,-0.204456,26.7383,-24.689,7.47104,0.825212,2.50601,0.103647,-0.179485,2.15693,-3.01879,1.88838,0.182947,0.913396,0.0599669
1726627,0.98,-2.75261,-1.32534,1.01105,-1.94698,1.10108,1.16772,2.20138,-2.75266,-1.32422,1.00895,-1.94565,1.10136,1.16858,2.20139,-0.00033039,-0.000960393,-0.000850509,-0.000627928,-0.000222882,0.000313407,-1.16165e-05,0,0,0,0,0,0,0,-0.176685,26.766,-24.6374,7.49881,0.830705,2.4996,0.071604,-0.18173,2.15857,-3.02011,1.88717,0.18282,0.913555,0.0597271
1726628,0.98,-2.75261,-1.32534,1.01105,-1.94698,1.10108,1.16771,2.20138,-2.75266,-1.32422,1.00895,-1.94565,1.10136,1.16858,2.20139,-0.000777072,9.35197e-06,-1.01939e-05,0.000230995,5.48626e-05,-2.84206e-05,-0.000482462,0,0,0,0,0,0,0,-0.152882,26.7383,-24.6612,7.47104,0.825212,2.50601,0.0844213,-0.182746,2.15986,-3.02108,1.88679,0.182767,0.91367,0.0595737
1726629,0.98,-2.75261,-1.32534,1.01105,-1.94698,1.10108,1.16772,2.20139,-2.75266,-1.32422,1.00895,-1.94565,1.10136,1.16858,2.20139,0.000688378,6.23465e-06,0.000642818,0.000153997,3.65751e-05,-0.000493665,0.000627794,0,0,0,0,0,0,0,-0.204456,26.7383,-24.689,7.47104,0.825212,2.51882,0.0587866,-0.18281,2.16055,-3.02188,1.88692,0.182742,0.913758,0.05952
1726630,0.98,-2.75261,-1.32534,1.01105,-1.94698,1.10108,1.16772,2.20138,-2.75266,-1.32422,1.00895,-1.94565,1.10136,1.16858,2.20139,-0.000190695,4.15643e-06,0.000985357,0.000659476,2.43834e-05,0.000145608,-0.00148034,0,0,0,0,0,0,0,-0.176685,26.7383,-24.7128,7.44724,0.825212,2.50601,0.110056,-0.183462,2.16167,-3.02344,1.88662,0.182663,0.913905,0.059552
1726631,0.98,-2.75261,-1.32534,1.01105,-1.94698,1.10108,1.16771,2.20139,-2.75266,-1.32422,1.00895,-1.94565,1.10136,1.16858,2.20139,-0.000683942,2.77095e-06,0.000656905,0.000439651,-0.000187195,-0.000140287,-3.74589e-05,0,0,0,0,0,0,0,-0.152882,26.7383,-24.7128,7.44724,0.830705,2.51242,0.0844213,-0.184068,2.16315,-3.02584,1.88612,0.182555,0.914099,0.0596612
1726632,0.98,-2.75261,-1.32534,1.01105,-1.94698,1.10108,1.16772,2.20139,-2.75266,-1.32422,1.00895,-1.94565,1.10136,1.16858,2.20139,0.00010085,0.00120827,-0.000768489,-0.000263711,7.86539e-05,-9.35247e-05,0.000212386,0,0,0,0,0,0,0,-0.176685,26.6867,-24.6612,7.47104,0.825212,2.51242,0.0780126,-0.183453,2.16331,-3.02751,1.88625,0.182486,0.914241,0.0598587
1726633,0.98,-2.75261,-1.32534,1.01105,-1.94698,1.10108,1.16772,2.20138,-2.75266,-1.32422,1.00895,-1.94565,1.10136,1.16858,2.20139,6.72337e-05,-0.00040091,0.000137288,0.005754,-0.000354465,0.000175009,0.000141591,0,0,0,0,0,0,0,-0.176685,26.7383,-24.689,7.49881,0.836199,2.50601,0.0780126,-0.18407,2.16271,-3.02739,1.88509,0.18231,0.914247,0.060134
1726634,0.98,-2.75261,-1.32534,1.01105,-1.94699,1.10108,1.16772,2.20138,-2.75266,-1.32422,1.00895,-1.94565,1.10136,1.16858,2.20139,-0.00051199,-0.000267274,0.00120515,0.00327066,0.0006114,0.000354032,0.000331753,0,0,0,0,0,0,0,-0.152882,26.7383,-24.7366,7.54642,0.81331,2.4996,0.071604,-0.18851,2.16455,-3.02747,1.88008,0.181852,0.914173,0.0604552
1726635,0.98,-2.75261,-1.32534,1.01105,-1.94698,1.10108,1.16772,2.20138,-2.75266,-1.32422,1.00895,-1.94565,1.10136,1.16858,2.20139,0.0008651,0.00037863,0.000246621,0.00435489,-3.32092e-05,0.000236021,-0.000728267,0,0,0,0,0,0,0,-0.204456,26.7144,-24.7128,7.47104,0.825212,2.4996,0.0972387,-0.195602,2.16887,-3.02883,1.87253,0.181204,0.914112,0.0608042
1726636,0.98,-2.75261,-1.32534,1.01105,-1.94698,1.10108,1.16771,2.20138,-2.75266,-1.32422,1.00895,-1.94565,1.10136,1.16858,2.20139,0.000576733,0.000902034,0.000164414,0.00321167,0.000181311,-0.000554729,-1.07936e-05,0,0,0,0,0,0,0,-0.204456,26.6867,-24.7128,7.47104,0.819719,2.51882,0.0844213,-0.203938,2.17322,-3.02993,1.86444,0.180489,0.914047,0.0611783
1726637,0.98,-2.75261,-1.32534,1.01105,-1.94698,1.10108,1.16771,2.20138,-2.75266,-1.32422,1.00895,-1.94565,1.10136,1.16858,2.20139,-0.000821937,-0.00060507,-0.00109682,0.00172281,-0.000286027,-0.00036982,-0.000244555,0,0,0,0,0,0,0,-0.152882,26.7383,-24.6612,7.49881,0.830705,2.51882,0.09083,-0.211137,2.17592,-3.02982,1.85781,0.179868,0.913941,0.0615863
1726638,0.98,-2.75261,-1.32534,1.01105,-1.94698,1.10108,1.16772,2.20138,-2.75266,-1.32422,1.00895,-1.94565,1.10136,1.16858,2.20139,0.000658468,0.000153432,0.000475215,0.00197163,0.000216216,0.000228171,0.00054904,0,0,0,0,0,0,0,-0.204456,26.7144,-24.7128,7.47104,0.819719,2.50601,0.071604,-0.215361,2.17699,-3.02914,1.85397,0.179473,0.91384,0.0620313
1726639,0.98,-2.75261,-1.32534,1.01105,-1.94698,1.10108,1.16772,2.20138,-2.75266,-1.32422,1.00895,-1.94565,1.10136,1.16858,2.20139,-0.000767447,0.000102288,0.000873622,0.00255816,-5.93063e-05,-0.000322604,-0.000583409,0,0,0,0,0,0,0,-0.152882,26.7144,-24.7366,7.42344,0.825212,2.51882,0.0972387,-0.2175,2.17761,-3.0293,1.85209,0.179236,0.913834,0.0625036
1726640,0.98,-2.75261,-1.32534,1.01105,-1.94698,1.10108,1.16772,2.20138,-2.75266,-1.32422,1.00895,-1.94565,1.10136,1.16858,2.20139,-0.000511632,6.81919e-05,-0.00118082,0.000689397,-3.95375e-05,-0.000215069,-0.00015158,0,0,0,0,0,0,0,-0.152882,26.7144,-24.6612,7.47104,0.825212,2.51882,0.09083,-0.217264,2.17733,-3.03001,1.85208,0.17914,0.91389,0.0629944
1726641,0.98,-2.75261,-1.32534,1.01105,-1.94698,1.10108,1.16772,2.20138,-2.75266,-1.32422,1.00895,-1.94565,1.10136,1.16858,2.20139,0.000215724,4.54613e-05,-0.000137602,-0.000116829,-0.000229809,9.39796e-05,0.000136305,0,0,0,0,0,0,0,-0.176685,26.7144,-24.689,7.49881,0.830705,2.51242,0.0844213,-0.214408,2.17517,-3.02987,1.85441,0.179235,0.913951,0.0635061
1726642,0.98,-2.75261,-1.32534,1.01105,-1.94698,1.10108,1.16771,2.20138,-2.75266,-1.32422,1.00895,-1.94565,1.10136,1.16858,2.20139,0.000143816,3.03075e-05,0.000465078,-2.29957e-05,-0.000356656,6.26531e-05,0.000328229,0,0,0,0,0,0,0,-0.176685,26.7144,-24.7128,7.49881,0.836199,2.51242,0.0780126,-0.210233,2.17209,-3.0296,1.85848,0.179481,0.91409,0.0640393
1726643,0.98,-2.75261,-1.32534,1.01105,-1.94698,1.10108,1.16771,2.20139,-2.75266,-1.32422,1.00895,-1.94565,1.10136,1.16858,2.20139,0.000745491,-0.000536607,-0.00145319,2.58374e-05,-3.43204e-05,4.17687e-05,0.000930896,0,0,0,0,0,0,0,-0.204456,26.7383,-24.6374,7.49881,0.830705,2.51242,0.0587866,-0.206292,2.16924,-3.0296,1.86302,0.179786,0.91431,0.0645787
1726644,0.98,-2.75261,-1.32534,1.01105,-1.94698,1.10108,1.16772,2.20139,-2.75266,-1.32422,1.00895,-1.94565,1.10136,1.16858,2.20139,-0.000709432,-0.000357738,0.000237635,0.000697715,-2.28803e-05,2.78458e-05,0.00109532,0,0,0,0,0,0,0,-0.152882,26.7383,-24.689,7.47104,0.830705,2.51242,0.0459692,-0.203063,2.16685,-3.02933,1.86722,0.180094,0.914525,0.0650965
1726645,0.98,-2.75261,-1.32534,1.01105,-1.94698,1.10108,1.16772,2.20139,-2.75266,-1.32422,1.00895,-1.94565,1.10136,1.16858,2.20139,-0.000472954,0.00031832,0.00127205,-0.000161314,-1.52535e-05,1.85639e-05,0.000492851,0,0,0,0,0,0,0,-0.152882,26.7144,-24.7366,7.49881,0.830705,2.51242,0.0523779,-0.199088,2.16489,-3.03006,1.87153,0.180427,0.914777,0.0655603
1726646,0.98,-2.75261,-1.32534,1.01105,-1.94698,1.10108,1.16771,2.20139,-2.75266,-1.32422,1.00895,-1.94565,1.10136,1.16858,2.20139,0.000241509,0.000861827,-0.000915206,-9.0175e-05,0.000193282,1.23759e-05,0.00178663,0,0,0,0,0,0,0,-0.176685,26.6867,-24.6612,7.49881,0.825212,2.51242,0.0130102,-0.193939,2.16247,-3.03152,1.8764,0.180795,0.91507,0.0659407
1726647,0.98,-2.75261,-1.32534,1.01105,-1.94698,1.10108,1.16771,2.20139,-2.75266,-1.32422,1.00895,-1.94565,1.10136,1.16858,2.20139,-0.000395806,-0.00128149,0.000596288,0.00115934,0.000128854,8.25061e-06,-2.96167e-05,0,0,0,0,0,0,0,-0.152882,26.766,-24.7128,7.44724,0.825212,2.51242,0.0459692,-0.189429,2.15998,-3.03258,1.88072,0.181117,0.915332,0.0662023
1726648,0.98,-2.75261,-1.32534,1.01105,-1.94698,1.10108,1.16772,2.20139,-2.75266,-1.32422,1.00895,-1.94565,1.10136,1.16858,2.20139,0.000942555,-0.000854326,0.000397526,-0.000423767,8.59029e-05,5.50041e-06,0.0009636,0,0,0,0,0,0,0,-0.204456,26.766,-24.7128,7.49881,0.825212,2.51242,0.0194189,-0.187126,2.15975,-3.03453,1.88333,0.181334,0.91563,0.0663153
1726649,0.98,-2.75261,-1.32534,1.01105,-1.94698,1.10108,1.16772,2.20139,-2.75266,-1.32422,1.00895,-1.94565,1.10136,1.16858,2.20139,-2.12438e-05,0.000636876,0.000821829,-0.000831996,-0.000349632,0.000241026,-0.000578303,0,0,0,0,0,0,0,-0.176685,26.7144,-24.7366,7.52262,0.836199,2.50601,0.0523779,-0.186051,2.16095,-3.03754,1.8853,0.181511,0.91601,0.0662816
1726650,0.98,-2.75261,-1.32534,1.01105,-1.94698,1.10108,1.16772,2.20139,-2.75266,-1.32422,1.00895,-1.94565,1.10136,1.16858,2.20139,0.000635451,-0.000781842,-8.92595e-06,0.000657257,-2.96378e-05,0.000160684,0.00107253,0,0,0,0,0,0,0,-0.204456,26.766,-24.7128,7.47104,0.830705,2.50601,0.0130102,-0.185006,2.16171,-3.04039,1.88745,0.181689,0.916391,0.0661181
1726651,0.98,-2.75261,-1.32534,1.01105,-1.94698,1.10108,1.16772,2.20139,-2.75266,-1.32422,1.00895,-1.94565,1.10136,1.16858,2.20139,0.000980446,-0.000521228,-5.95063e-06,-0.000207321,-0.000223209,-0.000604954,2.94086e-06,0,0,0,0,0,0,0,-0.22826,26.766,-24.7128,7.49881,0.836199,2.52523,0.0322363,-0.185329,2.16287,-3.04273,1.88864,0.181796,0.91672,0.0658369
1726652,0.98,-2.75261,-1.32534,1.01106,-1.94699,1.10108,1.16771,2.20139,-2.75266,-1.32422,1.00895,-1.94565,1.10136,1.16858,2.20139,9.68189e-05,0.00085894,0.00120246,-0.00124875,-0.000148806,7.14151e-05,0.000476678,0,0,0,0,0,0,0,-0.204456,26.7144,-24.7643,7.54642,0.836199,2.51242,0.0194189,-0.186203,2.16394,-3.04477,1.88961,0.181891,0.917034,0.0654485
1726653,0.97,-2.75261,-1.32534,1.01105,-1.94698,1.10108,1.16771,2.20139,-2.75266,-1.32422,1.00895,-1.94565,1.10136,1.16858,2.20139,-0.000585068,1.5815e-05,0.000152025,0.000933058,0.000511148,4.761e-05,-0.000394291,0,0,0,0,0,0,0,-0.176685,26.7383,-24.7366,7.47104,0.819719,2.51242,0.038645,-0.185234,2.16359,-3.04671,1.8917,0.182058,0.917325,0.0649655
1726654,0.97,-2.75261,-1.32534,1.01106,-1.94698,1.10108,1.16771,2.20139,-2.75266,-1.32422,1.00895,-1.94565,1.10136,1.16858,2.20139,-0.000946857,1.05434e-05,0.000750964,0.000623778,0.000137315,0.000269099,-2.55019e-05,0,0,0,0,0,0,0,-0.152882,26.7383,-24.7643,7.47104,0.825212,2.50601,0.0322363,-0.182687,2.16244,-3.04852,1.89407,0.182237,0.917531,0.0644002
1726655,0.97,-2.75261,-1.32534,1.01105,-1.94698,1.10108,1.16772,2.20139,-2.75266,-1.32422,1.00895,-1.94565,1.10136,1.16858,2.20139,0.000575188,0.000563841,-0.000148971,-0.000232458,9.1543e-05,-0.000295319,0.000220358,0,0,0,0,0,0,0,-0.204456,26.7144,-24.7366,7.49881,0.825212,2.51882,0.0258276,-0.179829,2.16102,-3.04999,1.89612,0.182384,0.917656,0.063774
1726656,0.97,-2.75261,-1.32534,1.01105,-1.94698,1.10108,1.16771,2.20139,-2.75266,-1.32422,1.00895,-1.94565,1.10136,1.16858,2.20139,-0.000266155,-0.000830532,-0.00121294,-0.000153994,6.10287e-05,4.04799e-05,-9.04538e-05,0,0,0,0,0,0,0,-0.176685,26.766,-24.689,7.49881,0.825212,2.51242,0.0322363,-0.177707,2.15922,-3.05027,1.89786,0.182504,0.91771,0.0631041
1726657,0.97,-2.75261,-1.32534,1.01105,-1.94699,1.10108,1.16772,2.20139,-2.75266,-1.32422,1.00895,-1.94565,1.10136,1.16858,2.20139,0.00102899,0.000652738,0.000304999,-0.00121555,-0.000162765,-0.000210372,0.000414415,0,0,0,0,0,0,0,-0.22826,26.7144,-24.7366,7.54642,0.830705,2.51882,0.0194189,-0.176553,2.15728,-3.04944,1.89943,0.182611,0.917723,0.0623989
1726658,0.97,-2.75261,-1.32534,1.01105,-1.94698,1.10108,1.16772,2.20139,-2.75266,-1.32422,1.00895,-1.94565,1.10136,1.16858,2.20139,-0.000520433,-0.000771267,-0.00035348,-0.000253007,-0.00031196,0.00033447,-0.00118179,0,0,0,0,0,0,0,-0.176685,26.766,-24.7128,7.52262,0.836199,2.50601,0.0587866,-0.175757,2.15555,-3.04869,1.90115,0.182728,0.917771,0.0616673
1726659,0.97,-2.75261,-1.32534,1.01105,-1.94698,1.10108,1.16771,2.20139,-2.75266,-1.32422,1.00895,-1.94565,1.10136,1.16858,2.20139,-0.000903767,0.000135436,-0.000235653,0.00103817,-4.52304e-06,-0.000251738,0.000432846,0,0,0,0,0,0,0,-0.152882,26.7383,-24.7128,7.47104,0.830705,2.51882,0.0258276,-0.174599,2.15424,-3.04841,1.90283,0.182844,0.917816,0.0609239
1726660,0.97,-2.75261,-1.32534,1.01105,-1.94698,1.10108,1.16771,2.20139,-2.75266,-1.32422,1.00895,-1.94565,1.10136,1.16858,2.20139,-4.56997e-05,0.000647102,-0.000157102,4.28071e-05,0.000200435,-0.000167825,5.12053e-05,0,0,0,0,0,0,0,-0.176685,26.7144,-24.7128,7.49881,0.825212,2.51882,0.0322363,-0.173001,2.15285,-3.04811,1.90417,0.182928,0.917806,0.0601927
1726661,0.97,-2.75261,-1.32534,1.01105,-1.94698,1.10108,1.16772,2.20139,-2.75266,-1.32422,1.00895,-1.94565,1.10136,1.16858,2.20139,0.000619147,0.000431402,-0.000104735,2.87702e-05,-0.000273278,0.000125475,3.41369e-05,0,0,0,0,0,0,0,-0.204456,26.7144,-24.7128,7.49881,0.836199,2.51242,0.0322363,-0.171931,2.15114,-3.04754,1.90514,0.182966,0.917798,0.0594803
1726662,0.97,-2.75261,-1.32534,1.01105,-1.94698,1.10108,1.16772,2.20138,-2.75266,-1.32422,1.00895,-1.94565,1.10136,1.16858,2.20139,0.000412765,-0.000269211,-6.98231e-05,1.93542e-05,0.000224716,8.36502e-05,-0.00167266,0,0,0,0,0,0,0,-0.204456,26.7383,-24.7128,7.49881,0.825212,2.51242,0.0780126,-0.172327,2.15001,-3.04713,1.90546,0.182954,0.917845,0.0587797
1726663,0.97,-2.75261,-1.32534,1.01105,-1.94698,1.10108,1.16772,2.20139,-2.75266,-1.32422,1.00895,-1.94565,1.10136,1.16858,2.20139,-0.000931249,-0.000829088,0.000510263,0.000662647,0.000149811,0.000293126,7.1686e-05,0,0,0,0,0,0,0,-0.152882,26.766,-24.7366,7.47104,0.825212,2.50601,0.0459692,-0.173525,2.15038,-3.04781,1.90518,0.182918,0.917956,0.0581089
1726664,0.97,-2.75261,-1.32534,1.01105,-1.94698,1.10108,1.16771,2.20139,-2.75266,-1.32422,1.00895,-1.94565,1.10136,1.16858,2.20139,0.000585593,0.000653701,-0.000216636,0.000441863,-0.000103577,-0.000279301,-0.000189568,0,0,0,0,0,0,0,-0.204456,26.7144,-24.7128,7.47104,0.830705,2.51882,0.0523779,-0.174615,2.15172,-3.04945,1.90462,0.182875,0.918094,0.0575026
1726665,0.97,-2.75261,-1.32534,1.01105,-1.94698,1.10108,1.16771,2.20139,-2.75266,-1.32422,1.00895,-1.94565,1.10136,1.16858,2.20139,-0.000259219,-0.000121012,-0.000144424,-0.000354965,-6.90512e-05,-0.000423559,-0.000363738,0,0,0,0,0,0,0,-0.176685,26.7383,-24.7128,7.49881,0.830705,2.52523,0.0587866,-0.175572,2.15263,-3.05079,1.90416,0.182832,0.918218,0.0569736
1726666,0.97,-2.75261,-1.32534,1.01105,-1.94698,1.10108,1.16771,2.20138,-2.75266,-1.32422,1.00895,-1.94565,1.10136,1.16858,2.20139,-0.000729624,0.000476138,-9.62829e-05,-0.0007934,0.000360867,-4.5014e-05,-0.00071721,0,0,0,0,0,0,0,-0.152882,26.7144,-24.7128,7.52262,0.819719,2.51882,0.071604,-0.175193,2.15233,-3.05157,1.90477,0.182867,0.918336,0.0565209
1726667,0.97,-2.75261,-1.32534,1.01105,-1.94698,1.10108,1.16772,2.20138,-2.75266,-1.32422,1.00895,-1.94565,1.10136,1.16858,2.20139,7.03957e-05,-0.000239387,-0.000621001,0.000677534,-0.000573224,-3.00093e-05,-0.00047814,0,0,0,0,0,0,0,-0.176685,26.7383,-24.689,7.47104,0.841692,2.51882,0.071604,-0.173483,2.15115,-3.05196,1.90626,0.182969,0.918442,0.0561493
1726668,0.97,-2.75261,-1.32534,1.01105,-1.94698,1.10108,1.16772,2.20138,-2.75266,-1.32422,1.00895,-1.94565,1.10136,1.16858,2.20139,-0.0011595,-0.000159591,0.000142812,0.00045172,0.000228202,0.000217353,-0.00103084,0,0,0,0,0,0,0,-0.125111,26.7383,-24.7128,7.47104,0.825212,2.51242,0.09083,-0.171946,2.15025,-3.05222,1.90733,0.183045,0.918529,0.055866
1726669,0.97,-2.75261,-1.32534,1.01105,-1.94698,1.10108,1.16771,2.20139,-2.75266,-1.32422,1.00895,-1.94565,1.10136,1.16858,2.20139,0.00108304,0.000450418,9.52077e-05,0.00030117,-0.000254766,0.000144902,0.00049957,0,0,0,0,0,0,0,-0.204456,26.7144,-24.7128,7.47104,0.836199,2.51242,0.0587866,-0.171199,2.15009,-3.05281,1.90762,0.183069,0.918635,0.0556854
1726670,0.97,-2.75261,-1.32534,1.01105,-1.94698,1.10108,1.16772,2.20138,-2.75266,-1.32422,1.00895,-1.94565,1.10136,1.16858,2.20139,-0.000484397,-0.000906147,0.000620284,-0.00100563,-0.000373295,9.66012e-05,-0.00132847,0,0,0,0,0,0,0,-0.152882,26.766,-24.7366,7.52262,0.841692,2.51242,0.103647,-0.171422,2.1508,-3.05412,1.90751,0.183077,0.918821,0.0556124
1726671,0.97,-2.75261,-1.32534,1.01105,-1.94698,1.10108,1.16772,2.20138,-2.75266,-1.32422,1.00895,-1.94565,1.10136,1.16858,2.20139,-0.000322932,0.000602328,-0.000143289,0.00053602,-4.54126e-05,-0.000172958,-0.000173567,0,0,0,0,0,0,0,-0.152882,26.7144,-24.7128,7.47104,0.836199,2.51882,0.0844213,-0.171442,2.15192,-3.0561,1.9077,0.183134,0.919064,0.0556435
1726672,0.97,-2.75261,-1.32534,1.01105,-1.94698,1.10108,1.16772,2.20138,-2.75266,-1.32422,1.00895,-1.94565,1.10136,1.16858,2.20139,0.000341524,-0.00015526,0.000461286,-0.000292258,0.000173175,0.000122054,-0.00035307,0,0,0,0,0,0,0,-0.176685,26.7383,-24.7366,7.49881,0.830705,2.51242,0.09083,-0.171074,2.1527,-3.05796,1.90806,0.183218,0.919293,0.0557846
1726673,0.97,-2.75261,-1.32534,1.01105,-1.94698,1.10108,1.16771,2.20138,-2.75266,-1.32422,1.00895,-1.94565,1.10136,1.16858,2.20139,0.000877297,-0.000103507,-0.000249288,-0.000751643,0.00011545,8.1369e-05,-0.00023538,0,0,0,0,0,0,0,-0.204456,26.7383,-24.7128,7.52262,0.830705,2.51242,0.09083,-0.171644,2.15353,-3.05949,1.90803,0.183285,0.919523,0.0560338
1726674,0.97,-2.75261,-1.32534,1.01105,-1.94699,1.10108,1.16771,2.20138,-2.75266,-1.32422,1.00895,-1.94565,1.10136,1.16858,2.20139,-0.000621561,0.000487807,-0.000723004,-0.0010579,-0.000329934,-0.000183113,-0.00015692,0,0,0,0,0,0,0,-0.152882,26.7144,-24.689,7.54642,0.841692,2.51882,0.09083,-0.172259,2.15375,-3.0602,1.90838,0.183391,0.919726,0.0563812
1726675,0.97,-2.75261,-1.32534,1.01106,-1.94698,1.10108,1.16771,2.20138,-2.75266,-1.32422,1.00895,-1.94565,1.10136,1.16858,2.20139,-0.000414374,0.000325205,0.00128124,0.00040836,-1.65056e-05,0.000115284,-0.00081669,0,0,0,0,0,0,0,-0.152882,26.7144,-24.7643,7.49881,0.836199,2.51242,0.110056,-0.171265,2.15272,-3.06039,1.90974,0.183572,0.919878,0.0568192
1726676,0.97,-2.75261,-1.32534,1.01106,-1.94699,1.10108,1.16771,2.20138,-2.75266,-1.32422,1.00895,-1.94565,1.10136,1.16858,2.20139,0.0020438,-0.000340009,0.00141097,-0.000841381,0.000395897,-0.000160503,0.000642335,0,0,0,0,0,0,0,-0.252064,26.7383,-24.7881,7.54642,0.825212,2.51882,0.0780126,-0.170779,2.1528,-3.06211,1.91068,0.183719,0.920115,0.0573409
1726677,0.97,-2.75261,-1.32534,1.01106,-1.94698,1.10108,1.16772,2.20138,-2.75266,-1.32422,1.00895,-1.94565,1.10136,1.16858,2.20139,-0.000400704,-0.000226672,0.000383834,0.000552706,-0.00014297,0.000367716,-0.000283854,0,0,0,0,0,0,0,-0.176685,26.7383,-24.7643,7.49881,0.836199,2.50601,0.0972387,-0.17277,2.15517,-3.0655,1.91018,0.183764,0.920468,0.0579348
1726678,0.97,-2.75261,-1.32534,1.01105,-1.94698,1.10108,1.16772,2.20138,-2.75266,-1.32422,1.00895,-1.94565,1.10136,1.16858,2.20139,-0.000267136,0.000405697,-0.000393725,0.0015749,-9.5313e-05,-0.000229574,0.0007602,0,0,0,0,0,0,0,-0.176685,26.7144,-24.7366,7.44724,0.836199,2.51882,0.071604,-0.175342,2.15772,-3.06842,1.9089,0.183747,0.92073,0.0585784
1726679,0.97,-2.7526,-1.32534,1.01105,-1.94698,1.10108,1.16771,2.20138,-2.75266,-1.32422,1.00895,-1.94565,1.10136,1.16858,2.20139,0.00158515,0.000270465,-0.000262483,0.00104993,0.000139909,-0.000153049,0.0005068,0,0,0,0,0,0,0,-0.252064,26.7144,-24.7366,7.44724,0.830705,2.51882,0.071604,-0.178535,2.15935,-3.06953,1.90665,0.183644,0.920814,0.0592471
1726680,0.97,-2.75261,-1.32534,1.01105,-1.94698,1.10108,1.16771,2.20138,-2.75266,-1.32422,1.00895,-1.94565,1.10136,1.16858,2.20139,-0.00126329,0.00018031,-0.000731801,-0.000506469,-0.000110178,0.000372685,-0.000136851,0,0,0,0,0,0,0,-0.152882,26.7144,-24.7128,7.49881,0.836199,2.50601,0.0844213,-0.181988,2.15992,-3.06907,1.90424,0.183527,0.920791,0.0599135
1726681,0.97,-2.75261,-1.32534,1.01105,-1.94698,1.10108,1.16771,2.20139,-2.75266,-1.32422,1.00895,-1.94565,1.10136,1.16858,2.20139,-0.000285378,0.000120207,6.89448e-05,0.000311968,0.000129998,-0.000226261,0.000858202,0,0,0,0,0,0,0,-0.176685,26.7144,-24.7366,7.47104,0.830705,2.51882,0.0587866,-0.182742,2.15885,-3.06802,1.90357,0.183557,0.920712,0.06056
1726682,0.97,-2.75261,-1.32534,1.01106,-1.94698,1.10108,1.16771,2.20138,-2.75266,-1.32422,1.00895,-1.94565,1.10136,1.16858,2.20139,-0.000190252,-0.000476674,4.59632e-05,-0.000441634,8.66656e-05,-0.000150841,-0.000377301,0,0,0,0,0,0,0,-0.176685,26.7383,-24.7366,7.49881,0.830705,2.51882,0.0844213,-0.181414,2.15733,-3.06752,1.90423,0.183704,0.920655,0.0611744
1726683,0.97,-2.75261,-1.32534,1.01106,-1.94698,1.10108,1.16771,2.20139,-2.75266,-1.32422,1.00895,-1.94565,1.10136,1.16858,2.20139,-0.000126835,-0.000967397,0.000680256,-0.000851234,5.77771e-05,0.000374157,0.0019186,0,0,0,0,0,0,0,-0.176685,26.766,-24.7643,7.52262,0.830705,2.50601,0.0258276,-0.17986,2.15698,-3.0685,1.90524,0.1839,0.920705,0.0617429
1726684,0.97,-2.75261,-1.32534,1.01106,-1.94698,1.10108,1.16771,2.20138,-2.75266,-1.32422,1.00895,-1.94565,1.10136,1.16858,2.20139,0.00112187,4.68275e-06,0.000453504,0.000638937,-0.000368383,1.20793e-05,-0.00112843,0,0,0,0,0,0,0,-0.22826,26.7383,-24.7643,7.47104,0.841692,2.51242,0.09083,-0.179311,2.1582,-3.07088,1.90587,0.184079,0.920865,0.0622457
1726685,0.97,-2.75261,-1.32534,1.01105,-1.94698,1.10108,1.16771,2.20139,-2.75266,-1.32422,1.00895,-1.94565,1.10136,1.16858,2.20139,-0.000458513,0.000559934,-0.000347278,0.00098277,-4.21381e-05,0.000245412,0.00189257,0,0,0,0,0,0,0,-0.176685,26.7144,-24.7366,7.44724,0.836199,2.50601,0.0194189,-0.180427,2.15982,-3.07309,1.90538,0.184155,0.921015,0.0626658
1726686,0.97,-2.75261,-1.32534,1.01106,-1.94698,1.10108,1.16771,2.20139,-2.75266,-1.32422,1.00895,-1.94565,1.10136,1.16858,2.20139,-0.000305675,-0.000183523,0.000418095,-0.00110806,0.000378809,-7.37511e-05,0.000549637,0,0,0,0,0,0,0,-0.176685,26.7383,-24.7643,7.52262,0.825212,2.51242,0.038645,-0.181032,2.1602,-3.07434,1.90502,0.184223,0.921077,0.0630018
1726687,0.97,-2.75261,-1.32534,1.01105,-1.94698,1.10108,1.16771,2.20139,-2.75266,-1.32422,1.00895,-1.94565,1.10136,1.16858,2.20139,0.00044583,-0.000771962,-0.000927696,0.000467721,4.90888e-05,-0.000286526,0.000603784,0,0,0,0,0,0,0,-0.204456,26.766,-24.7128,7.47104,0.830705,2.51882,0.0322363,-0.180696,2.15997,-3.0752,1.90533,0.184348,0.921102,0.0632324
1726688,0.97,-2.75261,-1.32534,1.01106,-1.94698,1.10108,1.16771,2.20139,-2.75266,-1.32422,1.00895,-1.94565,1.10136,1.16858,2.20139,-0.000352394,0.000691784,0.000587962,-0.000894612,3.27259e-05,-0.000191018,0.000402523,0,0,0,0,0,0,0,-0.176685,26.7144,-24.7643,7.52262,0.830705,2.51882,0.0322363,-0.180452,2.15969,-3.07578,1.90577,0.184481,0.921118,0.0633354
1726689,0.97,-2.75261,-1.32534,1.01105,-1.94698,1.10108,1.16771,2.20139,-2.75266,-1.32422,1.00895,-1.94565,1.10136,1.16858,2.20139,-0.000234929,0.00046119,-0.000814451,-3.95959e-05,-0.000181633,0.000110014,-0.000240278,0,0,0,0,0,0,0,-0.176685,26.7144,-24.7128,7.49881,0.836199,2.51242,0.0459692,-0.179212,2.15824,-3.07581,1.90694,0.184644,0.921112,0.0633147
1726690,0.97,-2.75261,-1.32534,1.01105,-1.94698,1.10108,1.16771,2.20139,-2.75266,-1.32422,1.00895,-1.94565,1.10136,1.16858,2.20139,-0.00136305,0.000957074,-0.000542967,-0.000583209,-0.000121089,7.33426e-05,0.000823159,0,0,0,0,0,0,0,-0.125111,26.6867,-24.7128,7.52262,0.836199,2.51242,0.0194189,-0.176021,2.15481,-3.07474,1.90929,0.184869,0.921032,0.0631826
1726691,0.97,-2.75261,-1.32534,1.01105,-1.94698,1.10108,1.16771,2.20139,-2.75266,-1.32422,1.00895,-1.94565,1.10136,1.16858,2.20139,0.000297729,-1.15649e-05,-0.000361978,-0.000388806,0.000326175,4.88951e-05,7.40547e-05,0,0,0,0,0,0,0,-0.176685,26.7144,-24.7128,7.52262,0.825212,2.51242,0.0322363,-0.171722,2.1503,-3.07292,1.91226,0.185128,0.920897,0.0629516
1726692,0.97,-2.75261,-1.32534,1.01105,-1.94698,1.10108,1.16771,2.20139,-2.75266,-1.32422,1.00895,-1.94565,1.10136,1.16858,2.20139,0.000198486,-0.000564522,0.000315493,0.000947222,0.00021745,-0.000204762,0.000286729,0,0,0,0,0,0,0,-0.176685,26.7383,-24.7366,7.47104,0.825212,2.51882,0.0258276,-0.169267,2.14751,-3.07193,1.91401,0.185296,0.920821,0.0626219
1726693,0.97,-2.75261,-1.32534,1.01105,-1.94698,1.10108,1.16771,2.20139,-2.75266,-1.32422,1.00895,-1.94565,1.10136,1.16858,2.20139,0.000132324,-0.000376348,0.000210329,-0.000574945,0.000144967,-0.000136508,-0.00174163,0,0,0,0,0,0,0,-0.176685,26.7383,-24.7366,7.52262,0.825212,2.51882,0.0780126,-0.169725,2.14774,-3.07263,1.91382,0.18532,0.920864,0.0621997
1726694,0.97,-2.75261,-1.32534,1.01105,-1.94698,1.10108,1.16771,2.20139,-2.75266,-1.32422,1.00895,-1.94565,1.10136,1.16858,2.20139,8.8216e-05,-0.000900513,0.000140219,-0.000383296,-0.000106806,-9.10054e-05,0.000534336,0,0,0,0,0,0,0,-0.176685,26.766,-24.7366,7.52262,0.830705,2.51882,0.0322363,-0.171258,2.14974,-3.07465,1.91304,0.185299,0.921011,0.0617217
1726695,0.97,-2.75261,-1.32534,1.01106,-1.94698,1.10108,1.16771,2.20139,-2.75266,-1.32422,1.00895,-1.94565,1.10136,1.16858,2.20139,0.000708425,4.92722e-05,9.34794e-05,-0.000255531,-0.000274655,-0.000298029,0.000356224,0,0,0,0,0,0,0,-0.204456,26.7383,-24.7366,7.52262,0.836199,2.52523,0.0322363,-0.173242,2.15242,-3.07713,1.91223,0.185267,0.921218,0.0612323
1726696,0.97,-2.75261,-1.32534,1.01105,-1.94698,1.10108,1.16771,2.20139,-2.75266,-1.32422,1.00895,-1.94565,1.10136,1.16858,2.20139,-0.000177331,0.00058966,6.23196e-05,-0.000170354,-0.000183103,-0.000198686,-0.000271144,0,0,0,0,0,0,0,-0.176685,26.7144,-24.7366,7.52262,0.836199,2.52523,0.0459692,-0.175256,2.15451,-3.07914,1.91159,0.185222,0.92143,0.0607429
1726697,0.97,-2.75261,-1.32534,1.01106,-1.94698,1.10108,1.16771,2.20139,-2.75266,-1.32422,1.00895,-1.94565,1.10136,1.16858,2.20139,-0.000118221,-0.000813319,0.00069116,0.000443243,0.000488283,-0.000132457,-0.000418121,0,0,0,0,0,0,0,-0.176685,26.766,-24.7643,7.49881,0.819719,2.52523,0.0523779,-0.176596,2.15587,-3.08088,1.91125,0.185179,0.921636,0.0602482
1726698,0.97,-2.75261,-1.32534,1.01106,-1.94698,1.10108,1.16771,2.20138,-2.75266,-1.32422,1.00895,-1.94565,1.10136,1.16858,2.20139,0.0005708,0.000107401,0.00101759,0.000945109,0.000325522,0.000386413,-0.000990824,0,0,0,0,0,0,0,-0.204456,26.7383,-24.7881,7.47104,0.819719,2.51242,0.071604,-0.178288,2.1581,-3.08347,1.91034,0.185083,0.921887,0.0597572
1726699,0.97,-2.75261,-1.32534,1.01106,-1.94698,1.10108,1.16771,2.20139,-2.75266,-1.32422,1.00895,-1.94565,1.10136,1.16858,2.20139,-0.00026908,7.16008e-05,-0.00108485,-0.000576353,0.000217015,-0.000217109,5.15272e-05,0,0,0,0,0,0,0,-0.176685,26.7383,-24.7128,7.52262,0.819719,2.52523,0.0523779,-0.180403,2.1604,-3.08589,1.90901,0.184935,0.922133,0.0592956
1726700,0.97,-2.75261,-1.32534,1.01106,-1.94698,1.10107,1.16771,2.20139,-2.75266,-1.32422,1.00895,-1.94565,1.10136,1.16858,2.20139,-0.000179387,4.77339e-05,-0.00016642,-0.000384235,-0.000669126,-0.00014474,3.43515e-05,0,0,0,0,0,0,0,-0.176685,26.7383,-24.7366,7.52262,0.841692,2.52523,0.0523779,-0.181164,2.16081,-3.08658,1.90875,0.184846,0.922285,0.0588888
1726701,0.97,-2.75261,-1.32534,1.01106,-1.94698,1.10108,1.16771,2.20138,-2.75266,-1.32422,1.00895,-1.94565,1.10136,1.16858,2.20139,-0.000676403,-0.000617791,-0.000110946,0.000300655,-0.000242633,0.000378225,-0.00140125,0,0,0,0,0,0,0,-0.152882,26.766,-24.7366,7.49881,0.836199,2.51242,0.09083,-0.180391,2.16011,-3.08643,1.90953,0.184833,0.922383,0.0585381
1726702,0.97,-2.75261,-1.32534,1.01105,-1.94698,1.10108,1.16771,2.20138,-2.75266,-1.32422,1.00895,-1.94565,1.10136,1.16858,2.20139,0.000105876,0.000794565,-7.39643e-05,0.000200437,4.1695e-05,-0.000459927,-0.000222092,0,0,0,0,0,0,0,-0.176685,26.7144,-24.7366,7.49881,0.830705,2.53164,0.071604,-0.179147,2.15935,-3.08632,1.91044,0.184834,0.922476,0.0582496
1726703,0.97,-2.75261,-1.32534,1.01106,-1.94698,1.10108,1.16771,2.20138,-2.75266,-1.32422,1.00895,-1.94565,1.10136,1.16858,2.20139,7.05843e-05,-2.7102e-05,0.00115712,-0.000423188,-0.000175654,0.000405459,-0.000622779,0,0,0,0,0,0,0,-0.176685,26.7383,-24.7881,7.52262,0.836199,2.51242,0.0844213,-0.178008,2.15856,-3.08655,1.91132,0.184829,0.92261,0.0580491
1726704,0.97,-2.75261,-1.32534,1.01106,-1.94698,1.10108,1.16771,2.20139,-2.75266,-1.32422,1.00895,-1.94565,1.10136,1.16858,2.20139,-0.000509756,0.00174517,0.000214599,0.000274687,0.000289798,-0.000204412,0.000771609,0,0,0,0,0,0,0,-0.152882,26.6629,-24.7643,7.49881,0.825212,2.52523,0.0523779,-0.176486,2.15738,-3.08731,1.91256,0.184844,0.922803,0.0579503
1726705,0.97,-2.75261,-1.32534,1.01105,-1.94699,1.10108,1.16771,2.20138,-2.75266,-1.32422,1.00895,-1.94565,1.10136,1.16858,2.20139,0.000216975,-0.00124941,-0.00106336,-0.000930499,0.000193199,0.000338443,-0.00114711,0,0,0,0,0,0,0,-0.176685,26.766,-24.7128,7.54642,0.825212,2.51242,0.0972387,-0.174542,2.1555,-3.08757,1.91415,0.184888,0.922968,0.0579391
1726706,0.97,-2.75261,-1.32534,1.01106,-1.94698,1.10108,1.16771,2.20138,-2.75266,-1.32422,1.00895,-1.94565,1.10136,1.16858,2.20139,0.000794264,-0.000183323,-0.000152095,-6.35209e-05,-0.000278102,-0.000249089,0.000422057,0,0,0,0,0,0,0,-0.204456,26.7383,-24.7366,7.52262,0.836199,2.52523,0.0651953,-0.173971,2.15439,-3.0872,1.91512,0.184916,0.923101,0.0579942
1726707,0.97,-2.75261,-1.32534,1.01106,-1.94698,1.10108,1.16771,2.20138,-2.75266,-1.32422,1.00895,-1.94565,1.10136,1.16858,2.20139,0.000529509,0.000434597,-0.000101396,0.000514465,0.0002215,0.000308659,0.000281371,0,0,0,0,0,0,0,-0.204456,26.7144,-24.7366,7.49881,0.825212,2.51242,0.0651953,-0.175617,2.15464,-3.08683,1.91487,0.184864,0.923244,0.0581128
1726708,0.97,-2.75261,-1.32534,1.01106,-1.94699,1.10108,1.16771,2.20139,-2.75266,-1.32422,1.00895,-1.94565,1.10136,1.16858,2.20139,-0.00085342,-0.000267081,0.00113883,-0.00197707,0.000147667,0.000205772,-0.000524496,0,0,0,0,0,0,0,-0.152882,26.7383,-24.7881,7.598,0.825212,2.51242,0.0844213,-0.176965,2.15506,-3.08716,1.91482,0.18482,0.923423,0.0582878
1726709,0.97,-2.75261,-1.32534,1.01106,-1.94698,1.10108,1.16771,2.20139,-2.75266,-1.32422,1.00895,-1.94565,1.10136,1.16858,2.20139,0.00119429,-0.000178054,0.000202407,0.000445189,-0.000308457,-0.000337536,0.00134576,0,0,0,0,0,0,0,-0.22826,26.7383,-24.7643,7.52262,0.836199,2.52523,0.038645,-0.176957,2.15573,-3.08888,1.91578,0.18485,0.923675,0.0585038
1726710,0.97,-2.75261,-1.32534,1.01106,-1.94699,1.10108,1.16771,2.20139,-2.75266,-1.32422,1.00895,-1.94565,1.10136,1.16858,2.20139,0.000239382,0.000438109,0.000134938,-0.000260019,0.000201263,-0.000699742,0.000625904,0,0,0,0,0,0,0,-0.204456,26.7144,-24.7643,7.54642,0.825212,2.53805,0.0459692,-0.177864,2.15698,-3.09096,1.91628,0.184834,0.923948,0.0587395
1726711,0.97,-2.75261,-1.32534,1.01106,-1.94699,1.10108,1.16771,2.20139,-2.75266,-1.32422,1.00895,-1.94565,1.10136,1.16858,2.20139,0.000159588,-0.000264739,-0.000559655,-0.000173346,0.000134176,8.22315e-06,-0.000294808,0,0,0,0,0,0,0,-0.204456,26.7383,-24.7366,7.54642,0.825212,2.52523,0.0651953,-0.179542,2.15791,-3.0922,1.9163,0.184764,0.924167,0.0589569
1726712,0.97,-2.75261,-1.32534,1.01106,-1.94699,1.10108,1.16771,2.20139,-2.75266,-1.32422,1.00895,-1.94565,1.10136,1.16858,2.20139,-0.000543222,0.000380319,-0.000929916,-0.000115564,0.000292901,5.4821e-06,0.000786806,0,0,0,0,0,0,0,-0.176685,26.7144,-24.7128,7.54642,0.819719,2.52523,0.038645,-0.180333,2.15765,-3.09214,1.91677,0.184716,0.924291,0.0591319
1726713,0.97,-2.75261,-1.32534,1.01106,-1.94699,1.10108,1.16771,2.20139,-2.75266,-1.32422,1.00895,-1.94565,1.10136,1.16858,2.20139,-0.000362148,0.000253546,0.000586482,-7.70428e-05,-0.000415084,0.000241014,-0.000221448,0,0,0,0,0,0,0,-0.176685,26.7144,-24.7643,7.54642,0.836199,2.51882,0.0587866,-0.179707,2.15627,-3.09132,1.91794,0.184703,0.92435,0.0592622
1726714,0.97,-2.75261,-1.32534,1.01106,-1.94699,1.10108,1.16771,2.20139,-2.75266,-1.32422,1.00895,-1.94565,1.10136,1.16858,2.20139,0.000964994,0.000818645,-0.000258626,-5.13618e-05,-7.32724e-05,0.000160676,0.00131043,0,0,0,0,0,0,0,-0.22826,26.6867,-24.7366,7.54642,0.830705,2.51882,0.0194189,-0.178748,2.15462,-3.09071,1.91932,0.184683,0.924429,0.0593439
1726715,0.97,-2.75261,-1.32534,1.01106,-1.94698,1.10108,1.16771,2.20139,-2.75266,-1.32422,1.00895,-1.94565,1.10136,1.16858,2.20139,-0.000563097,-0.000103851,0.000477197,0.000522571,-4.88482e-05,0.000107117,-0.000347083,0,0,0,0,0,0,0,-0.176685,26.7144,-24.7643,7.52262,0.830705,2.51882,0.0523779,-0.17871,2.15343,-3.09052,1.9202,0.184613,0.924548,0.0593653
1726716,0.97,-2.75261,-1.32534,1.01106,-1.94698,1.10108,1.16771,2.20139,-2.75266,-1.32422,1.00895,-1.94565,1.10136,1.16858,2.20139,-0.00093221,-0.000626046,0.000318131,0.00034838,-0.000236016,7.14115e-05,0.000514597,0,0,0,0,0,0,0,-0.152882,26.7383,-24.7643,7.52262,0.836199,2.51882,0.0322363,-0.17859,2.15324,-3.09136,1.92081,0.18454,0.924693,0.0593141
1726717,0.97,-2.75261,-1.32534,1.01106,-1.94698,1.10108,1.16771,2.20139,-2.75266,-1.32422,1.00895,-1.94565,1.10136,1.16858,2.20139,0.000584953,-0.000417364,-0.000437526,0.000789066,-0.000157344,0.000284967,0.000343064,0,0,0,0,0,0,0,-0.204456,26.7383,-24.7366,7.49881,0.836199,2.51242,0.0322363,-0.178578,2.15429,-3.09309,1.92099,0.184471,0.924844,0.0591896
1726718,0.97,-2.75261,-1.32534,1.01106,-1.94698,1.10108,1.16771,2.20139,-2.75266,-1.32422,1.00895,-1.94565,1.10136,1.16858,2.20139,-0.000259645,0.000278569,-0.000291684,0.000526044,0.000302005,-0.00028474,-8.64938e-06,0,0,0,0,0,0,0,-0.176685,26.7144,-24.7366,7.49881,0.825212,2.52523,0.038645,-0.179838,2.15578,-3.09433,1.92033,0.18436,0.924956,0.0589945
1726719,0.97,-2.75261,-1.32534,1.01106,-1.94698,1.10108,1.16771,2.20139,-2.75266,-1.32422,1.00895,-1.94565,1.10136,1.16858,2.20139,-0.000729909,0.000835327,0.000455158,-0.000206116,0.000201337,0.000284891,0.000231593,0,0,0,0,0,0,0,-0.152882,26.6867,-24.7643,7.52262,0.825212,2.51242,0.0322363,-0.180558,2.15613,-3.09483,1.92006,0.184277,0.925027,0.0587371
1726720,0.97,-2.75261,-1.32534,1.01106,-1.94698,1.10108,1.16771,2.20139,-2.75266,-1.32422,1.00895,-1.94565,1.10136,1.16858,2.20139,-0.000486606,-0.000649541,0.00086025,-0.000137411,-6.92261e-05,-0.00028479,-0.000354231,0,0,0,0,0,0,0,-0.152882,26.7383,-24.7881,7.52262,0.830705,2.52523,0.0459692,-0.17929,2.15555,-3.09584,1.9211,0.184292,0.92513,0.0584288
1726721,0.97,-2.75261,-1.32534,1.01106,-1.94698,1.10108,1.16771,2.20139,-2.75266,-1.32422,1.00895,-1.94565,1.10136,1.16858,2.20139,0.000232408,-0.00108264,-0.000632926,-9.16072e-05,-0.000249601,-0.00018986,0.000509831,0,0,0,0,0,0,0,-0.176685,26.766,-24.7366,7.52262,0.836199,2.52523,0.0258276,-0.177949,2.15595,-3.09791,1.9223,0.184345,0.925302,0.0580751
1726722,0.97,-2.75261,-1.32534,1.01106,-1.94698,1.10108,1.16771,2.20139,-2.75266,-1.32422,1.00895,-1.94565,1.10136,1.16858,2.20139,-0.000401873,-0.000721761,-0.00042195,0.000495741,3.70497e-05,0.000110785,-0.000643457,0,0,0,0,0,0,0,-0.152882,26.766,-24.7366,7.49881,0.830705,2.51882,0.0523779,-0.17806,2.15761,-3.09985,1.92262,0.184368,0.92547,0.057681
1726723,0.98,-2.75261,-1.32534,1.01106,-1.94698,1.10108,1.16771,2.20139,-2.75266,-1.32422,1.00895,-1.94565,1.10136,1.16858,2.20139,0.000288896,-0.000481174,0.000925126,-0.000226318,-0.000178751,0.000311216,0.000791732,0,0,0,0,0,0,0,-0.176685,26.766,-24.7881,7.52262,0.836199,2.51242,0.0194189,-0.179044,2.1598,-3.10158,1.92234,0.184362,0.925626,0.0572585
1726724,0.99,-2.75261,-1.32534,1.01105,-1.94698,1.10108,1.16771,2.20139,-2.75266,-1.32422,1.00895,-1.94565,1.10136,1.16858,2.20139,0.000842212,0.000328831,-0.000589675,0.00105555,-0.000119167,0.000207477,-0.000184256,0,0,0,0,0,0,0,-0.204456,26.7383,-24.7366,7.47104,0.836199,2.51242,0.038645,-0.180951,2.16211,-3.10326,1.92149,0.184311,0.925794,0.0568178
1726725,0.99,-2.75261,-1.32534,1.01106,-1.94698,1.10108,1.16771,2.20139,-2.75266,-1.32422,1.00895,-1.94565,1.10136,1.16858,2.20139,-8.81396e-05,0.000776033,0.000256497,-0.000502728,-7.94448e-05,-0.0003364,-0.000394104,0,0,0,0,0,0,0,-0.176685,26.7144,-24.7643,7.52262,0.836199,2.52523,0.0459692,-0.183351,2.16327,-3.10384,1.92043,0.184227,0.925912,0.0563597
1726726,0.99,-2.75261,-1.32534,1.01106,-1.94698,1.10108,1.16771,2.20139,-2.75266,-1.32422,1.00895,-1.94565,1.10136,1.16858,2.20139,-0.00126519,0.000517355,0.00072781,-0.000335152,0.000353938,0.000250451,0.00024589,0,0,0,0,0,0,0,-0.125111,26.7144,-24.7881,7.52262,0.825212,2.51242,0.0322363,-0.183404,2.16231,-3.10381,1.92087,0.184246,0.925987,0.0558964
1726727,0.99,-2.75261,-1.32534,1.01106,-1.94698,1.10108,1.16771,2.20139,-2.75266,-1.32422,1.00895,-1.94565,1.10136,1.16858,2.20139,0.00101258,-0.000211908,-0.000721219,0.000333377,3.25081e-05,0.000404327,-0.00105678,0,0,0,0,0,0,0,-0.204456,26.7383,-24.7366,7.49881,0.830705,2.50601,0.0651953,-0.181509,2.16038,-3.10388,1.92243,0.184356,0.926044,0.055438
1726728,0.99,-2.75261,-1.32534,1.01106,-1.94698,1.10108,1.16771,2.20139,-2.75266,-1.32422,1.00895,-1.94565,1.10136,1.16858,2.20139,2.54412e-05,0.00041554,0.000725613,0.000871866,2.1672e-05,-0.000442526,7.55921e-06,0,0,0,0,0,0,0,-0.176685,26.7144,-24.7881,7.47104,0.830705,2.52523,0.0459692,-0.18109,2.15923,-3.10382,1.92293,0.184394,0.926075,0.05499
1726729,0.99,-2.75261,-1.32534,1.01106,-1.94698,1.10108,1.16771,2.20138,-2.75266,-1.32422,1.00895,-1.94565,1.10136,1.16858,2.20139,1.69608e-05,0.00092664,-0.000722684,-0.000625182,1.4448e-05,-0.000295017,-0.00189383,0,0,0,0,0,0,0,-0.176685,26.6867,-24.7366,7.52262,0.830705,2.52523,0.0972387,-0.181533,2.15818,-3.10349,1.92284,0.184381,0.926083,0.0545775
1726730,0.99,-2.75261,-1.32534,1.01106,-1.94698,1.10108,1.16772,2.20138,-2.75266,-1.32422,1.00895,-1.94565,1.10136,1.16858,2.20139,1.13072e-05,-0.000588666,-0.0010386,-0.000416788,-0.000193819,0.000515399,-0.000550478,0,0,0,0,0,0,0,-0.176685,26.7383,-24.7128,7.52262,0.836199,2.50601,0.0780126,-0.18108,2.15609,-3.10226,1.92345,0.184425,0.926038,0.0542316
1726731,0.99,-2.75261,-1.32534,1.01106,-1.94698,1.10108,1.16771,2.20138,-2.75266,-1.32422,1.00895,-1.94565,1.10136,1.16858,2.20139,-0.000549274,-0.000392444,0.000514025,0.000278953,7.42382e-05,-0.000131119,0.000107733,0,0,0,0,0,0,0,-0.152882,26.7383,-24.7643,7.49881,0.830705,2.51882,0.0651953,-0.180213,2.15432,-3.10098,1.9243,0.184518,0.925971,0.0539859
1726732,0.99,-2.75261,-1.32534,1.01106,-1.94698,1.10108,1.16771,2.20138,-2.75266,-1.32422,1.00895,-1.94565,1.10136,1.16858,2.20139,-0.000366183,-0.000261629,0.000899495,0.000185969,-0.000357409,0.000149946,-0.000402896,0,0,0,0,0,0,0,-0.152882,26.7383,-24.7881,7.49881,0.841692,2.51242,0.0780126,-0.179175,2.15423,-3.10154,1.9249,0.184617,0.925976,0.0538555
1726733,0.99,-2.75261,-1.32534,1.01106,-1.94698,1.10108,1.16771,2.20138,-2.75266,-1.32422,1.00895,-1.94565,1.10136,1.16858,2.20139,0.00031269,-0.000174419,0.000599664,-0.000432833,0.000168628,9.99643e-05,-0.000268597,0,0,0,0,0,0,0,-0.176685,26.7383,-24.7881,7.52262,0.830705,2.51242,0.0780126,-0.178184,2.15544,-3.10391,1.92529,0.184715,0.926077,0.0538298
1726734,0.99,-2.75261,-1.32534,1.01106,-1.94698,1.10108,1.16772,2.20138,-2.75266,-1.32422,1.00895,-1.94565,1.10136,1.16858,2.20139,0.00020846,-0.00011628,0.000399776,-0.000288555,0.000112419,6.66429e-05,-0.000891142,0,0,0,0,0,0,0,-0.176685,26.7383,-24.7881,7.52262,0.830705,2.51242,0.0972387,-0.177758,2.15714,-3.10685,1.92552,0.184805,0.926226,0.0538998
1726735,0.99,-2.75261,-1.32534,1.01106,-1.94699,1.10108,1.16771,2.20138,-2.75266,-1.32422,1.00895,-1.94565,1.10136,1.16858,2.20139,0.000138973,-7.75198e-05,0.000266517,-0.00019237,0.000278396,0.000281788,0.000355341,0,0,0,0,0,0,0,-0.176685,26.7383,-24.7881,7.52262,0.825212,2.50601,0.071604,-0.177825,2.15872,-3.10952,1.92563,0.184884,0.926362,0.0540659
1726736,0.99,-2.75261,-1.32534,1.01106,-1.94698,1.10108,1.16771,2.20138,-2.75266,-1.32422,1.00895,-1.94565,1.10136,1.16858,2.20139,9.2649e-05,0.000505132,0.000177678,-0.000128247,-1.78529e-05,0.000187858,-0.000237824,0,0,0,0,0,0,0,-0.176685,26.7144,-24.7881,7.52262,0.830705,2.50601,0.0844213,-0.177933,2.15964,-3.11148,1.92577,0.184948,0.926434,0.0543266
1726737,0.99,-2.75261,-1.32534,1.01106,-1.94698,1.10108,1.16771,2.20138,-2.75266,-1.32422,1.00895,-1.94565,1.10136,1.16858,2.20139,0.00071138,0.000336755,0.000118452,-8.54978e-05,-1.19019e-05,0.000125239,7.88098e-05,0,0,0,0,0,0,0,-0.204456,26.7144,-24.7881,7.52262,0.830705,2.50601,0.0780126,-0.178186,2.15967,-3.11253,1.9259,0.184983,0.926428,0.0546663
1726738,0.99,-2.75261,-1.32534,1.01106,-1.94698,1.10108,1.16771,2.20138,-2.75266,-1.32422,1.00895,-1.94565,1.10136,1.16858,2.20139,0.000474253,-0.000981923,-0.00168427,0.000499813,0.000398966,-0.000391225,-0.000896896,0,0,0,0,0,0,0,-0.204456,26.766,-24.7128,7.49881,0.819719,2.51882,0.103647,-0.179665,2.15954,-3.11241,1.92531,0.184952,0.926326,0.055064
1726739,0.99,-2.75261,-1.32534,1.01106,-1.94698,1.10108,1.16771,2.20138,-2.75266,-1.32422,1.00895,-1.94565,1.10136,1.16858,2.20139,-0.000333445,0.000551811,8.35794e-05,-0.000223603,6.25271e-05,-0.000260817,0.000114146,0,0,0,0,0,0,0,-0.176685,26.7144,-24.7643,7.52262,0.825212,2.51882,0.0844213,-0.181831,2.1594,-3.11119,1.92421,0.184875,0.926123,0.0555159
1726740,0.99,-2.75261,-1.32534,1.01106,-1.94698,1.10108,1.16771,2.20138,-2.75266,-1.32422,1.00895,-1.94565,1.10136,1.16858,2.20139,-0.000222297,-0.000838552,-0.000593894,0.00161417,4.16847e-05,0.00030084,7.60975e-05,0,0,0,0,0,0,0,-0.176685,26.766,-24.7366,7.44724,0.825212,2.50601,0.0844213,-0.183298,2.15913,-3.1099,1.9232,0.18479,0.925872,0.0560283
1726741,0.99,-2.75261,-1.32534,1.01106,-1.94698,1.10108,1.16771,2.20138,-2.75266,-1.32422,1.00895,-1.94565,1.10136,1.16858,2.20139,-0.000148198,0.000647391,-0.00039593,-0.000130313,-0.000379111,-0.000274158,0.00052545,0,0,0,0,0,0,0,-0.176685,26.7144,-24.7366,7.49881,0.836199,2.51882,0.071604,-0.18422,2.15895,-3.10887,1.92212,0.184682,0.925604,0.0565919
1726742,0.99,-2.75261,-1.32534,1.01106,-1.94698,1.10108,1.16771,2.20139,-2.75266,-1.32422,1.00895,-1.94565,1.10136,1.16858,2.20139,-0.00065561,-0.000125218,-0.000820765,-8.68754e-05,-0.000252741,0.000291946,0.0003503,0,0,0,0,0,0,0,-0.152882,26.7383,-24.7128,7.49881,0.836199,2.50601,0.071604,-0.183919,2.15791,-3.10753,1.92178,0.184622,0.925318,0.0571862
1726743,0.99,-2.75261,-1.32534,1.01106,-1.94698,1.10108,1.16771,2.20138,-2.75266,-1.32422,1.00895,-1.94565,1.10136,1.16858,2.20139,0.00132616,-8.34786e-05,0.000659249,-5.79169e-05,0.000238407,-0.000280087,-0.000715903,0,0,0,0,0,0,0,-0.22826,26.7383,-24.7643,7.49881,0.825212,2.51882,0.0972387,-0.18311,2.15669,-3.10649,1.92203,0.184611,0.925089,0.0577864
1726744,0.99,-2.75261,-1.32534,1.01106,-1.94698,1.10108,1.16771,2.20138,-2.75266,-1.32422,1.00895,-1.94565,1.10136,1.16858,2.20139,-0.000322316,0.00050116,0.000439499,-0.000595423,-4.45124e-05,0.000287993,-2.55054e-06,0,0,0,0,0,0,0,-0.176685,26.7144,-24.7643,7.52262,0.830705,2.50601,0.0844213,-0.183092,2.15648,-3.10675,1.92215,0.184592,0.924996,0.0583824
1726745,0.99,-2.75261,-1.32534,1.01106,-1.94698,1.10108,1.16771,2.20139,-2.75266,-1.32422,1.00895,-1.94565,1.10136,1.16858,2.20139,0.000434736,0.000334106,-0.000356614,0.000159863,-0.000436576,-0.000282723,0.0024058,0,0,0,0,0,0,0,-0.204456,26.7144,-24.7366,7.49881,0.841692,2.51882,0.0194189,-0.182822,2.15621,-3.10757,1.92262,0.184598,0.924968,0.0589834
1726746,0.99,-2.75261,-1.32534,1.01106,-1.94698,1.10108,1.16771,2.20139,-2.75266,-1.32422,1.00895,-1.94565,1.10136,1.16858,2.20139,-0.00035979,-0.000983688,-0.000237743,-0.000450237,-8.76001e-05,4.88773e-05,0.000145803,0,0,0,0,0,0,0,-0.176685,26.766,-24.7366,7.52262,0.836199,2.51242,0.0587866,-0.182248,2.15584,-3.1082,1.92326,0.184635,0.924921,0.0595607
1726747,0.99,-2.75261,-1.32534,1.01105,-1.94698,1.10108,1.16771,2.20139,-2.75266,-1.32422,1.00895,-1.94565,1.10136,1.16858,2.20139,0.000409754,-0.000655792,-0.000158495,0.00146308,0.000348501,-0.000204774,0.00108055,0,0,0,0,0,0,0,-0.204456,26.766,-24.7366,7.44724,0.825212,2.51882,0.0322363,-0.182581,2.15677,-3.1091,1.92307,0.18465,0.924869,0.0600557
1726748,0.99,-2.75261,-1.32534,1.01106,-1.94698,1.10108,1.16771,2.20139,-2.75266,-1.32422,1.00895,-1.94565,1.10136,1.16858,2.20139,-0.000376445,0.000769231,0.00054395,-0.000787851,-0.000378018,0.000100843,-2.56212e-05,0,0,0,0,0,0,0,-0.176685,26.7144,-24.7643,7.52262,0.841692,2.51242,0.0523779,-0.183477,2.15842,-3.11035,1.92225,0.184632,0.92483,0.0604412
1726749,0.99,-2.75261,-1.32534,1.01106,-1.94698,1.10108,1.16771,2.20139,-2.75266,-1.32422,1.00895,-1.94565,1.10136,1.16858,2.20139,-0.000250963,0.00116243,-0.00028698,3.15779e-05,0.000154889,0.000304588,0.000966263,0,0,0,0,0,0,0,-0.176685,26.6867,-24.7366,7.49881,0.830705,2.50601,0.0258276,-0.182771,2.15833,-3.11106,1.9225,0.18468,0.92478,0.0607174
1726750,0.99,-2.75261,-1.32534,1.01106,-1.94698,1.10108,1.16771,2.20139,-2.75266,-1.32422,1.00895,-1.94565,1.10136,1.16858,2.20139,-0.000167309,-0.000431469,0.000458294,0.000670666,-0.000100191,-3.43006e-05,0.000169458,0,0,0,0,0,0,0,-0.176685,26.7383,-24.7643,7.47104,0.836199,2.51242,0.038645,-0.180812,2.15681,-3.11118,1.92353,0.184779,0.924698,0.0608802
1726751,0.99,-2.75261,-1.32534,1.01106,-1.94698,1.10108,1.16771,2.20139,-2.75266,-1.32422,1.00895,-1.94565,1.10136,1.16858,2.20139,-0.000668351,0.000269166,-0.000344085,-0.000202503,0.000136657,0.000214492,0.00058769,0,0,0,0,0,0,0,-0.152882,26.7144,-24.7366,7.49881,0.830705,2.50601,0.0258276,-0.179048,2.15573,-3.11148,1.92421,0.18487,0.924605,0.0609226
1726752,0.99,-2.75261,-1.32534,1.01106,-1.94698,1.10108,1.16771,2.20139,-2.75266,-1.32422,1.00895,-1.94565,1.10136,1.16858,2.20139,0.000111245,-0.000377368,0.000420224,-0.000691814,0.000498005,-0.000569082,0.000391793,0,0,0,0,0,0,0,-0.176685,26.7383,-24.7643,7.52262,0.819719,2.52523,0.0258276,-0.177144,2.15505,-3.11207,1.92501,0.184992,0.924529,0.0608481
1726753,1,-2.75261,-1.32534,1.01106,-1.94698,1.10108,1.16771,2.20139,-2.75266,-1.32422,1.00895,-1.94565,1.10136,1.16858,2.20139,0.000723777,0.000305233,0.000836961,-0.000461209,0.000128553,-0.000142029,-0.000959508,0,0,0,0,0,0,0,-0.204456,26.7144,-24.7881,7.52262,0.825212,2.51882,0.0587866,-0.175835,2.15502,-3.1133,1.92583,0.185115,0.924537,0.0606632
1726754,1,-2.75261,-1.32534,1.01106,-1.94699,1.10108,1.16771,2.20139,-2.75266,-1.32422,1.00895,-1.94565,1.10136,1.16858,2.20139,0.000482518,0.000203489,1.16228e-06,-0.000864285,-0.000321199,0.000380032,0.00105575,0,0,0,0,0,0,0,-0.204456,26.7144,-24.7643,7.54642,0.836199,2.50601,0.0130102,-0.175767,2.15558,-3.11496,1.92633,0.185194,0.92463,0.0603858
1726755,1,-2.75261,-1.32534,1.01106,-1.94698,1.10108,1.16771,2.20139,-2.75266,-1.32422,1.00895,-1.94565,1.10136,1.16858,2.20139,-0.000884747,0.000135659,7.74851e-07,0.00118705,-1.06821e-05,-0.000221363,-0.00051687,0,0,0,0,0,0,0,-0.152882,26.7144,-24.7643,7.47104,0.830705,2.51882,0.0459692,-0.175977,2.15582,-3.11609,1.92663,0.185238,0.924687,0.0600389
1726756,1,-2.75261,-1.32534,1.01106,-1.94698,1.10108,1.16772,2.20139,-2.75266,-1.32422,1.00895,-1.94565,1.10136,1.16858,2.20139,0.000616594,9.04395e-05,5.16567e-07,0.00134818,0.00039978,-0.000147576,0.000401405,0,0,0,0,0,0,0,-0.204456,26.7144,-24.7643,7.44724,0.819719,2.51882,0.0258276,-0.176691,2.15608,-3.1166,1.92598,0.185192,0.924652,0.0596298
1726757,1,-2.75261,-1.32534,1.01105,-1.94698,1.10108,1.16771,2.20139,-2.75266,-1.32422,1.00895,-1.94565,1.10136,1.16858,2.20139,-0.000795363,-0.000496519,-0.00120608,0.000341973,-0.000343832,0.000138975,-0.000715741,0,0,0,0,0,0,0,-0.152882,26.7383,-24.7128,7.47104,0.836199,2.51242,0.0523779,-0.178414,2.15665,-3.1164,1.92416,0.185052,0.924534,0.0591676
1726758,1,-2.75261,-1.32534,1.01106,-1.94698,1.10108,1.16771,2.20139,-2.75266,-1.32422,1.00895,-1.94565,1.10136,1.16858,2.20139,0.000676184,-0.000331013,-0.000247242,-0.000978444,0.00017768,9.26501e-05,0.000268825,0,0,0,0,0,0,0,-0.204456,26.7383,-24.7366,7.52262,0.825212,2.51242,0.0322363,-0.179953,2.15695,-3.11541,1.92254,0.184941,0.924376,0.0586723
1726759,1,-2.75261,-1.32534,1.01106,-1.94698,1.10108,1.16772,2.20139,-2.75266,-1.32422,1.00895,-1.94565,1.10136,1.16858,2.20139,-0.000755637,-0.000870289,-0.00072164,-9.5484e-05,-0.000288448,6.17668e-05,-0.00032941,0,0,0,0,0,0,0,-0.152882,26.766,-24.7128,7.49881,0.836199,2.51242,0.0459692,-0.180669,2.1571,-3.11437,1.92183,0.184917,0.924246,0.0581651
1726760,1,-2.75261,-1.32534,1.01106,-1.94698,1.10108,1.16771,2.20139,-2.75266,-1.32422,1.00895,-1.94565,1.10136,1.16858,2.20139,-0.000503758,6.94212e-05,0.000725332,-6.3656e-05,1.1152e-05,-0.000196181,5.16608e-05,0,0,0,0,0,0,0,-0.152882,26.7383,-24.7643,7.49881,0.830705,2.51882,0.038645,-0.180248,2.15736,-3.11404,1.92187,0.184958,0.924165,0.0576596
1726761,1,-2.75261,-1.32534,1.01106,-1.94698,1.10108,1.16771,2.20139,-2.75266,-1.32422,1.00895,-1.94565,1.10136,1.16858,2.20139,0.000220973,0.000603093,-0.000166059,-0.000599249,7.43465e-06,-0.000130787,-0.000474186,0,0,0,0,0,0,0,-0.176685,26.7144,-24.7366,7.52262,0.830705,2.51882,0.0523779,-0.178732,2.15721,-3.11435,1.92259,0.185036,0.924138,0.0571663
1726762,1,-2.75261,-1.32534,1.01106,-1.94698,1.10108,1.16771,2.20139,-2.75266,-1.32422,1.00895,-1.94565,1.10136,1.16858,2.20139,-0.000409496,-0.00015475,-0.000667518,-0.0003995,0.000208407,0.000150167,-7.87649e-05,0,0,0,0,0,0,0,-0.152882,26.7383,-24.7128,7.52262,0.825212,2.51242,0.0459692,-0.17686,2.15614,-3.11424,1.92376,0.185125,0.924124,0.0566938
1726763,1,-2.75261,-1.32534,1.01106,-1.94698,1.10108,1.16771,2.20139,-2.75266,-1.32422,1.00895,-1.94565,1.10136,1.16858,2.20139,0.000283814,-0.000103167,0.000761414,0.0014969,-6.45126e-05,-0.000137247,-0.000289869,0,0,0,0,0,0,0,-0.176685,26.7383,-24.7643,7.44724,0.830705,2.51882,0.0523779,-0.175781,2.15531,-3.1139,1.92432,0.185159,0.924102,0.0562473
1726764,1,-2.75261,-1.32534,1.01105,-1.94698,1.10108,1.16772,2.20139,-2.75266,-1.32422,1.00895,-1.94565,1.10136,1.16858,2.20139,0.00018921,0.000488034,-0.00125563,-0.000765301,-4.30084e-05,-9.14983e-05,0.00102746,0,0,0,0,0,0,0,-0.176685,26.7144,-24.689,7.52262,0.830705,2.51882,0.0194189,-0.176156,2.15525,-3.11359,1.92374,0.185098,0.924084,0.0558324
1726765,1,-2.75261,-1.32534,1.01106,-1.94698,1.10108,1.16771,2.20138,-2.75266,-1.32422,1.00895,-1.94565,1.10136,1.16858,2.20139,0.00012614,-0.000231456,0.000276538,0.000696225,-2.86722e-05,-6.09988e-05,-0.00172253,0,0,0,0,0,0,0,-0.176685,26.7383,-24.7366,7.47104,0.830705,2.51882,0.0844213,-0.177123,2.15499,-3.11267,1.92288,0.185009,0.924051,0.055443
1726766,1,-2.75261,-1.32534,1.01106,-1.94698,1.10108,1.16771,2.20139,-2.75266,-1.32422,1.00895,-1.94565,1.10136,1.16858,2.20139,0.000733707,-0.000154304,-0.000372453,0.00046415,-0.000222565,0.000434052,-0.000198915,0,0,0,0,0,0,0,-0.204456,26.7383,-24.7128,7.47104,0.836199,2.50601,0.0587866,-0.178885,2.15529,-3.11179,1.9215,0.184887,0.924038,0.0550752
1726767,1,-2.75261,-1.32534,1.01105,-1.94698,1.10108,1.16771,2.20139,-2.75266,-1.32422,1.00895,-1.94565,1.10136,1.16858,2.20139,0.000489138,-0.000752483,-0.000248302,-0.000896993,-0.000148377,5.20091e-05,0.00108809,0,0,0,0,0,0,0,-0.204456,26.766,-24.7128,7.52262,0.836199,2.51242,0.0258276,-0.181692,2.15668,-3.1114,1.91955,0.184744,0.924069,0.054754
1726768,1,-2.75261,-1.32534,1.01105,-1.94698,1.10108,1.16771,2.20139,-2.75266,-1.32422,1.00895,-1.94565,1.10136,1.16858,2.20139,0.000882904,0.000147958,-0.000165535,-4.11831e-05,0.000307983,3.46727e-05,-0.000495308,0,0,0,0,0,0,0,-0.22826,26.7383,-24.7128,7.49881,0.825212,2.51242,0.0587866,-0.184659,2.1584,-3.11118,1.91786,0.184645,0.924132,0.0544851
1726769,1,-2.75261,-1.32534,1.01106,-1.94699,1.10108,1.16771,2.20138,-2.75266,-1.32422,1.00895,-1.94565,1.10136,1.16858,2.20139,0.000588603,0.000655451,0.000446455,-0.00114108,0.000646132,-0.000214244,-0.00175436,0,0,0,0,0,0,0,-0.22826,26.7144,-24.7366,7.54642,0.81331,2.51882,0.0972387,-0.187085,2.15955,-3.111,1.91688,0.184591,0.924226,0.0542494
1726770,1,-2.75261,-1.32534,1.01106,-1.94698,1.10108,1.16772,2.20138,-2.75266,-1.32422,1.00895,-1.94565,1.10136,1.16858,2.20139,-0.000814024,0.000436967,0.000297637,-0.000203908,-0.000213506,0.000331889,-0.000457496,0,0,0,0,0,0,0,-0.176685,26.7144,-24.7366,7.52262,0.830705,2.50601,0.0780126,-0.187518,2.15933,-3.11096,1.91729,0.184608,0.92433,0.0540651
1726771,1,-2.75261,-1.32534,1.01106,-1.94698,1.10108,1.16771,2.20138,-2.75266,-1.32422,1.00895,-1.94565,1.10136,1.16858,2.20139,-0.000542683,0.000940925,0.000198425,0.00107049,-0.000345788,0.000221259,-0.00101707,0,0,0,0,0,0,0,-0.176685,26.6867,-24.7366,7.47104,0.836199,2.50601,0.0972387,-0.185488,2.1578,-3.11097,1.91882,0.184677,0.924373,0.0539705
1726772,1,-2.75261,-1.32534,1.01106,-1.94698,1.10108,1.16771,2.20138,-2.75266,-1.32422,1.00895,-1.94565,1.10136,1.16858,2.20139,-0.000361788,-2.23303e-05,-0.000424529,6.40444e-05,-2.70745e-05,-0.000327212,3.40275e-05,0,0,0,0,0,0,0,-0.176685,26.7144,-24.7128,7.49881,0.830705,2.51882,0.0780126,-0.182632,2.15573,-3.1106,1.92028,0.184723,0.924316,0.0539859
1726773,1,-2.75261,-1.32534,1.01106,-1.94698,1.10108,1.16771,2.20138,-2.75266,-1.32422,1.00895,-1.94565,1.10136,1.16858,2.20139,0.000965234,-0.000571699,0.000273793,-0.000514116,0.00062621,0.000493936,-0.000689392,0,0,0,0,0,0,0,-0.22826,26.7383,-24.7366,7.52262,0.81331,2.4996,0.0972387,-0.180894,2.1545,-3.11021,1.92103,0.18473,0.924238,0.0541144
1726774,1,-2.75261,-1.32534,1.01106,-1.94699,1.10108,1.16771,2.20138,-2.75266,-1.32422,1.00895,-1.94565,1.10136,1.16858,2.20139,-0.00111975,-0.000381133,-0.000374283,-0.000899556,-2.33359e-05,9.19315e-05,0.000252482,0,0,0,0,0,0,0,-0.152882,26.7383,-24.7128,7.54642,0.825212,2.50601,0.0780126,-0.180067,2.15449,-3.11034,1.92156,0.184741,0.924197,0.0543516
1726775,1,-2.75261,-1.32534,1.01106,-1.94698,1.10108,1.16771,2.20138,-2.75266,-1.32422,1.00895,-1.94565,1.10136,1.16858,2.20139,-0.000189687,-0.000254088,-0.000249522,0.00116353,-0.000422458,-0.000176071,-6.90374e-05,0,0,0,0,0,0,0,-0.176685,26.7383,-24.7128,7.47104,0.836199,2.51242,0.0844213,-0.17881,2.15473,-3.11055,1.92234,0.184774,0.924126,0.0546876
1726776,1,-2.75261,-1.32534,1.01105,-1.94698,1.10108,1.16771,2.20138,-2.75266,-1.32422,1.00895,-1.94565,1.10136,1.16858,2.20139,-0.000126458,-0.000169392,-0.00072316,-0.000430737,0.000125262,0.000119978,-4.60249e-05,0,0,0,0,0,0,0,-0.176685,26.7383,-24.689,7.52262,0.825212,2.50601,0.0844213,-0.177841,2.15495,-3.11023,1.9227,0.184765,0.923981,0.0551022
1726777,1,-2.75261,-1.32534,1.01105,-1.94698,1.10108,1.16771,2.20138,-2.75266,-1.32422,1.00895,-1.94565,1.10136,1.16858,2.20139,-8.43054e-05,0.000443884,7.47052e-05,0.000269654,-0.000119942,7.99854e-05,-0.000505401,0,0,0,0,0,0,0,-0.176685,26.7144,-24.7128,7.49881,0.830705,2.50601,0.0972387,-0.177462,2.1549,-3.10929,1.92274,0.184717,0.923798,0.0555783
1726778,0.99,-2.75261,-1.32534,1.01106,-1.94698,1.10108,1.16771,2.20138,-2.75266,-1.32422,1.00895,-1.94565,1.10136,1.16858,2.20139,-5.62036e-05,0.000295923,0.000606615,0.00017977,0.000123489,-0.000184035,-0.000336934,0,0,0,0,0,0,0,-0.176685,26.7144,-24.7366,7.49881,0.825212,2.51242,0.0972387,-0.177151,2.15456,-3.10848,1.92283,0.184655,0.923636,0.0561115
1726779,0.99,-2.75261,-1.32534,1.01106,-1.94698,1.10108,1.16771,2.20138,-2.75266,-1.32422,1.00895,-1.94565,1.10136,1.16858,2.20139,0.000612145,0.000846896,-0.000152402,0.000119846,0.000285776,0.000114669,0.000724813,0,0,0,0,0,0,0,-0.204456,26.6867,-24.7128,7.49881,0.819719,2.50601,0.071604,-0.177318,2.15421,-3.10803,1.9227,0.184554,0.923515,0.0567028
1726780,0.99,-2.75261,-1.32534,1.01105,-1.94698,1.10108,1.16771,2.20138,-2.75266,-1.32422,1.00895,-1.94565,1.10136,1.16858,2.20139,-0.000798329,-0.000641829,-0.000658413,7.98976e-05,-0.000216383,7.64458e-05,-0.000228868,0,0,0,0,0,0,0,-0.152882,26.7383,-24.689,7.49881,0.830705,2.50601,0.09083,-0.177802,2.15366,-3.10721,1.92244,0.184437,0.923375,0.0573389
1726781,0.99,-2.75261,-1.32534,1.01105,-1.94698,1.10108,1.16771,2.20138,-2.75266,-1.32422,1.00895,-1.94565,1.10136,1.16858,2.20139,2.45924e-05,-0.000427886,0.000674682,0.00125969,0.000703455,5.09639e-05,0.000322139,0,0,0,0,0,0,0,-0.176685,26.7383,-24.7366,7.44724,0.807817,2.50601,0.0780126,-0.178429,2.15384,-3.10662,1.9218,0.184305,0.923214,0.0579939
1726782,0.99,-2.75261,-1.32534,1.01105,-1.94698,1.10108,1.16772,2.20138,-2.75266,-1.32422,1.00895,-1.94565,1.10136,1.16858,2.20139,0.000666009,-0.000934871,-0.000663836,0.000282982,2.81605e-05,-0.000440742,-0.000259958,0,0,0,0,0,0,0,-0.204456,26.766,-24.689,7.47104,0.819719,2.51882,0.09083,-0.180427,2.15584,-3.10693,1.92,0.184094,0.923087,0.0586518
1726783,0.99,-2.75261,-1.32534,1.01106,-1.94698,1.10108,1.16771,2.20138,-2.75266,-1.32422,1.00895,-1.94565,1.10136,1.16858,2.20139,0.000444006,-0.000623247,0.000114255,-0.000460959,-0.000591578,-5.6469e-05,6.40533e-05,0,0,0,0,0,0,0,-0.204456,26.766,-24.7128,7.49881,0.836199,2.51242,0.0844213,-0.183893,2.15901,-3.10751,1.91747,0.183832,0.923008,0.0593067
1726784,0.99,-2.75261,-1.32534,1.01106,-1.94698,1.10108,1.16771,2.20138,-2.75266,-1.32422,1.00895,-1.94565,1.10136,1.16858,2.20139,-0.000910422,-0.000415498,7.61697e-05,0.000342308,-0.000597836,-0.000275005,0.00051742,0,0,0,0,0,0,0,-0.152882,26.766,-24.7128,7.47104,0.841692,2.51882,0.071604,-0.186551,2.16196,-3.10818,1.91568,0.18363,0.922964,0.05996
1726785,0.99,-2.75261,-1.32534,1.01106,-1.94698,1.10108,1.16771,2.20138,-2.75266,-1.32422,1.00895,-1.94565,1.10136,1.16858,2.20139,-5.0136e-05,0.000929427,0.000607592,-0.000421409,-0.000195107,0.000291381,-0.000129771,0,0,0,0,0,0,0,-0.176685,26.7144,-24.7366,7.49881,0.836199,2.50601,0.0844213,-0.186744,2.16345,-3.10885,1.91535,0.183541,0.922928,0.0606082
1726786,0.99,-2.75261,-1.32534,1.01106,-1.94698,1.10108,1.16771,2.20139,-2.75266,-1.32422,1.00895,-1.94565,1.10136,1.16858,2.20139,0.00061619,0.00126923,-0.000151751,-0.000280939,0.00027683,0.000431613,0.00184627,0,0,0,0,0,0,0,-0.204456,26.6867,-24.7128,7.49881,0.825212,2.4996,0.0322363,-0.185285,2.16269,-3.10867,1.91622,0.183529,0.922873,0.0612398
1726787,0.99,-2.75261,-1.32534,1.01105,-1.94698,1.10108,1.16771,2.20138,-2.75266,-1.32422,1.00895,-1.94565,1.10136,1.16858,2.20139,0.000410793,-0.000360271,-0.000101167,-0.00619328,0.000388004,5.03831e-05,-0.000464577,0,0,0,0,0,0,0,-0.204456,26.7383,-24.7128,7.47104,0.819719,2.50601,0.0780126,-0.182292,2.15966,-3.10742,1.91912,0.183676,0.922841,0.0618321
1726788,0.99,-2.75261,-1.32534,1.01105,-1.94698,1.10108,1.16771,2.20138,-2.75266,-1.32422,1.00895,-1.94565,1.10136,1.16858,2.20139,-0.000375752,-0.000240181,-0.000624257,-0.0053331,0.000496028,-0.00020377,0.000165,0,0,0,0,0,0,0,-0.176685,26.7383,-24.689,7.49881,0.81331,2.51242,0.0651953,-0.175749,2.15467,-3.10592,1.92606,0.184165,0.922901,0.062359
1726789,0.99,-2.75261,-1.32534,1.01105,-1.94698,1.10108,1.16771,2.20139,-2.75266,-1.32422,1.00895,-1.94565,1.10136,1.16858,2.20139,0.000955925,0.000396691,0.000140641,-0.00397138,-0.000110124,-0.000135847,0.00109334,0,0,0,0,0,0,0,-0.22826,26.7144,-24.7128,7.49881,0.825212,2.51242,0.038645,-0.166792,2.14868,-3.10448,1.93562,0.18487,0.923025,0.0628159
1726790,0.99,-2.75261,-1.32534,1.01105,-1.94698,1.10108,1.16771,2.20139,-2.75266,-1.32422,1.00895,-1.94565,1.10136,1.16858,2.20139,8.04712e-05,-0.000292351,-0.000463051,-0.00175314,-0.000276867,-9.05645e-05,0.000457629,0,0,0,0,0,0,0,-0.204456,26.7383,-24.689,7.44724,0.830705,2.51242,0.0459692,-0.159432,2.14359,-3.10307,1.94385,0.185463,0.923132,0.0631934
1726791,0.99,-2.75261,-1.32534,1.01105,-1.94698,1.10108,1.16771,2.20139,-2.75266,-1.32422,1.00895,-1.94565,1.10136,1.16858,2.20139,-0.00115278,0.000361911,0.000804923,-0.00260917,1.88728e-05,0.000414342,0.000576353,0,0,0,0,0,0,0,-0.152882,26.7144,-24.7366,7.49881,0.825212,2.4996,0.038645,-0.15399,2.14007,-3.10213,1.94961,0.185857,0.92318,0.0634693
1726792,0.99,-2.75261,-1.32534,1.01105,-1.94698,1.10108,1.16771,2.20139,-2.75266,-1.32422,1.00895,-1.94565,1.10136,1.16858,2.20139,0.000994719,0.000241274,0.000536615,-0.00126532,1.25819e-05,-0.00019849,-0.00036175,0,0,0,0,0,0,0,-0.22826,26.7144,-24.7366,7.47104,0.825212,2.51242,0.0587866,-0.149707,2.13791,-3.10212,1.95335,0.186086,0.923195,0.0636351
1726793,0.99,-2.75261,-1.32534,1.01105,-1.94698,1.10108,1.16772,2.20139,-2.75266,-1.32422,1.00895,-1.94565,1.10136,1.16858,2.20139,0.000106334,-0.000395962,-0.000199068,-0.00218159,-0.000398513,0.000342391,0.0012169,0,0,0,0,0,0,0,-0.204456,26.7383,-24.7128,7.52262,0.836199,2.4996,0.0194189,-0.148166,2.13746,-3.10263,1.95461,0.186125,0.923198,0.0636949
1726794,0.99,-2.75261,-1.32534,1.01105,-1.94698,1.10108,1.16771,2.20139,-2.75266,-1.32422,1.00895,-1.94565,1.10136,1.16858,2.20139,-0.000578725,0.000292837,-0.000689524,-0.000996296,0.000141226,-0.000246457,-0.000409439,0,0,0,0,0,0,0,-0.176685,26.7144,-24.689,7.49881,0.825212,2.51242,0.0523779,-0.148563,2.13779,-3.10252,1.9541,0.186038,0.923114,0.0636554
1726795,0.99,-2.75261,-1.32534,1.01105,-1.94698,1.10108,1.16771,2.20139,-2.75266,-1.32422,1.00895,-1.94565,1.10136,1.16858,2.20139,-0.000942628,-0.000361587,9.71291e-05,-0.00129504,-0.0001093,-0.000164305,0.000710385,0,0,0,0,0,0,0,-0.152882,26.7383,-24.7128,7.52262,0.830705,2.51242,0.0258276,-0.148764,2.13786,-3.10167,1.95302,0.185919,0.922913,0.0635208
1726796,0.99,-2.75261,-1.32534,1.01106,-1.94698,1.10108,1.16772,2.20139,-2.75266,-1.32422,1.00895,-1.94565,1.10136,1.16858,2.20139,-0.000628419,-0.000890672,0.000621565,-0.000362077,-7.28667e-05,0.000365181,-0.000984472,0,0,0,0,0,0,0,-0.152882,26.766,-24.7366,7.49881,0.830705,2.4996,0.0651953,-0.148881,2.13879,-3.10149,1.95134,0.185768,0.922692,0.0632989
1726797,0.99,-2.75261,-1.32534,1.01105,-1.94698,1.10108,1.16771,2.20139,-2.75266,-1.32422,1.00895,-1.94565,1.10136,1.16858,2.20139,-0.00106856,5.58325e-05,-0.00134886,0.000366585,0.000154873,-0.000231264,0.000564388,0,0,0,0,0,0,0,-0.125111,26.7383,-24.6612,7.47104,0.825212,2.51242,0.0322363,-0.149731,2.14086,-3.10177,1.94857,0.18555,0.922447,0.0630063
1726798,0.99,-2.75261,-1.32534,1.01105,-1.94698,1.10108,1.16771,2.20139,-2.75266,-1.32422,1.00895,-1.94565,1.10136,1.16858,2.20139,0.000494053,0.000594034,-0.000249627,0.000213157,0.000306699,0.000320542,0.000613618,0,0,0,0,0,0,0,-0.176685,26.7144,-24.689,7.47104,0.819719,2.4996,0.0258276,-0.151873,2.14255,-3.10064,1.94463,0.185229,0.922095,0.0626665
1726799,0.99,-2.75261,-1.32534,1.01105,-1.94698,1.10108,1.16771,2.20139,-2.75266,-1.32422,1.00895,-1.94565,1.10136,1.16858,2.20139,-0.000877057,-0.000810403,-0.000166418,0.000118679,1.01547e-06,-2.36642e-05,0.00017172,0,0,0,0,0,0,0,-0.125111,26.766,-24.689,7.47104,0.825212,2.50601,0.0322363,-0.155359,2.1441,-3.09868,1.93983,0.184826,0.921708,0.0622836
1726800,0.99,-2.75261,-1.32534,1.01106,-1.94698,1.10108,1.16771,2.20139,-2.75266,-1.32422,1.00895,-1.94565,1.10136,1.16858,2.20139,0.00127133,-0.000540269,0.00100268,-0.000588063,6.7698e-07,0.000221583,-0.000394147,0,0,0,0,0,0,0,-0.204456,26.766,-24.7366,7.49881,0.825212,2.4996,0.0459692,-0.160026,2.14715,-3.09797,1.93453,0.184391,0.921432,0.0618478
1726801,0.99,-2.75261,-1.32534,1.01105,-1.94698,1.10108,1.16771,2.20139,-2.75266,-1.32422,1.00895,-1.94565,1.10136,1.16858,2.20139,0.00140437,0.00149586,0.00011164,0.000801207,-0.000202999,-0.000326996,0.000483221,0,0,0,0,0,0,0,-0.22826,26.6867,-24.7128,7.44724,0.830705,2.51242,0.0258276,-0.166622,2.15139,-3.0983,1.9286,0.183895,0.921292,0.0613678
1726802,0.99,-2.75261,-1.32534,1.01105,-1.94698,1.10108,1.16771,2.20139,-2.75266,-1.32422,1.00895,-1.94565,1.10136,1.16858,2.20139,0.000379434,-0.000858799,-0.000482385,-3.25562e-05,0.000271568,0.000256721,0.000559506,0,0,0,0,0,0,0,-0.204456,26.766,-24.689,7.47104,0.819719,2.4996,0.0194189,-0.174686,2.15527,-3.09803,1.9222,0.183339,0.921168,0.0608565
1726803,0.99,-2.75261,-1.32534,1.01105,-1.94698,1.10108,1.16771,2.20139,-2.75266,-1.32422,1.00895,-1.94565,1.10136,1.16858,2.20139,-0.000396658,-0.000572533,-0.00032159,0.000527696,0.000181045,-6.62119e-05,-0.000847699,0,0,0,0,0,0,0,-0.176685,26.766,-24.689,7.44724,0.819719,2.50601,0.0523779,-0.182013,2.15875,-3.09722,1.91624,0.18283,0.920991,0.0603085
1726804,0.99,-2.75261,-1.32534,1.01105,-1.94698,1.10108,1.16771,2.20139,-2.75266,-1.32422,1.00895,-1.94565,1.10136,1.16858,2.20139,-0.000821251,0.000267925,-0.000214393,-0.001417,-0.000286204,0.000193218,0.000418212,0,0,0,0,0,0,0,-0.152882,26.7383,-24.689,7.52262,0.830705,2.4996,0.0258276,-0.186214,2.16121,-3.09635,1.91217,0.182485,0.920772,0.0597299
1726805,0.99,-2.75261,-1.32534,1.01105,-1.94698,1.10108,1.16771,2.20139,-2.75266,-1.32422,1.00895,-1.94565,1.10136,1.16858,2.20139,9.31148e-06,0.000735429,0.000970695,-0.000392023,1.26478e-05,0.000128812,-0.000467178,0,0,0,0,0,0,0,-0.176685,26.7144,-24.7366,7.49881,0.825212,2.4996,0.0459692,-0.186529,2.16161,-3.09557,1.91083,0.182337,0.920557,0.0591446
1726806,0.99,-2.75261,-1.32534,1.01105,-1.94698,1.10108,1.16772,2.20138,-2.75266,-1.32422,1.00895,-1.94565,1.10136,1.16858,2.20139,-0.000550604,0.000490286,-0.00111611,0.00094195,-0.000398469,-0.000388843,-0.00102353,0,0,0,0,0,0,0,-0.152882,26.7144,-24.6612,7.44724,0.836199,2.51242,0.0651953,-0.185157,2.16061,-3.09462,1.91068,0.182259,0.920335,0.0585621
1726807,0.99,-2.75261,-1.32534,1.01105,-1.94698,1.10108,1.16771,2.20139,-2.75266,-1.32422,1.00895,-1.94565,1.10136,1.16858,2.20139,0.000189742,-0.000229955,-0.000744072,0.000625622,0.000141255,-0.000259229,0.00077571,0,0,0,0,0,0,0,-0.176685,26.7383,-24.6612,7.44724,0.825212,2.51242,0.0258276,-0.184503,2.15927,-3.09259,1.90983,0.182129,0.920027,0.0579958
1726808,0.99,-2.75261,-1.32534,1.01105,-1.94698,1.10108,1.16772,2.20139,-2.75266,-1.32422,1.00895,-1.94565,1.10136,1.16858,2.20139,-0.000430317,-0.000153303,0.000153566,0.000415322,9.417e-05,0.000301899,-0.000228845,0,0,0,0,0,0,0,-0.152882,26.7383,-24.689,7.44724,0.825212,2.4996,0.0459692,-0.185006,2.15864,-3.09022,1.90807,0.181953,0.919693,0.0574623
1726809,0.99,-2.75261,-1.32534,1.01105,-1.94698,1.10108,1.16771,2.20139,-2.75266,-1.32422,1.00895,-1.94565,1.10136,1.16858,2.20139,0.000269934,-0.000102202,0.001216,-0.00148768,-0.000140671,-3.60932e-05,0.000118704,0,0,0,0,0,0,0,-0.176685,26.7383,-24.7366,7.52262,0.830705,2.50601,0.038645,-0.185429,2.15915,-3.08939,1.90656,0.181825,0.919486,0.0569595
1726810,0.99,-2.75261,-1.32534,1.01105,-1.94698,1.10108,1.16771,2.20139,-2.75266,-1.32422,1.00895,-1.94565,1.10136,1.16858,2.20139,0.000179956,-0.000717749,0.000810667,0.000213653,-0.000500681,-0.000261421,-0.00042949,0,0,0,0,0,0,0,-0.176685,26.766,-24.7366,7.47104,0.841692,2.51242,0.0523779,-0.185499,2.16093,-3.09076,1.90574,0.181776,0.919467,0.0564824
1726811,0.99,-2.75261,-1.32534,1.01105,-1.94698,1.10108,1.16772,2.20139,-2.75266,-1.32422,1.00895,-1.94565,1.10136,1.16858,2.20139,0.000119971,0.000171115,-1.6367e-05,0.000141693,0.000480014,-0.000174281,-0.000286327,0,0,0,0,0,0,0,-0.176685,26.7383,-24.7128,7.47104,0.819719,2.51242,0.0523779,-0.186171,2.16365,-3.09305,1.90472,0.181733,0.919533,0.0560307
1726812,0.99,-2.75261,-1.32534,1.01105,-1.94698,1.10108,1.16772,2.20139,-2.75266,-1.32422,1.00895,-1.94565,1.10136,1.16858,2.20139,7.99804e-05,0.000114077,-1.09113e-05,-0.000555708,0.000116559,0.000121172,0.000317742,0,0,0,0,0,0,0,-0.176685,26.7383,-24.7128,7.49881,0.825212,2.50601,0.038645,-0.18703,2.16572,-3.09444,1.9036,0.181685,0.919553,0.0556129
1726813,0.99,-2.75261,-1.32534,1.01105,-1.94698,1.10108,1.16772,2.20139,-2.75266,-1.32422,1.00895,-1.94565,1.10136,1.16858,2.20139,-0.000503492,0.00128248,-0.000564086,-0.00037089,-0.000329195,0.00031814,-0.000534157,0,0,0,0,0,0,0,-0.152882,26.6867,-24.689,7.49881,0.836199,2.4996,0.0587866,-0.186611,2.16558,-3.09407,1.90344,0.181697,0.919478,0.0552346
1726814,0.99,-2.75261,-1.32534,1.01105,-1.94698,1.10108,1.16771,2.20139,-2.75266,-1.32422,1.00895,-1.94565,1.10136,1.16858,2.20139,0.000870765,-0.000351441,-0.000376057,0.000958853,0.000628247,-0.000262624,0.000118613,0,0,0,0,0,0,0,-0.204456,26.7383,-24.689,7.44724,0.81331,2.51242,0.0459692,-0.185772,2.16387,-3.09211,1.90358,0.181713,0.919306,0.0548905
1726815,0.99,-2.75261,-1.32534,1.01105,-1.94698,1.10108,1.16771,2.20139,-2.75266,-1.32422,1.00895,-1.94565,1.10136,1.16858,2.20139,-6.91041e-05,-0.000883908,-0.000900319,0.0058185,-2.1978e-05,-0.000175083,-0.000395643,0,0,0,0,0,0,0,-0.176685,26.766,-24.6612,7.52262,0.825212,2.51242,0.0587866,-0.188565,2.1641,-3.08971,1.90054,0.18149,0.919051,0.0545717
1726816,0.99,-2.75261,-1.32534,1.01105,-1.94698,1.10108,1.16771,2.20139,-2.75266,-1.32422,1.00895,-1.94565,1.10136,1.16858,2.20139,-0.000602881,-0.000589272,4.94013e-05,0.00566381,-0.000218103,0.000120637,0.000956941,0,0,0,0,0,0,0,-0.152882,26.766,-24.689,7.47104,0.830705,2.50601,0.0258276,-0.19637,2.16819,-3.08782,1.8924,0.180885,0.918695,0.0542733
1726817,0.99,-2.75261,-1.32534,1.01105,-1.94698,1.10108,1.16772,2.20138,-2.75266,-1.32422,1.00895,-1.94565,1.10136,1.16858,2.20139,0.000154891,0.000256766,3.29342e-05,-0.0022489,-0.000145402,8.04246e-05,-0.0020069,0,0,0,0,0,0,0,-0.176685,26.7383,-24.689,7.44724,0.830705,2.50601,0.0972387,-0.204213,2.17318,-3.08671,1.88371,0.180236,0.918351,0.0540012
1726818,0.99,-2.75261,-1.32534,1.01105,-1.94698,1.10108,1.16771,2.20138,-2.75266,-1.32422,1.00895,-1.94565,1.10136,1.16858,2.20139,0.000752875,0.000727989,-0.000627658,-0.00231535,-9.69345e-05,-0.000183743,-0.000388495,0,0,0,0,0,0,0,-0.204456,26.7144,-24.6612,7.47104,0.830705,2.51242,0.071604,-0.206951,2.17481,-3.08555,1.88046,0.179992,0.918171,0.0537776
1726819,0.99,-2.75261,-1.32534,1.01105,-1.94698,1.10108,1.16772,2.20138,-2.75266,-1.32422,1.00895,-1.94565,1.10136,1.16858,2.20139,-0.00135412,-7.14858e-05,0.000231175,-0.00294445,-6.4623e-05,0.000589582,-0.000496355,0,0,0,0,0,0,0,-0.125111,26.7383,-24.689,7.52262,0.830705,2.49319,0.0780126,-0.203658,2.17234,-3.08394,1.88341,0.180223,0.918136,0.0536378
1726820,0.99,-2.75261,-1.32534,1.01105,-1.94698,1.10108,1.16772,2.20139,-2.75266,-1.32422,1.00895,-1.94565,1.10136,1.16858,2.20139,0.000303677,0.000509155,0.000154117,-0.00155199,0.000160369,-8.16633e-05,0.000381173,0,0,0,0,0,0,0,-0.176685,26.7144,-24.689,7.49881,0.825212,2.50601,0.0587866,-0.196112,2.16784,-3.08276,1.89005,0.180749,0.918185,0.053598
1726821,0.99,-2.75261,-1.32534,1.01105,-1.94698,1.10108,1.16772,2.20138,-2.75266,-1.32422,1.00895,-1.94565,1.10136,1.16858,2.20139,0.000202451,0.000339436,-0.000546869,-0.00114404,0.000310363,-0.000291801,-0.000220602,0,0,0,0,0,0,0,-0.176685,26.7144,-24.6612,7.49881,0.819719,2.51242,0.071604,-0.188194,2.16315,-3.08179,1.89715,0.181307,0.918257,0.0536437
1726822,0.99,-2.75261,-1.32534,1.01105,-1.94698,1.10108,1.16771,2.20138,-2.75266,-1.32422,1.00895,-1.94565,1.10136,1.16858,2.20139,0.00134139,-0.000330521,0.000285034,-0.00084473,-0.000199992,-0.000669252,-0.00133386,0,0,0,0,0,0,0,-0.22826,26.7383,-24.689,7.49881,0.830705,2.52523,0.103647,-0.183179,2.15975,-3.08073,1.90235,0.181709,0.918338,0.0537521
1726823,0.99,-2.75261,-1.32534,1.01105,-1.94698,1.10108,1.16771,2.20138,-2.75266,-1.32422,1.00895,-1.94565,1.10136,1.16858,2.20139,-0.000868976,-0.000869961,-0.00157321,-0.00062468,-0.000540229,0.000503268,6.01938e-05,0,0,0,0,0,0,0,-0.152882,26.766,-24.6136,7.49881,0.841692,2.4996,0.0780126,-0.180958,2.15827,-3.07974,1.90547,0.181963,0.918411,0.0539213
1726824,0.99,-2.75261,-1.32534,1.01105,-1.94698,1.10108,1.16772,2.20138,-2.75266,-1.32422,1.00895,-1.94565,1.10136,1.16858,2.20139,0.000627109,6.96398e-05,0.00127124,0.000187016,0.000250199,9.81529e-05,-0.000434589,0,0,0,0,0,0,0,-0.204456,26.7383,-24.7128,7.47104,0.825212,2.50601,0.09083,-0.179943,2.15816,-3.07897,1.90713,0.182125,0.918447,0.0541684
1726825,0.99,-2.75261,-1.32534,1.01105,-1.94698,1.10108,1.16771,2.20138,-2.75266,-1.32422,1.00895,-1.94565,1.10136,1.16858,2.20139,0.000418073,0.000603238,0.000290681,-0.000559546,0.000166799,-0.000171924,0.000184992,0,0,0,0,0,0,0,-0.204456,26.7144,-24.689,7.49881,0.825212,2.51242,0.0780126,-0.179895,2.159,-3.07911,1.90765,0.182194,0.918514,0.0545002
1726826,0.99,-2.75261,-1.32534,1.01105,-1.94698,1.10108,1.16772,2.20138,-2.75266,-1.32422,1.00895,-1.94565,1.10136,1.16858,2.20139,0.000278715,-0.000804267,-0.000455826,0.000807439,0.000111199,0.000360102,-0.000588749,0,0,0,0,0,0,0,-0.204456,26.766,-24.6612,7.44724,0.825212,2.4996,0.0972387,-0.181092,2.16041,-3.07958,1.90708,0.182167,0.918593,0.0549053
1726827,0.99,-2.75261,-1.32534,1.01105,-1.94698,1.10108,1.16771,2.20139,-2.75266,-1.32422,1.00895,-1.94565,1.10136,1.16858,2.20139,-0.00167023,-0.000536178,-0.000303884,0.000518825,-0.000332768,-0.00023465,0.000556937,0,0,0,0,0,0,0,-0.125111,26.766,-24.6612,7.44724,0.836199,2.51242,0.071604,-0.182385,2.16212,-3.07964,1.90579,0.182097,0.918583,0.0553699
1726828,0.99,-2.75261,-1.32534,1.01105,-1.94698,1.10108,1.16772,2.20138,-2.75266,-1.32422,1.00895,-1.94565,1.10136,1.16858,2.20139,9.29394e-05,0.00149859,-0.000759401,-0.000225529,-1.83949e-05,0.000318285,0.000133932,0,0,0,0,0,0,0,-0.176685,26.6867,-24.6374,7.47104,0.830705,2.4996,0.0780126,-0.18192,2.16257,-3.07875,1.90505,0.182074,0.918452,0.0558876
1726829,0.99,-2.75261,-1.32534,1.01105,-1.94698,1.10108,1.16772,2.20139,-2.75266,-1.32422,1.00895,-1.94565,1.10136,1.16858,2.20139,6.19596e-05,-0.000207367,5.05443e-05,0.000395509,0.000631997,0.00021219,0.000801365,0,0,0,0,0,0,0,-0.176685,26.7383,-24.6612,7.44724,0.81331,2.4996,0.0587866,-0.180523,2.16119,-3.07658,1.90492,0.18208,0.91825,0.0564401
1726830,0.99,-2.75261,-1.32534,1.01105,-1.94698,1.10108,1.16772,2.20139,-2.75266,-1.32422,1.00895,-1.94565,1.10136,1.16858,2.20139,0.00069092,-0.000138245,3.36962e-05,0.00025546,0.000183972,0.000378819,0.000534243,0,0,0,0,0,0,0,-0.204456,26.7383,-24.6612,7.44724,0.819719,2.49319,0.0587866,-0.180606,2.16044,-3.07457,1.90401,0.182022,0.918081,0.0569943
1726831,0.99,-2.75261,-1.32534,1.01105,-1.94698,1.10108,1.16772,2.20138,-2.75266,-1.32422,1.00895,-1.94565,1.10136,1.16858,2.20139,-0.000745812,0.00111426,0.000672078,0.000164147,0.000122648,-0.000222172,-0.000830633,0,0,0,0,0,0,0,-0.152882,26.6867,-24.689,7.44724,0.819719,2.50601,0.09083,-0.181477,2.16061,-3.07348,1.90261,0.181919,0.91797,0.057522
1726832,0.99,-2.75261,-1.32534,1.01105,-1.94698,1.10108,1.16772,2.20138,-2.75266,-1.32422,1.00895,-1.94565,1.10136,1.16858,2.20139,5.96037e-05,9.32278e-05,-0.000201562,-0.000452,-0.000528586,-0.000385474,-0.000553755,0,0,0,0,0,0,0,-0.176685,26.7144,-24.6612,7.47104,0.836199,2.51242,0.09083,-0.181109,2.16009,-3.07276,1.90204,0.181853,0.917879,0.0580188
1726833,0.99,-2.75261,-1.32534,1.01105,-1.94698,1.10108,1.16772,2.20138,-2.75266,-1.32422,1.00895,-1.94565,1.10136,1.16858,2.20139,0.00068935,-0.00049466,0.000515239,-0.000304798,-0.000352391,0.000217735,0.000580266,0,0,0,0,0,0,0,-0.204456,26.7383,-24.689,7.47104,0.836199,2.4996,0.0651953,-0.180541,2.15976,-3.07242,1.90184,0.181821,0.917824,0.058503
1726834,0.99,-2.75261,-1.32534,1.01105,-1.94698,1.10108,1.16772,2.20138,-2.75266,-1.32422,1.00895,-1.94565,1.10136,1.16858,2.20139,-0.000746859,0.000227039,0.000343493,0.000351014,0.000171974,0.000145157,0.000149485,0,0,0,0,0,0,0,-0.152882,26.7144,-24.689,7.44724,0.825212,2.4996,0.071604,-0.180742,2.16055,-3.07278,1.90126,0.181787,0.917815,0.0589851
1726835,0.99,-2.75261,-1.32534,1.01105,-1.94698,1.10108,1.16772,2.20138,-2.75266,-1.32422,1.00895,-1.94565,1.10136,1.16858,2.20139,-0.000497906,0.000151359,-0.00153424,-0.000324751,-0.000292252,0.000571489,0.000337016,0,0,0,0,0,0,0,-0.152882,26.7144,-24.6136,7.47104,0.836199,2.48678,0.0651953,-0.180171,2.16075,-3.07259,1.90093,0.18179,0.91773,0.0594556
1726836,0.99,-2.75261,-1.32534,1.01105,-1.94698,1.10108,1.16772,2.20138,-2.75266,-1.32422,1.00895,-1.94565,1.10136,1.16858,2.20139,0.000224874,-0.000455906,9.07955e-05,0.000338849,-0.000194835,-9.37251e-05,-0.000962118,0,0,0,0,0,0,0,-0.176685,26.7383,-24.6612,7.44724,0.836199,2.4996,0.0972387,-0.179099,2.15996,-3.07097,1.90079,0.181827,0.917519,0.0599
1726837,0.99,-2.75261,-1.32534,1.01105,-1.94698,1.10108,1.16772,2.20139,-2.75266,-1.32422,1.00895,-1.94565,1.10136,1.16858,2.20139,-0.000406896,-0.000953551,6.05303e-05,-0.000981623,7.35608e-05,0.000174876,0.0010201,0,0,0,0,0,0,0,-0.152882,26.766,-24.6612,7.49881,0.830705,2.49319,0.0523779,-0.178673,2.16003,-3.06969,1.90031,0.181874,0.917314,0.0603223
1726838,0.99,-2.75261,-1.32534,1.01105,-1.94698,1.10108,1.16772,2.20139,-2.75266,-1.32422,1.00895,-1.94565,1.10136,1.16858,2.20139,0.000285548,0.000570725,0.000689968,-5.62331e-06,0.000693301,-0.000120775,0.000680067,0,0,0,0,0,0,0,-0.176685,26.7144,-24.689,7.47104,0.81331,2.4996,0.0523779,-0.178399,2.16108,-3.06966,1.8999,0.181948,0.917183,0.0607338
1726839,0.99,-2.75261,-1.32534,1.01105,-1.94698,1.10108,1.16772,2.20139,-2.75266,-1.32422,1.00895,-1.94565,1.10136,1.16858,2.20139,0.000839979,-0.000176329,-0.000189636,0.00110926,-0.00018206,-8.05168e-05,0.000690737,0,0,0,0,0,0,0,-0.204456,26.7383,-24.6612,7.42344,0.830705,2.4996,0.0459692,-0.179173,2.16242,-3.06992,1.89888,0.181957,0.917072,0.0611143
1726840,0.99,-2.75261,-1.32534,1.01105,-1.94698,1.10108,1.16772,2.20138,-2.75266,-1.32422,1.00895,-1.94565,1.10136,1.16858,2.20139,-8.96277e-05,-0.000117552,-0.000683236,-0.00102419,-0.000121373,-0.000291037,-0.000963662,0,0,0,0,0,0,0,-0.176685,26.7383,-24.6374,7.49881,0.830705,2.50601,0.0844213,-0.181353,2.16375,-3.06948,1.89699,0.181879,0.91692,0.061431
1726841,0.99,-2.75261,-1.32534,1.01105,-1.94698,1.10108,1.16772,2.20139,-2.75266,-1.32422,1.00895,-1.94565,1.10136,1.16858,2.20139,-0.000616564,-7.83683e-05,0.000750935,-3.35294e-05,0.000325986,-0.000194025,0.00105298,0,0,0,0,0,0,0,-0.152882,26.7383,-24.689,7.47104,0.819719,2.50601,0.038645,-0.182459,2.16434,-3.06865,1.89589,0.181857,0.916741,0.0616855
1726842,0.99,-2.75261,-1.32534,1.01105,-1.94698,1.10108,1.16772,2.20139,-2.75266,-1.32422,1.00895,-1.94565,1.10136,1.16858,2.20139,0.000145769,0.00115418,-0.000705802,-2.26131e-05,1.38732e-05,-0.00012935,0.000430719,0,0,0,0,0,0,0,-0.176685,26.6867,-24.6374,7.47104,0.825212,2.50601,0.0459692,-0.181726,2.16374,-3.06767,1.89592,0.1819,0.916552,0.061893
1726843,0.99,-2.75261,-1.32534,1.01105,-1.94698,1.10108,1.16772,2.20139,-2.75266,-1.32422,1.00895,-1.94565,1.10136,1.16858,2.20139,0.000746794,0.00011984,8.62771e-05,-0.000664884,-0.000194202,0.000388485,-0.000187572,0,0,0,0,0,0,0,-0.204456,26.7144,-24.6612,7.49881,0.830705,2.49319,0.0587866,-0.180808,2.16205,-3.06586,1.89622,0.181931,0.916338,0.0620418
1726844,0.99,-2.75261,-1.32534,1.01104,-1.94698,1.10108,1.16772,2.20138,-2.75266,-1.32422,1.00895,-1.94565,1.10136,1.16858,2.20139,-0.000151752,0.000729507,-0.00105611,0.000763023,0.000514792,2.16309e-05,-0.00107448,0,0,0,0,0,0,0,-0.176685,26.6867,-24.6136,7.44724,0.81331,2.4996,0.0844213,-0.180654,2.15994,-3.06319,1.89621,0.181916,0.916095,0.0621216
1726845,0.99,-2.75261,-1.32534,1.01105,-1.94698,1.10108,1.16772,2.20139,-2.75266,-1.32422,1.00895,-1.94565,1.10136,1.16858,2.20139,-0.000101168,-0.000163276,-0.000147259,-4.82395e-05,-0.000504516,-0.000460297,0.000979099,0,0,0,0,0,0,0,-0.176685,26.7144,-24.6374,7.47104,0.836199,2.51242,0.038645,-0.18083,2.15787,-3.06012,1.89581,0.181861,0.915814,0.0621564
1726846,0.99,-2.75261,-1.32534,1.01105,-1.94698,1.10108,1.16772,2.20139,-2.75266,-1.32422,1.00895,-1.94565,1.10136,1.16858,2.20139,-0.000624257,-0.000665663,0.00110825,-0.000681856,0.000274008,0.000405212,0.00183953,0,0,0,0,0,0,0,-0.152882,26.7383,-24.689,7.49881,0.819719,2.49319,0.00660151,-0.180415,2.15681,-3.05833,1.89561,0.181833,0.915594,0.0621702
1726847,0.99,-2.75261,-1.32534,1.01105,-1.94698,1.10108,1.16772,2.20138,-2.75266,-1.32422,1.00895,-1.94565,1.10136,1.16858,2.20139,0.000140641,0.000113037,-0.00046759,0.00569408,0.000420031,0.000270141,-0.00141851,0,0,0,0,0,0,0,-0.176685,26.7144,-24.6374,7.52262,0.81331,2.49319,0.0780126,-0.181082,2.15806,-3.05841,1.894,0.181706,0.915439,0.0621324
1726848,0.99,-2.75261,-1.32534,1.01105,-1.94698,1.10108,1.16772,2.20139,-2.75266,-1.32422,1.00895,-1.94565,1.10136,1.16858,2.20139,0.000743374,-0.00113107,-0.000311727,0.00611804,-0.000160789,0.000180094,0.00098711,0,0,0,0,0,0,0,-0.204456,26.766,-24.6374,7.44724,0.825212,2.49319,0.0258276,-0.187251,2.16262,-3.0586,1.88719,0.181162,0.915175,0.0620062
1726849,0.99,-2.75261,-1.32534,1.01105,-1.94698,1.10108,1.16772,2.20139,-2.75266,-1.32422,1.00895,-1.94565,1.10136,1.16858,2.20139,0.000495583,-0.000104431,-0.000207818,0.00329133,-0.000514094,-0.000117296,0.000420714,0,0,0,0,0,0,0,-0.204456,26.7383,-24.6374,7.49881,0.836199,2.4996,0.0322363,-0.198608,2.16986,-3.05836,1.87604,0.180267,0.914808,0.0618076
1726850,0.99,-2.75261,-1.32534,1.01105,-1.94698,1.10108,1.16772,2.20139,-2.75266,-1.32422,1.00895,-1.94565,1.10136,1.16858,2.20139,-0.000876037,0.000487191,-0.000138545,0.00371494,6.41719e-05,-0.000315556,4.31172e-05,0,0,0,0,0,0,0,-0.152882,26.7144,-24.6374,7.44724,0.825212,2.50601,0.038645,-0.20935,2.17637,-3.05773,1.86553,0.179406,0.914423,0.0615544
1726851,0.99,-2.75261,-1.32534,1.01105,-1.94697,1.10108,1.16772,2.20139,-2.75266,-1.32422,1.00895,-1.94565,1.10136,1.16858,2.20139,0.000622401,-0.000232018,-9.23635e-05,0.00382597,-0.00036412,2.6988e-05,-0.000242523,0,0,0,0,0,0,0,-0.204456,26.7383,-24.6374,7.39963,0.836199,2.4996,0.0459692,-0.217064,2.18067,-3.05663,1.8575,0.17872,0.914042,0.0612457
1726852,0.99,-2.75261,-1.32534,1.01105,-1.94698,1.10108,1.16772,2.20139,-2.75266,-1.32422,1.00895,-1.94565,1.10136,1.16858,2.20139,-0.00023468,-0.000804293,0.000495236,0.000407389,-0.000242747,1.7992e-05,-0.000161682,0,0,0,0,0,0,0,-0.176685,26.766,-24.6612,7.49881,0.836199,2.4996,0.0459692,-0.222447,2.184,-3.05599,1.85182,0.178238,0.913754,0.0608912
1726853,0.99,-2.75261,-1.32534,1.01105,-1.94698,1.10108,1.16772,2.20139,-2.75266,-1.32422,1.00895,-1.94565,1.10136,1.16858,2.20139,-0.000713265,0.000670231,-0.000226654,0.000404186,4.16195e-05,1.19947e-05,0.000400838,0,0,0,0,0,0,0,-0.152882,26.7144,-24.6374,7.49881,0.830705,2.4996,0.0322363,-0.223663,2.18554,-3.05593,1.85015,0.178104,0.9136,0.0605143
1726854,0.99,-2.75261,-1.32534,1.01104,-1.94698,1.10108,1.16772,2.20139,-2.75266,-1.32422,1.00895,-1.94565,1.10136,1.16858,2.20139,8.13018e-05,0.000446821,-0.00135753,0.00101852,0.000231197,7.99645e-06,-0.00047876,0,0,0,0,0,0,0,-0.176685,26.7144,-24.5858,7.47104,0.825212,2.4996,0.0523779,-0.220466,2.18367,-3.05468,1.85243,0.178287,0.91345,0.0601264
1726855,0.99,-2.75261,-1.32534,1.01104,-1.94698,1.10108,1.16772,2.20139,-2.75266,-1.32422,1.00895,-1.94565,1.10136,1.16858,2.20139,0.000703815,-0.000258932,0.000301407,0.000753594,0.000357582,5.33097e-06,0.000189453,0,0,0,0,0,0,0,-0.204456,26.7383,-24.6374,7.47104,0.819719,2.4996,0.038645,-0.216375,2.18008,-3.05202,1.85599,0.178572,0.913272,0.0597253
1726856,0.99,-2.75261,-1.32534,1.01105,-1.94698,1.10108,1.16772,2.20139,-2.75266,-1.32422,1.00895,-1.94565,1.10136,1.16858,2.20139,-0.000180404,-0.000172621,0.00075775,0.000558334,-0.000168513,3.55398e-06,-0.000144965,0,0,0,0,0,0,0,-0.176685,26.7383,-24.6612,7.47104,0.830705,2.4996,0.0459692,-0.213033,2.17746,-3.05028,1.85949,0.178862,0.913196,0.0593176
1726857,0.99,-2.75261,-1.32534,1.01105,-1.94698,1.10108,1.16772,2.20139,-2.75266,-1.32422,1.00895,-1.94565,1.10136,1.16858,2.20139,-0.000120269,-0.000115081,-5.16455e-05,0.0015278,0.000294559,-0.00023499,0.00112406,0,0,0,0,0,0,0,-0.176685,26.7383,-24.6374,7.42344,0.819719,2.50601,0.0130102,-0.209761,2.17603,-3.05006,1.86293,0.179153,0.913219,0.0589097
1726858,0.99,-2.75261,-1.32534,1.01105,-1.94698,1.10108,1.16772,2.20139,-2.75266,-1.32422,1.00895,-1.94565,1.10136,1.16858,2.20139,-8.01795e-05,0.000480091,-0.000591242,0.000493186,0.000196373,8.06992e-05,3.72963e-05,0,0,0,0,0,0,0,-0.176685,26.7144,-24.6136,7.44724,0.819719,2.4996,0.0322363,-0.206331,2.17446,-3.04965,1.86622,0.179425,0.913217,0.0584913
1726859,0.99,-2.75261,-1.32534,1.01105,-1.94698,1.10108,1.16771,2.20139,-2.75266,-1.32422,1.00895,-1.94565,1.10136,1.16858,2.20139,-5.3453e-05,0.000320061,0.000719462,0.00035239,-7.25354e-05,5.37995e-05,0.000499582,0,0,0,0,0,0,0,-0.176685,26.7144,-24.6612,7.44724,0.825212,2.4996,0.0194189,-0.202492,2.17204,-3.04853,1.86971,0.179694,0.913177,0.0580439
1726860,0.99,-2.75261,-1.32534,1.01105,-1.94698,1.10108,1.16772,2.20139,-2.75266,-1.32422,1.00895,-1.94565,1.10136,1.16858,2.20139,0.000613979,0.000213374,0.000479642,-0.0009538,0.000392452,0.000510584,-0.000379022,0,0,0,0,0,0,0,-0.204456,26.7144,-24.6612,7.49881,0.81331,2.48678,0.038645,-0.19825,2.1694,-3.04781,1.87368,0.179984,0.913193,0.0575583
1726861,0.99,-2.75261,-1.32534,1.01105,-1.94698,1.10108,1.16771,2.20139,-2.75266,-1.32422,1.00895,-1.94565,1.10136,1.16858,2.20139,0.000409319,-0.000414563,0.000319761,-0.000622593,-0.000179174,-0.000371687,-1.53225e-05,0,0,0,0,0,0,0,-0.204456,26.7383,-24.6612,7.49881,0.825212,2.50601,0.0322363,-0.194293,2.16732,-3.04787,1.87789,0.180284,0.913291,0.0570363
1726862,0.99,-2.75261,-1.32534,1.01104,-1.94697,1.10108,1.16772,2.20139,-2.75266,-1.32422,1.00895,-1.94565,1.10136,1.16858,2.20139,0.000272879,-0.000276375,-0.00155006,0.00191494,-0.000526351,0.000226926,0.000464503,0,0,0,0,0,0,0,-0.204456,26.7383,-24.5858,7.39963,0.836199,2.49319,0.0194189,-0.191774,2.16598,-3.04752,1.88113,0.180509,0.913347,0.0564845
1726863,0.99,-2.75261,-1.32534,1.01105,-1.94698,1.10108,1.16772,2.20139,-2.75266,-1.32422,1.00895,-1.94565,1.10136,1.16858,2.20139,-0.000467694,-0.00018425,0.00017305,-0.00038634,0.000259451,-8.60747e-05,-0.00114839,0,0,0,0,0,0,0,-0.176685,26.7383,-24.6374,7.47104,0.819719,2.4996,0.0587866,-0.190516,2.16492,-3.04597,1.88295,0.180628,0.913262,0.0559083
1726864,0.99,-2.75261,-1.32534,1.01105,-1.94698,1.10108,1.16772,2.20139,-2.75266,-1.32422,1.00895,-1.94565,1.10136,1.16858,2.20139,-0.000311796,-0.000122833,0.000115367,0.000861664,0.000172967,-0.000294742,0.000929825,0,0,0,0,0,0,0,-0.176685,26.7383,-24.6374,7.42344,0.819719,2.50601,0.0130102,-0.188759,2.16384,-3.04444,1.88459,0.180733,0.913132,0.0553245
1726865,0.99,-2.75261,-1.32534,1.01105,-1.94698,1.10108,1.16772,2.20139,-2.75266,-1.32422,1.00895,-1.94565,1.10136,1.16858,2.20139,-0.000764676,-8.18889e-05,0.00184015,-0.0011846,-8.81389e-05,4.08642e-05,-0.00178761,0,0,0,0,0,0,0,-0.152882,26.7383,-24.7128,7.49881,0.825212,2.4996,0.0780126,-0.185577,2.16306,-3.04447,1.88688,0.180886,0.913084,0.0547536
1726866,0.99,-2.75261,-1.32534,1.01105,-1.94698,1.10108,1.16772,2.20139,-2.75266,-1.32422,1.00895,-1.94565,1.10136,1.16858,2.20139,0.000696642,-5.45926e-05,2.03401e-05,-0.000136966,0.00038205,0.000264602,-0.000242307,0,0,0,0,0,0,0,-0.204456,26.7383,-24.6612,7.47104,0.81331,2.49319,0.0523779,-0.181634,2.16268,-3.046,1.88972,0.181072,0.913147,0.0542096
1726867,0.99,-2.75261,-1.32534,1.01105,-1.94698,1.10108,1.16772,2.20139,-2.75266,-1.32422,1.00895,-1.94565,1.10136,1.16858,2.20139,-0.000741998,-3.63951e-05,1.35601e-05,0.000467864,-0.000186109,-6.09578e-05,7.58209e-05,0,0,0,0,0,0,0,-0.152882,26.7383,-24.6612,7.44724,0.825212,2.4996,0.0459692,-0.178427,2.16235,-3.04726,1.89215,0.181213,0.9132,0.0537181
1726868,0.99,-2.75261,-1.32534,1.01105,-1.94698,1.10108,1.16772,2.20138,-2.75266,-1.32422,1.00895,-1.94565,1.10136,1.16858,2.20139,0.000711761,0.000532549,-0.000547772,0.000313681,-0.000124073,-4.06385e-05,-0.000898889,0,0,0,0,0,0,0,-0.204456,26.7144,-24.6374,7.44724,0.825212,2.4996,0.071604,-0.176425,2.1615,-3.047,1.89359,0.181257,0.913138,0.0532933
1726869,0.99,-2.75261,-1.32534,1.01104,-1.94698,1.10108,1.16772,2.20138,-2.75266,-1.32422,1.00895,-1.94565,1.10136,1.16858,2.20139,0.000474507,-0.000851394,-0.00157161,0.00021045,0.000120735,0.000210267,-0.000599259,0,0,0,0,0,0,0,-0.204456,26.766,-24.5858,7.44724,0.819719,2.49319,0.071604,-0.176191,2.16029,-3.0449,1.89386,0.181204,0.912958,0.0529346
1726870,0.99,-2.75261,-1.32534,1.01104,-1.94698,1.10108,1.16772,2.20138,-2.75266,-1.32422,1.00895,-1.94565,1.10136,1.16858,2.20139,-0.000890088,8.20183e-05,-0.000398124,0.000141296,-0.00012296,-0.00033454,-0.000636865,0,0,0,0,0,0,0,-0.152882,26.7383,-24.6136,7.44724,0.825212,2.50601,0.0780126,-0.176929,2.15905,-3.04154,1.89344,0.181108,0.91269,0.0526571
1726871,0.99,-2.75261,-1.32534,1.01105,-1.94698,1.10108,1.16772,2.20139,-2.75266,-1.32422,1.00895,-1.94565,1.10136,1.16858,2.20139,0.000613034,-0.000594935,0.000291396,-0.000461867,-8.19736e-05,-0.000223027,0.00103349,0,0,0,0,0,0,0,-0.204456,26.766,-24.6374,7.47104,0.825212,2.50601,0.038645,-0.176967,2.15806,-3.03868,1.89334,0.181046,0.912443,0.0524813
1726872,0.99,-2.75261,-1.32534,1.01104,-1.94698,1.10108,1.16772,2.20138,-2.75266,-1.32422,1.00895,-1.94565,1.10136,1.16858,2.20139,0.000408689,0.000809802,-0.000362548,0.000806273,-0.0002581,0.000326033,-0.000769072,0,0,0,0,0,0,0,-0.204456,26.7144,-24.6136,7.42344,0.830705,2.49319,0.0780126,-0.177261,2.15767,-3.03678,1.89312,0.180974,0.912281,0.0523983
1726873,0.99,-2.75261,-1.32534,1.01105,-1.94698,1.10108,1.16772,2.20138,-2.75266,-1.32422,1.00895,-1.94565,1.10136,1.16858,2.20139,0.00027246,-1.69436e-05,0.000871925,-0.000575688,-0.000172066,-2.00034e-05,-0.000750073,0,0,0,0,0,0,0,-0.204456,26.7383,-24.6612,7.47104,0.830705,2.4996,0.0844213,-0.178147,2.15748,-3.03538,1.89255,0.18087,0.912178,0.0523833
1726874,0.99,-2.75261,-1.32534,1.01105,-1.94698,1.10108,1.16772,2.20138,-2.75266,-1.32422,1.00895,-1.94565,1.10136,1.16858,2.20139,-0.0016744,-0.00066091,2.44715e-05,-0.000383477,0.00029219,-1.33356e-05,-0.00121213,0,0,0,0,0,0,0,-0.125111,26.766,-24.6374,7.47104,0.819719,2.4996,0.103647,-0.177569,2.15733,-3.03504,1.89281,0.180844,0.912135,0.0524401
1726875,0.99,-2.75261,-1.32534,1.01105,-1.94698,1.10108,1.16772,2.20138,-2.75266,-1.32422,1.00895,-1.94565,1.10136,1.16858,2.20139,9.01591e-05,0.000765819,-0.000540498,-0.000905028,0.000432152,-8.89038e-06,-9.6007e-05,0,0,0,0,0,0,0,-0.176685,26.7144,-24.6136,7.49881,0.81331,2.4996,0.0844213,-0.17453,2.15652,-3.03505,1.89449,0.180949,0.912089,0.052594
1726876,0.99,-2.75261,-1.32534,1.01105,-1.94698,1.10108,1.16772,2.20138,-2.75266,-1.32422,1.00895,-1.94565,1.10136,1.16858,2.20139,0.00070972,0.000510546,0.000753292,4.6439e-05,5.07426e-05,0.000231432,-6.40047e-05,0,0,0,0,0,0,0,-0.204456,26.7144,-24.6612,7.47104,0.819719,2.49319,0.0844213,-0.171348,2.15481,-3.03431,1.89645,0.181056,0.912013,0.0528597
1726877,0.99,-2.75261,-1.32534,1.01105,-1.94698,1.10108,1.16772,2.20138,-2.75266,-1.32422,1.00895,-1.94565,1.10136,1.16858,2.20139,0.000473147,-0.00142287,-0.000611429,0.00114472,3.38284e-05,-0.00032043,-4.26698e-05,0,0,0,0,0,0,0,-0.204456,26.7898,-24.6136,7.42344,0.819719,2.50601,0.0844213,-0.171076,2.1545,-3.03364,1.89663,0.181011,0.91196,0.0532234
1726878,1,-2.75261,-1.32534,1.01104,-1.94698,1.10108,1.16772,2.20138,-2.75266,-1.32422,1.00895,-1.94565,1.10136,1.16858,2.20139,-0.000890995,0.000257843,0.000149193,0.000206432,0.000259911,0.000261098,0.000208912,0,0,0,0,0,0,0,-0.152882,26.7383,-24.6374,7.44724,0.81331,2.49319,0.0780126,-0.172949,2.15609,-3.03338,1.89504,0.180836,0.911894,0.0536629
1726879,1,-2.75261,-1.32534,1.01105,-1.94698,1.10108,1.16772,2.20138,-2.75266,-1.32422,1.00895,-1.94565,1.10136,1.16858,2.20139,-3.71846e-05,0.000728708,0.000656274,-0.00162554,-0.000470986,0.000174065,-0.000572802,0,0,0,0,0,0,0,-0.176685,26.7144,-24.6612,7.52262,0.830705,2.49319,0.0972387,-0.173252,2.15696,-3.03316,1.89435,0.180715,0.911812,0.0541682
1726880,1,-2.75261,-1.32534,1.01105,-1.94698,1.10108,1.16772,2.20139,-2.75266,-1.32422,1.00895,-1.94565,1.10136,1.16858,2.20139,-2.47897e-05,-0.000720621,-0.000119296,0.00123641,-0.00011054,-0.000358674,0.000330209,0,0,0,0,0,0,0,-0.176685,26.766,-24.6374,7.42344,0.825212,2.50601,0.0780126,-0.172042,2.15687,-3.03309,1.89486,0.180666,0.911753,0.0547281
1726881,1,-2.75261,-1.32534,1.01105,-1.94698,1.10108,1.16772,2.20138,-2.75266,-1.32422,1.00895,-1.94565,1.10136,1.16858,2.20139,0.000633087,0.0001692,-7.95308e-05,-0.000289307,-7.36934e-05,-1.75729e-06,-0.000491938,0,0,0,0,0,0,0,-0.204456,26.7383,-24.6374,7.47104,0.825212,2.4996,0.0972387,-0.172204,2.15753,-3.033,1.89448,0.180554,0.911693,0.0553279
1726882,1,-2.75261,-1.32534,1.01105,-1.94698,1.10108,1.16772,2.20138,-2.75266,-1.32422,1.00895,-1.94565,1.10136,1.16858,2.20139,0.000422058,0.000669612,-5.30205e-05,-0.00139927,-0.000252579,0.000473546,0.000384118,0,0,0,0,0,0,0,-0.204456,26.7144,-24.6374,7.52262,0.830705,2.48678,0.0780126,-0.17327,2.15804,-3.0323,1.89383,0.180423,0.91162,0.0559618
1726883,1,-2.75261,-1.32534,1.01105,-1.94698,1.10108,1.16772,2.20138,-2.75266,-1.32422,1.00895,-1.94565,1.10136,1.16858,2.20139,-0.000368242,-0.000760018,0.000521465,0.000273606,0.000238515,7.83386e-05,1.872e-05,0,0,0,0,0,0,0,-0.176685,26.766,-24.6612,7.47104,0.819719,2.49319,0.0844213,-0.173671,2.15789,-3.03145,1.89396,0.180359,0.911557,0.0566248
1726884,1,-2.75261,-1.32534,1.01105,-1.94698,1.10108,1.16772,2.20139,-2.75266,-1.32422,1.00895,-1.94565,1.10136,1.16858,2.20139,0.000960931,0.000699747,-0.000209169,0.000739233,-4.44407e-05,0.000289585,0.0017079,0,0,0,0,0,0,0,-0.22826,26.7144,-24.6374,7.44724,0.825212,2.48678,0.038645,-0.174466,2.15832,-3.031,1.89366,0.180272,0.91148,0.0572996
1726885,1,-2.75261,-1.32534,1.01105,-1.94698,1.10108,1.16772,2.20139,-2.75266,-1.32422,1.00895,-1.94565,1.10136,1.16858,2.20139,-0.000565805,0.000466498,-0.000696258,-6.39763e-05,0.000411182,-0.000281661,0.000629974,0,0,0,0,0,0,0,-0.176685,26.7144,-24.6136,7.47104,0.81331,2.4996,0.0523779,-0.175984,2.15846,-3.0298,1.89265,0.180125,0.911316,0.0579544
1726886,1,-2.75261,-1.32534,1.01104,-1.94698,1.10108,1.16772,2.20138,-2.75266,-1.32422,1.00895,-1.94565,1.10136,1.16858,2.20139,-0.000377203,-0.000245813,-0.000464172,-0.00124907,-0.000777039,-0.000187774,-0.000292094,0,0,0,0,0,0,0,-0.176685,26.7383,-24.6136,7.52262,0.841692,2.4996,0.071604,-0.176093,2.15716,-3.02755,1.89259,0.180046,0.911063,0.0585471
1726887,1,-2.75261,-1.32534,1.01104,-1.94698,1.10108,1.16772,2.20138,-2.75266,-1.32422,1.00895,-1.94565,1.10136,1.16858,2.20139,-0.000808281,-0.000813489,-0.000309448,0.000930534,0.000295776,-0.00083726,-0.000432088,0,0,0,0,0,0,0,-0.152882,26.766,-24.6136,7.44724,0.819719,2.51882,0.0780126,-0.174626,2.15573,-3.02555,1.89352,0.180068,0.910805,0.0590561
1726888,1,-2.75261,-1.32534,1.01104,-1.94698,1.10108,1.16772,2.20138,-2.75266,-1.32422,1.00895,-1.94565,1.10136,1.16858,2.20139,0.000667572,0.000107288,-0.000206299,0.00117717,-6.26667e-06,-8.34552e-05,-5.06999e-05,0,0,0,0,0,0,0,-0.204456,26.7383,-24.6136,7.42344,0.825212,2.50601,0.071604,-0.174185,2.15577,-3.02427,1.89343,0.180033,0.910582,0.059495
1726889,1,-2.75261,-1.32534,1.01104,-1.94698,1.10108,1.16772,2.20139,-2.75266,-1.32422,1.00895,-1.94565,1.10136,1.16858,2.20139,0.000445048,7.15251e-05,-0.000137532,-0.000978451,-4.17778e-06,-5.56368e-05,0.000915636,0,0,0,0,0,0,0,-0.204456,26.7383,-24.6136,7.49881,0.825212,2.50601,0.0459692,-0.17568,2.15677,-3.02321,1.89207,0.179903,0.91042,0.059888
1726890,1,-2.75261,-1.32534,1.01105,-1.94698,1.10108,1.16772,2.20139,-2.75266,-1.32422,1.00895,-1.94565,1.10136,1.16858,2.20139,-0.000352915,0.000604495,0.000465124,-2.68369e-06,-0.000206236,0.000437627,0.000373065,0,0,0,0,0,0,0,-0.176685,26.7144,-24.6374,7.47104,0.830705,2.49319,0.0523779,-0.176988,2.15731,-3.02227,1.89124,0.179811,0.91034,0.060242
1726891,1,-2.75261,-1.32534,1.01105,-1.94698,1.10108,1.16772,2.20139,-2.75266,-1.32422,1.00895,-1.94565,1.10136,1.16858,2.20139,-0.000235277,-0.000153815,-0.000246729,0.000555025,6.596e-05,5.43922e-05,-0.000700726,0,0,0,0,0,0,0,-0.176685,26.7383,-24.6136,7.44724,0.825212,2.4996,0.0780126,-0.177053,2.15723,-3.02162,1.89121,0.17978,0.9103,0.0605401
1726892,1,-2.75261,-1.32534,1.01105,-1.94698,1.10108,1.16772,2.20139,-2.75266,-1.32422,1.00895,-1.94565,1.10136,1.16858,2.20139,-0.000156851,-0.000102543,0.000949138,-0.000186793,0.000247424,0.00027362,0.000719644,0,0,0,0,0,0,0,-0.176685,26.7383,-24.6612,7.47104,0.819719,2.49319,0.0459692,-0.176767,2.15748,-3.02156,1.89115,0.17976,0.910287,0.0607793
1726893,1,-2.75261,-1.32534,1.01105,-1.94698,1.10108,1.16772,2.20139,-2.75266,-1.32422,1.00895,-1.94565,1.10136,1.16858,2.20139,-0.000661379,-6.83622e-05,-0.000480866,-0.000124528,-3.85013e-05,-0.000292304,0.000479763,0,0,0,0,0,0,0,-0.152882,26.7383,-24.6136,7.47104,0.825212,2.50601,0.0459692,-0.176051,2.15808,-3.02211,1.89131,0.179769,0.910306,0.0609737
1726894,1,-2.75261,-1.32534,1.01104,-1.94698,1.10108,1.16772,2.20139,-2.75266,-1.32422,1.00895,-1.94565,1.10136,1.16858,2.20139,-0.00044092,-0.000695189,0.000236235,0.00103061,0.000177783,-0.00019487,0.000828468,0,0,0,0,0,0,0,-0.152882,26.766,-24.6374,7.42344,0.819719,2.50601,0.0322363,-0.174995,2.15878,-3.02264,1.89151,0.179791,0.910308,0.061116
1726895,1,-2.75261,-1.32534,1.01105,-1.94698,1.10108,1.16772,2.20139,-2.75266,-1.32422,1.00895,-1.94565,1.10136,1.16858,2.20139,0.000262866,-0.00102027,0.00015749,0.00013026,0.000118522,0.000107446,-0.000193673,0,0,0,0,0,0,0,-0.176685,26.7898,-24.6374,7.44724,0.819719,2.4996,0.0523779,-0.175037,2.16065,-3.02345,1.89076,0.179755,0.910316,0.0611842
1726896,1,-2.75261,-1.32534,1.01105,-1.94698,1.10108,1.16772,2.20139,-2.75266,-1.32422,1.00895,-1.94565,1.10136,1.16858,2.20139,-0.000381568,0.00108306,0.000104993,0.000643652,-0.000124436,7.16306e-05,0.000854229,0,0,0,0,0,0,0,-0.152882,26.7144,-24.6374,7.42344,0.825212,2.4996,0.0258276,-0.176026,2.16301,-3.02428,1.88937,0.179664,0.910343,0.0611725
1726897,1,-2.75261,-1.32534,1.01104,-1.94698,1.10108,1.16772,2.20139,-2.75266,-1.32422,1.00895,-1.94565,1.10136,1.16858,2.20139,0.00150886,0.000165226,-0.000486816,-0.00189095,-0.000286408,4.77537e-05,0.000332127,0,0,0,0,0,0,0,-0.22826,26.7383,-24.6136,7.52262,0.830705,2.4996,0.0322363,-0.176851,2.16374,-3.02387,1.88856,0.179589,0.910352,0.0610867
1726898,1,-2.75261,-1.32534,1.01104,-1.94698,1.10108,1.16772,2.20139,-2.75266,-1.32422,1.00895,-1.94565,1.10136,1.16858,2.20139,-0.00020052,0.000110151,0.000232268,0.00105942,-0.000190939,-0.000680241,-1.5941e-05,0,0,0,0,0,0,0,-0.176685,26.7383,-24.6374,7.42344,0.830705,2.51882,0.038645,-0.177918,2.16337,-3.02247,1.88822,0.179538,0.910367,0.0609211
1726899,1,-2.75261,-1.32534,1.01104,-1.94698,1.10108,1.16772,2.20139,-2.75266,-1.32422,1.00895,-1.94565,1.10136,1.16858,2.20139,0.000515934,7.34338e-05,-0.000401967,-0.000407345,7.61582e-05,2.12239e-05,-1.06273e-05,0,0,0,0,0,0,0,-0.204456,26.7383,-24.6136,7.47104,0.825212,2.50601,0.038645,-0.17939,2.16314,-3.02099,1.88762,0.179474,0.910392,0.0606737
1726900,1,-2.75261,-1.32534,1.01105,-1.94698,1.10108,1.16772,2.20139,-2.75266,-1.32422,1.00895,-1.94565,1.10136,1.16858,2.20139,-0.00086247,-0.000600658,0.000288834,0.000842061,0.000254223,0.000726226,-0.00075307,0,0,0,0,0,0,0,-0.152882,26.766,-24.6374,7.42344,0.819719,2.48678,0.0587866,-0.180517,2.16324,-3.0198,1.88684,0.179415,0.910411,0.060358
1726901,1,-2.75261,-1.32534,1.01105,-1.94698,1.10108,1.16772,2.20139,-2.75266,-1.32422,1.00895,-1.94565,1.10136,1.16858,2.20139,0.000631446,0.000249175,0.000749368,-0.00055225,-3.39688e-05,0.000246792,0.000718656,0,0,0,0,0,0,0,-0.204456,26.7383,-24.6612,7.47104,0.825212,2.49319,0.0258276,-0.181003,2.16391,-3.01949,1.88616,0.17938,0.910454,0.0599988
1726902,1,-2.75261,-1.32534,1.01104,-1.94698,1.10108,1.16772,2.20139,-2.75266,-1.32422,1.00895,-1.94565,1.10136,1.16858,2.20139,-0.00022865,0.000166117,-0.000614045,-0.00101778,0.000180805,-7.28311e-05,-0.00050424,0,0,0,0,0,0,0,-0.176685,26.7383,-24.6136,7.49881,0.819719,2.4996,0.0523779,-0.18074,2.16431,-3.01954,1.88612,0.179394,0.910521,0.0596192
1726903,1,-2.75261,-1.32534,1.01104,-1.94698,1.10108,1.16772,2.20139,-2.75266,-1.32422,1.00895,-1.94565,1.10136,1.16858,2.20139,-0.00135886,0.000110745,-0.000409363,0.000527906,-0.000489815,-4.85541e-05,0.000172466,0,0,0,0,0,0,0,-0.125111,26.7383,-24.6136,7.44724,0.836199,2.4996,0.038645,-0.178877,2.16326,-3.0187,1.88722,0.179488,0.910514,0.0592254
1726904,1,-2.75261,-1.32534,1.01105,-1.94698,1.10108,1.16772,2.20139,-2.75266,-1.32422,1.00895,-1.94565,1.10136,1.16858,2.20139,0.00030052,0.000630642,0.00149033,-0.000204875,8.03576e-05,-3.23694e-05,-0.000393649,0,0,0,0,0,0,0,-0.176685,26.7144,-24.689,7.47104,0.825212,2.4996,0.0523779,-0.175781,2.16156,-3.0178,1.8888,0.179612,0.910458,0.0588239
1726905,1,-2.75261,-1.32534,1.01105,-1.94698,1.10108,1.16772,2.20139,-2.75266,-1.32422,1.00895,-1.94565,1.10136,1.16858,2.20139,0.000200347,-0.000136384,0.000993553,-0.00134301,5.35718e-05,-0.000258939,0.000246194,0,0,0,0,0,0,0,-0.176685,26.7383,-24.689,7.52262,0.825212,2.50601,0.038645,-0.173091,2.16076,-3.01844,1.89025,0.179723,0.91051,0.0584266
1726906,1,-2.75261,-1.32534,1.01104,-1.94698,1.10108,1.16772,2.20139,-2.75266,-1.32422,1.00895,-1.94565,1.10136,1.16858,2.20139,0.000133564,-9.09228e-05,-0.00110087,0.000867899,0.000239165,-0.000172626,0.000638847,0,0,0,0,0,0,0,-0.176685,26.7383,-24.6136,7.44724,0.819719,2.50601,0.0258276,-0.171735,2.16085,-3.01959,1.89119,0.179801,0.910619,0.0580356
1726907,1,-2.75261,-1.32534,1.01105,-1.94698,1.10108,1.16772,2.20139,-2.75266,-1.32422,1.00895,-1.94565,1.10136,1.16858,2.20139,-0.000467769,0.00114581,-0.000733913,2.17871e-05,-0.000450908,-0.000115084,0.000663257,0,0,0,0,0,0,0,-0.152882,26.6867,-24.6136,7.47104,0.836199,2.50601,0.0194189,-0.171393,2.16024,-3.01881,1.89135,0.179816,0.91059,0.0576388
1726908,1,-2.75261,-1.32534,1.01104,-1.94698,1.10108,1.16772,2.20139,-2.75266,-1.32422,1.00895,-1.94565,1.10136,1.16858,2.20139,0.00089458,0.00132069,-0.000489275,1.45247e-05,-0.000504056,0.000160636,-0.000269905,0,0,0,0,0,0,0,-0.204456,26.6629,-24.6136,7.47104,0.841692,2.4996,0.038645,-0.171205,2.15776,-3.01575,1.89136,0.179799,0.910421,0.0572176
1726909,1,-2.75261,-1.32534,1.01104,-1.94698,1.10108,1.16772,2.20139,-2.75266,-1.32422,1.00895,-1.94565,1.10136,1.16858,2.20139,-5.32274e-05,-0.000882781,0.000230628,9.68318e-06,7.08637e-05,0.00034445,-0.000179937,0,0,0,0,0,0,0,-0.176685,26.7383,-24.6374,7.47104,0.830705,2.49319,0.038645,-0.171701,2.15519,-3.01246,1.8911,0.179771,0.910261,0.0567602
1726910,1,-2.75261,-1.32534,1.01105,-1.94697,1.10108,1.16772,2.20139,-2.75266,-1.32422,1.00895,-1.94565,1.10136,1.16858,2.20139,-0.000592297,-0.00058852,0.000153752,0.00167689,0.000250693,0.000229633,0.000117401,0,0,0,0,0,0,0,-0.152882,26.7383,-24.6374,7.39963,0.825212,2.49319,0.0322363,-0.173286,2.15509,-3.01103,1.88979,0.179719,0.910182,0.0562723
1726911,1,-2.75261,-1.32534,1.01105,-1.94698,1.10108,1.16772,2.20139,-2.75266,-1.32422,1.00895,-1.94565,1.10136,1.16858,2.20139,0.000161947,-0.000392347,0.000102502,-0.000552508,0.000167129,-0.000321629,0.000552985,0,0,0,0,0,0,0,-0.176685,26.7383,-24.6374,7.47104,0.825212,2.50601,0.0194189,-0.175227,2.15706,-3.01137,1.88774,0.179661,0.910157,0.0557686
1726912,1,-2.75261,-1.32534,1.01105,-1.94698,1.10108,1.16772,2.20139,-2.75266,-1.32422,1.00895,-1.94565,1.10136,1.16858,2.20139,0.000107965,-0.000261565,-0.000488478,0.000745285,0.000111419,-0.000451778,-0.000614687,0,0,0,0,0,0,0,-0.176685,26.7383,-24.6136,7.42344,0.825212,2.51242,0.0459692,-0.177179,2.15942,-3.01209,1.88573,0.179623,0.910158,0.0552518
1726913,1,-2.75261,-1.32534,1.01104,-1.94698,1.10108,1.16772,2.20139,-2.75266,-1.32422,1.00895,-1.94565,1.10136,1.16858,2.20139,7.19766e-05,-0.00082399,0.00023116,-5.99553e-05,7.42794e-05,0.000173532,0.000336194,0,0,0,0,0,0,0,-0.176685,26.766,-24.6374,7.44724,0.825212,2.4996,0.0258276,-0.179279,2.16182,-3.01273,1.88378,0.179597,0.910178,0.0547207
1726914,1,-2.75261,-1.32534,1.01105,-1.94698,1.10108,1.16771,2.20139,-2.75266,-1.32422,1.00895,-1.94565,1.10136,1.16858,2.20139,-0.000508828,0.000657099,0.000154107,-0.000596782,0.000490329,0.000115688,-0.000996574,0,0,0,0,0,0,0,-0.152882,26.7144,-24.6374,7.47104,0.81331,2.4996,0.0587866,-0.180447,2.16373,-3.01348,1.88251,0.179617,0.910225,0.0541871
1726915,1,-2.75261,-1.32534,1.01104,-1.94698,1.10108,1.16772,2.20139,-2.75266,-1.32422,1.00895,-1.94565,1.10136,1.16858,2.20139,0.000217594,0.000438066,0.000102738,0.000158957,-0.000317374,7.71255e-05,0.000793679,0,0,0,0,0,0,0,-0.176685,26.7144,-24.6374,7.44724,0.830705,2.4996,0.0194189,-0.179821,2.164,-3.01388,1.88256,0.179704,0.910276,0.0536691
1726916,1,-2.75261,-1.32534,1.01105,-1.94698,1.10108,1.16772,2.20138,-2.75266,-1.32422,1.00895,-1.94565,1.10136,1.16858,2.20139,0.000145062,0.000292044,0.000625304,0.000105971,-0.000211583,-0.000423301,-0.00211574,0,0,0,0,0,0,0,-0.176685,26.7144,-24.6612,7.44724,0.830705,2.51242,0.09083,-0.17879,2.16334,-3.01396,1.88295,0.179781,0.910328,0.053175
1726917,1,-2.75261,-1.32534,1.01104,-1.94698,1.10108,1.16772,2.20139,-2.75266,-1.32422,1.00895,-1.94565,1.10136,1.16858,2.20139,9.67083e-05,0.000194696,-0.000696755,0.00062746,0.000265846,-4.48417e-05,1.36622e-05,0,0,0,0,0,0,0,-0.176685,26.7144,-24.6136,7.42344,0.819719,2.50601,0.0523779,-0.178457,2.16271,-3.01387,1.88285,0.179803,0.910383,0.0527183
1726918,1,-2.75261,-1.32534,1.01105,-1.94698,1.10108,1.16771,2.20139,-2.75266,-1.32422,1.00895,-1.94565,1.10136,1.16858,2.20139,0.0012709,0.000129797,0.000649121,-0.00190174,0.000177231,-0.000267253,9.10813e-06,0,0,0,0,0,0,0,-0.22826,26.7144,-24.6612,7.52262,0.819719,2.51242,0.0523779,-0.178843,2.1621,-3.01342,1.88254,0.179804,0.910449,0.0523321
1726919,1,-2.75261,-1.32534,1.01104,-1.94698,1.10108,1.16772,2.20139,-2.75266,-1.32422,1.00895,-1.94565,1.10136,1.16858,2.20139,0.000290453,8.65316e-05,-0.000124065,-6.1403e-05,0.000118154,0.000296549,0.000752057,0,0,0,0,0,0,0,-0.204456,26.7144,-24.6374,7.47104,0.819719,2.4996,0.0322363,-0.179692,2.16164,-3.0131,1.88251,0.179823,0.910584,0.0520283
1726920,1,-2.75261,-1.32534,1.01105,-1.94698,1.10108,1.16771,2.20139,-2.75266,-1.32422,1.00895,-1.94565,1.10136,1.16858,2.20139,-0.00101279,-0.00114874,-8.27098e-05,0.000515877,-0.000328132,0.000197699,-0.000481973,0,0,0,0,0,0,0,-0.152882,26.766,-24.6374,7.44724,0.830705,2.4996,0.0587866,-0.180269,2.1617,-3.01319,1.88253,0.179847,0.910723,0.0517807
1726921,1,-2.75261,-1.32534,1.01105,-1.94698,1.10108,1.16772,2.20139,-2.75266,-1.32422,1.00895,-1.94565,1.10136,1.16858,2.20139,0.000531232,0.0004406,0.000501672,-0.000862508,-0.000218755,0.0001318,-0.00103339,0,0,0,0,0,0,0,-0.204456,26.7144,-24.6612,7.49881,0.830705,2.4996,0.0780126,-0.180056,2.16223,-3.01373,1.88256,0.179877,0.910829,0.0515676
1726922,1,-2.75261,-1.32534,1.01105,-1.94698,1.10108,1.16771,2.20139,-2.75266,-1.32422,1.00895,-1.94565,1.10136,1.16858,2.20139,0.000354155,0.000293734,0.000984062,7.46085e-05,5.76141e-05,-0.000149493,2.31489e-05,0,0,0,0,0,0,0,-0.204456,26.7144,-24.689,7.47104,0.825212,2.50601,0.0587866,-0.179621,2.16273,-3.01477,1.88283,0.17991,0.910966,0.0514024
1726923,1,-2.75261,-1.32534,1.01105,-1.94698,1.10108,1.16772,2.20139,-2.75266,-1.32422,1.00895,-1.94565,1.10136,1.16858,2.20139,-0.000970323,-0.0010106,0.000656041,0.000606551,3.84094e-05,0.000137697,0.000252792,0,0,0,0,0,0,0,-0.152882,26.766,-24.689,7.44724,0.825212,2.4996,0.0523779,-0.179337,2.16365,-3.01662,1.88293,0.179921,0.911139,0.0513036
1726924,1,-2.75261,-1.32534,1.01104,-1.94698,1.10108,1.16772,2.20138,-2.75266,-1.32422,1.00895,-1.94565,1.10136,1.16858,2.20139,-9.00698e-05,0.00053269,-0.00132588,-0.000152445,2.56063e-05,9.17981e-05,-0.00030619,0,0,0,0,0,0,0,-0.176685,26.7144,-24.6136,7.47104,0.825212,2.4996,0.0651953,-0.178643,2.16449,-3.01819,1.8829,0.179931,0.911237,0.0512632
1726925,1,-2.75261,-1.32534,1.01105,-1.94697,1.10108,1.16772,2.20138,-2.75266,-1.32422,1.00895,-1.94565,1.10136,1.16858,2.20139,-6.00465e-05,0.000355127,-0.000327106,0.00156881,-0.00018638,-0.00017616,-0.00115356,0,0,0,0,0,0,0,-0.176685,26.7144,-24.6374,7.39963,0.830705,2.50601,0.09083,-0.177985,2.16381,-3.01755,1.88269,0.179917,0.911167,0.0512674
1726926,1,-2.75261,-1.32534,1.01104,-1.94698,1.10108,1.16772,2.20138,-2.75266,-1.32422,1.00895,-1.94565,1.10136,1.16858,2.20139,0.000609583,-0.000320061,-0.000218071,-0.000624565,-0.000124253,-0.00011744,-0.00124376,0,0,0,0,0,0,0,-0.204456,26.7383,-24.6374,7.47104,0.830705,2.50601,0.103647,-0.178444,2.16258,-3.01563,1.88181,0.179843,0.911027,0.0513254
1726927,1,-2.75261,-1.32534,1.01105,-1.94698,1.10108,1.16772,2.20138,-2.75266,-1.32422,1.00895,-1.94565,1.10136,1.16858,2.20139,0.000963201,-0.000862988,0.00106105,-0.0016228,-8.28354e-05,-0.000315652,-0.000117096,0,0,0,0,0,0,0,-0.22826,26.766,-24.689,7.52262,0.830705,2.51242,0.0844213,-0.179911,2.16257,-3.01481,1.88089,0.179792,0.911016,0.0514715
1726928,1,-2.75261,-1.32534,1.01105,-1.94698,1.10108,1.16772,2.20138,-2.75266,-1.32422,1.00895,-1.94565,1.10136,1.16858,2.20139,8.53218e-05,7.42888e-05,-0.000499062,0.000124557,0.000351677,0.000501642,-7.80642e-05,0,0,0,0,0,0,0,-0.204456,26.7383,-24.6374,7.47104,0.819719,2.49319,0.0844213,-0.181615,2.16363,-3.01539,1.88048,0.17981,0.91115,0.0517305
1726929,1,-2.75261,-1.32534,1.01105,-1.94698,1.10108,1.16772,2.20138,-2.75266,-1.32422,1.00895,-1.94565,1.10136,1.16858,2.20139,-0.000592733,0.000606338,-0.000332708,8.30383e-05,-0.000172449,-0.000377649,0.000185316,0,0,0,0,0,0,0,-0.176685,26.7144,-24.6374,7.47104,0.830705,2.51242,0.0780126,-0.1824,2.16381,-3.01547,1.88059,0.17986,0.911238,0.0520962
1726930,1,-2.75261,-1.32534,1.01105,-1.94698,1.10108,1.16772,2.20138,-2.75266,-1.32422,1.00895,-1.94565,1.10136,1.16858,2.20139,-0.000951967,0.000404225,0.00098462,0.000612171,-0.000114966,0.000222952,-0.000825892,0,0,0,0,0,0,0,-0.152882,26.7144,-24.689,7.44724,0.830705,2.4996,0.103647,-0.181221,2.16239,-3.0149,1.88143,0.179942,0.911233,0.0525488
1726931,1,-2.75261,-1.32534,1.01105,-1.94698,1.10108,1.16772,2.20138,-2.75266,-1.32422,1.00895,-1.94565,1.10136,1.16858,2.20139,0.000571781,0.000269483,-0.000550012,0.000408114,0.000330257,-0.000326083,0.000161482,0,0,0,0,0,0,0,-0.204456,26.7144,-24.6374,7.44724,0.819719,2.51242,0.0844213,-0.179348,2.16068,-3.01463,1.88231,0.180015,0.911216,0.0530741
1726932,1,-2.75261,-1.32534,1.01105,-1.94698,1.10108,1.16771,2.20138,-2.75266,-1.32422,1.00895,-1.94565,1.10136,1.16858,2.20139,0.000381187,0.000179656,0.000839751,-0.00093435,-0.00039018,-0.000217389,0.000582373,0,0,0,0,0,0,0,-0.204456,26.7144,-24.689,7.49881,0.836199,2.51242,0.071604,-0.178608,2.15947,-3.01451,1.88265,0.180047,0.911237,0.053666
1726933,1,-2.75261,-1.32534,1.01105,-1.94698,1.10108,1.16772,2.20138,-2.75266,-1.32422,1.00895,-1.94565,1.10136,1.16858,2.20139,-0.000395489,-0.00108666,-0.0012034,2.6714e-05,0.000146781,9.24331e-05,0.000388249,0,0,0,0,0,0,0,-0.176685,26.766,-24.6136,7.47104,0.825212,2.50601,0.071604,-0.178592,2.15892,-3.01454,1.8829,0.180096,0.911306,0.0543046
1726934,1,-2.75261,-1.32534,1.01105,-1.94698,1.10108,1.16772,2.20138,-2.75266,-1.32422,1.00895,-1.94565,1.10136,1.16858,2.20139,0.000385955,0.000481989,0.000311355,-0.000631805,9.78539e-05,-0.000175737,0.000258832,0,0,0,0,0,0,0,-0.204456,26.7144,-24.6612,7.49881,0.825212,2.51242,0.071604,-0.17864,2.15873,-3.01442,1.88324,0.180174,0.911373,0.0549559
1726935,1,-2.75261,-1.32534,1.01105,-1.94698,1.10108,1.16772,2.20138,-2.75266,-1.32422,1.00895,-1.94565,1.10136,1.16858,2.20139,-0.000392311,0.00097094,0.000857184,0.00134203,-0.000341665,0.000120201,-0.000539522,0,0,0,0,0,0,0,-0.176685,26.6867,-24.689,7.42344,0.836199,2.50601,0.09083,-0.178647,2.15828,-3.0143,1.88351,0.180234,0.911451,0.0555988
1726936,1,-2.75261,-1.32534,1.01105,-1.94698,1.10108,1.16772,2.20139,-2.75266,-1.32422,1.00895,-1.94565,1.10136,1.16858,2.20139,-0.000261541,-2.32068e-06,0.000571456,-0.000218934,-2.43262e-05,0.000317493,0.0015731,0,0,0,0,0,0,0,-0.176685,26.7144,-24.689,7.47104,0.830705,2.4996,0.038645,-0.178316,2.15768,-3.01488,1.88367,0.180264,0.911563,0.0562279
1726937,1,-2.7526,-1.32534,1.01105,-1.94698,1.10108,1.16772,2.20138,-2.75266,-1.32422,1.00895,-1.94565,1.10136,1.16858,2.20139,0.00158888,-0.000558359,-0.000825455,0.000410856,0.000187233,-2.5697e-05,6.53883e-05,0,0,0,0,0,0,0,-0.252064,26.7383,-24.6374,7.44724,0.825212,2.50601,0.0651953,-0.179054,2.15783,-3.01568,1.88313,0.180257,0.911689,0.0568271
1726938,1,-2.75261,-1.32534,1.01105,-1.94698,1.10108,1.16772,2.20139,-2.75266,-1.32422,1.00895,-1.94565,1.10136,1.16858,2.20139,-0.000703986,-0.000372239,6.50839e-06,-0.000932522,0.000124822,-0.00025449,0.00051831,0,0,0,0,0,0,0,-0.176685,26.7383,-24.6612,7.49881,0.825212,2.51242,0.0523779,-0.181369,2.15878,-3.01604,1.88193,0.18023,0.911808,0.0573665
1726939,1,-2.75261,-1.32534,1.01105,-1.94698,1.10108,1.16772,2.20138,-2.75266,-1.32422,1.00895,-1.94565,1.10136,1.16858,2.20139,-0.00102614,0.000308652,4.33893e-06,-0.000621681,0.000286665,-0.00016966,-0.00107861,0,0,0,0,0,0,0,-0.152882,26.7144,-24.6612,7.49881,0.819719,2.51242,0.09083,-0.181815,2.15893,-3.01625,1.88205,0.180313,0.911913,0.0578371
1726940,1,-2.75261,-1.32534,1.01104,-1.94698,1.10108,1.16772,2.20139,-2.75266,-1.32422,1.00895,-1.94565,1.10136,1.16858,2.20139,-0.000684091,0.000205768,-0.00111073,-0.000414454,-0.000215791,0.000124252,0.00145106,0,0,0,0,0,0,0,-0.152882,26.7144,-24.6136,7.49881,0.830705,2.50601,0.0322363,-0.179038,2.15713,-3.01591,1.88412,0.18053,0.911965,0.0582525
1726941,1,-2.75261,-1.32534,1.01105,-1.94698,1.10108,1.16772,2.20139,-2.75266,-1.32422,1.00895,-1.94565,1.10136,1.16858,2.20139,0.00130718,0.000137179,0.000373136,-0.000833115,-0.000347311,-0.000154524,0.000458749,0,0,0,0,0,0,0,-0.22826,26.7144,-24.6612,7.52262,0.836199,2.51242,0.0459692,-0.17617,2.15459,-3.01478,1.88643,0.180745,0.911987,0.0586176
1726942,1,-2.75261,-1.32534,1.01105,-1.94698,1.10108,1.16772,2.20139,-2.75266,-1.32422,1.00895,-1.94565,1.10136,1.16858,2.20139,-0.000334974,-0.000465359,0.00145518,0.00120783,-2.80902e-05,0.000134343,-0.000168885,0,0,0,0,0,0,0,-0.176685,26.7383,-24.7128,7.44724,0.830705,2.50601,0.0587866,-0.175735,2.15386,-3.0148,1.88738,0.180847,0.912117,0.0589121
1726943,1,-2.75261,-1.32534,1.01105,-1.94698,1.10108,1.16772,2.20139,-2.75266,-1.32422,1.00895,-1.94565,1.10136,1.16858,2.20139,0.000426298,-0.00031024,-0.000236304,0.000805219,-1.87268e-05,0.000326921,0.00110811,0,0,0,0,0,0,0,-0.204456,26.7383,-24.6612,7.44724,0.830705,2.4996,0.0258276,-0.17758,2.15565,-3.01667,1.88646,0.180813,0.912342,0.0591217
1726944,1,-2.75261,-1.32534,1.01105,-1.94698,1.10108,1.16771,2.20139,-2.75266,-1.32422,1.00895,-1.94565,1.10136,1.16858,2.20139,-0.000922227,-0.000206826,0.000492078,-0.000669613,-1.24845e-05,-0.00049413,-7.24322e-06,0,0,0,0,0,0,0,-0.152882,26.7383,-24.689,7.49881,0.830705,2.51882,0.0459692,-0.179648,2.15801,-3.01885,1.88507,0.180754,0.91255,0.0592494
1726945,1,-2.75261,-1.32534,1.01105,-1.94698,1.10108,1.16772,2.20139,-2.75266,-1.32422,1.00895,-1.94565,1.10136,1.16858,2.20139,0.000591608,-0.000137884,-0.000321562,0.000203205,-8.32303e-06,0.000382657,0.000266439,0,0,0,0,0,0,0,-0.204456,26.7383,-24.6612,7.47104,0.830705,2.4996,0.038645,-0.180593,2.15952,-3.02053,1.88449,0.180768,0.912725,0.0592916
1726946,1,-2.75261,-1.32534,1.01105,-1.94698,1.10108,1.16772,2.20139,-2.75266,-1.32422,1.00895,-1.94565,1.10136,1.16858,2.20139,0.000394405,-9.19228e-05,-0.000771186,0.00124909,0.000197902,1.77458e-05,-9.36417e-05,0,0,0,0,0,0,0,-0.204456,26.7383,-24.6374,7.42344,0.825212,2.50601,0.0459692,-0.182178,2.16052,-3.02109,1.88359,0.180758,0.912835,0.0592467
1726947,1,-2.75261,-1.32534,1.01105,-1.94698,1.10108,1.16772,2.20139,-2.75266,-1.32422,1.00895,-1.94565,1.10136,1.16858,2.20139,-0.000386677,-0.000710896,4.26876e-05,0.000275917,0.000335385,1.18305e-05,-6.24278e-05,0,0,0,0,0,0,0,-0.176685,26.766,-24.6612,7.44724,0.819719,2.50601,0.0459692,-0.184987,2.16161,-3.02069,1.88172,0.180674,0.91287,0.0591254
1726948,1,-2.75261,-1.32534,1.01105,-1.94698,1.10108,1.16772,2.20139,-2.75266,-1.32422,1.00895,-1.94565,1.10136,1.16858,2.20139,0.000391829,-0.000473931,2.84584e-05,0.000183945,-0.000183311,7.88701e-06,0.000704367,0,0,0,0,0,0,0,-0.204456,26.766,-24.6612,7.44724,0.830705,2.50601,0.0258276,-0.187549,2.16305,-3.02062,1.87988,0.180601,0.912911,0.0589465
1726949,1,-2.75261,-1.32534,1.01105,-1.94698,1.10108,1.16772,2.20139,-2.75266,-1.32422,1.00895,-1.94565,1.10136,1.16858,2.20139,-0.000388395,0.00033366,0.000668586,-0.000434182,-0.000122207,-0.000232101,-0.000276407,0,0,0,0,0,0,0,-0.176685,26.7383,-24.689,7.47104,0.830705,2.51242,0.0459692,-0.189039,2.16437,-3.02126,1.87887,0.180587,0.913007,0.058721
1726950,1,-2.75261,-1.32534,1.01105,-1.94698,1.10108,1.16772,2.20139,-2.75266,-1.32422,1.00895,-1.94565,1.10136,1.16858,2.20139,-0.00025893,0.00022244,0.000445724,-0.000289455,0.000121979,-0.000154734,0.00103643,0,0,0,0,0,0,0,-0.176685,26.7383,-24.689,7.47104,0.825212,2.51242,0.0130102,-0.188615,2.16465,-3.02233,1.87927,0.180664,0.913149,0.0584519
1726951,1,-2.75261,-1.32534,1.01105,-1.94698,1.10108,1.16772,2.20139,-2.75266,-1.32422,1.00895,-1.94565,1.10136,1.16858,2.20139,-0.000729432,0.000148293,0.000297149,0.000363842,-0.000122131,-0.000103156,-0.00100447,0,0,0,0,0,0,0,-0.152882,26.7383,-24.689,7.44724,0.830705,2.51242,0.0587866,-0.186507,2.16392,-3.02352,1.88068,0.180805,0.913301,0.0581359
1726952,1,-2.75261,-1.32534,1.01105,-1.94698,1.10108,1.16772,2.20139,-2.75266,-1.32422,1.00895,-1.94565,1.10136,1.16858,2.20139,7.05241e-05,9.88623e-05,-0.000451514,0.000799373,0.00012203,0.000405947,0.0003137,0,0,0,0,0,0,0,-0.176685,26.7383,-24.6612,7.42344,0.825212,2.4996,0.0322363,-0.184268,2.16282,-3.02421,1.88189,0.180923,0.913405,0.0577708
1726953,1,-2.75261,-1.32534,1.01105,-1.94698,1.10108,1.16772,2.20139,-2.75266,-1.32422,1.00895,-1.94565,1.10136,1.16858,2.20139,0.00069663,-0.000583706,0.000348604,0.000532916,8.13531e-05,3.32725e-05,0.000209133,0,0,0,0,0,0,0,-0.204456,26.766,-24.689,7.42344,0.825212,2.50601,0.0322363,-0.183826,2.16242,-3.02438,1.88177,0.180944,0.913471,0.057371
1726954,1,-2.75261,-1.32534,1.01105,-1.94698,1.10108,1.16772,2.20139,-2.75266,-1.32422,1.00895,-1.94565,1.10136,1.16858,2.20139,-0.000742006,0.000260477,0.00646081,-0.000758347,-0.000352666,2.21817e-05,0.000376781,0,0,0,0,0,0,0,-0.152882,26.7383,-24.689,7.47104,0.836199,2.50601,0.0258276,-0.184323,2.16449,-3.0277,1.88105,0.18093,0.913746,0.0569535
1726955,1,-2.75261,-1.32534,1.01105,-1.94698,1.10108,1.16771,2.20139,-2.75266,-1.32422,1.00895,-1.94565,1.10136,1.16858,2.20139,0.000711755,0.000730463,0.00482624,-0.000505565,-0.00023511,0.000252147,1.38284e-05,0,0,0,0,0,0,0,-0.204456,26.7144,-24.689,7.47104,0.836199,2.4996,0.0322363,-0.183341,2.16943,-3.03753,1.88143,0.180995,0.914453,0.056524
1726956,1,-2.75261,-1.32534,1.01105,-1.94698,1.10108,1.16771,2.20139,-2.75266,-1.32422,1.00895,-1.94565,1.10136,1.16858,2.20139,0.000474504,0.00113659,0.00360677,-0.000986657,0.000453611,-6.92611e-05,-0.000499407,0,0,0,0,0,0,0,-0.204456,26.6867,-24.689,7.49881,0.819719,2.50601,0.0459692,-0.181471,2.175,-3.05042,1.88275,0.181116,0.915389,0.0560767
1726957,1,-2.75261,-1.32534,1.01105,-1.94698,1.10108,1.16771,2.20139,-2.75266,-1.32422,1.00895,-1.94565,1.10136,1.16858,2.20139,0.000316336,-0.0004487,0.00269647,0.000548655,9.8957e-05,-0.000283533,0.000413047,0,0,0,0,0,0,0,-0.204456,26.7383,-24.689,7.44724,0.825212,2.51242,0.0258276,-0.180278,2.17965,-3.06181,1.88391,0.181218,0.916242,0.0556103
1726958,1,-2.75261,-1.32534,1.01105,-1.94698,1.10108,1.16772,2.20139,-2.75266,-1.32422,1.00895,-1.94565,1.10136,1.16858,2.20139,-0.000438723,0.000257679,0.00201661,-0.000840656,-0.000137479,4.83369e-05,-0.000945338,0,0,0,0,0,0,0,-0.176685,26.7144,-24.689,7.49881,0.830705,2.50601,0.0587866,-0.179681,2.18332,-3.07039,1.88458,0.181294,0.91688,0.055131
1726959,1,-2.75261,-1.32534,1.01105,-1.94698,1.10108,1.16772,2.20139,-2.75266,-1.32422,1.00895,-1.94565,1.10136,1.16858,2.20139,0.000357132,-0.000385026,0.00085902,8.91765e-05,0.000111798,0.000269584,0.000353119,0,0,0,0,0,0,0,-0.204456,26.7383,-24.6612,7.47104,0.825212,2.4996,0.0322363,-0.17908,2.18534,-3.0754,1.88515,0.181379,0.917251,0.0546488
1726960,1,-2.75261,-1.32534,1.01105,-1.94698,1.10108,1.16772,2.20138,-2.75266,-1.32422,1.00895,-1.94565,1.10136,1.16858,2.20139,0.0007949,-0.000256684,0.000139037,0.000616263,7.45318e-05,-5.76366e-05,-0.00122265,0,0,0,0,0,0,0,-0.22826,26.7383,-24.6374,7.44724,0.825212,2.50601,0.071604,-0.179866,2.18597,-3.07639,1.88484,0.181403,0.917343,0.0541764
1726961,1,-2.75261,-1.32534,1.01105,-1.94698,1.10108,1.16772,2.20139,-2.75266,-1.32422,1.00895,-1.94565,1.10136,1.16858,2.20139,0.000529933,0.000385689,0.00194831,-0.00014597,-0.000153763,-3.84244e-05,-0.000103023,0,0,0,0,0,0,0,-0.22826,26.7144,-24.7128,7.47104,0.830705,2.50601,0.0523779,-0.182645,2.18596,-3.07455,1.88329,0.181328,0.917248,0.0537322
1726962,1,-2.75261,-1.32534,1.01105,-1.94698,1.10108,1.16772,2.20139,-2.75266,-1.32422,1.00895,-1.94565,1.10136,1.16858,2.20139,-0.000203523,-0.000299686,0.00136815,-0.000746927,-0.000102508,0.000211743,-0.0005434,0,0,0,0,0,0,0,-0.204456,26.7383,-24.7128,7.49881,0.830705,2.4996,0.0651953,-0.18512,2.18533,-3.07214,1.88207,0.18127,0.917116,0.0533451
1726963,1,-2.75261,-1.32534,1.01105,-1.94698,1.10108,1.16772,2.20139,-2.75266,-1.32422,1.00895,-1.94565,1.10136,1.16858,2.20139,-0.000785296,-0.000199791,0.000407252,0.000151662,-6.8339e-05,-9.61971e-05,-0.000124908,0,0,0,0,0,0,0,-0.176685,26.7383,-24.689,7.47104,0.830705,2.50601,0.0587866,-0.185642,2.18386,-3.06966,1.88208,0.18131,0.916947,0.0530302
1726964,1,-2.75261,-1.32534,1.01105,-1.94698,1.10108,1.16771,2.20138,-2.75266,-1.32422,1.00895,-1.94565,1.10136,1.16858,2.20139,0.000126083,0.000423618,-0.000339141,0.00065792,-0.00024901,-0.00030149,-0.000795349,0,0,0,0,0,0,0,-0.204456,26.7144,-24.6612,7.44724,0.836199,2.51242,0.0780126,-0.185023,2.18114,-3.0658,1.88256,0.181389,0.916645,0.0527878
1726965,1,-2.75261,-1.32534,1.01105,-1.94698,1.10108,1.16772,2.20138,-2.75266,-1.32422,1.00895,-1.94565,1.10136,1.16858,2.20139,-0.000565558,-0.0002744,0.000452749,-0.000118198,3.7444e-05,-0.000438353,-0.000530232,0,0,0,0,0,0,0,-0.176685,26.7383,-24.689,7.47104,0.830705,2.51882,0.0780126,-0.184431,2.17745,-3.0605,1.88286,0.181452,0.916235,0.0526228
1726966,1,-2.75261,-1.32534,1.01105,-1.94698,1.10108,1.16772,2.20138,-2.75266,-1.32422,1.00895,-1.94565,1.10136,1.16858,2.20139,-0.000377039,0.0015803,-0.00032586,-0.000728413,2.49626e-05,-5.48761e-05,-0.000828206,0,0,0,0,0,0,0,-0.176685,26.6629,-24.6612,7.49881,0.830705,2.51242,0.09083,-0.182968,2.17261,-3.05453,1.88382,0.181563,0.915806,0.0525507
1726967,1,-2.75261,-1.32534,1.01105,-1.94698,1.10108,1.16772,2.20138,-2.75266,-1.32422,1.00895,-1.94565,1.10136,1.16858,2.20139,-0.000251359,-0.000709701,0.000448815,0.000164005,1.66418e-05,-3.6584e-05,-0.000314778,0,0,0,0,0,0,0,-0.176685,26.7383,-24.689,7.47104,0.830705,2.51242,0.0844213,-0.180501,2.16683,-3.04841,1.8856,0.181734,0.915405,0.0525849
1726968,1,-2.75261,-1.32534,1.01105,-1.94698,1.10108,1.16772,2.20138,-2.75266,-1.32422,1.00895,-1.94565,1.10136,1.16858,2.20139,-0.000167573,-0.000473134,0.000311541,-0.00109709,0.000417996,0.00021297,2.75066e-05,0,0,0,0,0,0,0,-0.176685,26.7383,-24.689,7.52262,0.819719,2.50601,0.0780126,-0.178541,2.16238,-3.04356,1.88716,0.181908,0.915111,0.0527277
1726969,1,-2.75261,-1.32534,1.01105,-1.94698,1.10108,1.16772,2.20138,-2.75266,-1.32422,1.00895,-1.94565,1.10136,1.16858,2.20139,-0.000111715,-0.000965037,-0.000989484,0.000475033,0.000516023,0.000379339,0.000493056,0,0,0,0,0,0,0,-0.176685,26.766,-24.6374,7.47104,0.81331,2.4996,0.0651953,-0.177785,2.15996,-3.03998,1.88801,0.18205,0.914907,0.0529687
1726970,1,-2.75261,-1.32534,1.01105,-1.94698,1.10108,1.16772,2.20138,-2.75266,-1.32422,1.00895,-1.94565,1.10136,1.16858,2.20139,0.00113195,6.25608e-06,-0.00065272,0.000316689,-9.67944e-05,-0.000221825,-0.000858091,0,0,0,0,0,0,0,-0.22826,26.7383,-24.6374,7.47104,0.825212,2.51242,0.0972387,-0.179208,2.15873,-3.03613,1.88748,0.182076,0.914694,0.053282
1726971,1,-2.75261,-1.32534,1.01105,-1.94698,1.10108,1.16772,2.20138,-2.75266,-1.32422,1.00895,-1.94565,1.10136,1.16858,2.20139,-0.000451793,4.17072e-06,0.000776481,-0.0009953,0.000138921,-0.000147884,0.000140016,0,0,0,0,0,0,0,-0.176685,26.7383,-24.689,7.52262,0.819719,2.51242,0.0780126,-0.181972,2.158,-3.03238,1.88626,0.182007,0.914516,0.0536546
1726972,1,-2.75261,-1.32534,1.01105,-1.94698,1.10108,1.16772,2.20138,-2.75266,-1.32422,1.00895,-1.94565,1.10136,1.16858,2.20139,0.000348418,2.78048e-06,0.000521556,-0.000106721,-0.000110837,-9.85891e-05,0.000330703,0,0,0,0,0,0,0,-0.204456,26.7383,-24.689,7.49881,0.825212,2.51242,0.071604,-0.183694,2.15735,-3.0301,1.88591,0.181963,0.91446,0.0540905
1726973,1,-2.75261,-1.32534,1.01105,-1.94698,1.10108,1.16771,2.20139,-2.75266,-1.32422,1.00895,-1.94565,1.10136,1.16858,2.20139,0.000232279,1.85365e-06,0.000907442,0.000578466,-0.000277342,-6.57261e-05,-0.000254249,0,0,0,0,0,0,0,-0.204456,26.7383,-24.7128,7.47104,0.830705,2.51242,0.0844213,-0.184989,2.15731,-3.02943,1.88581,0.181901,0.914513,0.0545749
1726974,1,-2.75261,-1.32535,1.01105,-1.94698,1.10108,1.16771,2.20138,-2.75266,-1.32422,1.00895,-1.94565,1.10136,1.16858,2.20139,0.000154853,-0.00120519,0.00626649,0.000385644,-0.000184894,0.000193542,6.78595e-05,0,0,0,0,0,0,0,-0.204456,26.7898,-24.689,7.47104,0.830705,2.50601,0.0780126,-0.187054,2.16023,-3.03279,1.8849,0.181765,0.914809,0.0550882
1726975,1,-2.75261,-1.32534,1.01105,-1.94698,1.10108,1.16771,2.20138,-2.75266,-1.32422,1.00895,-1.94565,1.10136,1.16858,2.20139,0.000103235,0.000959778,0.0040477,0.000813908,8.01876e-05,-0.00034569,-0.000904196,0,0,0,0,0,0,0,-0.204456,26.7144,-24.6612,7.44724,0.825212,2.51882,0.103647,-0.189283,2.16711,-3.04241,1.8835,0.181585,0.915483,0.0556279
1726976,1,-2.75261,-1.32534,1.01105,-1.94698,1.10108,1.16772,2.20139,-2.75266,-1.32422,1.00895,-1.94565,1.10136,1.16858,2.20139,6.88234e-05,-0.000566574,0.00373783,-0.00765177,0.000256909,6.89883e-06,0.00153343,0,0,0,0,0,0,0,-0.204456,26.766,-24.689,7.49881,0.819719,2.51242,0.0459692,-0.188566,2.1737,-3.05473,1.88474,0.181601,0.916393,0.0562045
1726977,1,-2.75261,-1.32534,1.01105,-1.94698,1.10108,1.16772,2.20138,-2.75266,-1.32422,1.00895,-1.94565,1.10136,1.16858,2.20139,0.000602694,0.000271898,0.00157777,-0.0050339,-0.000235628,0.000479317,7.28529e-05,0,0,0,0,0,0,0,-0.22826,26.7383,-24.6374,7.47104,0.830705,2.4996,0.071604,-0.182447,2.1761,-3.06531,1.89165,0.182064,0.917345,0.0568119
1726978,1,-2.75261,-1.32534,1.01105,-1.94698,1.10108,1.16771,2.20138,-2.75266,-1.32422,1.00895,-1.94565,1.10136,1.16858,2.20139,-0.000155016,0.000738077,0.00303431,-0.0049991,-0.000157086,8.21858e-05,0.000285928,0,0,0,0,0,0,0,-0.204456,26.7144,-24.7128,7.52262,0.830705,2.50601,0.0651953,-0.172953,2.17439,-3.07247,1.90222,0.182814,0.918177,0.0574097
1726979,1,-2.75261,-1.32534,1.01105,-1.94698,1.10108,1.16771,2.20138,-2.75266,-1.32422,1.00895,-1.94565,1.10136,1.16858,2.20139,-0.000103344,0.00114167,0.0021873,-0.00245387,9.87268e-05,-0.000419927,-0.000521458,0,0,0,0,0,0,0,-0.204456,26.6867,-24.7128,7.47104,0.825212,2.51882,0.0844213,-0.162867,2.17011,-3.07659,1.91302,0.183563,0.918799,0.05797
1726980,1,-2.75261,-1.32534,1.01105,-1.94698,1.10108,1.16771,2.20139,-2.75266,-1.32422,1.00895,-1.94565,1.10136,1.16858,2.20139,-6.88959e-05,0.00076111,0.0010247,-0.0025312,-0.000137633,0.000194766,0.00107651,0,0,0,0,0,0,0,-0.204456,26.6867,-24.689,7.49881,0.830705,2.50601,0.0459692,-0.154253,2.16461,-3.07784,1.92189,0.184146,0.919163,0.0584892
1726981,1,-2.75261,-1.32534,1.01105,-1.94699,1.10108,1.16771,2.20139,-2.75266,-1.32422,1.00895,-1.94565,1.10136,1.16858,2.20139,-4.59306e-05,-0.000142207,0.000775624,-0.00298534,-0.000295206,-0.000107515,0.000717676,0,0,0,0,0,0,0,-0.204456,26.7144,-24.689,7.54642,0.836199,2.51242,0.0459692,-0.148209,2.15883,-3.07613,1.92814,0.184539,0.919256,0.0589606
1726982,1,-2.75261,-1.32534,1.01105,-1.94698,1.10108,1.16771,2.20139,-2.75266,-1.32422,1.00895,-1.94565,1.10136,1.16858,2.20139,-3.06204e-05,0.000554809,0.00114326,-0.00157161,6.64676e-06,-7.16765e-05,3.73309e-06,0,0,0,0,0,0,0,-0.204456,26.6867,-24.7128,7.52262,0.830705,2.51242,0.0587866,-0.144678,2.15374,-3.07269,1.93207,0.184783,0.919171,0.0593624
1726983,1,-2.75261,-1.32534,1.01105,-1.94698,1.10108,1.16771,2.20139,-2.75266,-1.32422,1.00895,-1.94565,1.10136,1.16858,2.20139,-0.00122684,0.000369873,0.000814198,5.50469e-05,0.000207882,0.000189575,0.000239848,0,0,0,0,0,0,0,-0.152882,26.6867,-24.7128,7.47104,0.825212,2.50601,0.0523779,-0.143309,2.14965,-3.06852,1.93356,0.184854,0.918952,0.0596784
1726984,1,-2.75261,-1.32534,1.01105,-1.94698,1.10108,1.16771,2.20139,-2.75266,-1.32422,1.00895,-1.94565,1.10136,1.16858,2.20139,-0.000261081,-0.000959844,-0.000624609,-0.000690648,-6.48627e-05,-0.000110976,0.000397257,0,0,0,0,0,0,0,-0.176685,26.7383,-24.6612,7.49881,0.830705,2.51242,0.0459692,-0.143885,2.14673,-3.06373,1.93259,0.184753,0.918586,0.05991
1726985,1,-2.75261,-1.32534,1.01105,-1.94698,1.10108,1.16771,2.20139,-2.75266,-1.32422,1.00895,-1.94565,1.10136,1.16858,2.20139,-0.000174054,0.00056653,0.0013761,0.000687695,0.000160209,-0.000311343,0.000536106,0,0,0,0,0,0,0,-0.176685,26.6867,-24.7366,7.44724,0.825212,2.51882,0.038645,-0.146875,2.14542,-3.05874,1.92934,0.184498,0.918147,0.0600609
1726986,1,-2.75261,-1.32534,1.01105,-1.94698,1.10108,1.16771,2.20139,-2.75266,-1.32422,1.00895,-1.94565,1.10136,1.16858,2.20139,0.00109039,-0.000828739,-0.000174279,-0.0013485,-9.66447e-05,2.9797e-05,-0.000388581,0,0,0,0,0,0,0,-0.22826,26.7383,-24.689,7.52262,0.830705,2.51242,0.0587866,-0.152461,2.14575,-3.05433,1.92434,0.184117,0.917761,0.0601322
1726987,1,-2.75261,-1.32534,1.01105,-1.94698,1.10108,1.16772,2.20139,-2.75266,-1.32422,1.00895,-1.94565,1.10136,1.16858,2.20139,-0.000479499,0.000653933,-9.9725e-05,0.000274634,0.000139021,-0.000217494,0.000215664,0,0,0,0,0,0,0,-0.176685,26.6867,-24.689,7.47104,0.825212,2.51882,0.0459692,-0.159449,2.14663,-3.05003,1.91875,0.183694,0.91743,0.0601297
1726988,1,-2.75261,-1.32534,1.01105,-1.94698,1.10108,1.16771,2.20139,-2.75266,-1.32422,1.00895,-1.94565,1.10136,1.16858,2.20139,0.000329948,0.000435955,0.00105949,-0.00104793,9.26805e-05,0.000329722,0.000652402,0,0,0,0,0,0,0,-0.204456,26.6867,-24.7366,7.52262,0.825212,2.50601,0.0322363,-0.16574,2.14674,-3.04569,1.9138,0.183307,0.917128,0.0600723
1726989,1,-2.75261,-1.32534,1.01105,-1.94698,1.10108,1.16772,2.20139,-2.75266,-1.32422,1.00895,-1.94565,1.10136,1.16858,2.20139,-0.00163607,-0.000915789,0.000715583,0.000489359,-0.000141664,0.000219814,-0.000311051,0,0,0,0,0,0,0,-0.125111,26.7383,-24.7366,7.47104,0.830705,2.50601,0.0523779,-0.170179,2.14669,-3.04273,1.90994,0.182998,0.916905,0.0599656
1726990,1,-2.75261,-1.32534,1.01106,-1.94698,1.10108,1.16771,2.20139,-2.75266,-1.32422,1.00895,-1.94565,1.10136,1.16858,2.20139,0.000115709,0.0005959,0.00113361,0.000869217,0.000312459,-9.0816e-05,0.0012507,0,0,0,0,0,0,0,-0.176685,26.6867,-24.7643,7.44724,0.819719,2.51242,0.0130102,-0.17337,2.1475,-3.04165,1.90646,0.182724,0.916755,0.0598044
1726991,1,-2.75261,-1.32534,1.01105,-1.94698,1.10108,1.16771,2.20139,-2.75266,-1.32422,1.00895,-1.94565,1.10136,1.16858,2.20139,0.000726754,-0.000252347,0.000111337,-0.00119414,-0.000198595,-0.000297903,-0.000624265,0,0,0,0,0,0,0,-0.204456,26.7144,-24.7366,7.52262,0.830705,2.51882,0.0523779,-0.176916,2.14872,-3.0413,1.90282,0.182429,0.91666,0.0595863
1726992,1,-2.75261,-1.32534,1.01105,-1.94698,1.10108,1.16772,2.20139,-2.75266,-1.32422,1.00895,-1.94565,1.10136,1.16858,2.20139,-0.000165112,-0.000168232,7.81309e-05,-0.000803873,0.000511863,3.8757e-05,9.24494e-05,0,0,0,0,0,0,0,-0.176685,26.7144,-24.7366,7.52262,0.81331,2.51242,0.038645,-0.180777,2.1496,-3.04074,1.89975,0.182172,0.916619,0.0593081
1726993,1,-2.75261,-1.32534,1.01105,-1.94699,1.10108,1.16772,2.20139,-2.75266,-1.32422,1.00895,-1.94565,1.10136,1.16858,2.20139,-0.000110074,0.00053746,-0.00105861,-0.00109856,-0.000303018,2.5838e-05,6.16329e-05,0,0,0,0,0,0,0,-0.176685,26.6867,-24.689,7.54642,0.830705,2.51242,0.038645,-0.183388,2.14905,-3.03921,1.89809,0.182013,0.916556,0.0589832
1726994,1,-2.75261,-1.32534,1.01105,-1.94698,1.10108,1.16771,2.20139,-2.75266,-1.32422,1.00895,-1.94565,1.10136,1.16858,2.20139,-0.000630195,-0.000291308,0.00606697,0.00102648,-0.000202012,1.72253e-05,-0.000230179,0,0,0,0,0,0,0,-0.152882,26.7144,-24.7128,7.47104,0.830705,2.51242,0.0459692,-0.184576,2.1487,-3.03943,1.89733,0.1819,0.916597,0.0586298
1726995,1,-2.75261,-1.32534,1.01105,-1.94698,1.10108,1.16771,2.20139,-2.75266,-1.32422,1.00895,-1.94565,1.10136,1.16858,2.20139,0.000786296,-0.000194205,0.00456411,3.14263e-05,-0.000134675,1.14836e-05,0.000355174,0,0,0,0,0,0,0,-0.204456,26.7144,-24.7128,7.49881,0.830705,2.51242,0.0322363,-0.185966,2.15254,-3.04631,1.89603,0.181733,0.917038,0.0582589
1726996,1,-2.75261,-1.32534,1.01105,-1.94698,1.10108,1.16771,2.20138,-2.75266,-1.32422,1.00895,-1.94565,1.10136,1.16858,2.20139,0.00108101,-0.00012947,0.00343233,0.000668103,-8.97831e-05,-0.000229703,-0.001696,0,0,0,0,0,0,0,-0.22826,26.7144,-24.7128,7.47104,0.830705,2.51882,0.0844213,-0.189335,2.16018,-3.05788,1.89341,0.181465,0.917795,0.0578746
1726997,1,-2.75261,-1.32534,1.01105,-1.94698,1.10108,1.16772,2.20139,-2.75266,-1.32422,1.00895,-1.94565,1.10136,1.16858,2.20139,0.000720673,-0.000643125,0.00313723,-0.000206059,-5.98554e-05,0.000558941,5.61298e-05,0,0,0,0,0,0,0,-0.22826,26.7383,-24.7366,7.49881,0.830705,2.4996,0.0523779,-0.19461,2.16868,-3.06938,1.88989,0.181139,0.918585,0.057492
1726998,1,-2.75261,-1.32534,1.01106,-1.94698,1.10108,1.16771,2.20139,-2.75266,-1.32422,1.00895,-1.94565,1.10136,1.16858,2.20139,-0.00128279,-0.00042875,0.00296024,-0.000138758,0.000604356,-0.00010209,-0.000199939,0,0,0,0,0,0,0,-0.152882,26.7383,-24.7643,7.49881,0.81331,2.51242,0.0587866,-0.198942,2.17612,-3.07937,1.88707,0.180889,0.919269,0.0571472
1726999,1,-2.75261,-1.32534,1.01105,-1.94698,1.10108,1.16772,2.20139,-2.75266,-1.32422,1.00895,-1.94565,1.10136,1.16858,2.20139,-0.000298381,0.000270978,0.000374617,-0.000650356,-0.000241356,-6.80602e-05,0.000104066,0,0,0,0,0,0,0,-0.176685,26.7144,-24.689,7.52262,0.830705,2.51242,0.0523779,-0.199843,2.18026,-3.08631,1.88639,0.180811,0.919715,0.0568582
1727000,1,-2.75261,-1.32534,1.01106,-1.94698,1.10108,1.16772,2.20138,-2.75266,-1.32422,1.00895,-1.94565,1.10136,1.16858,2.20139,0.00100751,0.000180652,0.00213625,0.000122462,4.25467e-05,-4.53735e-05,-0.000642699,0,0,0,0,0,0,0,-0.22826,26.7144,-24.7643,7.49881,0.825212,2.51242,0.071604,-0.199243,2.18083,-3.089,1.88692,0.180811,0.919892,0.0566173
1727001,1,-2.75261,-1.32534,1.01105,-1.94698,1.10108,1.16771,2.20138,-2.75266,-1.32422,1.00895,-1.94565,1.10136,1.16858,2.20139,-0.000534756,-0.000436377,0.000310194,-0.000475755,0.000231815,-0.000267608,-0.000665825,0,0,0,0,0,0,0,-0.176685,26.7383,-24.7128,7.52262,0.819719,2.51882,0.0780126,-0.19934,2.17972,-3.08874,1.88738,0.18079,0.919907,0.0564219
1727002,1,-2.75261,-1.32534,1.01105,-1.94698,1.10108,1.16772,2.20139,-2.75266,-1.32422,1.00895,-1.94565,1.10136,1.16858,2.20139,0.00029311,-0.000940532,0.000276135,0.000888818,-0.000252358,0.000296313,0.000268193,0,0,0,0,0,0,0,-0.204456,26.766,-24.7128,7.47104,0.830705,2.50601,0.0587866,-0.199974,2.17804,-3.0865,1.88748,0.180747,0.919783,0.0562818
1727003,1,-2.75261,-1.32534,1.01105,-1.94698,1.10108,1.16771,2.20139,-2.75266,-1.32422,1.00895,-1.94565,1.10136,1.16858,2.20139,0.000195407,0.000579405,0.000792906,-5.73974e-05,-0.000168238,-0.000514535,0.000178796,0,0,0,0,0,0,0,-0.204456,26.7144,-24.7366,7.49881,0.830705,2.52523,0.0587866,-0.201268,2.17605,-3.08273,1.88704,0.180667,0.919545,0.0562046
1727004,1,-2.75261,-1.32534,1.01106,-1.94698,1.10107,1.16772,2.20138,-2.75266,-1.32422,1.00895,-1.94565,1.10136,1.16858,2.20139,-0.00107615,0.00038627,0.00121722,-3.85114e-05,-0.000722511,0.000131694,-0.000830239,0,0,0,0,0,0,0,-0.152882,26.7144,-24.7643,7.49881,0.847185,2.51242,0.0844213,-0.20165,2.173,-3.07847,1.88716,0.180616,0.919284,0.056185
1727005,1,-2.75261,-1.32534,1.01106,-1.94698,1.10108,1.16771,2.20138,-2.75266,-1.32422,1.00895,-1.94565,1.10136,1.16858,2.20139,0.000488989,0.000257513,0.000191119,0.000623755,0.000128678,8.77963e-05,-0.000316134,0,0,0,0,0,0,0,-0.204456,26.7144,-24.7366,7.47104,0.830705,2.51242,0.0780126,-0.20046,2.16886,-3.07421,1.88821,0.180638,0.919026,0.0562167
1727006,1,-2.75261,-1.32534,1.01105,-1.94698,1.10108,1.16772,2.20139,-2.75266,-1.32422,1.00895,-1.94565,1.10136,1.16858,2.20139,-0.000323621,0.000171675,-0.00040746,-0.000790728,8.57852e-05,-0.000178828,0.00073868,0,0,0,0,0,0,0,-0.176685,26.7144,-24.7128,7.52262,0.830705,2.51882,0.0523779,-0.199316,2.16429,-3.0694,1.88928,0.180685,0.918747,0.0563051
1727007,1,-2.75261,-1.32534,1.01105,-1.94698,1.10108,1.16771,2.20138,-2.75266,-1.32422,1.00895,-1.94565,1.10136,1.16858,2.20139,-0.000215747,0.00011445,-0.000811997,0.00067917,-0.00014626,-0.000119219,-0.000219623,0,0,0,0,0,0,0,-0.176685,26.7144,-24.689,7.47104,0.836199,2.51882,0.071604,-0.198242,2.15916,-3.06358,1.89045,0.180769,0.918421,0.0564449
1727008,1,-2.75261,-1.32534,1.01105,-1.94699,1.10108,1.16771,2.20138,-2.75266,-1.32422,1.00895,-1.94565,1.10136,1.16858,2.20139,0.000505782,-0.000480512,0.000584633,-0.00131054,0.000309394,-7.94791e-05,-0.000621134,0,0,0,0,0,0,0,-0.204456,26.7383,-24.7366,7.54642,0.825212,2.51882,0.0844213,-0.197382,2.15439,-3.05786,1.89161,0.180882,0.918123,0.0566149
1727009,1,-2.75261,-1.32534,1.01105,-1.94698,1.10108,1.16771,2.20138,-2.75266,-1.32422,1.00895,-1.94565,1.10136,1.16858,2.20139,0.000337188,0.000236471,0.000399011,0.000239875,2.81224e-06,0.000421732,-0.000414089,0,0,0,0,0,0,0,-0.204456,26.7144,-24.7366,7.49881,0.830705,2.50601,0.0844213,-0.19735,2.15117,-3.05376,1.89251,0.180998,0.917969,0.0568129
1727010,1,-2.75261,-1.32534,1.01105,-1.94698,1.10108,1.16771,2.20138,-2.75266,-1.32422,1.00895,-1.94565,1.10136,1.16858,2.20139,0.000224792,0.000157647,0.000272949,0.000159873,0.000408776,-0.000193563,-0.000988136,0,0,0,0,0,0,0,-0.204456,26.7144,-24.7366,7.49881,0.819719,2.51882,0.103647,-0.198067,2.14911,-3.05111,1.89299,0.181079,0.917925,0.057054
1727011,1,-2.75261,-1.32534,1.01106,-1.94698,1.10108,1.16771,2.20138,-2.75266,-1.32422,1.00895,-1.94565,1.10136,1.16858,2.20139,0.000149861,-0.00165814,0.000187172,0.00186979,-0.000134384,-0.000366401,0.000290678,0,0,0,0,0,0,0,-0.204456,26.7898,-24.7366,7.42344,0.830705,2.52523,0.0780126,-0.200121,2.14876,-3.04966,1.89219,0.181063,0.917928,0.0573521
1727012,1,-2.75261,-1.32534,1.01105,-1.94698,1.10108,1.16771,2.20138,-2.75266,-1.32422,1.00895,-1.94565,1.10136,1.16858,2.20139,9.99076e-05,0.000100999,-0.000428126,-0.00107355,-8.95892e-05,-6.90851e-06,0.000193786,0,0,0,0,0,0,0,-0.204456,26.7383,-24.7128,7.52262,0.830705,2.51882,0.0780126,-0.203164,2.15011,-3.04917,1.89041,0.180987,0.917964,0.0577154
1727013,1,-2.75261,-1.32534,1.01105,-1.94698,1.10108,1.16771,2.20138,-2.75266,-1.32422,1.00895,-1.94565,1.10136,1.16858,2.20139,-0.00113982,-0.000582281,0.000274323,0.000490707,0.000143724,0.000470112,-0.000108169,0,0,0,0,0,0,0,-0.152882,26.766,-24.7366,7.47104,0.825212,2.50601,0.0844213,-0.204575,2.1509,-3.04878,1.88965,0.180993,0.918005,0.0581366
1727014,1,-2.75261,-1.32534,1.01105,-1.94698,1.10108,1.16771,2.20138,-2.75266,-1.32422,1.00895,-1.94565,1.10136,1.16858,2.20139,0.00100336,0.000261427,-0.000371733,-0.000879302,0.000299267,-0.000398669,-0.000309471,0,0,0,0,0,0,0,-0.22826,26.7383,-24.7128,7.52262,0.819719,2.52523,0.09083,-0.204067,2.15052,-3.04831,1.89021,0.181086,0.918052,0.0585991
1727015,1,-2.75261,-1.32534,1.01105,-1.94698,1.10108,1.16772,2.20138,-2.75266,-1.32422,1.00895,-1.94565,1.10136,1.16858,2.20139,-0.000537521,0.000174284,0.000310637,0.000620214,-0.00020739,0.000208939,-0.000206314,0,0,0,0,0,0,0,-0.176685,26.7383,-24.7366,7.47104,0.830705,2.51242,0.09083,-0.203373,2.14957,-3.04768,1.8911,0.181176,0.918119,0.0590955
1727016,1,-2.75261,-1.32534,1.01105,-1.94698,1.10108,1.16771,2.20139,-2.75266,-1.32422,1.00895,-1.94565,1.10136,1.16858,2.20139,-0.000358347,0.00011619,0.000208327,-0.000236145,0.000268641,0.000139293,0.00128661,0,0,0,0,0,0,0,-0.176685,26.7383,-24.7366,7.49881,0.819719,2.51242,0.0523779,-0.20219,2.14822,-3.04722,1.89223,0.181256,0.918199,0.0596258
1727017,1,-2.75261,-1.32534,1.01106,-1.94698,1.10108,1.16771,2.20138,-2.75266,-1.32422,1.00895,-1.94565,1.10136,1.16858,2.20139,0.000410716,7.74597e-05,0.000139811,-0.000714248,-0.000227807,-0.000381856,-9.16952e-05,0,0,0,0,0,0,0,-0.204456,26.7383,-24.7366,7.52262,0.830705,2.52523,0.0780126,-0.200372,2.14679,-3.04725,1.89375,0.181349,0.918307,0.060173
1727018,1,-2.75261,-1.32534,1.01105,-1.94698,1.10108,1.16771,2.20138,-2.75266,-1.32422,1.00895,-1.94565,1.10136,1.16858,2.20139,0.00027381,0.000608452,-0.00046291,8.06422e-05,-0.000151871,0.000220147,0.000176229,0,0,0,0,0,0,0,-0.204456,26.7144,-24.7128,7.49881,0.830705,2.51242,0.071604,-0.198937,2.14525,-3.04713,1.89533,0.181432,0.918436,0.0607044
1727019,1,-2.75261,-1.32534,1.01105,-1.94698,1.10108,1.16771,2.20138,-2.75266,-1.32422,1.00895,-1.94565,1.10136,1.16858,2.20139,-0.000467074,-0.000151177,0.000248727,0.000703372,-0.000101248,0.000146765,-0.000594591,0,0,0,0,0,0,0,-0.176685,26.7383,-24.7366,7.47104,0.830705,2.51242,0.09083,-0.198125,2.14372,-3.04667,1.89645,0.181469,0.918541,0.0612035
1727020,1,-2.75261,-1.32534,1.01106,-1.94698,1.10108,1.16771,2.20139,-2.75266,-1.32422,1.00895,-1.94565,1.10136,1.16858,2.20139,-0.000311382,-0.000100785,0.000815823,-0.000180702,-6.74984e-05,9.78431e-05,0.00153639,0,0,0,0,0,0,0,-0.176685,26.7383,-24.7643,7.49881,0.830705,2.51242,0.038645,-0.197309,2.14301,-3.04706,1.89718,0.181485,0.918659,0.0616763
1727021,1,-2.75261,-1.32534,1.01105,-1.94698,1.10108,1.16771,2.20139,-2.75266,-1.32422,1.00895,-1.94565,1.10136,1.16858,2.20139,-0.000207588,-6.719e-05,-0.000662251,-0.000677282,-4.49989e-05,-0.000409489,0.000278272,0,0,0,0,0,0,0,-0.176685,26.7383,-24.7128,7.52262,0.830705,2.52523,0.0587866,-0.195963,2.14289,-3.04835,1.89817,0.181541,0.918814,0.0621204
1727022,1,-2.75261,-1.32534,1.01105,-1.94698,1.10108,1.16771,2.20139,-2.75266,-1.32422,1.00895,-1.94565,1.10136,1.16858,2.20139,-0.000138392,-4.47933e-05,-0.000441281,0.000754903,0.000173451,-3.56338e-05,0.000422874,0,0,0,0,0,0,0,-0.176685,26.7383,-24.7128,7.47104,0.825212,2.51882,0.0523779,-0.194567,2.14253,-3.04912,1.89929,0.18162,0.918938,0.0625069
1727023,1,-2.75261,-1.32534,1.01106,-1.94698,1.10108,1.16772,2.20139,-2.75266,-1.32422,1.00895,-1.94565,1.10136,1.16858,2.20139,0.00111416,0.00052695,0.000912404,0.000503268,-0.000291267,0.000213603,4.45568e-05,0,0,0,0,0,0,0,-0.22826,26.7144,-24.7643,7.47104,0.836199,2.51242,0.0587866,-0.194664,2.14258,-3.04954,1.8994,0.18162,0.91905,0.0628146
1727024,1,-2.75261,-1.32534,1.01106,-1.94699,1.10108,1.16771,2.20139,-2.75266,-1.32422,1.00895,-1.94565,1.10136,1.16858,2.20139,0.000185964,-0.000205512,-4.12211e-05,-0.00142773,0.000212723,-0.000332316,0.000267063,0,0,0,0,0,0,0,-0.204456,26.7383,-24.7366,7.54642,0.825212,2.52523,0.0523779,-0.196161,2.14339,-3.05059,1.89885,0.18157,0.91924,0.0630459
1727025,1,-2.75261,-1.32534,1.01106,-1.94699,1.10108,1.16771,2.20139,-2.75266,-1.32422,1.00895,-1.94565,1.10136,1.16858,2.20139,0.000123976,0.00106942,0.00117904,-0.000951818,-0.000265086,0.000727892,0.00116139,0,0,0,0,0,0,0,-0.204456,26.6867,-24.7881,7.54642,0.836199,2.4996,0.0258276,-0.196686,2.1438,-3.05224,1.89943,0.18161,0.919509,0.0632099
1727026,1,-2.75261,-1.32534,1.01106,-1.94698,1.10108,1.16771,2.20139,-2.75266,-1.32422,1.00895,-1.94565,1.10136,1.16858,2.20139,-0.000566963,6.33313e-05,0.000229283,0.000479078,0.000670987,1.05434e-05,-0.000446445,0,0,0,0,0,0,0,-0.176685,26.7144,-24.7643,7.49881,0.81331,2.51242,0.0587866,-0.195474,2.14336,-3.05429,1.90118,0.181734,0.919784,0.0632996
1727027,1,-2.75261,-1.32534,1.01106,-1.94698,1.10108,1.16772,2.20139,-2.75266,-1.32422,1.00895,-1.94565,1.10136,1.16858,2.20139,0.000271639,-0.000514591,0.000152907,-0.000237427,-0.000196935,-0.00023033,0.000177088,0,0,0,0,0,0,0,-0.204456,26.7383,-24.7643,7.52262,0.830705,2.51882,0.0459692,-0.19416,2.14323,-3.05657,1.90263,0.181833,0.920013,0.0633009
1727028,1,-2.75261,-1.32534,1.01106,-1.94698,1.10108,1.16771,2.20139,-2.75266,-1.32422,1.00895,-1.94565,1.10136,1.16858,2.20139,0.000181092,0.000863365,-0.00110445,0.00104814,-0.00013129,-0.000153553,0.000389326,0,0,0,0,0,0,0,-0.204456,26.6867,-24.7128,7.47104,0.830705,2.51882,0.038645,-0.194089,2.14348,-3.05806,1.90306,0.181852,0.920149,0.0632226
1727029,1,-2.75261,-1.32534,1.01106,-1.94698,1.10107,1.16771,2.20139,-2.75266,-1.32422,1.00895,-1.94565,1.10136,1.16858,2.20139,-0.000528886,-7.40372e-05,-0.000179458,4.91465e-05,-0.000494428,-0.000339728,0.000971627,0,0,0,0,0,0,0,-0.176685,26.7144,-24.7366,7.49881,0.841692,2.52523,0.0194189,-0.194665,2.14301,-3.058,1.90291,0.181817,0.920164,0.0630778
1727030,1,-2.75261,-1.32534,1.01106,-1.94698,1.10108,1.16771,2.20139,-2.75266,-1.32422,1.00895,-1.94565,1.10136,1.16858,2.20139,-0.00035259,-4.93581e-05,-0.000119616,-0.000524048,7.72824e-05,0.000248233,-0.000335593,0,0,0,0,0,0,0,-0.176685,26.7144,-24.7366,7.52262,0.830705,2.51242,0.0459692,-0.194393,2.14204,-3.05765,1.9032,0.181829,0.920145,0.0628618
1727031,1,-2.75261,-1.32534,1.01106,-1.94698,1.10107,1.16771,2.20139,-2.75266,-1.32422,1.00895,-1.94565,1.10136,1.16858,2.20139,0.000414554,-3.29054e-05,0.0011267,0.000207447,-0.000355379,-7.18705e-05,-0.000223728,0,0,0,0,0,0,0,-0.204456,26.7144,-24.7881,7.49881,0.841692,2.51882,0.0459692,-0.193636,2.14172,-3.0585,1.9039,0.181899,0.920217,0.0625697
1727032,1,-2.75261,-1.32534,1.01105,-1.94698,1.10108,1.16771,2.20139,-2.75266,-1.32422,1.00895,-1.94565,1.10136,1.16858,2.20139,-0.000373245,-2.19369e-05,-0.000455281,-0.000418514,-3.34691e-05,-4.79137e-05,-0.000386511,0,0,0,0,0,0,0,-0.176685,26.7144,-24.7366,7.52262,0.836199,2.51882,0.0523779,-0.193288,2.14228,-3.06047,1.90448,0.181981,0.920381,0.0622178
1727033,1,-2.75261,-1.32534,1.01105,-1.94698,1.10108,1.16771,2.20139,-2.75266,-1.32422,1.00895,-1.94565,1.10136,1.16858,2.20139,0.000957596,-1.46246e-05,-0.000860324,-0.00027901,-2.23127e-05,-3.19424e-05,-0.000257674,0,0,0,0,0,0,0,-0.22826,26.7144,-24.7128,7.52262,0.836199,2.51882,0.0523779,-0.193461,2.14269,-3.06193,1.90493,0.182076,0.920536,0.0618321
1727034,1,-2.75261,-1.32534,1.01105,-1.94699,1.10108,1.16771,2.20139,-2.75266,-1.32422,1.00895,-1.94565,1.10136,1.16858,2.20139,8.15854e-05,-9.74975e-06,-1.67302e-05,-0.000186006,0.000392026,-2.1295e-05,0.000574202,0,0,0,0,0,0,0,-0.204456,26.7144,-24.7366,7.52262,0.825212,2.51882,0.0322363,-0.194528,2.14278,-3.06233,1.90508,0.182164,0.920653,0.0614349
1727035,1,-2.75261,-1.32534,1.01106,-1.94698,1.10108,1.16771,2.20139,-2.75266,-1.32422,1.00895,-1.94565,1.10136,1.16858,2.20139,0.000611202,-6.49983e-06,0.000638466,-0.000124004,5.79001e-05,-1.41966e-05,0.000620161,0,0,0,0,0,0,0,-0.22826,26.7144,-24.7643,7.52262,0.830705,2.51882,0.0258276,-0.196185,2.14327,-3.06308,1.90496,0.182237,0.920807,0.0610359
1727036,1,-2.75261,-1.32534,1.01106,-1.94699,1.10108,1.16771,2.20139,-2.75266,-1.32422,1.00895,-1.94565,1.10136,1.16858,2.20139,-0.000798958,-4.33322e-06,-0.000223966,-0.000639482,3.86e-05,0.000227895,-0.000807263,0,0,0,0,0,0,0,-0.176685,26.7144,-24.7366,7.54642,0.830705,2.51242,0.0587866,-0.19715,2.14393,-3.06465,1.90523,0.182337,0.921008,0.0606235
1727037,1,-2.75261,-1.32534,1.01106,-1.94699,1.10108,1.16771,2.20139,-2.75266,-1.32422,1.00895,-1.94565,1.10136,1.16858,2.20139,0.000116975,-2.88882e-06,0.000500306,-0.000426321,0.000229184,-8.54293e-05,-6.34573e-05,0,0,0,0,0,0,0,-0.204456,26.7144,-24.7643,7.54642,0.825212,2.51882,0.0459692,-0.196564,2.14409,-3.06654,1.90645,0.1825,0.921211,0.0601931
1727038,1,-2.75261,-1.32534,1.01105,-1.94698,1.10108,1.16771,2.20139,-2.75266,-1.32422,1.00895,-1.94565,1.10136,1.16858,2.20139,-0.00057163,-1.92588e-06,-0.0014297,0.00082941,0.000152789,0.000417765,-0.000517023,0,0,0,0,0,0,0,-0.176685,26.7144,-24.689,7.49881,0.825212,2.50601,0.0587866,-0.195392,2.14373,-3.06791,1.90787,0.182662,0.921352,0.0597605
1727039,1,-2.75261,-1.32534,1.01106,-1.94698,1.10108,1.16771,2.20139,-2.75266,-1.32422,1.00895,-1.94565,1.10136,1.16858,2.20139,0.000268527,-1.28392e-06,0.000160493,-3.87205e-06,-0.000101591,-0.000196208,0.000638662,0,0,0,0,0,0,0,-0.204456,26.7144,-24.7366,7.52262,0.830705,2.51882,0.0322363,-0.194832,2.14311,-3.06822,1.90864,0.182754,0.921393,0.0593413
1727040,1,-2.75261,-1.32534,1.01105,-1.94698,1.10108,1.16771,2.20138,-2.75266,-1.32422,1.00895,-1.94565,1.10136,1.16858,2.20139,0.00073583,0.00120557,0.000106997,-2.58137e-06,-6.77273e-05,-0.000368164,-0.00150701,0,0,0,0,0,0,0,-0.22826,26.6629,-24.7366,7.52262,0.830705,2.52523,0.0844213,-0.195141,2.1424,-3.06821,1.90897,0.18278,0.921425,0.0589442
1727041,1,-2.75261,-1.32534,1.01106,-1.94698,1.10108,1.16771,2.20139,-2.75266,-1.32422,1.00895,-1.94565,1.10136,1.16858,2.20139,-0.000715873,-0.000959525,7.13321e-05,-1.72092e-06,-0.000452053,-0.000245443,0.000419484,0,0,0,0,0,0,0,-0.176685,26.7383,-24.7366,7.52262,0.841692,2.52523,0.0459692,-0.195772,2.14186,-3.06869,1.90931,0.182787,0.921518,0.0585785
1727042,1,-2.75261,-1.32534,1.01106,-1.94699,1.10108,1.16771,2.20139,-2.75266,-1.32422,1.00895,-1.94565,1.10136,1.16858,2.20139,-0.00103406,-0.0012893,4.75555e-05,-0.000557959,-0.000504819,-0.000163629,-0.000195062,0,0,0,0,0,0,0,-0.152882,26.766,-24.7366,7.54642,0.847185,2.52523,0.0587866,-0.195404,2.14235,-3.07038,1.91013,0.182866,0.921668,0.0582587
1727043,1,-2.75261,-1.32534,1.01106,-1.94698,1.10108,1.16771,2.20139,-2.75266,-1.32422,1.00895,-1.94565,1.10136,1.16858,2.20139,0.00107386,0.000346895,-0.000525108,0.00139127,7.03551e-05,-0.000109086,0.000853303,0,0,0,0,0,0,0,-0.22826,26.7144,-24.7128,7.47104,0.836199,2.52523,0.0322363,-0.195061,2.14393,-3.07266,1.91073,0.182972,0.921843,0.0579839
1727044,1,-2.75261,-1.32534,1.01106,-1.94698,1.10108,1.16771,2.20138,-2.75266,-1.32422,1.00895,-1.94565,1.10136,1.16858,2.20139,-0.00104733,-0.000975163,0.00141317,0.000277896,0.000250354,0.000639353,-0.00136391,0,0,0,0,0,0,0,-0.152882,26.766,-24.7881,7.49881,0.830705,2.50601,0.0844213,-0.19618,2.14625,-3.07499,1.91018,0.183006,0.922036,0.0577375
1727045,1,-2.75261,-1.32534,1.01106,-1.94698,1.10108,1.16771,2.20139,-2.75266,-1.32422,1.00895,-1.94565,1.10136,1.16858,2.20139,-0.000141407,-4.94618e-07,-0.000264315,0.000185264,0.000370353,0.000188876,0.000514879,0,0,0,0,0,0,0,-0.176685,26.7383,-24.7366,7.49881,0.825212,2.51242,0.0459692,-0.197082,2.14892,-3.07802,1.90952,0.183045,0.922268,0.0575172
1727046,1,-2.75261,-1.32534,1.01106,-1.94698,1.10108,1.16771,2.20139,-2.75266,-1.32422,1.00895,-1.94565,1.10136,1.16858,2.20139,0.000555343,-0.000649944,-0.00017621,0.000773123,-0.000363449,0.000125918,-0.000131465,0,0,0,0,0,0,0,-0.204456,26.766,-24.7366,7.47104,0.841692,2.51242,0.0587866,-0.197833,2.15127,-3.08067,1.90895,0.183096,0.922476,0.0573331
1727047,1,-2.75261,-1.32534,1.01106,-1.94698,1.10108,1.16771,2.20139,-2.75266,-1.32422,1.00895,-1.94565,1.10136,1.16858,2.20139,0.000370228,0.00077313,0.000532141,-0.000134198,-3.88491e-05,-0.000153414,-8.76433e-05,0,0,0,0,0,0,0,-0.204456,26.7144,-24.7643,7.49881,0.836199,2.51882,0.0587866,-0.19958,2.15312,-3.0823,1.90797,0.183111,0.922643,0.0571835
1727048,1,-2.75261,-1.32534,1.01106,-1.94698,1.10108,1.16771,2.20138,-2.75266,-1.32422,1.00895,-1.94565,1.10136,1.16858,2.20139,0.000246819,-0.000691006,-0.000294853,-8.94656e-05,-2.58994e-05,-0.000102276,-0.000533147,0,0,0,0,0,0,0,-0.204456,26.766,-24.7366,7.49881,0.836199,2.51882,0.071604,-0.201326,2.15425,-3.08345,1.90729,0.183145,0.922807,0.057064
1727049,1,-2.75261,-1.32534,1.01105,-1.94698,1.10108,1.16771,2.20138,-2.75266,-1.32422,1.00895,-1.94565,1.10136,1.16858,2.20139,-0.00104188,0.000745755,-0.000196569,-0.000616456,0.000389635,0.000169175,-0.00130487,0,0,0,0,0,0,0,-0.152882,26.7144,-24.7366,7.52262,0.825212,2.51242,0.0972387,-0.201479,2.15411,-3.08398,1.90775,0.18327,0.922932,0.0569808
1727050,1,-2.75261,-1.32534,1.01106,-1.94699,1.10108,1.16771,2.20139,-2.75266,-1.32422,1.00895,-1.94565,1.10136,1.16858,2.20139,0.00106865,-5.96417e-05,0.00107538,-0.000967782,5.6306e-05,-0.000361935,0.000791601,0,0,0,0,0,0,0,-0.22826,26.7383,-24.7881,7.54642,0.830705,2.52523,0.0523779,-0.199784,2.15281,-3.08434,1.90953,0.183492,0.923049,0.0569567
1727051,1,-2.75261,-1.32534,1.01106,-1.94698,1.10108,1.16771,2.20138,-2.75266,-1.32422,1.00895,-1.94565,1.10136,1.16858,2.20139,-0.000493992,0.000517051,0.00071692,0.00111805,-0.000165913,-3.93076e-06,-0.000421702,0,0,0,0,0,0,0,-0.176685,26.7144,-24.7881,7.47104,0.836199,2.51882,0.0780126,-0.198163,2.15186,-3.08558,1.91135,0.183701,0.923233,0.0570044
1727052,1,-2.75261,-1.32534,1.01106,-1.94698,1.10108,1.16771,2.20139,-2.75266,-1.32422,1.00895,-1.94565,1.10136,1.16858,2.20139,0.000320286,0.000344701,-0.000728479,9.57524e-05,-0.000110609,-2.62051e-06,-0.000281134,0,0,0,0,0,0,0,-0.204456,26.7144,-24.7366,7.49881,0.836199,2.51882,0.0780126,-0.197388,2.15128,-3.08683,1.91232,0.18383,0.923394,0.057107
1727053,1,-2.75261,-1.32534,1.01106,-1.94698,1.10108,1.16771,2.20139,-2.75266,-1.32422,1.00895,-1.94565,1.10136,1.16858,2.20139,0.000213524,-0.000327012,0.000163961,6.3835e-05,0.000129711,-0.000239106,-0.000187423,0,0,0,0,0,0,0,-0.204456,26.7383,-24.7643,7.49881,0.830705,2.52523,0.0780126,-0.19727,2.15052,-3.08711,1.91267,0.183912,0.923476,0.0572551
1727054,1,-2.75261,-1.32534,1.01106,-1.94698,1.10108,1.16771,2.20139,-2.75266,-1.32422,1.00895,-1.94565,1.10136,1.16858,2.20139,0.000142349,-0.000867622,0.000109308,0.000692171,-0.000116976,0.000315314,-0.000599666,0,0,0,0,0,0,0,-0.204456,26.766,-24.7643,7.47104,0.836199,2.51242,0.09083,-0.198208,2.15084,-3.08757,1.91228,0.183961,0.923561,0.0574503
1727055,1,-2.75261,-1.32534,1.01106,-1.94698,1.10108,1.16771,2.20138,-2.75266,-1.32422,1.00895,-1.94565,1.10136,1.16858,2.20139,-0.000554714,-0.000578414,-0.000576742,-0.000188167,-7.79842e-05,0.000210209,-0.000162419,0,0,0,0,0,0,0,-0.176685,26.766,-24.7366,7.49881,0.836199,2.51242,0.0844213,-0.199491,2.15234,-3.08858,1.91143,0.184004,0.923654,0.0576956
1727056,1,-2.75261,-1.32534,1.01106,-1.94698,1.10108,1.16771,2.20138,-2.75266,-1.32422,1.00895,-1.94565,1.10136,1.16858,2.20139,0.000279804,0.000264004,0.000821931,-0.000125445,0.000151461,0.000377498,0.00012908,0,0,0,0,0,0,0,-0.204456,26.7383,-24.7881,7.49881,0.830705,2.50601,0.0780126,-0.199921,2.15366,-3.08966,1.91106,0.184095,0.923732,0.0580006
1727057,1,-2.7526,-1.32534,1.01106,-1.94698,1.10108,1.16771,2.20138,-2.75266,-1.32422,1.00895,-1.94565,1.10136,1.16858,2.20139,0.00130016,0.000732815,-8.85789e-06,-8.36297e-05,0.000304425,-0.000223052,0.000560771,0,0,0,0,0,0,0,-0.252064,26.7144,-24.7643,7.49881,0.825212,2.51882,0.0651953,-0.200319,2.15433,-3.09067,1.91099,0.184189,0.923827,0.0583642
1727058,1,-2.75261,-1.32534,1.01106,-1.94698,1.10108,1.16771,2.20138,-2.75266,-1.32422,1.00895,-1.94565,1.10136,1.16858,2.20139,-0.000896464,-0.000717883,-0.000655519,-5.57532e-05,-5.00817e-07,-0.000148701,-0.000575588,0,0,0,0,0,0,0,-0.176685,26.766,-24.7366,7.49881,0.830705,2.51882,0.09083,-0.201138,2.15442,-3.09115,1.91089,0.184257,0.923904,0.0587641
1727059,1,-2.75261,-1.32534,1.01106,-1.94698,1.10108,1.16771,2.20138,-2.75266,-1.32422,1.00895,-1.94565,1.10136,1.16858,2.20139,-0.000597643,0.000727837,0.000769413,0.00116926,-3.33878e-07,0.000138225,9.09923e-05,0,0,0,0,0,0,0,-0.176685,26.7144,-24.7881,7.44724,0.830705,2.51242,0.0780126,-0.200823,2.15399,-3.09138,1.91115,0.184343,0.923914,0.0591824
1727060,1,-2.75261,-1.32534,1.01106,-1.94698,1.10108,1.16771,2.20139,-2.75266,-1.32422,1.00895,-1.94565,1.10136,1.16858,2.20139,0.000251185,0.000485225,0.000512942,-0.000426921,0.000203228,-0.000145209,0.00124746,0,0,0,0,0,0,0,-0.204456,26.7144,-24.7881,7.49881,0.825212,2.51882,0.0459692,-0.199349,2.15324,-3.09212,1.91173,0.184432,0.923915,0.0596196
1727061,1,-2.75261,-1.32534,1.01106,-1.94698,1.10108,1.16771,2.20139,-2.75266,-1.32422,1.00895,-1.94565,1.10136,1.16858,2.20139,-0.000482157,0.000973097,-0.00142128,0.000365,-6.79652e-05,0.000377912,0.000831637,0,0,0,0,0,0,0,-0.176685,26.6867,-24.7128,7.47104,0.830705,2.50601,0.0459692,-0.19746,2.15147,-3.09228,1.91263,0.18452,0.923884,0.0600584
1727062,1,-2.75261,-1.32534,1.01106,-1.94698,1.10108,1.16771,2.20139,-2.75266,-1.32422,1.00895,-1.94565,1.10136,1.16858,2.20139,-0.000321438,0.000648732,0.000258908,-0.000406281,-0.000452211,-0.000222777,0.000825692,0,0,0,0,0,0,0,-0.176685,26.6867,-24.7643,7.49881,0.841692,2.51882,0.038645,-0.194876,2.14816,-3.09095,1.91409,0.184635,0.923759,0.0604554
1727063,1,-2.75261,-1.32534,1.01106,-1.94698,1.10108,1.16771,2.20139,-2.75266,-1.32422,1.00895,-1.94565,1.10136,1.16858,2.20139,0.000992134,-0.000217126,-0.000477008,0.00037876,0.000105427,-0.000385877,0.00102518,0,0,0,0,0,0,0,-0.22826,26.7144,-24.7366,7.47104,0.830705,2.52523,0.0258276,-0.192894,2.1451,-3.08952,1.91527,0.184736,0.923638,0.0607719
1727064,1,-2.75261,-1.32534,1.01106,-1.94698,1.10108,1.16771,2.20139,-2.75266,-1.32422,1.00895,-1.94565,1.10136,1.16858,2.20139,-0.00175143,-0.000144751,0.00088842,-0.000953919,-0.000133166,-1.98922e-05,0.000920812,0,0,0,0,0,0,0,-0.125111,26.7144,-24.7881,7.52262,0.836199,2.51882,0.0194189,-0.191691,2.14369,-3.08947,1.91602,0.184833,0.923614,0.0609807
1727065,1,-2.75261,-1.32534,1.01106,-1.94698,1.10108,1.16772,2.20139,-2.75266,-1.32422,1.00895,-1.94565,1.10136,1.16858,2.20139,-0.000518006,-9.65006e-05,-0.00117096,0.00057048,0.000318124,-1.32615e-05,0.000139157,0,0,0,0,0,0,0,-0.152882,26.7144,-24.7128,7.47104,0.825212,2.51882,0.0322363,-0.189155,2.14282,-3.09044,1.91735,0.185002,0.923632,0.06106
1727066,1,-2.75261,-1.32534,1.01106,-1.94698,1.10108,1.16771,2.20139,-2.75266,-1.32422,1.00895,-1.94565,1.10136,1.16858,2.20139,0.000861089,-6.43337e-05,0.000425787,-0.000826106,-0.000194819,-8.84099e-06,9.27711e-05,0,0,0,0,0,0,0,-0.204456,26.7144,-24.7643,7.52262,0.836199,2.51882,0.0322363,-0.186806,2.14222,-3.09133,1.91847,0.185164,0.923651,0.0609986
1727067,1,-2.75261,-1.32534,1.01106,-1.94699,1.10108,1.16771,2.20138,-2.75266,-1.32422,1.00895,-1.94565,1.10136,1.16858,2.20139,0.000574059,-0.00124932,-0.000365756,-0.00110755,0.000277022,0.000231465,-0.00163357,0,0,0,0,0,0,0,-0.204456,26.766,-24.7366,7.54642,0.825212,2.51242,0.0780126,-0.186839,2.14302,-3.0925,1.91858,0.185256,0.923753,0.0608087
1727068,1,-2.75261,-1.32534,1.01106,-1.94698,1.10108,1.16771,2.20139,-2.75266,-1.32422,1.00895,-1.94565,1.10136,1.16858,2.20139,-0.000266908,0.00102316,0.000405777,-0.000181554,-1.87692e-05,0.00015431,-0.000139613,0,0,0,0,0,0,0,-0.176685,26.6867,-24.7643,7.52262,0.830705,2.51242,0.0523779,-0.187837,2.14461,-3.09416,1.91847,0.185327,0.923929,0.0605348
1727069,1,-2.75261,-1.32534,1.01106,-1.94698,1.10108,1.16771,2.20139,-2.75266,-1.32422,1.00895,-1.94565,1.10136,1.16858,2.20139,-0.000177939,3.24948e-05,0.000270518,0.000435776,-1.25128e-05,-0.000371845,0.00112763,0,0,0,0,0,0,0,-0.176685,26.7144,-24.7643,7.49881,0.830705,2.52523,0.0194189,-0.188195,2.14547,-3.09573,1.91859,0.185379,0.924084,0.0602356
1727070,1,-2.75261,-1.32534,1.01106,-1.94698,1.10108,1.16771,2.20139,-2.75266,-1.32422,1.00895,-1.94565,1.10136,1.16858,2.20139,0.000530988,2.16632e-05,0.00138677,0.000290517,-0.000211792,0.000226822,-0.000231592,0,0,0,0,0,0,0,-0.204456,26.7144,-24.8159,7.49881,0.836199,2.51242,0.0459692,-0.188708,2.14652,-3.09786,1.91827,0.185366,0.924248,0.059926
1727071,1,-2.75261,-1.32534,1.01106,-1.94698,1.10108,1.16771,2.20139,-2.75266,-1.32422,1.00895,-1.94565,1.10136,1.16858,2.20139,-0.000852434,1.44421e-05,-0.000931526,0.000843292,0.000265706,-8.61446e-05,0.000116872,0,0,0,0,0,0,0,-0.152882,26.7144,-24.7366,7.47104,0.825212,2.51882,0.038645,-0.189853,2.14819,-3.10039,1.91723,0.18529,0.92441,0.0595872
1727072,1,-2.75261,-1.32534,1.01106,-1.94698,1.10108,1.16771,2.20138,-2.75266,-1.32422,1.00895,-1.94565,1.10136,1.16858,2.20139,-0.000568289,-0.000547184,-0.000621017,-8.74192e-05,-2.63131e-05,0.000417288,-0.00138015,0,0,0,0,0,0,0,-0.152882,26.7383,-24.7366,7.49881,0.830705,2.50601,0.0780126,-0.190338,2.1491,-3.10173,1.91627,0.185223,0.92445,0.0592183
1727073,1,-2.75261,-1.32534,1.01106,-1.94698,1.10108,1.16771,2.20139,-2.75266,-1.32422,1.00895,-1.94565,1.10136,1.16858,2.20139,0.000827566,-0.000364789,-0.000414011,-0.000615091,-1.75421e-05,4.08332e-05,-0.000208021,0,0,0,0,0,0,0,-0.204456,26.7383,-24.7366,7.52262,0.830705,2.51242,0.0587866,-0.190448,2.14941,-3.10189,1.91564,0.185192,0.924408,0.0588438
1727074,1,-2.75261,-1.32534,1.01106,-1.94698,1.10108,1.16771,2.20138,-2.75266,-1.32422,1.00895,-1.94565,1.10136,1.16858,2.20139,-9.7903e-05,-0.000243193,0.000373606,0.000796365,-0.000215145,-0.000210137,-0.00108812,0,0,0,0,0,0,0,-0.176685,26.7383,-24.7643,7.47104,0.836199,2.51882,0.0844213,-0.191491,2.15024,-3.10209,1.91477,0.185146,0.924394,0.0585006
1727075,1,-2.75261,-1.32534,1.01106,-1.94699,1.10108,1.16771,2.20138,-2.75266,-1.32422,1.00895,-1.94565,1.10136,1.16858,2.20139,0.000584345,-0.00136855,0.000249071,-0.00123233,-0.00014343,0.000334627,-1.33342e-05,0,0,0,0,0,0,0,-0.204456,26.7898,-24.7643,7.54642,0.836199,2.50601,0.0651953,-0.19331,2.15221,-3.10328,1.91358,0.185084,0.924453,0.0582186
1727076,1,-2.75261,-1.32534,1.01106,-1.94698,1.10108,1.16771,2.20138,-2.75266,-1.32422,1.00895,-1.94565,1.10136,1.16858,2.20139,0.000389564,0.000850868,0.000166047,0.000941686,0.000514731,0.000223084,-0.000246248,0,0,0,0,0,0,0,-0.204456,26.7144,-24.7643,7.47104,0.819719,2.50601,0.071604,-0.195405,2.15475,-3.10514,1.91239,0.185026,0.924558,0.0580154
1727077,1,-2.75261,-1.32534,1.01106,-1.94699,1.10108,1.16771,2.20138,-2.75266,-1.32422,1.00895,-1.94565,1.10136,1.16858,2.20139,-0.000389905,0.000567245,0.000110698,-0.00113545,-0.000267197,0.000148723,-0.000638884,0,0,0,0,0,0,0,-0.176685,26.7144,-24.7643,7.54642,0.836199,2.50601,0.0844213,-0.196572,2.15582,-3.10631,1.91186,0.18499,0.924612,0.0578971
1727078,1,-2.75261,-1.32534,1.01106,-1.94698,1.10108,1.16771,2.20138,-2.75266,-1.32422,1.00895,-1.94565,1.10136,1.16858,2.20139,-0.000816749,-0.000828262,-0.00113263,-0.000200153,2.5319e-05,-0.00013821,-0.00090064,0,0,0,0,0,0,0,-0.152882,26.766,-24.7128,7.52262,0.830705,2.51242,0.0972387,-0.19538,2.15481,-3.10641,1.91283,0.185048,0.924565,0.0578625
1727079,1,-2.75261,-1.32534,1.01106,-1.94699,1.10108,1.16771,2.20138,-2.75266,-1.32422,1.00895,-1.94565,1.10136,1.16858,2.20139,0.000661927,9.74391e-05,-0.000198273,-0.000690247,0.00022033,-0.000329499,0.000349009,0,0,0,0,0,0,0,-0.204456,26.7383,-24.7366,7.54642,0.825212,2.51882,0.071604,-0.193191,2.15324,-3.10579,1.91449,0.185167,0.924442,0.0579186
1727080,1,-2.75261,-1.32534,1.01106,-1.94698,1.10108,1.16771,2.20138,-2.75266,-1.32422,1.00895,-1.94565,1.10136,1.16858,2.20139,-0.000208329,0.000621771,0.000517432,0.00130307,-0.000260014,-0.000219666,-4.68631e-06,0,0,0,0,0,0,0,-0.176685,26.7144,-24.7643,7.47104,0.836199,2.51882,0.0780126,-0.191997,2.1521,-3.10513,1.91552,0.185223,0.924315,0.0580696
1727081,1,-2.75261,-1.32534,1.01105,-1.94698,1.10108,1.16771,2.20139,-2.75266,-1.32422,1.00895,-1.94565,1.10136,1.16858,2.20139,-0.000138886,0.000414514,-0.000861471,0.000219101,-0.000173343,0.000328274,0.000708953,0,0,0,0,0,0,0,-0.176685,26.7144,-24.7128,7.49881,0.836199,2.50601,0.0587866,-0.191576,2.15106,-3.10448,1.91576,0.185193,0.924177,0.0582979
1727082,1,-2.75261,-1.32534,1.01105,-1.94698,1.10108,1.16771,2.20138,-2.75266,-1.32422,1.00895,-1.94565,1.10136,1.16858,2.20139,0.00167065,0.000276343,-0.000574314,0.000795682,-0.000115562,-1.85097e-05,-0.00071416,0,0,0,0,0,0,0,-0.252064,26.7144,-24.7128,7.47104,0.836199,2.51242,0.09083,-0.19245,2.15,-3.10303,1.91507,0.185088,0.923993,0.0585717
1727083,1,-2.75261,-1.32534,1.01106,-1.94698,1.10108,1.16771,2.20139,-2.75266,-1.32422,1.00895,-1.94565,1.10136,1.16858,2.20139,-0.00120629,0.000833842,0.000173936,-0.000675972,-7.70413e-05,-0.000249699,0.00023597,0,0,0,0,0,0,0,-0.152882,26.6867,-24.7366,7.52262,0.836199,2.51882,0.071604,-0.194065,2.14891,-3.10119,1.91411,0.184971,0.923813,0.0588745
1727084,1,-2.75261,-1.32534,1.01105,-1.94699,1.10108,1.16771,2.20139,-2.75266,-1.32422,1.00895,-1.94565,1.10136,1.16858,2.20139,-0.000247378,-9.37189e-05,-0.000440855,-0.000450648,0.00015209,7.08931e-05,0.000632031,0,0,0,0,0,0,0,-0.176685,26.7144,-24.7128,7.52262,0.830705,2.51242,0.0587866,-0.193381,2.14707,-3.09987,1.91467,0.184991,0.923668,0.0592089
1727085,1,-2.75261,-1.32534,1.01105,-1.94698,1.10108,1.16771,2.20138,-2.75266,-1.32422,1.00895,-1.94565,1.10136,1.16858,2.20139,-0.000721731,-0.000619291,-0.000293903,0.000905994,-0.000102057,4.72621e-05,-0.000290722,0,0,0,0,0,0,0,-0.152882,26.7383,-24.7128,7.47104,0.836199,2.51242,0.0780126,-0.191084,2.14545,-3.09926,1.91606,0.185109,0.923545,0.0595577
1727086,1,-2.75261,-1.32534,1.01106,-1.94698,1.10108,1.16771,2.20138,-2.75266,-1.32422,1.00895,-1.94565,1.10136,1.16858,2.20139,-0.000481154,-0.000412861,-0.000195935,-4.56179e-05,0.000338863,3.1508e-05,0.000280903,0,0,0,0,0,0,0,-0.152882,26.7383,-24.7128,7.49881,0.825212,2.51242,0.0651953,-0.189219,2.14526,-3.09942,1.91679,0.185212,0.923442,0.0598974
1727087,1,-2.75261,-1.32534,1.01106,-1.94698,1.10107,1.16771,2.20139,-2.75266,-1.32422,1.00895,-1.94565,1.10136,1.16858,2.20139,0.00144247,-0.000275241,0.00163261,0.000619202,-0.000384443,2.10054e-05,0.000899345,0,0,0,0,0,0,0,-0.22826,26.7383,-24.7881,7.47104,0.841692,2.51242,0.0459692,-0.188899,2.14695,-3.10092,1.91647,0.185251,0.923438,0.0602242
1727088,1,-2.75261,-1.32534,1.01106,-1.94698,1.10108,1.16771,2.20139,-2.75266,-1.32422,1.00895,-1.94565,1.10136,1.16858,2.20139,0.000404834,-0.000183494,0.000531598,-0.000793625,-5.28449e-05,1.40036e-05,0.000599564,0,0,0,0,0,0,0,-0.204456,26.7383,-24.7643,7.52262,0.836199,2.51242,0.0459692,-0.190859,2.15052,-3.10407,1.91511,0.185215,0.923599,0.0605261
1727089,1,-2.75261,-1.32534,1.01106,-1.94698,1.10108,1.16771,2.20138,-2.75266,-1.32422,1.00895,-1.94565,1.10136,1.16858,2.20139,-0.000379725,-0.000122329,0.000354398,0.000677343,0.000371671,-0.000228023,-0.000549727,0,0,0,0,0,0,0,-0.176685,26.7383,-24.7643,7.47104,0.825212,2.51882,0.071604,-0.193067,2.15424,-3.10762,1.91381,0.185187,0.923814,0.0607783
1727090,1,-2.75261,-1.32534,1.01105,-1.94698,1.10108,1.16771,2.20139,-2.75266,-1.32422,1.00895,-1.94565,1.10136,1.16858,2.20139,-0.00025315,0.000475259,-0.000413348,-0.000198052,0.000451231,8.53435e-05,0.00132894,0,0,0,0,0,0,0,-0.176685,26.7144,-24.7366,7.49881,0.819719,2.51242,0.0258276,-0.193763,2.15633,-3.11,1.9133,0.18521,0.923936,0.0609724
1727091,1,-2.75261,-1.32534,1.01106,-1.94698,1.10108,1.16771,2.20139,-2.75266,-1.32422,1.00895,-1.94565,1.10136,1.16858,2.20139,-0.000168767,0.000316839,0.000374048,-0.000132035,-0.00010608,0.000294255,0.000139972,0,0,0,0,0,0,0,-0.176685,26.7144,-24.7643,7.49881,0.830705,2.50601,0.0459692,-0.192966,2.15646,-3.11086,1.91363,0.185271,0.923949,0.0611084
1727092,1,-2.75261,-1.32534,1.01105,-1.94698,1.10108,1.16771,2.20139,-2.75266,-1.32422,1.00895,-1.94565,1.10136,1.16858,2.20139,-0.000112511,0.00086084,-0.00151387,-8.80231e-05,-7.07201e-05,-4.11892e-05,9.3315e-05,0,0,0,0,0,0,0,-0.176685,26.6867,-24.689,7.49881,0.830705,2.51242,0.0459692,-0.191195,2.15474,-3.1101,1.91465,0.185358,0.923861,0.0611709
1727093,1,-2.75261,-1.32534,1.01106,-1.94698,1.10108,1.16771,2.20139,-2.75266,-1.32422,1.00895,-1.94565,1.10136,1.16858,2.20139,0.000574607,-7.57204e-05,-0.000452436,-0.000615494,-4.71467e-05,-0.000264818,-0.000175149,0,0,0,0,0,0,0,-0.204456,26.7144,-24.7128,7.52262,0.830705,2.51882,0.0523779,-0.189493,2.15175,-3.10761,1.91585,0.185436,0.923678,0.0611536
1727094,1,-2.75261,-1.32534,1.01106,-1.94698,1.10108,1.16771,2.20139,-2.75266,-1.32422,1.00895,-1.94565,1.10136,1.16858,2.20139,0.000383071,-0.000607292,0.000904802,0.000146483,-3.14312e-05,6.08133e-05,0.000120593,0,0,0,0,0,0,0,-0.204456,26.7383,-24.7643,7.49881,0.830705,2.51242,0.0459692,-0.189074,2.14983,-3.10552,1.91646,0.185473,0.923543,0.0610688
1727095,1,-2.75261,-1.32534,1.01106,-1.94698,1.10108,1.16771,2.20139,-2.75266,-1.32422,1.00895,-1.94565,1.10136,1.16858,2.20139,-0.000951045,0.00015195,-4.64128e-05,9.76551e-05,-0.000224405,4.05422e-05,0.000589022,0,0,0,0,0,0,0,-0.152882,26.7144,-24.7366,7.49881,0.836199,2.51242,0.0322363,-0.189244,2.14989,-3.10544,1.91652,0.185479,0.923522,0.0609323
1727096,1,-2.75261,-1.32534,1.01106,-1.94698,1.10108,1.16771,2.20139,-2.75266,-1.32422,1.00895,-1.94565,1.10136,1.16858,2.20139,-7.72182e-05,-0.000455512,0.000618672,6.51034e-05,-0.000149603,0.000264387,-0.000115945,0,0,0,0,0,0,0,-0.176685,26.7383,-24.7643,7.49881,0.836199,2.50601,0.0459692,-0.188533,2.15052,-3.10646,1.91677,0.185507,0.923532,0.0607492
1727097,1,-2.75261,-1.32534,1.01106,-1.94698,1.10108,1.16771,2.20139,-2.75266,-1.32422,1.00895,-1.94565,1.10136,1.16858,2.20139,0.000598135,0.000253138,-0.000237166,-0.00051341,-9.97354e-05,0.000413617,0.000431329,0,0,0,0,0,0,0,-0.204456,26.7144,-24.7366,7.52262,0.836199,2.4996,0.0322363,-0.187799,2.1513,-3.10771,1.91702,0.185541,0.923547,0.0605164
1727098,1,-2.75261,-1.32534,1.01106,-1.94698,1.10108,1.16771,2.20139,-2.75266,-1.32422,1.00895,-1.94565,1.10136,1.16858,2.20139,0.000955569,-0.000388054,-0.000158111,-0.000342273,0.00013696,3.83857e-05,0.000287553,0,0,0,0,0,0,0,-0.22826,26.7383,-24.7366,7.52262,0.830705,2.50601,0.0322363,-0.188438,2.1522,-3.10845,1.91681,0.185547,0.923554,0.0602348
1727099,1,-2.75261,-1.32534,1.01106,-1.94698,1.10108,1.16771,2.20139,-2.75266,-1.32422,1.00895,-1.94565,1.10136,1.16858,2.20139,-0.00056938,-0.000258702,-0.000662219,-0.000228182,9.13068e-05,-0.000211768,-0.000554283,0,0,0,0,0,0,0,-0.176685,26.7383,-24.7128,7.52262,0.830705,2.51242,0.0523779,-0.18984,2.15298,-3.10845,1.91638,0.185543,0.923514,0.0599049
1727100,1,-2.75261,-1.32534,1.01106,-1.94698,1.10108,1.16771,2.20139,-2.75266,-1.32422,1.00895,-1.94565,1.10136,1.16858,2.20139,-0.000379587,-0.000822082,0.000115333,0.0010543,6.08712e-05,9.618e-05,0.000376463,0,0,0,0,0,0,0,-0.176685,26.766,-24.7366,7.47104,0.830705,2.50601,0.0322363,-0.190725,2.15377,-3.10828,1.91597,0.185548,0.92341,0.0595335
1727101,1,-2.75261,-1.32534,1.01106,-1.94698,1.10108,1.16771,2.20139,-2.75266,-1.32422,1.00895,-1.94565,1.10136,1.16858,2.20139,0.000396556,0.000101559,0.000726502,-0.000503556,0.000447482,6.412e-05,-0.000732369,0,0,0,0,0,0,0,-0.204456,26.7383,-24.7643,7.52262,0.819719,2.50601,0.0587866,-0.191347,2.15512,-3.1088,1.91536,0.185535,0.923302,0.0591369
1727102,1,-2.75261,-1.32534,1.01106,-1.94698,1.10108,1.16771,2.20139,-2.75266,-1.32422,1.00895,-1.94565,1.10136,1.16858,2.20139,-0.000385243,-0.00113872,0.000484335,0.000870722,0.000298321,4.27467e-05,0.000969816,0,0,0,0,0,0,0,-0.176685,26.7898,-24.7643,7.47104,0.819719,2.50601,0.0194189,-0.192206,2.15731,-3.11044,1.91453,0.185491,0.923254,0.0587298
1727103,1,-2.75261,-1.32534,1.01106,-1.94699,1.10108,1.16771,2.20138,-2.75266,-1.32422,1.00895,-1.94565,1.10136,1.16858,2.20139,0.000392785,0.000447279,-0.000326724,-0.00118276,-4.56969e-06,2.84978e-05,-0.00104888,0,0,0,0,0,0,0,-0.204456,26.7383,-24.7366,7.54642,0.825212,2.50601,0.0651953,-0.192864,2.15951,-3.11227,1.91392,0.185442,0.923215,0.0583183
1727104,1,-2.75261,-1.32534,1.01106,-1.94698,1.10108,1.16771,2.20139,-2.75266,-1.32422,1.00895,-1.94565,1.10136,1.16858,2.20139,-0.000387757,0.000298186,-0.000217816,0.000325119,-3.04646e-06,1.89985e-05,0.000284093,0,0,0,0,0,0,0,-0.176685,26.7383,-24.7366,7.49881,0.825212,2.50601,0.038645,-0.192585,2.16006,-3.11283,1.9142,0.18542,0.923108,0.0579064
1727105,1,-2.75261,-1.32534,1.01106,-1.94698,1.10108,1.16771,2.20139,-2.75266,-1.32422,1.00895,-1.94565,1.10136,1.16858,2.20139,0.000391109,0.000198791,0.000504403,0.00086636,-0.000408932,1.26657e-05,0.000426754,0,0,0,0,0,0,0,-0.204456,26.7383,-24.7643,7.47104,0.836199,2.50601,0.0322363,-0.191968,2.1594,-3.11239,1.91471,0.185373,0.922934,0.0575052
1727106,1,-2.75261,-1.32534,1.01105,-1.94698,1.10108,1.16771,2.20139,-2.75266,-1.32422,1.00895,-1.94565,1.10136,1.16858,2.20139,-0.000388875,0.000132527,-0.00142697,-7.20404e-05,-6.91708e-05,-0.000228915,0.000284503,0,0,0,0,0,0,0,-0.176685,26.7383,-24.689,7.49881,0.830705,2.51242,0.0322363,-0.191813,2.15851,-3.11136,1.91474,0.185272,0.922704,0.057112
1727107,1,-2.75261,-1.32534,1.01106,-1.94698,1.10108,1.16771,2.20139,-2.75266,-1.32422,1.00895,-1.94565,1.10136,1.16858,2.20139,0.000390364,8.83515e-05,-0.000394501,-0.000604839,0.000157337,8.47488e-05,-0.00103103,0,0,0,0,0,0,0,-0.204456,26.7383,-24.7128,7.52262,0.825212,2.50601,0.0651953,-0.191475,2.15685,-3.10918,1.91501,0.185192,0.922408,0.0567128
1727108,1,-2.75261,-1.32534,1.01105,-1.94698,1.10108,1.16771,2.20139,-2.75266,-1.32422,1.00895,-1.94565,1.10136,1.16858,2.20139,-0.000389371,5.8901e-05,0.000293811,-0.000403226,-9.85594e-05,-0.00018086,0.000295988,0,0,0,0,0,0,0,-0.176685,26.7383,-24.7366,7.52262,0.830705,2.51242,0.038645,-0.190539,2.1549,-3.10691,1.91593,0.185169,0.922134,0.056314
1727109,1,-2.75261,-1.32534,1.01105,-1.94698,1.10108,1.16771,2.20139,-2.75266,-1.32422,1.00895,-1.94565,1.10136,1.16858,2.20139,-0.000259581,-0.00116716,-0.000360938,0.000287995,-6.57063e-05,-0.000120573,0.000197325,0,0,0,0,0,0,0,-0.176685,26.7898,-24.7128,7.49881,0.830705,2.51242,0.038645,-0.189362,2.15401,-3.10592,1.91698,0.185173,0.921943,0.0559327
1727110,1,-2.75261,-1.32534,1.01106,-1.94698,1.10108,1.16771,2.20139,-2.75266,-1.32422,1.00895,-1.94565,1.10136,1.16858,2.20139,-0.000173054,0.00042832,0.000316187,0.00084161,0.000159646,0.000394336,0.00013155,0,0,0,0,0,0,0,-0.176685,26.7383,-24.7366,7.47104,0.825212,2.4996,0.038645,-0.188707,2.15451,-3.10592,1.91733,0.185141,0.921792,0.0555667
1727111,1,-2.75261,-1.32534,1.01106,-1.94698,1.10108,1.16771,2.20139,-2.75266,-1.32422,1.00895,-1.94565,1.10136,1.16858,2.20139,0.00109106,0.000842359,-0.000346021,0.000561074,-0.00030047,-0.000686545,-0.000658285,0,0,0,0,0,0,0,-0.22826,26.7144,-24.7128,7.47104,0.836199,2.52523,0.0587866,-0.189284,2.15527,-3.10579,1.91672,0.185021,0.921646,0.0552076
1727112,1,-2.75261,-1.32534,1.01106,-1.94698,1.10108,1.16771,2.20139,-2.75266,-1.32422,1.00895,-1.94565,1.10136,1.16858,2.20139,-0.000479055,4.76054e-06,-0.00023068,-0.000832377,0.000206588,0.000491739,-0.000913575,0,0,0,0,0,0,0,-0.176685,26.7383,-24.7128,7.52262,0.825212,2.4996,0.071604,-0.19038,2.15525,-3.1049,1.91599,0.184876,0.921501,0.0548619
1727113,1,-2.75261,-1.32534,1.01106,-1.94698,1.10108,1.16771,2.20138,-2.75266,-1.32422,1.00895,-1.94565,1.10136,1.16858,2.20139,-0.000876182,3.17369e-06,-0.000153787,1.89406e-06,-6.57255e-05,-0.000146892,-0.000846409,0,0,0,0,0,0,0,-0.152882,26.7383,-24.7128,7.49881,0.830705,2.51242,0.0780126,-0.18985,2.15438,-3.10386,1.9164,0.184831,0.921362,0.054554
1727114,1,-2.75261,-1.32534,1.01105,-1.94698,1.10108,1.16771,2.20138,-2.75266,-1.32422,1.00895,-1.94565,1.10136,1.16858,2.20139,-0.000584121,2.1158e-06,-0.000659337,-0.000555549,0.000159634,0.000139431,-0.000326914,0,0,0,0,0,0,0,-0.152882,26.7383,-24.689,7.52262,0.825212,2.50601,0.071604,-0.187237,2.15295,-3.10292,1.918,0.184897,0.921213,0.0543154
1727115,1,-2.75261,-1.32534,1.01106,-1.94698,1.10108,1.16771,2.20138,-2.75266,-1.32422,1.00895,-1.94565,1.10136,1.16858,2.20139,0.00137382,0.00120784,0.000674066,0.000186446,-0.000300479,-0.000144405,-0.00116738,0,0,0,0,0,0,0,-0.22826,26.6867,-24.7366,7.49881,0.836199,2.51242,0.0972387,-0.184854,2.15144,-3.10188,1.91956,0.184956,0.92108,0.0541665
1727116,1,-2.75261,-1.32534,1.01105,-1.94698,1.10108,1.16772,2.20138,-2.75266,-1.32422,1.00895,-1.94565,1.10136,1.16858,2.20139,0.000359071,-0.000401202,-0.000107435,-0.000432515,-0.000200319,0.000378448,0.000171184,0,0,0,0,0,0,0,-0.204456,26.7383,-24.7128,7.52262,0.836199,2.4996,0.071604,-0.184665,2.15075,-3.10118,1.92006,0.184926,0.921023,0.0541197
1727117,1,-2.75261,-1.32534,1.01105,-1.94698,1.10108,1.16771,2.20138,-2.75266,-1.32422,1.00895,-1.94565,1.10136,1.16858,2.20139,-0.000410234,-0.000267468,-7.1623e-05,0.000918083,0.000476805,-0.000222419,-0.000360595,0,0,0,0,0,0,0,-0.176685,26.7383,-24.7128,7.47104,0.819719,2.51242,0.0844213,-0.185902,2.15138,-3.10109,1.91962,0.184844,0.921003,0.0541801
1727118,1,-2.75261,-1.32534,1.01106,-1.94699,1.10108,1.16771,2.20139,-2.75266,-1.32422,1.00895,-1.94565,1.10136,1.16858,2.20139,-0.000273489,0.00102811,0.000509063,-0.000594371,0.00011442,-0.00014828,0.000946398,0,0,0,0,0,0,0,-0.176685,26.6867,-24.7366,7.52262,0.825212,2.51242,0.0523779,-0.186522,2.15222,-3.10136,1.91922,0.184778,0.920965,0.0543422
1727119,1,-2.75261,-1.32534,1.01105,-1.94698,1.10108,1.16771,2.20138,-2.75266,-1.32422,1.00895,-1.94565,1.10136,1.16858,2.20139,-0.000182326,3.57954e-05,-0.000774248,0.000160565,-0.000330621,0.000138506,-0.00126794,0,0,0,0,0,0,0,-0.176685,26.7144,-24.689,7.49881,0.836199,2.50601,0.103647,-0.185794,2.15198,-3.1013,1.91959,0.18476,0.920897,0.0545836
1727120,1,-2.75261,-1.32534,1.01106,-1.94698,1.10108,1.16771,2.20138,-2.75266,-1.32422,1.00895,-1.94565,1.10136,1.16858,2.20139,-0.000121551,-0.000532948,4.06464e-05,0.000756657,0.000186487,-0.000382381,0.000104143,0,0,0,0,0,0,0,-0.176685,26.7383,-24.7128,7.47104,0.825212,2.51882,0.0780126,-0.185096,2.15164,-3.10082,1.91984,0.184738,0.920795,0.05488
1727121,1,-2.75261,-1.32534,1.01106,-1.94698,1.10108,1.16771,2.20138,-2.75266,-1.32422,1.00895,-1.94565,1.10136,1.16858,2.20139,-0.000637846,0.000201513,2.70976e-05,0.000504438,0.000124325,-1.75615e-05,-0.000405289,0,0,0,0,0,0,0,-0.152882,26.7144,-24.7128,7.47104,0.825212,2.51242,0.09083,-0.185112,2.15224,-3.10062,1.91931,0.18467,0.920694,0.055233
1727122,1,-2.75261,-1.32534,1.01105,-1.94698,1.10108,1.16771,2.20139,-2.75266,-1.32422,1.00895,-1.94565,1.10136,1.16858,2.20139,0.000131581,0.000134342,1.80651e-05,-0.000870134,8.28831e-05,0.00046301,0.000916602,0,0,0,0,0,0,0,-0.176685,26.7144,-24.7128,7.52262,0.825212,2.4996,0.0587866,-0.184756,2.15285,-3.10069,1.91895,0.184618,0.92062,0.0556482
1727123,1,-2.75261,-1.32534,1.01105,-1.94698,1.10108,1.16771,2.20138,-2.75266,-1.32422,1.00895,-1.94565,1.10136,1.16858,2.20139,0.000737335,-0.000467251,-0.000544769,0.000626337,-0.000148195,-0.000166044,-0.000575727,0,0,0,0,0,0,0,-0.204456,26.7383,-24.689,7.47104,0.830705,2.51242,0.09083,-0.184778,2.15337,-3.10054,1.91865,0.18457,0.92057,0.0561069
1727124,1,-2.75261,-1.32534,1.01106,-1.94698,1.10108,1.16771,2.20138,-2.75266,-1.32422,1.00895,-1.94565,1.10136,1.16858,2.20139,-0.000158057,0.000245312,0.000750445,0.000417558,0.000104654,0.000126663,-0.000383818,0,0,0,0,0,0,0,-0.176685,26.7144,-24.7366,7.47104,0.825212,2.50601,0.09083,-0.186253,2.15461,-3.10045,1.91754,0.184458,0.920545,0.0565866
1727125,1,-2.75261,-1.32534,1.01105,-1.94698,1.10108,1.16771,2.20138,-2.75266,-1.32422,1.00895,-1.94565,1.10136,1.16858,2.20139,-0.000105372,-0.000393271,-0.00126294,0.000278372,-0.000133681,-0.000152917,-1.85197e-05,0,0,0,0,0,0,0,-0.176685,26.7383,-24.6612,7.47104,0.830705,2.51242,0.0844213,-0.187944,2.15596,-3.10034,1.9161,0.18432,0.92051,0.0570886
1727126,1,-2.75261,-1.32534,1.01105,-1.94698,1.10108,1.16771,2.20139,-2.75266,-1.32422,1.00895,-1.94565,1.10136,1.16858,2.20139,-7.02477e-05,0.000294631,0.000364465,-0.00102084,-8.91209e-05,0.000135414,0.000462371,0,0,0,0,0,0,0,-0.176685,26.7144,-24.7128,7.52262,0.830705,2.50601,0.071604,-0.188581,2.15645,-3.09966,1.91538,0.184239,0.920441,0.057622
1727127,1,-2.75261,-1.32534,1.01105,-1.94699,1.10108,1.16772,2.20138,-2.75266,-1.32422,1.00895,-1.94565,1.10136,1.16858,2.20139,0.000602782,-0.000360391,0.000242977,-0.00123738,0.000144037,-0.000147083,-0.000403829,0,0,0,0,0,0,0,-0.204456,26.7383,-24.7128,7.54642,0.825212,2.51242,0.09083,-0.188137,2.15636,-3.09915,1.91578,0.18425,0.920421,0.0581795
1727128,1,-2.75261,-1.32534,1.01105,-1.94698,1.10108,1.16771,2.20138,-2.75266,-1.32422,1.00895,-1.94565,1.10136,1.16858,2.20139,0.000958667,0.00152298,0.000161984,0.000288707,9.60244e-05,-9.80552e-05,-0.000743937,0,0,0,0,0,0,0,-0.22826,26.6629,-24.7128,7.49881,0.825212,2.51242,0.103647,-0.187866,2.15605,-3.09896,1.91656,0.184272,0.920473,0.0587492
1727129,1,-2.75261,-1.32534,1.01105,-1.94698,1.10108,1.16771,2.20138,-2.75266,-1.32422,1.00895,-1.94565,1.10136,1.16858,2.20139,-0.000567315,-0.000191108,-0.000448822,0.000842085,-0.000342885,-0.000302729,0.000453478,0,0,0,0,0,0,0,-0.176685,26.7144,-24.689,7.47104,0.836199,2.51882,0.0780126,-0.188376,2.15525,-3.09815,1.91672,0.184218,0.920489,0.0593348
1727130,1,-2.75261,-1.32534,1.01105,-1.94698,1.10108,1.16771,2.20138,-2.75266,-1.32422,1.00895,-1.94565,1.10136,1.16858,2.20139,0.000271404,-0.000127405,0.000257597,-8.82237e-05,-2.51393e-05,-0.000201819,0.000539677,0,0,0,0,0,0,0,-0.204456,26.7144,-24.7128,7.49881,0.830705,2.51882,0.071604,-0.188988,2.1546,-3.09717,1.91633,0.184124,0.920456,0.0599423
1727131,1,-2.75261,-1.32534,1.01105,-1.94698,1.10108,1.16771,2.20139,-2.75266,-1.32422,1.00895,-1.94565,1.10136,1.16858,2.20139,-0.000468678,-0.00129136,-0.000385081,0.000590798,0.0006275,0.000340172,0.000834503,0,0,0,0,0,0,0,-0.176685,26.766,-24.689,7.47104,0.81331,2.50601,0.0587866,-0.189713,2.1552,-3.09693,1.91553,0.184033,0.92044,0.0605533
1727132,1,-2.75261,-1.32534,1.01105,-1.94698,1.10108,1.16772,2.20138,-2.75266,-1.32422,1.00895,-1.94565,1.10136,1.16858,2.20139,0.000893974,-0.000211295,-0.00025672,0.000393865,-0.000429377,0.00046414,-0.000393101,0,0,0,0,0,0,0,-0.22826,26.7383,-24.689,7.47104,0.836199,2.4996,0.0844213,-0.191275,2.15708,-3.0971,1.914,0.183914,0.920437,0.0611351
1727133,1,-2.75261,-1.32534,1.01105,-1.94698,1.10108,1.16772,2.20138,-2.75266,-1.32422,1.00895,-1.94565,1.10136,1.16858,2.20139,3.91707e-05,0.000415949,0.000942477,-0.000387037,0.0003241,7.20677e-05,-0.000262067,0,0,0,0,0,0,0,-0.204456,26.7144,-24.7366,7.49881,0.819719,2.50601,0.0844213,-0.193345,2.15916,-3.09736,1.91227,0.183774,0.920453,0.0616739
1727134,1,-2.75261,-1.32534,1.01105,-1.94698,1.10108,1.16772,2.20138,-2.75266,-1.32422,1.00895,-1.94565,1.10136,1.16858,2.20139,-0.0006235,-0.000279513,7.1506e-05,-0.000814837,-0.000394285,4.80452e-05,0.000300007,0,0,0,0,0,0,0,-0.176685,26.7383,-24.7128,7.52262,0.836199,2.50601,0.071604,-0.193823,2.16024,-3.09799,1.91183,0.183714,0.920509,0.0621847
1727135,1,-2.75261,-1.32534,1.01105,-1.94698,1.10108,1.16771,2.20139,-2.75266,-1.32422,1.00895,-1.94565,1.10136,1.16858,2.20139,-0.000415667,-0.000186342,-0.00115876,1.35875e-05,-5.94059e-05,-0.000205329,0.000674722,0,0,0,0,0,0,0,-0.176685,26.7383,-24.6612,7.49881,0.830705,2.51242,0.0587866,-0.192086,2.15994,-3.09818,1.91289,0.183769,0.920517,0.0626752
1727136,1,-2.75261,-1.32534,1.01105,-1.94698,1.10108,1.16771,2.20139,-2.75266,-1.32422,1.00895,-1.94565,1.10136,1.16858,2.20139,0.000929315,-0.000124228,-0.00012289,9.05836e-06,0.000604656,0.000100473,-2.49031e-05,0,0,0,0,0,0,0,-0.22826,26.7383,-24.689,7.49881,0.81331,2.50601,0.071604,-0.19051,2.159,-3.0971,1.91389,0.183821,0.920432,0.0631302
1727137,1,-2.75261,-1.32534,1.01105,-1.94698,1.10108,1.16771,2.20138,-2.75266,-1.32422,1.00895,-1.94565,1.10136,1.16858,2.20139,-0.000586883,-8.28186e-05,-8.19264e-05,-0.000550773,-3.77054e-05,0.000304341,-1.6602e-05,0,0,0,0,0,0,0,-0.176685,26.7383,-24.689,7.52262,0.825212,2.4996,0.071604,-0.190044,2.15826,-3.0956,1.91431,0.183818,0.92033,0.0635365
1727138,1,-2.75261,-1.32534,1.01105,-1.94698,1.10108,1.16771,2.20138,-2.75266,-1.32422,1.00895,-1.94565,1.10136,1.16858,2.20139,0.000258359,-5.52124e-05,-5.46176e-05,0.00139606,-0.000635489,0.000202894,-0.000485786,0,0,0,0,0,0,0,-0.204456,26.7383,-24.689,7.44724,0.841692,2.4996,0.0844213,-0.189843,2.15784,-3.09441,1.91444,0.183778,0.920229,0.0638957
1727139,1,-2.75261,-1.32534,1.01105,-1.94698,1.10108,1.16771,2.20139,-2.75266,-1.32422,1.00895,-1.94565,1.10136,1.16858,2.20139,0.000172239,-0.000686422,-0.000686026,0.000930704,-1.6758e-05,-0.000102096,0.000862937,0,0,0,0,0,0,0,-0.204456,26.766,-24.6612,7.44724,0.830705,2.50601,0.0523779,-0.190865,2.15827,-3.09329,1.9134,0.183647,0.920088,0.0642173
1727140,1,-2.75261,-1.32534,1.01105,-1.94698,1.10108,1.16772,2.20138,-2.75266,-1.32422,1.00895,-1.94565,1.10136,1.16858,2.20139,-0.000534788,0.000191999,0.000192264,0.000620469,-0.000214623,-6.80642e-05,-0.000848862,0,0,0,0,0,0,0,-0.176685,26.7383,-24.689,7.44724,0.836199,2.50601,0.09083,-0.192801,2.15937,-3.09216,1.91145,0.183463,0.919912,0.0645095
1727141,1,-2.75261,-1.32534,1.01105,-1.94698,1.10108,1.16771,2.20138,-2.75266,-1.32422,1.00895,-1.94565,1.10136,1.16858,2.20139,-0.000913337,0.000684811,0.000684988,-0.000143166,6.03689e-05,-4.53761e-05,-0.000328549,0,0,0,0,0,0,0,-0.152882,26.7144,-24.7128,7.47104,0.830705,2.50601,0.0844213,-0.192917,2.15966,-3.09142,1.91051,0.183367,0.919746,0.0647811
1727142,1,-2.75261,-1.32534,1.01106,-1.94698,1.10108,1.16772,2.20138,-2.75266,-1.32422,1.00895,-1.94565,1.10136,1.16858,2.20139,0.000597534,0.000456541,0.00166308,-9.54439e-05,0.000447147,-3.02508e-05,-0.000456392,0,0,0,0,0,0,0,-0.204456,26.7144,-24.7643,7.47104,0.819719,2.50601,0.09083,-0.191041,2.15915,-3.0918,1.91096,0.183378,0.91967,0.0650532
1727143,1,-2.75261,-1.32534,1.01105,-1.94698,1.10108,1.16772,2.20139,-2.75266,-1.32422,1.00895,-1.94565,1.10136,1.16858,2.20139,0.000955168,-0.000252451,-9.7703e-05,-6.36292e-05,-0.000312254,0.000217192,0.000882534,0,0,0,0,0,0,0,-0.22826,26.7383,-24.7128,7.47104,0.836199,2.4996,0.0587866,-0.190065,2.15933,-3.09317,1.91124,0.183386,0.919704,0.0653412
1727144,1,-2.75261,-1.32534,1.01105,-1.94698,1.10108,1.16771,2.20138,-2.75266,-1.32422,1.00895,-1.94565,1.10136,1.16858,2.20139,7.99669e-05,0.000388511,-0.000621947,-0.000692033,-0.000208169,-9.25644e-05,-0.000598439,0,0,0,0,0,0,0,-0.204456,26.7144,-24.689,7.49881,0.836199,2.50601,0.09083,-0.190668,2.15977,-3.09381,1.91095,0.183372,0.919724,0.065639
1727145,1,-2.75261,-1.32534,1.01105,-1.94698,1.10108,1.16771,2.20138,-2.75266,-1.32422,1.00895,-1.94565,1.10136,1.16858,2.20139,5.33113e-05,0.00146543,-0.00106425,-0.00101817,6.46711e-05,-0.000299069,0.000313118,0,0,0,0,0,0,0,-0.204456,26.6629,-24.6612,7.52262,0.830705,2.51242,0.071604,-0.190433,2.15805,-3.0921,1.91157,0.183435,0.919607,0.0659392
1727146,1,-2.75261,-1.32534,1.01105,-1.94698,1.10108,1.16771,2.20138,-2.75266,-1.32422,1.00895,-1.94565,1.10136,1.16858,2.20139,0.000592353,-0.0014359,0.000496929,-0.000121966,0.000687374,-0.000199379,-0.00097805,0,0,0,0,0,0,0,-0.22826,26.766,-24.7128,7.49881,0.81331,2.51242,0.103647,-0.189477,2.15517,-3.08928,1.91284,0.183553,0.919429,0.0662416
1727147,1,-2.7526,-1.32534,1.01105,-1.94698,1.10108,1.16772,2.20139,-2.75266,-1.32422,1.00895,-1.94565,1.10136,1.16858,2.20139,0.000951714,0.000898776,-0.000225526,0.000568303,1.74399e-05,0.000579157,0.00100948,0,0,0,0,0,0,0,-0.252064,26.6867,-24.689,7.47104,0.825212,2.49319,0.0587866,-0.190333,2.15421,-3.08748,1.91285,0.183586,0.919308,0.0665491
1727148,1,-2.75261,-1.32534,1.01105,-1.94698,1.10108,1.16772,2.20138,-2.75266,-1.32422,1.00895,-1.94565,1.10136,1.16858,2.20139,-0.000479148,-0.00125686,-0.000150351,0.000378869,-0.000191824,-0.000325972,-3.90905e-05,0,0,0,0,0,0,0,-0.204456,26.766,-24.689,7.47104,0.830705,2.51242,0.0780126,-0.192773,2.15491,-3.08648,1.9115,0.183513,0.919205,0.0668635
1727149,1,-2.75261,-1.32534,1.01105,-1.94698,1.10108,1.16771,2.20138,-2.75266,-1.32422,1.00895,-1.94565,1.10136,1.16858,2.20139,-0.000319432,0.000368522,-0.000749848,0.000252579,-0.000127883,2.00444e-05,-0.000738137,0,0,0,0,0,0,0,-0.204456,26.7144,-24.6612,7.47104,0.830705,2.50601,0.0972387,-0.194612,2.15581,-3.08559,1.9101,0.183434,0.919056,0.0671733
1727150,1,-2.75261,-1.32534,1.01105,-1.94698,1.10108,1.16771,2.20138,-2.75266,-1.32422,1.00895,-1.94565,1.10136,1.16858,2.20139,-0.000862569,0.000245681,-0.00105671,0.000168386,0.000118195,0.000250722,0.000219985,0,0,0,0,0,0,0,-0.176685,26.7144,-24.6374,7.47104,0.825212,2.4996,0.0780126,-0.194603,2.15543,-3.08387,1.90956,0.183414,0.918819,0.0674796
1727151,1,-2.75261,-1.32534,1.01105,-1.94698,1.10108,1.16771,2.20139,-2.75266,-1.32422,1.00895,-1.94565,1.10136,1.16858,2.20139,7.45682e-05,-0.000393024,-0.000147662,0.000112257,7.8797e-05,-7.0211e-05,0.00109609,0,0,0,0,0,0,0,-0.204456,26.7383,-24.6612,7.47104,0.825212,2.50601,0.0523779,-0.193326,2.15387,-3.08138,1.90972,0.183437,0.918525,0.0677956
1727152,1,-2.75261,-1.32534,1.01105,-1.94698,1.10108,1.16772,2.20139,-2.75266,-1.32422,1.00895,-1.94565,1.10136,1.16858,2.20139,-0.000599902,-0.00091163,0.00110798,-0.00113159,-0.00035437,-4.68074e-05,0.00147671,0,0,0,0,0,0,0,-0.176685,26.766,-24.7128,7.52262,0.836199,2.50601,0.0322363,-0.191807,2.15335,-3.08035,1.91017,0.183492,0.918335,0.0681075
1727153,1,-2.75261,-1.32534,1.01105,-1.94698,1.10108,1.16772,2.20138,-2.75266,-1.32422,1.00895,-1.94565,1.10136,1.16858,2.20139,-0.000399935,0.000598672,0.000738657,-0.00019758,-3.2796e-05,0.000206154,-0.00118566,0,0,0,0,0,0,0,-0.176685,26.7144,-24.7128,7.49881,0.830705,2.4996,0.09083,-0.189581,2.15403,-3.0816,1.9113,0.183609,0.918314,0.0683739
1727154,1,-2.75261,-1.32534,1.01105,-1.94698,1.10108,1.16771,2.20139,-2.75266,-1.32422,1.00895,-1.94565,1.10136,1.16858,2.20139,0.000382991,-0.000157697,-0.000713988,0.00107471,-0.000225314,0.000137436,0.000396353,0,0,0,0,0,0,0,-0.204456,26.7383,-24.6612,7.44724,0.836199,2.4996,0.0587866,-0.187633,2.15468,-3.08306,1.91227,0.1837,0.918317,0.068569
1727155,1,-2.75261,-1.32534,1.01105,-1.94698,1.10108,1.16771,2.20139,-2.75266,-1.32422,1.00895,-1.94565,1.10136,1.16858,2.20139,-0.000394287,-0.000754745,0.000173622,0.000716471,5.32409e-05,-0.000145735,0.00148494,0,0,0,0,0,0,0,-0.176685,26.766,-24.689,7.44724,0.830705,2.50601,0.0258276,-0.187776,2.15571,-3.08352,1.91166,0.18367,0.918241,0.0687036
1727156,1,-2.75261,-1.32534,1.01105,-1.94698,1.10108,1.16771,2.20139,-2.75266,-1.32422,1.00895,-1.94565,1.10136,1.16858,2.20139,-0.00081967,0.000703262,0.00067256,-0.000728779,0.000442395,0.000140202,0.000243974,0,0,0,0,0,0,0,-0.152882,26.7144,-24.7128,7.49881,0.819719,2.4996,0.0459692,-0.188134,2.15692,-3.08389,1.91071,0.183629,0.91814,0.0687787
1727157,1,-2.75261,-1.32534,1.01105,-1.94698,1.10108,1.16771,2.20139,-2.75266,-1.32422,1.00895,-1.94565,1.10136,1.16858,2.20139,1.03655e-05,-8.79704e-05,-0.000758053,0.000163761,9.14794e-05,-0.00038125,0.000908634,0,0,0,0,0,0,0,-0.176685,26.7383,-24.6612,7.47104,0.825212,2.51242,0.0258276,-0.186975,2.15697,-3.08399,1.91083,0.183663,0.918031,0.0687709
1727158,1,-2.75261,-1.32534,1.01105,-1.94698,1.10108,1.16771,2.20139,-2.75266,-1.32422,1.00895,-1.94565,1.10136,1.16858,2.20139,6.91031e-06,-5.86469e-05,-0.00106218,-0.00054044,-0.000549365,0.000220551,-0.000614947,0,0,0,0,0,0,0,-0.176685,26.7383,-24.6374,7.49881,0.841692,2.4996,0.0587866,-0.185778,2.15594,-3.08266,1.91125,0.183712,0.917859,0.0686602
1727159,1,-2.75261,-1.32534,1.01105,-1.94698,1.10108,1.16772,2.20139,-2.75266,-1.32422,1.00895,-1.94565,1.10136,1.16858,2.20139,4.60687e-06,-3.90979e-05,0.00105512,0.000289321,0.000447559,0.000384393,0.000810739,0,0,0,0,0,0,0,-0.176685,26.7383,-24.7128,7.47104,0.819719,2.49319,0.0258276,-0.185389,2.15502,-3.08073,1.91132,0.183737,0.917671,0.0684483
1727160,1,-2.75261,-1.32534,1.01105,-1.94697,1.10108,1.16772,2.20139,-2.75266,-1.32422,1.00895,-1.94565,1.10136,1.16858,2.20139,0.000652685,0.000530747,0.0001466,0.00186332,9.49219e-05,1.89032e-05,6.57745e-05,0,0,0,0,0,0,0,-0.204456,26.7144,-24.689,7.39963,0.825212,2.4996,0.038645,-0.186442,2.15529,-3.07974,1.91026,0.183666,0.917537,0.0681515
1727161,1,-2.75261,-1.32534,1.01105,-1.94698,1.10108,1.16771,2.20139,-2.75266,-1.32422,1.00895,-1.94565,1.10136,1.16858,2.20139,-0.00142092,0.000353831,-0.00110869,-0.00107784,-0.000140169,-0.000224757,4.38496e-05,0,0,0,0,0,0,0,-0.125111,26.7144,-24.6374,7.49881,0.830705,2.50601,0.038645,-0.18782,2.15548,-3.07862,1.90866,0.183539,0.917371,0.0677776
1727162,1,-2.75261,-1.32534,1.01105,-1.94698,1.10108,1.16772,2.20139,-2.75266,-1.32422,1.00895,-1.94565,1.10136,1.16858,2.20139,-0.000297664,0.000235887,-0.000182317,-0.000718559,-9.34462e-05,-0.000149838,2.92331e-05,0,0,0,0,0,0,0,-0.152882,26.7144,-24.6612,7.49881,0.830705,2.50601,0.038645,-0.18654,2.15367,-3.07638,1.90884,0.183547,0.917126,0.0673378
1727163,1,-2.75261,-1.32534,1.01105,-1.94698,1.10108,1.16772,2.20139,-2.75266,-1.32422,1.00895,-1.94565,1.10136,1.16858,2.20139,-0.000198442,-0.00104917,0.00052807,0.000727386,-0.000265748,0.000137467,-0.000251779,0,0,0,0,0,0,0,-0.152882,26.766,-24.689,7.44724,0.836199,2.4996,0.0459692,-0.184128,2.15197,-3.07465,1.90984,0.183637,0.916918,0.0668435
1727164,1,-2.75261,-1.32534,1.01105,-1.94698,1.10108,1.16772,2.20139,-2.75266,-1.32422,1.00895,-1.94565,1.10136,1.16858,2.20139,0.000424517,0.000506981,0.000352046,-0.00127831,0.000229736,0.000329004,0.000340774,0,0,0,0,0,0,0,-0.176685,26.7144,-24.689,7.52262,0.825212,2.49319,0.0322363,-0.183055,2.15226,-3.07448,1.91001,0.183686,0.91682,0.0663068
1727165,1,-2.75261,-1.32534,1.01105,-1.94698,1.10108,1.16771,2.20139,-2.75266,-1.32422,1.00895,-1.94565,1.10136,1.16858,2.20139,0.000283011,-0.000218825,0.000234698,-0.000295397,-0.000457194,-0.000255382,-0.000281444,0,0,0,0,0,0,0,-0.176685,26.7383,-24.689,7.49881,0.841692,2.50601,0.0459692,-0.18278,2.15317,-3.07495,1.91001,0.183727,0.916795,0.0657437
1727166,1,-2.75261,-1.32534,1.01105,-1.94698,1.10108,1.16772,2.20139,-2.75266,-1.32422,1.00895,-1.94565,1.10136,1.16858,2.20139,0.000188674,0.00106054,0.000156465,-0.000196931,0.000102105,0.000304463,0.000320997,0,0,0,0,0,0,0,-0.176685,26.6867,-24.689,7.49881,0.830705,2.49319,0.0322363,-0.182803,2.15364,-3.07511,1.91007,0.183765,0.916771,0.0651627
1727167,1,-2.75261,-1.32534,1.01105,-1.94698,1.10108,1.16772,2.20139,-2.75266,-1.32422,1.00895,-1.94565,1.10136,1.16858,2.20139,0.000125783,5.74145e-05,0.00010431,0.00107514,0.00027152,0.000440334,-0.000531987,0,0,0,0,0,0,0,-0.176685,26.7144,-24.689,7.44724,0.825212,2.48678,0.0523779,-0.183295,2.15365,-3.07467,1.90964,0.183754,0.916684,0.0645681
1727168,1,-2.75261,-1.32534,1.01105,-1.94698,1.10108,1.16772,2.20139,-2.75266,-1.32422,1.00895,-1.94565,1.10136,1.16858,2.20139,0.000733469,-0.000518536,-0.000580074,0.000716759,0.000181014,-0.00065588,0.000628686,0,0,0,0,0,0,0,-0.204456,26.7383,-24.6612,7.44724,0.825212,2.51242,0.0258276,-0.185301,2.15427,-3.07383,1.90785,0.183642,0.916524,0.063964
1727169,1,-2.75261,-1.32534,1.01105,-1.94698,1.10108,1.16772,2.20139,-2.75266,-1.32422,1.00895,-1.94565,1.10136,1.16858,2.20139,-0.000160635,-0.00034569,-0.000386716,-7.89727e-05,0.000120676,3.74649e-05,-0.00056422,0,0,0,0,0,0,0,-0.176685,26.7383,-24.6612,7.47104,0.825212,2.4996,0.0523779,-0.188595,2.15584,-3.07278,1.90507,0.183471,0.916321,0.0633559
1727170,1,-2.75261,-1.32534,1.01105,-1.94698,1.10108,1.16772,2.20139,-2.75266,-1.32422,1.00895,-1.94565,1.10136,1.16858,2.20139,0.000542524,0.000326352,0.000391803,0.00704941,0.00052126,-0.000212382,0.000369838,0,0,0,0,0,0,0,-0.204456,26.7144,-24.689,7.47104,0.81331,2.50601,0.0322363,-0.193531,2.15852,-3.07173,1.90043,0.183153,0.916059,0.0627448
1727171,1,-2.75261,-1.32534,1.01105,-1.94698,1.10108,1.16772,2.20139,-2.75266,-1.32422,1.00895,-1.94565,1.10136,1.16858,2.20139,0.000361683,0.000217568,-0.000388412,0.00529144,-0.000500204,9.57707e-05,-0.000262067,0,0,0,0,0,0,0,-0.204456,26.7144,-24.6612,7.47104,0.836199,2.4996,0.0459692,-0.202449,2.16323,-3.07069,1.89146,0.182468,0.915691,0.0621299
1727172,1,-2.75261,-1.32534,1.01105,-1.94698,1.10108,1.16771,2.20139,-2.75266,-1.32422,1.00895,-1.94565,1.10136,1.16858,2.20139,0.000241122,-0.000411767,0.000390673,0.00508513,0.000276882,6.38471e-05,-0.000649429,0,0,0,0,0,0,0,-0.204456,26.7383,-24.689,7.42344,0.819719,2.4996,0.0587866,-0.214105,2.16941,-3.06972,1.87958,0.181533,0.915257,0.0615169
1727173,1,-2.75261,-1.32534,1.01105,-1.94698,1.10108,1.16772,2.20139,-2.75266,-1.32422,1.00895,-1.94565,1.10136,1.16858,2.20139,-0.000488866,0.000931915,-0.000389165,0.00260937,-1.88623e-05,0.000279924,0.000550391,0,0,0,0,0,0,0,-0.176685,26.6867,-24.6612,7.47104,0.825212,2.49319,0.0322363,-0.224243,2.17485,-3.06884,1.86878,0.18067,0.914833,0.060927
1727174,1,-2.75261,-1.32534,1.01105,-1.94698,1.10108,1.16772,2.20139,-2.75266,-1.32422,1.00895,-1.94565,1.10136,1.16858,2.20139,-0.00153234,-2.83375e-05,0.00039017,0.00133965,-1.25749e-05,-5.07431e-05,-0.000616417,0,0,0,0,0,0,0,-0.125111,26.7144,-24.689,7.49881,0.825212,2.4996,0.0587866,-0.228846,2.17719,-3.06784,1.8624,0.180138,0.914444,0.0603803
1727175,1,-2.75261,-1.32534,1.01105,-1.94698,1.10108,1.16772,2.20139,-2.75266,-1.32422,1.00895,-1.94565,1.10136,1.16858,2.20139,-0.000371944,0.000630722,-0.0003895,0.00228679,0.000195067,-3.38288e-05,6.37734e-05,0,0,0,0,0,0,0,-0.152882,26.6867,-24.6612,7.44724,0.819719,2.4996,0.0459692,-0.227645,2.17648,-3.06686,1.86077,0.179967,0.914108,0.0598769
1727176,1,-2.75261,-1.32534,1.01105,-1.94698,1.10108,1.16772,2.20138,-2.75266,-1.32422,1.00895,-1.94565,1.10136,1.16858,2.20139,0.000958463,-0.000785944,-0.000816479,0.00166497,0.000130045,-2.25525e-05,-0.000669561,0,0,0,0,0,0,0,-0.204456,26.7383,-24.6374,7.44724,0.819719,2.4996,0.0651953,-0.225183,2.17488,-3.06557,1.86094,0.179931,0.913822,0.0594112
1727177,1,-2.75261,-1.32534,1.01105,-1.94698,1.10108,1.16772,2.20139,-2.75266,-1.32422,1.00895,-1.94565,1.10136,1.16858,2.20139,-1.06384e-05,3.2849e-05,1.24927e-05,8.88848e-06,-0.000523655,-1.5035e-05,0.00053697,0,0,0,0,0,0,0,-0.176685,26.7144,-24.6612,7.49881,0.836199,2.4996,0.038645,-0.223662,2.17363,-3.06407,1.86163,0.179945,0.913615,0.058987
1727178,1,-2.75261,-1.32534,1.01105,-1.94698,1.10108,1.16772,2.20139,-2.75266,-1.32422,1.00895,-1.94565,1.10136,1.16858,2.20139,0.000642522,2.18994e-05,8.32847e-06,0.00073454,-0.000145653,-0.000247382,0.000595339,0,0,0,0,0,0,0,-0.204456,26.7144,-24.6612,7.47104,0.830705,2.50601,0.0322363,-0.221646,2.1723,-3.06303,1.86367,0.180071,0.913521,0.05861
1727179,1,-2.75261,-1.32534,1.01105,-1.94698,1.10108,1.16772,2.20139,-2.75266,-1.32422,1.00895,-1.94565,1.10136,1.16858,2.20139,0.00098516,-0.00119183,-0.00110807,-0.000657482,0.000106349,7.24374e-05,-0.000111734,0,0,0,0,0,0,0,-0.22826,26.766,-24.6136,7.52262,0.825212,2.4996,0.0459692,-0.219514,2.17101,-3.0622,1.86658,0.180278,0.913509,0.0582606
1727180,1,-2.75261,-1.32534,1.01105,-1.94698,1.10108,1.16772,2.20139,-2.75266,-1.32422,1.00895,-1.94565,1.10136,1.16858,2.20139,-0.00110646,0.000411875,0.00037491,0.000812543,-0.000132551,-0.000189067,0.000434137,0,0,0,0,0,0,0,-0.152882,26.7144,-24.6612,7.47104,0.830705,2.50601,0.0322363,-0.217007,2.16974,-3.06137,1.87009,0.180547,0.913524,0.0579156
1727181,1,-2.75261,-1.32534,1.01105,-1.94698,1.10108,1.16772,2.20139,-2.75266,-1.32422,1.00895,-1.94565,1.10136,1.16858,2.20139,-0.000180831,0.000274583,0.00024994,0.00113184,0.000115083,0.000348673,-0.000219202,0,0,0,0,0,0,0,-0.176685,26.7144,-24.6612,7.44724,0.825212,2.49319,0.0459692,-0.212657,2.16773,-3.06087,1.87436,0.180863,0.913528,0.0575698
1727182,1,-2.75261,-1.32534,1.01105,-1.94698,1.10108,1.16771,2.20139,-2.75266,-1.32422,1.00895,-1.94565,1.10136,1.16858,2.20139,-0.000120554,-0.00158018,-0.000946997,0.000779553,0.000280172,-0.000242269,0.000599851,0,0,0,0,0,0,0,-0.176685,26.7898,-24.6136,7.44724,0.819719,2.50601,0.0258276,-0.208103,2.16596,-3.06067,1.87817,0.18114,0.913509,0.0572147
1727183,1,-2.75261,-1.32534,1.01105,-1.94698,1.10108,1.16772,2.20138,-2.75266,-1.32422,1.00895,-1.94565,1.10136,1.16858,2.20139,-8.03694e-05,0.000709783,-7.45197e-05,-0.000667976,-1.66689e-05,7.58461e-05,-0.00153288,0,0,0,0,0,0,0,-0.176685,26.7144,-24.6374,7.49881,0.825212,2.4996,0.0780126,-0.204257,2.16473,-3.0602,1.88141,0.181383,0.913473,0.0568452
1727184,1,-2.75261,-1.32534,1.01105,-1.94698,1.10108,1.16772,2.20139,-2.75266,-1.32422,1.00895,-1.94565,1.10136,1.16858,2.20139,-0.000610392,-8.36233e-05,-4.96798e-05,-0.000431257,0.000192338,-0.000186795,0.000436143,0,0,0,0,0,0,0,-0.152882,26.7383,-24.6374,7.49881,0.819719,2.50601,0.038645,-0.199381,2.1625,-3.05931,1.88552,0.181677,0.913443,0.0564789
1727185,1,-2.75261,-1.32534,1.01105,-1.94698,1.10108,1.16772,2.20139,-2.75266,-1.32422,1.00895,-1.94565,1.10136,1.16858,2.20139,0.000799498,-0.000705363,0.000523692,0.000929466,0.000365584,0.000112829,1.94943e-05,0,0,0,0,0,0,0,-0.204456,26.766,-24.6612,7.44724,0.81331,2.4996,0.0459692,-0.194564,2.1604,-3.05882,1.88962,0.181949,0.913458,0.0561381
1727186,1,-2.75261,-1.32534,1.01105,-1.94698,1.10108,1.16772,2.20139,-2.75266,-1.32422,1.00895,-1.94565,1.10136,1.16858,2.20139,0.000532999,-0.000470242,0.000998742,7.07414e-05,-0.000400537,0.000312578,0.000521623,0,0,0,0,0,0,0,-0.204456,26.766,-24.689,7.47104,0.830705,2.49319,0.0322363,-0.192415,2.16069,-3.05967,1.89183,0.182067,0.913564,0.0558198
1727187,1,-2.75261,-1.32534,1.01105,-1.94698,1.10108,1.16771,2.20139,-2.75266,-1.32422,1.00895,-1.94565,1.10136,1.16858,2.20139,-0.000294281,0.000892931,-0.00109741,-0.000596521,0.000377235,-0.000266332,-0.000635596,0,0,0,0,0,0,0,-0.176685,26.7144,-24.6136,7.49881,0.81331,2.50601,0.0587866,-0.191314,2.1614,-3.06056,1.89337,0.182111,0.91368,0.0555129
1727188,1,-2.75261,-1.32534,1.01105,-1.94698,1.10108,1.16772,2.20138,-2.75266,-1.32422,1.00895,-1.94565,1.10136,1.16858,2.20139,-0.000196188,3.84756e-05,-0.000174795,0.000813194,1.41312e-05,0.000297163,-0.000898448,0,0,0,0,0,0,0,-0.176685,26.7383,-24.6374,7.44724,0.819719,2.49319,0.071604,-0.189043,2.15999,-3.05956,1.89557,0.182169,0.913666,0.0552164
1727189,1,-2.75261,-1.32534,1.01105,-1.94698,1.10108,1.16772,2.20139,-2.75266,-1.32422,1.00895,-1.94565,1.10136,1.16858,2.20139,-0.000130792,2.56504e-05,0.000440282,0.000545466,-0.00039748,-3.92503e-05,0.000859096,0,0,0,0,0,0,0,-0.176685,26.7383,-24.6612,7.44724,0.830705,2.4996,0.0322363,-0.186562,2.15797,-3.05777,1.89749,0.182184,0.913564,0.0549452
1727190,1,-2.75261,-1.32534,1.01105,-1.94698,1.10108,1.16772,2.20139,-2.75266,-1.32422,1.00895,-1.94565,1.10136,1.16858,2.20139,0.000562419,1.71003e-05,-0.00026329,-0.000190666,-6.15363e-05,-0.000263526,-0.000410613,0,0,0,0,0,0,0,-0.204456,26.7383,-24.6374,7.47104,0.825212,2.50601,0.0587866,-0.184924,2.15684,-3.05649,1.89864,0.182139,0.913475,0.0547113
1727191,1,-2.75261,-1.32534,1.01105,-1.94698,1.10108,1.16772,2.20138,-2.75266,-1.32422,1.00895,-1.94565,1.10136,1.16858,2.20139,0.000374946,0.000568212,-0.000175527,0.000431578,0.000162426,-0.000175684,-0.00122318,0,0,0,0,0,0,0,-0.204456,26.7144,-24.6374,7.44724,0.819719,2.50601,0.0844213,-0.184252,2.15596,-3.05504,1.89927,0.182058,0.913395,0.0545061
1727192,1,-2.75261,-1.32534,1.01105,-1.94698,1.10108,1.16772,2.20138,-2.75266,-1.32422,1.00895,-1.94565,1.10136,1.16858,2.20139,-0.00039965,0.000378808,0.000439794,-0.000267685,0.000108284,0.000120236,-0.000815452,0,0,0,0,0,0,0,-0.176685,26.7144,-24.6612,7.47104,0.819719,2.4996,0.0844213,-0.183625,2.15472,-3.05335,1.89988,0.18197,0.913315,0.0543415
1727193,1,-2.75261,-1.32534,1.01105,-1.94698,1.10108,1.16772,2.20139,-2.75266,-1.32422,1.00895,-1.94565,1.10136,1.16858,2.20139,-0.000266433,0.000252539,-0.000820428,-0.000177401,-0.000334712,8.01576e-05,0.00064316,0,0,0,0,0,0,0,-0.176685,26.7144,-24.6136,7.47104,0.830705,2.4996,0.0523779,-0.181818,2.15286,-3.0516,1.90112,0.181935,0.913223,0.0542516
1727194,1,-2.75261,-1.32534,1.01105,-1.94698,1.10108,1.16772,2.20139,-2.75266,-1.32422,1.00895,-1.94565,1.10136,1.16858,2.20139,-0.000177622,-0.00159488,9.86e-06,-0.00076709,0.000421119,5.34384e-05,-4.59445e-05,0,0,0,0,0,0,0,-0.176685,26.7898,-24.6374,7.49881,0.81331,2.4996,0.0651953,-0.179446,2.15132,-3.05,1.90266,0.181953,0.913123,0.0542427
1727195,1,-2.75261,-1.32534,1.01105,-1.94698,1.10108,1.16771,2.20138,-2.75266,-1.32422,1.00895,-1.94565,1.10136,1.16858,2.20139,-0.000675227,0.0013496,0.000563385,-0.000510799,-0.000160064,-0.000201733,-0.000505348,0,0,0,0,0,0,0,-0.152882,26.6867,-24.6612,7.49881,0.825212,2.50601,0.0780126,-0.176753,2.1506,-3.04921,1.90442,0.182011,0.913068,0.0542956
1727196,1,-2.75261,-1.32534,1.01105,-1.94698,1.10108,1.16771,2.20138,-2.75266,-1.32422,1.00895,-1.94565,1.10136,1.16858,2.20139,0.000756275,0.000250119,-0.000181222,-0.000340087,-0.00051361,0.00010287,-0.000336898,0,0,0,0,0,0,0,-0.204456,26.7144,-24.6374,7.49881,0.836199,2.4996,0.0780126,-0.173696,2.14941,-3.04862,1.90651,0.182075,0.913044,0.054402
1727197,1,-2.75261,-1.32534,1.01105,-1.94698,1.10108,1.16772,2.20138,-2.75266,-1.32422,1.00895,-1.94565,1.10136,1.16858,2.20139,-0.000145431,-0.000390066,-0.000120815,0.000980035,0.000267945,0.000305939,-0.000224599,0,0,0,0,0,0,0,-0.176685,26.7383,-24.6374,7.44724,0.819719,2.49319,0.0780126,-0.172169,2.14844,-3.04764,1.90761,0.182053,0.913003,0.0545607
1727198,1,-2.75261,-1.32534,1.01105,-1.94698,1.10108,1.16772,2.20139,-2.75266,-1.32422,1.00895,-1.94565,1.10136,1.16858,2.20139,0.00055266,-0.000260044,-8.0543e-05,9.67952e-05,-0.000431722,-3.33996e-05,0.000799703,0,0,0,0,0,0,0,-0.204456,26.7383,-24.6374,7.47104,0.836199,2.4996,0.0523779,-0.172971,2.14899,-3.04674,1.90695,0.181919,0.912943,0.0547703
1727199,1,-2.75261,-1.32534,1.01105,-1.94698,1.10108,1.16772,2.20138,-2.75266,-1.32422,1.00895,-1.94565,1.10136,1.16858,2.20139,0.00036844,0.000383449,0.000503117,0.00062153,0.000119087,-2.22664e-05,-0.00112838,0,0,0,0,0,0,0,-0.204456,26.7144,-24.6612,7.44724,0.825212,2.4996,0.0972387,-0.175171,2.15052,-3.04616,1.90527,0.181726,0.912888,0.055022
1727200,1,-2.75261,-1.32534,1.01104,-1.94698,1.10108,1.16771,2.20138,-2.75266,-1.32422,1.00895,-1.94565,1.10136,1.16858,2.20139,-0.000403987,0.000255633,-0.000778213,0.000971306,-0.000124059,-1.48443e-05,0.000434543,0,0,0,0,0,0,0,-0.176685,26.7144,-24.6136,7.42344,0.830705,2.4996,0.0651953,-0.177593,2.15182,-3.04539,1.90328,0.181517,0.912808,0.0553064
1727201,1,-2.75261,-1.32534,1.01104,-1.94698,1.10108,1.16772,2.20138,-2.75266,-1.32422,1.00895,-1.94565,1.10136,1.16858,2.20139,-0.000269325,-0.00038639,-0.000518809,-0.000465981,0.000120744,0.000464822,-0.000185022,0,0,0,0,0,0,0,-0.176685,26.7383,-24.6136,7.47104,0.825212,2.48678,0.0780126,-0.179006,2.15215,-3.0438,1.90169,0.181361,0.912644,0.0556262
1727202,1,-2.75261,-1.32534,1.01105,-1.94698,1.10108,1.16772,2.20139,-2.75266,-1.32422,1.00895,-1.94565,1.10136,1.16858,2.20139,-0.00017955,-0.000907207,0.00021094,-0.000960189,0.000521306,-0.000402196,0.000826088,0,0,0,0,0,0,0,-0.176685,26.766,-24.6374,7.49881,0.81331,2.50601,0.0523779,-0.179049,2.15225,-3.0423,1.90112,0.18132,0.912476,0.0559774
1727203,1,-2.75261,-1.32534,1.01105,-1.94698,1.10108,1.16772,2.20138,-2.75266,-1.32422,1.00895,-1.94565,1.10136,1.16858,2.20139,0.000529914,0.000601621,-0.000416186,0.00056636,-9.32724e-05,0.000206587,-0.00063607,0,0,0,0,0,0,0,-0.204456,26.7144,-24.6136,7.44724,0.825212,2.49319,0.0844213,-0.17875,2.15272,-3.04142,1.90105,0.181334,0.912364,0.0563428
1727204,1,-2.75261,-1.32534,1.01105,-1.94698,1.10108,1.16772,2.20138,-2.75266,-1.32422,1.00895,-1.94565,1.10136,1.16858,2.20139,-0.000296338,-0.00136216,0.000279355,-0.000179194,-0.000469083,-0.000336993,0.00028803,0,0,0,0,0,0,0,-0.176685,26.7898,-24.6374,7.47104,0.836199,2.50601,0.0651953,-0.179134,2.15363,-3.0408,1.90059,0.181312,0.912274,0.0567063
1727205,1,-2.75261,-1.32534,1.01105,-1.94698,1.10108,1.16772,2.20138,-2.75266,-1.32422,1.00895,-1.94565,1.10136,1.16858,2.20139,-0.000754371,-0.000351293,0.000743049,-0.000119429,-0.000109271,-0.000224662,0.00019202,0,0,0,0,0,0,0,-0.152882,26.766,-24.6612,7.47104,0.830705,2.50601,0.0651953,-0.179289,2.15547,-3.04127,1.90011,0.181301,0.912238,0.0570673
1727206,1,-2.75261,-1.32534,1.01104,-1.94698,1.10108,1.16772,2.20138,-2.75266,-1.32422,1.00895,-1.94565,1.10136,1.16858,2.20139,5.38982e-05,0.000972231,-0.00126787,0.00103403,0.000130603,0.000324943,-0.000821422,0,0,0,0,0,0,0,-0.176685,26.7144,-24.5858,7.42344,0.825212,2.49319,0.09083,-0.178558,2.15683,-3.04171,1.89996,0.181315,0.912189,0.0574249
1727207,1,-2.75261,-1.32534,1.01104,-1.94698,1.10108,1.16772,2.20138,-2.75266,-1.32422,1.00895,-1.94565,1.10136,1.16858,2.20139,3.59322e-05,9.13418e-05,-0.000845248,0.00013256,0.000527878,-0.000258089,-0.000310256,0,0,0,0,0,0,0,-0.176685,26.7383,-24.5858,7.44724,0.81331,2.50601,0.0844213,-0.178002,2.1562,-3.0398,1.89956,0.181285,0.912004,0.0577791
1727208,1,-2.75261,-1.32534,1.01105,-1.94698,1.10108,1.16772,2.20138,-2.75266,-1.32422,1.00895,-1.94565,1.10136,1.16858,2.20139,2.39548e-05,0.000617707,0.000642927,-0.000468425,0.00011456,0.000540017,0.000267881,0,0,0,0,0,0,0,-0.176685,26.7144,-24.6374,7.47104,0.819719,2.48678,0.071604,-0.177662,2.15454,-3.03672,1.89914,0.181235,0.911777,0.058149
1727209,1,-2.75261,-1.32534,1.01105,-1.94698,1.10108,1.16772,2.20139,-2.75266,-1.32422,1.00895,-1.94565,1.10136,1.16858,2.20139,1.59698e-05,-0.000145008,0.00098543,-0.000312273,-0.000127077,0.000122653,0.000890664,0,0,0,0,0,0,0,-0.176685,26.7383,-24.6612,7.47104,0.825212,2.49319,0.0523779,-0.176859,2.15336,-3.03502,1.89926,0.181217,0.911664,0.0585443
1727210,1,-2.75261,-1.32534,1.01104,-1.94698,1.10108,1.16772,2.20139,-2.75266,-1.32422,1.00895,-1.94565,1.10136,1.16858,2.20139,1.06466e-05,-0.000746286,-0.00231271,-0.000208174,-0.00069507,-0.00015559,0.000356417,0,0,0,0,0,0,0,-0.176685,26.766,-24.5342,7.47104,0.841692,2.4996,0.0587866,-0.176155,2.15298,-3.03403,1.89945,0.181216,0.911595,0.0589408
1727211,1,-2.75261,-1.32534,1.01104,-1.94698,1.10108,1.16772,2.20138,-2.75266,-1.32422,1.00895,-1.94565,1.10136,1.16858,2.20139,-0.000549714,-0.000497524,0.000314233,0.000974847,0.000146972,-0.000103727,-0.000237107,0,0,0,0,0,0,0,-0.152882,26.766,-24.6136,7.42344,0.825212,2.4996,0.071604,-0.176149,2.15312,-3.03223,1.89906,0.181197,0.911442,0.0593042
1727212,1,-2.75261,-1.32534,1.01104,-1.94698,1.10108,1.16772,2.20138,-2.75266,-1.32422,1.00895,-1.94565,1.10136,1.16858,2.20139,0.000190336,0.000874743,0.000209489,9.30908e-05,9.79811e-05,-6.91513e-05,-0.00158222,0,0,0,0,0,0,0,-0.176685,26.7144,-24.6136,7.44724,0.825212,2.4996,0.110056,-0.176435,2.15363,-3.03052,1.89813,0.181146,0.911273,0.0596292
1727213,1,-2.75261,-1.32534,1.01104,-1.94698,1.10108,1.16772,2.20138,-2.75266,-1.32422,1.00895,-1.94565,1.10136,1.16858,2.20139,-0.000429921,0.000583162,0.000139659,-0.00114436,6.53208e-05,-0.00028346,0.000131978,0,0,0,0,0,0,0,-0.152882,26.7144,-24.6136,7.49881,0.825212,2.50601,0.0780126,-0.175799,2.15341,-3.02926,1.89786,0.181127,0.91116,0.0599484
1727214,1,-2.75261,-1.32534,1.01104,-1.94698,1.10108,1.16772,2.20138,-2.75266,-1.32422,1.00895,-1.94565,1.10136,1.16858,2.20139,0.000919812,0.000388775,9.31061e-05,0.00044352,-0.000159903,4.83857e-05,-0.000149373,0,0,0,0,0,0,0,-0.204456,26.7144,-24.6136,7.44724,0.830705,2.4996,0.0844213,-0.17455,2.15234,-3.02795,1.89834,0.181155,0.911093,0.0602971
1727215,1,-2.75261,-1.32534,1.01105,-1.94698,1.10108,1.16772,2.20138,-2.75266,-1.32422,1.00895,-1.94565,1.10136,1.16858,2.20139,-0.000593218,0.000259183,0.000618883,0.000295682,0.000300299,0.000269616,-0.000336941,0,0,0,0,0,0,0,-0.152882,26.7144,-24.6374,7.44724,0.819719,2.49319,0.09083,-0.174141,2.15179,-3.02699,1.89828,0.181143,0.911062,0.0606793
1727216,1,-2.75261,-1.32534,1.01105,-1.94698,1.10108,1.16772,2.20138,-2.75266,-1.32422,1.00895,-1.94565,1.10136,1.16858,2.20139,0.000810947,-0.000384023,-0.000144224,0.000197123,-0.000206702,-5.76149e-05,-0.000224627,0,0,0,0,0,0,0,-0.204456,26.7383,-24.6136,7.44724,0.830705,2.4996,0.09083,-0.174673,2.15228,-3.02659,1.89741,0.181081,0.911054,0.0610905
1727217,1,-2.75261,-1.32534,1.01105,-1.94698,1.10108,1.16772,2.20138,-2.75266,-1.32422,1.00895,-1.94565,1.10136,1.16858,2.20139,-0.000665794,0.00095041,0.000460663,-0.00107501,6.56493e-05,0.000198949,-0.000149752,0,0,0,0,0,0,0,-0.152882,26.6867,-24.6374,7.49881,0.825212,2.49319,0.09083,-0.1751,2.15292,-3.02635,1.89666,0.18104,0.911051,0.061537
1727218,1,-2.75261,-1.32534,1.01105,-1.94698,1.10108,1.16771,2.20138,-2.75266,-1.32422,1.00895,-1.94565,1.10136,1.16858,2.20139,-0.000443863,-0.00122243,0.000863921,0.00104657,0.000688026,-0.000104726,0.000374883,0,0,0,0,0,0,0,-0.152882,26.766,-24.6612,7.42344,0.807817,2.4996,0.0780126,-0.174458,2.15349,-3.02662,1.89653,0.181053,0.91106,0.062022
1727219,1,-2.75261,-1.32534,1.01104,-1.94698,1.10108,1.16772,2.20138,-2.75266,-1.32422,1.00895,-1.94565,1.10136,1.16858,2.20139,0.000910517,0.00104108,-0.000537677,-0.000415913,1.78747e-05,-6.98175e-05,1.25634e-05,0,0,0,0,0,0,0,-0.204456,26.6867,-24.6136,7.47104,0.819719,2.4996,0.0844213,-0.174133,2.15467,-3.02732,1.89601,0.181032,0.911069,0.0625344
1727220,1,-2.75261,-1.32534,1.01104,-1.94698,1.10108,1.16772,2.20139,-2.75266,-1.32422,1.00895,-1.94565,1.10136,1.16858,2.20139,-0.00124903,-0.000512369,-0.00100807,0.000279537,1.19164e-05,-4.6545e-05,0.000957811,0,0,0,0,0,0,0,-0.125111,26.7383,-24.5858,7.44724,0.819719,2.4996,0.0587866,-0.174323,2.15513,-3.02662,1.8952,0.180967,0.910986,0.0630572
1727221,1,-2.75261,-1.32534,1.01104,-1.94698,1.10108,1.16772,2.20138,-2.75266,-1.32422,1.00895,-1.94565,1.10136,1.16858,2.20139,-0.000183072,-0.00034158,-0.000672043,-0.000370454,-0.000195506,-3.103e-05,-0.000785613,0,0,0,0,0,0,0,-0.152882,26.7383,-24.5858,7.47104,0.825212,2.4996,0.0972387,-0.173513,2.15436,-3.0244,1.89496,0.180934,0.910787,0.0635703
1727222,1,-2.75261,-1.32534,1.01105,-1.94698,1.10108,1.16772,2.20138,-2.75266,-1.32422,1.00895,-1.94565,1.10136,1.16858,2.20139,-0.000122048,0.000978706,0.000758397,-0.000246969,-0.000130337,0.000216672,0.000188335,0,0,0,0,0,0,0,-0.152882,26.6867,-24.6374,7.47104,0.825212,2.49319,0.0780126,-0.171972,2.15327,-3.02215,1.8952,0.180925,0.910586,0.0640622
1727223,1,-2.75261,-1.32534,1.01105,-1.94698,1.10108,1.16772,2.20139,-2.75266,-1.32422,1.00895,-1.94565,1.10136,1.16858,2.20139,0.000475447,0.000652471,0.00106241,0.000948978,-0.000290342,0.000144448,0.000362916,0,0,0,0,0,0,0,-0.176685,26.6867,-24.6612,7.42344,0.830705,2.49319,0.071604,-0.170811,2.15233,-3.02087,1.8953,0.180872,0.910475,0.0645418
1727224,1,-2.75261,-1.32534,1.01104,-1.94698,1.10108,1.16772,2.20138,-2.75266,-1.32422,1.00895,-1.94565,1.10136,1.16858,2.20139,-0.000239847,-0.00142106,0.000151461,7.58404e-05,0.00021334,-0.000615778,4.58479e-06,0,0,0,0,0,0,0,-0.152882,26.766,-24.6374,7.44724,0.819719,2.51242,0.0780126,-0.171095,2.15291,-3.02107,1.89435,0.180736,0.910459,0.0650054
1727225,1,-2.75261,-1.32534,1.01104,-1.94698,1.10108,1.16772,2.20138,-2.75266,-1.32422,1.00895,-1.94565,1.10136,1.16858,2.20139,0.000396914,0.000259053,0.000100974,-0.00115587,-0.000468125,6.41992e-05,0.000240415,0,0,0,0,0,0,0,-0.176685,26.7144,-24.6374,7.49881,0.836199,2.4996,0.071604,-0.172176,2.15487,-3.02212,1.89298,0.180604,0.910499,0.0654414
1727226,1,-2.75261,-1.32534,1.01105,-1.94698,1.10108,1.16772,2.20138,-2.75266,-1.32422,1.00895,-1.94565,1.10136,1.16858,2.20139,0.000914223,-0.00038411,6.73161e-05,0.000435849,9.48176e-05,4.27995e-05,-0.000789159,0,0,0,0,0,0,0,-0.204456,26.7383,-24.6374,7.44724,0.825212,2.4996,0.0972387,-0.173624,2.15681,-3.02284,1.89178,0.180506,0.910556,0.0658473
1727227,1,-2.75261,-1.32534,1.01105,-1.94698,1.10108,1.16771,2.20139,-2.75266,-1.32422,1.00895,-1.94565,1.10136,1.16858,2.20139,-4.01319e-05,-0.000256073,4.48774e-05,0.000290566,0.000266662,-0.000208826,0.00113541,0,0,0,0,0,0,0,-0.176685,26.7383,-24.6374,7.44724,0.819719,2.50601,0.0523779,-0.176086,2.15879,-3.02306,1.89003,0.180373,0.910599,0.0662292
1727228,1,-2.75261,-1.32534,1.01104,-1.94698,1.10108,1.16772,2.20138,-2.75266,-1.32422,1.00895,-1.94565,1.10136,1.16858,2.20139,-0.000583567,-0.000170716,-0.000526894,-0.00101272,-2.56757e-05,9.81416e-05,-0.000429857,0,0,0,0,0,0,0,-0.152882,26.7383,-24.6136,7.49881,0.825212,2.4996,0.0844213,-0.177804,2.16018,-3.02279,1.88861,0.180272,0.910595,0.0665934
1727229,1,-2.75261,-1.32534,1.01105,-1.94698,1.10108,1.16771,2.20139,-2.75266,-1.32422,1.00895,-1.94565,1.10136,1.16858,2.20139,0.000817382,-0.00011381,0.00020555,-0.000675143,-1.71171e-05,-0.000171931,0.000900223,0,0,0,0,0,0,0,-0.204456,26.7383,-24.6374,7.49881,0.825212,2.50601,0.0523779,-0.177752,2.16029,-3.02196,1.88848,0.180273,0.910564,0.0669325
1727230,1,-2.75261,-1.32534,1.01104,-1.94698,1.10108,1.16772,2.20139,-2.75266,-1.32422,1.00895,-1.94565,1.10136,1.16858,2.20139,-0.000104693,-7.58736e-05,-0.000419779,0.000199518,-0.000214862,-0.000114621,0.00036279,0,0,0,0,0,0,0,-0.176685,26.7383,-24.6136,7.47104,0.830705,2.50601,0.0587866,-0.177589,2.16003,-3.02088,1.88866,0.18029,0.910541,0.0672347
1727231,1,-2.75261,-1.32534,1.01105,-1.94698,1.10108,1.16772,2.20139,-2.75266,-1.32422,1.00895,-1.94565,1.10136,1.16858,2.20139,-0.000626607,0.00115584,0.000833771,0.000689824,6.02092e-05,0.000160945,0.0012252,0,0,0,0,0,0,0,-0.152882,26.6867,-24.6612,7.44724,0.825212,2.4996,0.0322363,-0.177214,2.15932,-3.01967,1.88874,0.18028,0.9105,0.0674858
1727232,1,-2.75261,-1.32534,1.01104,-1.94698,1.10108,1.16772,2.20139,-2.75266,-1.32422,1.00895,-1.94565,1.10136,1.16858,2.20139,0.000139074,-0.000435864,-0.000557776,0.000459883,-0.000163311,0.000107297,0.00129152,0,0,0,0,0,0,0,-0.176685,26.7383,-24.6136,7.44724,0.830705,2.4996,0.0194189,-0.176245,2.15807,-3.01846,1.88875,0.18025,0.910428,0.0676617
1727233,1,-2.75261,-1.32534,1.01105,-1.94698,1.10108,1.16771,2.20139,-2.75266,-1.32422,1.00895,-1.94565,1.10136,1.16858,2.20139,0.00074233,0.000266236,0.000184961,-0.000250223,9.45765e-05,7.15311e-05,-0.000597048,0,0,0,0,0,0,0,-0.204456,26.7144,-24.6374,7.47104,0.825212,2.4996,0.0587866,-0.176148,2.15726,-3.01722,1.88819,0.180187,0.910359,0.0677269
1727234,1,-2.75261,-1.32534,1.01105,-1.94698,1.10108,1.16772,2.20139,-2.75266,-1.32422,1.00895,-1.94565,1.10136,1.16858,2.20139,0.000494887,0.00138392,0.000680119,0.000389996,-0.0001404,4.76874e-05,0.000347953,0,0,0,0,0,0,0,-0.204456,26.6629,-24.6612,7.44724,0.830705,2.4996,0.038645,-0.177112,2.15666,-3.01604,1.88729,0.180099,0.910331,0.0676692
1727235,1,-2.75261,-1.32534,1.01105,-1.94698,1.10108,1.16772,2.20139,-2.75266,-1.32422,1.00895,-1.94565,1.10136,1.16858,2.20139,-0.00031969,-0.000840627,-0.000660211,0.000259998,-0.000500501,3.17916e-05,-0.000276658,0,0,0,0,0,0,0,-0.176685,26.7383,-24.6136,7.44724,0.841692,2.4996,0.0523779,-0.178111,2.15584,-3.01497,1.88646,0.180021,0.910317,0.0675093
1727236,1,-2.75261,-1.32534,1.01105,-1.94698,1.10108,1.16772,2.20139,-2.75266,-1.32422,1.00895,-1.94565,1.10136,1.16858,2.20139,-0.000213126,0.000646008,0.000116671,-0.00038348,7.32339e-05,0.000258553,0.00103626,0,0,0,0,0,0,0,-0.176685,26.6867,-24.6374,7.47104,0.830705,2.49319,0.0194189,-0.178323,2.15498,-3.01389,1.88601,0.180009,0.910272,0.0672673
1727237,1,-2.75261,-1.32534,1.01105,-1.94698,1.10108,1.16771,2.20139,-2.75266,-1.32422,1.00895,-1.94565,1.10136,1.16858,2.20139,-0.000142084,-0.000775754,7.77808e-05,0.00085797,4.88226e-05,-0.000302349,0.000216125,0,0,0,0,0,0,0,-0.176685,26.7383,-24.6374,7.42344,0.830705,2.50601,0.0322363,-0.177876,2.15435,-3.01315,1.88586,0.180062,0.910216,0.0669519
1727238,1,-2.75261,-1.32534,1.01105,-1.94698,1.10108,1.16771,2.20139,-2.75266,-1.32422,1.00895,-1.94565,1.10136,1.16858,2.20139,-0.000651535,0.000689257,0.000608666,-0.000541644,0.000235999,-0.000201566,0.000144084,0,0,0,0,0,0,0,-0.152882,26.6867,-24.6612,7.47104,0.825212,2.50601,0.0322363,-0.177034,2.15416,-3.0132,1.88582,0.18015,0.910191,0.0665593
1727239,1,-2.75261,-1.32534,1.01104,-1.94698,1.10108,1.16772,2.20139,-2.75266,-1.32422,1.00895,-1.94565,1.10136,1.16858,2.20139,0.000122455,-0.00139654,-0.000151035,-0.000361096,-4.61179e-05,0.000102982,-0.000412571,0,0,0,0,0,0,0,-0.176685,26.766,-24.6374,7.47104,0.830705,2.4996,0.0459692,-0.17562,2.15428,-3.01397,1.88619,0.180292,0.910214,0.0660903
1727240,1,-2.75261,-1.32534,1.01105,-1.94698,1.10108,1.16771,2.20139,-2.75266,-1.32422,1.00895,-1.94565,1.10136,1.16858,2.20139,-0.000475175,-0.000931024,0.000456122,-0.000890344,-0.000234196,-0.000168705,-0.000749765,0,0,0,0,0,0,0,-0.152882,26.766,-24.6612,7.49881,0.836199,2.50601,0.0587866,-0.174298,2.15538,-3.01548,1.88674,0.180481,0.910299,0.0655594
1727241,1,-2.75261,-1.32534,1.01104,-1.94698,1.10108,1.16771,2.20139,-2.75266,-1.32422,1.00895,-1.94565,1.10136,1.16858,2.20139,0.000889643,-0.00117749,-0.000252731,5.6051e-05,0.000250771,-0.000349829,0.00072086,0,0,0,0,0,0,0,-0.204456,26.7898,-24.6374,7.47104,0.825212,2.51242,0.0258276,-0.174073,2.15784,-3.01753,1.88683,0.180662,0.910438,0.0649962
1727242,1,-2.75261,-1.32534,1.01105,-1.94698,1.10108,1.16772,2.20139,-2.75266,-1.32422,1.00895,-1.94565,1.10136,1.16858,2.20139,-0.000613331,-0.000784996,0.000388325,3.73673e-05,0.00016718,0.000478858,-0.000502771,0,0,0,0,0,0,0,-0.152882,26.7898,-24.6612,7.47104,0.825212,2.49319,0.0523779,-0.175217,2.16108,-3.01954,1.88609,0.180781,0.910587,0.0644237
1727243,1,-2.75261,-1.32534,1.01105,-1.94698,1.10108,1.16772,2.20139,-2.75266,-1.32422,1.00895,-1.94565,1.10136,1.16858,2.20139,0.000147925,3.34811e-05,0.000258883,2.49116e-05,0.000314904,8.18796e-05,-9.78217e-05,0,0,0,0,0,0,0,-0.176685,26.766,-24.6612,7.47104,0.819719,2.4996,0.0459692,-0.17641,2.164,-3.0212,1.88515,0.180861,0.91071,0.0638486
1727244,1,-2.75261,-1.32534,1.01105,-1.94698,1.10108,1.16772,2.20139,-2.75266,-1.32422,1.00895,-1.94565,1.10136,1.16858,2.20139,9.86165e-05,0.00122875,0.000172589,0.00057342,6.48553e-06,-0.000182773,-0.000539932,0,0,0,0,0,0,0,-0.176685,26.7144,-24.6612,7.44724,0.825212,2.50601,0.0587866,-0.176903,2.16517,-3.02186,1.88459,0.180908,0.910772,0.0632843
1727245,1,-2.75261,-1.32534,1.01105,-1.94698,1.10108,1.16772,2.20139,-2.75266,-1.32422,1.00895,-1.94565,1.10136,1.16858,2.20139,-0.000491068,0.000262352,0.000115059,-0.000174532,-0.000606028,0.000352869,0.000114763,0,0,0,0,0,0,0,-0.152882,26.7383,-24.6612,7.47104,0.841692,2.49319,0.0459692,-0.176575,2.16422,-3.02119,1.88455,0.180934,0.910757,0.0627474
1727246,1,-2.75261,-1.32534,1.01104,-1.94698,1.10108,1.16772,2.20139,-2.75266,-1.32422,1.00895,-1.94565,1.10136,1.16858,2.20139,0.000229434,0.000174902,-0.000480106,-0.000116355,0.000206333,0.000235246,0.00105985,0,0,0,0,0,0,0,-0.176685,26.7383,-24.6374,7.47104,0.825212,2.49319,0.0194189,-0.175399,2.16208,-3.01968,1.88508,0.180985,0.910681,0.062244
1727247,1,-2.75261,-1.32534,1.01105,-1.94698,1.10108,1.16772,2.20138,-2.75266,-1.32422,1.00895,-1.94565,1.10136,1.16858,2.20139,0.000152956,0.000673413,0.000236741,-0.000727184,0.000578365,-8.05281e-05,-0.00241301,0,0,0,0,0,0,0,-0.176685,26.7144,-24.6612,7.49881,0.81331,2.4996,0.103647,-0.174142,2.15959,-3.01775,1.88591,0.181058,0.910581,0.0617621
1727248,1,-2.75261,-1.32534,1.01105,-1.94698,1.10108,1.16772,2.20139,-2.75266,-1.32422,1.00895,-1.94565,1.10136,1.16858,2.20139,0.00010197,0.00109856,0.000157828,0.000721637,-5.52329e-05,0.000183674,0.00103619,0,0,0,0,0,0,0,-0.176685,26.6867,-24.6612,7.44724,0.825212,2.49319,0.0322363,-0.173038,2.15681,-3.01573,1.88681,0.181114,0.910479,0.0613054
1727249,1,-2.75261,-1.32534,1.01105,-1.94698,1.10108,1.16772,2.20139,-2.75266,-1.32422,1.00895,-1.94565,1.10136,1.16858,2.20139,0.000717594,-0.000474055,0.000105218,-7.57208e-05,-0.000443723,-0.000352269,-0.000292553,0,0,0,0,0,0,0,-0.204456,26.7383,-24.6612,7.47104,0.836199,2.50601,0.0587866,-0.172859,2.15465,-3.0141,1.88709,0.181104,0.910386,0.060898
1727250,1,-2.75261,-1.32534,1.01105,-1.94698,1.10108,1.16772,2.20139,-2.75266,-1.32422,1.00895,-1.94565,1.10136,1.16858,2.20139,-0.000171218,0.000890389,-0.00104348,-5.04805e-05,-9.23648e-05,-0.000472205,0.000279682,0,0,0,0,0,0,0,-0.176685,26.6867,-24.6136,7.47104,0.830705,2.51242,0.0459692,-0.173708,2.15331,-3.0126,1.88674,0.181055,0.910289,0.0605365
1727251,1,-2.75261,-1.32534,1.01105,-1.94698,1.10108,1.16772,2.20138,-2.75266,-1.32422,1.00895,-1.94565,1.10136,1.16858,2.20139,-0.000114145,-5.60212e-05,-0.00013884,-3.36537e-05,-6.15765e-05,0.000159915,-0.0012377,0,0,0,0,0,0,0,-0.176685,26.7144,-24.6374,7.47104,0.830705,2.4996,0.0844213,-0.174145,2.15164,-3.01058,1.88667,0.18104,0.910153,0.0602085
1727252,1,-2.75261,-1.32534,1.01105,-1.94698,1.10108,1.16772,2.20138,-2.75266,-1.32422,1.00895,-1.94565,1.10136,1.16858,2.20139,0.00113033,-0.00124377,0.000464252,0.00109119,0.000162399,-0.000130749,-0.000825133,0,0,0,0,0,0,0,-0.22826,26.766,-24.6612,7.42344,0.825212,2.50601,0.0844213,-0.175385,2.15136,-3.00941,1.88592,0.181,0.910065,0.0599176
1727253,1,-2.75261,-1.32534,1.01105,-1.94698,1.10108,1.16772,2.20138,-2.75266,-1.32422,1.00895,-1.94565,1.10136,1.16858,2.20139,-0.000452873,-0.000829182,-0.000247311,-0.000386165,-9.51842e-05,-0.000324525,-7.53705e-05,0,0,0,0,0,0,0,-0.176685,26.766,-24.6374,7.47104,0.830705,2.51242,0.071604,-0.178525,2.15402,-3.01019,1.88378,0.180897,0.910097,0.0596893
1727254,1,-2.75261,-1.32534,1.01105,-1.94698,1.10108,1.16772,2.20138,-2.75266,-1.32422,1.00895,-1.94565,1.10136,1.16858,2.20139,-0.00150834,9.68258e-05,-0.000164874,-0.000257443,0.000343445,2.10089e-05,-5.0247e-05,0,0,0,0,0,0,0,-0.125111,26.7383,-24.6374,7.47104,0.819719,2.50601,0.071604,-0.179966,2.15668,-3.01159,1.88257,0.180887,0.910157,0.0595514
1727255,1,-2.75261,-1.32534,1.01105,-1.94698,1.10108,1.16772,2.20138,-2.75266,-1.32422,1.00895,-1.94565,1.10136,1.16858,2.20139,0.000850479,0.000621362,0.00109651,0.000385183,0.000228963,1.40059e-05,-0.000270857,0,0,0,0,0,0,0,-0.204456,26.7144,-24.689,7.44724,0.819719,2.50601,0.0780126,-0.178657,2.15761,-3.01284,1.88298,0.180982,0.910215,0.059504
1727256,1,-2.75261,-1.32534,1.01105,-1.94698,1.10108,1.16772,2.20138,-2.75266,-1.32422,1.00895,-1.94565,1.10136,1.16858,2.20139,-0.00063944,-0.00014257,8.13927e-05,-0.000300023,-0.000254259,0.000246696,-0.00041793,0,0,0,0,0,0,0,-0.152882,26.7383,-24.6612,7.47104,0.830705,2.4996,0.0844213,-0.177188,2.15798,-3.0143,1.88358,0.181056,0.910323,0.0595331
1727257,1,-2.75261,-1.32534,1.01105,-1.94698,1.10108,1.16772,2.20138,-2.75266,-1.32422,1.00895,-1.94565,1.10136,1.16858,2.20139,0.000130519,-9.50469e-05,5.42618e-05,0.000356796,0.000237395,-7.28948e-05,-0.00027862,0,0,0,0,0,0,0,-0.176685,26.7383,-24.6612,7.44724,0.819719,2.50601,0.0844213,-0.176032,2.15829,-3.01567,1.88404,0.181104,0.910446,0.0596314
1727258,1,-2.75261,-1.32534,1.01105,-1.94698,1.10108,1.16771,2.20139,-2.75266,-1.32422,1.00895,-1.94565,1.10136,1.16858,2.20139,8.70124e-05,0.000493447,-0.000520637,0.000237864,-0.000248638,-4.85965e-05,0.00123841,0,0,0,0,0,0,0,-0.176685,26.7144,-24.6374,7.44724,0.830705,2.50601,0.0459692,-0.175348,2.15826,-3.0162,1.8842,0.181118,0.910522,0.0597976
1727259,1,-2.75261,-1.32534,1.01105,-1.94698,1.10108,1.16772,2.20138,-2.75266,-1.32422,1.00895,-1.94565,1.10136,1.16858,2.20139,5.80083e-05,-0.000227847,0.00020972,-0.00104785,3.76921e-05,0.000204961,-0.00036119,0,0,0,0,0,0,0,-0.176685,26.7383,-24.6612,7.49881,0.825212,2.4996,0.0780126,-0.175011,2.15768,-3.01588,1.88431,0.18112,0.910565,0.0600142
1727260,1,-2.75261,-1.32534,1.01104,-1.94698,1.10108,1.16772,2.20138,-2.75266,-1.32422,1.00895,-1.94565,1.10136,1.16858,2.20139,3.86722e-05,-0.000151898,-0.000416998,0.00106467,2.51281e-05,0.000374,-3.43447e-06,0,0,0,0,0,0,0,-0.176685,26.7383,-24.6374,7.42344,0.825212,2.49319,0.071604,-0.174807,2.15715,-3.01544,1.88447,0.181129,0.910607,0.0602488
1727261,1,-2.75261,-1.32534,1.01105,-1.94698,1.10108,1.16771,2.20138,-2.75266,-1.32422,1.00895,-1.94565,1.10136,1.16858,2.20139,2.57815e-05,-0.000101265,0.000278813,0.000152969,-0.000390149,1.19742e-05,-0.000477008,0,0,0,0,0,0,0,-0.176685,26.7383,-24.6612,7.44724,0.836199,2.4996,0.0844213,-0.175374,2.15732,-3.01517,1.88393,0.181089,0.910636,0.0604883
1727262,1,-2.75261,-1.32534,1.01105,-1.94698,1.10108,1.16771,2.20139,-2.75266,-1.32422,1.00895,-1.94565,1.10136,1.16858,2.20139,1.71876e-05,-0.000717124,0.000835489,0.000101979,0.000146802,7.98283e-06,0.00161477,0,0,0,0,0,0,0,-0.176685,26.766,-24.689,7.44724,0.825212,2.4996,0.0322363,-0.176435,2.15847,-3.01577,1.88288,0.181023,0.910692,0.0607399
1727263,1,-2.75261,-1.32534,1.01104,-1.94698,1.10108,1.16772,2.20138,-2.75266,-1.32422,1.00895,-1.94565,1.10136,1.16858,2.20139,1.14584e-05,0.000728343,-0.000649433,6.79862e-05,0.000301318,-0.000232037,-0.000618904,0,0,0,0,0,0,0,-0.176685,26.7144,-24.6374,7.44724,0.819719,2.50601,0.0780126,-0.177303,2.15988,-3.01695,1.88198,0.180977,0.910774,0.0609939
1727264,1,-2.75261,-1.32534,1.01105,-1.94698,1.10108,1.16772,2.20139,-2.75266,-1.32422,1.00895,-1.94565,1.10136,1.16858,2.20139,7.63895e-06,-0.000720864,0.000123857,0.000602136,-2.57163e-06,8.26676e-05,0.000536833,0,0,0,0,0,0,0,-0.176685,26.766,-24.6612,7.42344,0.825212,2.4996,0.0523779,-0.177974,2.16058,-3.0174,1.88118,0.180934,0.910803,0.0612242
1727265,1,-2.75261,-1.32534,1.01105,-1.94698,1.10108,1.16772,2.20138,-2.75266,-1.32422,1.00895,-1.94565,1.10136,1.16858,2.20139,-0.00120133,0.00072585,0.000732185,-0.00136181,0.000439095,-0.000419606,-0.000828906,0,0,0,0,0,0,0,-0.125111,26.7144,-24.689,7.49881,0.81331,2.51242,0.0844213,-0.177395,2.1606,-3.01779,1.88114,0.180941,0.91082,0.0614259
1727266,1,-2.75261,-1.32534,1.01105,-1.94698,1.10108,1.16772,2.20139,-2.75266,-1.32422,1.00895,-1.94565,1.10136,1.16858,2.20139,0.000405537,-0.000722526,-0.000718303,-0.000258262,0.00029273,0.00019498,0.00138018,0,0,0,0,0,0,0,-0.176685,26.766,-24.6374,7.47104,0.81331,2.4996,0.0322363,-0.174918,2.15981,-3.01844,1.88246,0.18104,0.910861,0.0616093
1727267,1,-2.75261,-1.32534,1.01105,-1.94698,1.10108,1.16772,2.20139,-2.75266,-1.32422,1.00895,-1.94565,1.10136,1.16858,2.20139,0.000919972,0.00137436,-0.000478868,-0.000172175,-0.000245656,0.000129987,0.000920117,0,0,0,0,0,0,0,-0.204456,26.6867,-24.6374,7.47104,0.825212,2.4996,0.0322363,-0.17315,2.15843,-3.01799,1.88367,0.181101,0.910866,0.0617675
1727268,1,-2.75261,-1.32534,1.01105,-1.94698,1.10108,1.16772,2.20139,-2.75266,-1.32422,1.00895,-1.94565,1.10136,1.16858,2.20139,0.00117013,0.000266623,-0.000319246,-0.000114783,-0.000570672,-0.000150701,-0.000132574,0,0,0,0,0,0,0,-0.22826,26.7144,-24.6374,7.47104,0.836199,2.50601,0.0523779,-0.173764,2.15672,-3.01608,1.88375,0.181032,0.910828,0.0618696
1727269,1,-2.75261,-1.32534,1.01105,-1.94698,1.10108,1.16772,2.20139,-2.75266,-1.32422,1.00895,-1.94565,1.10136,1.16858,2.20139,-0.000426341,0.000177749,0.000993596,0.00048029,-0.000176997,-0.000100467,-8.83825e-05,0,0,0,0,0,0,0,-0.176685,26.7144,-24.689,7.44724,0.830705,2.50601,0.0523779,-0.175549,2.15551,-3.01445,1.88313,0.180893,0.91082,0.0618939
1727270,1,-2.75261,-1.32534,1.01105,-1.94698,1.10108,1.16772,2.20139,-2.75266,-1.32422,1.00895,-1.94565,1.10136,1.16858,2.20139,0.000922198,-0.000438313,1.27831e-05,-0.000236619,-0.000524899,-6.69782e-05,-0.000296281,0,0,0,0,0,0,0,-0.22826,26.7383,-24.6612,7.47104,0.841692,2.50601,0.0587866,-0.177444,2.15576,-3.0145,1.88217,0.180749,0.910891,0.0618491
1727271,1,-2.75261,-1.32534,1.01104,-1.94698,1.10108,1.16772,2.20139,-2.75266,-1.32422,1.00895,-1.94565,1.10136,1.16858,2.20139,-0.00179805,0.000264603,-0.0011051,-0.000157746,-0.000146482,0.000192707,0.00102318,0,0,0,0,0,0,0,-0.125111,26.7144,-24.6136,7.47104,0.836199,2.4996,0.0258276,-0.178212,2.1561,-3.01486,1.88171,0.180685,0.910948,0.0617551
1727272,1,-2.75261,-1.32534,1.01105,-1.94698,1.10108,1.16772,2.20139,-2.75266,-1.32422,1.00895,-1.94565,1.10136,1.16858,2.20139,-0.000549088,0.000176402,-0.000179923,-0.000754778,0.000309246,0.000128471,0.000444763,0,0,0,0,0,0,0,-0.152882,26.7144,-24.6374,7.49881,0.825212,2.4996,0.0322363,-0.176041,2.15465,-3.01419,1.88288,0.180782,0.910894,0.0616205
1727273,1,-2.75261,-1.32534,1.01105,-1.94698,1.10108,1.16772,2.20139,-2.75266,-1.32422,1.00895,-1.94565,1.10136,1.16858,2.20139,0.000840367,-0.00043921,0.00108648,0.000703241,2.71359e-06,8.56475e-05,0.000296509,0,0,0,0,0,0,0,-0.204456,26.7383,-24.689,7.44724,0.830705,2.4996,0.0322363,-0.173237,2.15322,-3.01391,1.88437,0.180931,0.910851,0.0614294
1727274,1,-2.75261,-1.32534,1.01105,-1.94698,1.10108,1.16772,2.20139,-2.75266,-1.32422,1.00895,-1.94565,1.10136,1.16858,2.20139,-8.93691e-05,0.000264005,0.000724318,-0.00129441,0.00020526,-0.000180261,-3.96866e-05,0,0,0,0,0,0,0,-0.176685,26.7144,-24.689,7.52262,0.825212,2.50601,0.038645,-0.172439,2.15379,-3.01541,1.88482,0.181015,0.91095,0.0611682
1727275,1,-2.75261,-1.32534,1.01105,-1.94698,1.10108,1.16772,2.20139,-2.75266,-1.32422,1.00895,-1.94565,1.10136,1.16858,2.20139,-0.000616391,-0.000380809,0.000482879,0.000343485,-0.000270061,-0.000357533,-0.000535084,0,0,0,0,0,0,0,-0.152882,26.7383,-24.689,7.47104,0.836199,2.51242,0.0523779,-0.171856,2.15506,-3.01798,1.88531,0.181109,0.911132,0.0608437
1727276,1,-2.75261,-1.32534,1.01104,-1.94698,1.10108,1.16772,2.20139,-2.75266,-1.32422,1.00895,-1.94565,1.10136,1.16858,2.20139,0.000145884,-0.000253872,-0.00144132,0.00134261,0.00022686,-0.000238355,0.00086398,0,0,0,0,0,0,0,-0.176685,26.7383,-24.6136,7.42344,0.825212,2.51242,0.0194189,-0.171527,2.15621,-3.01989,1.8854,0.181177,0.911247,0.0604698
1727277,1,-2.75261,-1.32534,1.01105,-1.94698,1.10108,1.16772,2.20139,-2.75266,-1.32422,1.00895,-1.94565,1.10136,1.16858,2.20139,9.72562e-05,0.000387564,0.000152745,-0.000868162,-0.000255661,0.000315814,0.000101269,0,0,0,0,0,0,0,-0.176685,26.7144,-24.6612,7.49881,0.836199,2.4996,0.0322363,-0.1724,2.1569,-3.02004,1.88453,0.181176,0.911246,0.0600572
1727278,1,-2.75261,-1.32534,1.01105,-1.94698,1.10108,1.16771,2.20139,-2.75266,-1.32422,1.00895,-1.94565,1.10136,1.16858,2.20139,6.48375e-05,0.000258376,0.00010183,0.000627651,3.30099e-05,-2.6816e-05,-0.000441114,0,0,0,0,0,0,0,-0.176685,26.7144,-24.6612,7.44724,0.830705,2.50601,0.0459692,-0.173337,2.1568,-3.01941,1.88383,0.181182,0.91123,0.0596068
1727279,1,-2.75261,-1.32534,1.01105,-1.94698,1.10108,1.16771,2.20139,-2.75266,-1.32422,1.00895,-1.94565,1.10136,1.16858,2.20139,4.3225e-05,0.000172251,6.78866e-05,0.000975246,0.000225457,-0.000255236,-0.000531435,0,0,0,0,0,0,0,-0.176685,26.7144,-24.6612,7.42344,0.825212,2.51242,0.0523779,-0.17441,2.15665,-3.019,1.88299,0.181172,0.911244,0.0591236
1727280,1,-2.75261,-1.32534,1.01105,-1.94698,1.10108,1.16772,2.20139,-2.75266,-1.32422,1.00895,-1.94565,1.10136,1.16858,2.20139,2.88167e-05,-0.000441978,-0.000511554,-0.00046346,-5.31458e-05,6.72014e-05,0.000391695,0,0,0,0,0,0,0,-0.176685,26.7383,-24.6374,7.47104,0.830705,2.50601,0.0322363,-0.175906,2.15684,-3.01869,1.88175,0.181138,0.911268,0.0586297
1727281,1,-2.75261,-1.32534,1.01105,-1.94698,1.10108,1.16772,2.20139,-2.75266,-1.32422,1.00895,-1.94565,1.10136,1.16858,2.20139,0.000668825,-0.000294652,0.000215776,0.000247839,-3.54305e-05,4.4801e-05,-0.000247496,0,0,0,0,0,0,0,-0.204456,26.7383,-24.6612,7.44724,0.830705,2.50601,0.0459692,-0.177624,2.15747,-3.01855,1.88054,0.181126,0.911326,0.0581417
1727282,1,-2.75261,-1.32534,1.01105,-1.94698,1.10108,1.16772,2.20138,-2.75266,-1.32422,1.00895,-1.94565,1.10136,1.16858,2.20139,-0.00141016,-0.000196435,0.000143851,0.000165226,0.00017983,-0.000207492,-0.000877074,0,0,0,0,0,0,0,-0.125111,26.7383,-24.6612,7.44724,0.825212,2.51242,0.0651953,-0.178826,2.15841,-3.01895,1.87966,0.181151,0.911427,0.0576638
1727283,1,-2.75261,-1.32534,1.01105,-1.94698,1.10108,1.16772,2.20139,-2.75266,-1.32422,1.00895,-1.94565,1.10136,1.16858,2.20139,-0.00029049,-0.000130957,-0.000460912,0.000110151,-8.35637e-05,9.90312e-05,0.000398628,0,0,0,0,0,0,0,-0.152882,26.7383,-24.6374,7.44724,0.830705,2.50601,0.038645,-0.178166,2.15878,-3.01959,1.87966,0.181245,0.911521,0.0572106
1727284,1,-2.75261,-1.32534,1.01105,-1.94698,1.10108,1.16772,2.20139,-2.75266,-1.32422,1.00895,-1.94565,1.10136,1.16858,2.20139,0.000363152,-0.000736918,-0.000307274,7.34337e-05,-0.00025916,0.00030338,-0.000480233,0,0,0,0,0,0,0,-0.176685,26.766,-24.6374,7.44724,0.836199,2.4996,0.0587866,-0.177042,2.15885,-3.01985,1.87987,0.18136,0.91159,0.0567947
1727285,1,-2.75261,-1.32534,1.01105,-1.94698,1.10108,1.16772,2.20139,-2.75266,-1.32422,1.00895,-1.94565,1.10136,1.16858,2.20139,0.000242101,0.000715147,0.00100158,-0.000507856,0.000234128,-0.000272465,0.000663189,0,0,0,0,0,0,0,-0.176685,26.7144,-24.689,7.47104,0.825212,2.51242,0.0322363,-0.176875,2.15932,-3.0202,1.87973,0.181449,0.911704,0.0564175
1727286,1,-2.75261,-1.32534,1.01105,-1.94698,1.10108,1.16772,2.20138,-2.75266,-1.32422,1.00895,-1.94565,1.10136,1.16858,2.20139,-0.000395411,-0.00128647,0.00122453,-0.000988185,-4.73652e-05,-0.000181643,-0.00172801,0,0,0,0,0,0,0,-0.152882,26.7898,-24.7128,7.49881,0.830705,2.51242,0.09083,-0.176449,2.16031,-3.02195,1.88007,0.181569,0.911943,0.0560783
1727287,1,-2.75261,-1.32534,1.01105,-1.94698,1.10108,1.16771,2.20139,-2.75266,-1.32422,1.00895,-1.94565,1.10136,1.16858,2.20139,0.000293204,0.000348777,-0.000390073,-9.17586e-06,0.000171874,-0.000358454,0.000780771,0,0,0,0,0,0,0,-0.176685,26.7383,-24.6612,7.47104,0.825212,2.51882,0.038645,-0.175494,2.16177,-3.02473,1.88089,0.181728,0.912265,0.0557809
1727288,1,-2.75261,-1.32534,1.01105,-1.94698,1.10108,1.16771,2.20139,-2.75266,-1.32422,1.00895,-1.94565,1.10136,1.16858,2.20139,0.000845084,0.00078933,-0.000260049,-0.000655731,0.000114582,0.000235748,-0.000225471,0,0,0,0,0,0,0,-0.204456,26.7144,-24.6612,7.49881,0.825212,2.50601,0.0587866,-0.175058,2.16227,-3.0261,1.88157,0.181852,0.912522,0.0555377
1727289,1,-2.75261,-1.32534,1.01105,-1.94698,1.10108,1.16772,2.20139,-2.75266,-1.32422,1.00895,-1.94565,1.10136,1.16858,2.20139,0.000563389,0.00117583,-0.000173366,-0.000993966,7.63883e-05,0.000157166,0.00083303,0,0,0,0,0,0,0,-0.204456,26.6867,-24.6612,7.52262,0.825212,2.50601,0.0322363,-0.175057,2.1607,-3.0252,1.88238,0.181936,0.912683,0.0553445
1727290,1,-2.75261,-1.32534,1.01105,-1.94698,1.10108,1.16772,2.20138,-2.75266,-1.32422,1.00895,-1.94565,1.10136,1.16858,2.20139,-0.000274021,0.000134275,-0.000115577,0.000543782,-0.000152525,0.000104777,-0.000902709,0,0,0,0,0,0,0,-0.176685,26.7144,-24.6612,7.47104,0.830705,2.50601,0.071604,-0.174788,2.15791,-3.02327,1.88348,0.182007,0.912784,0.0551793
1727291,1,-2.75261,-1.32534,1.01105,-1.94698,1.10108,1.16771,2.20138,-2.75266,-1.32422,1.00895,-1.94565,1.10136,1.16858,2.20139,-0.000739493,8.95169e-05,0.000572563,-0.000287093,-0.000101683,-0.000167508,-0.00155124,0,0,0,0,0,0,0,-0.152882,26.7144,-24.689,7.49881,0.830705,2.51242,0.0972387,-0.17383,2.15545,-3.02186,1.88459,0.182068,0.91286,0.0550306
1727292,1,-2.75261,-1.32534,1.01105,-1.94698,1.10108,1.16772,2.20138,-2.75266,-1.32422,1.00895,-1.94565,1.10136,1.16858,2.20139,0.00182705,-0.000497134,-0.000267906,-0.000191395,0.000339112,0.000125687,-0.000322084,0,0,0,0,0,0,0,-0.252064,26.7383,-24.6612,7.49881,0.819719,2.50601,0.0780126,-0.173476,2.1545,-3.02159,1.88512,0.182095,0.912976,0.0549227
1727293,1,-2.75261,-1.32534,1.01105,-1.94698,1.10108,1.16772,2.20138,-2.75266,-1.32422,1.00895,-1.94565,1.10136,1.16858,2.20139,-0.00110201,0.000875003,0.00102782,-0.000684409,-0.000384277,-0.000153567,-0.000452082,0,0,0,0,0,0,0,-0.152882,26.6867,-24.7128,7.52262,0.836199,2.51242,0.0844213,-0.174236,2.15466,-3.02206,1.88519,0.182087,0.913149,0.054897
1727294,1,-2.75261,-1.32534,1.01105,-1.94698,1.10108,1.16772,2.20138,-2.75266,-1.32422,1.00895,-1.94565,1.10136,1.16858,2.20139,-0.000177864,0.000583335,-0.000521211,0.000100539,0.000150717,-0.000339737,-0.000301388,0,0,0,0,0,0,0,-0.176685,26.6867,-24.6612,7.49881,0.825212,2.51882,0.0844213,-0.173586,2.15397,-3.02263,1.88616,0.182128,0.913312,0.0549723
1727295,1,-2.75261,-1.32534,1.01105,-1.94698,1.10108,1.16772,2.20138,-2.75266,-1.32422,1.00895,-1.94565,1.10136,1.16858,2.20139,-0.000118576,0.00038889,-0.000347474,6.70263e-05,0.000100478,-0.000226492,-0.000438284,0,0,0,0,0,0,0,-0.176685,26.6867,-24.6612,7.49881,0.825212,2.51882,0.09083,-0.171799,2.15204,-3.02239,1.88769,0.182195,0.913401,0.055145
1727296,1,-2.75261,-1.32534,1.01105,-1.94698,1.10108,1.16771,2.20138,-2.75266,-1.32422,1.00895,-1.94565,1.10136,1.16858,2.20139,-7.90505e-05,-0.000390354,-0.000788461,0.000694298,-0.000746817,8.63646e-05,0.000419887,0,0,0,0,0,0,0,-0.176685,26.7144,-24.6374,7.47104,0.847185,2.51242,0.071604,-0.170999,2.15027,-3.02132,1.88846,0.182209,0.91343,0.0554051
1727297,1,-2.75261,-1.32534,1.01105,-1.94698,1.10108,1.16772,2.20138,-2.75266,-1.32422,1.00895,-1.94565,1.10136,1.16858,2.20139,0.000596914,-0.000260236,0.0012376,-0.000186749,0.000112474,0.000769653,0.000279925,0,0,0,0,0,0,0,-0.204456,26.7144,-24.7128,7.49881,0.830705,2.49319,0.071604,-0.171754,2.15004,-3.02087,1.88817,0.182169,0.913497,0.0557394
1727298,1,-2.75261,-1.32534,1.01105,-1.94698,1.10108,1.16772,2.20138,-2.75266,-1.32422,1.00895,-1.94565,1.10136,1.16858,2.20139,0.000397942,-0.000173491,-0.000381361,0.000525115,0.000278433,-0.000436334,-0.000762819,0,0,0,0,0,0,0,-0.204456,26.7144,-24.6612,7.47104,0.825212,2.51882,0.0972387,-0.174042,2.1516,-3.02181,1.88702,0.182092,0.913666,0.0561259
1727299,1,-2.75261,-1.32534,1.01105,-1.94698,1.10108,1.16772,2.20138,-2.75266,-1.32422,1.00895,-1.94565,1.10136,1.16858,2.20139,-0.000384319,-0.000672472,-0.000811053,0.000906889,-0.000221279,-5.35301e-05,0.000203531,0,0,0,0,0,0,0,-0.176685,26.7383,-24.6374,7.44724,0.836199,2.51242,0.0780126,-0.177121,2.15372,-3.02283,1.88531,0.181991,0.913832,0.0565504
1727300,1,-2.75261,-1.32534,1.01105,-1.94698,1.10108,1.16772,2.20138,-2.75266,-1.32422,1.00895,-1.94565,1.10136,1.16858,2.20139,0.000393401,-0.000448315,0.00122254,-0.000601834,0.000259382,-3.56868e-05,-0.000101672,0,0,0,0,0,0,0,-0.204456,26.7383,-24.7128,7.49881,0.825212,2.51242,0.0844213,-0.179968,2.15599,-3.02385,1.88363,0.181912,0.913984,0.0570147
1727301,1,-2.75261,-1.32534,1.01105,-1.94698,1.10108,1.16772,2.20138,-2.75266,-1.32422,1.00895,-1.94565,1.10136,1.16858,2.20139,-0.000944158,0.000257935,0.00137184,0.000248392,-3.05294e-05,-2.37912e-05,0.000169578,0,0,0,0,0,0,0,-0.152882,26.7144,-24.7366,7.47104,0.830705,2.51242,0.0780126,-0.18134,2.15841,-3.02642,1.88296,0.181916,0.914242,0.0575186
1727302,1,-2.75261,-1.32534,1.01105,-1.94698,1.10108,1.16771,2.20138,-2.75266,-1.32422,1.00895,-1.94565,1.10136,1.16858,2.20139,0.000576987,-0.000384855,-0.000199067,0.000722406,0.000386548,-0.00025322,-0.000124307,0,0,0,0,0,0,0,-0.204456,26.7383,-24.689,7.44724,0.819719,2.51882,0.0844213,-0.181528,2.16048,-3.02984,1.88297,0.181962,0.914555,0.0580501
1727303,1,-2.75261,-1.32534,1.01105,-1.94698,1.10108,1.16771,2.20138,-2.75266,-1.32422,1.00895,-1.94565,1.10136,1.16858,2.20139,-0.000821768,0.000300242,-0.000782325,-7.52077e-05,0.000257699,-0.000168813,0.000154488,0,0,0,0,0,0,0,-0.152882,26.7144,-24.6612,7.47104,0.819719,2.51882,0.0780126,-0.181629,2.16145,-3.03187,1.88295,0.18199,0.914782,0.0585947
1727304,1,-2.75261,-1.32534,1.01105,-1.94698,1.10108,1.16772,2.20138,-2.75266,-1.32422,1.00895,-1.94565,1.10136,1.16858,2.20139,0.000658581,0.000200161,0.000128064,-5.01385e-05,-0.000235102,-0.000112542,-0.000609085,0,0,0,0,0,0,0,-0.204456,26.7144,-24.689,7.47104,0.830705,2.51882,0.0972387,-0.181354,2.16081,-3.03203,1.88329,0.182024,0.914913,0.0591461
1727305,1,-2.75261,-1.32534,1.01105,-1.94698,1.10108,1.16772,2.20138,-2.75266,-1.32422,1.00895,-1.94565,1.10136,1.16858,2.20139,-0.00021056,-0.000423371,-0.000564238,-0.00068304,-0.000156735,0.00039969,0.00030602,0,0,0,0,0,0,0,-0.176685,26.7383,-24.6612,7.49881,0.830705,2.50601,0.0780126,-0.180898,2.15943,-3.03142,1.88404,0.182076,0.915037,0.0597046
1727306,1,-2.75261,-1.32534,1.01105,-1.94698,1.10108,1.16771,2.20138,-2.75266,-1.32422,1.00895,-1.94565,1.10136,1.16858,2.20139,-0.000697185,0.000274565,0.000273455,-0.00045536,-0.000511391,2.91009e-05,0.000204013,0,0,0,0,0,0,0,-0.152882,26.7144,-24.689,7.49881,0.841692,2.51242,0.0780126,-0.17971,2.15779,-3.03081,1.88543,0.18218,0.915176,0.0602736
1727307,1,-2.75261,-1.32534,1.01105,-1.94698,1.10108,1.16771,2.20138,-2.75266,-1.32422,1.00895,-1.94565,1.10136,1.16858,2.20139,0.000741636,0.000832657,0.000739115,0.000902853,6.59739e-05,1.94006e-05,0.000373368,0,0,0,0,0,0,0,-0.204456,26.6867,-24.7128,7.44724,0.830705,2.51242,0.071604,-0.177957,2.15595,-3.0306,1.88709,0.182301,0.915335,0.0608473
1727308,1,-2.75261,-1.32534,1.01105,-1.94698,1.10108,1.16772,2.20138,-2.75266,-1.32422,1.00895,-1.94565,1.10136,1.16858,2.20139,-0.00015519,-0.000651321,-0.00182731,4.50899e-05,0.000450884,0.000487652,1.1553e-05,0,0,0,0,0,0,0,-0.176685,26.7383,-24.6136,7.47104,0.819719,2.4996,0.0780126,-0.177585,2.15445,-3.03017,1.8877,0.182339,0.915472,0.061406
1727309,1,-2.75261,-1.32534,1.01105,-1.94698,1.10108,1.16771,2.20139,-2.75266,-1.32422,1.00895,-1.94565,1.10136,1.16858,2.20139,-0.000660272,0.000122598,-0.00010458,-0.000619554,9.71386e-05,8.77421e-05,0.000719779,0,0,0,0,0,0,0,-0.152882,26.7144,-24.6612,7.49881,0.825212,2.50601,0.0587866,-0.177618,2.15286,-3.02873,1.88794,0.182366,0.91552,0.0619362
1727310,1,-2.75261,-1.32534,1.01105,-1.94698,1.10108,1.16771,2.20138,-2.75266,-1.32422,1.00895,-1.94565,1.10136,1.16858,2.20139,0.000116631,8.17319e-05,0.000579894,0.000236578,-0.000342142,-0.000178864,5.13465e-06,0,0,0,0,0,0,0,-0.176685,26.7144,-24.689,7.47104,0.836199,2.51242,0.071604,-0.176674,2.15123,-3.02762,1.88878,0.182446,0.915562,0.062432
1727311,1,-2.75261,-1.32534,1.01105,-1.94698,1.10108,1.16771,2.20139,-2.75266,-1.32422,1.00895,-1.94565,1.10136,1.16858,2.20139,7.77537e-05,-0.00115194,0.000386596,0.000157719,-2.46441e-05,-0.000356602,0.0007155,0,0,0,0,0,0,0,-0.176685,26.766,-24.689,7.47104,0.830705,2.51882,0.0523779,-0.17624,2.15115,-3.02826,1.88925,0.1825,0.915704,0.0628805
1727312,1,-2.75261,-1.32534,1.01105,-1.94698,1.10108,1.16771,2.20139,-2.75266,-1.32422,1.00895,-1.94565,1.10136,1.16858,2.20139,-0.000504976,-0.000118345,-0.000391883,-0.000544468,-1.64294e-05,-0.000237734,0.000714359,0,0,0,0,0,0,0,-0.152882,26.7383,-24.6612,7.49881,0.830705,2.51882,0.0459692,-0.176551,2.15255,-3.03004,1.88918,0.182534,0.915909,0.0632697
1727313,1,-2.75261,-1.32534,1.01105,-1.94698,1.10108,1.16771,2.20139,-2.75266,-1.32422,1.00895,-1.94565,1.10136,1.16858,2.20139,0.000869775,-7.88965e-05,0.000388358,0.000286635,0.000192498,0.000316228,1.52138e-06,0,0,0,0,0,0,0,-0.204456,26.7383,-24.689,7.47104,0.825212,2.50601,0.0587866,-0.176974,2.15395,-3.03164,1.88913,0.182572,0.916115,0.0635857
1727314,1,-2.75261,-1.32534,1.01105,-1.94698,1.10108,1.16771,2.20139,-2.75266,-1.32422,1.00895,-1.94565,1.10136,1.16858,2.20139,0.00057985,-5.25977e-05,-0.000390708,0.00019109,-0.00048202,0.000448178,0.000984358,0,0,0,0,0,0,0,-0.204456,26.7383,-24.6612,7.47104,0.841692,2.4996,0.0322363,-0.178608,2.15528,-3.03267,1.88844,0.18255,0.916308,0.0638154
1727315,1,-2.75261,-1.32534,1.01105,-1.94698,1.10108,1.16771,2.20139,-2.75266,-1.32422,1.00895,-1.94565,1.10136,1.16858,2.20139,-0.000263047,0.000521747,0.000945954,-0.000522221,0.000289005,6.14262e-05,0.000893598,0,0,0,0,0,0,0,-0.176685,26.7144,-24.7128,7.49881,0.825212,2.50601,0.0258276,-0.180574,2.1563,-3.03339,1.88762,0.182509,0.916484,0.0639559
1727316,1,-2.75261,-1.32534,1.01105,-1.94698,1.10107,1.16772,2.20139,-2.75266,-1.32422,1.00895,-1.94565,1.10136,1.16858,2.20139,-0.00138179,-0.000858595,7.38238e-05,0.000858279,-0.000417682,-0.000196408,0.000121014,0,0,0,0,0,0,0,-0.125111,26.766,-24.689,7.44724,0.841692,2.51242,0.038645,-0.180601,2.1567,-3.03457,1.88777,0.182546,0.916641,0.0639954
1727317,1,-2.75261,-1.32534,1.01105,-1.94698,1.10108,1.16771,2.20139,-2.75266,-1.32422,1.00895,-1.94565,1.10136,1.16858,2.20139,0.000285232,0.000634029,0.00116284,-0.00119105,0.000535348,-0.000130939,-0.00042795,0,0,0,0,0,0,0,-0.176685,26.7144,-24.7366,7.52262,0.819719,2.51242,0.0523779,-0.178794,2.15693,-3.03652,1.88878,0.18266,0.916795,0.0639224
1727318,1,-2.75261,-1.32534,1.01105,-1.94698,1.10108,1.16771,2.20139,-2.75266,-1.32422,1.00895,-1.94565,1.10136,1.16858,2.20139,0.000190155,-0.000134126,-0.000338397,0.000412391,-5.00026e-05,0.000150066,0.000223326,0,0,0,0,0,0,0,-0.176685,26.7383,-24.689,7.47104,0.830705,2.50601,0.038645,-0.176911,2.15693,-3.03846,1.89002,0.182789,0.916959,0.0637512
1727319,1,-2.75261,-1.32534,1.01105,-1.94698,1.10108,1.16771,2.20139,-2.75266,-1.32422,1.00895,-1.94565,1.10136,1.16858,2.20139,0.000776384,0.000467395,0.000331214,-0.000374686,-0.000440236,-0.000137315,0.000623602,0,0,0,0,0,0,0,-0.204456,26.7144,-24.7128,7.49881,0.841692,2.51242,0.0258276,-0.176428,2.15674,-3.03954,1.89068,0.182864,0.917093,0.0635042
1727320,1,-2.75261,-1.32534,1.01105,-1.94698,1.10108,1.16772,2.20139,-2.75266,-1.32422,1.00895,-1.94565,1.10136,1.16858,2.20139,0.000517589,-0.000245215,0.000777621,-0.000249791,0.000316861,0.000145816,-0.000330251,0,0,0,0,0,0,0,-0.204456,26.7383,-24.7366,7.49881,0.825212,2.50601,0.0459692,-0.177383,2.15689,-3.04031,1.89067,0.182887,0.917222,0.0631899
1727321,1,-2.75261,-1.32534,1.01105,-1.94698,1.10108,1.16771,2.20139,-2.75266,-1.32422,1.00895,-1.94565,1.10136,1.16858,2.20139,-0.000304554,0.000393335,-3.83979e-05,-0.000723339,7.79004e-06,-0.000140148,0.000763177,0,0,0,0,0,0,0,-0.176685,26.7144,-24.7128,7.52262,0.830705,2.51242,0.0194189,-0.178339,2.15715,-3.04135,1.89084,0.182927,0.917367,0.062814
1727322,1,-2.75261,-1.32534,1.01105,-1.94698,1.10108,1.16772,2.20139,-2.75266,-1.32422,1.00895,-1.94565,1.10136,1.16858,2.20139,-0.000203036,0.000911837,-0.00123202,7.45858e-05,5.19336e-06,-0.000330791,-0.000474559,0,0,0,0,0,0,0,-0.176685,26.6867,-24.6612,7.49881,0.830705,2.51882,0.0459692,-0.177898,2.15587,-3.04122,1.89187,0.183025,0.917414,0.0623842
1727323,1,-2.75261,-1.32534,1.01105,-1.94698,1.10108,1.16772,2.20139,-2.75266,-1.32422,1.00895,-1.94565,1.10136,1.16858,2.20139,-0.000135358,-4.17224e-05,-0.000171736,0.000699338,3.46224e-06,-0.000220527,0.000429612,0,0,0,0,0,0,0,-0.176685,26.7144,-24.689,7.47104,0.830705,2.51882,0.0258276,-0.176793,2.15306,-3.03933,1.8931,0.183121,0.917321,0.061904
1727324,1,-2.75261,-1.32534,1.01105,-1.94698,1.10108,1.16772,2.20139,-2.75266,-1.32422,1.00895,-1.94565,1.10136,1.16858,2.20139,-9.02384e-05,-0.000584627,0.000999133,0.000466225,2.30816e-06,9.03406e-05,4.90492e-05,0,0,0,0,0,0,0,-0.176685,26.7383,-24.7366,7.47104,0.830705,2.51242,0.0322363,-0.176542,2.15144,-3.03811,1.89339,0.183153,0.917245,0.0613805
1727325,1,-2.75261,-1.32534,1.01105,-1.94698,1.10108,1.16772,2.20139,-2.75266,-1.32422,1.00895,-1.94565,1.10136,1.16858,2.20139,-6.01589e-05,-0.000389751,-0.000447535,-0.000338797,-0.000405362,-0.000177132,3.26995e-05,0,0,0,0,0,0,0,-0.176685,26.7383,-24.689,7.49881,0.841692,2.51882,0.0322363,-0.177074,2.15193,-3.03876,1.893,0.183159,0.917284,0.0608202
1727326,1,-2.75261,-1.32534,1.01106,-1.94699,1.10108,1.16772,2.20139,-2.75266,-1.32422,1.00895,-1.94565,1.10136,1.16858,2.20139,-4.01059e-05,0.000296978,0.00146488,-0.00133949,-6.6791e-05,0.00035663,0.000733876,0,0,0,0,0,0,0,-0.176685,26.7144,-24.7643,7.54642,0.836199,2.50601,0.0130102,-0.177058,2.15288,-3.04043,1.89324,0.183231,0.917417,0.0602314
1727327,1,-2.75261,-1.32534,1.01105,-1.94698,1.10108,1.16772,2.20139,-2.75266,-1.32422,1.00895,-1.94565,1.10136,1.16858,2.20139,-2.67373e-05,-0.00100844,-0.000229838,-0.00033618,0.000158923,0.000475112,-0.00120617,0,0,0,0,0,0,0,-0.176685,26.766,-24.7128,7.52262,0.830705,2.4996,0.0587866,-0.176165,2.15379,-3.04283,1.89444,0.183391,0.917627,0.0596154
1727328,1,-2.75261,-1.32534,1.01105,-1.94698,1.10108,1.16771,2.20139,-2.75266,-1.32422,1.00895,-1.94565,1.10136,1.16858,2.20139,-1.78249e-05,-0.000672294,-0.000710038,0.000332692,-9.75017e-05,7.93826e-05,0.000179231,0,0,0,0,0,0,0,-0.176685,26.766,-24.689,7.49881,0.836199,2.50601,0.0322363,-0.175837,2.15517,-3.04506,1.89531,0.183545,0.917809,0.0589732
1727329,1,-2.75261,-1.32534,1.01105,-1.94698,1.10108,1.16771,2.20139,-2.75266,-1.32422,1.00895,-1.94565,1.10136,1.16858,2.20139,-0.000568695,0.000201418,8.34536e-05,0.000221794,0.000138449,-0.000421796,-0.000117872,0,0,0,0,0,0,0,-0.152882,26.7383,-24.7128,7.49881,0.830705,2.51882,0.038645,-0.176194,2.15642,-3.04621,1.8955,0.183648,0.91788,0.0583295
1727330,1,-2.75261,-1.32534,1.01105,-1.94698,1.10108,1.16771,2.20138,-2.75266,-1.32422,1.00895,-1.94565,1.10136,1.16858,2.20139,0.000827296,0.000134279,-0.000501176,0.000147863,0.00029575,-0.000281197,-0.00106193,0,0,0,0,0,0,0,-0.204456,26.7383,-24.689,7.49881,0.825212,2.51882,0.0651953,-0.176736,2.15686,-3.04646,1.89549,0.183712,0.917886,0.0577046
1727331,1,-2.75261,-1.32534,1.01105,-1.94698,1.10108,1.16771,2.20139,-2.75266,-1.32422,1.00895,-1.94565,1.10136,1.16858,2.20139,-9.80834e-05,0.000646331,0.000222694,0.00186181,-0.000209734,0.000287253,-0.000233232,0,0,0,0,0,0,0,-0.176685,26.7144,-24.7128,7.42344,0.836199,2.50601,0.0523779,-0.178323,2.15688,-3.04602,1.89473,0.183685,0.917863,0.057111
1727332,1,-2.75261,-1.32534,1.01105,-1.94698,1.10108,1.16772,2.20139,-2.75266,-1.32422,1.00895,-1.94565,1.10136,1.16858,2.20139,-6.5389e-05,-0.000125925,0.000148463,-0.00107884,-0.000139823,0.000191502,8.18707e-05,0,0,0,0,0,0,0,-0.176685,26.7383,-24.7128,7.52262,0.836199,2.50601,0.0459692,-0.18014,2.15674,-3.04558,1.89366,0.183617,0.917837,0.0565732
1727333,1,-2.75261,-1.32534,1.01105,-1.94698,1.10108,1.16771,2.20139,-2.75266,-1.32422,1.00895,-1.94565,1.10136,1.16858,2.20139,0.000606021,0.000472862,9.89753e-05,-0.000162415,0.000110235,-0.000109691,0.000563207,0,0,0,0,0,0,0,-0.204456,26.7144,-24.7128,7.49881,0.830705,2.51242,0.0322363,-0.180924,2.15628,-3.0456,1.89352,0.183625,0.917859,0.0561019
1727334,1,-2.75261,-1.32534,1.01105,-1.94698,1.10108,1.16771,2.20138,-2.75266,-1.32422,1.00895,-1.94565,1.10136,1.16858,2.20139,-0.000802412,0.000315241,6.59835e-05,-0.000108277,-0.00012996,-7.31273e-05,-0.00108259,0,0,0,0,0,0,0,-0.152882,26.7144,-24.7128,7.49881,0.836199,2.51242,0.071604,-0.180703,2.1553,-3.04578,1.89431,0.18371,0.917909,0.0556825
1727336,0.98,-2.75261,-1.32534,1.01105,-1.94698,1.10108,1.16772,2.20139,-2.75266,-1.32422,1.00895,-1.94565,1.10136,1.16858,2.20139,0.000664194,0.000975325,-0.000156278,-4.81231e-05,7.78735e-05,-0.00026986,-0.000243793,0,0,0,0,0,0,0,-0.204456,26.6867,-24.7128,7.49881,0.830705,2.51882,0.0587866,-0.178494,2.15366,-3.04753,1.89676,0.183965,0.918062,0.0549804
1727337,0.97,-2.75261,-1.32534,1.01105,-1.94698,1.10108,1.16771,2.20139,-2.75266,-1.32422,1.00895,-1.94565,1.10136,1.16858,2.20139,0.000442796,-0.00176263,-0.000104185,0.00117434,5.19157e-05,-0.000179907,0.000820816,0,0,0,0,0,0,0,-0.204456,26.7898,-24.7128,7.44724,0.830705,2.51882,0.0322363,-0.179493,2.15411,-3.04858,1.89666,0.183999,0.918164,0.054709
1727338,0.97,-2.75261,-1.32534,1.01105,-1.94698,1.10108,1.16771,2.20138,-2.75266,-1.32422,1.00895,-1.94565,1.10136,1.16858,2.20139,0.000295198,0.000588148,-6.94569e-05,-0.000980342,-0.00016884,0.000117421,-0.00114821,0,0,0,0,0,0,0,-0.204456,26.7144,-24.7128,7.52262,0.836199,2.51242,0.0780126,-0.182112,2.1559,-3.04978,1.89547,0.183969,0.918277,0.0544759
1727339,0.97,-2.75261,-1.32534,1.01105,-1.94698,1.10108,1.16771,2.20138,-2.75266,-1.32422,1.00895,-1.94565,1.10136,1.16858,2.20139,-0.000452816,0.00159852,-4.63046e-05,-0.000653561,9.08905e-05,7.82808e-05,-0.000528115,0,0,0,0,0,0,0,-0.176685,26.6629,-24.7128,7.52262,0.830705,2.51242,0.071604,-0.183085,2.15612,-3.05034,1.89554,0.184023,0.918376,0.0542815
1727340,0.97,-2.75261,-1.32534,1.01105,-1.94698,1.10108,1.16772,2.20139,-2.75266,-1.32422,1.00895,-1.94565,1.10136,1.16858,2.20139,0.000347737,-0.000697555,-0.000587682,0.000770718,0.000467495,5.21872e-05,0.000597359,0,0,0,0,0,0,0,-0.204456,26.7383,-24.689,7.47104,0.819719,2.51242,0.0459692,-0.182078,2.15409,-3.04982,1.89696,0.18415,0.918419,0.0541434
1727341,0.97,-2.75261,-1.32534,1.01105,-1.94698,1.10108,1.16771,2.20139,-2.75266,-1.32422,1.00895,-1.94565,1.10136,1.16858,2.20139,-0.000417789,-0.000465037,0.000721836,0.000513812,-0.000705589,3.47915e-05,-7.64784e-05,0,0,0,0,0,0,0,-0.176685,26.7383,-24.7366,7.47104,0.847185,2.51242,0.0587866,-0.181806,2.15316,-3.04976,1.89754,0.18422,0.918457,0.0540595
1727342,0.97,-2.75261,-1.32534,1.01105,-1.94698,1.10108,1.16771,2.20139,-2.75266,-1.32422,1.00895,-1.94565,1.10136,1.16858,2.20139,0.0009279,-0.000310024,0.000481224,-0.000863884,-0.000266942,2.31943e-05,-5.09856e-05,0,0,0,0,0,0,0,-0.22826,26.7383,-24.7366,7.52262,0.841692,2.51242,0.0587866,-0.18254,2.15426,-3.05131,1.89734,0.184255,0.918581,0.0540123
1727343,0.97,-2.75261,-1.32534,1.01106,-1.94698,1.10108,1.16771,2.20138,-2.75266,-1.32422,1.00895,-1.94565,1.10136,1.16858,2.20139,6.17878e-05,0.000350129,0.00097043,-1.9111e-05,0.000873199,1.54629e-05,-0.000508708,0,0,0,0,0,0,0,-0.204456,26.7144,-24.7643,7.49881,0.81331,2.51242,0.071604,-0.183521,2.15605,-3.05398,1.8973,0.184309,0.918806,0.0539958
1727344,0.97,-2.75261,-1.32534,1.01105,-1.94698,1.10108,1.16771,2.20139,-2.75266,-1.32422,1.00895,-1.94565,1.10136,1.16858,2.20139,4.11919e-05,0.000233419,-2.66061e-06,0.00119369,-0.000265578,1.03086e-05,0.000610297,0,0,0,0,0,0,0,-0.204456,26.7144,-24.7366,7.44724,0.836199,2.51242,0.0459692,-0.18454,2.15753,-3.05672,1.89721,0.184345,0.919034,0.0540119
1727345,0.97,-2.75261,-1.32534,1.01105,-1.94698,1.10108,1.16771,2.20138,-2.75266,-1.32422,1.00895,-1.94565,1.10136,1.16858,2.20139,0.00114109,0.000155613,-0.000558586,-0.000967448,-0.000380502,6.87239e-06,-0.00101729,0,0,0,0,0,0,0,-0.252064,26.7144,-24.7128,7.52262,0.841692,2.51242,0.0844213,-0.185953,2.15826,-3.05835,1.89678,0.18434,0.919179,0.0540555
1727346,0.97,-2.75261,-1.32534,1.01106,-1.94698,1.10108,1.16771,2.20138,-2.75266,-1.32422,1.00895,-1.94565,1.10136,1.16858,2.20139,-0.00100251,0.000103742,0.000834035,0.000561461,-0.000457119,4.58159e-06,-0.000203475,0,0,0,0,0,0,0,-0.176685,26.7144,-24.7643,7.47104,0.847185,2.51242,0.071604,-0.187127,2.1582,-3.05911,1.89668,0.184363,0.919271,0.0541251
1727347,0.97,-2.75261,-1.32534,1.01105,-1.94698,1.10108,1.16771,2.20138,-2.75266,-1.32422,1.00895,-1.94565,1.10136,1.16858,2.20139,-0.000668343,-0.00113726,-0.000650402,0.000374307,0.000305606,3.05439e-06,-0.000373009,0,0,0,0,0,0,0,-0.176685,26.766,-24.7128,7.47104,0.830705,2.51242,0.0780126,-0.186846,2.15802,-3.0602,1.89717,0.184462,0.919334,0.054234
1727348,0.97,-2.75261,-1.32534,1.01105,-1.94698,1.10108,1.16771,2.20139,-2.75266,-1.32422,1.00895,-1.94565,1.10136,1.16858,2.20139,0.000204052,0.000448249,0.00012321,-0.000400076,0.000203737,-0.000235323,0.000938122,0,0,0,0,0,0,0,-0.204456,26.7144,-24.7366,7.49881,0.830705,2.51882,0.0459692,-0.185808,2.15799,-3.06138,1.89783,0.184607,0.91936,0.0543923
1727349,0.97,-2.75261,-1.32534,1.01106,-1.94698,1.10108,1.16771,2.20139,-2.75266,-1.32422,1.00895,-1.94565,1.10136,1.16858,2.20139,0.000136035,-0.000257979,0.00128857,-0.000823529,-6.76257e-05,8.04772e-05,0.000625415,0,0,0,0,0,0,0,-0.204456,26.7383,-24.7881,7.52262,0.836199,2.51242,0.0459692,-0.184754,2.15788,-3.06279,1.8988,0.184784,0.919433,0.0545919
1727350,0.97,-2.75261,-1.32534,1.01105,-1.94698,1.10108,1.16772,2.20138,-2.75266,-1.32422,1.00895,-1.94565,1.10136,1.16858,2.20139,0.000647502,-0.000171986,-0.000347382,0.000657406,0.000158367,-0.000183708,-0.00148193,0,0,0,0,0,0,0,-0.22826,26.7383,-24.7366,7.47104,0.830705,2.51882,0.0972387,-0.184444,2.15827,-3.0649,1.89963,0.184944,0.91959,0.0547996
1727351,0.97,-2.75261,-1.32534,1.01106,-1.94698,1.10108,1.16772,2.20138,-2.75266,-1.32422,1.00895,-1.94565,1.10136,1.16858,2.20139,-0.000774758,-0.000114657,0.000974838,-0.000768155,0.000105578,-0.000122472,-0.000513234,0,0,0,0,0,0,0,-0.176685,26.7383,-24.7881,7.52262,0.830705,2.51882,0.0844213,-0.184782,2.15901,-3.06714,1.90006,0.185067,0.919763,0.0550037
1727352,0.97,-2.75261,-1.32534,1.01106,-1.94698,1.10108,1.16771,2.20138,-2.75266,-1.32422,1.00895,-1.94565,1.10136,1.16858,2.20139,0.00124673,0.000480374,0.000649892,4.47087e-05,7.03852e-05,-0.000556366,-0.000816874,0,0,0,0,0,0,0,-0.252064,26.7144,-24.7881,7.49881,0.830705,2.53164,0.0972387,-0.184923,2.15954,-3.06952,1.90067,0.185187,0.919961,0.0552386
1727353,0.97,-2.75261,-1.32534,1.01106,-1.94698,1.10108,1.16772,2.20138,-2.75266,-1.32422,1.00895,-1.94565,1.10136,1.16858,2.20139,-0.000932083,0.000320249,0.000433261,2.98058e-05,4.69235e-05,0.000103807,0.000167494,0,0,0,0,0,0,0,-0.176685,26.7144,-24.7881,7.49881,0.830705,2.51882,0.0780126,-0.185061,2.15963,-3.07187,1.90137,0.185286,0.920183,0.0555345
1727354,0.97,-2.75261,-1.32534,1.01106,-1.94698,1.10108,1.16772,2.20138,-2.75266,-1.32422,1.00895,-1.94565,1.10136,1.16858,2.20139,-0.000621389,0.000213499,-0.000267971,-0.000536941,3.12823e-05,6.9205e-05,-0.000125696,0,0,0,0,0,0,0,-0.176685,26.7144,-24.7643,7.52262,0.830705,2.51882,0.0844213,-0.183979,2.15853,-3.07346,1.90267,0.185412,0.920347,0.0558988
1727355,0.97,-2.75261,-1.32534,1.01106,-1.94698,1.10108,1.16771,2.20139,-2.75266,-1.32422,1.00895,-1.94565,1.10136,1.16858,2.20139,0.000235355,-0.000414479,-0.000828261,0.000198851,0.000427756,4.61366e-05,-8.37975e-05,0,0,0,0,0,0,0,-0.204456,26.7383,-24.7366,7.49881,0.819719,2.51882,0.0844213,-0.182038,2.15652,-3.0739,1.90439,0.185564,0.920423,0.0563204
1727356,0.97,-2.75261,-1.32534,1.01105,-1.94698,1.10108,1.16771,2.20138,-2.75266,-1.32422,1.00895,-1.94565,1.10136,1.16858,2.20139,-0.000492711,0.000280493,-0.00110899,-0.000424245,-0.000325181,3.07578e-05,-5.5865e-05,0,0,0,0,0,0,0,-0.176685,26.7144,-24.7128,7.52262,0.836199,2.51882,0.0844213,-0.180903,2.15426,-3.07294,1.90565,0.185672,0.920418,0.0567846
1727357,0.97,-2.75261,-1.32534,1.01106,-1.94698,1.10108,1.16771,2.20138,-2.75266,-1.32422,1.00895,-1.94565,1.10136,1.16858,2.20139,0.00032114,-0.00101943,0.000467102,-0.00028283,-1.33368e-05,2.05052e-05,-0.000274602,0,0,0,0,0,0,0,-0.204456,26.766,-24.7643,7.52262,0.830705,2.51882,0.09083,-0.18043,2.15241,-3.07169,1.90658,0.185748,0.920407,0.0572852
1727358,0.97,-2.75261,-1.32534,1.01106,-1.94698,1.10108,1.16771,2.20139,-2.75266,-1.32422,1.00895,-1.94565,1.10136,1.16858,2.20139,0.000770905,-3.00066e-05,0.000868213,-0.000188553,-0.000212342,0.000251029,0.00124109,0,0,0,0,0,0,0,-0.22826,26.7383,-24.7881,7.52262,0.836199,2.51242,0.0523779,-0.181297,2.1525,-3.07216,1.90683,0.185773,0.92053,0.0578179
1727359,0.97,-2.75261,-1.32534,1.01105,-1.94698,1.10108,1.16771,2.20138,-2.75266,-1.32422,1.00895,-1.94565,1.10136,1.16858,2.20139,0.000513937,-2.00044e-05,-0.00118443,0.00163754,0.00026534,0.000167353,-0.000359404,0,0,0,0,0,0,0,-0.22826,26.7383,-24.7128,7.44724,0.825212,2.51242,0.0844213,-0.184312,2.15416,-3.07354,1.90572,0.18568,0.920722,0.0583641
1727360,0.97,-2.75261,-1.32534,1.01106,-1.94698,1.10108,1.16771,2.20138,-2.75266,-1.32422,1.00895,-1.94565,1.10136,1.16858,2.20139,-0.000863801,-1.33363e-05,-0.000789619,0.00109169,-0.000230008,0.000111568,-0.000239603,0,0,0,0,0,0,0,-0.176685,26.7383,-24.7128,7.44724,0.836199,2.51242,0.0844213,-0.188253,2.15541,-3.07364,1.90353,0.185485,0.920789,0.0588963
1727361,0.97,-2.75261,-1.32534,1.01106,-1.94698,1.10108,1.16771,2.20138,-2.75266,-1.32422,1.00895,-1.94565,1.10136,1.16858,2.20139,-0.00113268,0.000547921,0.000680013,-0.00103544,-0.000153339,-0.00016298,-0.000634453,0,0,0,0,0,0,0,-0.152882,26.7144,-24.7643,7.52262,0.836199,2.51882,0.0972387,-0.189763,2.15513,-3.0731,1.90244,0.185368,0.920766,0.0594179
1727362,0.97,-2.75261,-1.32534,1.01106,-1.94698,1.10108,1.16771,2.20138,-2.75266,-1.32422,1.00895,-1.94565,1.10136,1.16858,2.20139,0.000451306,0.00101489,0.000453342,0.00162975,-0.000305676,0.000128706,0.000289108,0,0,0,0,0,0,0,-0.204456,26.6867,-24.7643,7.42344,0.841692,2.51242,0.0780126,-0.188489,2.15363,-3.07336,1.90309,0.185377,0.920788,0.0599502
1727363,0.97,-2.75261,-1.32534,1.01106,-1.94699,1.10108,1.16771,2.20138,-2.75266,-1.32422,1.00895,-1.94565,1.10136,1.16858,2.20139,-0.000348743,0.000676596,-0.000347386,-0.00179036,0.000406567,-0.000388914,-0.000281979,0,0,0,0,0,0,0,-0.176685,26.6867,-24.7366,7.54642,0.825212,2.52523,0.09083,-0.186779,2.15149,-3.07387,1.90425,0.185421,0.92086,0.0604998
1727364,0.97,-2.75261,-1.32534,1.01106,-1.94699,1.10108,1.16771,2.20138,-2.75266,-1.32422,1.00895,-1.94565,1.10136,1.16858,2.20139,0.000417119,-0.00140498,0.000418023,-0.00119357,-0.000135856,0.000215442,4.93728e-05,0,0,0,0,0,0,0,-0.204456,26.766,-24.7643,7.54642,0.836199,2.51242,0.0844213,-0.18492,2.14954,-3.07468,1.90609,0.185548,0.921,0.0610619
1727365,0.97,-2.75261,-1.32534,1.01105,-1.94698,1.10108,1.16771,2.20138,-2.75266,-1.32422,1.00895,-1.94565,1.10136,1.16858,2.20139,0.000278079,-0.000287036,-0.000370932,0.000317909,0.00031633,-0.00033109,-0.000441803,0,0,0,0,0,0,0,-0.204456,26.7383,-24.7366,7.49881,0.825212,2.52523,0.0972387,-0.184085,2.14946,-3.07651,1.90769,0.185704,0.921231,0.0616285
1727366,0.97,-2.75261,-1.32534,1.01105,-1.94698,1.10107,1.16771,2.20138,-2.75266,-1.32422,1.00895,-1.94565,1.10136,1.16858,2.20139,0.000185386,0.000365454,-0.000247288,0.000861553,-0.000399465,-0.000220727,0.000180183,0,0,0,0,0,0,0,-0.204456,26.7144,-24.7366,7.47104,0.841692,2.52523,0.0844213,-0.185253,2.15067,-3.07831,1.9078,0.185752,0.921449,0.0622003
1727367,0.97,-2.75261,-1.32534,1.01106,-1.94699,1.10108,1.16771,2.20138,-2.75266,-1.32422,1.00895,-1.94565,1.10136,1.16858,2.20139,0.000123591,-0.00096279,0.000484755,-0.00118887,-6.28593e-05,0.000564926,0.000120122,0,0,0,0,0,0,0,-0.204456,26.766,-24.7643,7.54642,0.836199,2.50601,0.0844213,-0.187103,2.15204,-3.0798,1.90724,0.185744,0.921638,0.0627828
1727368,0.97,-2.75261,-1.32534,1.01106,-1.94698,1.10108,1.16771,2.20138,-2.75266,-1.32422,1.00895,-1.94565,1.10136,1.16858,2.20139,-0.00112403,0.000564566,0.00032317,0.000321044,0.000161544,0.000139258,0.000554799,0,0,0,0,0,0,0,-0.152882,26.7144,-24.7643,7.49881,0.830705,2.51242,0.071604,-0.187718,2.15332,-3.08187,1.90739,0.185798,0.921849,0.0633733
1727369,0.97,-2.75261,-1.32534,1.01106,-1.94699,1.10108,1.16771,2.20139,-2.75266,-1.32422,1.00895,-1.94565,1.10136,1.16858,2.20139,0.000457071,-0.000180435,-0.000434167,-0.000899594,0.000311147,9.28388e-05,0.00108194,0,0,0,0,0,0,0,-0.204456,26.7383,-24.7366,7.54642,0.825212,2.51242,0.0523779,-0.18671,2.15363,-3.0838,1.90848,0.185918,0.922027,0.0639574
1727370,0.97,-2.75261,-1.32534,1.01105,-1.94699,1.10108,1.16771,2.20139,-2.75266,-1.32422,1.00895,-1.94565,1.10136,1.16858,2.20139,-0.0003449,-0.00012029,-0.000289445,-0.00115654,3.98064e-06,-0.000412825,0.000483936,0,0,0,0,0,0,0,-0.176685,26.7383,-24.7366,7.57022,0.830705,2.52523,0.0587866,-0.185257,2.15303,-3.08485,1.91011,0.186065,0.922154,0.0645059
1727371,0.97,-2.75261,-1.32534,1.01106,-1.94698,1.10108,1.16771,2.20139,-2.75266,-1.32422,1.00895,-1.94565,1.10136,1.16858,2.20139,-0.000786745,-0.000729807,0.000456651,0.000899408,2.65376e-06,0.000199501,0.000322624,0,0,0,0,0,0,0,-0.152882,26.766,-24.7643,7.49881,0.830705,2.51242,0.0587866,-0.18374,2.15262,-3.08586,1.91185,0.186212,0.922269,0.0649847
1727372,0.97,-2.75261,-1.32534,1.01106,-1.94698,1.10108,1.16771,2.20138,-2.75266,-1.32422,1.00895,-1.94565,1.10136,1.16858,2.20139,0.000681929,-0.000486538,0.000304434,4.27935e-05,0.00020522,-0.000104358,-0.000496994,0,0,0,0,0,0,0,-0.204456,26.766,-24.7643,7.52262,0.825212,2.51882,0.0780126,-0.183237,2.15366,-3.08775,1.91256,0.186269,0.922405,0.0653752
1727373,0.97,-2.75261,-1.32534,1.01105,-1.94698,1.10108,1.16771,2.20139,-2.75266,-1.32422,1.00895,-1.94565,1.10136,1.16858,2.20139,0.00101143,-0.000881171,-0.000446658,0.000585341,0.000136813,-6.95722e-05,-0.000331329,0,0,0,0,0,0,0,-0.22826,26.7898,-24.7366,7.49881,0.825212,2.51882,0.0780126,-0.185542,2.15647,-3.08997,1.91145,0.186171,0.922569,0.0656832
1727374,0.97,-2.75261,-1.32534,1.01105,-1.94698,1.10108,1.16771,2.20139,-2.75266,-1.32422,1.00895,-1.94565,1.10136,1.16858,2.20139,-0.000532138,0.00117579,-0.000854584,0.000390227,-0.000315692,-4.63815e-05,0.000253832,0,0,0,0,0,0,0,-0.176685,26.7144,-24.7128,7.49881,0.836199,2.51882,0.0651953,-0.189318,2.15898,-3.09089,1.90952,0.185981,0.922673,0.0659364
1727375,0.97,-2.75261,-1.32534,1.01106,-1.94698,1.10108,1.16771,2.20138,-2.75266,-1.32422,1.00895,-1.94565,1.10136,1.16858,2.20139,-0.000354759,0.00078386,0.000636703,0.000909765,0.00019644,0.000443797,-6.81378e-05,0,0,0,0,0,0,0,-0.176685,26.7144,-24.7643,7.47104,0.825212,2.50601,0.071604,-0.191402,2.15905,-3.0902,1.90845,0.185808,0.922661,0.0661608
1727376,0.97,-2.75261,-1.32534,1.01106,-1.94698,1.10108,1.16771,2.20138,-2.75266,-1.32422,1.00895,-1.94565,1.10136,1.16858,2.20139,-0.000793318,0.000522574,0.000424469,-4.31036e-05,-7.24908e-05,-0.000416212,-0.000282784,0,0,0,0,0,0,0,-0.152882,26.7144,-24.7643,7.49881,0.830705,2.52523,0.0780126,-0.191027,2.15749,-3.08956,1.90863,0.1857,0.922631,0.0663641
1727377,0.97,-2.75261,-1.32534,1.01106,-1.94698,1.10108,1.16771,2.20138,-2.75266,-1.32422,1.00895,-1.94565,1.10136,1.16858,2.20139,-0.000528879,-0.000858043,-0.000366635,0.000620878,-4.83272e-05,-4.01159e-05,-0.000425882,0,0,0,0,0,0,0,-0.152882,26.766,-24.7366,7.47104,0.830705,2.51882,0.0844213,-0.189334,2.15612,-3.08983,1.90946,0.18565,0.922641,0.0665491
1727378,0.97,-2.75261,-1.32534,1.01106,-1.94698,1.10108,1.16771,2.20139,-2.75266,-1.32422,1.00895,-1.94565,1.10136,1.16858,2.20139,0.00141065,0.000634397,0.000405191,-0.000792507,0.000374683,-2.67439e-05,0.000902874,0,0,0,0,0,0,0,-0.22826,26.7144,-24.7643,7.52262,0.819719,2.51882,0.0523779,-0.188376,2.15573,-3.09052,1.91001,0.185604,0.922701,0.0667266
1727379,0.97,-2.75261,-1.32534,1.01105,-1.94698,1.10108,1.16771,2.20138,-2.75266,-1.32422,1.00895,-1.94565,1.10136,1.16858,2.20139,0.000940435,-0.000133881,-0.000379487,-0.000528338,-0.000157112,-0.000255188,-0.000822238,0,0,0,0,0,0,0,-0.22826,26.7383,-24.7366,7.52262,0.830705,2.52523,0.09083,-0.189464,2.15605,-3.09112,1.90998,0.185516,0.922839,0.0669003
1727380,0.97,-2.75261,-1.32535,1.01106,-1.94698,1.10108,1.16771,2.20138,-2.75266,-1.32422,1.00895,-1.94565,1.10136,1.16858,2.20139,7.01445e-05,-0.00129568,0.000396623,0.000204587,-0.000308192,-0.000170125,0.000401277,0,0,0,0,0,0,0,-0.204456,26.7898,-24.7643,7.49881,0.836199,2.52523,0.0651953,-0.191935,2.15734,-3.09199,1.90948,0.185403,0.923042,0.0670635
1727381,0.97,-2.75261,-1.32534,1.01106,-1.94698,1.10108,1.16771,2.20138,-2.75266,-1.32422,1.00895,-1.94565,1.10136,1.16858,2.20139,-0.000602851,0.000342639,0.000264415,0.000786005,-2.01091e-06,0.000123942,-0.000681918,0,0,0,0,0,0,0,-0.176685,26.7383,-24.7643,7.47104,0.830705,2.51882,0.09083,-0.194196,2.15969,-3.09373,1.90872,0.185291,0.923266,0.0672206
1727382,0.97,-2.75261,-1.32534,1.01105,-1.94698,1.10108,1.16771,2.20139,-2.75266,-1.32422,1.00895,-1.94565,1.10136,1.16858,2.20139,-0.000401901,0.000228426,-0.00103015,-0.000125611,-1.34061e-06,8.2628e-05,0.0012069,0,0,0,0,0,0,0,-0.176685,26.7383,-24.7128,7.49881,0.830705,2.51882,0.0459692,-0.194746,2.161,-3.09501,1.90849,0.18522,0.923418,0.0673832
1727383,0.97,-2.75261,-1.32534,1.01106,-1.94698,1.10108,1.16771,2.20139,-2.75266,-1.32422,1.00895,-1.94565,1.10136,1.16858,2.20139,0.00038168,0.000152284,0.00107647,-0.000640552,-8.9374e-07,5.50853e-05,0.000329883,0,0,0,0,0,0,0,-0.204456,26.7383,-24.7881,7.52262,0.830705,2.51882,0.0587866,-0.193798,2.16068,-3.09534,1.90919,0.185214,0.923512,0.0675485
1727384,0.97,-2.75261,-1.32534,1.01106,-1.94698,1.10108,1.16771,2.20138,-2.75266,-1.32422,1.00895,-1.94565,1.10136,1.16858,2.20139,0.000254453,0.000658335,-0.000488778,-0.000427035,0.000202855,0.000274082,-0.000254796,0,0,0,0,0,0,0,-0.204456,26.7144,-24.7366,7.52262,0.825212,2.51242,0.071604,-0.192522,2.15983,-3.09568,1.91044,0.185247,0.923645,0.0676926
1727385,0.97,-2.75261,-1.32534,1.01106,-1.94698,1.10108,1.16771,2.20138,-2.75266,-1.32422,1.00895,-1.94565,1.10136,1.16858,2.20139,-0.000479978,-0.000117922,0.000323762,-0.00028469,-0.000271665,-5.46373e-05,-0.000169864,0,0,0,0,0,0,0,-0.176685,26.7383,-24.7643,7.52262,0.836199,2.51882,0.071604,-0.191016,2.15857,-3.09593,1.91202,0.1853,0.923785,0.0678007
1727386,0.97,-2.75261,-1.32534,1.01106,-1.94698,1.10108,1.16771,2.20139,-2.75266,-1.32422,1.00895,-1.94565,1.10136,1.16858,2.20139,0.000329628,0.000478197,0.000772653,-0.000189793,-0.00018111,0.000200934,0.000598834,0,0,0,0,0,0,0,-0.204456,26.7144,-24.7881,7.52262,0.836199,2.51242,0.0523779,-0.189255,2.15744,-3.09653,1.91371,0.185364,0.923928,0.0678817
1727387,0.97,-2.75261,-1.32534,1.01106,-1.94698,1.10108,1.16771,2.20139,-2.75266,-1.32422,1.00895,-1.94565,1.10136,1.16858,2.20139,-0.000986674,-0.000238014,-0.00124814,0.0010799,8.27107e-05,0.000371315,0.000636582,0,0,0,0,0,0,0,-0.152882,26.7383,-24.7128,7.47104,0.830705,2.50601,0.0459692,-0.187772,2.1567,-3.09727,1.91493,0.185402,0.924036,0.067937
1727388,0.97,-2.75261,-1.32534,1.01106,-1.94698,1.10108,1.16771,2.20139,-2.75266,-1.32422,1.00895,-1.94565,1.10136,1.16858,2.20139,0.00166227,-0.000158676,0.000374335,-0.000486495,-0.00014831,-0.000227175,0.000187029,0,0,0,0,0,0,0,-0.252064,26.7383,-24.7643,7.52262,0.836199,2.51882,0.0523779,-0.187641,2.15644,-3.09735,1.91509,0.185378,0.924063,0.0679491
1727389,0.97,-2.75261,-1.32534,1.01106,-1.94698,1.10108,1.16771,2.20139,-2.75266,-1.32422,1.00895,-1.94565,1.10136,1.16858,2.20139,-0.00065506,-0.000755398,-0.000400057,0.000882096,0.000104577,8.59092e-05,0.000870671,0,0,0,0,0,0,0,-0.176685,26.766,-24.7366,7.47104,0.830705,2.51242,0.0322363,-0.189462,2.15749,-3.09758,1.91411,0.185292,0.924093,0.0679032
1727390,0.97,-2.75261,-1.32534,1.01106,-1.94698,1.10108,1.16771,2.20139,-2.75266,-1.32422,1.00895,-1.94565,1.10136,1.16858,2.20139,-0.000993518,0.000702827,0.000382909,0.00114488,-0.000133732,-0.000180086,0.000580447,0,0,0,0,0,0,0,-0.152882,26.7144,-24.7643,7.44724,0.836199,2.51882,0.0322363,-0.191093,2.15895,-3.09828,1.91289,0.185204,0.924108,0.0677924
1727391,0.97,-2.75261,-1.32534,1.01106,-1.94698,1.10108,1.16771,2.20139,-2.75266,-1.32422,1.00895,-1.94565,1.10136,1.16858,2.20139,0.00054408,-8.82604e-05,0.000812085,-0.000443175,0.000114296,0.00035466,0.000386965,0,0,0,0,0,0,0,-0.204456,26.7383,-24.7881,7.49881,0.830705,2.50601,0.0322363,-0.191259,2.15984,-3.09941,1.9122,0.185157,0.92411,0.0676052
1727392,0.97,-2.75261,-1.32534,1.01106,-1.94698,1.10108,1.16771,2.20139,-2.75266,-1.32422,1.00895,-1.94565,1.10136,1.16858,2.20139,-0.000843706,-5.88403e-05,-1.54221e-05,-0.00029545,0.000279648,-9.18626e-07,0.000732695,0,0,0,0,0,0,0,-0.152882,26.7383,-24.7643,7.49881,0.825212,2.51242,0.0194189,-0.190606,2.16045,-3.10113,1.91225,0.185175,0.924164,0.0673312
1727393,0.97,-2.75261,-1.32534,1.01105,-1.94699,1.10108,1.16771,2.20139,-2.75266,-1.32422,1.00895,-1.94565,1.10136,1.16858,2.20139,-5.6585e-06,0.000517585,-0.000659895,-0.00131059,-1.70188e-05,0.000236747,-0.000223614,0,0,0,0,0,0,0,-0.176685,26.7144,-24.7366,7.54642,0.830705,2.50601,0.038645,-0.188652,2.15996,-3.1023,1.91352,0.185293,0.924197,0.0669652
1727394,0.97,-2.75261,-1.32534,1.01105,-1.94698,1.10108,1.16771,2.20139,-2.75266,-1.32422,1.00895,-1.94565,1.10136,1.16858,2.20139,-3.77233e-06,0.000345057,-0.000996742,-0.000316915,-1.13459e-05,-7.95279e-05,0.000325642,0,0,0,0,0,0,0,-0.176685,26.7144,-24.7128,7.52262,0.830705,2.51242,0.0258276,-0.185824,2.15768,-3.10174,1.91574,0.185473,0.924134,0.0665085
1727395,0.97,-2.75261,-1.32534,1.01106,-1.94698,1.10108,1.16771,2.20139,-2.75266,-1.32422,1.00895,-1.94565,1.10136,1.16858,2.20139,-2.51489e-06,0.000230038,0.000541931,0.000345535,-0.000211014,0.00018434,-0.00076625,0,0,0,0,0,0,0,-0.176685,26.7144,-24.7643,7.49881,0.836199,2.50601,0.0523779,-0.183697,2.15504,-3.10031,1.91764,0.185613,0.924015,0.0659723
1727396,0.97,-2.75261,-1.32534,1.01106,-1.94698,1.10108,1.16771,2.20139,-2.75266,-1.32422,1.00895,-1.94565,1.10136,1.16858,2.20139,-1.67659e-06,-0.00105307,0.000361287,-0.000326455,-0.000140676,-0.000826542,-2.20671e-06,0,0,0,0,0,0,0,-0.176685,26.766,-24.7643,7.52262,0.836199,2.53164,0.038645,-0.18294,2.15416,-3.10018,1.91847,0.185676,0.923956,0.0653784
1727397,0.97,-2.75261,-1.32534,1.01106,-1.94698,1.10108,1.16771,2.20139,-2.75266,-1.32422,1.00895,-1.94565,1.10136,1.16858,2.20139,-1.11773e-06,0.000504381,0.000240858,-0.000217637,-0.000297235,-0.000313669,-0.000272738,0,0,0,0,0,0,0,-0.176685,26.7144,-24.7643,7.52262,0.841692,2.52523,0.0459692,-0.183053,2.15507,-3.10163,1.91867,0.185708,0.923995,0.0647568
1727398,0.97,-2.75261,-1.32534,1.01106,-1.94698,1.10108,1.16771,2.20139,-2.75266,-1.32422,1.00895,-1.94565,1.10136,1.16858,2.20139,-7.45152e-07,-0.000220558,0.000160572,0.000411721,0.000412195,-0.000209113,-0.000419185,0,0,0,0,0,0,0,-0.176685,26.7383,-24.7643,7.49881,0.825212,2.52523,0.0523779,-0.183441,2.15626,-3.10337,1.91866,0.185728,0.924069,0.0641302
1727399,0.97,-2.75261,-1.32534,1.01106,-1.94698,1.10107,1.16771,2.20139,-2.75266,-1.32422,1.00895,-1.94565,1.10136,1.16858,2.20139,0.000649117,0.000409773,0.000107048,-0.000282331,-0.000335555,0.000572668,0.00022917,0,0,0,0,0,0,0,-0.204456,26.7144,-24.7643,7.52262,0.841692,2.50601,0.038645,-0.184398,2.15734,-3.10478,1.91824,0.185715,0.924145,0.0635131
1727400,0.97,-2.75261,-1.32534,1.01106,-1.94698,1.10108,1.16771,2.20139,-2.75266,-1.32422,1.00895,-1.94565,1.10136,1.16858,2.20139,-0.000773681,0.00147961,-0.000578249,-0.000188221,0.000183198,-0.000330298,-0.000118487,0,0,0,0,0,0,0,-0.152882,26.6629,-24.7366,7.52262,0.830705,2.52523,0.0459692,-0.184943,2.1571,-3.10511,1.91816,0.185715,0.924177,0.0629192
1727401,0.97,-2.75261,-1.32534,1.01106,-1.94698,1.10108,1.16771,2.20139,-2.75266,-1.32422,1.00895,-1.94565,1.10136,1.16858,2.20139,0.00124745,-0.00022002,0.000264115,0.000431331,0.000325582,0.000254519,0.000666994,0,0,0,0,0,0,0,-0.22826,26.7144,-24.7643,7.49881,0.825212,2.51242,0.0258276,-0.184922,2.15541,-3.10432,1.91848,0.185731,0.924154,0.0623494
1727402,0.97,-2.75261,-1.32534,1.01106,-1.94698,1.10108,1.16771,2.20138,-2.75266,-1.32422,1.00895,-1.94565,1.10136,1.16858,2.20139,-0.000931604,-0.00135311,0.000732889,0.000937168,-0.000189846,-0.000305038,-0.00220019,0,0,0,0,0,0,0,-0.152882,26.766,-24.7881,7.47104,0.836199,2.52523,0.0972387,-0.18623,2.15551,-3.10459,1.91772,0.185682,0.924186,0.0617899
1727403,0.97,-2.75261,-1.32534,1.01106,-1.94698,1.10108,1.16771,2.20139,-2.75266,-1.32422,1.00895,-1.94565,1.10136,1.16858,2.20139,0.000585356,0.000953969,0.000488592,-0.000581647,7.68864e-05,0.000508718,0.000940702,0,0,0,0,0,0,0,-0.204456,26.6867,-24.7881,7.52262,0.830705,2.50601,0.0322363,-0.188018,2.15759,-3.10664,1.91636,0.185612,0.924308,0.0612538
1727404,0.97,-2.75261,-1.32534,1.01106,-1.94698,1.10108,1.16771,2.20139,-2.75266,-1.32422,1.00895,-1.94565,1.10136,1.16858,2.20139,0.000390238,0.000635979,-0.000231084,0.000169047,5.12576e-05,0.000576504,-0.000118851,0,0,0,0,0,0,0,-0.204456,26.6867,-24.7643,7.49881,0.830705,2.4996,0.0523779,-0.189077,2.1587,-3.10837,1.91565,0.185578,0.924422,0.060775
1727405,0.97,-2.75261,-1.32534,1.01106,-1.94698,1.10108,1.16771,2.20139,-2.75266,-1.32422,1.00895,-1.94565,1.10136,1.16858,2.20139,0.000260158,-0.00143205,-0.00080367,0.000112698,-0.000169279,-0.000327741,0.00114147,0,0,0,0,0,0,0,-0.204456,26.766,-24.7366,7.49881,0.836199,2.51882,0.0194189,-0.190435,2.15899,-3.10889,1.915,0.185546,0.924461,0.0603455
1727406,0.97,-2.75261,-1.32534,1.01106,-1.94698,1.10108,1.16771,2.20138,-2.75266,-1.32422,1.00895,-1.94565,1.10136,1.16858,2.20139,-0.000476175,0.000251723,0.000113834,7.51321e-05,0.000294049,-0.000455853,-0.000934442,0,0,0,0,0,0,0,-0.176685,26.7144,-24.7643,7.49881,0.825212,2.52523,0.0651953,-0.191994,2.15972,-3.10913,1.91414,0.18552,0.924446,0.0599355
1727407,0.97,-2.75261,-1.32534,1.01106,-1.94698,1.10108,1.16771,2.20138,-2.75266,-1.32422,1.00895,-1.94565,1.10136,1.16858,2.20139,-0.00031745,-0.000388996,7.58894e-05,-0.000506724,-7.41817e-06,0.000408175,-0.00133504,0,0,0,0,0,0,0,-0.176685,26.7383,-24.7643,7.52262,0.830705,2.50601,0.0844213,-0.192233,2.16018,-3.10965,1.91403,0.185553,0.924428,0.0595358
1727408,0.97,-2.75261,-1.32534,1.01106,-1.94698,1.10108,1.16771,2.20138,-2.75266,-1.32422,1.00895,-1.94565,1.10136,1.16858,2.20139,-0.000211633,-0.000259331,5.05929e-05,0.000218996,-0.000208396,3.47577e-05,-0.000415307,0,0,0,0,0,0,0,-0.176685,26.7383,-24.7643,7.49881,0.836199,2.51242,0.071604,-0.191197,2.16024,-3.11055,1.91468,0.185635,0.924423,0.0591706
1727409,0.97,-2.75261,-1.32534,1.01106,-1.94698,1.10108,1.16771,2.20138,-2.75266,-1.32422,1.00895,-1.94565,1.10136,1.16858,2.20139,-0.000141089,0.00103354,0.00124015,0.000145997,0.00026797,-0.000214187,-0.000276872,0,0,0,0,0,0,0,-0.176685,26.6867,-24.8159,7.49881,0.825212,2.51882,0.071604,-0.189798,2.16015,-3.11188,1.91551,0.185712,0.924442,0.0588799
1727410,0.97,-2.75261,-1.32534,1.01105,-1.94699,1.10108,1.16771,2.20138,-2.75266,-1.32422,1.00895,-1.94565,1.10136,1.16858,2.20139,0.000555555,0.000689026,-0.00279251,-0.00101629,-2.48036e-05,-0.000617509,-0.000659299,0,0,0,0,0,0,0,-0.204456,26.6867,-24.6612,7.54642,0.830705,2.53164,0.0844213,-0.188217,2.15852,-3.11203,1.91667,0.185779,0.924414,0.0586805
1727411,0.97,-2.75261,-1.32534,1.01106,-1.94698,1.10108,1.16771,2.20138,-2.75266,-1.32422,1.00895,-1.94565,1.10136,1.16858,2.20139,0.00037037,-0.000747075,0.00055118,0.00108571,-1.65357e-05,6.3045e-05,-0.000676892,0,0,0,0,0,0,0,-0.204456,26.7383,-24.7643,7.47104,0.830705,2.51882,0.09083,-0.187661,2.15583,-3.11009,1.9175,0.185806,0.924298,0.0585692
1727412,0.97,-2.75261,-1.32534,1.01106,-1.94698,1.10108,1.16771,2.20138,-2.75266,-1.32422,1.00895,-1.94565,1.10136,1.16858,2.20139,0.000246913,5.87617e-05,-0.000282161,7.41925e-05,-1.10238e-05,0.000516748,-0.000451261,0,0,0,0,0,0,0,-0.204456,26.7144,-24.7366,7.49881,0.830705,2.50601,0.09083,-0.188983,2.15476,-3.10857,1.91699,0.185742,0.924214,0.0585505
1727413,0.97,-2.75261,-1.32534,1.01106,-1.94698,1.10108,1.16771,2.20138,-2.75266,-1.32422,1.00895,-1.94565,1.10136,1.16858,2.20139,0.000164609,0.000688788,0.00101832,-0.00050735,-0.0002108,0.00010714,-6.34818e-05,0,0,0,0,0,0,0,-0.204456,26.6867,-24.7881,7.52262,0.836199,2.51242,0.0844213,-0.190498,2.15479,-3.10852,1.91624,0.18566,0.924227,0.0586384
1727414,0.97,-2.75261,-1.32534,1.01106,-1.94698,1.10108,1.16771,2.20138,-2.75266,-1.32422,1.00895,-1.94565,1.10136,1.16858,2.20139,-0.00109669,-0.000190422,-0.000527547,0.000868192,6.29174e-05,7.14264e-05,0.000195038,0,0,0,0,0,0,0,-0.152882,26.7144,-24.7366,7.47104,0.830705,2.51242,0.0780126,-0.190504,2.1544,-3.10916,1.91635,0.185639,0.924269,0.0588336
1727415,0.97,-2.75261,-1.32534,1.01106,-1.94698,1.10108,1.16771,2.20138,-2.75266,-1.32422,1.00895,-1.94565,1.10136,1.16858,2.20139,-0.000174313,-0.00068376,-0.000351698,-7.0819e-05,4.19449e-05,-0.0004271,0.000130025,0,0,0,0,0,0,0,-0.176685,26.7383,-24.7366,7.49881,0.830705,2.52523,0.0780126,-0.189414,2.15395,-3.10991,1.91676,0.185659,0.924269,0.0591144
1727416,0.97,-2.75261,-1.32534,1.01106,-1.94698,1.10108,1.16771,2.20138,-2.75266,-1.32422,1.00895,-1.94565,1.10136,1.16858,2.20139,-0.000116208,0.000100972,-0.000234465,-0.000604025,2.79633e-05,-4.73746e-05,-0.000862752,0,0,0,0,0,0,0,-0.176685,26.7144,-24.7366,7.52262,0.830705,2.51882,0.103647,-0.188162,2.15371,-3.11046,1.91725,0.185704,0.92425,0.0594559
1727417,0.97,-2.75261,-1.32534,1.01106,-1.94698,1.10108,1.16771,2.20138,-2.75266,-1.32422,1.00895,-1.94565,1.10136,1.16858,2.20139,0.000572142,6.73148e-05,-0.00015631,-0.000402683,1.86422e-05,-3.1583e-05,0.000611626,0,0,0,0,0,0,0,-0.204456,26.7144,-24.7366,7.52262,0.830705,2.51882,0.071604,-0.18718,2.15331,-3.11078,1.91796,0.185767,0.924266,0.0598507
1727418,0.97,-2.75261,-1.32534,1.01105,-1.94698,1.10108,1.16771,2.20138,-2.75266,-1.32422,1.00895,-1.94565,1.10136,1.16858,2.20139,0.000381428,-0.000511935,-0.000104207,0.00149478,-0.000191022,0.000691021,-0.000541685,0,0,0,0,0,0,0,-0.204456,26.7383,-24.7366,7.44724,0.836199,2.4996,0.0972387,-0.187702,2.15345,-3.11097,1.91784,0.185762,0.924304,0.0602925
1727419,0.97,-2.7526,-1.32534,1.01106,-1.94698,1.10108,1.16771,2.20138,-2.75266,-1.32422,1.00895,-1.94565,1.10136,1.16858,2.20139,0.00136791,-0.00034129,0.00113695,-0.000766716,0.000279553,-1.40369e-05,0.000350954,0,0,0,0,0,0,0,-0.252064,26.7383,-24.7881,7.52262,0.825212,2.51242,0.0780126,-0.190594,2.15533,-3.11195,1.91615,0.18564,0.924397,0.0607685
1727420,0.97,-2.75261,-1.32534,1.01105,-1.94698,1.10108,1.16771,2.20138,-2.75266,-1.32422,1.00895,-1.94565,1.10136,1.16858,2.20139,-0.000851298,0.000329285,-0.000448456,0.000695282,-0.000423983,-0.000246717,-0.000478108,0,0,0,0,0,0,0,-0.176685,26.7144,-24.7366,7.47104,0.841692,2.51882,0.0972387,-0.193869,2.15779,-3.11368,1.91429,0.185506,0.924537,0.0612753
1727421,0.97,-2.75261,-1.32534,1.01106,-1.94699,1.10108,1.16771,2.20138,-2.75266,-1.32422,1.00895,-1.94565,1.10136,1.16858,2.20139,-0.000567532,0.000219523,0.000350643,-0.00129972,0.000124246,0.00031024,0.000630697,0,0,0,0,0,0,0,-0.176685,26.7144,-24.7643,7.54642,0.830705,2.50601,0.071604,-0.194401,2.15844,-3.11492,1.9141,0.185495,0.924617,0.0618118
1727422,0.97,-2.75261,-1.32534,1.01106,-1.94698,1.10108,1.16771,2.20138,-2.75266,-1.32422,1.00895,-1.94565,1.10136,1.16858,2.20139,-0.000935167,0.000146349,0.000233762,0.000247146,0.000286281,-3.05323e-05,0.000420465,0,0,0,0,0,0,0,-0.152882,26.7144,-24.7643,7.49881,0.825212,2.51242,0.071604,-0.191706,2.15716,-3.11572,1.91583,0.185629,0.924629,0.062369
1727423,0.97,-2.75261,-1.32534,1.01105,-1.94698,1.10108,1.16771,2.20138,-2.75266,-1.32422,1.00895,-1.94565,1.10136,1.16858,2.20139,-6.66326e-05,-0.000459246,-0.00105058,-0.000392048,-0.000216047,-0.000257714,4.2951e-05,0,0,0,0,0,0,0,-0.176685,26.7383,-24.7128,7.52262,0.836199,2.51882,0.0780126,-0.188044,2.15532,-3.11612,1.91809,0.185808,0.924588,0.0629219
1727424,0.97,-2.75261,-1.32534,1.01106,-1.94698,1.10108,1.16771,2.20138,-2.75266,-1.32422,1.00895,-1.94565,1.10136,1.16858,2.20139,-0.000601234,0.000900262,0.00106285,0.000295447,0.00026287,0.000302909,-0.000208725,0,0,0,0,0,0,0,-0.152882,26.6867,-24.7881,7.49881,0.825212,2.50601,0.0844213,-0.184898,2.15346,-3.11598,1.91996,0.185952,0.924501,0.0634488
1727425,0.97,-2.75261,-1.32534,1.01106,-1.94698,1.10108,1.16771,2.20138,-2.75266,-1.32422,1.00895,-1.94565,1.10136,1.16858,2.20139,0.000805603,-0.000606251,-0.00049786,0.000196964,-2.82041e-05,-3.54198e-05,0.000572927,0,0,0,0,0,0,0,-0.204456,26.7383,-24.7366,7.49881,0.830705,2.51242,0.0651953,-0.183024,2.15216,-3.11599,1.92102,0.18602,0.924431,0.0639482
1727426,0.97,-2.75261,-1.32534,1.01106,-1.94698,1.10108,1.16771,2.20139,-2.75266,-1.32422,1.00895,-1.94565,1.10136,1.16858,2.20139,0.00109388,0.000152644,-0.000331907,0.000780924,-0.000222253,-0.000260972,0.000856669,0,0,0,0,0,0,0,-0.22826,26.7144,-24.7366,7.47104,0.836199,2.51882,0.0523779,-0.184183,2.15226,-3.11588,1.92027,0.185947,0.924373,0.0644149
1727427,0.97,-2.75261,-1.32534,1.01105,-1.94698,1.10108,1.16771,2.20139,-2.75266,-1.32422,1.00895,-1.94565,1.10136,1.16858,2.20139,0.000172442,-0.000455049,-0.000221271,-0.000128998,5.52817e-05,6.33775e-05,0.000808472,0,0,0,0,0,0,0,-0.204456,26.7383,-24.7366,7.49881,0.830705,2.51242,0.0459692,-0.187846,2.15339,-3.11533,1.9181,0.185772,0.924309,0.0648309
1727428,0.97,-2.75261,-1.32534,1.01105,-1.94698,1.10108,1.16771,2.20139,-2.75266,-1.32422,1.00895,-1.94565,1.10136,1.16858,2.20139,-0.000534653,-0.000303366,-0.000704326,0.000563615,3.68545e-05,-0.000195107,6.42632e-05,0,0,0,0,0,0,0,-0.176685,26.7383,-24.7128,7.47104,0.830705,2.51882,0.0587866,-0.191118,2.15451,-3.11466,1.91608,0.185621,0.924227,0.0651727
1727429,0.97,-2.75261,-1.32534,1.01106,-1.94698,1.10108,1.16771,2.20139,-2.75266,-1.32422,1.00895,-1.94565,1.10136,1.16858,2.20139,-0.000913247,-0.000202244,-0.000469551,0.000375743,2.45696e-05,0.000107287,0.000788827,0,0,0,0,0,0,0,-0.152882,26.7383,-24.7128,7.47104,0.830705,2.51242,0.038645,-0.192362,2.15488,-3.11377,1.91496,0.185551,0.924095,0.065426
1727430,0.97,-2.75261,-1.32534,1.01106,-1.94698,1.10108,1.16771,2.20139,-2.75266,-1.32422,1.00895,-1.94565,1.10136,1.16858,2.20139,-0.000608831,-0.000134829,0.000243778,-0.000399118,1.63798e-05,-0.000165834,0.000254618,0,0,0,0,0,0,0,-0.152882,26.7383,-24.7366,7.49881,0.830705,2.51882,0.0459692,-0.191368,2.15447,-3.11302,1.91496,0.185572,0.923951,0.0655891
1727431,0.97,-2.75261,-1.32534,1.01106,-1.94698,1.10108,1.16771,2.20139,-2.75266,-1.32422,1.00895,-1.94565,1.10136,1.16858,2.20139,0.000800538,-8.98862e-05,0.00136894,-0.000266079,0.00021437,-0.000110556,0.000678371,0,0,0,0,0,0,0,-0.204456,26.7383,-24.7881,7.49881,0.825212,2.51882,0.0322363,-0.189602,2.15439,-3.11356,1.91561,0.18564,0.923926,0.0656594
1727432,0.97,-2.75261,-1.32534,1.01106,-1.94698,1.10108,1.16772,2.20139,-2.75266,-1.32422,1.00895,-1.94565,1.10136,1.16858,2.20139,-0.000115922,-5.99241e-05,-0.000293796,-0.000177386,-0.000263987,0.000163655,-0.00100581,0,0,0,0,0,0,0,-0.176685,26.7383,-24.7366,7.49881,0.836199,2.51242,0.071604,-0.188716,2.15522,-3.11529,1.91605,0.185683,0.924037,0.0656315
1727433,0.97,-2.75261,-1.32534,1.01106,-1.94698,1.10108,1.16771,2.20139,-2.75266,-1.32422,1.00895,-1.94565,1.10136,1.16858,2.20139,0.00112914,-3.99494e-05,-0.000752676,-0.000675069,2.74589e-05,-0.000128256,4.15338e-05,0,0,0,0,0,0,0,-0.22826,26.7383,-24.7128,7.52262,0.830705,2.51882,0.0523779,-0.188864,2.15589,-3.11625,1.91618,0.185694,0.924146,0.065516
1727434,0.97,-2.75261,-1.32534,1.01106,-1.94698,1.10108,1.16771,2.20139,-2.75266,-1.32422,1.00895,-1.94565,1.10136,1.16858,2.20139,-0.00101047,-0.000676247,5.50279e-05,0.00075638,0.000425207,-8.55038e-05,2.76892e-05,0,0,0,0,0,0,0,-0.152882,26.766,-24.7366,7.47104,0.819719,2.51882,0.0523779,-0.189569,2.15621,-3.11606,1.91602,0.185682,0.924194,0.0653441
1727435,0.98,-2.75261,-1.32534,1.01106,-1.94698,1.10108,1.16771,2.20139,-2.75266,-1.32422,1.00895,-1.94565,1.10136,1.16858,2.20139,0.000532776,0.000198783,-0.000520127,-0.000702173,-0.00032688,0.000180356,0.000527086,0,0,0,0,0,0,0,-0.204456,26.7383,-24.7128,7.52262,0.836199,2.51242,0.038645,-0.189938,2.1565,-3.11562,1.91581,0.185665,0.924205,0.0651391
1727436,0.99,-2.75261,-1.32534,1.01106,-1.94698,1.10108,1.16771,2.20139,-2.75266,-1.32422,1.00895,-1.94565,1.10136,1.16858,2.20139,0.000355184,0.00133895,0.000210061,0.000738311,-0.00021792,0.000120238,-0.000157236,0,0,0,0,0,0,0,-0.204456,26.6867,-24.7366,7.47104,0.836199,2.51242,0.0523779,-0.190001,2.15594,-3.11459,1.91578,0.185636,0.924185,0.0649048
1727437,1,-2.75261,-1.32534,1.01106,-1.94698,1.10108,1.16771,2.20139,-2.75266,-1.32422,1.00895,-1.94565,1.10136,1.16858,2.20139,-0.00161925,0.000243018,-0.000416771,-0.000157407,5.81704e-05,-0.000157201,-0.000342183,0,0,0,0,0,0,0,-0.125111,26.7144,-24.7128,7.49881,0.830705,2.51882,0.0587866,-0.189049,2.15392,-3.11287,1.91627,0.185619,0.924121,0.0646418
1727438,1,-2.75261,-1.32534,1.01106,-1.94698,1.10108,1.16771,2.20139,-2.75266,-1.32422,1.00895,-1.94565,1.10136,1.16858,2.20139,0.00077654,-0.0003948,-0.000277848,0.000544676,0.000242231,0.000369918,0.000755222,0,0,0,0,0,0,0,-0.204456,26.7383,-24.7128,7.47104,0.825212,2.50601,0.0322363,-0.187019,2.1516,-3.11117,1.9171,0.185636,0.924024,0.0643566
1727439,1,-2.75261,-1.32534,1.01106,-1.94698,1.10108,1.16771,2.20139,-2.75266,-1.32422,1.00895,-1.94565,1.10136,1.16858,2.20139,-0.000131921,-0.0002632,0.00102119,-0.000286497,-4.19633e-05,0.000246612,0.000503482,0,0,0,0,0,0,0,-0.176685,26.7383,-24.7643,7.49881,0.830705,2.50601,0.0322363,-0.186149,2.15101,-3.11054,1.91717,0.18562,0.923986,0.0640515
1727440,1,-2.75261,-1.32534,1.01106,-1.94698,1.10108,1.16771,2.20139,-2.75266,-1.32422,1.00895,-1.94565,1.10136,1.16858,2.20139,-8.79473e-05,-0.000825081,3.11822e-05,0.000458616,0.000378925,0.000164408,0.000810372,0,0,0,0,0,0,0,-0.176685,26.766,-24.7366,7.47104,0.819719,2.50601,0.0194189,-0.186478,2.15246,-3.11156,1.9165,0.185568,0.924043,0.0637135
1727441,1,-2.75261,-1.32534,1.01105,-1.94698,1.10108,1.16771,2.20139,-2.75266,-1.32422,1.00895,-1.94565,1.10136,1.16858,2.20139,-0.000615443,0.000656372,2.07881e-05,-0.00034387,-0.000154284,-0.000127754,-0.000680455,0,0,0,0,0,0,0,-0.152882,26.7144,-24.7366,7.49881,0.830705,2.51242,0.0523779,-0.186428,2.15419,-3.11302,1.91599,0.18553,0.9241,0.063325
1727442,1,-2.75261,-1.32534,1.01105,-1.94698,1.10108,1.16771,2.20139,-2.75266,-1.32422,1.00895,-1.94565,1.10136,1.16858,2.20139,0.00079613,-0.000119231,-0.00174938,0.000420367,-0.000102856,-0.000559887,0.000767066,0,0,0,0,0,0,0,-0.204456,26.7383,-24.6612,7.47104,0.830705,2.52523,0.0194189,-0.186059,2.15455,-3.1129,1.91578,0.185494,0.924055,0.0628826
1727443,1,-2.75261,-1.32534,1.01105,-1.94698,1.10108,1.16772,2.20139,-2.75266,-1.32422,1.00895,-1.94565,1.10136,1.16858,2.20139,-0.00132529,0.000477325,4.01732e-05,0.000280245,-0.000272021,-0.000135899,-0.000709325,0,0,0,0,0,0,0,-0.125111,26.7144,-24.7128,7.47104,0.836199,2.51882,0.0523779,-0.185721,2.15356,-3.11093,1.9156,0.185444,0.923899,0.0623958
1727444,1,-2.75261,-1.32534,1.01106,-1.94698,1.10108,1.16771,2.20139,-2.75266,-1.32422,1.00895,-1.94565,1.10136,1.16858,2.20139,0.000972516,0.000318217,0.00123321,0.00018683,-0.000181347,0.000384118,0.000273102,0,0,0,0,0,0,0,-0.204456,26.7144,-24.7643,7.47104,0.836199,2.50601,0.0322363,-0.185027,2.15249,-3.10932,1.91549,0.185396,0.923773,0.0618764
1727445,1,-2.75261,-1.32534,1.01106,-1.94698,1.10108,1.16771,2.20139,-2.75266,-1.32422,1.00895,-1.94565,1.10136,1.16858,2.20139,0.000648344,-0.000344668,0.000822139,0.000124553,8.25522e-05,0.000256079,0.000894145,0,0,0,0,0,0,0,-0.204456,26.7383,-24.7643,7.47104,0.830705,2.50601,0.0130102,-0.185413,2.15306,-3.10977,1.91478,0.185313,0.923807,0.0613368
1727446,1,-2.75261,-1.32534,1.01105,-1.94698,1.10108,1.16772,2.20139,-2.75266,-1.32422,1.00895,-1.94565,1.10136,1.16858,2.20139,-0.000217385,-0.000229778,-0.00121515,-0.00112339,0.000699295,-6.66396e-05,-0.000624607,0,0,0,0,0,0,0,-0.176685,26.7383,-24.689,7.52262,0.81331,2.51242,0.0459692,-0.186816,2.15466,-3.11089,1.9137,0.185227,0.923906,0.0607738
1727447,1,-2.75261,-1.32534,1.01106,-1.94698,1.10108,1.16771,2.20139,-2.75266,-1.32422,1.00895,-1.94565,1.10136,1.16858,2.20139,0.000504691,0.000403626,-0.000253285,0.00101431,-0.000178063,-4.44264e-05,0.000329581,0,0,0,0,0,0,0,-0.204456,26.7144,-24.7128,7.44724,0.830705,2.51242,0.0258276,-0.187764,2.1553,-3.11066,1.91303,0.18518,0.923911,0.06018
1727448,1,-2.75261,-1.32534,1.01105,-1.94698,1.10108,1.16771,2.20139,-2.75266,-1.32422,1.00895,-1.94565,1.10136,1.16858,2.20139,-0.000869965,0.000918698,-0.000725669,-0.000530219,-0.000322159,-2.96176e-05,-0.000763624,0,0,0,0,0,0,0,-0.152882,26.6867,-24.689,7.49881,0.836199,2.51242,0.0523779,-0.187877,2.15437,-3.10891,1.91275,0.18514,0.923799,0.0595666
1727449,1,-2.75261,-1.32534,1.01105,-1.94698,1.10108,1.16771,2.20138,-2.75266,-1.32422,1.00895,-1.94565,1.10136,1.16858,2.20139,-2.3165e-05,-0.00124357,7.30329e-05,0.000296135,-1.13225e-05,-0.000494463,-0.00169588,0,0,0,0,0,0,0,-0.176685,26.766,-24.7128,7.47104,0.830705,2.52523,0.0844213,-0.186797,2.15277,-3.10694,1.91302,0.185136,0.923651,0.0589512
1727450,1,-2.75261,-1.32534,1.01105,-1.94698,1.10108,1.16771,2.20138,-2.75266,-1.32422,1.00895,-1.94565,1.10136,1.16858,2.20139,-1.54433e-05,-0.000179436,4.86886e-05,0.000754235,-0.000210999,0.000382435,-0.000655867,0,0,0,0,0,0,0,-0.176685,26.7383,-24.7128,7.44724,0.836199,2.50601,0.071604,-0.186125,2.15271,-3.10616,1.9128,0.185121,0.923562,0.0583674
1727451,1,-2.75261,-1.32534,1.01105,-1.94698,1.10108,1.16771,2.20139,-2.75266,-1.32422,1.00895,-1.94565,1.10136,1.16858,2.20139,0.00175294,0.000437188,3.24591e-05,-0.00126041,-0.000140666,1.75976e-05,3.74733e-05,0,0,0,0,0,0,0,-0.252064,26.7144,-24.7128,7.52262,0.836199,2.51242,0.0587866,-0.187152,2.15401,-3.10614,1.91164,0.185051,0.923554,0.057866
1727452,1,-2.75261,-1.32534,1.01105,-1.94698,1.10108,1.16771,2.20139,-2.75266,-1.32422,1.00895,-1.94565,1.10136,1.16858,2.20139,-0.00059461,0.000941073,0.000578451,0.00036615,0.000313124,0.000249091,0.000262341,0,0,0,0,0,0,0,-0.176685,26.6867,-24.7366,7.47104,0.825212,2.50601,0.0523779,-0.188563,2.15467,-3.10595,1.91075,0.184993,0.923591,0.0574724
1727453,1,-2.75261,-1.32534,1.01106,-1.94698,1.10108,1.16771,2.20138,-2.75266,-1.32422,1.00895,-1.94565,1.10136,1.16858,2.20139,-0.000953218,-0.000579044,0.000385634,0.000800912,0.000208749,0.00016606,-0.00148662,0,0,0,0,0,0,0,-0.152882,26.7383,-24.7366,7.44724,0.825212,2.50601,0.0972387,-0.188492,2.15461,-3.10611,1.91052,0.184979,0.923618,0.0571736
1727454,1,-2.75261,-1.32534,1.01105,-1.94698,1.10108,1.16771,2.20138,-2.75266,-1.32422,1.00895,-1.94565,1.10136,1.16858,2.20139,-0.000635479,-0.000386029,0.000257089,0.000533941,-6.42844e-05,0.000110707,-0.000279002,0,0,0,0,0,0,0,-0.152882,26.7383,-24.7366,7.44724,0.830705,2.50601,0.0780126,-0.187071,2.15501,-3.10713,1.91039,0.184988,0.923607,0.0569598
1727455,1,-2.75261,-1.32534,1.01105,-1.94698,1.10108,1.16771,2.20138,-2.75266,-1.32422,1.00895,-1.94565,1.10136,1.16858,2.20139,-0.000423653,-0.000257353,0.000171393,-0.000200851,-4.28563e-05,0.000311164,-0.000186001,0,0,0,0,0,0,0,-0.152882,26.7383,-24.7366,7.47104,0.830705,2.4996,0.0780126,-0.18526,2.15597,-3.10856,1.9102,0.185011,0.92357,0.0568473
1727456,1,-2.75261,-1.32534,1.01105,-1.94698,1.10108,1.16771,2.20139,-2.75266,-1.32422,1.00895,-1.94565,1.10136,1.16858,2.20139,0.000923991,-0.000171569,-0.00044255,-0.000783515,0.00017488,-0.000267275,0.000588076,0,0,0,0,0,0,0,-0.204456,26.7383,-24.7128,7.49881,0.825212,2.51242,0.0587866,-0.183848,2.15677,-3.10949,1.91011,0.185049,0.923514,0.0568422
1727457,1,-2.75261,-1.32534,1.01105,-1.94698,1.10108,1.16771,2.20138,-2.75266,-1.32422,1.00895,-1.94565,1.10136,1.16858,2.20139,0.000615994,-0.000114379,-0.000295033,-0.000522343,-8.68641e-05,-0.000415543,-0.000794744,0,0,0,0,0,0,0,-0.204456,26.7383,-24.7128,7.49881,0.830705,2.51882,0.09083,-0.183865,2.1573,-3.10941,1.90985,0.185068,0.923449,0.0569239
1727458,1,-2.75261,-1.32534,1.01105,-1.94698,1.10108,1.16772,2.20138,-2.75266,-1.32422,1.00895,-1.94565,1.10136,1.16858,2.20139,-0.000795763,0.000480559,-0.00140311,-0.000348229,-0.00026136,0.000197689,-0.000529829,0,0,0,0,0,0,0,-0.152882,26.7144,-24.6612,7.49881,0.836199,2.50601,0.09083,-0.184111,2.15677,-3.10788,1.90981,0.185091,0.923321,0.0570736
1727459,1,-2.75261,-1.32534,1.01106,-1.94698,1.10108,1.16771,2.20138,-2.75266,-1.32422,1.00895,-1.94565,1.10136,1.16858,2.20139,0.000675917,0.000320373,0.00147744,-0.000232153,0.000436112,-0.000105566,0.000121498,0,0,0,0,0,0,0,-0.204456,26.7144,-24.7643,7.49881,0.819719,2.51242,0.0780126,-0.183343,2.15508,-3.10572,1.91038,0.185138,0.923146,0.0572957
1727460,1,-2.75261,-1.32534,1.01105,-1.94698,1.10108,1.16771,2.20139,-2.75266,-1.32422,1.00895,-1.94565,1.10136,1.16858,2.20139,-0.000755815,-0.000992844,-0.000221465,-0.000154768,-0.00031961,-7.03773e-05,0.000318358,0,0,0,0,0,0,0,-0.152882,26.766,-24.7128,7.49881,0.836199,2.51242,0.071604,-0.182465,2.15428,-3.10495,1.91087,0.185174,0.92305,0.0575924
1727461,1,-2.75261,-1.32534,1.01105,-1.94698,1.10108,1.16771,2.20139,-2.75266,-1.32422,1.00895,-1.94565,1.10136,1.16858,2.20139,0.00070255,0.00119414,-0.000704455,0.000546435,-0.000213074,-0.000284277,0.000924315,0,0,0,0,0,0,0,-0.204456,26.6867,-24.689,7.47104,0.836199,2.51882,0.0523779,-0.18208,2.15424,-3.10468,1.91088,0.185172,0.922971,0.0579426
1727462,1,-2.75261,-1.32534,1.01106,-1.94698,1.10108,1.16771,2.20138,-2.75266,-1.32422,1.00895,-1.94565,1.10136,1.16858,2.20139,-0.000181248,0.000146482,0.0012936,-0.000285324,6.14014e-05,0.0002852,-0.0010453,0,0,0,0,0,0,0,-0.176685,26.7144,-24.7643,7.49881,0.830705,2.50601,0.0972387,-0.182107,2.15372,-3.10381,1.91057,0.18513,0.922862,0.058316
1727463,1,-2.75261,-1.32534,1.01105,-1.94698,1.10108,1.16771,2.20138,-2.75266,-1.32422,1.00895,-1.94565,1.10136,1.16858,2.20139,-0.000677644,-0.000459157,-0.000900837,-0.000747028,0.000244385,0.000190133,1.52086e-05,0,0,0,0,0,0,0,-0.152882,26.7383,-24.689,7.52262,0.825212,2.50601,0.0780126,-0.181503,2.1531,-3.1034,1.91069,0.185123,0.92279,0.0586951
1727464,1,-2.75261,-1.32534,1.01105,-1.94698,1.10108,1.16772,2.20138,-2.75266,-1.32422,1.00895,-1.94565,1.10136,1.16858,2.20139,0.000754663,0.000250707,-0.000600558,0.000708407,0.000162923,-0.000110603,-0.00022722,0,0,0,0,0,0,0,-0.204456,26.7144,-24.689,7.47104,0.825212,2.51242,0.0844213,-0.180639,2.15251,-3.10269,1.91098,0.185144,0.922689,0.0590857
1727465,1,-2.75261,-1.32534,1.01105,-1.94698,1.10108,1.16771,2.20138,-2.75266,-1.32422,1.00895,-1.94565,1.10136,1.16858,2.20139,-0.000146505,0.000167138,-0.00104999,-0.000177342,0.000108615,-0.000311095,-0.000626198,0,0,0,0,0,0,0,-0.176685,26.7144,-24.6612,7.49881,0.825212,2.51882,0.0972387,-0.180997,2.1517,-3.10066,1.91054,0.185098,0.92251,0.059495
1727466,1,-2.75261,-1.32534,1.01105,-1.94698,1.10108,1.16771,2.20139,-2.75266,-1.32422,1.00895,-1.94565,1.10136,1.16858,2.20139,0.000551944,0.000111425,-5.03767e-05,-0.000118228,-0.00013104,2.99625e-05,0.00148141,0,0,0,0,0,0,0,-0.204456,26.7144,-24.689,7.49881,0.830705,2.51242,0.0459692,-0.182007,2.15074,-3.09804,1.9098,0.185013,0.922315,0.0599305
1727467,1,-2.75261,-1.32534,1.01105,-1.94698,1.10108,1.16771,2.20138,-2.75266,-1.32422,1.00895,-1.94565,1.10136,1.16858,2.20139,-0.000838463,0.000723898,-3.35845e-05,-7.88188e-05,-0.000290811,1.9975e-05,-0.00114863,0,0,0,0,0,0,0,-0.152882,26.6867,-24.689,7.49881,0.836199,2.51242,0.103647,-0.182358,2.14961,-3.09581,1.90954,0.184954,0.922162,0.0603868
1727468,1,-2.75261,-1.32534,1.01105,-1.94698,1.10108,1.16772,2.20138,-2.75266,-1.32422,1.00895,-1.94565,1.10136,1.16858,2.20139,-2.16355e-06,-0.000167016,-2.23896e-05,0.000597068,-0.000397324,0.000488035,0.000421044,0,0,0,0,0,0,0,-0.176685,26.7144,-24.689,7.47104,0.841692,2.4996,0.071604,-0.181652,2.14841,-3.09432,1.90977,0.184927,0.922045,0.0608446
1727469,1,-2.75261,-1.32534,1.01105,-1.94698,1.10108,1.16771,2.20139,-2.75266,-1.32422,1.00895,-1.94565,1.10136,1.16858,2.20139,-1.44237e-06,-0.000668156,-1.49264e-05,-0.000251569,0.000548919,-0.000149362,0.00123013,0,0,0,0,0,0,0,-0.176685,26.7383,-24.689,7.49881,0.819719,2.51242,0.0459692,-0.181154,2.14823,-3.09371,1.90967,0.184898,0.921968,0.0613011
1727470,1,-2.75261,-1.32534,1.01106,-1.94698,1.10108,1.16772,2.20139,-2.75266,-1.32422,1.00895,-1.94565,1.10136,1.16858,2.20139,-0.000557774,0.000111375,0.00110367,0.000481902,0.000162496,-9.95743e-05,0.000820088,0,0,0,0,0,0,0,-0.152882,26.7144,-24.7366,7.47104,0.825212,2.51242,0.0459692,-0.181161,2.14948,-3.09442,1.90918,0.184865,0.921965,0.0617433
1727471,1,-2.75261,-1.32534,1.01105,-1.94698,1.10108,1.16771,2.20139,-2.75266,-1.32422,1.00895,-1.94565,1.10136,1.16858,2.20139,0.000184963,0.000723864,0.000735782,-0.000885158,0.00010833,0.000170976,0.000546725,0,0,0,0,0,0,0,-0.176685,26.6867,-24.7366,7.52262,0.825212,2.50601,0.0459692,-0.180523,2.1509,-3.09621,1.90914,0.184857,0.922037,0.0621344
1727472,1,-2.75261,-1.32534,1.01105,-1.94698,1.10108,1.16771,2.20138,-2.75266,-1.32422,1.00895,-1.94565,1.10136,1.16858,2.20139,-0.000433503,-0.000167038,-0.00127272,-3.32935e-05,0.000275671,0.000351343,-0.000584952,0,0,0,0,0,0,0,-0.152882,26.7144,-24.6612,7.49881,0.819719,2.4996,0.071604,-0.179159,2.15119,-3.0974,1.90981,0.18488,0.922088,0.0624432
1727473,1,-2.75261,-1.32534,1.01106,-1.94698,1.10108,1.16771,2.20139,-2.75266,-1.32422,1.00895,-1.94565,1.10136,1.16858,2.20139,-0.000289002,0.00109507,0.000357948,0.00118423,-0.000223121,-0.000477848,0.00130545,0,0,0,0,0,0,0,-0.152882,26.6629,-24.7128,7.44724,0.830705,2.51882,0.0258276,-0.177763,2.1502,-3.09683,1.91046,0.184877,0.922013,0.0626649
1727474,1,-2.75261,-1.32534,1.01105,-1.94698,1.10108,1.16771,2.20139,-2.75266,-1.32422,1.00895,-1.94565,1.10136,1.16858,2.20139,0.00101376,-0.000476381,-0.000967794,-0.000416939,-0.000352198,0.000393511,-0.000113042,0,0,0,0,0,0,0,-0.204456,26.7144,-24.6612,7.49881,0.836199,2.4996,0.0523779,-0.177536,2.14901,-3.09523,1.91024,0.18479,0.921862,0.0628048
1727475,1,-2.75261,-1.32534,1.01105,-1.94698,1.10108,1.16771,2.20139,-2.75266,-1.32422,1.00895,-1.94565,1.10136,1.16858,2.20139,2.62246e-05,-0.00152401,-0.000645196,0.000928467,0.000172103,2.4982e-05,-7.53615e-05,0,0,0,0,0,0,0,-0.176685,26.766,-24.6612,7.44724,0.825212,2.50601,0.0523779,-0.179587,2.1493,-3.09349,1.90869,0.184625,0.921709,0.0628524
1727476,1,-2.75261,-1.32534,1.01105,-1.94698,1.10108,1.16771,2.20138,-2.75266,-1.32422,1.00895,-1.94565,1.10136,1.16858,2.20139,1.7483e-05,-0.00101601,-0.000986943,6.21657e-05,0.000114735,1.66547e-05,-0.000524959,0,0,0,0,0,0,0,-0.176685,26.766,-24.6374,7.47104,0.825212,2.50601,0.0651953,-0.183164,2.15152,-3.09209,1.90607,0.184424,0.921554,0.0628132
1727477,1,-2.75261,-1.32534,1.01105,-1.94698,1.10108,1.16772,2.20139,-2.75266,-1.32422,1.00895,-1.94565,1.10136,1.16858,2.20139,1.16554e-05,0.000529087,-0.00010115,0.000598256,-0.00012696,0.000248462,0.000870731,0,0,0,0,0,0,0,-0.176685,26.7144,-24.6612,7.44724,0.830705,2.4996,0.0322363,-0.18635,2.15388,-3.09073,1.90352,0.184239,0.921382,0.0627198
1727478,1,-2.75261,-1.32534,1.01105,-1.94698,1.10108,1.16771,2.20139,-2.75266,-1.32422,1.00895,-1.94565,1.10136,1.16858,2.20139,7.77024e-06,0.000352724,-6.74331e-05,-0.000157975,-8.46403e-05,-0.000546435,0.000817846,0,0,0,0,0,0,0,-0.176685,26.7144,-24.6612,7.47104,0.830705,2.51882,0.0258276,-0.188042,2.1548,-3.08916,1.90193,0.184102,0.921207,0.0625927
1727479,1,-2.75261,-1.32534,1.01105,-1.94698,1.10108,1.16771,2.20139,-2.75266,-1.32422,1.00895,-1.94565,1.10136,1.16858,2.20139,5.18016e-06,-0.000321662,0.00116147,-0.00075493,0.000147024,0.000347787,-0.000200755,0,0,0,0,0,0,0,-0.176685,26.7383,-24.7128,7.49881,0.825212,2.4996,0.0459692,-0.18811,2.15492,-3.0884,1.90156,0.184041,0.921109,0.0624195
1727480,1,-2.75261,-1.32534,1.01105,-1.94698,1.10108,1.16771,2.20139,-2.75266,-1.32422,1.00895,-1.94565,1.10136,1.16858,2.20139,0.000653067,0.00034237,-0.000988924,0.000703139,-0.000105435,-0.00024286,0.000612149,0,0,0,0,0,0,0,-0.204456,26.7144,-24.6374,7.44724,0.830705,2.51242,0.0258276,-0.18772,2.15516,-3.08841,1.90166,0.184018,0.921086,0.0621821
1727481,1,-2.75261,-1.32534,1.01105,-1.94698,1.10108,1.16771,2.20139,-2.75266,-1.32422,1.00895,-1.94565,1.10136,1.16858,2.20139,-0.000214236,0.000877861,-0.000102471,-0.000737667,0.000133161,-0.000161907,-0.000337886,0,0,0,0,0,0,0,-0.176685,26.6867,-24.6612,7.49881,0.825212,2.51242,0.0459692,-0.187419,2.15452,-3.08744,1.90178,0.183985,0.921017,0.0618809
1727482,1,-2.75261,-1.32534,1.01105,-1.94698,1.10108,1.16771,2.20139,-2.75266,-1.32422,1.00895,-1.94565,1.10136,1.16858,2.20139,-0.000142824,-0.00182761,0.0005813,0.000157836,0.000529583,0.000129421,0.000758087,0,0,0,0,0,0,0,-0.176685,26.7898,-24.689,7.47104,0.81331,2.50601,0.0194189,-0.186614,2.15367,-3.08633,1.9022,0.183977,0.920939,0.0615226
1727483,1,-2.75261,-1.32534,1.01105,-1.94698,1.10108,1.16772,2.20139,-2.75266,-1.32422,1.00895,-1.94565,1.10136,1.16858,2.20139,-0.000652028,0.00054483,-0.000818893,0.000105224,-8.7754e-05,8.62807e-05,-0.000206686,0,0,0,0,0,0,0,-0.152882,26.7144,-24.6374,7.47104,0.825212,2.50601,0.038645,-0.185451,2.15396,-3.08621,1.90257,0.183981,0.920896,0.0611097
1727484,1,-2.75261,-1.32534,1.01105,-1.94698,1.10108,1.16771,2.20139,-2.75266,-1.32422,1.00895,-1.94565,1.10136,1.16858,2.20139,0.000122127,0.00036322,1.08836e-05,-0.000579465,-5.85026e-05,-0.000179838,0.000336927,0,0,0,0,0,0,0,-0.176685,26.7144,-24.6612,7.49881,0.825212,2.51242,0.0258276,-0.183646,2.15361,-3.08547,1.90323,0.183989,0.920804,0.0606466
1727485,1,-2.75261,-1.32534,1.01105,-1.94698,1.10108,1.16771,2.20139,-2.75266,-1.32422,1.00895,-1.94565,1.10136,1.16858,2.20139,8.14178e-05,0.000242147,0.00065687,-0.00038631,-0.000242452,0.000354826,-0.0002501,0,0,0,0,0,0,0,-0.176685,26.7144,-24.689,7.49881,0.830705,2.4996,0.038645,-0.181369,2.15228,-3.08425,1.90443,0.184005,0.920711,0.0601415
1727486,1,-2.75261,-1.32534,1.01105,-1.94698,1.10108,1.16771,2.20139,-2.75266,-1.32422,1.00895,-1.94565,1.10136,1.16858,2.20139,0.000703892,0.000811045,-0.000211701,-0.00025754,-0.000161635,0.00023655,7.06259e-05,0,0,0,0,0,0,0,-0.204456,26.6867,-24.6612,7.49881,0.830705,2.4996,0.0322363,-0.179698,2.15102,-3.08326,1.90551,0.183993,0.920663,0.0596019
1727487,1,-2.75261,-1.32534,1.01105,-1.94698,1.10108,1.16771,2.20139,-2.75266,-1.32422,1.00895,-1.94565,1.10136,1.16858,2.20139,0.000469262,-0.000665729,0.00050848,-0.000171693,9.5694e-05,-7.96587e-05,0.000284443,0,0,0,0,0,0,0,-0.204456,26.7383,-24.689,7.49881,0.825212,2.50601,0.0258276,-0.179402,2.15031,-3.08233,1.90592,0.183925,0.920629,0.0590361
1727488,1,-2.75261,-1.32534,1.01105,-1.94698,1.10108,1.16772,2.20139,-2.75266,-1.32422,1.00895,-1.94565,1.10136,1.16858,2.20139,-0.000336773,0.000112993,0.000338987,-0.000114462,6.3796e-05,-5.31058e-05,-0.000793716,0,0,0,0,0,0,0,-0.176685,26.7144,-24.689,7.49881,0.825212,2.50601,0.0523779,-0.179991,2.15075,-3.08207,1.90574,0.183827,0.920616,0.0584502
1727489,1,-2.75261,-1.32534,1.01105,-1.94698,1.10108,1.16771,2.20139,-2.75266,-1.32422,1.00895,-1.94565,1.10136,1.16858,2.20139,-0.000224515,-0.000481484,-0.000980435,0.000573306,-0.00016092,-0.000272763,0.000216842,0,0,0,0,0,0,0,-0.176685,26.7383,-24.6374,7.47104,0.830705,2.51242,0.0322363,-0.180352,2.15152,-3.08191,1.90544,0.183732,0.920561,0.057854
1727490,1,-2.75261,-1.32534,1.01105,-1.94698,1.10108,1.16771,2.20139,-2.75266,-1.32422,1.00895,-1.94565,1.10136,1.16858,2.20139,-0.000149677,0.000235823,-0.000653623,-0.00026741,-0.00031073,5.55171e-05,-9.27979e-05,0,0,0,0,0,0,0,-0.176685,26.7144,-24.6374,7.49881,0.836199,2.50601,0.038645,-0.180397,2.15161,-3.08051,1.90512,0.183644,0.920393,0.0572637
1727491,1,-2.75261,-1.32534,1.01105,-1.94698,1.10108,1.16772,2.20139,-2.75266,-1.32422,1.00895,-1.94565,1.10136,1.16858,2.20139,-9.97845e-05,-0.000399597,-0.000435749,0.000471341,0.000199747,0.00027437,-6.18653e-05,0,0,0,0,0,0,0,-0.176685,26.7383,-24.6374,7.47104,0.825212,2.4996,0.038645,-0.180337,2.15112,-3.07815,1.90482,0.183568,0.920155,0.0566871
1727492,1,-2.75261,-1.32534,1.01105,-1.94698,1.10108,1.16772,2.20139,-2.75266,-1.32422,1.00895,-1.94565,1.10136,1.16858,2.20139,0.000583091,0.000290414,0.000915927,0.000314227,0.000336615,-5.44454e-05,-4.12435e-05,0,0,0,0,0,0,0,-0.204456,26.7144,-24.689,7.47104,0.819719,2.50601,0.038645,-0.180855,2.15113,-3.07622,1.90413,0.183468,0.91995,0.0561266
1727493,1,-2.75261,-1.32534,1.01105,-1.94698,1.10108,1.16772,2.20139,-2.75266,-1.32422,1.00895,-1.94565,1.10136,1.16858,2.20139,0.000388727,-0.00101282,0.00116743,0.000209485,-0.000385941,-3.62969e-05,-0.000536122,0,0,0,0,0,0,0,-0.204456,26.766,-24.7128,7.47104,0.836199,2.50601,0.0523779,-0.182605,2.15287,-3.07618,1.9027,0.183318,0.91988,0.0555862
1727494,1,-2.75261,-1.32534,1.01105,-1.94698,1.10108,1.16771,2.20139,-2.75266,-1.32422,1.00895,-1.94565,1.10136,1.16858,2.20139,-0.000390462,0.000531215,0.000221475,-0.000509957,0.000353057,0.000213161,-0.000120056,0,0,0,0,0,0,0,-0.176685,26.7144,-24.689,7.49881,0.819719,2.4996,0.0459692,-0.184335,2.15557,-3.07769,1.9014,0.183185,0.919916,0.0550743
1727495,1,-2.75261,-1.32534,1.01105,-1.94698,1.10108,1.16771,2.20139,-2.75266,-1.32422,1.00895,-1.94565,1.10136,1.16858,2.20139,-0.000260308,-0.000852283,0.00014765,-0.000896784,-0.000171529,-9.52516e-05,-0.000554755,0,0,0,0,0,0,0,-0.176685,26.766,-24.689,7.52262,0.830705,2.50601,0.0587866,-0.18426,2.15727,-3.07906,1.90142,0.183158,0.919937,0.0546038
1727496,1,-2.75261,-1.32534,1.01105,-1.94698,1.10108,1.16772,2.20139,-2.75266,-1.32422,1.00895,-1.94565,1.10136,1.16858,2.20139,0.000476075,8.14255e-05,-0.000551181,0.00060857,-0.000317803,0.000411217,0.000850866,0,0,0,0,0,0,0,-0.204456,26.7383,-24.6612,7.47104,0.836199,2.49319,0.0258276,-0.183444,2.15803,-3.07946,1.90207,0.183185,0.919886,0.0541807
1727497,1,-2.75261,-1.32534,1.01105,-1.94698,1.10108,1.16771,2.20138,-2.75266,-1.32422,1.00895,-1.94565,1.10136,1.16858,2.20139,-0.000332231,-0.00059533,-0.00148108,-0.000243901,-8.41847e-06,-0.000437932,-0.00207761,0,0,0,0,0,0,0,-0.176685,26.766,-24.6136,7.49881,0.830705,2.51242,0.0972387,-0.183432,2.1582,-3.07815,1.9022,0.183178,0.919709,0.0537985
1727498,1,-2.75261,-1.32534,1.01105,-1.94698,1.10108,1.16772,2.20139,-2.75266,-1.32422,1.00895,-1.94565,1.10136,1.16858,2.20139,-0.000778299,0.000809539,-0.000987385,0.000487014,-5.61231e-06,-5.45959e-05,3.90787e-05,0,0,0,0,0,0,0,-0.152882,26.7144,-24.6136,7.47104,0.830705,2.50601,0.0587866,-0.183017,2.15683,-3.07473,1.90245,0.183179,0.919376,0.0534654
1727499,1,-2.75261,-1.32534,1.01105,-1.94698,1.10108,1.16772,2.20138,-2.75266,-1.32422,1.00895,-1.94565,1.10136,1.16858,2.20139,0.00068756,0.00118931,0.00110498,0.000324676,-0.000207192,0.000200962,-0.000448665,0,0,0,0,0,0,0,-0.204456,26.6867,-24.689,7.47104,0.836199,2.4996,0.071604,-0.181742,2.15409,-3.07061,1.90309,0.183192,0.919,0.0532148
1727500,1,-2.75261,-1.32534,1.01105,-1.94698,1.10108,1.16771,2.20138,-2.75266,-1.32422,1.00895,-1.94565,1.10136,1.16858,2.20139,-0.000191241,0.000792871,8.70401e-05,0.000773262,0.000268773,-0.000103384,-6.17514e-05,0,0,0,0,0,0,0,-0.176685,26.6867,-24.6612,7.44724,0.825212,2.50601,0.0651953,-0.180863,2.1514,-3.06748,1.90344,0.183162,0.918711,0.0530603
1727501,1,-2.75261,-1.32534,1.01105,-1.94698,1.10108,1.16771,2.20138,-2.75266,-1.32422,1.00895,-1.94565,1.10136,1.16858,2.20139,0.00052212,-0.000121033,-0.000498785,-0.000690918,0.000179182,-6.8923e-05,-0.000753244,0,0,0,0,0,0,0,-0.204456,26.7144,-24.6374,7.49881,0.825212,2.50601,0.0844213,-0.180663,2.14937,-3.06515,1.90342,0.183114,0.918495,0.0529919
1727502,1,-2.75261,-1.32534,1.01104,-1.94698,1.10108,1.16772,2.20139,-2.75266,-1.32422,1.00895,-1.94565,1.10136,1.16858,2.20139,0.00034808,-0.00128711,-0.00153895,0.000745814,0.000322905,0.00019141,-0.000739522,0,0,0,0,0,0,0,-0.204456,26.766,-24.5858,7.44724,0.819719,2.4996,0.09083,-0.181678,2.14854,-3.06276,1.90278,0.183059,0.918284,0.0530017
1727503,1,-2.75261,-1.32534,1.01105,-1.94698,1.10108,1.16771,2.20139,-2.75266,-1.32422,1.00895,-1.94565,1.10136,1.16858,2.20139,0.000232053,-0.000208463,0.00018046,0.00105402,-0.000191631,-0.000109752,0.000456421,0,0,0,0,0,0,0,-0.204456,26.7383,-24.6374,7.42344,0.830705,2.50601,0.0651953,-0.184526,2.14958,-3.0605,1.90083,0.182941,0.918068,0.0530959
1727504,1,-2.75261,-1.32534,1.01105,-1.94698,1.10108,1.16771,2.20139,-2.75266,-1.32422,1.00895,-1.94565,1.10136,1.16858,2.20139,-0.000494912,-0.000138975,0.00188354,0.000145869,-0.000127754,0.000164191,0.00054164,0,0,0,0,0,0,0,-0.176685,26.7383,-24.7128,7.44724,0.830705,2.4996,0.0587866,-0.18746,2.15211,-3.06,1.89845,0.182797,0.917939,0.0532825
1727505,1,-2.75261,-1.32534,1.01105,-1.94698,1.10108,1.16771,2.20139,-2.75266,-1.32422,1.00895,-1.94565,1.10136,1.16858,2.20139,0.000319673,-9.265e-05,-0.000507542,-0.000459566,-8.51693e-05,0.000109461,0.000361093,0,0,0,0,0,0,0,-0.204456,26.7383,-24.6374,7.47104,0.830705,2.4996,0.0587866,-0.188734,2.15487,-3.0614,1.89707,0.182727,0.917932,0.0535396
1727506,1,-2.75261,-1.32534,1.01105,-1.94698,1.10108,1.16772,2.20138,-2.75266,-1.32422,1.00895,-1.94565,1.10136,1.16858,2.20139,0.000213115,0.000495045,0.000868065,-0.000306377,0.00058748,0.000310333,-0.00118342,0,0,0,0,0,0,0,-0.204456,26.7144,-24.689,7.47104,0.81331,2.49319,0.0972387,-0.188798,2.1566,-3.06269,1.89676,0.182734,0.917941,0.0538304
1727507,1,-2.75261,-1.32534,1.01105,-1.94698,1.10108,1.16772,2.20138,-2.75266,-1.32422,1.00895,-1.94565,1.10136,1.16858,2.20139,-0.000507537,-0.000226782,0.00057871,-0.000204252,-4.91558e-05,0.000206888,-0.000314232,0,0,0,0,0,0,0,-0.176685,26.7383,-24.689,7.47104,0.825212,2.49319,0.0844213,-0.187966,2.15736,-3.06369,1.89721,0.182783,0.917938,0.0541459
1727508,1,-2.75261,-1.32534,1.01105,-1.94698,1.10108,1.16772,2.20138,-2.75266,-1.32422,1.00895,-1.94565,1.10136,1.16858,2.20139,-0.000338358,-0.000151188,-0.000820619,-0.000785782,-3.27706e-05,-9.94333e-05,-0.000209488,0,0,0,0,0,0,0,-0.176685,26.7383,-24.6374,7.49881,0.825212,2.4996,0.0844213,-0.185947,2.15738,-3.0644,1.8984,0.182877,0.917885,0.0545031
1727509,1,-2.75261,-1.32534,1.01105,-1.94698,1.10108,1.16771,2.20138,-2.75266,-1.32422,1.00895,-1.94565,1.10136,1.16858,2.20139,0.000424042,-0.000750406,-0.00110389,0.000682571,-2.1847e-05,-6.62889e-05,0.000572418,0,0,0,0,0,0,0,-0.204456,26.766,-24.6136,7.44724,0.825212,2.4996,0.0651953,-0.184141,2.15687,-3.06359,1.89946,0.18296,0.917705,0.0549085
1727510,1,-2.75261,-1.32534,1.01105,-1.94698,1.10108,1.16772,2.20139,-2.75266,-1.32422,1.00895,-1.94565,1.10136,1.16858,2.20139,-0.000366919,0.000706155,0.00102731,0.000455048,-1.45647e-05,-0.000281552,0.000618971,0,0,0,0,0,0,0,-0.176685,26.7144,-24.689,7.44724,0.825212,2.50601,0.0587866,-0.183743,2.15658,-3.0619,1.89946,0.182951,0.917445,0.0553505
1727511,1,-2.75261,-1.32534,1.01105,-1.94698,1.10108,1.16772,2.20138,-2.75266,-1.32422,1.00895,-1.94565,1.10136,1.16858,2.20139,-0.000801425,-8.60417e-05,3.52595e-05,-0.000253447,-9.70979e-06,4.96579e-05,-0.000536788,0,0,0,0,0,0,0,-0.152882,26.7383,-24.6612,7.47104,0.825212,2.4996,0.0844213,-0.18301,2.15627,-3.06079,1.89941,0.182913,0.917204,0.0558077
1727512,1,-2.75261,-1.32534,1.01105,-1.94698,1.10108,1.16772,2.20138,-2.75266,-1.32422,1.00895,-1.94565,1.10136,1.16858,2.20139,2.25287e-05,0.000499451,0.00067312,-0.000818579,-0.000413374,3.31053e-05,0.000116859,0,0,0,0,0,0,0,-0.176685,26.7144,-24.689,7.49881,0.836199,2.4996,0.071604,-0.180776,2.15537,-3.06029,1.90033,0.182936,0.917006,0.056263
1727513,1,-2.75261,-1.32534,1.01105,-1.94698,1.10108,1.16772,2.20139,-2.75266,-1.32422,1.00895,-1.94565,1.10136,1.16858,2.20139,0.000664633,-0.000873459,0.000448747,0.00121752,-7.21323e-05,2.20702e-05,0.000789983,0,0,0,0,0,0,0,-0.204456,26.766,-24.689,7.42344,0.830705,2.4996,0.0523779,-0.17933,2.15518,-3.06036,1.9009,0.18294,0.916864,0.0567122
1727514,1,-2.75261,-1.32534,1.01105,-1.94698,1.10108,1.16772,2.20138,-2.75266,-1.32422,1.00895,-1.94565,1.10136,1.16858,2.20139,-0.000206525,0.00127373,-0.000350449,-0.000301945,0.000596172,1.47135e-05,5.19373e-05,0,0,0,0,0,0,0,-0.176685,26.6867,-24.6612,7.47104,0.81331,2.4996,0.0651953,-0.179872,2.15589,-3.06042,1.90018,0.182852,0.916727,0.0571447
1727515,1,-2.75261,-1.32534,1.01105,-1.94698,1.10108,1.16772,2.20138,-2.75266,-1.32422,1.00895,-1.94565,1.10136,1.16858,2.20139,-0.000137683,-0.00100688,-0.000790445,-0.00085091,-0.000450263,-0.00022755,-0.000440093,0,0,0,0,0,0,0,-0.176685,26.766,-24.6374,7.49881,0.836199,2.50601,0.0780126,-0.180262,2.15563,-3.05925,1.89965,0.182779,0.91652,0.057545
1727516,1,-2.75261,-1.32534,1.01105,-1.94698,1.10108,1.16771,2.20138,-2.75266,-1.32422,1.00895,-1.94565,1.10136,1.16858,2.20139,0.000557825,-2.16419e-05,0.000679463,0.000639152,-9.67246e-05,-0.0001517,-0.000768113,0,0,0,0,0,0,0,-0.204456,26.7383,-24.689,7.44724,0.830705,2.50601,0.09083,-0.180494,2.15531,-3.05775,1.89939,0.182743,0.916305,0.0579116
1727517,1,-2.75261,-1.32534,1.01105,-1.94698,1.10108,1.16771,2.20139,-2.75266,-1.32422,1.00895,-1.94565,1.10136,1.16858,2.20139,-0.000277731,0.000542384,-0.000753451,-0.000780324,-0.000267934,-0.000101133,0.0014207,0,0,0,0,0,0,0,-0.176685,26.7144,-24.6374,7.49881,0.836199,2.50601,0.038645,-0.181245,2.15546,-3.05654,1.89884,0.182695,0.916123,0.0582663
1727518,1,-2.75261,-1.32534,1.01105,-1.94698,1.10108,1.16772,2.20139,-2.75266,-1.32422,1.00895,-1.94565,1.10136,1.16858,2.20139,-0.000185154,-0.000195223,5.45114e-05,0.000129398,0.000228279,-0.000304781,0.000201151,0,0,0,0,0,0,0,-0.176685,26.7383,-24.6612,7.47104,0.825212,2.51242,0.0587866,-0.181242,2.15478,-3.05491,1.89879,0.182687,0.915929,0.0586178
1727519,1,-2.75261,-1.32534,1.01105,-1.94697,1.10108,1.16772,2.20139,-2.75266,-1.32422,1.00895,-1.94565,1.10136,1.16858,2.20139,-0.000123436,0.00163309,-0.000520471,0.0017567,0.000152186,0.00027153,0.00037146,0,0,0,0,0,0,0,-0.176685,26.6629,-24.6374,7.39963,0.825212,2.4996,0.0523779,-0.180881,2.15334,-3.05269,1.89866,0.182668,0.915694,0.0589385
1727520,1,-2.75261,-1.32534,1.01105,-1.94698,1.10108,1.16772,2.20138,-2.75266,-1.32422,1.00895,-1.94565,1.10136,1.16858,2.20139,0.000567323,-0.000674512,0.000209831,-0.00114892,0.000101457,0.00018102,-0.000939155,0,0,0,0,0,0,0,-0.204456,26.7383,-24.6612,7.49881,0.825212,2.4996,0.0844213,-0.181157,2.15179,-3.05023,1.89787,0.182589,0.915454,0.0592075
1727521,1,-2.75261,-1.32534,1.01105,-1.94698,1.10108,1.16772,2.20139,-2.75266,-1.32422,1.00895,-1.94565,1.10136,1.16858,2.20139,0.000378216,0.000107138,0.000139888,0.000440482,0.000271089,0.000358039,0.00130668,0,0,0,0,0,0,0,-0.204456,26.7144,-24.6612,7.44724,0.819719,2.49319,0.0322363,-0.182227,2.15129,-3.04862,1.89682,0.182505,0.915301,0.0594323
1727522,1,-2.75261,-1.32534,1.01105,-1.94698,1.10108,1.16772,2.20139,-2.75266,-1.32422,1.00895,-1.94565,1.10136,1.16858,2.20139,-0.0016039,0.000721039,9.32583e-05,-0.000263157,-0.000226175,-0.000473384,0.000125133,0,0,0,0,0,0,0,-0.125111,26.6867,-24.6612,7.47104,0.830705,2.51242,0.0523779,-0.18249,2.15114,-3.04791,1.89631,0.182471,0.915201,0.0596242
1727523,1,-2.75261,-1.32534,1.01105,-1.94698,1.10108,1.16772,2.20139,-2.75266,-1.32422,1.00895,-1.94565,1.10136,1.16858,2.20139,0.000786776,-0.000168921,0.000711786,0.000381374,5.2667e-05,-7.82304e-05,0.000592048,0,0,0,0,0,0,0,-0.204456,26.7144,-24.689,7.44724,0.825212,2.50601,0.038645,-0.181133,2.15048,-3.04771,1.8966,0.182488,0.915109,0.0597712
1727524,1,-2.75261,-1.32534,1.01105,-1.94698,1.10108,1.16771,2.20138,-2.75266,-1.32422,1.00895,-1.94565,1.10136,1.16858,2.20139,0.00108133,-0.000112614,-0.000731902,0.000254249,0.000238562,-0.000289513,-0.00106336,0,0,0,0,0,0,0,-0.22826,26.7144,-24.6374,7.44724,0.819719,2.51242,0.0780126,-0.181373,2.15084,-3.04788,1.89598,0.182435,0.915069,0.0598528
1727525,1,-2.75261,-1.32534,1.01105,-1.94698,1.10108,1.16772,2.20139,-2.75266,-1.32422,1.00895,-1.94565,1.10136,1.16858,2.20139,0.000720886,0.00113135,-0.00104475,-0.000387312,-4.44093e-05,4.43506e-05,0.000240527,0,0,0,0,0,0,0,-0.22826,26.6629,-24.6136,7.47104,0.825212,2.50601,0.0523779,-0.184063,2.15136,-3.04683,1.89419,0.182285,0.915012,0.0598767
1727526,1,-2.75261,-1.32534,1.01105,-1.94698,1.10108,1.16772,2.20139,-2.75266,-1.32422,1.00895,-1.94565,1.10136,1.16858,2.20139,-0.000725835,-0.001009,0.00162355,0.000298604,-0.000233057,0.000266926,0.0011437,0,0,0,0,0,0,0,-0.176685,26.7383,-24.7128,7.44724,0.830705,2.4996,0.0258276,-0.186404,2.15129,-3.04532,1.89274,0.182152,0.914947,0.0598717
1727527,1,-2.75261,-1.32534,1.01105,-1.94698,1.10108,1.16772,2.20139,-2.75266,-1.32422,1.00895,-1.94565,1.10136,1.16858,2.20139,0.000165724,-0.00132228,-0.00068087,-0.00156417,4.80794e-05,0.000652669,-0.00045824,0,0,0,0,0,0,0,-0.204456,26.766,-24.6374,7.52262,0.825212,2.48678,0.0587866,-0.187263,2.15245,-3.04581,1.89208,0.182112,0.914976,0.0598362
1727528,1,-2.75261,-1.32534,1.01105,-1.94698,1.10108,1.16772,2.20139,-2.75266,-1.32422,1.00895,-1.94565,1.10136,1.16858,2.20139,0.000110483,0.000324903,-0.000453913,0.000720459,3.20529e-05,-0.000514323,0.000677851,0,0,0,0,0,0,0,-0.204456,26.7144,-24.6374,7.44724,0.825212,2.51242,0.0322363,-0.187526,2.15424,-3.04684,1.89184,0.182129,0.915017,0.0597526
1727529,1,-2.75261,-1.32534,1.01105,-1.94698,1.10108,1.16772,2.20139,-2.75266,-1.32422,1.00895,-1.94565,1.10136,1.16858,2.20139,7.3655e-05,-0.00034021,-0.000302609,0.000480306,-0.000385532,0.000369195,-5.67255e-05,0,0,0,0,0,0,0,-0.204456,26.7383,-24.6374,7.44724,0.836199,2.49319,0.0459692,-0.188204,2.15531,-3.04665,1.89124,0.182104,0.914963,0.0596215
1727530,1,-2.75261,-1.32534,1.01105,-1.94697,1.10108,1.16771,2.20139,-2.75266,-1.32422,1.00895,-1.94565,1.10136,1.16858,2.20139,-0.000600511,-0.00087642,-0.000201739,0.00143383,0.000590689,8.77076e-06,-0.000512535,0,0,0,0,0,0,0,-0.176685,26.766,-24.6374,7.39963,0.81331,2.4996,0.0587866,-0.189451,2.15646,-3.0461,1.88981,0.182005,0.914841,0.0594427
1727531,1,-2.75261,-1.32534,1.01105,-1.94698,1.10108,1.16772,2.20139,-2.75266,-1.32422,1.00895,-1.94565,1.10136,1.16858,2.20139,-0.00040034,0.00127176,-0.000134493,-0.000157739,-0.000250467,5.84717e-06,0.000404295,0,0,0,0,0,0,0,-0.176685,26.6867,-24.6374,7.44724,0.830705,2.4996,0.038645,-0.190099,2.15723,-3.04542,1.88833,0.181895,0.914673,0.0592293
1727532,1,-2.75261,-1.32534,1.01105,-1.94698,1.10108,1.16772,2.20139,-2.75266,-1.32422,1.00895,-1.94565,1.10136,1.16858,2.20139,-0.000823706,-0.000358586,-8.96619e-05,-0.000661971,-0.000166978,3.89812e-06,-0.000476455,0,0,0,0,0,0,0,-0.152882,26.7383,-24.6374,7.47104,0.830705,2.4996,0.0587866,-0.18855,2.15616,-3.04428,1.88834,0.181879,0.91448,0.0590032
1727533,1,-2.75261,-1.32534,1.01105,-1.94698,1.10108,1.16772,2.20139,-2.75266,-1.32422,1.00895,-1.94565,1.10136,1.16858,2.20139,0.000657289,0.000317754,0.000497037,-0.000441314,-0.000111319,-0.000472119,0.000157081,0,0,0,0,0,0,0,-0.204456,26.7144,-24.6612,7.47104,0.830705,2.51242,0.0459692,-0.185761,2.15434,-3.04337,1.88957,0.181956,0.91434,0.0587704
1727534,1,-2.75261,-1.32534,1.01105,-1.94698,1.10108,1.16772,2.20139,-2.75266,-1.32422,1.00895,-1.94565,1.10136,1.16858,2.20139,-0.00141785,0.00086145,-0.000225454,0.000262603,0.000332688,-7.73872e-05,-0.000132638,0,0,0,0,0,0,0,-0.125111,26.6867,-24.6374,7.44724,0.819719,2.50601,0.0523779,-0.18291,2.15245,-3.04275,1.89105,0.182052,0.914251,0.0585369
1727535,1,-2.75261,-1.32534,1.01105,-1.94698,1.10108,1.16772,2.20139,-2.75266,-1.32422,1.00895,-1.94565,1.10136,1.16858,2.20139,0.000261194,-0.000632126,-0.000150302,-0.00158817,-0.000388559,0.000185768,0.000148934,0,0,0,0,0,0,0,-0.176685,26.7383,-24.6374,7.52262,0.836199,2.4996,0.0459692,-0.17946,2.15003,-3.04188,1.89295,0.182181,0.914161,0.0583067
1727536,1,-2.75261,-1.32534,1.01105,-1.94698,1.10108,1.16772,2.20139,-2.75266,-1.32422,1.00895,-1.94565,1.10136,1.16858,2.20139,0.00017413,0.000785009,-0.000657014,0.000704458,0.000351312,0.000361204,0.000370556,0,0,0,0,0,0,0,-0.176685,26.6867,-24.6136,7.44724,0.819719,2.49319,0.038645,-0.176699,2.14784,-3.04059,1.89462,0.182304,0.914066,0.0580757
1727537,1,-2.75261,-1.32534,1.01105,-1.94698,1.10108,1.16771,2.20139,-2.75266,-1.32422,1.00895,-1.94565,1.10136,1.16858,2.20139,0.00132251,-0.000683087,0.000118803,0.00102645,-0.000172693,-0.000233915,-0.00144838,0,0,0,0,0,0,0,-0.22826,26.7383,-24.6374,7.42344,0.830705,2.50601,0.0844213,-0.177186,2.14708,-3.03896,1.89423,0.18227,0.913967,0.0578355
1727538,1,-2.75261,-1.32534,1.01105,-1.94698,1.10108,1.16772,2.20139,-2.75266,-1.32422,1.00895,-1.94565,1.10136,1.16858,2.20139,0.000324863,-0.000455391,7.92019e-05,-0.00107894,0.000291772,-0.000155944,0.000221206,0,0,0,0,0,0,0,-0.204456,26.7383,-24.6374,7.49881,0.819719,2.50601,0.0523779,-0.180774,2.14848,-3.03801,1.89185,0.182092,0.913923,0.0575963
1727539,1,-2.75261,-1.32534,1.01105,-1.94698,1.10108,1.16772,2.20139,-2.75266,-1.32422,1.00895,-1.94565,1.10136,1.16858,2.20139,0.000216575,-0.000953208,5.28013e-05,0.000487134,-8.9356e-06,0.000370756,-0.000327247,0,0,0,0,0,0,0,-0.204456,26.766,-24.6374,7.44724,0.825212,2.49319,0.0651953,-0.184864,2.15128,-3.03817,1.88928,0.181919,0.913956,0.0573881
1727540,1,-2.75261,-1.32534,1.01105,-1.94698,1.10108,1.16772,2.20139,-2.75266,-1.32422,1.00895,-1.94565,1.10136,1.16858,2.20139,-0.00050523,1.41419e-05,0.000592013,-0.000232056,0.000197493,9.81142e-06,0.000493912,0,0,0,0,0,0,0,-0.176685,26.7383,-24.6612,7.47104,0.819719,2.4996,0.0459692,-0.187757,2.1543,-3.03906,1.88732,0.181795,0.914005,0.0572226
1727541,1,-2.75261,-1.32534,1.01105,-1.94697,1.10108,1.16772,2.20138,-2.75266,-1.32422,1.00895,-1.94565,1.10136,1.16858,2.20139,-0.000893632,-0.000640186,-0.000162137,0.00151573,-0.000275239,6.54095e-06,-0.00109488,0,0,0,0,0,0,0,-0.152882,26.766,-24.6374,7.39963,0.830705,2.4996,0.0844213,-0.188925,2.1568,-3.04021,1.88595,0.181703,0.914012,0.0570937
1727542,1,-2.75261,-1.32534,1.01105,-1.94698,1.10108,1.16772,2.20138,-2.75266,-1.32422,1.00895,-1.94565,1.10136,1.16858,2.20139,-0.000595755,0.000779635,-0.000664903,-0.000659948,-0.000183492,0.00024172,-0.00049256,0,0,0,0,0,0,0,-0.152882,26.7144,-24.6136,7.47104,0.830705,2.49319,0.0780126,-0.188216,2.15779,-3.04046,1.88535,0.18165,0.91391,0.0570012
1727543,1,-2.75261,-1.32534,1.01105,-1.94698,1.10108,1.16772,2.20138,-2.75266,-1.32422,1.00895,-1.94565,1.10136,1.16858,2.20139,0.000159642,-3.70551e-05,0.000113543,0.000116847,0.000284573,-7.62126e-05,-0.000328374,0,0,0,0,0,0,0,-0.176685,26.7383,-24.6374,7.44724,0.819719,2.4996,0.0780126,-0.186245,2.15688,-3.03928,1.88566,0.181651,0.913724,0.0569648
1727544,1,-2.75261,-1.32534,1.01105,-1.94698,1.10108,1.16772,2.20138,-2.75266,-1.32422,1.00895,-1.94565,1.10136,1.16858,2.20139,-0.0011,0.000532109,-0.000481116,-0.00112853,0.000189715,-0.000288167,-0.000456275,0,0,0,0,0,0,0,-0.125111,26.7144,-24.6136,7.49881,0.819719,2.50601,0.0844213,-0.183392,2.15478,-3.03747,1.8869,0.181711,0.913528,0.0570026
1727545,1,-2.75261,-1.32534,1.01105,-1.94698,1.10108,1.16772,2.20138,-2.75266,-1.32422,1.00895,-1.94565,1.10136,1.16858,2.20139,-8.3718e-05,0.000354739,0.00079288,0.000454074,0.000126477,-0.00042947,-6.68242e-05,0,0,0,0,0,0,0,-0.152882,26.7144,-24.6612,7.44724,0.819719,2.51242,0.0780126,-0.179653,2.15213,-3.03579,1.88884,0.18181,0.913358,0.0571188
1727546,1,-2.75261,-1.32534,1.01105,-1.94698,1.10108,1.16772,2.20139,-2.75266,-1.32422,1.00895,-1.94565,1.10136,1.16858,2.20139,0.000501,-0.000320319,-2.82256e-05,-0.00090371,-0.000119133,0.000188404,0.000904886,0,0,0,0,0,0,0,-0.176685,26.7383,-24.6374,7.49881,0.825212,2.4996,0.0523779,-0.176759,2.15032,-3.03484,1.89037,0.181866,0.913264,0.0573081
1727547,1,-2.75261,-1.32534,1.01105,-1.94698,1.10108,1.16772,2.20138,-2.75266,-1.32422,1.00895,-1.94565,1.10136,1.16858,2.20139,0.000334,0.00099288,-1.8817e-05,0.000603953,-7.94218e-05,0.000362962,-0.000346178,0,0,0,0,0,0,0,-0.176685,26.6867,-24.6374,7.44724,0.825212,2.49319,0.0780126,-0.175948,2.14962,-3.03413,1.89079,0.181827,0.913223,0.0575465
1727548,1,-2.75261,-1.32534,1.01105,-1.94698,1.10108,1.16772,2.20138,-2.75266,-1.32422,1.00895,-1.94565,1.10136,1.16858,2.20139,0.00142909,-0.000544506,-0.000569357,0.000402635,-0.000256398,-0.000232743,-0.000705503,0,0,0,0,0,0,0,-0.22826,26.7383,-24.6136,7.44724,0.830705,2.50601,0.09083,-0.17757,2.14958,-3.03277,1.88975,0.181666,0.913164,0.0578056
1727549,1,-2.75261,-1.32534,1.01105,-1.94698,1.10108,1.16772,2.20139,-2.75266,-1.32422,1.00895,-1.94565,1.10136,1.16858,2.20139,-0.000253698,-0.000363004,0.000734053,-0.000938003,0.000235969,0.000319556,0.00119118,0,0,0,0,0,0,0,-0.176685,26.7383,-24.6612,7.49881,0.819719,2.49319,0.0459692,-0.180955,2.15077,-3.03162,1.88767,0.18144,0.913125,0.0580846
1727550,1,-2.75261,-1.32534,1.01105,-1.94698,1.10108,1.16772,2.20139,-2.75266,-1.32422,1.00895,-1.94565,1.10136,1.16858,2.20139,-0.000169132,0.000314809,-6.74434e-05,0.0011379,-4.6138e-05,0.000213037,0.00106539,0,0,0,0,0,0,0,-0.176685,26.7144,-24.6374,7.42344,0.825212,2.49319,0.038645,-0.183535,2.15247,-3.03137,1.88598,0.181261,0.913113,0.0583862
1727551,1,-2.75261,-1.32534,1.01105,-1.94698,1.10108,1.16772,2.20139,-2.75266,-1.32422,1.00895,-1.94565,1.10136,1.16858,2.20139,-0.000112754,-0.000346939,0.00051185,-0.000355022,-3.07587e-05,0.000142025,-0.000747805,0,0,0,0,0,0,0,-0.176685,26.7383,-24.6612,7.47104,0.825212,2.49319,0.0780126,-0.184743,2.15386,-3.03154,1.8848,0.181121,0.913072,0.0586742
1727552,1,-2.75261,-1.32534,1.01105,-1.94698,1.10108,1.16772,2.20139,-2.75266,-1.32422,1.00895,-1.94565,1.10136,1.16858,2.20139,0.000574444,-0.000231293,-0.000215579,-0.000236681,-0.000223956,-0.000142676,0.000450899,0,0,0,0,0,0,0,-0.204456,26.7383,-24.6374,7.47104,0.830705,2.4996,0.0523779,-0.185554,2.15522,-3.03186,1.88386,0.181006,0.913018,0.0589205
1727553,1,-2.75261,-1.32534,1.01104,-1.94698,1.10108,1.16772,2.20139,-2.75266,-1.32422,1.00895,-1.94565,1.10136,1.16858,2.20139,0.000382963,0.000402617,-0.00135015,0.000955836,0.000494956,0.000142242,0.000809226,0,0,0,0,0,0,0,-0.204456,26.7144,-24.5858,7.42344,0.81331,2.49319,0.038645,-0.186881,2.15614,-3.0312,1.88277,0.180883,0.912901,0.0591286
1727554,1,-2.75261,-1.32534,1.01105,-1.94698,1.10108,1.16772,2.20139,-2.75266,-1.32422,1.00895,-1.94565,1.10136,1.16858,2.20139,-0.000951117,-0.000288401,0.000306329,-0.00112601,-0.000314289,-0.00037989,0.000539484,0,0,0,0,0,0,0,-0.152882,26.7383,-24.6374,7.49881,0.830705,2.50601,0.038645,-0.187762,2.15589,-3.02922,1.88194,0.180776,0.912683,0.0592942
1727555,1,-2.75261,-1.32534,1.01105,-1.94698,1.10108,1.16772,2.20139,-2.75266,-1.32422,1.00895,-1.94565,1.10136,1.16858,2.20139,-0.000634078,0.00101416,0.000204219,-0.000750676,0.000197375,-0.000490619,0.000359656,0,0,0,0,0,0,0,-0.152882,26.6867,-24.6374,7.49881,0.819719,2.51242,0.038645,-0.185718,2.15426,-3.02751,1.88304,0.18081,0.912474,0.0594021
1727556,1,-2.75261,-1.32534,1.01105,-1.94698,1.10108,1.16772,2.20138,-2.75266,-1.32422,1.00895,-1.94565,1.10136,1.16858,2.20139,0.00134052,-0.00053032,0.000692958,0.000149163,-7.18674e-05,0.000147639,-0.000743574,0,0,0,0,0,0,0,-0.22826,26.7383,-24.6612,7.47104,0.825212,2.4996,0.0651953,-0.182736,2.15254,-3.02679,1.88496,0.180894,0.91236,0.0594374
1727557,1,-2.75261,-1.32534,1.01105,-1.94698,1.10108,1.16772,2.20139,-2.75266,-1.32422,1.00895,-1.94565,1.10136,1.16858,2.20139,-0.000312747,-0.000353547,0.000461972,0.000656254,0.000155539,9.84257e-05,0.00119971,0,0,0,0,0,0,0,-0.176685,26.7383,-24.6612,7.44724,0.819719,2.4996,0.0194189,-0.182307,2.15288,-3.02726,1.88527,0.180856,0.912348,0.0593995
1727558,1,-2.75261,-1.32534,1.01105,-1.94698,1.10108,1.16772,2.20139,-2.75266,-1.32422,1.00895,-1.94565,1.10136,1.16858,2.20139,-0.00076531,0.000321114,-0.000248831,-0.00132574,-0.000303208,0.000302976,8.77267e-05,0,0,0,0,0,0,0,-0.152882,26.7144,-24.6374,7.52262,0.830705,2.49319,0.038645,-0.182282,2.15397,-3.02818,1.88518,0.180792,0.912352,0.0593018
1727559,1,-2.75261,-1.32534,1.01105,-1.94698,1.10108,1.16772,2.20139,-2.75266,-1.32422,1.00895,-1.94565,1.10136,1.16858,2.20139,4.66055e-05,0.000214076,0.000390925,0.000322603,-0.000202139,0.000201984,0.000770561,0,0,0,0,0,0,0,-0.176685,26.7144,-24.6612,7.47104,0.830705,2.49319,0.0194189,-0.180473,2.15371,-3.02848,1.88623,0.180812,0.912301,0.0591415
1727560,1,-2.75261,-1.32534,1.01105,-1.94698,1.10108,1.16772,2.20139,-2.75266,-1.32422,1.00895,-1.94565,1.10136,1.16858,2.20139,3.10703e-05,0.000142717,0.000260617,0.000215068,6.86912e-05,-0.000102703,-0.000469637,0,0,0,0,0,0,0,-0.176685,26.7144,-24.6612,7.47104,0.825212,2.4996,0.0459692,-0.178807,2.15313,-3.02847,1.8872,0.180821,0.912224,0.0589066
1727561,1,-2.75261,-1.32534,1.01105,-1.94698,1.10108,1.16772,2.20139,-2.75266,-1.32422,1.00895,-1.94565,1.10136,1.16858,2.20139,2.07136e-05,-0.000461667,0.000173744,-0.000506235,-0.000157656,0.000406249,-0.000313091,0,0,0,0,0,0,0,-0.176685,26.7383,-24.6612,7.49881,0.830705,2.48678,0.0459692,-0.178247,2.15319,-3.02863,1.88747,0.180784,0.912149,0.0585989
1727562,1,-2.75261,-1.32534,1.01105,-1.94698,1.10108,1.16772,2.20139,-2.75266,-1.32422,1.00895,-1.94565,1.10136,1.16858,2.20139,-0.000543003,-0.000307778,0.00011583,0.000312124,0.000301797,-0.000203885,0.000537258,0,0,0,0,0,0,0,-0.152882,26.7383,-24.6612,7.47104,0.819719,2.4996,0.0258276,-0.178,2.15379,-3.02903,1.88755,0.180754,0.912069,0.05824
1727563,1,-2.75261,-1.32534,1.01105,-1.94698,1.10108,1.16772,2.20139,-2.75266,-1.32422,1.00895,-1.94565,1.10136,1.16858,2.20139,0.00019481,0.000351627,-0.000479592,0.000208083,-2.25266e-06,0.000101436,-0.000116546,0,0,0,0,0,0,0,-0.176685,26.7144,-24.6374,7.47104,0.825212,2.49319,0.038645,-0.177869,2.15431,-3.02907,1.88747,0.180718,0.911938,0.0578485
1727564,1,-2.75261,-1.32534,1.01104,-1.94698,1.10108,1.16772,2.20139,-2.75266,-1.32422,1.00895,-1.94565,1.10136,1.16858,2.20139,0.000129873,0.000884032,-0.000319728,0.000138722,-0.000204952,-0.000644453,0.000397021,0,0,0,0,0,0,0,-0.176685,26.6867,-24.6374,7.47104,0.830705,2.51242,0.0258276,-0.178056,2.15379,-3.02787,1.88723,0.180653,0.911731,0.057428
1727565,1,-2.75261,-1.32534,1.01104,-1.94698,1.10108,1.16772,2.20139,-2.75266,-1.32422,1.00895,-1.94565,1.10136,1.16858,2.20139,8.65822e-05,-0.000617071,-0.00141958,9.24812e-05,-0.000136635,0.000282441,-0.000956023,0,0,0,0,0,0,0,-0.176685,26.7383,-24.5858,7.47104,0.830705,2.49319,0.0587866,-0.178636,2.15232,-3.02534,1.88689,0.180572,0.911459,0.0569784
1727566,1,-2.75261,-1.32534,1.01105,-1.94698,1.10108,1.16771,2.20139,-2.75266,-1.32422,1.00895,-1.94565,1.10136,1.16858,2.20139,5.77215e-05,-0.00106099,0.00146647,0.00117528,0.000756621,-0.000286424,0.000583355,0,0,0,0,0,0,0,-0.176685,26.766,-24.689,7.42344,0.807817,2.50601,0.0258276,-0.180233,2.15217,-3.02336,1.88577,0.180458,0.911219,0.056508
1727567,1,-2.75261,-1.32534,1.01104,-1.94698,1.10108,1.16772,2.20139,-2.75266,-1.32422,1.00895,-1.94565,1.10136,1.16858,2.20139,-0.000518331,0.00114871,-0.000228782,-0.000330105,-0.000139846,4.64099e-05,-0.000357082,0,0,0,0,0,0,0,-0.152882,26.6867,-24.6374,7.47104,0.825212,2.4996,0.0459692,-0.182009,2.1536,-3.02322,1.88424,0.180324,0.911089,0.0560373
1727568,1,-2.75261,-1.32534,1.01105,-1.94698,1.10108,1.16772,2.20139,-2.75266,-1.32422,1.00895,-1.94565,1.10136,1.16858,2.20139,0.000211258,-0.000440619,-0.000152521,0.000336742,-0.000296681,-0.000206419,3.32126e-05,0,0,0,0,0,0,0,-0.176685,26.7383,-24.6374,7.44724,0.830705,2.50601,0.038645,-0.182481,2.1542,-3.02329,1.88355,0.180236,0.910994,0.0555754
1727569,1,-2.75261,-1.32534,1.01105,-1.94698,1.10108,1.16772,2.20138,-2.75266,-1.32422,1.00895,-1.94565,1.10136,1.16858,2.20139,0.000790453,-0.000293746,0.000455131,-0.000332317,0.000209113,9.97463e-05,-0.00167328,0,0,0,0,0,0,0,-0.204456,26.7383,-24.6612,7.47104,0.819719,2.4996,0.0844213,-0.183057,2.15464,-3.02321,1.88303,0.180159,0.910931,0.055122
1727570,1,-2.75261,-1.32534,1.01104,-1.94698,1.10108,1.16772,2.20138,-2.75266,-1.32422,1.00895,-1.94565,1.10136,1.16858,2.20139,0.00108378,0.00156741,-0.00145982,-0.000871159,-0.000267492,0.000303856,-0.00253967,0,0,0,0,0,0,0,-0.22826,26.6629,-24.5858,7.49881,0.830705,2.49319,0.122873,-0.184562,2.15482,-3.02253,1.88244,0.18007,0.910898,0.0547019
1727571,1,-2.75261,-1.32534,1.01105,-1.94698,1.10108,1.16772,2.20138,-2.75266,-1.32422,1.00895,-1.94565,1.10136,1.16858,2.20139,-0.00104072,-0.00136791,-0.000323597,0.00118247,2.51225e-05,0.000202571,-0.000268962,0,0,0,0,0,0,0,-0.152882,26.766,-24.6136,7.42344,0.825212,2.49319,0.0844213,-0.185793,2.15363,-3.02033,1.8822,0.180001,0.91079,0.054378
1727572,1,-2.75261,-1.32534,1.01105,-1.94698,1.10108,1.16772,2.20138,-2.75266,-1.32422,1.00895,-1.94565,1.10136,1.16858,2.20139,0.00106943,0.000294483,-0.000215732,-0.000974928,1.67483e-05,-0.000102312,-0.000179308,0,0,0,0,0,0,0,-0.22826,26.7144,-24.6136,7.49881,0.825212,2.4996,0.0844213,-0.186606,2.15284,-3.01826,1.8819,0.17995,0.910647,0.0542095
1727573,1,-2.75261,-1.32534,1.01104,-1.94698,1.10108,1.16771,2.20138,-2.75266,-1.32422,1.00895,-1.94565,1.10136,1.16858,2.20139,-0.000493475,-0.00036049,-0.000143821,-3.37842e-07,1.11655e-05,-6.82078e-05,-0.000356898,0,0,0,0,0,0,0,-0.176685,26.7383,-24.6136,7.47104,0.825212,2.4996,0.09083,-0.187131,2.15275,-3.01709,1.88179,0.17993,0.910551,0.0542068
1727574,1,-2.75261,-1.32534,1.01105,-1.94698,1.10108,1.16772,2.20138,-2.75266,-1.32422,1.00895,-1.94565,1.10136,1.16858,2.20139,-0.00153541,-0.000240326,0.000460931,-2.25228e-07,0.000210894,-4.54718e-05,-0.00071265,0,0,0,0,0,0,0,-0.125111,26.7383,-24.6374,7.47104,0.819719,2.4996,0.103647,-0.185955,2.15255,-3.01677,1.88258,0.179984,0.910484,0.0543527
1727575,0.99,-2.75261,-1.32534,1.01105,-1.94698,1.10108,1.16772,2.20138,-2.75266,-1.32422,1.00895,-1.94565,1.10136,1.16858,2.20139,0.00138925,0.000396594,0.000864099,-1.50152e-07,-0.000266305,-3.03146e-05,-0.000237741,0,0,0,0,0,0,0,-0.22826,26.7144,-24.6612,7.47104,0.830705,2.4996,0.0972387,-0.18365,2.15264,-3.01765,1.88379,0.180064,0.910465,0.0546356
1727576,0.99,-2.75261,-1.32534,1.01105,-1.94698,1.10108,1.16772,2.20138,-2.75266,-1.32422,1.00895,-1.94565,1.10136,1.16858,2.20139,-0.000837074,0.00091401,0.000576066,-1.00101e-07,0.000229364,-2.02097e-05,0.000316224,0,0,0,0,0,0,0,-0.152882,26.6867,-24.6612,7.47104,0.819719,2.4996,0.0844213,-0.182042,2.15285,-3.01904,1.88468,0.180097,0.910509,0.0550489
1727577,0.99,-2.75261,-1.32534,1.01105,-1.94698,1.10107,1.16772,2.20138,-2.75266,-1.32422,1.00895,-1.94565,1.10136,1.16858,2.20139,0.000648376,-0.000597086,0.000384044,-6.67341e-08,-0.000660892,-1.34731e-05,0.000448175,0,0,0,0,0,0,0,-0.204456,26.7383,-24.6612,7.47104,0.841692,2.4996,0.0780126,-0.180871,2.15292,-3.02043,1.88539,0.180105,0.910565,0.0555717
1727578,0.99,-2.75261,-1.32535,1.01104,-1.94698,1.10108,1.16772,2.20138,-2.75266,-1.32422,1.00895,-1.94565,1.10136,1.16858,2.20139,-0.000217363,-0.00160448,-0.000300782,-4.44894e-08,0.000169757,0.000465736,-0.00112537,0,0,0,0,0,0,0,-0.176685,26.7898,-24.6374,7.47104,0.825212,2.48678,0.116465,-0.180796,2.15421,-3.02199,1.8854,0.180095,0.910618,0.0561632
1727579,0.99,-2.75261,-1.32534,1.01104,-1.94698,1.10108,1.16771,2.20138,-2.75266,-1.32422,1.00895,-1.94565,1.10136,1.16858,2.20139,0.000504705,0.0013432,-0.000757334,0.000556782,0.000316622,-0.000164227,0.000673907,0,0,0,0,0,0,0,-0.204456,26.6867,-24.6136,7.44724,0.819719,2.4996,0.0780126,-0.182018,2.15604,-3.02274,1.88456,0.180052,0.910603,0.0568035
1727580,0.99,-2.75261,-1.32534,1.01105,-1.94698,1.10108,1.16772,2.20138,-2.75266,-1.32422,1.00895,-1.94565,1.10136,1.16858,2.20139,-0.000869956,0.00024585,0.000608735,-0.000185624,7.63053e-06,0.000127874,0.000449271,0,0,0,0,0,0,0,-0.152882,26.7144,-24.6612,7.47104,0.825212,2.49319,0.0780126,-0.182614,2.15605,-3.02188,1.88406,0.180016,0.910476,0.057498
1727581,0.99,-2.75261,-1.32534,1.01105,-1.94698,1.10108,1.16772,2.20139,-2.75266,-1.32422,1.00895,-1.94565,1.10136,1.16858,2.20139,-2.31585e-05,-0.00104253,-0.000150989,0.000989875,5.08702e-06,8.52494e-05,0.00175758,0,0,0,0,0,0,0,-0.176685,26.766,-24.6374,7.42344,0.825212,2.49319,0.038645,-0.182222,2.15546,-3.02104,1.88399,0.180005,0.910321,0.0582228
1727582,0.99,-2.75261,-1.32534,1.01105,-1.94698,1.10108,1.16771,2.20138,-2.75266,-1.32422,1.00895,-1.94565,1.10136,1.16858,2.20139,-1.5439e-05,-4.54032e-05,0.000456153,0.000103105,0.000206842,-0.000417885,-0.00147314,0,0,0,0,0,0,0,-0.176685,26.7383,-24.6612,7.44724,0.819719,2.50601,0.110056,-0.18235,2.15622,-3.02118,1.88334,0.17997,0.910198,0.0589253
1727583,0.99,-2.75261,-1.32534,1.01105,-1.94698,1.10108,1.16772,2.20139,-2.75266,-1.32422,1.00895,-1.94565,1.10136,1.16858,2.20139,0.000639321,0.000526543,-0.00025271,6.87364e-05,-6.55559e-05,-4.1231e-05,0.000442061,0,0,0,0,0,0,0,-0.204456,26.7144,-24.6374,7.44724,0.825212,2.4996,0.071604,-0.183234,2.15725,-3.02137,1.88234,0.179902,0.910101,0.0595807
1727584,0.99,-2.75261,-1.32534,1.01105,-1.94698,1.10108,1.16772,2.20138,-2.75266,-1.32422,1.00895,-1.94565,1.10136,1.16858,2.20139,0.000426214,0.00100064,0.00103795,4.58242e-05,0.000159747,-2.74874e-05,-0.000654729,0,0,0,0,0,0,0,-0.204456,26.6867,-24.689,7.44724,0.819719,2.4996,0.0972387,-0.184249,2.15731,-3.02108,1.88161,0.179824,0.910027,0.0602058
1727585,0.99,-2.75261,-1.32534,1.01104,-1.94698,1.10108,1.16772,2.20139,-2.75266,-1.32422,1.00895,-1.94565,1.10136,1.16858,2.20139,-0.000922283,1.74812e-05,-0.00107127,-0.000526262,-9.69528e-05,-0.000255684,0.00197101,0,0,0,0,0,0,0,-0.152882,26.7144,-24.6136,7.47104,0.825212,2.50601,0.0322363,-0.184238,2.15609,-3.02032,1.88168,0.179788,0.909948,0.0608164
1727586,0.99,-2.75261,-1.32534,1.01105,-1.94698,1.10108,1.16772,2.20138,-2.75266,-1.32422,1.00895,-1.94565,1.10136,1.16858,2.20139,-0.000614855,0.00121808,0.000399444,-0.000350842,-6.46352e-05,-0.000170456,-0.00133085,0,0,0,0,0,0,0,-0.152882,26.6629,-24.6612,7.47104,0.825212,2.50601,0.103647,-0.181792,2.15319,-3.01884,1.88324,0.179862,0.909815,0.0613995
1727587,0.99,-2.75261,-1.32534,1.01105,-1.94698,1.10108,1.16772,2.20138,-2.75266,-1.32422,1.00895,-1.94565,1.10136,1.16858,2.20139,0.000796522,-0.000951184,0.000266296,-0.000233894,-4.30901e-05,0.000123722,0.000299562,0,0,0,0,0,0,0,-0.204456,26.7383,-24.6612,7.47104,0.825212,2.4996,0.071604,-0.178717,2.15023,-3.01757,1.88521,0.179972,0.909707,0.0619339
1727588,0.99,-2.75261,-1.32534,1.01105,-1.94698,1.10108,1.16772,2.20138,-2.75266,-1.32422,1.00895,-1.94565,1.10136,1.16858,2.20139,0.000531015,-7.7311e-05,0.000177531,-0.00015593,-2.87268e-05,0.00031984,0.000199708,0,0,0,0,0,0,0,-0.204456,26.7144,-24.6612,7.47104,0.825212,2.49319,0.071604,-0.177998,2.14954,-3.01753,1.88584,0.180001,0.909707,0.0624245
1727589,0.99,-2.75261,-1.32534,1.01104,-1.94698,1.10108,1.16772,2.20139,-2.75266,-1.32422,1.00895,-1.94565,1.10136,1.16858,2.20139,-0.000295604,-0.00125797,-0.00099527,-0.000103953,-0.000222602,-2.41322e-05,0.000607857,0,0,0,0,0,0,0,-0.176685,26.766,-24.6136,7.47104,0.830705,2.4996,0.0587866,-0.179188,2.15061,-3.01791,1.88528,0.179969,0.909734,0.0628801
1727590,0.99,-2.75261,-1.32534,1.01104,-1.94698,1.10108,1.16771,2.20139,-2.75266,-1.32422,1.00895,-1.94565,1.10136,1.16858,2.20139,-0.000197069,0.000367782,-0.000663513,0.00048751,-0.000555302,-0.000253447,0.00115122,0,0,0,0,0,0,0,-0.176685,26.7144,-24.6136,7.44724,0.841692,2.50601,0.038645,-0.180444,2.15167,-3.01752,1.88447,0.179938,0.909681,0.063292
1727591,0.99,-2.75261,-1.32534,1.01105,-1.94698,1.10108,1.16772,2.20138,-2.75266,-1.32422,1.00895,-1.94565,1.10136,1.16858,2.20139,-0.000688192,-0.000311624,0.00011447,-0.000231805,3.66996e-05,-0.000168965,-0.000215862,0,0,0,0,0,0,0,-0.152882,26.7383,-24.6374,7.47104,0.830705,2.50601,0.0651953,-0.180751,2.15189,-3.01652,1.884,0.179942,0.909568,0.0636421
1727592,0.99,-2.75261,-1.32534,1.01105,-1.94698,1.10108,1.16772,2.20139,-2.75266,-1.32422,1.00895,-1.94565,1.10136,1.16858,2.20139,0.000747632,0.000349062,0.000633125,-0.000154537,0.000227917,0.000124716,0.000568169,0,0,0,0,0,0,0,-0.204456,26.7144,-24.6612,7.47104,0.825212,2.4996,0.0459692,-0.180362,2.15183,-3.01606,1.88396,0.179983,0.909509,0.0639143
1727593,0.99,-2.75261,-1.32534,1.01104,-1.94698,1.10108,1.16772,2.20139,-2.75266,-1.32422,1.00895,-1.94565,1.10136,1.16858,2.20139,-0.000151193,0.000232708,-0.000134729,0.000453787,0.000151945,0.000320503,0.000378779,0,0,0,0,0,0,0,-0.176685,26.7144,-24.6374,7.44724,0.825212,2.49319,0.0459692,-0.180439,2.15198,-3.01622,1.88374,0.180011,0.909523,0.0641067
1727594,0.99,-2.75261,-1.32534,1.01105,-1.94698,1.10108,1.16772,2.20139,-2.75266,-1.32422,1.00895,-1.94565,1.10136,1.16858,2.20139,-0.000657607,0.000155139,0.000466993,-0.000254287,-0.000102154,0.000213669,0.000252519,0,0,0,0,0,0,0,-0.152882,26.7144,-24.6612,7.47104,0.830705,2.49319,0.0459692,-0.180307,2.15185,-3.01641,1.88358,0.180041,0.909539,0.0642183
1727595,0.99,-2.75261,-1.32534,1.01105,-1.94698,1.10108,1.16772,2.20139,-2.75266,-1.32422,1.00895,-1.94565,1.10136,1.16858,2.20139,-0.000438405,-0.000453386,-0.000245483,0.000387287,0.000135348,-0.000332272,0.000168346,0,0,0,0,0,0,0,-0.152882,26.7383,-24.6374,7.44724,0.825212,2.50601,0.0459692,-0.179133,2.15149,-3.01678,1.88388,0.180114,0.909536,0.064247
1727596,0.99,-2.75261,-1.32534,1.01105,-1.94698,1.10108,1.16772,2.20139,-2.75266,-1.32422,1.00895,-1.94565,1.10136,1.16858,2.20139,0.00147097,0.000254555,-0.000163656,-0.00029862,-0.000113219,-0.000221515,0.000620857,0,0,0,0,0,0,0,-0.22826,26.7144,-24.6374,7.47104,0.830705,2.50601,0.0322363,-0.178761,2.15154,-3.01702,1.88378,0.180166,0.909533,0.064195
1727597,0.99,-2.75261,-1.32534,1.01105,-1.94698,1.10108,1.16772,2.20139,-2.75266,-1.32422,1.00895,-1.94565,1.10136,1.16858,2.20139,-0.000225781,0.000169703,-0.000109104,0.000914544,0.000127971,8.96824e-05,-0.000806798,0,0,0,0,0,0,0,-0.176685,26.7144,-24.6374,7.42344,0.825212,2.4996,0.0651953,-0.180348,2.15197,-3.01668,1.88269,0.180139,0.909532,0.0640643
1727598,0.99,-2.75261,-1.32534,1.01105,-1.94698,1.10108,1.16771,2.20139,-2.75266,-1.32422,1.00895,-1.94565,1.10136,1.16858,2.20139,-0.00015052,0.000113135,-7.27358e-05,-0.000503928,-0.000118136,-0.000177571,0.000445479,0,0,0,0,0,0,0,-0.176685,26.7144,-24.6374,7.47104,0.830705,2.50601,0.038645,-0.181984,2.15211,-3.01603,1.88153,0.180101,0.909519,0.0638672
1727599,0.99,-2.75261,-1.32534,1.01104,-1.94698,1.10108,1.16772,2.20139,-2.75266,-1.32422,1.00895,-1.94565,1.10136,1.16858,2.20139,-0.000100347,-0.000481388,-0.00125492,0.000777672,-0.000485659,0.000356337,-0.000448999,0,0,0,0,0,0,0,-0.176685,26.7383,-24.5858,7.42344,0.841692,2.49319,0.0587866,-0.182666,2.15176,-3.01499,1.88083,0.180111,0.909467,0.0636237
1727600,0.99,-2.75261,-1.32534,1.01105,-1.94698,1.10108,1.16772,2.20139,-2.75266,-1.32422,1.00895,-1.94565,1.10136,1.16858,2.20139,-6.6898e-05,0.0008855,0.000926627,-0.000595176,8.31287e-05,-0.000474519,0.000175385,0,0,0,0,0,0,0,-0.176685,26.6867,-24.6612,7.47104,0.830705,2.51242,0.0459692,-0.182794,2.15106,-3.01366,1.88044,0.180161,0.909396,0.0633495
1727601,0.99,-2.75261,-1.32534,1.01105,-1.94698,1.10108,1.16772,2.20138,-2.75266,-1.32422,1.00895,-1.94565,1.10136,1.16858,2.20139,-4.45986e-05,-0.000616092,0.000617751,0.000160028,0.00046232,-7.89867e-05,-0.00178195,0,0,0,0,0,0,0,-0.176685,26.7383,-24.6612,7.44724,0.819719,2.50601,0.0972387,-0.182286,2.15059,-3.01343,1.8805,0.180254,0.909417,0.0630615
1727602,0.99,-2.75261,-1.32534,1.01105,-1.94698,1.10108,1.16771,2.20138,-2.75266,-1.32422,1.00895,-1.94565,1.10136,1.16858,2.20139,-0.000586544,0.000146084,0.000411834,0.000106685,0.000308213,0.000184701,-0.000475889,0,0,0,0,0,0,0,-0.152882,26.7144,-24.6612,7.44724,0.819719,2.4996,0.0780126,-0.181378,2.15095,-3.01469,1.88073,0.180369,0.90954,0.062786
1727603,0.99,-2.75261,-1.32534,1.01105,-1.94698,1.10108,1.16772,2.20138,-2.75266,-1.32422,1.00895,-1.94565,1.10136,1.16858,2.20139,-0.00039103,9.73891e-05,-0.000839068,-0.000485688,2.02511e-06,-0.000114225,-0.000791977,0,0,0,0,0,0,0,-0.152882,26.7144,-24.6136,7.47104,0.825212,2.50601,0.09083,-0.179797,2.15103,-3.01578,1.88126,0.180502,0.909647,0.0625643
1727604,0.99,-2.75261,-1.32534,1.01105,-1.94698,1.10108,1.16772,2.20138,-2.75266,-1.32422,1.00895,-1.94565,1.10136,1.16858,2.20139,0.00094574,6.49261e-05,0.000554245,0.000789832,1.35007e-06,0.000398568,0.000184092,0,0,0,0,0,0,0,-0.204456,26.7144,-24.6612,7.42344,0.825212,2.49319,0.071604,-0.178569,2.15056,-3.0159,1.88163,0.180605,0.909704,0.0624254
1727605,0.99,-2.75261,-1.32534,1.01105,-1.94698,1.10108,1.16771,2.20138,-2.75266,-1.32422,1.00895,-1.94565,1.10136,1.16858,2.20139,-1.91209e-05,-0.00116314,0.000369497,-0.000587069,-0.00020255,-0.000209006,-0.00035199,0,0,0,0,0,0,0,-0.176685,26.766,-24.6612,7.47104,0.830705,2.50601,0.0844213,-0.17928,2.15138,-3.01638,1.88088,0.180619,0.9098,0.062373
1727606,0.99,-2.75261,-1.32534,1.01105,-1.94698,1.10108,1.16771,2.20138,-2.75266,-1.32422,1.00895,-1.94565,1.10136,1.16858,2.20139,0.000636867,-0.000125814,-0.000310481,-0.00039138,-0.000135034,9.80217e-05,-0.000472019,0,0,0,0,0,0,0,-0.204456,26.7383,-24.6374,7.47104,0.830705,2.4996,0.09083,-0.18099,2.15345,-3.0176,1.8797,0.180611,0.909954,0.0624006
1727607,0.99,-2.75261,-1.32534,1.01105,-1.94698,1.10108,1.16772,2.20138,-2.75266,-1.32422,1.00895,-1.94565,1.10136,1.16858,2.20139,-0.000225036,-8.3876e-05,0.000349825,0.000295892,-9.00224e-05,-0.00040937,0.000397398,0,0,0,0,0,0,0,-0.176685,26.7383,-24.6612,7.44724,0.830705,2.51242,0.071604,-0.182534,2.15527,-3.01853,1.87878,0.18062,0.910092,0.0625063
1727608,0.99,-2.75261,-1.32534,1.01105,-1.94698,1.10108,1.16772,2.20138,-2.75266,-1.32422,1.00895,-1.94565,1.10136,1.16858,2.20139,0.00049959,-0.00126234,0.00143964,-0.000359551,0.000346886,-3.55545e-05,-0.000209786,0,0,0,0,0,0,0,-0.204456,26.7898,-24.7128,7.47104,0.819719,2.50601,0.0844213,-0.183938,2.15741,-3.02006,1.87785,0.180625,0.910263,0.0626848
1727609,0.99,-2.75261,-1.32534,1.01105,-1.94698,1.10108,1.16772,2.20138,-2.75266,-1.32422,1.00895,-1.94565,1.10136,1.16858,2.20139,-0.000316554,0.000921676,0.00040295,0.000317112,-0.000175644,-2.3703e-05,9.75015e-05,0,0,0,0,0,0,0,-0.176685,26.7144,-24.689,7.44724,0.830705,2.50601,0.0780126,-0.185037,2.1601,-3.02273,1.87702,0.180632,0.910499,0.0629203
1727610,0.99,-2.75261,-1.32534,1.01105,-1.94698,1.10108,1.16771,2.20138,-2.75266,-1.32422,1.00895,-1.94565,1.10136,1.16858,2.20139,-0.000211036,0.00061445,-0.000380981,0.000211408,-0.000320546,0.000221557,-0.000172358,0,0,0,0,0,0,0,-0.176685,26.7144,-24.6612,7.44724,0.836199,2.4996,0.0844213,-0.184901,2.16096,-3.02431,1.87685,0.180657,0.910658,0.0632004
1727611,0.99,-2.75261,-1.32534,1.01105,-1.94698,1.10108,1.16772,2.20138,-2.75266,-1.32422,1.00895,-1.94565,1.10136,1.16858,2.20139,-0.00134712,-0.000796792,-0.000253987,-0.000415873,-1.0247e-05,0.000147705,0.000122454,0,0,0,0,0,0,0,-0.125111,26.766,-24.6612,7.47104,0.830705,2.4996,0.0780126,-0.182925,2.15957,-3.02406,1.87765,0.180746,0.91067,0.0635147
1727612,0.99,-2.75261,-1.32534,1.01105,-1.94698,1.10108,1.16772,2.20138,-2.75266,-1.32422,1.00895,-1.94565,1.10136,1.16858,2.20139,0.000308348,0.00188166,-0.000169325,0.000279563,0.000196619,-0.000138889,-0.000155723,0,0,0,0,0,0,0,-0.176685,26.6629,-24.6612,7.44724,0.825212,2.50601,0.0844213,-0.179651,2.15693,-3.02278,1.8792,0.180899,0.910595,0.0638556
1727613,0.99,-2.75261,-1.32534,1.01105,-1.94698,1.10108,1.16772,2.20139,-2.75266,-1.32422,1.00895,-1.94565,1.10136,1.16858,2.20139,-0.000351247,-0.0005088,-0.000669695,0.000186375,0.000131079,-9.25928e-05,0.00132034,0,0,0,0,0,0,0,-0.152882,26.7383,-24.6374,7.44724,0.825212,2.50601,0.0459692,-0.176699,2.15344,-3.02051,1.8806,0.181029,0.910467,0.0642161
1727614,0.99,-2.75261,-1.32534,1.01105,-1.94698,1.10108,1.16771,2.20139,-2.75266,-1.32422,1.00895,-1.94565,1.10136,1.16858,2.20139,0.000972262,-0.0003392,-0.000446463,0.00012425,0.000290837,0.00017563,0.000642867,0,0,0,0,0,0,0,-0.204456,26.7383,-24.6374,7.44724,0.819719,2.4996,0.0523779,-0.175794,2.15095,-3.01801,1.8808,0.181078,0.910341,0.0645709
1727615,0.99,-2.75261,-1.32534,1.01105,-1.94698,1.10108,1.16771,2.20139,-2.75266,-1.32422,1.00895,-1.94565,1.10136,1.16858,2.20139,0.00120499,-0.000226133,0.00025917,-0.00112359,-0.00021301,-0.000357631,-0.000283499,0,0,0,0,0,0,0,-0.22826,26.7383,-24.6612,7.49881,0.830705,2.51242,0.071604,-0.17749,2.15058,-3.01631,1.87978,0.181051,0.91031,0.0648822
1727616,0.99,-2.75261,-1.32534,1.01105,-1.94698,1.10108,1.16772,2.20138,-2.75266,-1.32422,1.00895,-1.94565,1.10136,1.16858,2.20139,-0.000403102,0.000406056,-0.000384032,-0.00130587,6.1444e-05,0.000236297,-0.000188999,0,0,0,0,0,0,0,-0.176685,26.7144,-24.6374,7.52262,0.825212,2.4996,0.071604,-0.179521,2.15075,-3.01539,1.87918,0.181051,0.910385,0.0651367
1727617,0.99,-2.75261,-1.32534,1.01105,-1.94698,1.10108,1.16771,2.20139,-2.75266,-1.32422,1.00895,-1.94565,1.10136,1.16858,2.20139,0.000937691,0.000270704,-0.000256021,0.000335844,0.000244413,-7.98274e-05,0.00133206,0,0,0,0,0,0,0,-0.22826,26.7144,-24.6374,7.47104,0.819719,2.50601,0.0322363,-0.180307,2.1501,-3.01445,1.87959,0.181108,0.910471,0.0653464
1727618,0.99,-2.75261,-1.32534,1.01105,-1.94698,1.10108,1.16771,2.20139,-2.75266,-1.32422,1.00895,-1.94565,1.10136,1.16858,2.20139,-0.00113811,0.00018047,0.00103574,-0.000425718,-4.05084e-05,-5.32183e-05,-9.53026e-05,0,0,0,0,0,0,0,-0.152882,26.7144,-24.689,7.49881,0.825212,2.50601,0.0587866,-0.180385,2.14933,-3.01394,1.8802,0.181154,0.910554,0.065509
1727619,0.99,-2.75261,-1.32534,1.01105,-1.94698,1.10108,1.16772,2.20139,-2.75266,-1.32422,1.00895,-1.94565,1.10136,1.16858,2.20139,0.000447686,0.000120313,4.08827e-05,0.000365802,-2.70056e-05,-3.54789e-05,0.000411183,0,0,0,0,0,0,0,-0.204456,26.7144,-24.6612,7.47104,0.825212,2.50601,0.0459692,-0.179623,2.14903,-3.01464,1.88095,0.181188,0.910672,0.0656067
1727620,0.99,-2.75261,-1.32534,1.01105,-1.94698,1.10108,1.16771,2.20138,-2.75266,-1.32422,1.00895,-1.94565,1.10136,1.16858,2.20139,0.000298457,8.02087e-05,0.000676869,-0.000405746,0.000185447,-2.36526e-05,-0.00138739,0,0,0,0,0,0,0,-0.204456,26.7144,-24.689,7.49881,0.819719,2.50601,0.09083,-0.179149,2.14933,-3.01601,1.88142,0.181184,0.91082,0.0656331
1727621,0.99,-2.75261,-1.32534,1.01105,-1.94698,1.10108,1.16771,2.20139,-2.75266,-1.32422,1.00895,-1.94565,1.10136,1.16858,2.20139,0.000198971,5.34725e-05,-0.00075518,0.000379117,0.000123631,-0.000253127,0.00171993,0,0,0,0,0,0,0,-0.204456,26.7144,-24.6374,7.47104,0.819719,2.51242,0.0194189,-0.179745,2.15001,-3.01717,1.88131,0.18112,0.910964,0.0656079
1727622,0.99,-2.75261,-1.32534,1.01105,-1.94698,1.10108,1.16772,2.20139,-2.75266,-1.32422,1.00895,-1.94565,1.10136,1.16858,2.20139,-0.000516966,3.56483e-05,0.000702973,0.000252744,-0.000527931,-0.000168752,-7.40834e-05,0,0,0,0,0,0,0,-0.176685,26.7144,-24.689,7.47104,0.836199,2.51242,0.0523779,-0.180483,2.15054,-3.01788,1.88103,0.181032,0.911067,0.0655477
1727623,0.99,-2.75261,-1.32534,1.01105,-1.94698,1.10108,1.16772,2.20139,-2.75266,-1.32422,1.00895,-1.94565,1.10136,1.16858,2.20139,0.00030497,2.37655e-05,0.000468648,0.000168496,-0.000351954,0.000124858,0.00018797,0,0,0,0,0,0,0,-0.204456,26.7144,-24.689,7.47104,0.836199,2.50601,0.0459692,-0.180908,2.15121,-3.01893,1.8808,0.180945,0.911181,0.0654387
1727624,0.99,-2.75261,-1.32534,1.01105,-1.94698,1.10108,1.16772,2.20139,-2.75266,-1.32422,1.00895,-1.94565,1.10136,1.16858,2.20139,-0.000446301,0.000665458,-0.00145081,0.000112331,-0.000234636,8.32386e-05,-0.000824122,0,0,0,0,0,0,0,-0.176685,26.6867,-24.6136,7.47104,0.836199,2.50601,0.071604,-0.181023,2.15132,-3.01951,1.88077,0.180883,0.911273,0.0652727
1727625,0.99,-2.75261,-1.32534,1.01105,-1.94698,1.10108,1.16771,2.20139,-2.75266,-1.32422,1.00895,-1.94565,1.10136,1.16858,2.20139,0.00035208,-0.000762787,0.00014642,-0.000574727,0.000250477,-0.000419225,0.000908647,0,0,0,0,0,0,0,-0.204456,26.7383,-24.6612,7.49881,0.825212,2.51882,0.0322363,-0.180903,2.1504,-3.01873,1.88107,0.180866,0.911296,0.0650675
1727626,0.99,-2.75261,-1.32534,1.01105,-1.94698,1.10108,1.16772,2.20139,-2.75266,-1.32422,1.00895,-1.94565,1.10136,1.16858,2.20139,-0.000414894,0.000697901,0.00130404,-0.000383151,-3.64658e-05,0.000669952,0.0015552,0,0,0,0,0,0,0,-0.176685,26.6867,-24.7128,7.49881,0.830705,2.49319,0.00660151,-0.180489,2.14978,-3.01858,1.88177,0.18091,0.911382,0.0648391
1727627,0.99,-2.75261,-1.32534,1.01105,-1.94698,1.10108,1.16772,2.20139,-2.75266,-1.32422,1.00895,-1.94565,1.10136,1.16858,2.20139,-0.000833408,-0.000741159,-0.000893878,0.000950992,0.000382591,-2.80831e-05,-0.000149994,0,0,0,0,0,0,0,-0.152882,26.7383,-24.6374,7.44724,0.819719,2.50601,0.038645,-0.179473,2.14967,-3.0196,1.88272,0.180987,0.911528,0.0645645
1727628,0.99,-2.75261,-1.32534,1.01105,-1.94698,1.10108,1.16771,2.20139,-2.75266,-1.32422,1.00895,-1.94565,1.10136,1.16858,2.20139,1.2067e-06,0.00126913,0.000610507,-0.000572431,5.16098e-05,-1.87221e-05,0.000137363,0,0,0,0,0,0,0,-0.176685,26.6629,-24.689,7.49881,0.825212,2.50601,0.0322363,-0.178021,2.14913,-3.02029,1.88366,0.181062,0.911622,0.0642108
1727629,0.99,-2.75261,-1.32534,1.01105,-1.94698,1.10108,1.16771,2.20139,-2.75266,-1.32422,1.00895,-1.94565,1.10136,1.16858,2.20139,8.04467e-07,-0.00212358,0.000963817,0.000824805,3.44066e-05,-0.00024984,9.15751e-05,0,0,0,0,0,0,0,-0.176685,26.7898,-24.7128,7.44724,0.825212,2.51242,0.0322363,-0.177288,2.14933,-3.02154,1.88414,0.181101,0.911753,0.0637795
1727630,0.99,-2.75261,-1.32534,1.01105,-1.94698,1.10108,1.16772,2.20139,-2.75266,-1.32422,1.00895,-1.94565,1.10136,1.16858,2.20139,-0.000556276,0.000347521,8.57325e-05,-0.000656556,2.29377e-05,-0.00016656,0.000535768,0,0,0,0,0,0,0,-0.152882,26.7144,-24.689,7.49881,0.825212,2.51242,0.0194189,-0.177611,2.15142,-3.02429,1.88395,0.181104,0.911978,0.0632832
1727631,0.99,-2.75261,-1.32534,1.01105,-1.94698,1.10108,1.16772,2.20139,-2.75266,-1.32422,1.00895,-1.94565,1.10136,1.16858,2.20139,0.000835575,-0.000974745,-0.000592459,0.00021191,-0.000391609,-0.00011104,-0.000354898,0,0,0,0,0,0,0,-0.204456,26.766,-24.6612,7.47104,0.836199,2.51242,0.038645,-0.178431,2.15371,-3.02672,1.8836,0.181101,0.912198,0.0627278
1727632,0.99,-2.75261,-1.32534,1.01105,-1.94698,1.10108,1.16772,2.20139,-2.75266,-1.32422,1.00895,-1.94565,1.10136,1.16858,2.20139,0.00055705,0.00120621,-0.000394973,0.000698085,-5.76223e-05,0.000400691,0.000238119,0,0,0,0,0,0,0,-0.204456,26.6867,-24.6612,7.44724,0.830705,2.4996,0.0258276,-0.180497,2.15503,-3.02728,1.8827,0.18104,0.912338,0.0621185
1727633,0.99,-2.75261,-1.32534,1.01105,-1.94698,1.10108,1.16772,2.20139,-2.75266,-1.32422,1.00895,-1.94565,1.10136,1.16858,2.20139,-0.000278247,-0.000402286,0.000386299,-9.14218e-05,0.000368486,-0.00020759,-0.000587239,0,0,0,0,0,0,0,-0.176685,26.7383,-24.689,7.47104,0.819719,2.51242,0.0459692,-0.1831,2.15533,-3.02663,1.88147,0.180936,0.912419,0.0614713
1727634,0.99,-2.75261,-1.32534,1.01105,-1.94698,1.10108,1.16772,2.20139,-2.75266,-1.32422,1.00895,-1.94565,1.10136,1.16858,2.20139,-0.000185498,0.000288621,0.000814345,0.00105268,0.000245657,0.000336324,-0.000866211,0,0,0,0,0,0,0,-0.176685,26.7144,-24.7128,7.42344,0.819719,2.4996,0.0587866,-0.184704,2.15536,-3.02656,1.88061,0.180852,0.912518,0.0608067
1727635,0.99,-2.75261,-1.32534,1.01105,-1.94698,1.10108,1.16772,2.20139,-2.75266,-1.32422,1.00895,-1.94565,1.10136,1.16858,2.20139,-0.000680477,-0.00101401,0.000542896,-0.00041184,-0.000243129,-1.31428e-05,-0.000340115,0,0,0,0,0,0,0,-0.152882,26.766,-24.7128,7.47104,0.830705,2.50601,0.0523779,-0.185231,2.15607,-3.02792,1.8801,0.180802,0.91267,0.0601521
1727636,0.99,-2.75261,-1.32534,1.01105,-1.94698,1.10108,1.16772,2.20138,-2.75266,-1.32422,1.00895,-1.94565,1.10136,1.16858,2.20139,0.00010316,-2.63939e-05,-0.00140131,-0.00027456,4.13642e-05,0.000228597,-0.00093882,0,0,0,0,0,0,0,-0.176685,26.7383,-24.6374,7.47104,0.825212,2.4996,0.071604,-0.184773,2.15672,-3.02935,1.8802,0.180815,0.912805,0.0595378
1727637,0.99,-2.75261,-1.32534,1.01105,-1.94698,1.10108,1.16772,2.20138,-2.75266,-1.32422,1.00895,-1.94565,1.10136,1.16858,2.20139,6.87736e-05,0.000539216,0.000272221,-0.00018304,-0.000175874,-0.000559679,-0.00133796,0,0,0,0,0,0,0,-0.176685,26.7144,-24.689,7.47104,0.830705,2.51882,0.09083,-0.18388,2.1561,-3.02927,1.88086,0.180869,0.912857,0.0589897
1727638,0.99,-2.75261,-1.32534,1.01105,-1.94698,1.10108,1.16772,2.20138,-2.75266,-1.32422,1.00895,-1.94565,1.10136,1.16858,2.20139,-0.000510963,0.000359477,0.000181481,-0.000771641,-0.00011725,0.000101599,-0.000179894,0,0,0,0,0,0,0,-0.152882,26.7144,-24.689,7.49881,0.830705,2.50601,0.071604,-0.18231,2.15425,-3.02851,1.88219,0.180954,0.912889,0.0585428
1727639,0.99,-2.75261,-1.32534,1.01105,-1.94698,1.10108,1.16772,2.20138,-2.75266,-1.32422,1.00895,-1.94565,1.10136,1.16858,2.20139,0.000865784,-0.00031716,0.000677799,-0.00162805,-7.81664e-05,6.77325e-05,-0.00106937,0,0,0,0,0,0,0,-0.204456,26.7383,-24.7128,7.54642,0.830705,2.50601,0.0972387,-0.18004,2.1523,-3.0285,1.8843,0.1811,0.912999,0.0582235
1727640,0.99,-2.75261,-1.32534,1.01105,-1.94698,1.10108,1.16772,2.20138,-2.75266,-1.32422,1.00895,-1.94565,1.10136,1.16858,2.20139,-0.000629237,0.000345372,-0.00075456,-0.00108537,-5.21109e-05,-0.000429563,0.000473884,0,0,0,0,0,0,0,-0.152882,26.7144,-24.6612,7.54642,0.830705,2.51882,0.0651953,-0.177655,2.15059,-3.02894,1.88695,0.181299,0.913169,0.0580379
1727641,0.99,-2.75261,-1.32534,1.01105,-1.94698,1.10108,1.16772,2.20138,-2.75266,-1.32422,1.00895,-1.94565,1.10136,1.16858,2.20139,0.000137321,-0.000976178,0.000703386,-0.000166766,-3.47406e-05,0.000188343,-0.000633513,0,0,0,0,0,0,0,-0.176685,26.766,-24.7128,7.52262,0.830705,2.50601,0.09083,-0.175375,2.14922,-3.02943,1.88958,0.181506,0.913334,0.057979
1727642,0.99,-2.75261,-1.32534,1.01105,-1.94698,1.10108,1.16771,2.20138,-2.75266,-1.32422,1.00895,-1.94565,1.10136,1.16858,2.20139,9.15473e-05,-1.17146e-06,-0.00129431,0.00220887,0.000383741,-0.000349156,0.000289735,0,0,0,0,0,0,0,-0.176685,26.7383,-24.6374,7.42344,0.819719,2.51882,0.071604,-0.175026,2.14933,-3.02995,1.89042,0.181582,0.913452,0.0580245
1727643,0.99,-2.75261,-1.32534,1.01105,-1.94698,1.10108,1.16771,2.20138,-2.75266,-1.32422,1.00895,-1.94565,1.10136,1.16858,2.20139,0.000710645,0.000556031,0.00034355,0.00091577,0.000255827,-0.000232771,-4.42023e-05,0,0,0,0,0,0,0,-0.204456,26.7144,-24.689,7.44724,0.819719,2.51882,0.0780126,-0.177699,2.15053,-3.02971,1.88864,0.181437,0.913488,0.058157
1727644,0.99,-2.75261,-1.32534,1.01105,-1.94698,1.10108,1.16772,2.20139,-2.75266,-1.32422,1.00895,-1.94565,1.10136,1.16858,2.20139,-0.000732662,-0.000186125,0.000229033,0.000610513,-0.00023635,0.000319537,0.000682609,0,0,0,0,0,0,0,-0.152882,26.7383,-24.689,7.44724,0.830705,2.50601,0.0587866,-0.181172,2.15175,-3.02928,1.886,0.181201,0.913513,0.0583636
1727645,0.99,-2.75261,-1.32534,1.01105,-1.94698,1.10107,1.16772,2.20138,-2.75266,-1.32422,1.00895,-1.94565,1.10136,1.16858,2.20139,6.83704e-05,-0.000124083,-0.000496925,0.000407009,-0.000564467,0.000213025,-0.000731722,0,0,0,0,0,0,0,-0.176685,26.7383,-24.6612,7.44724,0.841692,2.50601,0.09083,-0.183383,2.15279,-3.02936,1.88404,0.18102,0.913571,0.0586196
1727646,0.99,-2.75261,-1.32534,1.01105,-1.94698,1.10108,1.16772,2.20138,-2.75266,-1.32422,1.00895,-1.94565,1.10136,1.16858,2.20139,4.55803e-05,-8.27221e-05,0.000318331,-0.000935087,-0.000172861,-0.00057006,-0.000725174,0,0,0,0,0,0,0,-0.176685,26.7383,-24.689,7.49881,0.836199,2.52523,0.0972387,-0.184319,2.15343,-3.02957,1.88311,0.180941,0.913662,0.0589078
1727647,0.99,-2.75261,-1.32534,1.01105,-1.94698,1.10107,1.16772,2.20138,-2.75266,-1.32422,1.00895,-1.94565,1.10136,1.16858,2.20139,3.03869e-05,0.00115128,-0.000994206,2.62228e-05,-0.000318691,9.46777e-05,0.000228628,0,0,0,0,0,0,0,-0.176685,26.6867,-24.6374,7.47104,0.841692,2.51242,0.0780126,-0.184055,2.1529,-3.02933,1.88342,0.180975,0.91378,0.05924
1727648,0.99,-2.75261,-1.32534,1.01105,-1.94698,1.10108,1.16772,2.20139,-2.75266,-1.32422,1.00895,-1.94565,1.10136,1.16858,2.20139,2.02579e-05,-0.000438907,0.00110043,1.74818e-05,0.00019444,0.000300477,0.000864495,0,0,0,0,0,0,0,-0.176685,26.7383,-24.7128,7.47104,0.830705,2.50601,0.0587866,-0.183058,2.15147,-3.02875,1.88438,0.181076,0.913909,0.0596252
1727649,0.99,-2.75261,-1.32534,1.01105,-1.94698,1.10108,1.16771,2.20138,-2.75266,-1.32422,1.00895,-1.94565,1.10136,1.16858,2.20139,0.000663119,-0.000942219,0.000733623,1.16546e-05,0.000129627,0.000200318,-0.000135747,0,0,0,0,0,0,0,-0.204456,26.766,-24.7128,7.47104,0.830705,2.50601,0.0780126,-0.182928,2.15179,-3.0298,1.88472,0.181172,0.914144,0.060039
1727650,0.99,-2.75261,-1.32534,1.01105,-1.94698,1.10108,1.16772,2.20138,-2.75266,-1.32422,1.00895,-1.94565,1.10136,1.16858,2.20139,0.000442079,2.14681e-05,-0.00127416,7.76971e-06,0.000493319,0.000370904,-0.000327857,0,0,0,0,0,0,0,-0.204456,26.7383,-24.6374,7.47104,0.819719,2.4996,0.0844213,-0.184374,2.15394,-3.03184,1.88408,0.181232,0.914437,0.0604505
1727651,0.99,-2.75261,-1.32534,1.01105,-1.94698,1.10108,1.16771,2.20138,-2.75266,-1.32422,1.00895,-1.94565,1.10136,1.16858,2.20139,-0.000354894,0.000571124,-0.000292625,0.000561992,-7.80218e-05,-0.000227448,-0.000218571,0,0,0,0,0,0,0,-0.176685,26.7144,-24.6612,7.44724,0.830705,2.51242,0.0844213,-0.186007,2.15508,-3.03223,1.88329,0.181276,0.914607,0.0608565
1727652,0.99,-2.75261,-1.32534,1.01105,-1.94698,1.10108,1.16772,2.20138,-2.75266,-1.32422,1.00895,-1.94565,1.10136,1.16858,2.20139,-0.000793408,-0.000825677,0.00045453,-0.000182151,0.000151436,-0.000388991,9.16448e-05,0,0,0,0,0,0,0,-0.152882,26.766,-24.689,7.47104,0.825212,2.51882,0.0780126,-0.186123,2.15498,-3.03192,1.88319,0.181358,0.914692,0.0612708
1727653,0.99,-2.75261,-1.32534,1.01105,-1.94698,1.10108,1.16772,2.20138,-2.75266,-1.32422,1.00895,-1.94565,1.10136,1.16858,2.20139,-0.000528939,9.91629e-05,-0.000346594,-0.000771048,0.000100957,0.00021539,-0.000176262,0,0,0,0,0,0,0,-0.152882,26.7383,-24.6612,7.49881,0.825212,2.50601,0.0844213,-0.184275,2.15474,-3.03245,1.88417,0.181522,0.914799,0.061698
1727654,0.99,-2.75261,-1.32534,1.01105,-1.94698,1.10108,1.16771,2.20139,-2.75266,-1.32422,1.00895,-1.94565,1.10136,1.16858,2.20139,0.00141061,6.61086e-05,0.00153218,0.000135582,-0.000339596,-9.37653e-05,0.00157791,0,0,0,0,0,0,0,-0.22826,26.7383,-24.7366,7.47104,0.836199,2.51242,0.038645,-0.182301,2.15483,-3.03371,1.88546,0.181699,0.914974,0.0621338
1727655,0.99,-2.75261,-1.32534,1.01105,-1.94698,1.10108,1.16771,2.20138,-2.75266,-1.32422,1.00895,-1.94565,1.10136,1.16858,2.20139,-0.000266018,4.40724e-05,0.000464638,0.0006472,-2.29469e-05,-0.000299869,-0.00040612,0,0,0,0,0,0,0,-0.176685,26.7383,-24.7128,7.44724,0.830705,2.51882,0.0780126,-0.182255,2.15609,-3.03592,1.8857,0.181776,0.91524,0.0625567
1727656,0.99,-2.75261,-1.32534,1.01105,-1.94698,1.10108,1.16771,2.20139,-2.75266,-1.32422,1.00895,-1.94565,1.10136,1.16858,2.20139,-0.000177345,0.000586194,-0.000247053,-0.000125345,0.000188153,-0.000199913,0.000916048,0,0,0,0,0,0,0,-0.176685,26.7144,-24.689,7.47104,0.825212,2.51882,0.0459692,-0.182724,2.15732,-3.03805,1.88547,0.1818,0.915497,0.0629385
1727657,0.99,-2.75261,-1.32534,1.01105,-1.94698,1.10108,1.16771,2.20139,-2.75266,-1.32422,1.00895,-1.94565,1.10136,1.16858,2.20139,-0.00011823,0.000390796,-0.000814316,0.00103006,-7.80155e-05,0.000341443,0.00037334,0,0,0,0,0,0,0,-0.176685,26.7144,-24.6612,7.42344,0.830705,2.50601,0.0523779,-0.182435,2.15691,-3.0384,1.88549,0.181831,0.915624,0.063265
1727658,0.99,-2.75261,-1.32534,1.01105,-1.94698,1.10108,1.16771,2.20139,-2.75266,-1.32422,1.00895,-1.94565,1.10136,1.16858,2.20139,-7.88201e-05,-0.000296281,0.000663549,-0.00107653,-5.20103e-05,-9.73047e-06,1.15342e-05,0,0,0,0,0,0,0,-0.176685,26.7383,-24.7128,7.49881,0.830705,2.51242,0.0587866,-0.181846,2.15571,-3.03774,1.88564,0.181873,0.915683,0.0635233
1727659,0.99,-2.75261,-1.32534,1.01105,-1.94698,1.10108,1.16771,2.20138,-2.75266,-1.32422,1.00895,-1.94565,1.10136,1.16858,2.20139,-5.25467e-05,0.000359291,-0.000114446,-0.0012745,-3.46735e-05,0.000230872,-0.00022967,0,0,0,0,0,0,0,-0.176685,26.7144,-24.689,7.52262,0.830705,2.50601,0.0651953,-0.180401,2.15452,-3.03758,1.88667,0.181997,0.915796,0.0637097
1727660,0.99,-2.75261,-1.32534,1.01105,-1.94698,1.10108,1.16771,2.20138,-2.75266,-1.32422,1.00895,-1.94565,1.10136,1.16858,2.20139,-0.000591843,0.000239527,0.000480514,0.000913572,-2.31157e-05,0.000391274,-0.000153113,0,0,0,0,0,0,0,-0.152882,26.7144,-24.7128,7.44724,0.830705,2.4996,0.0651953,-0.178064,2.15314,-3.03788,1.88847,0.182181,0.915941,0.0638367
1727661,0.98,-2.75261,-1.32534,1.01105,-1.94698,1.10108,1.16771,2.20139,-2.75266,-1.32422,1.00895,-1.94565,1.10136,1.16858,2.20139,0.000811864,0.00136611,-0.000236469,5.22358e-05,-0.000422312,-0.000451228,0.00111863,0,0,0,0,0,0,0,-0.204456,26.6629,-24.689,7.47104,0.841692,2.51882,0.0322363,-0.176279,2.15156,-3.03789,1.8897,0.182306,0.916041,0.0639193
1727662,0.98,-2.75261,-1.32534,1.01105,-1.94698,1.10108,1.16771,2.20138,-2.75266,-1.32422,1.00895,-1.94565,1.10136,1.16858,2.20139,-0.0013148,0.000353929,0.000399166,-0.00061479,0.00012536,0.000411258,-0.00071231,0,0,0,0,0,0,0,-0.125111,26.6867,-24.7128,7.49881,0.830705,2.4996,0.071604,-0.17469,2.14935,-3.03742,1.89074,0.182407,0.916096,0.063961
1727663,0.98,-2.75261,-1.32534,1.01105,-1.94698,1.10108,1.16772,2.20139,-2.75266,-1.32422,1.00895,-1.94565,1.10136,1.16858,2.20139,0.000979508,0.000235952,-0.000940315,-0.00040986,0.000490474,0.000274172,0.000237203,0,0,0,0,0,0,0,-0.204456,26.6867,-24.6612,7.49881,0.819719,2.4996,0.0523779,-0.172622,2.14669,-3.03668,1.89221,0.182552,0.916121,0.0639549
1727664,0.98,-2.75261,-1.32534,1.01105,-1.94698,1.10108,1.16771,2.20139,-2.75266,-1.32422,1.00895,-1.94565,1.10136,1.16858,2.20139,3.3916e-06,-0.000492312,0.000579549,0.000376374,0.000123532,-5.45775e-05,-7.92234e-05,0,0,0,0,0,0,0,-0.176685,26.7144,-24.7128,7.47104,0.825212,2.50601,0.0587866,-0.172049,2.1452,-3.03613,1.89284,0.182652,0.916142,0.0639067
1727665,0.98,-2.75261,-1.32534,1.01105,-1.94698,1.10108,1.16772,2.20139,-2.75266,-1.32422,1.00895,-1.94565,1.10136,1.16858,2.20139,-0.000554551,-0.000328208,0.000943178,-0.000398698,0.000285805,-0.000511103,0.000421902,0,0,0,0,0,0,0,-0.152882,26.7144,-24.7366,7.49881,0.819719,2.51882,0.0459692,-0.172806,2.14578,-3.03712,1.89252,0.182687,0.916229,0.0638293
1727666,0.98,-2.75261,-1.32534,1.01105,-1.94698,1.10108,1.16772,2.20138,-2.75266,-1.32422,1.00895,-1.94565,1.10136,1.16858,2.20139,0.000836725,-0.00142523,-0.000484839,0.00149744,-0.000216364,0.000133983,-0.000668168,0,0,0,0,0,0,0,-0.204456,26.766,-24.689,7.42344,0.830705,2.50601,0.071604,-0.174468,2.14844,-3.03976,1.89134,0.182661,0.916377,0.063723
1727667,0.98,-2.75261,-1.32534,1.01105,-1.94698,1.10108,1.16772,2.20139,-2.75266,-1.32422,1.00895,-1.94565,1.10136,1.16858,2.20139,-9.17971e-05,0.000256272,0.000233586,-0.000115331,-0.000144243,-0.000622755,2.92728e-05,0,0,0,0,0,0,0,-0.176685,26.7144,-24.7128,7.47104,0.830705,2.52523,0.0587866,-0.177876,2.15228,-3.04243,1.88886,0.182532,0.916512,0.0635909
1727668,0.98,-2.75261,-1.32534,1.01105,-1.94698,1.10108,1.16772,2.20138,-2.75266,-1.32422,1.00895,-1.94565,1.10136,1.16858,2.20139,-6.1198e-05,-0.00103558,0.000155724,0.000479925,0.000107289,-0.000177811,-0.000217844,0,0,0,0,0,0,0,-0.176685,26.766,-24.7128,7.44724,0.825212,2.51882,0.0651953,-0.181276,2.15582,-3.04471,1.88637,0.182388,0.916632,0.0634538
1727669,0.98,-2.75261,-1.32534,1.01105,-1.94698,1.10108,1.16772,2.20139,-2.75266,-1.32422,1.00895,-1.94565,1.10136,1.16858,2.20139,-4.07987e-05,0.00116565,-0.000452996,0.000876762,-0.000131925,0.000118818,0.000566848,0,0,0,0,0,0,0,-0.176685,26.6867,-24.689,7.42344,0.830705,2.51242,0.0459692,-0.183574,2.15809,-3.0463,1.88449,0.182274,0.916723,0.0633254
1727670,0.98,-2.75261,-1.32534,1.01105,-1.94698,1.10108,1.16772,2.20139,-2.75266,-1.32422,1.00895,-1.94565,1.10136,1.16858,2.20139,-2.71991e-05,0.000777103,0.000254815,-0.000529116,-8.79498e-05,-0.000158147,0.00136124,0,0,0,0,0,0,0,-0.176685,26.6867,-24.7128,7.47104,0.830705,2.51882,0.0194189,-0.184501,2.15802,-3.04645,1.88349,0.182193,0.916754,0.0632046
1727671,0.98,-2.75261,-1.32534,1.01105,-1.94698,1.10108,1.16772,2.20139,-2.75266,-1.32422,1.00895,-1.94565,1.10136,1.16858,2.20139,0.000631481,-0.000131545,0.000726688,-0.00100236,-5.86332e-05,-0.00034279,-0.000550567,0,0,0,0,0,0,0,-0.204456,26.7144,-24.7366,7.49881,0.830705,2.52523,0.0587866,-0.184015,2.1564,-3.04629,1.88381,0.182199,0.91683,0.0630677
1727672,0.98,-2.75261,-1.32534,1.01106,-1.94698,1.10108,1.16771,2.20139,-2.75266,-1.32422,1.00895,-1.94565,1.10136,1.16858,2.20139,0.000420987,-0.000644509,0.00169088,-1.86247e-05,-3.90888e-05,0.000246191,0.000378941,0,0,0,0,0,0,0,-0.204456,26.7383,-24.7881,7.47104,0.830705,2.51242,0.038645,-0.183671,2.15604,-3.04797,1.88447,0.182251,0.917083,0.0628852
1727673,0.98,-2.75261,-1.32534,1.01105,-1.94698,1.10108,1.16771,2.20139,-2.75266,-1.32422,1.00895,-1.94565,1.10136,1.16858,2.20139,0.00083747,-0.000429673,-0.000635981,-0.00066203,-0.00022951,0.000401486,-0.000255999,0,0,0,0,0,0,0,-0.22826,26.7383,-24.7128,7.49881,0.836199,2.50601,0.0523779,-0.184525,2.15752,-3.05108,1.88453,0.182286,0.917448,0.0626545
1727674,0.98,-2.75261,-1.32534,1.01105,-1.94698,1.10108,1.16771,2.20139,-2.75266,-1.32422,1.00895,-1.94565,1.10136,1.16858,2.20139,-0.000648112,-0.000286448,0.000132824,0.00020826,-0.000153006,3.02986e-05,0.000575319,0,0,0,0,0,0,0,-0.176685,26.7383,-24.7366,7.47104,0.836199,2.51242,0.0322363,-0.18568,2.159,-3.05349,1.88436,0.182326,0.917752,0.0623848
1727675,0.99,-2.75261,-1.32534,1.01105,-1.94698,1.10108,1.16771,2.20139,-2.75266,-1.32422,1.00895,-1.94565,1.10136,1.16858,2.20139,0.000774351,0.00101546,-0.000468262,-0.000510774,-0.000102004,-0.00021716,0.000146187,0,0,0,0,0,0,0,-0.22826,26.6867,-24.7128,7.49881,0.836199,2.51882,0.038645,-0.185961,2.15893,-3.05437,1.88464,0.182402,0.917929,0.0620838
1727676,0.99,-2.75261,-1.32534,1.01105,-1.94698,1.10108,1.16771,2.20139,-2.75266,-1.32422,1.00895,-1.94565,1.10136,1.16858,2.20139,-0.000690192,-0.00117907,-0.000312175,0.00086591,-6.80029e-05,-0.000144773,-0.000411168,0,0,0,0,0,0,0,-0.176685,26.766,-24.7128,7.44724,0.836199,2.51882,0.0523779,-0.18584,2.1578,-3.05415,1.88504,0.182487,0.918015,0.0617485
1727677,0.99,-2.75261,-1.32534,1.01105,-1.94698,1.10108,1.16771,2.20139,-2.75266,-1.32422,1.00895,-1.94565,1.10136,1.16858,2.20139,-0.00101694,0.000420382,-0.000764929,2.04614e-05,0.000158115,-9.65155e-05,0.000709232,0,0,0,0,0,0,0,-0.152882,26.7144,-24.689,7.47104,0.830705,2.51882,0.0258276,-0.185094,2.15644,-3.05349,1.88542,0.182592,0.918027,0.0613806
1727678,0.99,-2.75261,-1.32534,1.01105,-1.94698,1.10108,1.16771,2.20139,-2.75266,-1.32422,1.00895,-1.94565,1.10136,1.16858,2.20139,-0.000121148,-0.000276557,-0.00115957,1.3641e-05,0.000512311,0.000410374,-0.000273164,0,0,0,0,0,0,0,-0.176685,26.7383,-24.6612,7.47104,0.819719,2.50601,0.0459692,-0.183135,2.15427,-3.05207,1.88625,0.182743,0.917958,0.0609889
1727679,0.99,-2.75261,-1.32534,1.01105,-1.94698,1.10108,1.16771,2.20139,-2.75266,-1.32422,1.00895,-1.94565,1.10136,1.16858,2.20139,-8.07653e-05,0.00102205,0.000433382,-0.00064052,-0.000268811,0.000273583,0.00103859,0,0,0,0,0,0,0,-0.176685,26.6867,-24.7128,7.49881,0.836199,2.50601,0.0130102,-0.18076,2.15126,-3.05006,1.88752,0.182917,0.917875,0.0605738
1727680,0.99,-2.75261,-1.32534,1.01105,-1.94698,1.10108,1.16772,2.20138,-2.75266,-1.32422,1.00895,-1.94565,1.10136,1.16858,2.20139,0.00115258,0.000681369,0.000845733,-0.000427013,2.42434e-05,0.000657106,-0.00147774,0,0,0,0,0,0,0,-0.22826,26.6867,-24.7366,7.49881,0.830705,2.49319,0.071604,-0.178925,2.1484,-3.04888,1.88894,0.183073,0.917895,0.0601313
1727681,0.99,-2.75261,-1.32534,1.01106,-1.94698,1.10108,1.16771,2.20139,-2.75266,-1.32422,1.00895,-1.94565,1.10136,1.16858,2.20139,0.000211576,-0.00140179,0.00121344,-0.000284676,0.000423063,-0.000511365,0.0004729,0,0,0,0,0,0,0,-0.204456,26.766,-24.7643,7.49881,0.819719,2.51882,0.0322363,-0.17881,2.1476,-3.04997,1.88967,0.183168,0.918086,0.0596647
1727682,0.99,-2.75261,-1.32534,1.01105,-1.94698,1.10108,1.16771,2.20139,-2.75266,-1.32422,1.00895,-1.94565,1.10136,1.16858,2.20139,-0.00171499,-0.000284915,-0.000954281,-0.000746596,-0.000124859,-0.000103551,-0.00019336,0,0,0,0,0,0,0,-0.125111,26.7383,-24.689,7.52262,0.830705,2.51242,0.0459692,-0.178901,2.1488,-3.05284,1.89021,0.183268,0.918343,0.0591947
1727683,0.99,-2.75261,-1.32534,1.01105,-1.94698,1.10108,1.16771,2.20139,-2.75266,-1.32422,1.00895,-1.94565,1.10136,1.16858,2.20139,-0.00114333,-0.000189943,0.000477437,0.000708695,-0.00049014,-0.000306393,-0.000128906,0,0,0,0,0,0,0,-0.125111,26.7383,-24.7366,7.47104,0.841692,2.51882,0.0459692,-0.176579,2.14936,-3.05544,1.89181,0.183452,0.918496,0.0587341
1727684,0.99,-2.75261,-1.32534,1.01105,-1.94698,1.10108,1.16771,2.20138,-2.75266,-1.32422,1.00895,-1.94565,1.10136,1.16858,2.20139,0.00109382,-0.000126629,-0.000238521,-0.00017715,8.01409e-05,-0.000204262,-0.00103537,0,0,0,0,0,0,0,-0.204456,26.7383,-24.7128,7.49881,0.830705,2.51882,0.071604,-0.174125,2.14951,-3.05734,1.89322,0.183605,0.918576,0.0582838
1727685,0.99,-2.75261,-1.32534,1.01105,-1.94698,1.10108,1.16771,2.20139,-2.75266,-1.32422,1.00895,-1.94565,1.10136,1.16858,2.20139,0.000729215,-0.000734033,-0.000159014,-0.000674912,5.34272e-05,0.000338543,-0.000215531,0,0,0,0,0,0,0,-0.204456,26.766,-24.7128,7.52262,0.830705,2.50601,0.0587866,-0.174603,2.15061,-3.0588,1.89319,0.183642,0.918684,0.0578586
1727686,0.99,-2.75261,-1.32534,1.01105,-1.94698,1.10108,1.16771,2.20139,-2.75266,-1.32422,1.00895,-1.94565,1.10136,1.16858,2.20139,-0.000720283,0.000160258,0.000450803,0.000106871,3.56182e-05,-0.000249022,-0.000143687,0,0,0,0,0,0,0,-0.152882,26.7383,-24.7366,7.49881,0.830705,2.51882,0.0587866,-0.176439,2.15215,-3.06002,1.89267,0.183641,0.91882,0.0574846
1727687,0.99,-2.75261,-1.32534,1.01105,-1.94698,1.10108,1.16771,2.20138,-2.75266,-1.32422,1.00895,-1.94565,1.10136,1.16858,2.20139,0.000726238,0.000663651,-0.000256277,-0.000485565,-0.000179705,0.000308703,-0.000333151,0,0,0,0,0,0,0,-0.204456,26.7144,-24.7128,7.52262,0.836199,2.50601,0.0651953,-0.177465,2.15286,-3.06096,1.89269,0.183663,0.918938,0.0571762
1727688,0.99,-2.75261,-1.32534,1.01105,-1.94698,1.10108,1.16771,2.20138,-2.75266,-1.32422,1.00895,-1.94565,1.10136,1.16858,2.20139,-0.000165456,-0.000114378,-0.00137728,-0.00032371,-0.000119803,0.000205802,-0.000696818,0,0,0,0,0,0,0,-0.176685,26.7383,-24.6612,7.52262,0.836199,2.50601,0.0780126,-0.178028,2.1521,-3.06051,1.89316,0.1837,0.918977,0.0569312
1727689,0.99,-2.75261,-1.32534,1.01105,-1.94699,1.10108,1.16771,2.20138,-2.75266,-1.32422,1.00895,-1.94565,1.10136,1.16858,2.20139,0.00053931,-7.6252e-05,0.000288241,-0.000772619,-0.000283319,-0.000337517,-0.000227187,0,0,0,0,0,0,0,-0.204456,26.7383,-24.7128,7.54642,0.841692,2.51882,0.071604,-0.178589,2.15072,-3.05902,1.89385,0.183758,0.918955,0.0567538
1727690,0.99,-2.75261,-1.32534,1.01105,-1.94698,1.10108,1.16771,2.20139,-2.75266,-1.32422,1.00895,-1.94565,1.10136,1.16858,2.20139,-0.000846886,-5.08347e-05,0.000192161,0.000598545,0.000218021,-0.00046237,0.00106925,0,0,0,0,0,0,0,-0.152882,26.7383,-24.7128,7.49881,0.830705,2.52523,0.038645,-0.178893,2.14993,-3.05828,1.89467,0.183839,0.918968,0.0566547
1727691,0.99,-2.75261,-1.32534,1.01106,-1.94698,1.10108,1.16771,2.20139,-2.75266,-1.32422,1.00895,-1.94565,1.10136,1.16858,2.20139,-0.000564591,0.00117254,0.00133453,0.00160546,0.000145348,0.000166471,-3.3155e-05,0,0,0,0,0,0,0,-0.152882,26.6867,-24.7643,7.44724,0.830705,2.51242,0.0587866,-0.17855,2.14974,-3.05895,1.89528,0.183899,0.919026,0.0566211
1727692,0.99,-2.75261,-1.32534,1.01106,-1.94698,1.10108,1.16771,2.20138,-2.75266,-1.32422,1.00895,-1.94565,1.10136,1.16858,2.20139,0.000180418,0.000132077,-0.000316737,-0.000692934,0.000503799,-0.000363737,-0.000259462,0,0,0,0,0,0,0,-0.176685,26.7144,-24.7128,7.52262,0.819719,2.52523,0.0651953,-0.177799,2.14949,-3.06025,1.89567,0.183923,0.919106,0.0566194
1727693,0.99,-2.75261,-1.32534,1.01105,-1.94698,1.10108,1.16771,2.20138,-2.75266,-1.32422,1.00895,-1.94565,1.10136,1.16858,2.20139,0.000120279,-0.000468761,0.000345654,0.00130128,-0.000477936,-5.13244e-06,-0.000885052,0,0,0,0,0,0,0,-0.176685,26.7383,-24.7366,7.44724,0.841692,2.51882,0.0844213,-0.177834,2.14966,-3.06154,1.89564,0.183918,0.919216,0.0566314
1727694,0.99,-2.75261,-1.32534,1.01105,-1.94698,1.10108,1.16771,2.20138,-2.75266,-1.32422,1.00895,-1.94565,1.10136,1.16858,2.20139,0.0007298,0.000244305,-0.000326376,0.000867521,-0.000115173,0.000233937,-0.00153947,0,0,0,0,0,0,0,-0.204456,26.7144,-24.7128,7.44724,0.836199,2.51242,0.110056,-0.179819,2.15101,-3.06268,1.89439,0.183835,0.919341,0.0566656
1727695,0.99,-2.75261,-1.32534,1.01106,-1.94698,1.10108,1.16771,2.20138,-2.75266,-1.32422,1.00895,-1.94565,1.10136,1.16858,2.20139,-0.000719893,-0.00104356,0.000988842,-0.00118489,0.000126668,0.000630676,0.00039784,0,0,0,0,0,0,0,-0.152882,26.766,-24.7643,7.52262,0.830705,2.4996,0.071604,-0.182345,2.15307,-3.06411,1.89283,0.183754,0.919498,0.0567591
1727696,0.99,-2.75261,-1.32534,1.01105,-1.94698,1.10108,1.16771,2.20138,-2.75266,-1.32422,1.00895,-1.94565,1.10136,1.16858,2.20139,7.68835e-05,-4.60901e-05,9.61396e-06,0.000416499,-0.000119005,-0.000291626,-0.000209491,0,0,0,0,0,0,0,-0.176685,26.7383,-24.7366,7.47104,0.836199,2.51882,0.0844213,-0.183317,2.15522,-3.06639,1.89244,0.183794,0.919708,0.0569438
1727697,0.99,-2.75261,-1.32534,1.01105,-1.94698,1.10108,1.16771,2.20138,-2.75266,-1.32422,1.00895,-1.94565,1.10136,1.16858,2.20139,-0.000505556,0.000526085,6.40931e-06,0.000277666,0.000124114,-0.000431776,-0.000139661,0,0,0,0,0,0,0,-0.152882,26.7144,-24.7366,7.47104,0.830705,2.52523,0.0844213,-0.183105,2.15659,-3.06846,1.89278,0.183895,0.919893,0.0572132
1727698,0.99,-2.75261,-1.32534,1.01105,-1.94698,1.10108,1.16771,2.20138,-2.75266,-1.32422,1.00895,-1.94565,1.10136,1.16858,2.20139,0.000869388,0.000350723,4.27287e-06,-0.000464503,-0.000324158,0.000424226,-0.000567825,0,0,0,0,0,0,0,-0.204456,26.7144,-24.7366,7.49881,0.841692,2.50601,0.0972387,-0.182617,2.15656,-3.06935,1.89336,0.183998,0.920016,0.0575518
1727699,0.99,-2.75261,-1.32534,1.01105,-1.94699,1.10108,1.16771,2.20138,-2.75266,-1.32422,1.00895,-1.94565,1.10136,1.16858,2.20139,-7.00217e-05,-0.000322996,-0.000553963,-0.00142329,-1.26551e-05,0.000282817,9.61679e-05,0,0,0,0,0,0,0,-0.176685,26.7383,-24.7128,7.54642,0.836199,2.50601,0.0844213,-0.182091,2.15565,-3.06938,1.89439,0.184139,0.920121,0.0579542
1727700,0.99,-2.75261,-1.32534,1.01105,-1.94698,1.10108,1.16771,2.20139,-2.75266,-1.32422,1.00895,-1.94565,1.10136,1.16858,2.20139,0.000602933,-0.000215331,-0.000369309,0.000164762,0.000195014,-4.88141e-05,0.00101355,0,0,0,0,0,0,0,-0.204456,26.7383,-24.7128,7.49881,0.830705,2.51242,0.0587866,-0.181732,2.15462,-3.06892,1.89568,0.18432,0.920204,0.0584157
1727701,0.99,-2.75261,-1.32534,1.01105,-1.94698,1.10108,1.16771,2.20138,-2.75266,-1.32422,1.00895,-1.94565,1.10136,1.16858,2.20139,-0.000247659,-0.000143554,-0.000246206,0.000759455,0.000130009,-3.25427e-05,-0.000511096,0,0,0,0,0,0,0,-0.176685,26.7383,-24.7128,7.47104,0.830705,2.51242,0.09083,-0.1822,2.15417,-3.06834,1.89624,0.184454,0.920246,0.0589126
1727702,0.99,-2.75261,-1.32534,1.01105,-1.94698,1.10108,1.16771,2.20138,-2.75266,-1.32422,1.00895,-1.94565,1.10136,1.16858,2.20139,-0.000165106,-9.57026e-05,0.000392675,-0.000700122,0.000290123,-0.000496413,0.000133987,0,0,0,0,0,0,0,-0.176685,26.7383,-24.7366,7.52262,0.825212,2.52523,0.0780126,-0.182811,2.15424,-3.06823,1.89633,0.184543,0.920275,0.0594196
1727703,0.99,-2.75261,-1.32534,1.01105,-1.94698,1.10108,1.16771,2.20138,-2.75266,-1.32422,1.00895,-1.94565,1.10136,1.16858,2.20139,-0.000110071,-6.38017e-05,0.000261783,0.000739678,-1.0035e-05,0.000143776,-0.000148034,0,0,0,0,0,0,0,-0.176685,26.7383,-24.7366,7.47104,0.830705,2.51242,0.0844213,-0.182702,2.15454,-3.06899,1.89669,0.184637,0.920343,0.0599325
1727704,0.99,-2.75261,-1.32534,1.01106,-1.94698,1.10108,1.16772,2.20139,-2.75266,-1.32422,1.00895,-1.94565,1.10136,1.16858,2.20139,-0.000630192,0.000514277,0.000174522,-0.000156496,-6.68999e-06,-0.000141508,0.00132546,0,0,0,0,0,0,0,-0.152882,26.7144,-24.7366,7.49881,0.830705,2.51882,0.0459692,-0.18196,2.15471,-3.07017,1.89727,0.184725,0.920427,0.0604501
1727705,0.99,-2.75261,-1.32534,1.01106,-1.94698,1.10108,1.16771,2.20139,-2.75266,-1.32422,1.00895,-1.94565,1.10136,1.16858,2.20139,0.000136684,0.000342852,0.000765962,-0.000661142,-0.000614812,0.000380379,0.000646284,0,0,0,0,0,0,0,-0.176685,26.7144,-24.7643,7.52262,0.847185,2.50601,0.0523779,-0.180227,2.15418,-3.0714,1.89846,0.184839,0.920517,0.0609552
1727706,0.99,-2.75261,-1.32534,1.01106,-1.94698,1.10108,1.16771,2.20139,-2.75266,-1.32422,1.00895,-1.94565,1.10136,1.16858,2.20139,-0.000465689,-0.000328244,-0.000138973,-0.000440762,0.000403928,-0.000221132,0.000193497,0,0,0,0,0,0,0,-0.152882,26.7383,-24.7366,7.52262,0.825212,2.51882,0.0587866,-0.177888,2.15336,-3.07285,1.90029,0.184999,0.920637,0.0614111
1727707,0.99,-2.75261,-1.32534,1.01105,-1.94699,1.10108,1.16771,2.20139,-2.75266,-1.32422,1.00895,-1.94565,1.10136,1.16858,2.20139,-0.00031046,-0.000218829,-9.26484e-05,-0.000850653,-0.000137616,-0.000147421,0.000128998,0,0,0,0,0,0,0,-0.152882,26.7383,-24.7366,7.54642,0.836199,2.51882,0.0587866,-0.175421,2.15268,-3.07424,1.90236,0.18519,0.920757,0.0617914
1727708,0.99,-2.75261,-1.32534,1.01105,-1.94698,1.10108,1.16771,2.20139,-2.75266,-1.32422,1.00895,-1.94565,1.10136,1.16858,2.20139,0.000349839,0.000410926,-6.17656e-05,0.000546522,0.000111707,-9.82808e-05,0.000831984,0,0,0,0,0,0,0,-0.176685,26.7144,-24.7366,7.49881,0.830705,2.51882,0.038645,-0.173504,2.15207,-3.07516,1.90415,0.185359,0.920852,0.0620939
1727709,0.99,-2.75261,-1.32534,1.01105,-1.94698,1.10108,1.16771,2.20139,-2.75266,-1.32422,1.00895,-1.94565,1.10136,1.16858,2.20139,-0.000323586,0.00027395,-4.11771e-05,0.000364348,7.44711e-05,0.000646556,0.00150409,0,0,0,0,0,0,0,-0.152882,26.7144,-24.7366,7.49881,0.830705,2.4996,0.0130102,-0.172892,2.15154,-3.07547,1.90496,0.185436,0.920906,0.0623149
1727710,0.99,-2.75261,-1.32534,1.01106,-1.94698,1.10108,1.16771,2.20139,-2.75266,-1.32422,1.00895,-1.94565,1.10136,1.16858,2.20139,-0.000215724,-0.00102379,-2.74514e-05,-0.000313913,0.000253098,-4.36804e-05,-0.000692693,0,0,0,0,0,0,0,-0.152882,26.766,-24.7366,7.52262,0.825212,2.51242,0.0587866,-0.172981,2.15148,-3.07576,1.90512,0.185457,0.920935,0.0624311
1727711,0.99,-2.75261,-1.32534,1.01106,-1.94698,1.10108,1.16771,2.20139,-2.75266,-1.32422,1.00895,-1.94565,1.10136,1.16858,2.20139,0.00106261,-3.29142e-05,-1.83009e-05,-0.000209276,-0.000238169,-0.000266479,-0.000224437,0,0,0,0,0,0,0,-0.204456,26.7383,-24.7366,7.52262,0.836199,2.51882,0.0523779,-0.173926,2.15253,-3.07656,1.90485,0.185453,0.920996,0.0624282
1727712,0.99,-2.75261,-1.32534,1.01106,-1.94698,1.10108,1.16771,2.20139,-2.75266,-1.32422,1.00895,-1.94565,1.10136,1.16858,2.20139,5.87926e-05,-2.19428e-05,0.00184384,0.000417295,-0.000158779,0.000297065,0.000596361,0,0,0,0,0,0,0,-0.176685,26.7383,-24.8159,7.49881,0.836199,2.50601,0.0322363,-0.176159,2.15472,-3.07832,1.90401,0.185395,0.921139,0.0623329
1727713,0.99,-2.75261,-1.32534,1.01106,-1.94698,1.10108,1.16771,2.20139,-2.75266,-1.32422,1.00895,-1.94565,1.10136,1.16858,2.20139,3.91951e-05,0.000542183,2.28003e-05,-0.000278615,9.75976e-05,-0.000276674,-0.000111052,0,0,0,0,0,0,0,-0.176685,26.7144,-24.7643,7.52262,0.830705,2.51882,0.0459692,-0.178248,2.15707,-3.08105,1.90325,0.185323,0.92134,0.0621732
1727714,0.99,-2.75261,-1.32534,1.01106,-1.94699,1.10108,1.16771,2.20139,-2.75266,-1.32422,1.00895,-1.94565,1.10136,1.16858,2.20139,-0.000530682,-0.000195356,-0.00119123,-0.000742556,6.50651e-05,-0.00018445,0.000909309,0,0,0,0,0,0,0,-0.152882,26.7383,-24.7128,7.54642,0.830705,2.51882,0.0194189,-0.178695,2.15778,-3.08278,1.90358,0.185323,0.921462,0.061954
1727715,0.99,-2.75261,-1.32534,1.01105,-1.94699,1.10108,1.16771,2.20139,-2.75266,-1.32422,1.00895,-1.94565,1.10136,1.16858,2.20139,0.000852638,0.000426574,-0.00135096,-0.000495037,4.33767e-05,-0.000360325,-0.000851856,0,0,0,0,0,0,0,-0.204456,26.7144,-24.689,7.54642,0.830705,2.52523,0.0587866,-0.178103,2.15634,-3.08195,1.90483,0.185392,0.92143,0.061672
1727716,0.99,-2.75261,-1.32534,1.01106,-1.94699,1.10108,1.16771,2.20138,-2.75266,-1.32422,1.00895,-1.94565,1.10136,1.16858,2.20139,-8.11886e-05,0.000284383,-0.00034383,-0.000330025,2.89178e-05,-2.85798e-06,-0.00151734,0,0,0,0,0,0,0,-0.176685,26.7144,-24.7128,7.54642,0.830705,2.51882,0.0844213,-0.177771,2.15382,-3.07942,1.90621,0.185459,0.921323,0.0613324
1727717,0.99,-2.75261,-1.32534,1.01106,-1.94698,1.10108,1.16771,2.20139,-2.75266,-1.32422,1.00895,-1.94565,1.10136,1.16858,2.20139,0.000595488,0.000189589,-0.00022922,0.000336796,1.92785e-05,0.000235454,-0.000774201,0,0,0,0,0,0,0,-0.204456,26.7144,-24.7128,7.52262,0.830705,2.51242,0.0780126,-0.178008,2.15153,-3.07695,1.90725,0.185481,0.921241,0.0609765
1727718,0.99,-2.75261,-1.32534,1.01106,-1.94698,1.10108,1.16771,2.20139,-2.75266,-1.32422,1.00895,-1.94565,1.10136,1.16858,2.20139,-0.000809434,0.000126392,0.000403999,0.00143096,-0.000190598,0.000156969,-4.1416e-05,0,0,0,0,0,0,0,-0.152882,26.7144,-24.7366,7.47104,0.836199,2.51242,0.0651953,-0.178753,2.1504,-3.07565,1.90751,0.185437,0.921209,0.060661
1727719,0.99,-2.75261,-1.32534,1.01105,-1.94699,1.10108,1.16771,2.20139,-2.75266,-1.32422,1.00895,-1.94565,1.10136,1.16858,2.20139,1.71894e-05,-0.00112216,0.000269333,-0.000809267,-0.000330516,0.000104646,0.000209748,0,0,0,0,0,0,0,-0.176685,26.766,-24.7366,7.54642,0.841692,2.51242,0.0587866,-0.179381,2.15082,-3.07611,1.90734,0.185375,0.921245,0.0604148
1727720,0.99,-2.75261,-1.32534,1.01106,-1.94698,1.10108,1.16771,2.20138,-2.75266,-1.32422,1.00895,-1.94565,1.10136,1.16858,2.20139,-0.000545352,-0.00074811,0.000179555,1.73006e-05,0.000186557,-0.000167595,-0.00128432,0,0,0,0,0,0,0,-0.152882,26.766,-24.7366,7.52262,0.830705,2.51882,0.0972387,-0.179412,2.15272,-3.07828,1.90751,0.185381,0.921374,0.0602355
1727721,0.99,-2.75261,-1.32534,1.01106,-1.94698,1.10108,1.16771,2.20138,-2.75266,-1.32422,1.00895,-1.94565,1.10136,1.16858,2.20139,-0.000363568,0.000150874,0.000769317,0.000568346,0.000327822,-0.00011173,-0.000144137,0,0,0,0,0,0,0,-0.152882,26.7383,-24.7643,7.49881,0.825212,2.51882,0.0780126,-0.178931,2.15519,-3.08133,1.90802,0.185431,0.921557,0.0601248
1727722,0.99,-2.75261,-1.32534,1.01106,-1.94698,1.10108,1.16771,2.20139,-2.75266,-1.32422,1.00895,-1.94565,1.10136,1.16858,2.20139,0.000314433,-0.000549031,0.000512878,0.000378897,1.50974e-05,-7.44866e-05,-0.000333451,0,0,0,0,0,0,0,-0.176685,26.766,-24.7643,7.49881,0.830705,2.51882,0.0844213,-0.178659,2.15776,-3.08467,1.90825,0.18545,0.921762,0.0600986
1727723,0.99,-2.75261,-1.32534,1.01106,-1.94698,1.10108,1.16771,2.20138,-2.75266,-1.32422,1.00895,-1.94565,1.10136,1.16858,2.20139,0.00141605,0.000283593,-0.000307695,-0.000304214,1.00649e-05,-4.96577e-05,1.50585e-05,0,0,0,0,0,0,0,-0.22826,26.7383,-24.7366,7.52262,0.830705,2.51882,0.0780126,-0.179964,2.16041,-3.08751,1.90776,0.185399,0.92198,0.0601595
1727724,0.99,-2.75261,-1.32534,1.01106,-1.94698,1.10108,1.16771,2.20138,-2.75266,-1.32422,1.00895,-1.94565,1.10136,1.16858,2.20139,0.00038722,0.000745874,0.000444484,0.000354003,6.70996e-06,-0.000270464,-0.000939397,0,0,0,0,0,0,0,-0.204456,26.7144,-24.7643,7.49881,0.830705,2.52523,0.103647,-0.182655,2.16222,-3.08898,1.9069,0.185295,0.922177,0.0603002
1727725,0.99,-2.75261,-1.32534,1.01106,-1.94698,1.10108,1.16771,2.20138,-2.75266,-1.32422,1.00895,-1.94565,1.10136,1.16858,2.20139,0.000258147,0.00114686,-0.000353291,-0.00032081,-0.000402428,0.000531767,0.000323171,0,0,0,0,0,0,0,-0.204456,26.6867,-24.7366,7.52262,0.841692,2.50601,0.0780126,-0.184722,2.16209,-3.08904,1.90665,0.185207,0.922318,0.0605215
1727726,0.99,-2.75261,-1.32534,1.01106,-1.94698,1.10108,1.16771,2.20138,-2.75266,-1.32422,1.00895,-1.94565,1.10136,1.16858,2.20139,-0.00103433,0.000114962,-0.000235528,0.000992552,-6.48346e-05,-0.000357565,-0.00025927,0,0,0,0,0,0,0,-0.152882,26.7144,-24.7366,7.47104,0.836199,2.52523,0.09083,-0.184812,2.16006,-3.08802,1.90743,0.185191,0.922362,0.0608226
1727727,0.99,-2.75261,-1.32534,1.01106,-1.94698,1.10108,1.16771,2.20138,-2.75266,-1.32422,1.00895,-1.94565,1.10136,1.16858,2.20139,-0.00013274,-0.000480171,0.000492596,-0.000544724,0.000160227,0.0004737,6.4512e-05,0,0,0,0,0,0,0,-0.176685,26.7383,-24.7643,7.52262,0.830705,2.50601,0.0844213,-0.183319,2.15787,-3.08723,1.90876,0.185248,0.922367,0.0611894
1727728,0.99,-2.75261,-1.32534,1.01105,-1.94698,1.10108,1.16771,2.20138,-2.75266,-1.32422,1.00895,-1.94565,1.10136,1.16858,2.20139,-8.84934e-05,-0.000969728,-0.000321217,0.000193662,0.000106818,-0.000158918,0.000280367,0,0,0,0,0,0,0,-0.176685,26.766,-24.7366,7.49881,0.830705,2.51882,0.0780126,-0.181727,2.15722,-3.08774,1.90999,0.185346,0.922422,0.0616056
1727729,0.99,-2.75261,-1.32534,1.01106,-1.94698,1.10108,1.16771,2.20138,-2.75266,-1.32422,1.00895,-1.94565,1.10136,1.16858,2.20139,0.000590618,0.000559941,0.000992281,-0.000427704,0.000478113,0.000131414,-5.04476e-05,0,0,0,0,0,0,0,-0.204456,26.7144,-24.7881,7.52262,0.819719,2.51242,0.0844213,-0.181061,2.1579,-3.08915,1.91078,0.185435,0.922541,0.062057
1727730,0.99,-2.75261,-1.32534,1.01106,-1.94698,1.10108,1.16771,2.20138,-2.75266,-1.32422,1.00895,-1.94565,1.10136,1.16858,2.20139,0.000393746,-0.000183518,0.000661521,0.000271676,0.000115292,8.76091e-05,0.000441086,0,0,0,0,0,0,0,-0.204456,26.7383,-24.7881,7.49881,0.825212,2.51242,0.071604,-0.181337,2.15909,-3.0912,1.91117,0.185477,0.922721,0.0625304
1727731,0.99,-2.75261,-1.32534,1.01106,-1.94698,1.10108,1.16771,2.20138,-2.75266,-1.32422,1.00895,-1.94565,1.10136,1.16858,2.20139,0.000262497,0.00108408,-0.000115798,0.000181117,-0.000736941,5.84061e-05,-0.000418019,0,0,0,0,0,0,0,-0.204456,26.6867,-24.7643,7.49881,0.847185,2.51242,0.09083,-0.182111,2.15994,-3.09312,1.91133,0.185469,0.922898,0.063011
1727732,0.99,-2.75261,-1.32534,1.01106,-1.94698,1.10108,1.16771,2.20139,-2.75266,-1.32422,1.00895,-1.94565,1.10136,1.16858,2.20139,-0.000474616,7.31064e-05,-7.71987e-05,-0.000436067,0.000119058,3.89374e-05,0.00114547,0,0,0,0,0,0,0,-0.176685,26.7144,-24.7643,7.52262,0.830705,2.51242,0.0523779,-0.182169,2.15936,-3.0939,1.91193,0.185476,0.922981,0.0634893
1727733,0.99,-2.75261,-1.32534,1.01106,-1.94699,1.10108,1.16771,2.20138,-2.75266,-1.32422,1.00895,-1.94565,1.10136,1.16858,2.20139,0.000890015,-0.00115769,0.000505346,-0.000847523,7.93717e-05,0.000263317,-0.000897863,0,0,0,0,0,0,0,-0.22826,26.766,-24.7881,7.54642,0.830705,2.50601,0.0972387,-0.181657,2.15859,-3.09455,1.91301,0.185537,0.923037,0.0639528
1727734,0.99,-2.75261,-1.32534,1.01106,-1.94698,1.10108,1.16771,2.20139,-2.75266,-1.32422,1.00895,-1.94565,1.10136,1.16858,2.20139,-0.000613082,-0.000122178,0.000336897,0.000548608,0.000697174,-6.18141e-05,0.000588219,0,0,0,0,0,0,0,-0.176685,26.7383,-24.7881,7.49881,0.81331,2.51242,0.0651953,-0.181779,2.15933,-3.09628,1.91373,0.185598,0.923135,0.0643886
1727735,0.99,-2.75261,-1.32534,1.01106,-1.94698,1.10108,1.16771,2.20139,-2.75266,-1.32422,1.00895,-1.94565,1.10136,1.16858,2.20139,0.000797704,0.00112497,-0.000981828,0.000365739,-0.000179477,-0.000278568,0.00137549,0,0,0,0,0,0,0,-0.22826,26.6867,-24.7366,7.49881,0.830705,2.51882,0.038645,-0.18235,2.15989,-3.09752,1.91397,0.185603,0.923167,0.0648007
1727736,0.99,-2.75261,-1.32534,1.01106,-1.94698,1.10108,1.16771,2.20139,-2.75266,-1.32422,1.00895,-1.94565,1.10136,1.16858,2.20139,-0.00188105,-0.000456443,-4.93779e-06,-0.000312986,8.37992e-05,5.16467e-05,0.000645726,0,0,0,0,0,0,0,-0.125111,26.7383,-24.7643,7.52262,0.825212,2.51242,0.0459692,-0.181961,2.15862,-3.09716,1.91461,0.185599,0.923064,0.0651739
1727737,0.99,-2.75261,-1.32534,1.01106,-1.94698,1.10108,1.16771,2.20139,-2.75266,-1.32422,1.00895,-1.94565,1.10136,1.16858,2.20139,0.000602007,0.000252516,0.00120313,-0.000208657,-0.000147584,0.00027179,0.00141383,0,0,0,0,0,0,0,-0.204456,26.7144,-24.8159,7.52262,0.830705,2.50601,0.0194189,-0.179915,2.15688,-3.0972,1.91615,0.185652,0.922958,0.0654691
1727738,0.99,-2.75261,-1.32534,1.01106,-1.94699,1.10108,1.16771,2.20139,-2.75266,-1.32422,1.00895,-1.94565,1.10136,1.16858,2.20139,-0.000248276,0.000168344,-0.00105395,-0.000695917,-9.83896e-05,0.000418552,-0.000278151,0,0,0,0,0,0,0,-0.176685,26.7144,-24.7366,7.54642,0.830705,2.4996,0.0523779,-0.177745,2.15558,-3.09807,1.91793,0.185714,0.922907,0.0656526
1727739,0.99,-2.75261,-1.32534,1.01106,-1.94698,1.10108,1.16771,2.20139,-2.75266,-1.32422,1.00895,-1.94565,1.10136,1.16858,2.20139,-0.000165517,0.000112229,-0.000702634,0.000649679,0.000137857,-0.000195683,5.1925e-05,0,0,0,0,0,0,0,-0.176685,26.7144,-24.7366,7.49881,0.825212,2.51242,0.0459692,-0.176327,2.15387,-3.09789,1.91941,0.185742,0.922792,0.0657069
1727740,0.99,-2.75261,-1.32534,1.01106,-1.94698,1.10108,1.16771,2.20139,-2.75266,-1.32422,1.00895,-1.94565,1.10136,1.16858,2.20139,-0.000110345,0.000724434,-0.000468422,0.00043312,-0.000111546,0.000106904,0.000305884,0,0,0,0,0,0,0,-0.176685,26.6867,-24.7366,7.49881,0.830705,2.50601,0.038645,-0.175589,2.15168,-3.09651,1.92028,0.185708,0.922573,0.0656464
1727741,0.99,-2.75261,-1.32534,1.01106,-1.94698,1.10108,1.16771,2.20139,-2.75266,-1.32422,1.00895,-1.94565,1.10136,1.16858,2.20139,0.000576051,-0.00072347,-0.000312282,0.000288746,0.000129087,-0.000640808,0.000441282,0,0,0,0,0,0,0,-0.204456,26.7383,-24.7366,7.49881,0.825212,2.52523,0.0322363,-0.176135,2.1501,-3.0951,1.92022,0.185596,0.922346,0.0654922
1727742,0.99,-2.75261,-1.32534,1.01106,-1.94698,1.10108,1.16772,2.20139,-2.75266,-1.32422,1.00895,-1.94565,1.10136,1.16858,2.20139,0.000384034,-0.00113193,0.000998238,0.000192498,-0.000117393,0.000284872,0.000294188,0,0,0,0,0,0,0,-0.204456,26.766,-24.7881,7.49881,0.830705,2.50601,0.0322363,-0.178565,2.15095,-3.09536,1.919,0.185418,0.922239,0.0652495
1727743,0.99,-2.75261,-1.32534,1.01105,-1.94698,1.10108,1.16771,2.20139,-2.75266,-1.32422,1.00895,-1.94565,1.10136,1.16858,2.20139,-0.000393591,0.000451808,-0.00109775,0.000777946,-7.82618e-05,-0.000522162,-0.00054986,0,0,0,0,0,0,0,-0.176685,26.7144,-24.7128,7.47104,0.830705,2.52523,0.0523779,-0.181789,2.15353,-3.09705,1.91718,0.185215,0.922229,0.0649222
1727744,0.99,-2.75261,-1.32534,1.01105,-1.94698,1.10108,1.16771,2.20139,-2.75266,-1.32422,1.00895,-1.94565,1.10136,1.16858,2.20139,-0.000262394,0.000301205,-0.000175019,-0.000687795,-5.21745e-05,0.000363969,0.000379412,0,0,0,0,0,0,0,-0.176685,26.7144,-24.7366,7.52262,0.830705,2.50601,0.0322363,-0.183506,2.15466,-3.0979,1.91621,0.185069,0.922172,0.0645288
1727745,0.99,-2.75261,-1.32534,1.01106,-1.94698,1.10108,1.16771,2.20139,-2.75266,-1.32422,1.00895,-1.94565,1.10136,1.16858,2.20139,-0.00017493,0.000200803,0.000532935,0.000747896,0.000168668,-0.000232072,-0.000493044,0,0,0,0,0,0,0,-0.176685,26.7144,-24.7643,7.47104,0.825212,2.51882,0.0523779,-0.183429,2.15418,-3.09813,1.91639,0.185001,0.922096,0.0640922
1727746,0.99,-2.75261,-1.32534,1.01106,-1.94698,1.10108,1.16771,2.20139,-2.75266,-1.32422,1.00895,-1.94565,1.10136,1.16858,2.20139,-0.00011662,0.000133869,0.000912102,-0.000151017,-0.000294456,0.000320003,0.000892007,0,0,0,0,0,0,0,-0.176685,26.7144,-24.7881,7.49881,0.836199,2.50601,0.0194189,-0.182783,2.15394,-3.0994,1.91683,0.184955,0.922101,0.0636263
1727747,0.99,-2.75261,-1.32534,1.01106,-1.94699,1.10108,1.16771,2.20139,-2.75266,-1.32422,1.00895,-1.94565,1.10136,1.16858,2.20139,-7.77464e-05,-0.000467566,5.1256e-05,-0.0012143,-0.000196304,-0.000261382,-0.000626032,0,0,0,0,0,0,0,-0.176685,26.7383,-24.7643,7.54642,0.836199,2.51882,0.0523779,-0.181749,2.1542,-3.1017,1.91762,0.184953,0.922192,0.063136
1727748,0.99,-2.75261,-1.32534,1.01106,-1.94698,1.10108,1.16771,2.20139,-2.75266,-1.32422,1.00895,-1.94565,1.10136,1.16858,2.20139,-5.1831e-05,-0.000961325,0.000590983,0.000304089,-0.000130869,0.000537822,-0.000417354,0,0,0,0,0,0,0,-0.176685,26.766,-24.7881,7.49881,0.836199,2.4996,0.0523779,-0.180637,2.15514,-3.10456,1.9187,0.185009,0.922335,0.0626201
1727749,0.99,-2.75261,-1.32534,1.01106,-1.94698,1.10108,1.16771,2.20139,-2.75266,-1.32422,1.00895,-1.94565,1.10136,1.16858,2.20139,-3.4554e-05,-0.000640883,-0.000162824,-0.000354086,0.000116204,-0.000353529,-0.000278236,0,0,0,0,0,0,0,-0.176685,26.766,-24.7643,7.52262,0.830705,2.51882,0.0523779,-0.180352,2.15714,-3.10767,1.9192,0.185057,0.922482,0.062093
1727750,0.99,-2.75261,-1.32534,1.01106,-1.94698,1.10108,1.16771,2.20139,-2.75266,-1.32422,1.00895,-1.94565,1.10136,1.16858,2.20139,-2.3036e-05,-0.000427255,-0.000758163,0.000320755,-0.000125981,0.000239032,-0.00042285,0,0,0,0,0,0,0,-0.176685,26.766,-24.7366,7.49881,0.836199,2.50601,0.0587866,-0.180816,2.15922,-3.10994,1.91912,0.18508,0.922558,0.0615798
1727751,0.99,-2.75261,-1.32534,1.01106,-1.94698,1.10108,1.16771,2.20139,-2.75266,-1.32422,1.00895,-1.94565,1.10136,1.16858,2.20139,-1.53573e-05,-0.000284837,-0.000505442,0.000213837,0.000322914,-7.80043e-05,0.000938803,0,0,0,0,0,0,0,-0.176685,26.766,-24.7366,7.49881,0.825212,2.51242,0.0258276,-0.181699,2.16047,-3.11058,1.91867,0.185077,0.92252,0.0610972
1727752,0.99,-2.75261,-1.32534,1.01106,-1.94698,1.10108,1.16771,2.20138,-2.75266,-1.32422,1.00895,-1.94565,1.10136,1.16858,2.20139,-1.02382e-05,0.000459723,-0.000336961,0.00134898,0.000215276,0.000185356,-0.000832193,0,0,0,0,0,0,0,-0.176685,26.7383,-24.7366,7.44724,0.825212,2.50601,0.0651953,-0.182967,2.16092,-3.10999,1.91773,0.185023,0.922389,0.060645
1727753,0.99,-2.75261,-1.32534,1.01106,-1.94699,1.10108,1.16771,2.20139,-2.75266,-1.32422,1.00895,-1.94565,1.10136,1.16858,2.20139,-6.82548e-06,0.000306482,0.0016314,-0.00142073,-0.000263384,-0.000351147,0.000428549,0,0,0,0,0,0,0,-0.176685,26.7383,-24.8159,7.54642,0.836199,2.51882,0.038645,-0.183757,2.1608,-3.10957,1.91703,0.18496,0.922277,0.0602184
1727754,0.99,-2.75261,-1.32534,1.01106,-1.94698,1.10108,1.16771,2.20139,-2.75266,-1.32422,1.00895,-1.94565,1.10136,1.16858,2.20139,-4.55032e-06,0.000204321,-0.000118827,0.000166472,0.000231312,-0.000234098,-0.000222927,0,0,0,0,0,0,0,-0.176685,26.7383,-24.7643,7.49881,0.825212,2.51882,0.0523779,-0.183218,2.16038,-3.11036,1.91746,0.184969,0.922276,0.0598216
1727755,0.99,-2.75261,-1.32534,1.01106,-1.94698,1.10108,1.16771,2.20138,-2.75266,-1.32422,1.00895,-1.94565,1.10136,1.16858,2.20139,-0.000559845,0.000693026,-0.000728832,-0.00044583,-0.000252693,8.12935e-05,-0.00181013,0,0,0,0,0,0,0,-0.152882,26.7144,-24.7366,7.52262,0.836199,2.51242,0.0972387,-0.181579,2.15904,-3.1108,1.91876,0.185035,0.922273,0.0594509
1727756,0.99,-2.75261,-1.32534,1.01106,-1.94698,1.10108,1.16772,2.20138,-2.75266,-1.32422,1.00895,-1.94565,1.10136,1.16858,2.20139,0.000833196,-9.47946e-05,-0.000485888,0.000909206,0.000238439,0.000291555,-0.000494677,0,0,0,0,0,0,0,-0.204456,26.7383,-24.7366,7.47104,0.825212,2.50601,0.0780126,-0.180183,2.15687,-3.10972,1.91981,0.185076,0.922174,0.0591194
1727757,0.99,-2.75261,-1.32534,1.01105,-1.94698,1.10108,1.16771,2.20138,-2.75266,-1.32422,1.00895,-1.94565,1.10136,1.16858,2.20139,-9.41502e-05,-0.00071281,-0.000880737,-4.34769e-05,-0.000451392,0.00019437,-0.000804503,0,0,0,0,0,0,0,-0.176685,26.766,-24.7128,7.49881,0.841692,2.50601,0.09083,-0.180604,2.1556,-3.10805,1.91959,0.185036,0.922032,0.0588653
1727758,0.99,-2.75261,-1.32534,1.01106,-1.94698,1.10108,1.16771,2.20138,-2.75266,-1.32422,1.00895,-1.94565,1.10136,1.16858,2.20139,0.000586847,0.000174407,0.000619268,-2.89846e-05,0.000309423,-0.000345138,-0.000298976,0,0,0,0,0,0,0,-0.204456,26.7383,-24.7643,7.49881,0.825212,2.51882,0.0844213,-0.182225,2.15571,-3.10691,1.91859,0.18496,0.921922,0.0587172
1727759,0.99,-2.75261,-1.32534,1.01105,-1.94698,1.10108,1.16771,2.20138,-2.75266,-1.32422,1.00895,-1.94565,1.10136,1.16858,2.20139,0.000391231,0.000673083,-0.000793581,0.000630291,0.000206282,7.26691e-06,-0.000674035,0,0,0,0,0,0,0,-0.204456,26.7144,-24.7128,7.47104,0.825212,2.51242,0.0972387,-0.184083,2.15614,-3.10628,1.9175,0.184877,0.921859,0.0586879
1727760,0.99,-2.75261,-1.32534,1.01106,-1.94698,1.10108,1.16771,2.20138,-2.75266,-1.32422,1.00895,-1.94565,1.10136,1.16858,2.20139,0.000260821,-0.00010809,0.000677372,-0.00022942,-6.5929e-05,-0.000469873,0.000500079,0,0,0,0,0,0,0,-0.204456,26.7383,-24.7643,7.49881,0.830705,2.52523,0.071604,-0.185954,2.15634,-3.10575,1.91641,0.18478,0.921819,0.0587786
1727761,1,-2.75261,-1.32534,1.01105,-1.94698,1.10108,1.16771,2.20138,-2.75266,-1.32422,1.00895,-1.94565,1.10136,1.16858,2.20139,0.000730693,-7.20598e-05,-0.000198033,0.00105348,-0.000247403,0.000398828,0.000333386,0,0,0,0,0,0,0,-0.22826,26.7383,-24.7366,7.44724,0.836199,2.50601,0.071604,-0.188012,2.15713,-3.10589,1.91514,0.184672,0.921829,0.058975
1727762,1,-2.75261,-1.32534,1.01106,-1.94698,1.10108,1.16771,2.20138,-2.75266,-1.32422,1.00895,-1.94565,1.10136,1.16858,2.20139,-0.000719298,0.000508772,-0.000132022,-0.000504106,-0.000164935,2.85264e-05,-0.000252461,0,0,0,0,0,0,0,-0.176685,26.7144,-24.7366,7.49881,0.836199,2.51242,0.0844213,-0.189705,2.15804,-3.10633,1.91397,0.184582,0.921852,0.0592465
1727763,1,-2.75261,-1.32534,1.01106,-1.94698,1.10108,1.16771,2.20138,-2.75266,-1.32422,1.00895,-1.94565,1.10136,1.16858,2.20139,0.000726894,-0.000867245,-8.80145e-05,-0.000336071,9.34935e-05,1.90176e-05,6.90519e-05,0,0,0,0,0,0,0,-0.22826,26.766,-24.7366,7.49881,0.830705,2.51242,0.0780126,-0.190026,2.15836,-3.10665,1.91368,0.184579,0.921865,0.059568
1727764,1,-2.75261,-1.32534,1.01106,-1.94698,1.10108,1.16771,2.20139,-2.75266,-1.32422,1.00895,-1.94565,1.10136,1.16858,2.20139,-0.00072183,0.000628263,-0.000615488,0.000425567,0.00026578,1.26784e-05,0.000758111,0,0,0,0,0,0,0,-0.176685,26.7144,-24.7128,7.47104,0.825212,2.51242,0.0587866,-0.189639,2.15848,-3.1069,1.9139,0.184636,0.921873,0.0599273
1727765,1,-2.75261,-1.32534,1.01106,-1.94698,1.10108,1.16771,2.20139,-2.75266,-1.32422,1.00895,-1.94565,1.10136,1.16858,2.20139,-0.00048122,0.000418842,0.0007961,0.000283711,-2.62642e-05,0.000245811,0.000742767,0,0,0,0,0,0,0,-0.176685,26.7144,-24.7643,7.47104,0.830705,2.50601,0.0523779,-0.188271,2.15791,-3.10692,1.91447,0.184716,0.921842,0.0603073
1727766,1,-2.75261,-1.32534,1.01105,-1.94698,1.10108,1.16771,2.20138,-2.75266,-1.32422,1.00895,-1.94565,1.10136,1.16858,2.20139,-0.000320813,0.000279228,-0.000675692,-0.00101729,-1.75094e-05,0.000163874,-0.000454258,0,0,0,0,0,0,0,-0.176685,26.7144,-24.7128,7.52262,0.830705,2.50601,0.0780126,-0.185435,2.1564,-3.10694,1.91585,0.184844,0.921797,0.0606769
1727767,1,-2.75261,-1.32534,1.01106,-1.94699,1.10108,1.16771,2.20138,-2.75266,-1.32422,1.00895,-1.94565,1.10136,1.16858,2.20139,-0.000213875,0.000186152,0.000755964,-0.00067819,-1.1673e-05,-0.00012811,-6.54798e-05,0,0,0,0,0,0,0,-0.176685,26.7144,-24.7643,7.52262,0.830705,2.51242,0.071604,-0.181811,2.15448,-3.10709,1.91802,0.185032,0.921775,0.0610156
1727768,1,-2.75261,-1.32534,1.01106,-1.94698,1.10108,1.16771,2.20139,-2.75266,-1.32422,1.00895,-1.94565,1.10136,1.16858,2.20139,-0.000142584,-0.00108232,0.00106079,0.00131111,0.000195669,-8.54063e-05,0.000431065,0,0,0,0,0,0,0,-0.176685,26.766,-24.7881,7.44724,0.825212,2.51242,0.0587866,-0.179062,2.15402,-3.1085,1.91965,0.185184,0.921827,0.0613262
1727769,1,-2.75261,-1.32534,1.01106,-1.94698,1.10108,1.16771,2.20139,-2.75266,-1.32422,1.00895,-1.94565,1.10136,1.16858,2.20139,0.000554558,-0.00072155,-0.000499234,-0.000332352,0.000333896,-0.000294297,0.000524735,0,0,0,0,0,0,0,-0.204456,26.766,-24.7366,7.49881,0.819719,2.51882,0.0523779,-0.178961,2.15633,-3.11134,1.91931,0.185201,0.921947,0.0616075
1727770,1,-2.75261,-1.32534,1.01106,-1.94698,1.10108,1.16771,2.20139,-2.75266,-1.32422,1.00895,-1.94565,1.10136,1.16858,2.20139,-0.000279908,0.000168581,-0.000332823,-0.00077838,-0.000184304,4.11613e-05,0.000349824,0,0,0,0,0,0,0,-0.176685,26.7383,-24.7366,7.52262,0.830705,2.51242,0.0523779,-0.180187,2.15902,-3.11346,1.91829,0.185163,0.922035,0.0618497
1727771,1,-2.75261,-1.32534,1.01106,-1.94698,1.10108,1.16771,2.20138,-2.75266,-1.32422,1.00895,-1.94565,1.10136,1.16858,2.20139,-0.000186606,0.000112387,-0.000778694,3.78921e-05,0.000521391,2.74408e-05,-0.00071622,0,0,0,0,0,0,0,-0.176685,26.7383,-24.7128,7.49881,0.81331,2.51242,0.0780126,-0.180513,2.15981,-3.11374,1.91812,0.18516,0.922032,0.0620436
1727772,1,-2.75261,-1.32534,1.01106,-1.94698,1.10108,1.16771,2.20139,-2.75266,-1.32422,1.00895,-1.94565,1.10136,1.16858,2.20139,-0.000124404,0.000631737,3.76829e-05,2.52614e-05,-9.32155e-05,0.000255653,0.00121794,0,0,0,0,0,0,0,-0.176685,26.7144,-24.7366,7.49881,0.825212,2.50601,0.0322363,-0.18,2.15895,-3.11265,1.91847,0.18515,0.921946,0.0621925
1727773,1,-2.75261,-1.32534,1.01105,-1.94698,1.10108,1.16771,2.20139,-2.75266,-1.32422,1.00895,-1.94565,1.10136,1.16858,2.20139,0.000566678,0.000421158,-0.0010885,0.00122327,-0.000469045,-0.000304283,0.000574602,0,0,0,0,0,0,0,-0.204456,26.7144,-24.689,7.44724,0.836199,2.51882,0.038645,-0.180056,2.15744,-3.11065,1.91831,0.185058,0.921802,0.0622994
1727774,1,-2.75261,-1.32534,1.01106,-1.94698,1.10108,1.16771,2.20139,-2.75266,-1.32422,1.00895,-1.94565,1.10136,1.16858,2.20139,-0.000271829,0.000280772,-0.000168856,-0.000390915,-0.000109246,-0.000202855,0.0001118,0,0,0,0,0,0,0,-0.176685,26.7144,-24.7128,7.49881,0.830705,2.51882,0.0459692,-0.18106,2.15583,-3.10803,1.91744,0.18489,0.921626,0.0623452
1727775,1,-2.75261,-1.32534,1.01106,-1.94698,1.10108,1.16771,2.20139,-2.75266,-1.32422,1.00895,-1.94565,1.10136,1.16858,2.20139,0.000468395,0.000187181,0.000444241,-0.00026061,0.00013062,0.000339481,7.45336e-05,0,0,0,0,0,0,0,-0.204456,26.7144,-24.7366,7.49881,0.825212,2.50601,0.0459692,-0.181902,2.15452,-3.10599,1.91678,0.184742,0.921511,0.0623169
1727776,1,-2.75261,-1.32534,1.01106,-1.94698,1.10108,1.16771,2.20139,-2.75266,-1.32422,1.00895,-1.94565,1.10136,1.16858,2.20139,0.000312263,-0.000432024,0.000296161,-0.000730552,8.70799e-05,-1.10382e-05,0.000795674,0,0,0,0,0,0,0,-0.204456,26.7383,-24.7366,7.52262,0.825212,2.51242,0.0258276,-0.182548,2.15423,-3.10554,1.91652,0.18464,0.921527,0.06222
1727777,1,-2.75261,-1.32534,1.01106,-1.94698,1.10108,1.16771,2.20139,-2.75266,-1.32422,1.00895,-1.94565,1.10136,1.16858,2.20139,-0.000441438,0.000268796,-0.000359371,6.97774e-05,5.80533e-05,-7.35878e-06,5.57317e-05,0,0,0,0,0,0,0,-0.176685,26.7144,-24.7128,7.49881,0.825212,2.51242,0.038645,-0.183014,2.15466,-3.106,1.91648,0.18457,0.921607,0.062055
1727778,1,-2.75261,-1.32534,1.01106,-1.94698,1.10108,1.16771,2.20139,-2.75266,-1.32422,1.00895,-1.94565,1.10136,1.16858,2.20139,-0.000294292,0.000179197,0.000317231,0.00125294,0.000242153,-0.000716983,0.000274513,0,0,0,0,0,0,0,-0.176685,26.7144,-24.7366,7.44724,0.819719,2.53164,0.0322363,-0.182972,2.15495,-3.10642,1.91644,0.184494,0.921655,0.0618173
1727779,1,-2.75261,-1.32534,1.01106,-1.94698,1.10108,1.16771,2.20139,-2.75266,-1.32422,1.00895,-1.94565,1.10136,1.16858,2.20139,-0.000196195,0.000119465,0.000861101,-0.00037113,-4.20154e-05,0.000708806,0.000657727,0,0,0,0,0,0,0,-0.176685,26.7144,-24.7643,7.49881,0.825212,2.4996,0.0194189,-0.182756,2.15542,-3.10724,1.91608,0.184379,0.921706,0.0615095
1727780,1,-2.75261,-1.32534,1.01105,-1.94698,1.10108,1.16771,2.20139,-2.75266,-1.32422,1.00895,-1.94565,1.10136,1.16858,2.20139,-0.000130797,-0.00112678,-0.00118917,0.000402194,-2.80103e-05,-2.18038e-06,-0.00101958,0,0,0,0,0,0,0,-0.176685,26.766,-24.689,7.47104,0.825212,2.51242,0.0587866,-0.182644,2.15642,-3.10841,1.91557,0.184258,0.921776,0.0611306
1727781,1,-2.75261,-1.32534,1.01106,-1.94698,1.10108,1.16771,2.20139,-2.75266,-1.32422,1.00895,-1.94565,1.10136,1.16858,2.20139,-8.71977e-05,0.00110485,-0.000235968,-0.000381485,-0.000222124,-1.45359e-06,0.000540985,0,0,0,0,0,0,0,-0.176685,26.6867,-24.7128,7.49881,0.830705,2.51242,0.0258276,-0.182626,2.15702,-3.10856,1.91511,0.184149,0.921787,0.06069
1727782,1,-2.75261,-1.32534,1.01106,-1.94698,1.10108,1.16771,2.20139,-2.75266,-1.32422,1.00895,-1.94565,1.10136,1.16858,2.20139,-0.000614944,8.69536e-05,0.00104911,-0.000254323,-0.000148083,-0.000238328,0.000123298,0,0,0,0,0,0,0,-0.152882,26.7144,-24.7643,7.49881,0.830705,2.51882,0.0322363,-0.181659,2.1564,-3.10808,1.91542,0.184085,0.921775,0.0602177
1727783,1,-2.75261,-1.32534,1.01105,-1.94698,1.10108,1.16771,2.20139,-2.75266,-1.32422,1.00895,-1.94565,1.10136,1.16858,2.20139,0.00135328,-0.000498843,-0.00106383,0.000480065,-9.87218e-05,-0.000158885,8.21984e-05,0,0,0,0,0,0,0,-0.22826,26.7383,-24.689,7.47104,0.830705,2.51882,0.0322363,-0.180968,2.15596,-3.10802,1.9157,0.18402,0.921814,0.0597196
1727784,1,-2.75261,-1.32534,1.01105,-1.94699,1.10108,1.16771,2.20139,-2.75266,-1.32422,1.00895,-1.94565,1.10136,1.16858,2.20139,0.000345372,0.00022425,-0.000152407,-0.00144319,-6.58145e-05,0.000131435,0.000292158,0,0,0,0,0,0,0,-0.204456,26.7144,-24.7128,7.54642,0.830705,2.51242,0.0258276,-0.182322,2.15631,-3.10755,1.91503,0.183904,0.921869,0.0591889
1727785,1,-2.75261,-1.32534,1.01105,-1.94698,1.10108,1.16771,2.20139,-2.75266,-1.32422,1.00895,-1.94565,1.10136,1.16858,2.20139,-0.000976178,-0.00105693,-0.000658417,0.00135792,-4.38764e-05,0.000562341,-0.000551213,0,0,0,0,0,0,0,-0.152882,26.766,-24.689,7.44724,0.830705,2.4996,0.0459692,-0.183865,2.15668,-3.10659,1.91431,0.183808,0.921898,0.0586294
1727786,1,-2.75261,-1.32534,1.01105,-1.94698,1.10108,1.16771,2.20139,-2.75266,-1.32422,1.00895,-1.94565,1.10136,1.16858,2.20139,-0.000650785,0.00115142,0.000117867,0.000348468,-0.000232701,-9.98236e-05,0.00037851,0,0,0,0,0,0,0,-0.152882,26.6867,-24.7128,7.47104,0.836199,2.51242,0.0258276,-0.183981,2.15671,-3.10564,1.91386,0.183746,0.921858,0.0580508
1727787,1,-2.75261,-1.32534,1.01105,-1.94698,1.10108,1.16772,2.20139,-2.75266,-1.32422,1.00895,-1.94565,1.10136,1.16858,2.20139,0.00132938,0.000118001,0.00063539,0.000789124,-0.000155134,0.00017081,-0.000493645,0,0,0,0,0,0,0,-0.22826,26.7144,-24.7366,7.44724,0.836199,2.50601,0.0459692,-0.183964,2.15644,-3.10486,1.91314,0.18366,0.921803,0.0574676
1727788,1,-2.75261,-1.32534,1.01105,-1.94698,1.10108,1.16771,2.20139,-2.75266,-1.32422,1.00895,-1.94565,1.10136,1.16858,2.20139,-0.000320172,-0.00112776,-0.00069003,-0.000680343,0.000303478,-0.000360845,-5.78296e-05,0,0,0,0,0,0,0,-0.176685,26.766,-24.689,7.49881,0.825212,2.51882,0.038645,-0.185333,2.15705,-3.10468,1.91177,0.183543,0.921812,0.0568861
1727789,1,-2.75261,-1.32534,1.01105,-1.94699,1.10108,1.16771,2.20139,-2.75266,-1.32422,1.00895,-1.94565,1.10136,1.16858,2.20139,0.000436166,-0.000102225,9.67917e-05,-0.00101037,-0.000204582,0.000234155,-0.000784538,0,0,0,0,0,0,0,-0.204456,26.7383,-24.7128,7.52262,0.836199,2.50601,0.0587866,-0.186787,2.15833,-3.10487,1.91073,0.183499,0.921864,0.0563166
1727790,1,-2.75261,-1.32534,1.01106,-1.94698,1.10108,1.16771,2.20139,-2.75266,-1.32422,1.00895,-1.94565,1.10136,1.16858,2.20139,0.000847589,-6.815e-05,0.00062134,0.000532843,6.70624e-05,0.000156103,0.000460319,0,0,0,0,0,0,0,-0.22826,26.7383,-24.7366,7.47104,0.830705,2.50601,0.0322363,-0.187967,2.15967,-3.10532,1.91019,0.183512,0.921951,0.0557774
1727791,1,-2.75261,-1.32534,1.01105,-1.94698,1.10108,1.16772,2.20139,-2.75266,-1.32422,1.00895,-1.94565,1.10136,1.16858,2.20139,8.24756e-06,-4.54334e-05,-0.000142585,0.000355229,0.000451609,-0.00013329,-0.000201747,0,0,0,0,0,0,0,-0.204456,26.7383,-24.7128,7.47104,0.819719,2.51242,0.0459692,-0.189928,2.16132,-3.10602,1.90912,0.183479,0.922046,0.0552776
1727792,1,-2.75261,-1.32534,1.01105,-1.94698,1.10108,1.16771,2.20139,-2.75266,-1.32422,1.00895,-1.94565,1.10136,1.16858,2.20139,-0.000644116,-3.02889e-05,-9.5057e-05,0.000793631,9.76223e-05,-8.88601e-05,0.000136769,0,0,0,0,0,0,0,-0.176685,26.7383,-24.7128,7.44724,0.825212,2.51242,0.038645,-0.191504,2.16255,-3.10636,1.90787,0.183424,0.922072,0.0548133
1727793,1,-2.75261,-1.32534,1.01105,-1.94698,1.10108,1.16771,2.20139,-2.75266,-1.32422,1.00895,-1.94565,1.10136,1.16858,2.20139,0.000220204,0.00118623,-6.33713e-05,-0.000677338,6.50816e-05,-5.92401e-05,-0.000180088,0,0,0,0,0,0,0,-0.204456,26.6867,-24.7128,7.49881,0.825212,2.51242,0.0459692,-0.19142,2.16226,-3.10587,1.90745,0.183409,0.922014,0.0543808
1727794,1,-2.75261,-1.32534,1.01105,-1.94698,1.10108,1.16771,2.20139,-2.75266,-1.32422,1.00895,-1.94565,1.10136,1.16858,2.20139,-0.000502812,-0.00106522,-0.000599059,-0.000451559,-0.000160063,0.000197866,0.000151209,0,0,0,0,0,0,0,-0.176685,26.766,-24.689,7.49881,0.830705,2.50601,0.038645,-0.189904,2.16061,-3.10464,1.90813,0.183463,0.921918,0.0539773
1727795,1,-2.75261,-1.32534,1.01105,-1.94698,1.10108,1.16771,2.20139,-2.75266,-1.32422,1.00895,-1.94565,1.10136,1.16858,2.20139,0.000314406,-6.05312e-05,0.000157439,-0.000301039,-0.000106709,-0.000105449,0.000575524,0,0,0,0,0,0,0,-0.204456,26.7383,-24.7128,7.49881,0.830705,2.51242,0.0258276,-0.18813,2.15926,-3.10352,1.90918,0.183558,0.921832,0.0535956
1727796,1,-2.75261,-1.32534,1.01106,-1.94698,1.10108,1.16772,2.20138,-2.75266,-1.32422,1.00895,-1.94565,1.10136,1.16858,2.20139,-0.00044001,0.000516458,0.000661771,-0.000200693,0.000132311,-7.0299e-05,-0.00202382,0,0,0,0,0,0,0,-0.176685,26.7144,-24.7366,7.49881,0.825212,2.51242,0.09083,-0.18653,2.15857,-3.10309,1.91018,0.183649,0.921793,0.0532271
1727797,1,-2.75261,-1.32534,1.01105,-1.94698,1.10108,1.16772,2.20138,-2.75266,-1.32422,1.00895,-1.94565,1.10136,1.16858,2.20139,-0.00029334,-0.000212507,-0.000672443,0.000515819,8.82077e-05,0.000427852,-0.00111185,0,0,0,0,0,0,0,-0.176685,26.7383,-24.689,7.47104,0.825212,2.4996,0.0844213,-0.184782,2.15775,-3.10285,1.91116,0.183716,0.92176,0.0528825
1727798,1,-2.75261,-1.32534,1.01106,-1.94698,1.10108,1.16771,2.20138,-2.75266,-1.32422,1.00895,-1.94565,1.10136,1.16858,2.20139,0.000454054,0.00106475,0.000665329,-0.000862547,-0.000144645,0.000285235,-0.000266516,0,0,0,0,0,0,0,-0.204456,26.6867,-24.7366,7.52262,0.830705,2.4996,0.071604,-0.183225,2.15659,-3.1022,1.91196,0.183752,0.921691,0.0526088
1727799,1,-2.75261,-1.32534,1.01105,-1.94698,1.10108,1.16771,2.20139,-2.75266,-1.32422,1.00895,-1.94565,1.10136,1.16858,2.20139,-0.000346911,-0.000496589,-0.00011326,0.00118821,-9.64303e-05,-0.000284562,0.000534399,0,0,0,0,0,0,0,-0.176685,26.7383,-24.7128,7.44724,0.830705,2.51242,0.0523779,-0.18235,2.15553,-3.1015,1.9124,0.183748,0.921613,0.0524433
1727800,1,-2.75261,-1.32534,1.01105,-1.94698,1.10108,1.16771,2.20138,-2.75266,-1.32422,1.00895,-1.94565,1.10136,1.16858,2.20139,0.00041834,0.000225752,-7.55064e-05,-0.000414288,-6.42869e-05,4.76513e-05,-0.00106789,0,0,0,0,0,0,0,-0.204456,26.7144,-24.7128,7.49881,0.830705,2.50601,0.09083,-0.182492,2.15526,-3.10105,1.91209,0.183693,0.921527,0.0523764
1727801,1,-2.75261,-1.32534,1.01105,-1.94698,1.10108,1.16772,2.20138,-2.75266,-1.32422,1.00895,-1.94565,1.10136,1.16858,2.20139,-0.000370721,0.000150502,-5.03376e-05,-0.000276192,0.000160593,0.000269126,-0.000237207,0,0,0,0,0,0,0,-0.176685,26.7144,-24.7128,7.49881,0.825212,2.4996,0.0780126,-0.18291,2.15516,-3.10048,1.91165,0.183639,0.921423,0.0523939
1727802,1,-2.75261,-1.32534,1.01105,-1.94698,1.10108,1.16772,2.20138,-2.75266,-1.32422,1.00895,-1.94565,1.10136,1.16858,2.20139,-0.000247147,-0.00110609,-3.35584e-05,0.000465486,0.000107062,-0.0002953,-0.000158138,0,0,0,0,0,0,0,-0.176685,26.766,-24.7128,7.47104,0.825212,2.51242,0.0780126,-0.183004,2.15525,-3.10008,1.91144,0.183615,0.921313,0.0525001
1727803,1,-2.75261,-1.32534,1.01105,-1.94698,1.10108,1.16772,2.20139,-2.75266,-1.32422,1.00895,-1.94565,1.10136,1.16858,2.20139,-0.000164765,-0.000737394,-0.000579184,0.000310324,-0.000132076,4.04921e-05,0.000606651,0,0,0,0,0,0,0,-0.176685,26.766,-24.689,7.47104,0.830705,2.50601,0.0587866,-0.183608,2.15655,-3.10017,1.91065,0.183572,0.921194,0.0526911
1727804,1,-2.75261,-1.32534,1.01105,-1.94698,1.10108,1.16771,2.20138,-2.75266,-1.32422,1.00895,-1.94565,1.10136,1.16858,2.20139,-0.000666655,0.00071483,0.000170689,-0.000442731,0.00031885,2.69947e-05,-7.02836e-05,0,0,0,0,0,0,0,-0.152882,26.7144,-24.7128,7.49881,0.819719,2.50601,0.071604,-0.183985,2.15781,-3.10007,1.9099,0.183534,0.921048,0.0529506
1727805,1,-2.75261,-1.32534,1.01105,-1.94698,1.10108,1.16771,2.20138,-2.75266,-1.32422,1.00895,-1.94565,1.10136,1.16858,2.20139,0.000112375,0.000476553,0.000113793,0.000911272,0.000212567,1.79965e-05,-0.000996291,0,0,0,0,0,0,0,-0.176685,26.7144,-24.7128,7.44724,0.819719,2.50601,0.0972387,-0.183273,2.15766,-3.09945,1.90985,0.183515,0.920881,0.0532582
1727806,1,-2.75261,-1.32534,1.01106,-1.94698,1.10108,1.16771,2.20139,-2.75266,-1.32422,1.00895,-1.94565,1.10136,1.16858,2.20139,-0.000481895,0.000317702,0.000632674,5.07025e-05,0.00037907,1.19977e-05,0.000997318,0,0,0,0,0,0,0,-0.152882,26.7144,-24.7366,7.47104,0.81331,2.50601,0.0523779,-0.182406,2.15693,-3.09886,1.90981,0.183457,0.920725,0.0536075
1727807,1,-2.75261,-1.32534,1.01105,-1.94698,1.10108,1.16771,2.20138,-2.75266,-1.32422,1.00895,-1.94565,1.10136,1.16858,2.20139,-0.000321263,0.000211801,-0.000135029,3.38017e-05,-0.000391547,7.99844e-06,-0.000284557,0,0,0,0,0,0,0,-0.152882,26.7144,-24.7128,7.47104,0.830705,2.50601,0.0780126,-0.181348,2.15617,-3.09858,1.90982,0.18338,0.920591,0.0539973
1727808,1,-2.75261,-1.32534,1.01105,-1.94698,1.10108,1.16771,2.20138,-2.75266,-1.32422,1.00895,-1.94565,1.10136,1.16858,2.20139,0.00210587,0.000790815,-0.00129645,-0.00118389,-0.000261031,5.33229e-06,-0.000427064,0,0,0,0,0,0,0,-0.252064,26.6867,-24.6612,7.52262,0.830705,2.50601,0.0844213,-0.180941,2.15489,-3.09738,1.90989,0.183294,0.920444,0.0544074
1727809,1,-2.75261,-1.32534,1.01105,-1.94698,1.10108,1.16772,2.20138,-2.75266,-1.32422,1.00895,-1.94565,1.10136,1.16858,2.20139,0.000290292,-0.000679216,-0.000214683,0.000417165,2.94299e-05,-0.000233804,-0.000284709,0,0,0,0,0,0,0,-0.204456,26.7383,-24.689,7.47104,0.825212,2.51242,0.0844213,-0.182866,2.15367,-3.09482,1.90919,0.183146,0.920283,0.0548281
1727810,1,-2.75261,-1.32534,1.01106,-1.94698,1.10108,1.16772,2.20138,-2.75266,-1.32422,1.00895,-1.94565,1.10136,1.16858,2.20139,-0.000456086,0.000104001,0.00041369,-0.000371504,-0.000183831,-0.000155869,0.000284912,0,0,0,0,0,0,0,-0.176685,26.7144,-24.7128,7.49881,0.830705,2.51242,0.071604,-0.185443,2.1535,-3.09286,1.90807,0.182985,0.92016,0.0552715
1727811,1,-2.75261,-1.32534,1.01106,-1.94698,1.10108,1.16772,2.20139,-2.75266,-1.32422,1.00895,-1.94565,1.10136,1.16858,2.20139,0.000345557,-0.000487478,0.000275793,0.000401945,8.08968e-05,0.000133446,0.000189941,0,0,0,0,0,0,0,-0.204456,26.7383,-24.7128,7.47104,0.825212,2.50601,0.071604,-0.186921,2.15427,-3.09252,1.90723,0.182863,0.920101,0.0557406
1727812,1,-2.75261,-1.32534,1.01105,-1.94698,1.10108,1.16772,2.20138,-2.75266,-1.32422,1.00895,-1.94565,1.10136,1.16858,2.20139,0.000230371,0.000231827,-0.00102256,-0.000381651,-0.00035297,0.000563682,-0.000585449,0,0,0,0,0,0,0,-0.204456,26.7144,-24.6612,7.49881,0.836199,2.49319,0.09083,-0.1881,2.15526,-3.09248,1.90642,0.182756,0.920047,0.056221
1727813,1,-2.75261,-1.32534,1.01105,-1.94698,1.10108,1.16771,2.20138,-2.75266,-1.32422,1.00895,-1.94565,1.10136,1.16858,2.20139,0.000153581,-0.000402261,-0.000681709,0.000951992,-0.000235313,-0.000336289,-0.000152941,0,0,0,0,0,0,0,-0.204456,26.7383,-24.6612,7.44724,0.836199,2.51242,0.0844213,-0.189526,2.15575,-3.09138,1.90539,0.182644,0.919915,0.0567052
1727814,1,-2.75261,-1.32534,1.01105,-1.94698,1.10108,1.16771,2.20138,-2.75266,-1.32422,1.00895,-1.94565,1.10136,1.16858,2.20139,-0.000547227,-0.000917788,0.000751953,-0.000571765,4.6575e-05,0.000250525,0.000135399,0,0,0,0,0,0,0,-0.176685,26.766,-24.7128,7.49881,0.830705,2.4996,0.0780126,-0.190734,2.15652,-3.09041,1.90429,0.182556,0.919764,0.0572037
1727815,1,-2.75261,-1.32534,1.01105,-1.94698,1.10108,1.16771,2.20138,-2.75266,-1.32422,1.00895,-1.94565,1.10136,1.16858,2.20139,-0.000364818,3.77554e-05,-5.55099e-05,-0.000381176,3.105e-05,0.000167017,0.000327625,0,0,0,0,0,0,0,-0.176685,26.7383,-24.689,7.49881,0.830705,2.4996,0.071604,-0.190565,2.15782,-3.09083,1.90398,0.182562,0.91968,0.0577227
1727816,1,-2.75261,-1.32534,1.01105,-1.94698,1.10108,1.16771,2.20139,-2.75266,-1.32422,1.00895,-1.94565,1.10136,1.16858,2.20139,-0.000243212,0.000581982,-0.000686621,0.000395496,-0.000182751,-0.000363373,0.00167648,0,0,0,0,0,0,0,-0.176685,26.7144,-24.6612,7.47104,0.836199,2.51242,0.0322363,-0.188956,2.15808,-3.09106,1.90463,0.182646,0.919577,0.0582515
1727817,1,-2.75261,-1.32534,1.01105,-1.94698,1.10108,1.16771,2.20139,-2.75266,-1.32422,1.00895,-1.94565,1.10136,1.16858,2.20139,0.000487473,0.0010376,0.000191867,0.000820476,0.000285067,-0.000242249,0.000134308,0,0,0,0,0,0,0,-0.204456,26.6867,-24.689,7.44724,0.825212,2.51242,0.0587866,-0.187519,2.15687,-3.08989,1.90513,0.1827,0.919396,0.0587558
1727818,1,-2.75261,-1.32534,1.01105,-1.94698,1.10108,1.16771,2.20139,-2.75266,-1.32422,1.00895,-1.94565,1.10136,1.16858,2.20139,-0.000324632,-0.00116431,-0.000521703,-0.000659442,0.000190045,0.000313219,0.00107288,0,0,0,0,0,0,0,-0.176685,26.766,-24.6612,7.49881,0.825212,2.4996,0.0322363,-0.186993,2.15561,-3.08831,1.90507,0.18271,0.91921,0.0591923
1727819,1,-2.75261,-1.32534,1.01105,-1.94698,1.10108,1.16771,2.20139,-2.75266,-1.32422,1.00895,-1.94565,1.10136,1.16858,2.20139,-0.000216421,0.00107984,0.000301812,-0.000439628,-0.000280204,0.000208812,0.000206629,0,0,0,0,0,0,0,-0.176685,26.6867,-24.689,7.49881,0.836199,2.4996,0.0459692,-0.186171,2.15469,-3.08713,1.90535,0.182767,0.919064,0.0595366
1727820,1,-2.75261,-1.32534,1.01105,-1.94698,1.10108,1.16771,2.20139,-2.75266,-1.32422,1.00895,-1.94565,1.10136,1.16858,2.20139,-0.000144281,-0.000486535,-0.000448406,0.000356529,1.66476e-05,0.000139208,0.00040902,0,0,0,0,0,0,0,-0.176685,26.7383,-24.6612,7.47104,0.830705,2.4996,0.038645,-0.184631,2.15355,-3.08608,1.90618,0.182871,0.918928,0.0597776
1727821,1,-2.75261,-1.32534,1.01105,-1.94698,1.10108,1.16771,2.20139,-2.75266,-1.32422,1.00895,-1.94565,1.10136,1.16858,2.20139,0.000553427,0.000882069,-0.000855749,0.00658514,1.10984e-05,-0.000144553,0.000984757,0,0,0,0,0,0,0,-0.204456,26.6867,-24.6374,7.49881,0.830705,2.50601,0.0194189,-0.185802,2.15344,-3.08443,1.90445,0.182772,0.9187,0.0599044
1727822,1,-2.75261,-1.32534,1.01105,-1.94698,1.10108,1.16772,2.20139,-2.75266,-1.32422,1.00895,-1.94565,1.10136,1.16858,2.20139,-0.000280663,-6.15678e-05,-0.00112731,0.00497318,7.39892e-06,0.00014099,0.000181787,0,0,0,0,0,0,0,-0.176685,26.7144,-24.6136,7.49881,0.830705,2.4996,0.0322363,-0.192359,2.15543,-3.0815,1.89752,0.182263,0.918274,0.0599063
1727823,1,-2.75261,-1.32534,1.01105,-1.94698,1.10108,1.16771,2.20139,-2.75266,-1.32422,1.00895,-1.94565,1.10136,1.16858,2.20139,0.00101932,-4.10452e-05,-0.000194729,0.00440238,0.000208383,-0.000143366,0.000833268,0,0,0,0,0,0,0,-0.22826,26.7144,-24.6374,7.47104,0.825212,2.50601,0.0130102,-0.20248,2.15911,-3.07806,1.88729,0.181497,0.91775,0.0597814
1727824,1,-2.75261,-1.32534,1.01105,-1.94698,1.10108,1.16772,2.20139,-2.75266,-1.32422,1.00895,-1.94565,1.10136,1.16858,2.20139,-0.000526881,-2.73635e-05,0.00107661,0.00326291,-6.45284e-05,0.000379141,-0.000665191,0,0,0,0,0,0,0,-0.176685,26.7144,-24.689,7.47104,0.830705,2.49319,0.0459692,-0.212902,2.164,-3.07602,1.87706,0.180737,0.91733,0.0595397
1727825,1,-2.75261,-1.32534,1.01105,-1.94698,1.10108,1.16772,2.20139,-2.75266,-1.32422,1.00895,-1.94565,1.10136,1.16858,2.20139,-0.000351254,0.000631372,6.81238e-05,0.00242126,-0.000246469,1.54016e-05,6.51655e-05,0,0,0,0,0,0,0,-0.176685,26.6867,-24.6612,7.47104,0.836199,2.4996,0.0322363,-0.220296,2.16845,-3.07582,1.86941,0.180176,0.917062,0.0592017
1727826,1,-2.75261,-1.32534,1.01105,-1.94698,1.10108,1.16772,2.20139,-2.75266,-1.32422,1.00895,-1.94565,1.10136,1.16858,2.20139,-0.000790981,-0.000785511,0.00125184,0.00114906,0.000242588,1.02677e-05,-0.000702542,0,0,0,0,0,0,0,-0.152882,26.7383,-24.7128,7.49881,0.825212,2.4996,0.0523779,-0.223137,2.17135,-3.07686,1.86559,0.179918,0.916914,0.0587983
1727827,1,-2.75261,-1.32534,1.01105,-1.94698,1.10108,1.16771,2.20139,-2.75266,-1.32422,1.00895,-1.94565,1.10136,1.16858,2.20139,0.00123592,0.000682752,-0.000371865,0.00211083,0.000161725,6.84515e-06,4.02653e-05,0,0,0,0,0,0,0,-0.22826,26.6867,-24.6612,7.44724,0.825212,2.4996,0.038645,-0.223491,2.17332,-3.07851,1.86442,0.179875,0.916866,0.0583578
1727828,1,-2.75261,-1.32534,1.01105,-1.94698,1.10108,1.16772,2.20138,-2.75266,-1.32422,1.00895,-1.94565,1.10136,1.16858,2.20139,0.000267133,-0.000751258,-0.00024791,-0.000252239,0.000107817,-0.000707513,-0.00166858,0,0,0,0,0,0,0,-0.204456,26.7383,-24.6612,7.52262,0.825212,2.51882,0.0844213,-0.223604,2.17436,-3.07938,1.86458,0.179936,0.916855,0.0579034
1727829,1,-2.75261,-1.32534,1.01105,-1.94698,1.10108,1.16772,2.20138,-2.75266,-1.32422,1.00895,-1.94565,1.10136,1.16858,2.20139,-0.00102834,-0.000500839,0.000484341,0.000466486,-0.000335023,0.000240401,-0.00111238,0,0,0,0,0,0,0,-0.152882,26.7383,-24.689,7.49881,0.836199,2.4996,0.0844213,-0.222101,2.17436,-3.07976,1.8667,0.180155,0.916874,0.0574695
1727830,1,-2.75261,-1.32534,1.01105,-1.94698,1.10108,1.16771,2.20139,-2.75266,-1.32422,1.00895,-1.94565,1.10136,1.16858,2.20139,-0.000128746,0.000222919,0.000322894,0.00157579,-0.000223349,0.000160267,0.000953831,0,0,0,0,0,0,0,-0.176685,26.7144,-24.689,7.44724,0.836199,2.4996,0.038645,-0.218098,2.17362,-3.08052,1.87054,0.180513,0.916913,0.0571049
1727831,1,-2.75261,-1.32534,1.01105,-1.94698,1.10108,1.16771,2.20138,-2.75266,-1.32422,1.00895,-1.94565,1.10136,1.16858,2.20139,-8.58309e-05,0.000148613,0.000215263,0.000537496,-0.000148899,-0.000367873,-0.00129689,0,0,0,0,0,0,0,-0.176685,26.7144,-24.689,7.47104,0.836199,2.51242,0.09083,-0.213474,2.17223,-3.08107,1.87463,0.180881,0.91693,0.0568301
1727832,1,-2.75261,-1.32534,1.01105,-1.94698,1.10108,1.16772,2.20139,-2.75266,-1.32422,1.00895,-1.94565,1.10136,1.16858,2.20139,-0.000614033,-0.000457737,0.00070032,0.000947979,0.000748444,-7.88965e-06,-0.000389877,0,0,0,0,0,0,0,-0.152882,26.7383,-24.7128,7.44724,0.81331,2.50601,0.0780126,-0.208935,2.17061,-3.0815,1.87858,0.181237,0.916947,0.0566371
1727833,1,-2.75261,-1.32534,1.01105,-1.94698,1.10108,1.16771,2.20139,-2.75266,-1.32422,1.00895,-1.94565,1.10136,1.16858,2.20139,-0.000409355,0.000901268,-8.99317e-05,9.98007e-05,5.81535e-05,-5.25977e-06,-2.25592e-05,0,0,0,0,0,0,0,-0.152882,26.6867,-24.689,7.47104,0.825212,2.50601,0.071604,-0.203861,2.16857,-3.08184,1.88274,0.181605,0.916962,0.0565352
1727834,1,-2.75261,-1.32534,1.01105,-1.94698,1.10108,1.16771,2.20139,-2.75266,-1.32422,1.00895,-1.94565,1.10136,1.16858,2.20139,0.000933523,-0.00060558,-0.000709568,-0.00056461,3.8769e-05,-0.000240865,0.000222319,0,0,0,0,0,0,0,-0.204456,26.7383,-24.6612,7.49881,0.825212,2.51242,0.0651953,-0.198863,2.1656,-3.08109,1.88705,0.181972,0.916945,0.0565289
1727836,0.98,-2.75261,-1.32534,1.01105,-1.94698,1.10108,1.16772,2.20139,-2.75266,-1.32422,1.00895,-1.94565,1.10136,1.16858,2.20139,0.000167427,0.00149409,-0.000531902,-0.000633455,8.50475e-05,0.000605026,-0.000850627,0,0,0,0,0,0,0,-0.176685,26.6629,-24.6612,7.49881,0.825212,2.49319,0.09083,-0.191929,2.16015,-3.07773,1.89404,0.182563,0.916876,0.0567208
1727837,0.98,-2.75261,-1.32534,1.01105,-1.94698,1.10108,1.16771,2.20139,-2.75266,-1.32422,1.00895,-1.94565,1.10136,1.16858,2.20139,0.000111618,0.000996061,-0.000911413,0.000235103,5.66983e-05,-7.13675e-05,0.000144992,0,0,0,0,0,0,0,-0.176685,26.6629,-24.6374,7.47104,0.825212,2.50601,0.071604,-0.187984,2.15543,-3.07437,1.8977,0.182824,0.916755,0.0568951
1727838,0.98,-2.75261,-1.32534,1.01105,-1.94698,1.10108,1.16771,2.20138,-2.75266,-1.32422,1.00895,-1.94565,1.10136,1.16858,2.20139,7.4412e-05,-0.000542385,0.00115563,0.000162579,-0.000165652,-4.75784e-05,-0.000852774,0,0,0,0,0,0,0,-0.176685,26.7144,-24.7128,7.47104,0.830705,2.50601,0.0972387,-0.18452,2.15055,-3.07081,1.90094,0.183032,0.916624,0.0571227
1727839,0.98,-2.75261,-1.32534,1.01105,-1.94698,1.10108,1.16771,2.20139,-2.75266,-1.32422,1.00895,-1.94565,1.10136,1.16858,2.20139,0.00125603,-0.00036159,0.000213607,0.000112769,9.30161e-05,-3.17189e-05,0.00183898,0,0,0,0,0,0,0,-0.22826,26.7144,-24.689,7.47104,0.825212,2.50601,0.0322363,-0.183178,2.14863,-3.06953,1.90261,0.18314,0.916626,0.0574022
1727840,0.98,-2.75261,-1.32534,1.01105,-1.94698,1.10108,1.16771,2.20139,-2.75266,-1.32422,1.00895,-1.94565,1.10136,1.16858,2.20139,0.000280544,-0.00024106,0.000142405,7.84667e-05,0.000265461,0.000216213,0.000717361,0,0,0,0,0,0,0,-0.204456,26.7144,-24.689,7.47104,0.819719,2.4996,0.0459692,-0.184174,2.14928,-3.06986,1.90273,0.183149,0.916725,0.0577152
1727841,0.98,-2.75261,-1.32534,1.01105,-1.94698,1.10108,1.16772,2.20139,-2.75266,-1.32422,1.00895,-1.94565,1.10136,1.16858,2.20139,0.000187029,-0.000717519,9.49366e-05,0.0011684,-0.000229927,0.000144142,3.52306e-06,0,0,0,0,0,0,0,-0.204456,26.7383,-24.689,7.42344,0.830705,2.4996,0.0587866,-0.186203,2.15096,-3.07052,1.90189,0.183092,0.916811,0.0580129
1727842,0.98,-2.75261,-1.32534,1.01105,-1.94698,1.10108,1.16771,2.20139,-2.75266,-1.32422,1.00895,-1.94565,1.10136,1.16858,2.20139,-0.000524928,0.00072808,6.32911e-05,-0.000982455,-0.000153285,-0.000141264,2.34871e-06,0,0,0,0,0,0,0,-0.176685,26.6867,-24.689,7.49881,0.830705,2.50601,0.0587866,-0.187322,2.15229,-3.07111,1.90125,0.183047,0.916843,0.058263
1727843,0.98,-2.75261,-1.32534,1.01105,-1.94698,1.10108,1.16771,2.20139,-2.75266,-1.32422,1.00895,-1.94565,1.10136,1.16858,2.20139,-0.000349952,-0.000721039,-0.00172104,-3.96929e-06,-0.00010219,0.000143183,1.56581e-06,0,0,0,0,0,0,0,-0.176685,26.7383,-24.6136,7.47104,0.830705,2.4996,0.0587866,-0.18614,2.15164,-3.07049,1.902,0.183106,0.916771,0.0584678
1727844,0.98,-2.75261,-1.32534,1.01105,-1.94698,1.10108,1.16771,2.20139,-2.75266,-1.32422,1.00895,-1.94565,1.10136,1.16858,2.20139,-0.000790113,-0.000480693,0.000615875,-1.60607e-06,0.000135324,-0.000141904,0.000984388,0,0,0,0,0,0,0,-0.152882,26.7383,-24.689,7.47104,0.825212,2.50601,0.0322363,-0.183527,2.14999,-3.06896,1.90354,0.183237,0.916609,0.0586314
1727845,0.98,-2.75261,-1.32534,1.01105,-1.94698,1.10108,1.16772,2.20139,-2.75266,-1.32422,1.00895,-1.94565,1.10136,1.16858,2.20139,0.0012365,0.000885964,-0.00023903,0.000556521,-0.000316685,0.000617474,-0.000327085,0,0,0,0,0,0,0,-0.22826,26.6867,-24.6612,7.44724,0.836199,2.48678,0.0587866,-0.181475,2.14881,-3.06775,1.90454,0.183328,0.916454,0.0587482
1727846,0.98,-2.75261,-1.32534,1.01105,-1.94698,1.10108,1.16772,2.20139,-2.75266,-1.32422,1.00895,-1.94565,1.10136,1.16858,2.20139,0.000267519,-0.000615783,-0.000716166,-0.000185213,0.000195778,0.000174291,1.9302e-05,0,0,0,0,0,0,0,-0.204456,26.7383,-24.6374,7.47104,0.825212,2.49319,0.0523779,-0.181335,2.14799,-3.06633,1.90445,0.183324,0.916306,0.0588081
1727847,0.98,-2.75261,-1.32534,1.01105,-1.94698,1.10108,1.16772,2.20139,-2.75266,-1.32422,1.00895,-1.94565,1.10136,1.16858,2.20139,0.000178346,-0.000410522,-0.00614903,-0.00077265,-7.29321e-05,0.000116194,0.000521494,0,0,0,0,0,0,0,-0.204456,26.7383,-24.6612,7.49881,0.830705,2.49319,0.038645,-0.182351,2.14594,-3.06184,1.90393,0.183302,0.915966,0.058813
1727848,0.98,-2.75261,-1.32534,1.01105,-1.94698,1.10108,1.16772,2.20139,-2.75266,-1.32422,1.00895,-1.94565,1.10136,1.16858,2.20139,0.000118897,0.000932744,-0.0051752,0.000134843,-0.000455522,-0.000397255,0.000347663,0,0,0,0,0,0,0,-0.204456,26.6867,-24.6374,7.47104,0.841692,2.50601,0.038645,-0.183084,2.14007,-3.05105,1.90389,0.183333,0.915212,0.0587684
1727849,0.98,-2.75261,-1.32534,1.01105,-1.94698,1.10108,1.16772,2.20139,-2.75266,-1.32422,1.00895,-1.94565,1.10136,1.16858,2.20139,-0.00112716,-2.77843e-05,-0.00383941,9.01421e-05,0.000103219,-0.000264837,0.000469134,0,0,0,0,0,0,0,-0.152882,26.7144,-24.6374,7.47104,0.830705,2.50601,0.0322363,-0.182665,2.13092,-3.03608,1.90452,0.183412,0.914163,0.0586727
1727850,0.98,-2.75261,-1.32534,1.01105,-1.94698,1.10108,1.16771,2.20139,-2.75266,-1.32422,1.00895,-1.94565,1.10136,1.16858,2.20139,-0.000751441,-0.000575335,-0.00229475,6.02798e-05,0.000272263,-0.000413917,-0.000433229,0,0,0,0,0,0,0,-0.152882,26.7383,-24.6612,7.47104,0.825212,2.51242,0.0523779,-0.180657,2.12216,-3.02263,1.90569,0.183543,0.913167,0.0585231
1727851,0.98,-2.75261,-1.32534,1.01105,-1.94697,1.10108,1.16771,2.20139,-2.75266,-1.32422,1.00895,-1.94565,1.10136,1.16858,2.20139,0.000705465,0.00137968,-0.00230561,0.00171076,-2.19415e-05,0.000198773,0.000457166,0,0,0,0,0,0,0,-0.204456,26.6629,-24.6374,7.39963,0.830705,2.4996,0.0322363,-0.178919,2.116,-3.01303,1.90622,0.183631,0.912405,0.0583222
1727852,0.98,-2.75261,-1.32534,1.01105,-1.94698,1.10108,1.16772,2.20139,-2.75266,-1.32422,1.00895,-1.94565,1.10136,1.16858,2.20139,-0.000179304,-0.00084345,-0.00114449,2.69877e-05,-0.000218078,0.000132516,0.000304777,0,0,0,0,0,0,0,-0.176685,26.7383,-24.6612,7.44724,0.836199,2.4996,0.0322363,-0.179113,2.11271,-3.0071,1.90526,0.183596,0.911902,0.0580789
1727853,0.98,-2.75261,-1.32534,1.01105,-1.94698,1.10108,1.16772,2.20139,-2.75266,-1.32422,1.00895,-1.94565,1.10136,1.16858,2.20139,-0.00132596,-0.0005623,-0.000886162,-0.000538742,5.8065e-05,0.000325703,0.000203185,0,0,0,0,0,0,0,-0.125111,26.7383,-24.6612,7.47104,0.830705,2.49319,0.0322363,-0.17916,2.11229,-3.00544,1.90428,0.183586,0.911679,0.0577954
1727854,0.98,-2.75261,-1.32534,1.01105,-1.94698,1.10108,1.16772,2.20139,-2.75266,-1.32422,1.00895,-1.94565,1.10136,1.16858,2.20139,-0.000234361,-0.000374867,-0.000683151,-0.00100872,0.000242161,-2.02239e-05,0.000372815,0,0,0,0,0,0,0,-0.152882,26.7383,-24.6612,7.49881,0.825212,2.4996,0.0258276,-0.177064,2.1137,-3.00762,1.90472,0.183723,0.911697,0.0574708
1727855,0.98,-2.75261,-1.32534,1.01105,-1.94698,1.10108,1.16772,2.20139,-2.75266,-1.32422,1.00895,-1.94565,1.10136,1.16858,2.20139,0.000400572,0.000956515,-0.000524717,0.000533992,-0.000245461,0.000223876,-0.000972159,0,0,0,0,0,0,0,-0.176685,26.6867,-24.6612,7.44724,0.836199,2.49319,0.0587866,-0.174499,2.11574,-3.01161,1.9057,0.183896,0.911858,0.0571039
1727856,0.98,-2.75261,-1.32534,1.01105,-1.94698,1.10108,1.16772,2.20139,-2.75266,-1.32422,1.00895,-1.94565,1.10136,1.16858,2.20139,0.000267048,-1.19375e-05,0.000247841,-0.000200784,0.000243261,0.000149251,0.000335238,0,0,0,0,0,0,0,-0.176685,26.7144,-24.689,7.47104,0.825212,2.49319,0.0322363,-0.173355,2.11831,-3.01638,1.90592,0.183982,0.912098,0.0567042
1727857,0.98,-2.75261,-1.32534,1.01105,-1.94698,1.10108,1.16772,2.20139,-2.75266,-1.32422,1.00895,-1.94565,1.10136,1.16858,2.20139,0.000178032,-0.00056477,-0.00108017,-0.000783445,0.000162174,-0.000137858,-0.000522493,0,0,0,0,0,0,0,-0.176685,26.7383,-24.6374,7.49881,0.825212,2.4996,0.0523779,-0.173369,2.12166,-3.02176,1.90555,0.184016,0.912386,0.0562924
1727858,0.98,-2.75261,-1.32534,1.01105,-1.94698,1.10108,1.16772,2.20139,-2.75266,-1.32422,1.00895,-1.94565,1.10136,1.16858,2.20139,-0.000438124,-0.000376514,-0.000749342,0.000684147,-0.000298785,-0.000329264,-0.000585688,0,0,0,0,0,0,0,-0.152882,26.7383,-24.6374,7.44724,0.836199,2.50601,0.0587866,-0.17378,2.12546,-3.02694,1.90496,0.184041,0.912643,0.0558807
1727859,0.98,-2.75261,-1.32534,1.01105,-1.94698,1.10108,1.16772,2.20138,-2.75266,-1.32422,1.00895,-1.94565,1.10136,1.16858,2.20139,0.000264729,0.000955417,-0.00107829,-0.0001007,0.000207711,-0.000694228,-0.00110254,0,0,0,0,0,0,0,-0.176685,26.6867,-24.6136,7.47104,0.825212,2.51882,0.0780126,-0.174205,2.1286,-3.03088,1.90418,0.184041,0.912806,0.0554882
1727860,0.98,-2.75261,-1.32534,1.01105,-1.94698,1.10108,1.16772,2.20138,-2.75266,-1.32422,1.00895,-1.94565,1.10136,1.16858,2.20139,0.0008261,0.000636945,0.00037832,0.0010465,0.000138474,0.000249258,-0.0014471,0,0,0,0,0,0,0,-0.204456,26.6867,-24.6612,7.42344,0.825212,2.4996,0.0972387,-0.17517,2.13073,-3.03364,1.90298,0.183972,0.912921,0.0551485
1727861,0.98,-2.75261,-1.32534,1.01105,-1.94698,1.10108,1.16771,2.20138,-2.75266,-1.32422,1.00895,-1.94565,1.10136,1.16858,2.20139,0.000550733,0.000981442,0.000239882,0.000140863,0.000295766,-7.11866e-05,-0.000490016,0,0,0,0,0,0,0,-0.204456,26.6629,-24.6612,7.44724,0.819719,2.50601,0.0844213,-0.177249,2.13275,-3.03629,1.90108,0.183816,0.913074,0.0549018
1727862,0.98,-2.75261,-1.32534,1.01104,-1.94698,1.10108,1.16772,2.20138,-2.75266,-1.32422,1.00895,-1.94565,1.10136,1.16858,2.20139,0.000367156,0.000654294,-0.000962951,-0.000462897,-0.000209723,0.000664619,-0.000801395,0,0,0,0,0,0,0,-0.204456,26.6629,-24.6136,7.47104,0.830705,2.48678,0.0972387,-0.179296,2.13421,-3.03861,1.89932,0.183651,0.913238,0.0547818
1727863,0.98,-2.75261,-1.32534,1.01105,-1.94698,1.10108,1.16772,2.20139,-2.75266,-1.32422,1.00895,-1.94565,1.10136,1.16858,2.20139,0.000801582,-0.00077023,-9.20911e-05,-0.000958208,0.000267085,-3.16385e-05,0.00088989,0,0,0,0,0,0,0,-0.22826,26.7144,-24.6374,7.49881,0.819719,2.4996,0.0587866,-0.180724,2.13512,-3.04023,1.89831,0.183553,0.913375,0.0547987
1727864,0.98,-2.75261,-1.32534,1.01105,-1.94698,1.10108,1.16772,2.20139,-2.75266,-1.32422,1.00895,-1.94565,1.10136,1.16858,2.20139,-0.00122885,-0.0010703,-0.000623408,1.08121e-05,-0.000228844,-0.000258451,0.000118542,0,0,0,0,0,0,0,-0.152882,26.7383,-24.6136,7.47104,0.830705,2.50601,0.071604,-0.181526,2.13691,-3.04226,1.89779,0.183528,0.913511,0.0549361
1727865,0.98,-2.75261,-1.32534,1.01105,-1.94698,1.10108,1.16772,2.20138,-2.75266,-1.32422,1.00895,-1.94565,1.10136,1.16858,2.20139,0.000387193,-0.00136315,0.00134373,7.21055e-06,5.08878e-05,6.50581e-05,-0.00039569,0,0,0,0,0,0,0,-0.204456,26.766,-24.689,7.47104,0.825212,2.4996,0.0844213,-0.181613,2.14044,-3.0458,1.89737,0.183543,0.913681,0.0551571
1727866,0.98,-2.75261,-1.32534,1.01105,-1.94698,1.10108,1.16772,2.20138,-2.75266,-1.32422,1.00895,-1.94565,1.10136,1.16858,2.20139,-0.000391485,0.000297662,-0.000870343,4.80889e-06,3.39252e-05,-0.000193987,-0.000263793,0,0,0,0,0,0,0,-0.176685,26.7144,-24.6136,7.47104,0.825212,2.50601,0.0844213,-0.18166,2.1449,-3.05019,1.89673,0.183541,0.913877,0.0554374
1727867,0.98,-2.75261,-1.32534,1.01105,-1.94698,1.10108,1.16772,2.20139,-2.75266,-1.32422,1.00895,-1.94565,1.10136,1.16858,2.20139,-0.000817802,0.000848055,0.00118081,3.20732e-06,0.000226067,0.000108034,0.000773574,0,0,0,0,0,0,0,-0.152882,26.6867,-24.689,7.47104,0.819719,2.4996,0.0587866,-0.180623,2.14765,-3.05354,1.8967,0.183545,0.914009,0.0557781
1727868,0.98,-2.75261,-1.32534,1.01105,-1.94698,1.10108,1.16772,2.20139,-2.75266,-1.32422,1.00895,-1.94565,1.10136,1.16858,2.20139,1.16105e-05,-8.42439e-05,-0.000977674,0.000558951,-5.2739e-05,7.20229e-05,0.000990434,0,0,0,0,0,0,0,-0.176685,26.7144,-24.6136,7.44724,0.825212,2.4996,0.0459692,-0.178286,2.1482,-3.05542,1.89737,0.183555,0.914044,0.0561659
1727869,0.98,-2.75261,-1.32534,1.01105,-1.94698,1.10108,1.16772,2.20138,-2.75266,-1.32422,1.00895,-1.94565,1.10136,1.16858,2.20139,0.000657354,-0.000612975,-0.000653017,-0.000833791,-3.51593e-05,-0.000189344,-0.000526506,0,0,0,0,0,0,0,-0.204456,26.7383,-24.6136,7.49881,0.825212,2.50601,0.0780126,-0.176984,2.14825,-3.05583,1.89755,0.183513,0.914004,0.0565565
1727870,0.98,-2.75261,-1.32534,1.01105,-1.94698,1.10108,1.16772,2.20138,-2.75266,-1.32422,1.00895,-1.94565,1.10136,1.16858,2.20139,-0.00076819,0.000148162,0.000120541,0.000650566,-0.00022689,0.000348489,0.000123714,0,0,0,0,0,0,0,-0.152882,26.7144,-24.6374,7.44724,0.830705,2.49319,0.0651953,-0.176861,2.14846,-3.05529,1.89725,0.183436,0.91393,0.0569203
1727871,0.98,-2.75261,-1.32534,1.01105,-1.94698,1.10108,1.16771,2.20139,-2.75266,-1.32422,1.00895,-1.94565,1.10136,1.16858,2.20139,-0.000512126,0.000748389,7.96664e-05,0.000433711,-0.000354711,-0.000479751,0.000794553,0,0,0,0,0,0,0,-0.152882,26.6867,-24.6374,7.44724,0.836199,2.51242,0.0459692,-0.176131,2.14821,-3.05463,1.89714,0.183364,0.913838,0.0572632
1727872,0.98,-2.75262,-1.32534,1.01105,-1.94698,1.10108,1.16771,2.20139,-2.75266,-1.32422,1.00895,-1.94565,1.10136,1.16858,2.20139,-0.00154784,-0.000150688,5.25901e-05,-0.000267671,-0.000236474,0.000154884,0.000800969,0,0,0,0,0,0,0,-0.101307,26.7144,-24.6374,7.47104,0.836199,2.4996,0.038645,-0.173683,2.14699,-3.05394,1.8978,0.183347,0.913723,0.0575826
1727873,0.98,-2.75261,-1.32534,1.01105,-1.94698,1.10108,1.16771,2.20139,-2.75266,-1.32422,1.00895,-1.94565,1.10136,1.16858,2.20139,0.000731342,-0.000657271,0.0012411,0.000935177,4.58014e-05,-0.000134103,0.00053398,0,0,0,0,0,0,0,-0.176685,26.7383,-24.689,7.42344,0.830705,2.50601,0.038645,-0.170965,2.14645,-3.05417,1.89847,0.183361,0.913663,0.0578497
1727874,0.98,-2.75261,-1.32534,1.01105,-1.94698,1.10108,1.16772,2.20138,-2.75266,-1.32422,1.00895,-1.94565,1.10136,1.16858,2.20139,0.000487561,0.000118632,0.00017749,0.000623451,0.000437435,0.000147957,-0.000864717,0,0,0,0,0,0,0,-0.176685,26.7144,-24.6612,7.42344,0.819719,2.4996,0.071604,-0.171036,2.14822,-3.05562,1.89739,0.183274,0.913713,0.058036
1727875,0.98,-2.75261,-1.32534,1.01105,-1.94698,1.10108,1.16772,2.20139,-2.75266,-1.32422,1.00895,-1.94565,1.10136,1.16858,2.20139,0.000974655,-0.000477724,0.000118107,-0.000141178,8.8173e-05,0.000335997,0.0013563,0,0,0,0,0,0,0,-0.204456,26.7383,-24.6612,7.44724,0.825212,2.49319,0.0194189,-0.173957,2.15116,-3.05696,1.89474,0.183082,0.913804,0.0581442
1727876,0.98,-2.75261,-1.32534,1.01105,-1.94698,1.10108,1.16772,2.20139,-2.75266,-1.32422,1.00895,-1.94565,1.10136,1.16858,2.20139,-0.000556656,0.000887943,7.85732e-05,-0.00065093,5.8782e-05,0.000223998,-0.000316502,0,0,0,0,0,0,0,-0.152882,26.6867,-24.6612,7.47104,0.825212,2.49319,0.0523779,-0.176801,2.15314,-3.0573,1.89252,0.182925,0.91386,0.0581901
1727877,0.98,-2.75261,-1.32534,1.01105,-1.94698,1.10108,1.16772,2.20139,-2.75266,-1.32422,1.00895,-1.94565,1.10136,1.16858,2.20139,-0.000371104,-0.000614464,-0.000504553,-0.000433953,0.000479997,0.000149332,0.000534984,0,0,0,0,0,0,0,-0.152882,26.7383,-24.6374,7.47104,0.81331,2.49319,0.0322363,-0.177254,2.15313,-3.05658,1.89197,0.182889,0.913835,0.0581723
1727878,0.98,-2.75261,-1.32534,1.01105,-1.94698,1.10108,1.16772,2.20139,-2.75266,-1.32422,1.00895,-1.94565,1.10136,1.16858,2.20139,0.000309409,-0.000409643,-0.000336462,0.000824322,-0.000120811,0.000336914,-0.00015197,0,0,0,0,0,0,0,-0.176685,26.7383,-24.6374,7.42344,0.825212,2.48678,0.0459692,-0.176766,2.15251,-3.05518,1.89189,0.182887,0.913721,0.0580856
1727879,0.98,-2.75261,-1.32534,1.01105,-1.94698,1.10108,1.16772,2.20139,-2.75266,-1.32422,1.00895,-1.94565,1.10136,1.16858,2.20139,0.000206273,0.000933331,-0.000224377,-0.000564076,-8.05408e-05,-1.27499e-05,0.000407313,0,0,0,0,0,0,0,-0.176685,26.6867,-24.6374,7.47104,0.825212,2.49319,0.0322363,-0.177039,2.15202,-3.05327,1.89121,0.182824,0.913541,0.0579353
1727880,0.98,-2.75261,-1.32534,1.01105,-1.94698,1.10108,1.16772,2.20139,-2.75266,-1.32422,1.00895,-1.94565,1.10136,1.16858,2.20139,0.000787129,-2.73934e-05,0.00105679,-0.000376051,-0.000257144,-8.49993e-06,0.000271542,0,0,0,0,0,0,0,-0.204456,26.7144,-24.689,7.47104,0.830705,2.49319,0.0322363,-0.177465,2.15115,-3.05141,1.89069,0.182741,0.913368,0.0577327
1727881,0.98,-2.75261,-1.32534,1.01105,-1.94698,1.10108,1.16772,2.20139,-2.75266,-1.32422,1.00895,-1.94565,1.10136,1.16858,2.20139,0.000524753,-0.000575074,-0.000501939,-0.000900314,3.20209e-05,-5.66662e-06,-0.000564957,0,0,0,0,0,0,0,-0.204456,26.7383,-24.6374,7.49881,0.825212,2.49319,0.0523779,-0.17824,2.15089,-3.05047,1.89031,0.182666,0.913262,0.0574789
1727882,0.98,-2.75261,-1.32534,1.01105,-1.94698,1.10108,1.16772,2.20139,-2.75266,-1.32422,1.00895,-1.94565,1.10136,1.16858,2.20139,-0.0015062,0.000823043,0.000222157,0.00116303,0.000224798,-0.000715855,0.000844065,0,0,0,0,0,0,0,-0.125111,26.6867,-24.6612,7.42344,0.819719,2.51242,0.0194189,-0.178479,2.15074,-3.04979,1.89015,0.182609,0.913132,0.0571806
1727883,0.98,-2.75261,-1.32534,1.01105,-1.94698,1.10108,1.16772,2.20139,-2.75266,-1.32422,1.00895,-1.94565,1.10136,1.16858,2.20139,0.00140872,-0.000100919,-0.000965542,0.00021854,-0.000257036,0.00023484,-0.000657993,0,0,0,0,0,0,0,-0.22826,26.7144,-24.6136,7.44724,0.830705,2.49319,0.0523779,-0.178051,2.14979,-3.04834,1.88992,0.182532,0.9129,0.0568481
1727884,0.98,-2.75261,-1.32534,1.01104,-1.94698,1.10108,1.16772,2.20139,-2.75266,-1.32422,1.00895,-1.94565,1.10136,1.16858,2.20139,-0.000267282,-0.000624091,-8.68989e-05,-0.000411118,3.20933e-05,0.000393919,-0.000201303,0,0,0,0,0,0,0,-0.176685,26.7383,-24.6374,7.47104,0.825212,2.48678,0.0459692,-0.178731,2.14912,-3.04631,1.88894,0.182401,0.91263,0.0564815
1727885,0.98,-2.75261,-1.32534,1.01105,-1.94698,1.10108,1.16772,2.20139,-2.75266,-1.32422,1.00895,-1.94565,1.10136,1.16858,2.20139,-0.000178188,-0.000416061,-5.7945e-05,0.000282733,2.13955e-05,2.52539e-05,0.000137065,0,0,0,0,0,0,0,-0.176685,26.7383,-24.6374,7.44724,0.825212,2.49319,0.038645,-0.179692,2.14932,-3.04478,1.88787,0.182287,0.912388,0.0560979
1727886,0.98,-2.75261,-1.32534,1.01104,-1.94698,1.10108,1.16771,2.20139,-2.75266,-1.32422,1.00895,-1.94565,1.10136,1.16858,2.20139,-0.000118792,0.000279438,-0.00124507,-0.00101794,1.42637e-05,-0.000220523,0.000328736,0,0,0,0,0,0,0,-0.176685,26.7144,-24.5858,7.49881,0.825212,2.4996,0.0322363,-0.179542,2.14922,-3.04333,1.88752,0.182238,0.912137,0.055717
1727887,0.98,-2.75261,-1.32534,1.01105,-1.94698,1.10108,1.16772,2.20139,-2.75266,-1.32422,1.00895,-1.94565,1.10136,1.16858,2.20139,0.00112723,-0.00037052,0.000933187,-2.90109e-05,-0.000193941,-0.000147015,-0.000526828,0,0,0,0,0,0,0,-0.22826,26.7383,-24.6612,7.47104,0.830705,2.4996,0.0523779,-0.179229,2.14867,-3.04162,1.8876,0.182215,0.911898,0.0553376
1727888,0.98,-2.75261,-1.32534,1.01105,-1.94698,1.10108,1.16772,2.20139,-2.75266,-1.32422,1.00895,-1.94565,1.10136,1.16858,2.20139,0.000194675,0.000309799,0.00062212,-0.000668955,-0.000332745,-0.000335369,-0.000588578,0,0,0,0,0,0,0,-0.204456,26.7144,-24.6612,7.49881,0.836199,2.50601,0.0587866,-0.179826,2.14902,-3.04109,1.88746,0.182169,0.91178,0.05496
1727889,0.98,-2.75261,-1.32534,1.01105,-1.94698,1.10108,1.16772,2.20139,-2.75266,-1.32422,1.00895,-1.94565,1.10136,1.16858,2.20139,-0.00107664,0.000206532,0.000414743,0.000203644,0.000625881,1.37795e-05,0.0003536,0,0,0,0,0,0,0,-0.152882,26.7144,-24.6612,7.47104,0.81331,2.4996,0.038645,-0.179719,2.14957,-3.0417,1.88773,0.182149,0.911741,0.0546028
1727890,0.98,-2.75261,-1.32534,1.01105,-1.94698,1.10108,1.16772,2.20139,-2.75266,-1.32422,1.00895,-1.94565,1.10136,1.16858,2.20139,0.000488664,-0.000419124,-0.000837132,0.000135763,-0.000227006,-0.000228173,-0.000272893,0,0,0,0,0,0,0,-0.204456,26.7383,-24.6136,7.47104,0.830705,2.50601,0.0523779,-0.178453,2.14946,-3.04202,1.88841,0.182159,0.911659,0.0542768
1727891,0.98,-2.75261,-1.32534,1.01105,-1.94698,1.10108,1.16772,2.20138,-2.75266,-1.32422,1.00895,-1.94565,1.10136,1.16858,2.20139,-0.000323838,-0.000279416,-0.00055809,0.000647321,0.000255564,-0.000152115,-0.000894005,0,0,0,0,0,0,0,-0.176685,26.7383,-24.6136,7.44724,0.819719,2.50601,0.071604,-0.178043,2.1494,-3.04128,1.88835,0.182117,0.911504,0.0539743
1727892,0.98,-2.75261,-1.32534,1.01105,-1.94698,1.10108,1.16772,2.20138,-2.75266,-1.32422,1.00895,-1.94565,1.10136,1.16858,2.20139,-0.000215892,-0.000186277,0.00018475,0.000431547,-3.30748e-05,0.000135949,-0.000358645,0,0,0,0,0,0,0,-0.176685,26.7383,-24.6374,7.44724,0.825212,2.4996,0.0651953,-0.178452,2.14968,-3.04,1.88758,0.182023,0.911322,0.0537056
1727893,0.98,-2.75261,-1.32534,1.01105,-1.94698,1.10108,1.16772,2.20139,-2.75266,-1.32422,1.00895,-1.94565,1.10136,1.16858,2.20139,-0.000143928,-0.000124185,0.00132959,-0.000918728,-2.20499e-05,9.06326e-05,-1.7375e-06,0,0,0,0,0,0,0,-0.176685,26.7383,-24.689,7.49881,0.825212,2.4996,0.0587866,-0.17839,2.15037,-3.0397,1.88709,0.181946,0.911223,0.0534972
1727894,0.98,-2.75261,-1.32534,1.01105,-1.94698,1.10108,1.16772,2.20139,-2.75266,-1.32422,1.00895,-1.94565,1.10136,1.16858,2.20139,-9.59519e-05,-8.27899e-05,0.000236779,-0.0011693,0.000188751,0.00053514,-1.15833e-06,0,0,0,0,0,0,0,-0.176685,26.7383,-24.6612,7.52262,0.819719,2.48678,0.0587866,-0.177176,2.15117,-3.04074,1.88775,0.181954,0.911253,0.0533597
1727895,0.98,-2.75261,-1.32534,1.01105,-1.94698,1.10108,1.16772,2.20138,-2.75266,-1.32422,1.00895,-1.94565,1.10136,1.16858,2.20139,0.000585646,0.000501619,0.000157852,-0.00022272,0.000125834,-0.000117958,-0.000712849,0,0,0,0,0,0,0,-0.204456,26.7144,-24.6612,7.49881,0.819719,2.4996,0.0780126,-0.17555,2.1514,-3.04169,1.88916,0.182002,0.911316,0.0532834
1727896,0.98,-2.75261,-1.32534,1.01105,-1.94698,1.10108,1.16772,2.20138,-2.75266,-1.32422,1.00895,-1.94565,1.10136,1.16858,2.20139,-0.000815995,0.000984026,0.000105234,0.00105795,-0.000119561,-7.86388e-05,-0.000712592,0,0,0,0,0,0,0,-0.152882,26.6867,-24.6612,7.44724,0.825212,2.4996,0.0844213,-0.174369,2.15063,-3.04148,1.89031,0.18199,0.911301,0.0532637
1727897,0.98,-2.75261,-1.32534,1.01105,-1.94698,1.10108,1.16772,2.20138,-2.75266,-1.32422,1.00895,-1.94565,1.10136,1.16858,2.20139,0.000662429,6.40367e-06,7.01558e-05,0.000148486,-0.000486609,-5.24258e-05,-0.000475061,0,0,0,0,0,0,0,-0.204456,26.7144,-24.6612,7.47104,0.836199,2.4996,0.0844213,-0.173772,2.14932,-3.0404,1.89073,0.181893,0.911198,0.053312
1727898,0.98,-2.75261,-1.32534,1.01104,-1.94698,1.10108,1.16772,2.20138,-2.75266,-1.32422,1.00895,-1.94565,1.10136,1.16858,2.20139,-0.000207995,-0.00120216,-0.00106685,9.89904e-05,-0.000324406,-3.49506e-05,0.000395369,0,0,0,0,0,0,0,-0.176685,26.766,-24.6136,7.47104,0.836199,2.4996,0.0651953,-0.174451,2.14881,-3.03899,1.89026,0.18175,0.911055,0.0534388
1727899,0.98,-2.75261,-1.32534,1.01105,-1.94698,1.10108,1.16772,2.20138,-2.75266,-1.32422,1.00895,-1.94565,1.10136,1.16858,2.20139,-0.000138663,0.000404988,0.001052,6.59936e-05,0.000190631,-0.000260659,-0.000923215,0,0,0,0,0,0,0,-0.176685,26.7144,-24.689,7.47104,0.825212,2.50601,0.0972387,-0.175795,2.14939,-3.03787,1.88939,0.181622,0.910922,0.0536424
1727900,0.98,-2.75261,-1.32534,1.01104,-1.94698,1.10108,1.16772,2.20138,-2.75266,-1.32422,1.00895,-1.94565,1.10136,1.16858,2.20139,0.000557172,0.000269992,-0.0010619,4.39957e-05,-7.63635e-05,0.000300945,9.66001e-05,0,0,0,0,0,0,0,-0.204456,26.7144,-24.6136,7.47104,0.830705,2.49319,0.0780126,-0.17691,2.14987,-3.03692,1.88871,0.181526,0.910809,0.0539187
1727901,0.98,-2.75261,-1.32534,1.01104,-1.94698,1.10108,1.16772,2.20138,-2.75266,-1.32422,1.00895,-1.94565,1.10136,1.16858,2.20139,-0.000278166,0.000179995,-0.000151124,-0.000620283,0.000152542,0.00020063,6.44001e-05,0,0,0,0,0,0,0,-0.176685,26.7144,-24.6374,7.49881,0.825212,2.49319,0.0780126,-0.177739,2.14934,-3.03517,1.88843,0.181466,0.910668,0.054267
1727902,0.98,-2.75261,-1.32534,1.01105,-1.94698,1.10108,1.16772,2.20139,-2.75266,-1.32422,1.00895,-1.94565,1.10136,1.16858,2.20139,-0.000185444,-0.000436815,-0.000100749,0.000236092,0.000101694,-0.000578323,0.00075501,0,0,0,0,0,0,0,-0.176685,26.7383,-24.6374,7.47104,0.825212,2.51242,0.0587866,-0.177886,2.14841,-3.03323,1.88866,0.181461,0.910517,0.0546773
1727903,0.98,-2.75261,-1.32534,1.01104,-1.94698,1.10108,1.16772,2.20139,-2.75266,-1.32422,1.00895,-1.94565,1.10136,1.16858,2.20139,-0.00133006,-0.00029121,-0.000623978,0.000157394,6.77962e-05,-0.00014819,0.000978058,0,0,0,0,0,0,0,-0.125111,26.7383,-24.6136,7.47104,0.825212,2.50601,0.0459692,-0.177078,2.14778,-3.03189,1.88923,0.181499,0.910375,0.0551227
1727904,0.98,-2.75261,-1.32534,1.01105,-1.94698,1.10108,1.16772,2.20138,-2.75266,-1.32422,1.00895,-1.94565,1.10136,1.16858,2.20139,0.000969336,-0.00019414,-0.000415986,0.000661742,4.51975e-05,0.000375925,-0.000772115,0,0,0,0,0,0,0,-0.204456,26.7383,-24.6136,7.44724,0.825212,2.49319,0.0844213,-0.17628,2.14752,-3.03058,1.88948,0.181521,0.910223,0.0555621
1727905,0.98,-2.75261,-1.32534,1.01105,-1.94698,1.10108,1.16772,2.20138,-2.75266,-1.32422,1.00895,-1.94565,1.10136,1.16858,2.20139,-0.000560202,0.001077,0.0008363,-0.000115651,-0.000173319,0.000250616,-0.000514743,0,0,0,0,0,0,0,-0.152882,26.6867,-24.6612,7.47104,0.830705,2.49319,0.0844213,-0.176374,2.14747,-3.02935,1.88918,0.181487,0.910106,0.0559737
1727906,0.98,-2.75261,-1.32534,1.01105,-1.94698,1.10108,1.16771,2.20138,-2.75266,-1.32422,1.00895,-1.94565,1.10136,1.16858,2.20139,0.000832958,6.83854e-05,0.000557533,0.000479711,8.79046e-05,-7.02814e-05,-0.00081788,0,0,0,0,0,0,0,-0.204456,26.7144,-24.6612,7.44724,0.825212,2.4996,0.0972387,-0.176762,2.14746,-3.02888,1.8888,0.181424,0.910072,0.0563768
1727907,0.98,-2.75261,-1.32534,1.01104,-1.94698,1.10108,1.16771,2.20138,-2.75266,-1.32422,1.00895,-1.94565,1.10136,1.16858,2.20139,0.000555305,-0.000511222,-0.000741935,-0.000886618,-0.000144847,-4.68543e-05,0.000404182,0,0,0,0,0,0,0,-0.204456,26.7383,-24.6136,7.49881,0.830705,2.4996,0.071604,-0.177965,2.14802,-3.02891,1.88818,0.181348,0.910101,0.0567973
1727908,0.98,-2.75261,-1.32534,1.01105,-1.94698,1.10108,1.16771,2.20138,-2.75266,-1.32422,1.00895,-1.94565,1.10136,1.16858,2.20139,-0.00027941,-0.000340814,6.21886e-05,-0.000591079,-9.6565e-05,-3.12362e-05,3.2096e-05,0,0,0,0,0,0,0,-0.176685,26.7383,-24.6374,7.49881,0.830705,2.4996,0.0780126,-0.179511,2.14897,-3.02877,1.88771,0.181313,0.910137,0.0572461
1727909,0.98,-2.75262,-1.32534,1.01104,-1.94697,1.10108,1.16772,2.20138,-2.75266,-1.32422,1.00895,-1.94565,1.10136,1.16858,2.20139,-0.00194951,-0.00022721,4.14591e-05,0.001926,0.000139074,-0.000258183,-0.000453321,0,0,0,0,0,0,0,-0.101307,26.7383,-24.6374,7.39963,0.825212,2.50601,0.09083,-0.179386,2.14967,-3.02876,1.8879,0.181348,0.910129,0.0577175
1727910,0.98,-2.75261,-1.32534,1.01105,-1.94698,1.10108,1.16772,2.20138,-2.75266,-1.32422,1.00895,-1.94565,1.10136,1.16858,2.20139,0.000463564,-0.000151473,2.76394e-05,-0.000386438,0.000296166,-0.000172122,-6.48548e-05,0,0,0,0,0,0,0,-0.176685,26.7383,-24.6374,7.47104,0.819719,2.50601,0.0844213,-0.178006,2.15028,-3.02903,1.88808,0.181385,0.910073,0.0582052
1727911,0.98,-2.75261,-1.32534,1.01104,-1.94698,1.10108,1.16772,2.20138,-2.75266,-1.32422,1.00895,-1.94565,1.10136,1.16858,2.20139,0.000958656,-0.000100982,-0.000538386,0.000299187,-0.000209457,0.000122611,0.000431481,0,0,0,0,0,0,0,-0.204456,26.7383,-24.6136,7.44724,0.830705,2.4996,0.071604,-0.177835,2.15113,-3.02894,1.88759,0.181366,0.910029,0.0587118
1727912,0.98,-2.75261,-1.32534,1.01105,-1.94698,1.10108,1.16772,2.20139,-2.75266,-1.32422,1.00895,-1.94565,1.10136,1.16858,2.20139,-1.05097e-05,0.000489491,0.0007547,0.000199458,-0.000139638,-0.000155618,0.000525013,0,0,0,0,0,0,0,-0.176685,26.7144,-24.6612,7.44724,0.830705,2.50601,0.0651953,-0.179363,2.15211,-3.02841,1.88645,0.181289,0.910026,0.0592321
1727913,0.98,-2.75261,-1.32534,1.01105,-1.94698,1.10108,1.16772,2.20138,-2.75266,-1.32422,1.00895,-1.94565,1.10136,1.16858,2.20139,-7.00648e-06,-0.000230485,-5.36786e-05,-0.00107345,-9.30919e-05,-0.000103746,-0.000599427,0,0,0,0,0,0,0,-0.176685,26.7383,-24.6374,7.49881,0.830705,2.50601,0.09083,-0.180406,2.15271,-3.02811,1.88581,0.181245,0.910072,0.0597495
1727914,0.98,-2.75261,-1.32534,1.01105,-1.94698,1.10108,1.16772,2.20138,-2.75266,-1.32422,1.00895,-1.94565,1.10136,1.16858,2.20139,-4.67099e-06,0.000403155,0.000521026,-6.6022e-05,-0.000265512,0.000168195,-0.000162259,0,0,0,0,0,0,0,-0.176685,26.7144,-24.6612,7.47104,0.836199,2.4996,0.0844213,-0.18003,2.15273,-3.02813,1.88626,0.181293,0.910162,0.0602538
1727915,0.98,-2.75261,-1.32534,1.01105,-1.94698,1.10108,1.16772,2.20138,-2.75266,-1.32422,1.00895,-1.94565,1.10136,1.16858,2.20139,-3.11399e-06,-0.000288042,-0.000209461,0.00106961,0.000229893,0.000349489,0.000366545,0,0,0,0,0,0,0,-0.176685,26.7383,-24.6374,7.42344,0.825212,2.49319,0.071604,-0.179519,2.1527,-3.02814,1.88664,0.181346,0.910242,0.06075
1727916,0.98,-2.75261,-1.32534,1.01105,-1.94698,1.10108,1.16772,2.20138,-2.75266,-1.32422,1.00895,-1.94565,1.10136,1.16858,2.20139,-2.07599e-06,-0.000192028,-0.000139641,-0.00105017,-0.000253639,-0.000241725,0.000481722,0,0,0,0,0,0,0,-0.176685,26.7383,-24.6374,7.49881,0.836199,2.50601,0.0651953,-0.179511,2.15297,-3.0279,1.88646,0.181373,0.910281,0.0612402
1727917,0.98,-2.75261,-1.32534,1.01105,-1.94698,1.10108,1.16772,2.20138,-2.75266,-1.32422,1.00895,-1.94565,1.10136,1.16858,2.20139,-0.000558196,-0.000128019,0.000463718,-5.04961e-05,0.000237808,-0.00016115,0.000321148,0,0,0,0,0,0,0,-0.152882,26.7383,-24.6612,7.47104,0.825212,2.50601,0.0651953,-0.178883,2.15313,-3.0277,1.88673,0.181455,0.910316,0.0617142
1727918,0.98,-2.75261,-1.32534,1.01104,-1.94698,1.10108,1.16772,2.20138,-2.75266,-1.32422,1.00895,-1.94565,1.10136,1.16858,2.20139,0.000184681,-8.53457e-05,-0.00145409,-3.36641e-05,0.000158539,-0.000107433,-0.000497978,0,0,0,0,0,0,0,-0.176685,26.7383,-24.5858,7.47104,0.825212,2.50601,0.0844213,-0.177643,2.15284,-3.02714,1.88741,0.181576,0.910327,0.0621549
1727919,0.98,-2.75261,-1.32534,1.01105,-1.94698,1.10108,1.16772,2.20139,-2.75266,-1.32422,1.00895,-1.94565,1.10136,1.16858,2.20139,-0.000433691,-5.68971e-05,0.000237031,0.000534369,-9.77579e-05,0.000403096,0.00160079,0,0,0,0,0,0,0,-0.152882,26.7383,-24.6374,7.44724,0.830705,2.49319,0.0322363,-0.176818,2.15219,-3.0256,1.88769,0.181662,0.910268,0.0625556
1727920,0.98,-2.75261,-1.32534,1.01105,-1.94698,1.10108,1.16772,2.20139,-2.75266,-1.32422,1.00895,-1.94565,1.10136,1.16858,2.20139,-0.000289127,0.000518881,0.000158021,-0.000200566,0.000341729,3.13715e-05,0.000829837,0,0,0,0,0,0,0,-0.152882,26.7144,-24.6374,7.47104,0.819719,2.4996,0.038645,-0.17596,2.15143,-3.02402,1.8878,0.181725,0.910194,0.062912
1727921,0.98,-2.75261,-1.32534,1.01105,-1.94698,1.10108,1.16772,2.20139,-2.75266,-1.32422,1.00895,-1.94565,1.10136,1.16858,2.20139,0.00036406,-0.000210892,0.000662159,-0.000133711,2.43689e-05,2.09143e-05,0.000281958,0,0,0,0,0,0,0,-0.176685,26.7383,-24.6612,7.47104,0.825212,2.4996,0.0459692,-0.174923,2.15094,-3.02331,1.88805,0.18178,0.910181,0.0631938
1727922,0.98,-2.75261,-1.32534,1.01104,-1.94698,1.10108,1.16772,2.20139,-2.75266,-1.32422,1.00895,-1.94565,1.10136,1.16858,2.20139,0.000242707,0.000416218,-0.000115373,-8.91403e-05,-0.000390655,0.000251302,0.000933957,0,0,0,0,0,0,0,-0.176685,26.7144,-24.6374,7.47104,0.836199,2.49319,0.0258276,-0.174566,2.15101,-3.02323,1.88808,0.181807,0.910227,0.0633726
1727923,0.98,-2.75261,-1.32534,1.01105,-1.94698,1.10108,1.16772,2.20139,-2.75266,-1.32422,1.00895,-1.94565,1.10136,1.16858,2.20139,0.000161805,-0.000279334,0.000479897,0.0010542,-5.69862e-05,0.000167535,-0.000123347,0,0,0,0,0,0,0,-0.176685,26.7383,-24.6612,7.42344,0.830705,2.49319,0.0459692,-0.175242,2.15165,-3.0233,1.88747,0.181778,0.910274,0.0634382
1727924,0.98,-2.75261,-1.32534,1.01105,-1.94698,1.10108,1.16772,2.20139,-2.75266,-1.32422,1.00895,-1.94565,1.10136,1.16858,2.20139,0.00010787,0.00037059,-0.000236881,-0.000410826,-3.79908e-05,-0.000363028,0.000901113,0,0,0,0,0,0,0,-0.176685,26.7144,-24.6374,7.47104,0.830705,2.50601,0.0194189,-0.176533,2.15261,-3.02335,1.88632,0.181712,0.910294,0.0633898
1727925,0.98,-2.75261,-1.32534,1.01105,-1.94698,1.10108,1.16772,2.20139,-2.75266,-1.32422,1.00895,-1.94565,1.10136,1.16858,2.20139,-0.000484899,-0.000309752,-0.00015792,0.000282928,0.000381574,-0.000242019,-0.000619961,0,0,0,0,0,0,0,-0.152882,26.7383,-24.6374,7.44724,0.819719,2.50601,0.0523779,-0.177293,2.15316,-3.0231,1.88548,0.181678,0.910279,0.0632351
1727926,0.98,-2.75261,-1.32534,1.01105,-1.94698,1.10108,1.16772,2.20139,-2.75266,-1.32422,1.00895,-1.94565,1.10136,1.16858,2.20139,0.000233546,-0.000206501,-0.00010528,-0.000368193,-0.000152518,7.60131e-05,0.000807396,0,0,0,0,0,0,0,-0.176685,26.7383,-24.6374,7.47104,0.830705,2.4996,0.0194189,-0.177298,2.15337,-3.02261,1.88513,0.181691,0.910242,0.062984
1727927,0.98,-2.75261,-1.32534,1.01105,-1.94698,1.10108,1.16772,2.20139,-2.75266,-1.32422,1.00895,-1.94565,1.10136,1.16858,2.20139,0.000805311,0.000419144,-0.000626999,0.00031135,0.000305222,5.06754e-05,-0.000682439,0,0,0,0,0,0,0,-0.204456,26.7144,-24.6136,7.44724,0.819719,2.4996,0.0523779,-0.177765,2.15355,-3.02175,1.88463,0.181692,0.910197,0.0626503
1727928,0.98,-2.75261,-1.32534,1.01104,-1.94698,1.10108,1.16772,2.20139,-2.75266,-1.32422,1.00895,-1.94565,1.10136,1.16858,2.20139,-0.000669552,0.00027943,0.000138813,-0.000998859,3.0846e-08,0.000271143,0.000528385,0,0,0,0,0,0,0,-0.152882,26.7144,-24.6374,7.49881,0.825212,2.49319,0.0258276,-0.178231,2.15305,-3.02027,1.88433,0.181691,0.910136,0.0622511
1727929,0.98,-2.75261,-1.32534,1.01105,-1.94698,1.10108,1.16772,2.20139,-2.75266,-1.32422,1.00895,-1.94565,1.10136,1.16858,2.20139,0.000110444,-0.000370526,9.25418e-05,0.00054052,2.0564e-08,0.000180762,-0.000122461,0,0,0,0,0,0,0,-0.176685,26.7383,-24.6374,7.44724,0.825212,2.49319,0.038645,-0.17756,2.15216,-3.01907,1.88474,0.181732,0.91008,0.0618038
1727930,0.98,-2.75261,-1.32534,1.01105,-1.94698,1.10108,1.16772,2.20139,-2.75266,-1.32422,1.00895,-1.94565,1.10136,1.16858,2.20139,7.36294e-05,0.000309795,6.16945e-05,0.000917158,-0.000203437,0.000120508,0.000155718,0,0,0,0,0,0,0,-0.176685,26.7144,-24.6374,7.42344,0.830705,2.49319,0.0322363,-0.177143,2.15202,-3.01858,1.8847,0.181732,0.910031,0.061315
1727931,0.98,-2.75261,-1.32534,1.01105,-1.94698,1.10108,1.16771,2.20139,-2.75266,-1.32422,1.00895,-1.94565,1.10136,1.16858,2.20139,0.0006987,-0.000350282,4.11297e-05,-0.000502185,6.7826e-05,-0.00015702,0.000341171,0,0,0,0,0,0,0,-0.204456,26.7383,-24.6374,7.47104,0.825212,2.4996,0.0258276,-0.178008,2.15272,-3.01839,1.88371,0.181655,0.909984,0.0607902
1727932,0.98,-2.75261,-1.32534,1.01104,-1.94698,1.10108,1.16772,2.20139,-2.75266,-1.32422,1.00895,-1.94565,1.10136,1.16858,2.20139,-0.000183814,-0.000883135,2.74198e-05,0.000222022,0.000248668,-0.000342039,-0.000518538,0,0,0,0,0,0,0,-0.176685,26.766,-24.6374,7.44724,0.819719,2.50601,0.0459692,-0.179504,2.15418,-3.01865,1.88248,0.181569,0.909969,0.0602354
1727933,0.98,-2.75261,-1.32534,1.01105,-1.94698,1.10108,1.16772,2.20139,-2.75266,-1.32422,1.00895,-1.94565,1.10136,1.16858,2.20139,-0.000122543,0.000617669,0.000575092,-0.000408797,-0.000444573,9.3328e-06,0.000400293,0,0,0,0,0,0,0,-0.176685,26.7144,-24.6612,7.47104,0.836199,2.4996,0.0258276,-0.180416,2.15587,-3.01946,1.88168,0.181522,0.909986,0.0596585
1727934,0.98,-2.75261,-1.32534,1.01105,-1.94698,1.10108,1.16772,2.20139,-2.75266,-1.32422,1.00895,-1.94565,1.10136,1.16858,2.20139,0.000567919,0.000411779,-0.000173417,-0.000272532,0.000110519,-0.000468496,-0.000479123,0,0,0,0,0,0,0,-0.204456,26.7144,-24.6374,7.47104,0.825212,2.51242,0.0459692,-0.180222,2.15647,-3.02005,1.88172,0.181521,0.910006,0.0590739
1727935,0.99,-2.75261,-1.32534,1.01105,-1.94698,1.10108,1.16772,2.20139,-2.75266,-1.32422,1.00895,-1.94565,1.10136,1.16858,2.20139,-0.000271001,-0.000282292,-0.000672424,0.000375124,-0.000129771,0.000162387,-0.000319415,0,0,0,0,0,0,0,-0.176685,26.7383,-24.6136,7.44724,0.830705,2.4996,0.0459692,-0.179866,2.15605,-3.01969,1.88199,0.181527,0.909989,0.0584867
1727936,1,-2.75261,-1.32534,1.01105,-1.94698,1.10108,1.16771,2.20139,-2.75266,-1.32422,1.00895,-1.94565,1.10136,1.16858,2.20139,0.000468946,0.000368617,0.00010853,0.000806895,-8.65141e-05,0.000108258,-0.000450303,0,0,0,0,0,0,0,-0.204456,26.7144,-24.6374,7.42344,0.830705,2.4996,0.0523779,-0.180117,2.15554,-3.01858,1.88167,0.181493,0.909921,0.0579069
1727937,1,-2.75261,-1.32534,1.01105,-1.94698,1.10108,1.16771,2.20139,-2.75266,-1.32422,1.00895,-1.94565,1.10136,1.16858,2.20139,0.000312631,0.000895359,0.00127878,-0.000575694,-5.76761e-05,-0.000402546,0.000445784,0,0,0,0,0,0,0,-0.204456,26.6867,-24.689,7.47104,0.830705,2.51242,0.0322363,-0.180729,2.15519,-3.01782,1.88103,0.181434,0.909888,0.0573573
1727938,1,-2.75261,-1.32534,1.01105,-1.94698,1.10108,1.16772,2.20139,-2.75266,-1.32422,1.00895,-1.94565,1.10136,1.16858,2.20139,0.000765233,-0.00060952,-0.000353907,-0.00159022,-3.84507e-05,-3.10049e-05,-0.000448796,0,0,0,0,0,0,0,-0.22826,26.7383,-24.6374,7.52262,0.830705,2.50601,0.0523779,-0.180992,2.15486,-3.01798,1.88108,0.181435,0.909967,0.0568477
1727939,1,-2.75261,-1.32534,1.01105,-1.94698,1.10108,1.16772,2.20139,-2.75266,-1.32422,1.00895,-1.94565,1.10136,1.16858,2.20139,-4.66569e-05,-0.000406347,0.000970488,-0.000503336,0.000177817,0.000216689,-0.000536556,0,0,0,0,0,0,0,-0.204456,26.7383,-24.689,7.49881,0.825212,2.4996,0.0587866,-0.180898,2.15504,-3.01888,1.88187,0.181524,0.910135,0.0563706
1727940,1,-2.75261,-1.32534,1.01105,-1.94698,1.10108,1.16771,2.20139,-2.75266,-1.32422,1.00895,-1.94565,1.10136,1.16858,2.20139,-3.11046e-05,-0.000270898,-2.62183e-06,0.000314057,0.000118544,-9.28996e-05,0.000117014,0,0,0,0,0,0,0,-0.204456,26.7383,-24.6612,7.47104,0.825212,2.50601,0.0459692,-0.180763,2.15603,-3.02043,1.88263,0.18163,0.910326,0.055931
1727941,1,-2.75261,-1.32534,1.01105,-1.94698,1.10108,1.16772,2.20138,-2.75266,-1.32422,1.00895,-1.94565,1.10136,1.16858,2.20139,-2.07364e-05,0.00102583,-0.00055856,0.000209371,-0.000327871,-6.19331e-05,-0.000634068,0,0,0,0,0,0,0,-0.204456,26.6867,-24.6374,7.47104,0.836199,2.50601,0.0651953,-0.180578,2.15648,-3.02125,1.88306,0.181697,0.910434,0.0555396
1727942,1,-2.75261,-1.32534,1.01105,-1.94698,1.10108,1.16771,2.20139,-2.75266,-1.32422,1.00895,-1.94565,1.10136,1.16858,2.20139,-0.000663438,-0.000522541,-0.000372373,-0.00106685,-1.51304e-05,-4.12887e-05,0.000289365,0,0,0,0,0,0,0,-0.176685,26.7383,-24.6374,7.52262,0.830705,2.50601,0.0459692,-0.179579,2.15528,-3.02046,1.88392,0.18178,0.910425,0.0552013
1727943,1,-2.75261,-1.32534,1.01104,-1.94698,1.10108,1.16772,2.20139,-2.75266,-1.32422,1.00895,-1.94565,1.10136,1.16858,2.20139,0.000207322,0.000208451,-0.000248249,0.000495196,0.000193364,0.000209833,-0.000281808,0,0,0,0,0,0,0,-0.204456,26.7144,-24.6374,7.47104,0.825212,2.4996,0.0587866,-0.177897,2.15344,-3.01908,1.88525,0.181905,0.910373,0.0549166
1727944,1,-2.75261,-1.32534,1.01105,-1.94698,1.10108,1.16771,2.20138,-2.75266,-1.32422,1.00895,-1.94565,1.10136,1.16858,2.20139,-0.000511399,-0.00106746,0.000391313,0.000330131,0.00033236,-0.000334829,-0.00137467,0,0,0,0,0,0,0,-0.176685,26.766,-24.6612,7.47104,0.819719,2.51242,0.09083,-0.17706,2.15272,-3.0183,1.8859,0.181984,0.910347,0.0546781
1727945,1,-2.75261,-1.32534,1.01105,-1.94698,1.10108,1.16772,2.20139,-2.75266,-1.32422,1.00895,-1.94565,1.10136,1.16858,2.20139,-0.000340933,0.0011444,-0.000295937,0.000220087,1.81225e-05,0.000726216,-0.000916444,0,0,0,0,0,0,0,-0.176685,26.6867,-24.6374,7.47104,0.825212,2.48678,0.09083,-0.17675,2.15276,-3.01814,1.88597,0.182009,0.910344,0.0544987
1727946,1,-2.75261,-1.32534,1.01105,-1.94698,1.10108,1.16772,2.20138,-2.75266,-1.32422,1.00895,-1.94565,1.10136,1.16858,2.20139,-0.000227289,0.00011332,-0.000197291,0.00126035,-0.000191369,-0.00070265,-0.000373604,0,0,0,0,0,0,0,-0.176685,26.7144,-24.6374,7.42344,0.830705,2.51882,0.0844213,-0.17629,2.15207,-3.01747,1.88597,0.181995,0.910303,0.0544141
1727947,1,-2.75261,-1.32534,1.01105,-1.94698,1.10108,1.16771,2.20139,-2.75266,-1.32422,1.00895,-1.94565,1.10136,1.16858,2.20139,-0.000151526,7.55467e-05,0.000425284,-0.00147982,0.000516681,-0.000231075,0.000937725,0,0,0,0,0,0,0,-0.176685,26.7144,-24.6612,7.52262,0.81331,2.51242,0.0523779,-0.175839,2.15098,-3.01661,1.88603,0.181967,0.910268,0.0544467
1727948,1,-2.75261,-1.32534,1.01105,-1.94698,1.10108,1.16771,2.20138,-2.75266,-1.32422,1.00895,-1.94565,1.10136,1.16858,2.20139,-0.000101017,-0.000506448,-0.000273289,0.000776693,0.000107095,8.33091e-05,-0.000324286,0,0,0,0,0,0,0,-0.176685,26.7383,-24.6374,7.44724,0.819719,2.50601,0.0780126,-0.175365,2.15045,-3.01648,1.88642,0.181964,0.910315,0.0545805
1727949,1,-2.75261,-1.32534,1.01105,-1.94698,1.10108,1.16772,2.20139,-2.75266,-1.32422,1.00895,-1.94565,1.10136,1.16858,2.20139,0.000582269,-0.000987246,0.000374619,-3.90167e-05,-0.000335504,-0.00018182,2.11686e-05,0,0,0,0,0,0,0,-0.204456,26.766,-24.6612,7.47104,0.830705,2.51242,0.071604,-0.176142,2.1514,-3.01707,1.88612,0.181914,0.910435,0.0547767
1727950,1,-2.75261,-1.32534,1.01105,-1.94698,1.10108,1.16772,2.20139,-2.75266,-1.32422,1.00895,-1.94565,1.10136,1.16858,2.20139,-0.000261434,-8.5498e-06,0.00089936,0.00108761,-0.00022367,0.000353505,1.41124e-05,0,0,0,0,0,0,0,-0.176685,26.7383,-24.689,7.42344,0.830705,2.4996,0.071604,-0.178543,2.15412,-3.01868,1.88466,0.181777,0.910628,0.0550164
1727951,1,-2.75261,-1.32534,1.01105,-1.94698,1.10108,1.16772,2.20139,-2.75266,-1.32422,1.00895,-1.94565,1.10136,1.16858,2.20139,0.000475324,-5.69987e-06,-0.000606852,-0.00103816,-0.000149113,-1.68903e-06,0.000958844,0,0,0,0,0,0,0,-0.204456,26.7383,-24.6374,7.49881,0.830705,2.50601,0.0459692,-0.180938,2.15679,-3.02044,1.88321,0.181633,0.910843,0.0552954
1727952,1,-2.75261,-1.32534,1.01105,-1.94698,1.10108,1.16772,2.20139,-2.75266,-1.32422,1.00895,-1.94565,1.10136,1.16858,2.20139,-0.000332731,0.00120263,0.000801858,0.00107113,-0.000302859,-1.12602e-06,0.00114786,0,0,0,0,0,0,0,-0.176685,26.6867,-24.689,7.42344,0.836199,2.50601,0.0322363,-0.182262,2.1577,-3.02112,1.88258,0.181541,0.911007,0.0555947
1727953,1,-2.75261,-1.32534,1.01105,-1.94698,1.10108,1.16772,2.20139,-2.75266,-1.32422,1.00895,-1.94565,1.10136,1.16858,2.20139,-0.000221821,0.000152137,-0.000115042,0.000714086,1.54436e-06,-7.50679e-07,1.92519e-05,0,0,0,0,0,0,0,-0.176685,26.7144,-24.6612,7.42344,0.830705,2.50601,0.0523779,-0.182626,2.15712,-3.02103,1.88236,0.181471,0.911111,0.0558735
1727954,1,-2.75261,-1.32534,1.01105,-1.94698,1.10108,1.16771,2.20139,-2.75266,-1.32422,1.00895,-1.94565,1.10136,1.16858,2.20139,0.000501733,-0.000455387,-0.000633507,-0.000637566,0.00020448,-0.000237859,1.28346e-05,0,0,0,0,0,0,0,-0.204456,26.7383,-24.6374,7.47104,0.825212,2.51242,0.0523779,-0.182936,2.15626,-3.0205,1.88201,0.181412,0.911177,0.0560938
1727955,1,-2.75261,-1.32534,1.01105,-1.94698,1.10108,1.16771,2.20139,-2.75266,-1.32422,1.00895,-1.94565,1.10136,1.16858,2.20139,-0.000871937,0.00025322,-0.000422338,0.000131768,0.00013632,7.8786e-05,0.000517183,0,0,0,0,0,0,0,-0.152882,26.7144,-24.6374,7.44724,0.825212,2.50601,0.038645,-0.183036,2.15525,-3.01939,1.88195,0.181413,0.911218,0.0562505
1727956,1,-2.75261,-1.32534,1.01105,-1.94698,1.10108,1.16771,2.20139,-2.75266,-1.32422,1.00895,-1.94565,1.10136,1.16858,2.20139,-2.44793e-05,-0.000387998,-0.000281559,-0.00111858,-0.00011257,-0.000184835,0.00105687,0,0,0,0,0,0,0,-0.176685,26.7383,-24.6374,7.49881,0.830705,2.51242,0.0194189,-0.181884,2.15368,-3.01804,1.88277,0.181504,0.911248,0.0563494
1727957,1,-2.75261,-1.32534,1.01105,-1.94698,1.10108,1.16771,2.20139,-2.75266,-1.32422,1.00895,-1.94565,1.10136,1.16858,2.20139,0.00119011,0.000298146,0.00101872,-9.61066e-05,-7.5047e-05,0.000114136,0.000229859,0,0,0,0,0,0,0,-0.22826,26.7144,-24.689,7.47104,0.830705,2.50601,0.0322363,-0.180803,2.15259,-3.01742,1.88381,0.181622,0.911355,0.0563772
1727958,1,-2.75261,-1.32534,1.01105,-1.94698,1.10108,1.16771,2.20139,-2.75266,-1.32422,1.00895,-1.94565,1.10136,1.16858,2.20139,-0.000413022,-0.000358048,2.95328e-05,-0.000713685,0.000594229,0.000313449,-0.000355387,0,0,0,0,0,0,0,-0.176685,26.7383,-24.6612,7.49881,0.81331,2.4996,0.0459692,-0.180924,2.15269,-3.01797,1.88435,0.181699,0.911573,0.0563151
1727959,1,-2.75261,-1.32534,1.01105,-1.94698,1.10108,1.16771,2.20139,-2.75266,-1.32422,1.00895,-1.94565,1.10136,1.16858,2.20139,0.000931078,-0.000888312,0.00122611,0.000730636,-4.4657e-05,-0.000265752,0.000271702,0,0,0,0,0,0,0,-0.22826,26.766,-24.7128,7.44724,0.825212,2.51242,0.0322363,-0.181967,2.15419,-3.01974,1.88419,0.181721,0.911855,0.0561665
1727960,1,-2.75261,-1.32534,1.01105,-1.94698,1.10108,1.16772,2.20139,-2.75266,-1.32422,1.00895,-1.94565,1.10136,1.16858,2.20139,6.39068e-05,5.74057e-05,-0.00150264,-0.000719335,-2.97713e-05,0.00029755,0.000418493,0,0,0,0,0,0,0,-0.204456,26.7383,-24.6136,7.49881,0.825212,2.4996,0.0258276,-0.184075,2.1566,-3.02167,1.88323,0.181675,0.912122,0.055949
1727961,1,-2.75261,-1.32534,1.01105,-1.94698,1.10108,1.16772,2.20139,-2.75266,-1.32422,1.00895,-1.94565,1.10136,1.16858,2.20139,-0.000607009,-0.000611344,0.000111864,0.000726869,0.000183603,0.000198367,0.000278996,0,0,0,0,0,0,0,-0.176685,26.766,-24.6612,7.44724,0.819719,2.4996,0.0258276,-0.185856,2.15808,-3.02218,1.88235,0.181618,0.912265,0.0556708
1727962,1,-2.75261,-1.32534,1.01105,-1.94698,1.10108,1.16772,2.20139,-2.75266,-1.32422,1.00895,-1.94565,1.10136,1.16858,2.20139,0.000244941,0.000242052,-0.000482236,-0.000721847,-0.000284499,-0.000105114,-0.00103471,0,0,0,0,0,0,0,-0.204456,26.7383,-24.6374,7.49881,0.830705,2.50601,0.0587866,-0.186372,2.15841,-3.02174,1.88209,0.181588,0.912306,0.0553335
1727963,1,-2.75261,-1.32534,1.01105,-1.94698,1.10108,1.16772,2.20139,-2.75266,-1.32422,1.00895,-1.94565,1.10136,1.16858,2.20139,-0.00048632,-0.000488246,0.00144175,0.000168383,1.37845e-05,0.000167283,-0.000215086,0,0,0,0,0,0,0,-0.176685,26.766,-24.7128,7.47104,0.825212,2.4996,0.0459692,-0.186048,2.15856,-3.02183,1.88237,0.181579,0.912364,0.0549553
1727964,1,-2.75261,-1.32534,1.01105,-1.94698,1.10108,1.16771,2.20139,-2.75266,-1.32422,1.00895,-1.94565,1.10136,1.16858,2.20139,0.000325401,0.000324116,0.000961165,0.000669067,-0.000194261,-0.000363196,-0.00038075,0,0,0,0,0,0,0,-0.204456,26.7383,-24.7128,7.44724,0.830705,2.51242,0.0523779,-0.185566,2.15946,-3.02346,1.88266,0.181555,0.912505,0.05457
1727965,1,-2.75261,-1.32534,1.01105,-1.94698,1.10108,1.16772,2.20139,-2.75266,-1.32422,1.00895,-1.94565,1.10136,1.16858,2.20139,-0.00043268,0.000216078,-0.00112246,-0.000110767,-0.000129507,-4.7718e-06,0.000729511,0,0,0,0,0,0,0,-0.176685,26.7383,-24.6374,7.47104,0.830705,2.50601,0.0258276,-0.185314,2.16029,-3.02515,1.88269,0.181498,0.912635,0.0542008
1727966,1,-2.75261,-1.32534,1.01105,-1.94698,1.10108,1.16772,2.20139,-2.75266,-1.32422,1.00895,-1.94565,1.10136,1.16858,2.20139,0.00036116,0.000700864,-0.000748308,0.000482967,0.000117112,0.000234178,0.000248982,0,0,0,0,0,0,0,-0.204456,26.7144,-24.6374,7.44724,0.825212,2.4996,0.0322363,-0.184982,2.15932,-3.02453,1.88283,0.181444,0.912616,0.0538474
1727967,1,-2.75261,-1.32534,1.01105,-1.94698,1.10108,1.16772,2.20139,-2.75266,-1.32422,1.00895,-1.94565,1.10136,1.16858,2.20139,-0.000965652,0.00111686,0.000707554,0.000321978,-0.000125376,0.000156118,-0.000342638,0,0,0,0,0,0,0,-0.152882,26.6867,-24.689,7.44724,0.830705,2.4996,0.0459692,-0.184089,2.15675,-3.02238,1.8833,0.181408,0.912494,0.053496
1727968,1,-2.75261,-1.32534,1.01105,-1.94698,1.10108,1.16771,2.20139,-2.75266,-1.32422,1.00895,-1.94565,1.10136,1.16858,2.20139,-0.00129338,9.4957e-05,-0.000177911,-0.00034216,0.000119867,-0.000370639,0.00051756,0,0,0,0,0,0,0,-0.125111,26.7144,-24.6612,7.47104,0.825212,2.51242,0.0258276,-0.181293,2.15338,-3.02067,1.88474,0.181449,0.912374,0.0531426
1727969,1,-2.75261,-1.32534,1.01105,-1.94698,1.10108,1.16772,2.20139,-2.75266,-1.32422,1.00895,-1.94565,1.10136,1.16858,2.20139,0.000344171,6.33047e-05,0.00108782,-0.000877721,7.99112e-05,-0.000247093,0.000107681,0,0,0,0,0,0,0,-0.176685,26.7144,-24.7128,7.49881,0.825212,2.51242,0.0322363,-0.177156,2.15042,-3.02028,1.88708,0.181582,0.912335,0.0527879
1727970,1,-2.75261,-1.32534,1.01105,-1.94698,1.10108,1.16772,2.20139,-2.75266,-1.32422,1.00895,-1.94565,1.10136,1.16858,2.20139,0.000229447,-0.000514609,-0.000481214,0.000621279,-0.000150176,-0.000164728,7.17872e-05,0,0,0,0,0,0,0,-0.176685,26.7383,-24.6612,7.44724,0.830705,2.51242,0.0322363,-0.174677,2.14934,-3.02111,1.88866,0.181686,0.91241,0.0524193
1727971,1,-2.75261,-1.32534,1.01105,-1.94698,1.10108,1.16772,2.20139,-2.75266,-1.32422,1.00895,-1.94565,1.10136,1.16858,2.20139,0.000802579,0.000863353,-0.000877621,0.000970998,0.000103333,0.00012754,-0.000935486,0,0,0,0,0,0,0,-0.204456,26.6867,-24.6374,7.42344,0.825212,2.50601,0.0587866,-0.175409,2.14962,-3.02142,1.88824,0.181648,0.912481,0.0520274
1727972,1,-2.75261,-1.32534,1.01105,-1.94698,1.10108,1.16772,2.20139,-2.75266,-1.32422,1.00895,-1.94565,1.10136,1.16858,2.20139,-0.000114561,-7.40451e-05,-2.82687e-05,-0.00111591,-0.000338012,8.50267e-05,0.000359687,0,0,0,0,0,0,0,-0.176685,26.7144,-24.6612,7.49881,0.836199,2.50601,0.0322363,-0.177707,2.14964,-3.02038,1.88685,0.181536,0.912493,0.0516287
1727973,1,-2.75261,-1.32534,1.01105,-1.94698,1.10108,1.16772,2.20139,-2.75266,-1.32422,1.00895,-1.94565,1.10136,1.16858,2.20139,-7.63742e-05,-4.93634e-05,-0.000575658,-0.000743937,-2.18911e-05,5.66844e-05,-0.000743553,0,0,0,0,0,0,0,-0.176685,26.7144,-24.6374,7.49881,0.830705,2.50601,0.0587866,-0.178952,2.14904,-3.0192,1.88641,0.181512,0.912521,0.0512478
1727974,1,-2.75261,-1.32534,1.01105,-1.94698,1.10108,1.16771,2.20139,-2.75266,-1.32422,1.00895,-1.94565,1.10136,1.16858,2.20139,0.000598698,-3.29089e-05,0.00017304,0.000153656,-1.45941e-05,-0.000199569,0.00096236,0,0,0,0,0,0,0,-0.204456,26.7144,-24.6612,7.47104,0.830705,2.51242,0.0194189,-0.179497,2.14859,-3.01851,1.88659,0.181558,0.912592,0.0508939
1727975,1,-2.75261,-1.32534,1.01105,-1.94698,1.10108,1.16771,2.20138,-2.75266,-1.32422,1.00895,-1.94565,1.10136,1.16858,2.20139,0.000399132,-2.19393e-05,0.000764974,0.000102437,-0.00021318,-0.000133046,-0.00129121,0,0,0,0,0,0,0,-0.204456,26.7144,-24.689,7.47104,0.836199,2.51242,0.071604,-0.180998,2.14924,-3.01881,1.88609,0.181563,0.912732,0.0505643
1727976,1,-2.75261,-1.32534,1.01105,-1.94698,1.10108,1.16771,2.20138,-2.75266,-1.32422,1.00895,-1.94565,1.10136,1.16858,2.20139,0.000266088,-0.000571438,-0.000139631,6.82914e-05,6.13306e-05,0.000148661,-0.000623445,0,0,0,0,0,0,0,-0.204456,26.7383,-24.6612,7.47104,0.830705,2.50601,0.0651953,-0.183359,2.15113,-3.02027,1.88492,0.181528,0.912945,0.0502577
1727977,1,-2.75261,-1.32534,1.01105,-1.94698,1.10108,1.16772,2.20138,-2.75266,-1.32422,1.00895,-1.94565,1.10136,1.16858,2.20139,-0.000472222,0.000175853,0.000556526,0.00060234,4.08871e-05,-0.000138251,-0.00041563,0,0,0,0,0,0,0,-0.176685,26.7144,-24.689,7.44724,0.830705,2.51242,0.0651953,-0.185503,2.15337,-3.02216,1.88362,0.181499,0.913163,0.0499972
1727978,1,-2.75261,-1.32534,1.01105,-1.94698,1.10108,1.16772,2.20139,-2.75266,-1.32422,1.00895,-1.94565,1.10136,1.16858,2.20139,-0.000314815,0.000117235,0.00092783,-0.000155252,2.7258e-05,0.000145191,-3.97279e-05,0,0,0,0,0,0,0,-0.176685,26.7144,-24.7128,7.47104,0.830705,2.50601,0.0587866,-0.186317,2.15514,-3.02439,1.88286,0.181514,0.913374,0.049811
1727979,1,-2.75261,-1.32534,1.01105,-1.94698,1.10108,1.16772,2.20139,-2.75266,-1.32422,1.00895,-1.94565,1.10136,1.16858,2.20139,0.000439737,-0.000478655,-0.000587873,-0.000753115,1.8172e-05,0.000334153,-2.64853e-05,0,0,0,0,0,0,0,-0.204456,26.7383,-24.6612,7.49881,0.830705,2.4996,0.0587866,-0.186054,2.15628,-3.02665,1.88283,0.181591,0.913584,0.0497026
1727980,1,-2.75261,-1.32534,1.01105,-1.94698,1.10108,1.16772,2.20138,-2.75266,-1.32422,1.00895,-1.94565,1.10136,1.16858,2.20139,-0.000356456,-0.000319103,-0.000391915,0.000704349,-0.000191336,0.000460128,-0.00120445,0,0,0,0,0,0,0,-0.176685,26.7383,-24.6612,7.44724,0.836199,2.49319,0.09083,-0.185929,2.15698,-3.02791,1.88291,0.181691,0.913727,0.0496591
1727981,1,-2.75261,-1.32534,1.01105,-1.94698,1.10108,1.16771,2.20138,-2.75266,-1.32422,1.00895,-1.94565,1.10136,1.16858,2.20139,-0.00144406,0.00099369,0.000945149,-0.00073686,0.000279344,-0.000405325,0.000146468,0,0,0,0,0,0,0,-0.125111,26.6867,-24.7128,7.49881,0.825212,2.51242,0.0651953,-0.184676,2.15663,-3.02844,1.88357,0.181832,0.913785,0.0496864
1727982,1,-2.75261,-1.32534,1.01105,-1.94698,1.10108,1.16772,2.20138,-2.75266,-1.32422,1.00895,-1.94565,1.10136,1.16858,2.20139,-0.000962709,0.00066246,7.32874e-05,0.000158374,-1.72213e-05,0.00044186,-0.000139714,0,0,0,0,0,0,0,-0.125111,26.6867,-24.689,7.47104,0.830705,2.49319,0.071604,-0.180489,2.15438,-3.02893,1.88585,0.182073,0.913797,0.0498029
1727983,1,-2.75261,-1.32534,1.01104,-1.94698,1.10108,1.16772,2.20138,-2.75266,-1.32422,1.00895,-1.94565,1.10136,1.16858,2.20139,0.00121423,-0.000764786,-0.00115757,0.000662395,-0.000214931,-0.000180144,-9.31424e-05,0,0,0,0,0,0,0,-0.204456,26.7383,-24.6374,7.44724,0.836199,2.50601,0.071604,-0.176725,2.15178,-3.0288,1.88784,0.182281,0.913753,0.0499945
1727984,1,-2.75261,-1.32534,1.01105,-1.94698,1.10108,1.16772,2.20139,-2.75266,-1.32422,1.00895,-1.94565,1.10136,1.16858,2.20139,0.000809489,-0.000509857,0.000434714,-0.000115216,0.000263613,0.000117263,0.000412623,0,0,0,0,0,0,0,-0.204456,26.7383,-24.689,7.47104,0.825212,2.4996,0.0587866,-0.17735,2.15135,-3.02823,1.88731,0.182317,0.913699,0.0502379
1727985,1,-2.75261,-1.32534,1.01105,-1.94698,1.10108,1.16772,2.20138,-2.75266,-1.32422,1.00895,-1.94565,1.10136,1.16858,2.20139,-0.000109954,0.000216907,0.000846621,-7.68104e-05,-0.000231159,-0.000396543,-0.00114907,0,0,0,0,0,0,0,-0.176685,26.7144,-24.7128,7.47104,0.836199,2.51242,0.0972387,-0.180329,2.15282,-3.02862,1.88557,0.182273,0.91373,0.0505256
1727986,1,-2.75261,-1.32534,1.01105,-1.94698,1.10108,1.16771,2.20138,-2.75266,-1.32422,1.00895,-1.94565,1.10136,1.16858,2.20139,-7.33029e-05,0.000144605,0.000564414,-5.12069e-05,4.93447e-05,-2.70029e-05,0.000183388,0,0,0,0,0,0,0,-0.176685,26.7144,-24.7128,7.47104,0.830705,2.50601,0.071604,-0.182339,2.15434,-3.0302,1.88448,0.182271,0.913835,0.0508593
1727987,1,-2.75261,-1.32534,1.01105,-1.94698,1.10108,1.16771,2.20138,-2.75266,-1.32422,1.00895,-1.94565,1.10136,1.16858,2.20139,-4.88686e-05,-0.00111002,-0.000180536,-3.41379e-05,0.000439798,-1.80019e-05,0.000359618,0,0,0,0,0,0,0,-0.176685,26.766,-24.689,7.47104,0.819719,2.50601,0.0651953,-0.183366,2.1557,-3.03216,1.88392,0.182311,0.913947,0.0512442
1727988,1,-2.75261,-1.32534,1.01105,-1.94698,1.10108,1.16772,2.20139,-2.75266,-1.32422,1.00895,-1.94565,1.10136,1.16858,2.20139,0.00117385,0.000466411,-0.000769971,-0.00122918,-0.000317153,-1.20013e-05,0.000951822,0,0,0,0,0,0,0,-0.22826,26.7144,-24.6612,7.52262,0.836199,2.50601,0.0459692,-0.184565,2.15686,-3.03338,1.88346,0.182366,0.914019,0.0516677
1727989,1,-2.75261,-1.32534,1.01105,-1.94698,1.10108,1.16771,2.20139,-2.75266,-1.32422,1.00895,-1.94565,1.10136,1.16858,2.20139,0.000225753,-0.000245871,0.0001363,0.00038697,0.000398916,-0.000482719,0.000634548,0,0,0,0,0,0,0,-0.204456,26.7383,-24.689,7.47104,0.819719,2.51882,0.0459692,-0.186274,2.15723,-3.03334,1.88311,0.182411,0.914049,0.0520994
1727990,1,-2.75261,-1.32534,1.01105,-1.94698,1.10108,1.16772,2.20138,-2.75266,-1.32422,1.00895,-1.94565,1.10136,1.16858,2.20139,-0.00105592,0.000392898,-0.000558747,-0.000391634,-0.000547858,0.000390264,-0.000289045,0,0,0,0,0,0,0,-0.152882,26.7144,-24.6612,7.49881,0.841692,2.4996,0.0651953,-0.187095,2.15664,-3.03271,1.88323,0.182469,0.914037,0.0525043
1727991,1,-2.75261,-1.32534,1.01105,-1.94698,1.10108,1.16771,2.20139,-2.75266,-1.32422,1.00895,-1.94565,1.10136,1.16858,2.20139,0.000502476,-0.00029488,0.000833928,0.000388524,0.000245113,-0.000214542,0.000790648,0,0,0,0,0,0,0,-0.204456,26.7383,-24.7128,7.47104,0.825212,2.51242,0.038645,-0.186371,2.15554,-3.03231,1.88396,0.182558,0.914006,0.0528633
1727992,1,-2.75261,-1.32534,1.01105,-1.94698,1.10108,1.16771,2.20139,-2.75266,-1.32422,1.00895,-1.94565,1.10136,1.16858,2.20139,-0.000871442,0.00156665,0.00111276,0.000815828,-4.00419e-05,-0.000380387,1.84721e-05,0,0,0,0,0,0,0,-0.152882,26.6629,-24.7366,7.44724,0.830705,2.51882,0.0523779,-0.185199,2.15463,-3.0329,1.88467,0.182624,0.914028,0.0531747
1727993,1,-2.75261,-1.32534,1.01105,-1.94698,1.10108,1.16772,2.20139,-2.75266,-1.32422,1.00895,-1.94565,1.10136,1.16858,2.20139,-2.41491e-05,-0.00192523,-0.000371781,-0.00066254,-2.66946e-05,-0.000253591,0.000249674,0,0,0,0,0,0,0,-0.176685,26.7898,-24.689,7.49881,0.830705,2.51882,0.0459692,-0.183792,2.15416,-3.03444,1.8853,0.182677,0.914111,0.0534304
1727994,1,-2.75261,-1.32534,1.01105,-1.94698,1.10107,1.16771,2.20138,-2.75266,-1.32422,1.00895,-1.94565,1.10136,1.16858,2.20139,0.00119033,-7.70606e-05,-0.000247854,-0.000441694,-0.000424697,6.82982e-05,-0.000545628,0,0,0,0,0,0,0,-0.22826,26.7383,-24.689,7.49881,0.841692,2.51242,0.0651953,-0.183434,2.15486,-3.0361,1.88556,0.182734,0.914238,0.0536215
1727995,1,-2.75261,-1.32534,1.01105,-1.94698,1.10108,1.16772,2.20139,-2.75266,-1.32422,1.00895,-1.94565,1.10136,1.16858,2.20139,0.000793551,0.00115505,0.00711358,0.000911963,0.000123769,-0.000191827,0.00133167,0,0,0,0,0,0,0,-0.22826,26.6867,-24.7366,7.44724,0.830705,2.51882,0.0194189,-0.185137,2.1578,-3.04017,1.88491,0.182727,0.914591,0.053764
1727996,1,-2.75261,-1.32534,1.01105,-1.94698,1.10108,1.16771,2.20139,-2.75266,-1.32422,1.00895,-1.94565,1.10136,1.16858,2.20139,-0.0012342,0.000120421,0.00525615,5.11637e-05,-0.000120938,0.000346833,-0.000332924,0,0,0,0,0,0,0,-0.152882,26.7144,-24.7366,7.47104,0.836199,2.50601,0.0523779,-0.186412,2.16356,-3.05056,1.88426,0.182692,0.915366,0.053873
1727997,1,-2.75261,-1.32534,1.01105,-1.94698,1.10108,1.16771,2.20139,-2.75266,-1.32422,1.00895,-1.94565,1.10136,1.16858,2.20139,0.000383623,8.02806e-05,0.00333262,-0.000615505,-8.06251e-05,0.000231222,0.000524036,0,0,0,0,0,0,0,-0.204456,26.7144,-24.7128,7.49881,0.836199,2.50601,0.0322363,-0.185407,2.17043,-3.06483,1.88471,0.182746,0.916366,0.0539333
1727998,1,-2.75261,-1.32534,1.01105,-1.94698,1.10108,1.16772,2.20139,-2.75266,-1.32422,1.00895,-1.94565,1.10136,1.16858,2.20139,0.000255749,0.000703134,0.00251074,0.000239277,0.0001497,-8.32108e-05,-0.000871346,0,0,0,0,0,0,0,-0.204456,26.6867,-24.7128,7.47104,0.830705,2.51242,0.0651953,-0.183787,2.17591,-3.07732,1.88573,0.182861,0.917255,0.0539334
1727999,1,-2.75261,-1.32534,1.01105,-1.94698,1.10108,1.16772,2.20139,-2.75266,-1.32422,1.00895,-1.94565,1.10136,1.16858,2.20139,0.000170499,0.000468756,0.00133376,-0.000490096,-0.00010365,0.000419244,0.000639806,0,0,0,0,0,0,0,-0.204456,26.6867,-24.689,7.49881,0.836199,2.4996,0.0322363,-0.182776,2.17878,-3.08545,1.88666,0.182975,0.91788,0.0538831
1728000,1,-2.75261,-1.32534,1.01105,-1.94698,1.10108,1.16771,2.20139,-2.75266,-1.32422,1.00895,-1.94565,1.10136,1.16858,2.20139,-0.000535948,-0.00033711,0.00160854,-0.000883542,0.000337801,4.21371e-05,-8.2089e-05,0,0,0,0,0,0,0,-0.176685,26.7144,-24.7128,7.52262,0.825212,2.50601,0.0459692,-0.181481,2.17908,-3.08942,1.88799,0.183135,0.918229,0.0537981
1728001,1,-2.75261,-1.32534,1.01105,-1.94698,1.10108,1.16772,2.20139,-2.75266,-1.32422,1.00895,-1.94565,1.10136,1.16858,2.20139,0.000292315,-0.00143117,0.00119428,-3.22163e-05,2.17501e-05,-0.000446627,-0.000292085,0,0,0,0,0,0,0,-0.204456,26.766,-24.7128,7.49881,0.830705,2.51882,0.0523779,-0.180246,2.17874,-3.09111,1.8894,0.183334,0.918404,0.0536805
1728002,1,-2.75261,-1.32534,1.01105,-1.94698,1.10108,1.16772,2.20139,-2.75266,-1.32422,1.00895,-1.94565,1.10136,1.16858,2.20139,0.000194877,0.000252315,0.000330815,-2.14775e-05,1.45001e-05,0.000176967,0.000788621,0,0,0,0,0,0,0,-0.204456,26.7144,-24.689,7.49881,0.830705,2.50601,0.0258276,-0.180455,2.17874,-3.09108,1.88992,0.183483,0.918447,0.053533
1728003,1,-2.75261,-1.32534,1.01105,-1.94698,1.10108,1.16771,2.20139,-2.75266,-1.32422,1.00895,-1.94565,1.10136,1.16858,2.20139,-0.00172612,0.00016821,0.00140275,-1.43184e-05,9.6667e-06,-0.00035674,-0.000457597,0,0,0,0,0,0,0,-0.125111,26.7144,-24.7366,7.49881,0.830705,2.51882,0.0523779,-0.180408,2.17739,-3.08903,1.89045,0.183613,0.918337,0.0533654
1728004,1,-2.75261,-1.32534,1.01105,-1.94698,1.10108,1.16771,2.20139,-2.75266,-1.32422,1.00895,-1.94565,1.10136,1.16858,2.20139,5.5678e-05,-0.000444672,0.000986599,0.000640068,6.44447e-06,-0.000237827,0.00067828,0,0,0,0,0,0,0,-0.176685,26.7383,-24.7366,7.47104,0.830705,2.51882,0.0258276,-0.178814,2.17475,-3.08622,1.8916,0.183764,0.918145,0.0531775
1728005,1,-2.75261,-1.32534,1.01105,-1.94698,1.10108,1.16771,2.20139,-2.75266,-1.32422,1.00895,-1.94565,1.10136,1.16858,2.20139,3.71187e-05,0.000260364,0.000139497,0.000426712,4.29631e-06,7.88078e-05,0.000214827,0,0,0,0,0,0,0,-0.176685,26.7144,-24.7128,7.47104,0.830705,2.51242,0.0322363,-0.177995,2.17226,-3.08304,1.89207,0.183848,0.917931,0.0529642
1728006,1,-2.75261,-1.32534,1.01105,-1.94698,1.10108,1.16771,2.20139,-2.75266,-1.32422,1.00895,-1.94565,1.10136,1.16858,2.20139,-0.000532066,-0.000383236,-0.000434882,-0.000365139,0.000409765,5.25386e-05,0.000380577,0,0,0,0,0,0,0,-0.152882,26.7383,-24.689,7.49881,0.819719,2.51242,0.0258276,-0.178256,2.16939,-3.07857,1.89195,0.183875,0.917663,0.0527175
1728007,1,-2.75261,-1.32534,1.01105,-1.94698,1.10108,1.16771,2.20139,-2.75266,-1.32422,1.00895,-1.94565,1.10136,1.16858,2.20139,0.000851715,-0.000255491,0.000845401,-0.000243426,-0.000133724,-0.000202333,1.63592e-05,0,0,0,0,0,0,0,-0.204456,26.7383,-24.7366,7.49881,0.830705,2.51882,0.0322363,-0.178841,2.1663,-3.0735,1.89191,0.1839,0.917395,0.0524303
1728008,1,-2.75261,-1.32534,1.01105,-1.94698,1.10108,1.16771,2.20139,-2.75266,-1.32422,1.00895,-1.94565,1.10136,1.16858,2.20139,0.00056781,0.000386485,2.30633e-05,-0.000719096,-8.91495e-05,0.000339829,-0.000226453,0,0,0,0,0,0,0,-0.204456,26.7144,-24.7128,7.52262,0.830705,2.50601,0.038645,-0.180367,2.16374,-3.06891,1.89175,0.183898,0.917219,0.0521025
1728009,1,-2.75261,-1.32534,1.01105,-1.94698,1.10108,1.16771,2.20139,-2.75266,-1.32422,1.00895,-1.94565,1.10136,1.16858,2.20139,-0.000271074,-0.000299155,2.75812e-05,7.74146e-05,-0.000262884,-1.08062e-05,0.000561108,0,0,0,0,0,0,0,-0.176685,26.7383,-24.7128,7.49881,0.836199,2.51242,0.0194189,-0.182112,2.1612,-3.06458,1.89173,0.183887,0.917092,0.0517422
1728010,1,-2.75261,-1.32534,1.01105,-1.94698,1.10108,1.16772,2.20139,-2.75266,-1.32422,1.00895,-1.94565,1.10136,1.16858,2.20139,-0.000180716,0.000357375,-0.00117888,5.16097e-05,2.81949e-05,0.000230155,-0.000609272,0,0,0,0,0,0,0,-0.176685,26.7144,-24.6612,7.49881,0.830705,2.50601,0.0459692,-0.183069,2.15807,-3.05985,1.89206,0.183895,0.916917,0.0513555
1728011,1,-2.75261,-1.32534,1.01105,-1.94698,1.10108,1.16771,2.20139,-2.75266,-1.32422,1.00895,-1.94565,1.10136,1.16858,2.20139,-0.000677289,-0.000318562,0.000427369,0.00068402,-0.000184654,-0.00055864,-0.000134914,0,0,0,0,0,0,0,-0.152882,26.7383,-24.7128,7.47104,0.836199,2.52523,0.038645,-0.183243,2.15463,-3.05493,1.8925,0.183909,0.916689,0.0509474
1728012,1,-2.75261,-1.32534,1.01105,-1.94698,1.10108,1.16771,2.20139,-2.75266,-1.32422,1.00895,-1.94565,1.10136,1.16858,2.20139,0.0007549,0.000344437,0.000846874,0.000456014,8.03479e-05,-0.000135068,-0.000598569,0,0,0,0,0,0,0,-0.204456,26.7144,-24.7366,7.47104,0.830705,2.51882,0.0523779,-0.183567,2.15223,-3.05143,1.89253,0.183892,0.916536,0.0505353
1728013,1,-2.75261,-1.32534,1.01105,-1.94698,1.10108,1.16772,2.20139,-2.75266,-1.32422,1.00895,-1.94565,1.10136,1.16858,2.20139,0.000503266,0.000229625,1.16325e-05,-0.000902417,0.000460466,-9.00453e-05,0.000584298,0,0,0,0,0,0,0,-0.204456,26.7144,-24.7128,7.52262,0.819719,2.51882,0.0258276,-0.184786,2.15103,-3.04956,1.89213,0.18384,0.916528,0.0501404
1728014,1,-2.75261,-1.32534,1.01105,-1.94698,1.10108,1.16771,2.20139,-2.75266,-1.32422,1.00895,-1.94565,1.10136,1.16858,2.20139,-0.000314103,0.000153083,1.06515e-05,0.000604815,0.000544336,-6.00302e-05,-0.000356453,0,0,0,0,0,0,0,-0.176685,26.7144,-24.7128,7.47104,0.81331,2.51882,0.0459692,-0.186019,2.14984,-3.0481,1.892,0.183801,0.916589,0.0497702
1728015,1,-2.75261,-1.32534,1.01105,-1.94698,1.10108,1.16772,2.20139,-2.75266,-1.32422,1.00895,-1.94565,1.10136,1.16858,2.20139,-0.000209402,-0.000454756,9.27333e-06,-0.000246404,-0.000281369,-4.00201e-05,0.00050835,0,0,0,0,0,0,0,-0.176685,26.7383,-24.7128,7.49881,0.830705,2.51882,0.0258276,-0.186505,2.14867,-3.04691,1.8922,0.183778,0.916661,0.0494177
1728016,1,-2.75261,-1.32534,1.01105,-1.94698,1.10108,1.16772,2.20139,-2.75266,-1.32422,1.00895,-1.94565,1.10136,1.16858,2.20139,-0.000139601,0.000253641,0.000564623,0.000485345,-0.00039103,0.000448038,-0.000407085,0,0,0,0,0,0,0,-0.176685,26.7144,-24.7366,7.47104,0.836199,2.50601,0.0459692,-0.186435,2.14796,-3.04643,1.89252,0.183758,0.916761,0.0490758
1728017,1,-2.75261,-1.32534,1.01105,-1.94698,1.10108,1.16772,2.20139,-2.75266,-1.32422,1.00895,-1.94565,1.10136,1.16858,2.20139,-9.30675e-05,-0.000387718,-0.000735986,-0.000326051,0.000349665,-0.000176026,0.000237236,0,0,0,0,0,0,0,-0.176685,26.7383,-24.689,7.49881,0.819719,2.51882,0.0322363,-0.186128,2.14748,-3.04628,1.89291,0.183738,0.916877,0.0487416
1728018,1,-2.75261,-1.32534,1.01105,-1.94698,1.10108,1.16772,2.20139,-2.75266,-1.32422,1.00895,-1.94565,1.10136,1.16858,2.20139,-6.2045e-05,0.000298333,-0.000489741,-0.000217367,2.96595e-05,0.000120008,0.000395516,0,0,0,0,0,0,0,-0.176685,26.7144,-24.689,7.49881,0.825212,2.51242,0.0258276,-0.185632,2.14655,-3.04554,1.8935,0.18373,0.916959,0.0484164
1728019,1,-2.75261,-1.32534,1.01106,-1.94698,1.10108,1.16772,2.20139,-2.75266,-1.32422,1.00895,-1.94565,1.10136,1.16858,2.20139,-4.13634e-05,-0.000357923,0.00199424,0.000504702,-0.000590579,0.000317364,-0.000957026,0,0,0,0,0,0,0,-0.176685,26.7383,-24.7881,7.47104,0.841692,2.50601,0.0587866,-0.185101,2.14591,-3.04533,1.89414,0.183719,0.917076,0.0480959
1728020,1,-2.75261,-1.32534,1.01105,-1.94698,1.10108,1.16772,2.20139,-2.75266,-1.32422,1.00895,-1.94565,1.10136,1.16858,2.20139,-2.75756e-05,-0.000238615,-0.000433227,0.000336468,0.000216633,-2.57826e-05,-0.000638017,0,0,0,0,0,0,0,-0.176685,26.7383,-24.7128,7.47104,0.825212,2.51242,0.0587866,-0.185084,2.14672,-3.04691,1.89426,0.183669,0.917287,0.0477803
1728021,1,-2.75261,-1.32534,1.01106,-1.94698,1.10108,1.16771,2.20139,-2.75266,-1.32422,1.00895,-1.94565,1.10136,1.16858,2.20139,0.00063123,0.000397735,0.000268381,-0.000425302,-0.000262479,-1.71884e-05,4.93732e-05,0,0,0,0,0,0,0,-0.204456,26.7144,-24.7366,7.49881,0.836199,2.51242,0.0459692,-0.185685,2.14785,-3.04864,1.894,0.183599,0.917501,0.0474943
1728022,1,-2.75261,-1.32534,1.01105,-1.94698,1.10108,1.16771,2.20139,-2.75266,-1.32422,1.00895,-1.94565,1.10136,1.16858,2.20139,-0.000228794,-0.000291655,-0.000377602,0.000922891,2.84643e-05,-0.000248818,0.000304183,0,0,0,0,0,0,0,-0.176685,26.7383,-24.7128,7.44724,0.830705,2.51882,0.038645,-0.186663,2.14837,-3.04945,1.89364,0.183526,0.917658,0.0472579
1728023,1,-2.75261,-1.32534,1.01105,-1.94698,1.10108,1.16771,2.20138,-2.75266,-1.32422,1.00895,-1.94565,1.10136,1.16858,2.20139,-0.000152529,-0.000194437,-0.000808329,-0.000591165,-0.000184474,7.14803e-05,-0.00149263,0,0,0,0,0,0,0,-0.176685,26.7383,-24.689,7.49881,0.836199,2.51242,0.0844213,-0.187453,2.14843,-3.0495,1.8933,0.183473,0.917747,0.0470649
1728024,1,-2.75261,-1.32534,1.01105,-1.94698,1.10108,1.16771,2.20139,-2.75266,-1.32422,1.00895,-1.94565,1.10136,1.16858,2.20139,-0.000101686,0.000427187,1.80892e-05,-0.00039411,0.000283918,-0.000189705,-0.000995088,0,0,0,0,0,0,0,-0.176685,26.7144,-24.7128,7.49881,0.825212,2.51882,0.0844213,-0.187187,2.14758,-3.04885,1.89369,0.183493,0.91779,0.0469209
1728025,1,-2.75261,-1.32534,1.01105,-1.94698,1.10108,1.16771,2.20138,-2.75266,-1.32422,1.00895,-1.94565,1.10136,1.16858,2.20139,0.000581823,-0.00027202,1.21818e-05,-0.00026274,-0.000217622,0.000348248,-0.000426033,0,0,0,0,0,0,0,-0.204456,26.7383,-24.7128,7.49881,0.836199,2.50601,0.0780126,-0.186417,2.14636,-3.04828,1.89461,0.18356,0.917859,0.0468601
1728026,1,-2.75261,-1.32534,1.01105,-1.94698,1.10108,1.16771,2.20138,-2.75266,-1.32422,1.00895,-1.94565,1.10136,1.16858,2.20139,-0.000261732,0.000375465,0.000565025,-0.000731972,-0.000348532,0.000232165,-0.000284022,0,0,0,0,0,0,0,-0.176685,26.7144,-24.7366,7.52262,0.841692,2.50601,0.0780126,-0.185764,2.14559,-3.04847,1.89563,0.183643,0.917987,0.0469091
1728027,1,-2.75261,-1.32534,1.01106,-1.94698,1.10108,1.16772,2.20138,-2.75266,-1.32422,1.00895,-1.94565,1.10136,1.16858,2.20139,-0.0007313,0.00025031,0.00102637,0.000718445,0.000174546,-8.25822e-05,-0.000426707,0,0,0,0,0,0,0,-0.152882,26.7144,-24.7643,7.47104,0.830705,2.51242,0.0844213,-0.18432,2.14507,-3.04978,1.897,0.18376,0.918158,0.0470719
1728028,1,-2.75261,-1.32534,1.01106,-1.94698,1.10108,1.16771,2.20138,-2.75266,-1.32422,1.00895,-1.94565,1.10136,1.16858,2.20139,6.92787e-05,-0.00103955,0.00124111,-0.000170651,0.000523265,-0.000529773,-0.000996548,0,0,0,0,0,0,0,-0.176685,26.766,-24.7881,7.49881,0.819719,2.52523,0.103647,-0.182586,2.14567,-3.05278,1.89814,0.183872,0.918388,0.0473419
1728029,1,-2.75261,-1.32534,1.01106,-1.94698,1.10108,1.16772,2.20138,-2.75266,-1.32422,1.00895,-1.94565,1.10136,1.16858,2.20139,0.0006958,-0.000693035,0.000270632,0.00109266,0.000145393,0.000358895,0.00028507,0,0,0,0,0,0,0,-0.204456,26.766,-24.7643,7.44724,0.825212,2.50601,0.0780126,-0.182794,2.14858,-3.05718,1.89784,0.183894,0.918682,0.0477149
1728030,1,-2.75261,-1.32534,1.01106,-1.94698,1.10108,1.16771,2.20139,-2.75266,-1.32422,1.00895,-1.94565,1.10136,1.16858,2.20139,-0.000742559,0.000187591,-0.000469164,-0.000477987,-0.000106522,-0.000235455,0.00137684,0,0,0,0,0,0,0,-0.152882,26.7383,-24.7366,7.49881,0.830705,2.51882,0.0459692,-0.184434,2.15196,-3.06091,1.89659,0.183845,0.918924,0.0481891
1728031,1,-2.75261,-1.32534,1.01105,-1.94698,1.10108,1.16771,2.20139,-2.75266,-1.32422,1.00895,-1.94565,1.10136,1.16858,2.20139,0.000711386,0.000681872,-0.000312754,-0.00087547,0.000132436,8.03893e-05,0.000443176,0,0,0,0,0,0,0,-0.204456,26.7144,-24.7366,7.52262,0.825212,2.51242,0.0587866,-0.184958,2.15295,-3.0624,1.89632,0.183847,0.919035,0.0487355
1728032,1,-2.75261,-1.32534,1.01105,-1.94698,1.10108,1.16771,2.20139,-2.75266,-1.32422,1.00895,-1.94565,1.10136,1.16858,2.20139,-0.000175356,0.000454582,-0.000208486,-2.68346e-05,-0.00031861,-0.000183766,0.00053281,0,0,0,0,0,0,0,-0.176685,26.7144,-24.7366,7.49881,0.836199,2.51882,0.0523779,-0.184348,2.15157,-3.06204,1.89722,0.183905,0.919066,0.0492997
1728033,1,-2.75261,-1.32534,1.01105,-1.94698,1.10108,1.16771,2.20138,-2.75266,-1.32422,1.00895,-1.94565,1.10136,1.16858,2.20139,-0.000116904,-0.000903372,-0.000138979,-0.000574702,-8.95642e-06,-0.000122511,-0.000831588,0,0,0,0,0,0,0,-0.176685,26.766,-24.7366,7.52262,0.830705,2.51882,0.0844213,-0.183515,2.14982,-3.06134,1.89839,0.183973,0.919084,0.04984
1728034,1,-2.75261,-1.32534,1.01105,-1.94698,1.10108,1.16772,2.20139,-2.75266,-1.32422,1.00895,-1.94565,1.10136,1.16858,2.20139,-7.79362e-05,0.000604178,-0.000649455,0.000823291,-5.97095e-06,-8.16738e-05,0.00161575,0,0,0,0,0,0,0,-0.176685,26.7144,-24.7128,7.47104,0.830705,2.51882,0.0258276,-0.18285,2.14865,-3.06084,1.89926,0.184027,0.919098,0.0503466
1728035,1,-2.75261,-1.32534,1.01106,-1.94698,1.10108,1.16771,2.20139,-2.75266,-1.32422,1.00895,-1.94565,1.10136,1.16858,2.20139,-0.000608769,-0.000154026,0.000123849,-0.000657565,0.00040292,0.00018291,0.000602447,0,0,0,0,0,0,0,-0.152882,26.7383,-24.7366,7.52262,0.819719,2.51242,0.038645,-0.182104,2.14747,-3.06023,1.89996,0.184063,0.919092,0.0508167
1728036,1,-2.75261,-1.32534,1.01105,-1.94698,1.10108,1.16771,2.20139,-2.75266,-1.32422,1.00895,-1.94565,1.10136,1.16858,2.20139,0.00135739,-0.000752298,8.2571e-05,-0.000438377,6.51631e-05,0.000359299,0.00063899,0,0,0,0,0,0,0,-0.22826,26.766,-24.7366,7.52262,0.825212,2.50601,0.0322363,-0.181666,2.14694,-3.06024,1.90054,0.184089,0.919139,0.0512204
1728037,1,-2.75261,-1.32534,1.01105,-1.94698,1.10108,1.16771,2.20139,-2.75266,-1.32422,1.00895,-1.94565,1.10136,1.16858,2.20139,-0.00085831,0.000148082,-0.000501761,0.000914175,4.34421e-05,-0.000235185,-8.26329e-05,0,0,0,0,0,0,0,-0.152882,26.7383,-24.7128,7.47104,0.825212,2.51882,0.0459692,-0.182522,2.14772,-3.06096,1.90044,0.184057,0.919245,0.0515272
1728038,1,-2.75261,-1.32534,1.01105,-1.94698,1.10108,1.16771,2.20139,-2.75266,-1.32422,1.00895,-1.94565,1.10136,1.16858,2.20139,0.00119103,0.000655533,-0.000334504,0.00060945,-0.00037794,-0.000631508,-0.000529807,0,0,0,0,0,0,0,-0.22826,26.7144,-24.7128,7.47104,0.836199,2.53164,0.0587866,-0.184193,2.14846,-3.06119,1.89962,0.183941,0.919311,0.0517356
1728039,1,-2.75261,-1.32534,1.01106,-1.94698,1.10108,1.16771,2.20139,-2.75266,-1.32422,1.00895,-1.94565,1.10136,1.16858,2.20139,0.000794021,-0.00011979,0.000983425,-0.000243314,-4.85093e-05,5.37125e-05,0.00110486,0,0,0,0,0,0,0,-0.22826,26.7383,-24.7643,7.49881,0.830705,2.51882,0.0194189,-0.186829,2.14921,-3.06136,1.89826,0.183759,0.919407,0.0518661
1728040,1,-2.75261,-1.32534,1.01105,-1.94699,1.10108,1.16771,2.20139,-2.75266,-1.32422,1.00895,-1.94565,1.10136,1.16858,2.20139,-2.74648e-05,0.000476952,-0.000550807,-0.00127583,0.000171111,0.000510526,-0.00072149,0,0,0,0,0,0,0,-0.204456,26.7144,-24.7128,7.54642,0.825212,2.50601,0.0587866,-0.189258,2.15004,-3.06222,1.89744,0.18362,0.919598,0.0519352
1728041,1,-2.75261,-1.32534,1.01105,-1.94698,1.10108,1.16771,2.20139,-2.75266,-1.32422,1.00895,-1.94565,1.10136,1.16858,2.20139,-0.000667924,0.000317968,-0.000367204,-0.000293744,-8.93765e-05,-0.000134367,0.000264992,0,0,0,0,0,0,0,-0.176685,26.7144,-24.7128,7.52262,0.830705,2.51882,0.038645,-0.189106,2.14936,-3.06271,1.89849,0.183628,0.919772,0.0519467
1728042,1,-2.75261,-1.32534,1.01106,-1.94698,1.10108,1.16771,2.20139,-2.75266,-1.32422,1.00895,-1.94565,1.10136,1.16858,2.20139,-0.000445283,-0.000344833,0.00151844,-0.000195829,-5.95843e-05,-0.000326937,-0.000331965,0,0,0,0,0,0,0,-0.176685,26.7383,-24.7881,7.52262,0.830705,2.52523,0.0523779,-0.186752,2.14801,-3.06353,1.90076,0.183734,0.919934,0.0519133
1728043,1,-2.75261,-1.32534,1.01105,-1.94698,1.10108,1.16771,2.20139,-2.75266,-1.32422,1.00895,-1.94565,1.10136,1.16858,2.20139,-0.000296855,0.000326923,-0.000194134,0.000426259,-3.97229e-05,-0.000217958,0.000287316,0,0,0,0,0,0,0,-0.176685,26.7144,-24.7366,7.49881,0.830705,2.52523,0.038645,-0.184017,2.14769,-3.06582,1.90293,0.183838,0.920158,0.0518487
1728044,1,-2.75261,-1.32534,1.01106,-1.94698,1.10108,1.16771,2.20139,-2.75266,-1.32422,1.00895,-1.94565,1.10136,1.16858,2.20139,0.000451711,0.000867563,-0.000129422,0.000284173,-2.64819e-05,0.000329413,0.000191544,0,0,0,0,0,0,0,-0.204456,26.6867,-24.7366,7.49881,0.830705,2.51242,0.038645,-0.182192,2.14748,-3.06779,1.90436,0.183879,0.92036,0.0517586
1728045,1,-2.75261,-1.32534,1.01106,-1.94698,1.10108,1.16771,2.20139,-2.75266,-1.32422,1.00895,-1.94565,1.10136,1.16858,2.20139,0.00030114,-0.00127766,0.000563333,0.00139587,-1.76546e-05,0.000456967,-0.000143571,0,0,0,0,0,0,0,-0.204456,26.766,-24.7643,7.44724,0.830705,2.50601,0.0459692,-0.182513,2.14787,-3.06914,1.9043,0.183809,0.920524,0.0516398
1728046,1,-2.75261,-1.32534,1.01106,-1.94698,1.10108,1.16771,2.20138,-2.75266,-1.32422,1.00895,-1.94565,1.10136,1.16858,2.20139,-0.000448854,0.000354649,0.000375555,-0.000832655,-0.00021522,6.72859e-05,-0.00151987,0,0,0,0,0,0,0,-0.176685,26.7144,-24.7643,7.52262,0.836199,2.51242,0.0844213,-0.184231,2.14983,-3.07126,1.90321,0.183689,0.920718,0.0514938
1728047,1,-2.75261,-1.32534,1.01105,-1.94698,1.10108,1.16771,2.20138,-2.75266,-1.32422,1.00895,-1.94565,1.10136,1.16858,2.20139,-0.000299236,0.000236433,-0.000956055,-0.000555103,-0.00014348,-0.000192502,-0.0012506,0,0,0,0,0,0,0,-0.176685,26.7144,-24.7128,7.52262,0.836199,2.51882,0.09083,-0.184491,2.15089,-3.07309,1.90326,0.183674,0.920891,0.0513538
1728048,1,-2.75261,-1.32534,1.01105,-1.94698,1.10108,1.16771,2.20138,-2.75266,-1.32422,1.00895,-1.94565,1.10136,1.16858,2.20139,0.000450123,0.000157622,-8.05581e-05,0.000836357,0.000311248,-0.000365693,-0.000121659,0,0,0,0,0,0,0,-0.204456,26.7144,-24.7366,7.47104,0.825212,2.52523,0.071604,-0.183797,2.15026,-3.07346,1.90416,0.183728,0.92098,0.0512709
1728049,1,-2.75261,-1.32534,1.01106,-1.94698,1.10108,1.16771,2.20138,-2.75266,-1.32422,1.00895,-1.94565,1.10136,1.16858,2.20139,-0.000906344,0.000105081,-5.37053e-05,-9.20426e-05,0.000207498,0.000230922,-8.11062e-05,0,0,0,0,0,0,0,-0.152882,26.7144,-24.7366,7.49881,0.825212,2.51242,0.071604,-0.183562,2.14945,-3.07334,1.90466,0.183756,0.921031,0.0512781
1728050,1,-2.75261,-1.32534,1.01106,-1.94698,1.10108,1.16771,2.20138,-2.75266,-1.32422,1.00895,-1.94565,1.10136,1.16858,2.20139,0.00115901,-0.000486758,0.000613811,-0.000618174,-6.51183e-05,0.000391307,-0.000766148,0,0,0,0,0,0,0,-0.22826,26.7383,-24.7643,7.52262,0.830705,2.50601,0.09083,-0.18349,2.14923,-3.07391,1.90505,0.183783,0.921125,0.0513767
1728051,1,-2.75261,-1.32534,1.01106,-1.94698,1.10108,1.16771,2.20138,-2.75266,-1.32422,1.00895,-1.94565,1.10136,1.16858,2.20139,0.000215861,-0.000974119,-0.000240407,-0.000412116,-0.000246863,-0.000213846,-3.60472e-05,0,0,0,0,0,0,0,-0.204456,26.766,-24.7366,7.52262,0.836199,2.51882,0.0780126,-0.184524,2.15046,-3.07553,1.9051,0.183805,0.921311,0.0515588
1728052,1,-2.75261,-1.32534,1.01106,-1.94698,1.10108,1.16771,2.20138,-2.75266,-1.32422,1.00895,-1.94565,1.10136,1.16858,2.20139,-0.000505707,0.000557013,0.000489343,0.000282068,-0.000164575,-0.000142564,-0.000973467,0,0,0,0,0,0,0,-0.176685,26.7144,-24.7643,7.49881,0.836199,2.51882,0.103647,-0.185962,2.15233,-3.0776,1.90502,0.183824,0.92152,0.0518269
1728053,1,-2.75261,-1.32534,1.01105,-1.94699,1.10108,1.16771,2.20138,-2.75266,-1.32422,1.00895,-1.94565,1.10136,1.16858,2.20139,-0.000337138,0.000371342,-0.000880197,-0.00148239,0.000297184,0.000142316,0.000300458,0,0,0,0,0,0,0,-0.176685,26.7144,-24.7128,7.57022,0.825212,2.51242,0.0780126,-0.185531,2.15254,-3.0789,1.90603,0.183915,0.921659,0.0521883
1728054,1,-2.75261,-1.32534,1.01106,-1.94698,1.10108,1.16771,2.20138,-2.75266,-1.32422,1.00895,-1.94565,1.10136,1.16858,2.20139,-0.000781571,0.000247561,0.000619628,0.000125364,-0.000412229,-0.000379841,-0.000274413,0,0,0,0,0,0,0,-0.152882,26.7144,-24.7643,7.52262,0.841692,2.52523,0.09083,-0.182963,2.15077,-3.07926,1.90845,0.184098,0.92173,0.0526427
1728055,1,-2.75261,-1.32534,1.01105,-1.94698,1.10108,1.16771,2.20138,-2.75266,-1.32422,1.00895,-1.94565,1.10136,1.16858,2.20139,0.00124219,-0.000391771,-0.000793341,8.35757e-05,-0.000274819,-1.58681e-05,0.000291776,0,0,0,0,0,0,0,-0.22826,26.7383,-24.7128,7.52262,0.841692,2.51882,0.0780126,-0.180895,2.14917,-3.07948,1.91054,0.184256,0.921792,0.0531708
1728056,1,-2.75261,-1.32534,1.01105,-1.94698,1.10108,1.16771,2.20139,-2.75266,-1.32422,1.00895,-1.94565,1.10136,1.16858,2.20139,-0.000378299,0.000295631,2.79181e-05,0.000612529,0.000427139,-1.05787e-05,0.000194517,0,0,0,0,0,0,0,-0.176685,26.7144,-24.7366,7.49881,0.825212,2.51882,0.0780126,-0.181344,2.1488,-3.07955,1.91095,0.184297,0.921852,0.0537495
1728057,1,-2.75261,-1.32534,1.01105,-1.94698,1.10108,1.16771,2.20138,-2.75266,-1.32422,1.00895,-1.94565,1.10136,1.16858,2.20139,-0.000252199,-0.000359724,1.86121e-05,0.00105797,8.13087e-05,-7.05247e-06,-0.000107681,0,0,0,0,0,0,0,-0.176685,26.7383,-24.7366,7.47104,0.830705,2.51882,0.0844213,-0.182911,2.14917,-3.07965,1.91031,0.184265,0.921899,0.0543608
1728058,1,-2.75261,-1.32534,1.01105,-1.94698,1.10108,1.16771,2.20139,-2.75266,-1.32422,1.00895,-1.94565,1.10136,1.16858,2.20139,0.00103829,-0.000239816,-0.000544404,0.000705311,0.000257656,-4.70165e-06,0.00233571,0,0,0,0,0,0,0,-0.22826,26.7383,-24.7128,7.47104,0.825212,2.51882,0.0194189,-0.185386,2.15039,-3.08005,1.90873,0.184168,0.921947,0.0549865
1728059,1,-2.75261,-1.32534,1.01105,-1.94698,1.10108,1.16771,2.20139,-2.75266,-1.32422,1.00895,-1.94565,1.10136,1.16858,2.20139,-0.00051423,0.000396934,-0.000362936,-0.000179407,-3.16796e-05,0.000234225,0.000336437,0,0,0,0,0,0,0,-0.176685,26.7144,-24.7128,7.49881,0.830705,2.51242,0.0523779,-0.188547,2.15172,-3.08007,1.90677,0.184045,0.92199,0.0555927
1728060,1,-2.75261,-1.32534,1.01106,-1.94698,1.10108,1.16771,2.20139,-2.75266,-1.32422,1.00895,-1.94565,1.10136,1.16858,2.20139,-0.000899632,0.000264623,0.000964469,0.00053001,-0.00022457,-8.12093e-05,0.000970277,0,0,0,0,0,0,0,-0.152882,26.7144,-24.7643,7.47104,0.836199,2.51882,0.0322363,-0.189681,2.15195,-3.08014,1.90609,0.184009,0.92204,0.05613
1728061,1,-2.75261,-1.32534,1.01106,-1.94698,1.10108,1.16771,2.20139,-2.75266,-1.32422,1.00895,-1.94565,1.10136,1.16858,2.20139,0.000606671,0.000176415,0.000642979,-0.000853086,5.3737e-05,-5.41395e-05,-0.000336493,0,0,0,0,0,0,0,-0.204456,26.7144,-24.7643,7.52262,0.830705,2.51882,0.0587866,-0.188687,2.15174,-3.08141,1.90674,0.184071,0.92217,0.0565663
1728062,1,-2.75261,-1.32534,1.01106,-1.94698,1.10108,1.16771,2.20139,-2.75266,-1.32422,1.00895,-1.94565,1.10136,1.16858,2.20139,0.000404447,-0.000439202,0.000428653,-0.000568724,-0.000167626,0.000201266,0.000521657,0,0,0,0,0,0,0,-0.204456,26.7383,-24.7643,7.52262,0.836199,2.51242,0.038645,-0.1878,2.15212,-3.08373,1.90776,0.184169,0.92241,0.0568937
1728063,1,-2.75261,-1.32534,1.01106,-1.94698,1.10108,1.16771,2.20139,-2.75266,-1.32422,1.00895,-1.94565,1.10136,1.16858,2.20139,-0.000379982,0.000264011,-0.000363845,0.00138409,0.00029515,-0.000103182,0.000822489,0,0,0,0,0,0,0,-0.176685,26.7144,-24.7366,7.44724,0.825212,2.51882,0.0258276,-0.187786,2.15297,-3.08595,1.90834,0.184245,0.922652,0.0571174
1728064,1,-2.75261,-1.32534,1.01106,-1.94698,1.10108,1.16771,2.20139,-2.75266,-1.32422,1.00895,-1.94565,1.10136,1.16858,2.20139,0.000953104,-0.000380805,-0.000242564,0.000365914,0.000196767,0.000168571,7.36081e-05,0,0,0,0,0,0,0,-0.22826,26.7383,-24.7366,7.47104,0.825212,2.51242,0.038645,-0.188982,2.15394,-3.0872,1.90778,0.184234,0.922798,0.0572361
1728065,1,-2.75261,-1.32534,1.01106,-1.94698,1.10108,1.16771,2.20139,-2.75266,-1.32422,1.00895,-1.94565,1.10136,1.16858,2.20139,0.000635403,0.000952556,0.000487905,-0.000962483,-0.000479174,-0.000124978,0.000761149,0,0,0,0,0,0,0,-0.22826,26.6867,-24.7643,7.52262,0.841692,2.51882,0.0194189,-0.191157,2.15472,-3.08774,1.90671,0.184174,0.922911,0.0572473
1728066,1,-2.75261,-1.32534,1.01106,-1.94698,1.10108,1.16772,2.20139,-2.75266,-1.32422,1.00895,-1.94565,1.10136,1.16858,2.20139,-0.000782824,-0.000571389,-0.000324344,-0.000641656,0.000290903,0.000391399,-0.000950629,0,0,0,0,0,0,0,-0.176685,26.7383,-24.7366,7.52262,0.825212,2.50601,0.0587866,-0.1921,2.15452,-3.08814,1.90683,0.184202,0.923037,0.0571582
1728067,1,-2.75261,-1.32534,1.01106,-1.94698,1.10108,1.16771,2.20138,-2.75266,-1.32422,1.00895,-1.94565,1.10136,1.16858,2.20139,0.000127731,-0.00103054,-0.000216229,-0.00042777,0.000193935,2.35738e-05,-0.000871112,0,0,0,0,0,0,0,-0.204456,26.766,-24.7366,7.52262,0.825212,2.51242,0.0651953,-0.191289,2.15404,-3.08875,1.90806,0.184332,0.923144,0.0569811
1728068,1,-2.75261,-1.32534,1.01106,-1.94698,1.10108,1.16771,2.20139,-2.75266,-1.32422,1.00895,-1.94565,1.10136,1.16858,2.20139,-0.00056446,-3.74125e-05,0.00106227,0.000921246,-7.41605e-05,-0.000221643,0.000402603,0,0,0,0,0,0,0,-0.176685,26.7383,-24.7881,7.47104,0.830705,2.51882,0.038645,-0.190376,2.15463,-3.09018,1.90904,0.184454,0.923249,0.0567551
1728069,1,-2.75261,-1.32534,1.01105,-1.94698,1.10108,1.16771,2.20139,-2.75266,-1.32422,1.00895,-1.94565,1.10136,1.16858,2.20139,-0.000376306,0.00118148,-0.000498244,-0.000592262,0.00015401,8.95969e-05,0.000268402,0,0,0,0,0,0,0,-0.176685,26.6867,-24.7366,7.52262,0.825212,2.51242,0.038645,-0.189042,2.15492,-3.09182,1.90997,0.184541,0.92333,0.0565208
1728070,1,-2.75261,-1.32534,1.01106,-1.94698,1.10108,1.16771,2.20139,-2.75266,-1.32422,1.00895,-1.94565,1.10136,1.16858,2.20139,-0.000807683,0.000138042,-0.000332163,0.000161971,0.000306124,-0.000177628,-0.000329692,0,0,0,0,0,0,0,-0.152882,26.7144,-24.7366,7.49881,0.819719,2.51882,0.0523779,-0.186281,2.1531,-3.09212,1.91171,0.184648,0.923313,0.0562829
1728071,1,-2.75261,-1.32534,1.01106,-1.94698,1.10108,1.16771,2.20139,-2.75266,-1.32422,1.00895,-1.94565,1.10136,1.16858,2.20139,-0.000538455,-0.000464784,0.000428172,0.00131441,6.32127e-07,0.000593658,-0.000457153,0,0,0,0,0,0,0,-0.152882,26.7383,-24.7643,7.44724,0.825212,2.4996,0.0587866,-0.183358,2.1509,-3.09187,1.91329,0.184721,0.923233,0.0560333
1728072,1,-2.75261,-1.32534,1.01106,-1.94698,1.10108,1.16771,2.20139,-2.75266,-1.32422,1.00895,-1.94565,1.10136,1.16858,2.20139,0.000847456,0.000246956,0.000285448,0.000319459,-0.00040648,-7.89456e-05,0.000169949,0,0,0,0,0,0,0,-0.204456,26.7144,-24.7643,7.47104,0.836199,2.51242,0.0459692,-0.182411,2.15049,-3.09244,1.9133,0.184669,0.923179,0.0557812
1728073,1,-2.75261,-1.32534,1.01106,-1.94699,1.10108,1.16771,2.20139,-2.75266,-1.32422,1.00895,-1.94565,1.10136,1.16858,2.20139,-8.46435e-05,0.000164637,0.000190299,-0.00155027,-6.75359e-05,-5.26304e-05,-0.000361419,0,0,0,0,0,0,0,-0.176685,26.7144,-24.7643,7.54642,0.830705,2.51242,0.0587866,-0.182924,2.15089,-3.09344,1.91276,0.184571,0.923185,0.0555445
1728074,1,-2.75261,-1.32534,1.01106,-1.94698,1.10108,1.16771,2.20138,-2.75266,-1.32422,1.00895,-1.94565,1.10136,1.16858,2.20139,0.000593185,0.000109758,-0.000522748,8.01137e-05,-4.50239e-05,0.000202272,-0.000478305,0,0,0,0,0,0,0,-0.204456,26.7144,-24.7366,7.49881,0.830705,2.50601,0.0651953,-0.1833,2.15069,-3.09407,1.91296,0.184532,0.923211,0.055331
1728075,1,-2.75261,-1.32534,1.01106,-1.94698,1.10108,1.16771,2.20139,-2.75266,-1.32422,1.00895,-1.94565,1.10136,1.16858,2.20139,-0.000254157,-0.00113325,-0.000348499,-0.000503403,-0.000436917,0.000134848,-8.15108e-05,0,0,0,0,0,0,0,-0.176685,26.766,-24.7366,7.52262,0.841692,2.50601,0.0587866,-0.183927,2.15055,-3.09424,1.91319,0.184516,0.923204,0.0551453
1728076,1,-2.75261,-1.32534,1.01105,-1.94698,1.10108,1.16771,2.20138,-2.75266,-1.32422,1.00895,-1.94565,1.10136,1.16858,2.20139,-0.00072625,0.000450923,-0.00134596,-0.000335602,0.000319074,-0.000384819,-0.000291699,0,0,0,0,0,0,0,-0.152882,26.7144,-24.689,7.52262,0.825212,2.51882,0.0651953,-0.184151,2.15033,-3.09384,1.91354,0.184535,0.92312,0.0549981
1728077,1,-2.75261,-1.32534,1.01106,-1.94698,1.10108,1.16771,2.20139,-2.75266,-1.32422,1.00895,-1.94565,1.10136,1.16858,2.20139,0.000722259,-0.000256196,0.00021632,0.000333077,9.26519e-06,-1.91872e-05,4.28926e-05,0,0,0,0,0,0,0,-0.204456,26.7383,-24.7366,7.49881,0.830705,2.51242,0.0587866,-0.183782,2.14946,-3.09275,1.91414,0.184576,0.922969,0.0548964
1728078,1,-2.75261,-1.32534,1.01106,-1.94698,1.10108,1.16771,2.20138,-2.75266,-1.32422,1.00895,-1.94565,1.10136,1.16858,2.20139,-0.00072492,-0.000170798,-0.000412599,0.000871666,-0.000197274,0.000461926,-0.0011582,0,0,0,0,0,0,0,-0.152882,26.7383,-24.7128,7.47104,0.836199,2.4996,0.09083,-0.184247,2.14914,-3.09192,1.91394,0.184552,0.922822,0.0548377
1728079,1,-2.75261,-1.32534,1.01105,-1.94698,1.10108,1.16771,2.20138,-2.75266,-1.32422,1.00895,-1.94565,1.10136,1.16858,2.20139,7.35321e-05,-0.000763479,0.000281746,0.00113792,0.000275385,-0.000166767,-0.000534774,0,0,0,0,0,0,0,-0.176685,26.766,-24.7366,7.44724,0.825212,2.51242,0.0844213,-0.185553,2.15017,-3.09203,1.91269,0.184456,0.922696,0.0548276
1728080,1,-2.75261,-1.32534,1.01106,-1.94698,1.10108,1.16771,2.20138,-2.75266,-1.32422,1.00895,-1.94565,1.10136,1.16858,2.20139,0.000698635,0.00069744,0.000187831,-0.00100462,-1.98604e-05,-0.000348537,0.000355561,0,0,0,0,0,0,0,-0.204456,26.7144,-24.7366,7.52262,0.830705,2.51882,0.0651953,-0.187295,2.15191,-3.09289,1.91108,0.184337,0.92262,0.0548915
1728081,1,-2.75261,-1.32534,1.01106,-1.94698,1.10108,1.16771,2.20139,-2.75266,-1.32422,1.00895,-1.94565,1.10136,1.16858,2.20139,-0.000183857,-9.1852e-05,-0.000431591,-0.000112937,-0.000420141,5.00101e-06,0.000949117,0,0,0,0,0,0,0,-0.176685,26.7383,-24.7128,7.49881,0.841692,2.51242,0.0459692,-0.188564,2.15293,-3.09366,1.91027,0.184275,0.922593,0.0550385
1728082,1,-2.75261,-1.32534,1.01106,-1.94698,1.10108,1.16771,2.20138,-2.75266,-1.32422,1.00895,-1.94565,1.10136,1.16858,2.20139,0.000527043,0.000495577,0.000269084,-7.52911e-05,0.000330257,0.000240693,-0.00102877,0,0,0,0,0,0,0,-0.204456,26.7144,-24.7366,7.49881,0.825212,2.50601,0.09083,-0.188998,2.15291,-3.09389,1.91028,0.184275,0.922566,0.0552377
1728083,1,-2.75261,-1.32534,1.01106,-1.94698,1.10108,1.16771,2.20139,-2.75266,-1.32422,1.00895,-1.94565,1.10136,1.16858,2.20139,-0.000855064,0.000330385,0.000829003,-5.01941e-05,1.67211e-05,-7.6897e-05,0.00050095,0,0,0,0,0,0,0,-0.152882,26.7144,-24.7643,7.49881,0.830705,2.51242,0.0587866,-0.188632,2.15255,-3.09439,1.91072,0.184306,0.922555,0.0554644
1728084,1,-2.75261,-1.32534,1.01105,-1.94698,1.10108,1.16771,2.20138,-2.75266,-1.32422,1.00895,-1.94565,1.10136,1.16858,2.20139,-1.32308e-05,-0.000336555,-0.00121057,-0.000590275,0.000214598,-5.12647e-05,9.66074e-05,0,0,0,0,0,0,0,-0.176685,26.7383,-24.689,7.52262,0.825212,2.51242,0.0651953,-0.187039,2.15181,-3.09507,1.91182,0.18439,0.922539,0.0557178
1728085,1,-2.75261,-1.32534,1.01106,-1.94698,1.10108,1.16772,2.20138,-2.75266,-1.32422,1.00895,-1.94565,1.10136,1.16858,2.20139,0.00119761,-0.00022437,0.000956192,0.000163295,-0.000467286,-3.41764e-05,-0.000885031,0,0,0,0,0,0,0,-0.22826,26.7383,-24.7643,7.49881,0.841692,2.51242,0.09083,-0.186094,2.15153,-3.09553,1.91261,0.184464,0.922515,0.0559856
1728086,1,-2.75261,-1.32534,1.01106,-1.94698,1.10108,1.16771,2.20138,-2.75266,-1.32422,1.00895,-1.94565,1.10136,1.16858,2.20139,-0.000408022,0.000407232,-1.21527e-05,-0.000447948,0.000943087,-0.000497502,0.000122056,0,0,0,0,0,0,0,-0.176685,26.7144,-24.7366,7.52262,0.807817,2.52523,0.071604,-0.186683,2.15225,-3.09637,1.91262,0.184477,0.922544,0.0562664
1728087,1,-2.75261,-1.32534,1.01106,-1.94698,1.10108,1.16771,2.20138,-2.75266,-1.32422,1.00895,-1.94565,1.10136,1.16858,2.20139,-0.000272015,-0.000285324,-0.000564914,0.000907794,-0.000422436,-0.000331668,-0.000630706,0,0,0,0,0,0,0,-0.176685,26.7383,-24.7128,7.47104,0.836199,2.52523,0.09083,-0.187039,2.15279,-3.09712,1.91262,0.184472,0.922566,0.0565757
1728088,1,-2.75261,-1.32534,1.01106,-1.94698,1.10108,1.16771,2.20138,-2.75266,-1.32422,1.00895,-1.94565,1.10136,1.16858,2.20139,0.000468271,0.00101621,-0.000376609,0.00116201,-0.000281624,-0.000458471,5.42472e-05,0,0,0,0,0,0,0,-0.204456,26.6867,-24.7128,7.44724,0.836199,2.53164,0.0780126,-0.187476,2.15269,-3.09676,1.91216,0.184412,0.922509,0.0569176
1728089,1,-2.75261,-1.32534,1.01106,-1.94698,1.10108,1.16771,2.20138,-2.75266,-1.32422,1.00895,-1.94565,1.10136,1.16858,2.20139,0.00031218,2.78593e-05,-0.000251073,-0.000988566,1.57011e-05,0.000169071,-0.000438553,0,0,0,0,0,0,0,-0.204456,26.7144,-24.7128,7.52262,0.830705,2.51882,0.09083,-0.188535,2.15205,-3.09548,1.91127,0.184305,0.922437,0.0572962
1728090,1,-2.75261,-1.32534,1.01106,-1.94698,1.10108,1.16771,2.20138,-2.75266,-1.32422,1.00895,-1.94565,1.10136,1.16858,2.20139,-0.000441494,-0.00118785,0.00038943,-0.000102232,0.000213918,0.000350073,-5.50098e-05,0,0,0,0,0,0,0,-0.176685,26.766,-24.7366,7.49881,0.825212,2.51242,0.0844213,-0.189121,2.15171,-3.09476,1.91093,0.184263,0.922451,0.0577143
1728091,1,-2.75261,-1.32534,1.01105,-1.94698,1.10108,1.16771,2.20138,-2.75266,-1.32422,1.00895,-1.94565,1.10136,1.16858,2.20139,0.000912097,-0.000142288,-0.000297192,-0.000624967,0.000142612,0.000233382,-0.000274032,0,0,0,0,0,0,0,-0.22826,26.7383,-24.7128,7.52262,0.825212,2.51242,0.09083,-0.18949,2.15269,-3.09534,1.91088,0.184277,0.92257,0.05817
1728092,1,-2.75261,-1.32534,1.01105,-1.94698,1.10108,1.16771,2.20138,-2.75266,-1.32422,1.00895,-1.94565,1.10136,1.16858,2.20139,-0.000598361,-9.48587e-05,-0.00075494,-0.000416644,9.50746e-05,0.000155588,0.00029203,0,0,0,0,0,0,0,-0.176685,26.7383,-24.689,7.52262,0.825212,2.51242,0.0780126,-0.189841,2.1537,-3.09577,1.91103,0.184306,0.922699,0.0586633
1728093,1,-2.75261,-1.32534,1.01106,-1.94698,1.10108,1.16771,2.20138,-2.75266,-1.32422,1.00895,-1.94565,1.10136,1.16858,2.20139,0.000250706,0.000493573,0.000610331,-0.000277763,-0.000343518,-0.000133634,-4.26724e-05,0,0,0,0,0,0,0,-0.204456,26.7144,-24.7366,7.52262,0.836199,2.51882,0.0844213,-0.189249,2.1536,-3.09554,1.91186,0.184364,0.922789,0.0591907
1728094,1,-2.75261,-1.32534,1.01105,-1.94698,1.10108,1.16771,2.20139,-2.75266,-1.32422,1.00895,-1.94565,1.10136,1.16858,2.20139,0.000167138,0.000329049,-0.00135635,0.00102125,-2.55614e-05,0.000385629,-2.84483e-05,0,0,0,0,0,0,0,-0.204456,26.7144,-24.6612,7.47104,0.830705,2.50601,0.0844213,-0.18854,2.15278,-3.09479,1.91265,0.18439,0.922835,0.0597387
1728095,1,-2.75261,-1.32534,1.01106,-1.94698,1.10108,1.16772,2.20138,-2.75266,-1.32422,1.00895,-1.94565,1.10136,1.16858,2.20139,0.000111425,0.000219366,0.000859004,-0.000525592,-1.7041e-05,1.97269e-05,-1.89655e-05,0,0,0,0,0,0,0,-0.204456,26.7144,-24.7366,7.52262,0.830705,2.51242,0.0844213,-0.188577,2.15181,-3.09354,1.91282,0.184353,0.922835,0.0602961
1728096,1,-2.75261,-1.32534,1.01105,-1.94698,1.10108,1.16771,2.20138,-2.75266,-1.32422,1.00895,-1.94565,1.10136,1.16858,2.20139,7.42834e-05,-0.00106018,0.000572669,0.000856031,-1.13606e-05,1.31513e-05,-0.000250003,0,0,0,0,0,0,0,-0.204456,26.766,-24.7366,7.47104,0.830705,2.51242,0.09083,-0.18912,2.15207,-3.09353,1.91257,0.184295,0.922895,0.0608597
1728097,1,-2.75261,-1.32534,1.01105,-1.94698,1.10108,1.16771,2.20139,-2.75266,-1.32422,1.00895,-1.94565,1.10136,1.16858,2.20139,-0.0011569,0.000499638,0.00038178,-7.89265e-05,-7.57376e-06,8.7675e-06,0.00102013,0,0,0,0,0,0,0,-0.152882,26.7144,-24.7366,7.49881,0.830705,2.51242,0.0587866,-0.189365,2.15367,-3.09521,1.91224,0.184251,0.92302,0.0614288
1728098,1,-2.75261,-1.32534,1.01105,-1.94698,1.10108,1.16771,2.20138,-2.75266,-1.32422,1.00895,-1.94565,1.10136,1.16858,2.20139,-0.000771269,-0.00022372,-0.000302292,-0.00060943,-5.04917e-06,-0.000231514,-0.000744069,0,0,0,0,0,0,0,-0.152882,26.7383,-24.7128,7.52262,0.830705,2.51882,0.0972387,-0.187526,2.15432,-3.09684,1.91306,0.184302,0.923104,0.0619965
1728099,1,-2.75261,-1.32534,1.01106,-1.94698,1.10108,1.16771,2.20138,-2.75266,-1.32422,1.00895,-1.94565,1.10136,1.16858,2.20139,0.000692246,0.00105728,-0.000201528,0.000800139,0.000200084,-0.000391702,0.000216031,0,0,0,0,0,0,0,-0.204456,26.6867,-24.7128,7.47104,0.825212,2.52523,0.0780126,-0.184827,2.15351,-3.09729,1.91455,0.184395,0.923121,0.0625488
1728100,1,-2.75261,-1.32534,1.01106,-1.94698,1.10108,1.16771,2.20138,-2.75266,-1.32422,1.00895,-1.94565,1.10136,1.16858,2.20139,0.000461498,-0.000501573,0.00042246,-0.000673,-0.000273511,-0.000261134,-9.33386e-05,0,0,0,0,0,0,0,-0.204456,26.7383,-24.7366,7.52262,0.836199,2.52523,0.0844213,-0.183994,2.15269,-3.09697,1.91517,0.184409,0.923142,0.0630849
1728101,1,-2.75261,-1.32534,1.01106,-1.94698,1.10108,1.16771,2.20138,-2.75266,-1.32422,1.00895,-1.94565,1.10136,1.16858,2.20139,-0.000341949,0.00022243,0.000931254,0.00075776,-0.000182341,0.000300628,0.000175133,0,0,0,0,0,0,0,-0.176685,26.7144,-24.7643,7.47104,0.836199,2.51242,0.0780126,-0.184549,2.15298,-3.09737,1.91506,0.184376,0.923244,0.0636085
1728102,1,-2.75261,-1.32534,1.01105,-1.94698,1.10108,1.16772,2.20138,-2.75266,-1.32422,1.00895,-1.94565,1.10136,1.16858,2.20139,0.000421648,-0.00161495,-0.0011424,0.000505173,0.000488791,0.000200419,-0.00083268,0,0,0,0,0,0,0,-0.204456,26.7898,-24.689,7.47104,0.819719,2.51242,0.103647,-0.185967,2.15461,-3.09845,1.91416,0.184312,0.923376,0.0641139
1728103,1,-2.75261,-1.32534,1.01106,-1.94698,1.10108,1.16771,2.20138,-2.75266,-1.32422,1.00895,-1.94565,1.10136,1.16858,2.20139,0.000837911,0.00133622,0.000352023,-0.000312832,-8.10404e-05,-0.000103746,0.000156957,0,0,0,0,0,0,0,-0.22826,26.6867,-24.7366,7.49881,0.830705,2.51882,0.0844213,-0.188607,2.15661,-3.09881,1.91246,0.184202,0.923466,0.0646084
1728104,1,-2.75261,-1.32534,1.01106,-1.94698,1.10108,1.16772,2.20138,-2.75266,-1.32422,1.00895,-1.94565,1.10136,1.16858,2.20139,0.000558607,0.000241198,0.000234682,-0.000208555,0.000149424,0.000168195,-0.000132721,0,0,0,0,0,0,0,-0.22826,26.7144,-24.7366,7.49881,0.825212,2.51242,0.09083,-0.191337,2.15744,-3.09832,1.9111,0.184096,0.923547,0.0651133
1728105,1,-2.75261,-1.32534,1.01106,-1.94698,1.10108,1.16771,2.20138,-2.75266,-1.32422,1.00895,-1.94565,1.10136,1.16858,2.20139,-0.000834021,0.000810412,-0.000400357,-0.000695848,-0.000103835,0.000349489,-8.84808e-05,0,0,0,0,0,0,0,-0.176685,26.6867,-24.7128,7.52262,0.830705,2.50601,0.09083,-0.192299,2.15653,-3.09735,1.91108,0.184065,0.923609,0.0656348
1728106,1,-2.75261,-1.32534,1.01106,-1.94698,1.10108,1.16771,2.20139,-2.75266,-1.32422,1.00895,-1.94565,1.10136,1.16858,2.20139,-0.000556014,0.000540275,0.000289907,0.000742527,-6.92232e-05,-0.000241725,0.00160253,0,0,0,0,0,0,0,-0.176685,26.6867,-24.7366,7.47104,0.830705,2.51882,0.0459692,-0.1907,2.15403,-3.09599,1.91244,0.184131,0.923599,0.0661678
1728107,1,-2.75261,-1.32534,1.01106,-1.94698,1.10108,1.16771,2.20138,-2.75266,-1.32422,1.00895,-1.94565,1.10136,1.16858,2.20139,-0.000370676,-0.000289431,0.000193271,-0.000154596,-0.000249599,-0.00016115,-0.000118444,0,0,0,0,0,0,0,-0.176685,26.7144,-24.7366,7.49881,0.836199,2.51882,0.0780126,-0.188022,2.15147,-3.09506,1.91408,0.184221,0.923561,0.0666896
1728108,1,-2.75261,-1.32534,1.01106,-1.94699,1.10108,1.16771,2.20138,-2.75266,-1.32422,1.00895,-1.94565,1.10136,1.16858,2.20139,-0.000803929,0.00101347,0.000778461,-0.0017735,0.000443952,-0.000107434,0.000395755,0,0,0,0,0,0,0,-0.152882,26.6629,-24.7643,7.57022,0.819719,2.51882,0.0651953,-0.18459,2.14932,-3.09514,1.91621,0.184362,0.923575,0.0671676
1728109,1,-2.75261,-1.32534,1.01106,-1.94698,1.10108,1.16771,2.20138,-2.75266,-1.32422,1.00895,-1.94565,1.10136,1.16858,2.20139,2.08591e-05,-0.00108759,0.000518974,-6.87093e-05,9.25175e-05,0.000403096,-0.000922958,0,0,0,0,0,0,0,-0.176685,26.7383,-24.7643,7.52262,0.825212,2.50601,0.0972387,-0.180383,2.1475,-3.09624,1.91913,0.18457,0.923672,0.0675894
1728110,1,-2.75261,-1.32534,1.01106,-1.94699,1.10108,1.16771,2.20139,-2.75266,-1.32422,1.00895,-1.94565,1.10136,1.16858,2.20139,-0.000542906,0.000481366,-0.000860443,-0.00115943,-0.000141772,0.00026873,0.00033413,0,0,0,0,0,0,0,-0.152882,26.6867,-24.7128,7.57022,0.830705,2.50601,0.071604,-0.176994,2.1465,-3.09757,1.92167,0.184755,0.923778,0.0679607
1728111,1,-2.75261,-1.32534,1.01106,-1.94698,1.10108,1.16771,2.20139,-2.75266,-1.32422,1.00895,-1.94565,1.10136,1.16858,2.20139,-0.000361937,-0.000885515,-1.68167e-05,0.0015471,-9.45148e-05,-0.000295564,0.000460113,0,0,0,0,0,0,0,-0.152882,26.7383,-24.7366,7.47104,0.830705,2.51882,0.0651953,-0.175,2.14596,-3.09804,1.92317,0.184856,0.923794,0.0682983
1728112,1,-2.75261,-1.32534,1.01105,-1.94698,1.10108,1.16771,2.20138,-2.75266,-1.32422,1.00895,-1.94565,1.10136,1.16858,2.20139,0.00031552,-3.35315e-05,-0.000568023,0.00158821,0.000140441,0.000277675,-0.000405335,0,0,0,0,0,0,0,-0.176685,26.7144,-24.7128,7.44724,0.825212,2.50601,0.0844213,-0.175626,2.14665,-3.09796,1.92244,0.184777,0.92372,0.068602
1728113,1,-2.75261,-1.32534,1.01105,-1.94698,1.10108,1.16771,2.20138,-2.75266,-1.32422,1.00895,-1.94565,1.10136,1.16858,2.20139,0.000859961,-0.000579166,-0.000378682,-0.00014762,-0.000313274,-0.00052696,-3.28645e-05,0,0,0,0,0,0,0,-0.204456,26.7383,-24.7128,7.49881,0.836199,2.52523,0.0780126,-0.179337,2.14872,-3.09756,1.9195,0.184524,0.923616,0.0688683
1728114,1,-2.75261,-1.32534,1.01105,-1.94698,1.10108,1.16771,2.20139,-2.75266,-1.32422,1.00895,-1.94565,1.10136,1.16858,2.20139,0.000573307,0.000820315,0.000304357,-9.8413e-05,-5.39877e-06,0.000123411,0.000690167,0,0,0,0,0,0,0,-0.204456,26.6867,-24.7366,7.49881,0.830705,2.51242,0.0587866,-0.1841,2.15075,-3.09691,1.91633,0.184249,0.923551,0.0691139
1728115,1,-2.75261,-1.32534,1.01106,-1.94698,1.10108,1.16771,2.20139,-2.75266,-1.32422,1.00895,-1.94565,1.10136,1.16858,2.20139,-0.000824221,0.000546877,0.000202905,0.000584005,-3.59918e-06,0.000319633,0.00144346,0,0,0,0,0,0,0,-0.152882,26.6867,-24.7366,7.47104,0.830705,2.50601,0.0322363,-0.1874,2.15151,-3.09634,1.91432,0.184052,0.923522,0.0693436
1728116,1,-2.75261,-1.32534,1.01106,-1.94698,1.10108,1.16771,2.20138,-2.75266,-1.32422,1.00895,-1.94565,1.10136,1.16858,2.20139,-0.000549481,-0.000841841,0.000784884,0.000389337,-0.00020585,-2.42703e-05,-0.000495758,0,0,0,0,0,0,0,-0.152882,26.7383,-24.7643,7.47104,0.836199,2.51242,0.071604,-0.188321,2.15156,-3.09654,1.91346,0.183949,0.923503,0.0695273
1728117,1,-2.75261,-1.32534,1.01105,-1.94698,1.10108,1.16771,2.20139,-2.75266,-1.32422,1.00895,-1.94565,1.10136,1.16858,2.20139,-0.00036632,-0.000561228,-0.000126358,-0.000946868,6.62172e-05,0.000221179,-9.31466e-05,0,0,0,0,0,0,0,-0.152882,26.7383,-24.7366,7.52262,0.830705,2.50601,0.0651953,-0.187729,2.15225,-3.098,1.91333,0.183941,0.923528,0.0696364
1728118,1,-2.75261,-1.32534,1.01106,-1.94698,1.10108,1.16772,2.20139,-2.75266,-1.32422,1.00895,-1.94565,1.10136,1.16858,2.20139,0.000312598,-0.00158058,-8.42387e-05,0.000575181,4.41448e-05,0.00062217,0.00041262,0,0,0,0,0,0,0,-0.176685,26.7898,-24.7366,7.47104,0.830705,2.49319,0.0523779,-0.187197,2.1539,-3.09998,1.91329,0.183986,0.923575,0.0696775
1728119,1,-2.75261,-1.32534,1.01105,-1.94698,1.10108,1.16772,2.20139,-2.75266,-1.32422,1.00895,-1.94565,1.10136,1.16858,2.20139,-0.000348413,-0.000496906,-5.61591e-05,-0.00026616,-0.000174021,0.000177421,0.00125842,0,0,0,0,0,0,0,-0.152882,26.766,-24.7366,7.49881,0.836199,2.4996,0.0258276,-0.187697,2.15648,-3.10187,1.91262,0.184015,0.923592,0.0696633
1728120,1,-2.75261,-1.32534,1.01105,-1.94698,1.10108,1.16772,2.20139,-2.75266,-1.32422,1.00895,-1.94565,1.10136,1.16858,2.20139,0.000324537,0.000875155,-3.74394e-05,0.00102899,-0.000116014,-0.000119078,-0.000144395,0,0,0,0,0,0,0,-0.176685,26.7144,-24.7366,7.44724,0.836199,2.50601,0.0523779,-0.188458,2.15846,-3.103,1.91172,0.18402,0.923535,0.0695868
1728121,1,-2.75261,-1.32534,1.01105,-1.94698,1.10108,1.16771,2.20139,-2.75266,-1.32422,1.00895,-1.94565,1.10136,1.16858,2.20139,0.000216358,2.66247e-05,-0.000581772,-0.00107725,0.000126108,-0.000554103,-0.000333622,0,0,0,0,0,0,0,-0.176685,26.7383,-24.7128,7.52262,0.830705,2.51882,0.0587866,-0.188858,2.15851,-3.10265,1.91118,0.184024,0.923389,0.0694353
1728122,1,-2.75261,-1.32534,1.01105,-1.94698,1.10108,1.16771,2.20139,-2.75266,-1.32422,1.00895,-1.94565,1.10136,1.16858,2.20139,0.000793852,1.77498e-05,-0.00094466,-0.000161353,0.000490973,-0.000132043,0.000998288,0,0,0,0,0,0,0,-0.204456,26.7383,-24.689,7.49881,0.819719,2.51242,0.0258276,-0.189197,2.1572,-3.10094,1.9111,0.184053,0.923192,0.0692167
1728123,1,-2.75261,-1.32534,1.01105,-1.94698,1.10108,1.16771,2.20139,-2.75266,-1.32422,1.00895,-1.94565,1.10136,1.16858,2.20139,-0.000120379,0.000568645,-7.29612e-05,-0.000107569,0.000123865,-0.000562747,-8.04596e-05,0,0,0,0,0,0,0,-0.176685,26.7144,-24.7128,7.49881,0.825212,2.52523,0.0459692,-0.189588,2.15529,-3.09846,1.91124,0.184091,0.922975,0.0689412
1728124,1,-2.75261,-1.32534,1.01105,-1.94698,1.10108,1.16771,2.20139,-2.75266,-1.32422,1.00895,-1.94565,1.10136,1.16858,2.20139,0.000569361,0.00158552,0.000508171,-7.17124e-05,8.25766e-05,9.95534e-05,0.000692345,0,0,0,0,0,0,0,-0.204456,26.6629,-24.7366,7.49881,0.825212,2.51242,0.0258276,-0.189385,2.15273,-3.09606,1.91171,0.184117,0.922785,0.0686068
1728125,1,-2.75261,-1.32534,1.01106,-1.94698,1.10108,1.16771,2.20139,-2.75266,-1.32422,1.00895,-1.94565,1.10136,1.16858,2.20139,0.000379574,0.000500203,0.000338781,-0.00060462,0.000258502,6.63689e-05,-0.000521781,0,0,0,0,0,0,0,-0.204456,26.6867,-24.7366,7.52262,0.819719,2.51242,0.0523779,-0.188509,2.14969,-3.0943,1.91266,0.184136,0.922668,0.0682113
1728126,1,-2.75261,-1.32534,1.01106,-1.94698,1.10108,1.16771,2.20139,-2.75266,-1.32422,1.00895,-1.94565,1.10136,1.16858,2.20139,0.000253049,-0.000316145,-0.000330958,0.000153732,-0.000438017,4.4246e-05,-0.000585213,0,0,0,0,0,0,0,-0.204456,26.7144,-24.7128,7.49881,0.836199,2.51242,0.0587866,-0.187836,2.14739,-3.09333,1.9135,0.184137,0.922615,0.067756
1728127,1,-2.75261,-1.32534,1.01105,-1.94698,1.10108,1.16771,2.20139,-2.75266,-1.32422,1.00895,-1.94565,1.10136,1.16858,2.20139,-0.00103773,0.00043885,-0.000220639,0.000102488,0.00011489,0.000266856,0.000355843,0,0,0,0,0,0,0,-0.152882,26.6867,-24.7128,7.49881,0.825212,2.50601,0.038645,-0.186996,2.14595,-3.09276,1.91416,0.184135,0.922553,0.0672626
1728128,1,-2.75261,-1.32534,1.01105,-1.94698,1.10108,1.16771,2.20139,-2.75266,-1.32422,1.00895,-1.94565,1.10136,1.16858,2.20139,-0.000691818,-0.000913859,-0.000147092,6.83252e-05,-0.000126857,-5.94548e-05,-3.40384e-05,0,0,0,0,0,0,0,-0.152882,26.7383,-24.7128,7.49881,0.830705,2.51242,0.0459692,-0.184965,2.14483,-3.09251,1.91509,0.184169,0.922451,0.0667574
1728129,1,-2.75261,-1.32534,1.01106,-1.94698,1.10108,1.16771,2.20139,-2.75266,-1.32422,1.00895,-1.94565,1.10136,1.16858,2.20139,9.56003e-05,-0.000609239,0.00045875,4.55502e-05,0.000118879,0.000197722,0.000960652,0,0,0,0,0,0,0,-0.176685,26.7383,-24.7366,7.49881,0.825212,2.50601,0.0194189,-0.182849,2.14501,-3.09326,1.9158,0.18421,0.922378,0.0662437
1728130,1,-2.75261,-1.32534,1.01106,-1.94698,1.10108,1.16771,2.20138,-2.75266,-1.32422,1.00895,-1.94565,1.10136,1.16858,2.20139,-0.00114269,0.000800266,-0.000250978,0.00123679,7.92526e-05,0.000369174,-0.00129235,0,0,0,0,0,0,0,-0.125111,26.6867,-24.7128,7.44724,0.825212,2.4996,0.071604,-0.18141,2.14607,-3.09456,1.91589,0.184205,0.922322,0.0657133
1728131,1,-2.75261,-1.32534,1.01105,-1.94698,1.10108,1.16771,2.20139,-2.75266,-1.32422,1.00895,-1.94565,1.10136,1.16858,2.20139,0.000444631,-0.000116103,-0.000167319,-0.000381897,-0.000150615,8.75699e-06,-0.000386846,0,0,0,0,0,0,0,-0.176685,26.7144,-24.7128,7.49881,0.830705,2.50601,0.0587866,-0.180059,2.14638,-3.09515,1.91577,0.18416,0.922212,0.0651695
1728132,1,-2.75261,-1.32534,1.01105,-1.94698,1.10108,1.16771,2.20138,-2.75266,-1.32422,1.00895,-1.94565,1.10136,1.16858,2.20139,-0.000260391,-0.000634214,-0.000111546,-0.000254598,-0.00010041,-0.000231521,-0.000495256,0,0,0,0,0,0,0,-0.152882,26.7383,-24.7128,7.49881,0.830705,2.51242,0.0651953,-0.179243,2.14652,-3.0953,1.91559,0.184109,0.922098,0.0646407
1728133,1,-2.75261,-1.32534,1.01105,-1.94698,1.10108,1.16771,2.20139,-2.75266,-1.32422,1.00895,-1.94565,1.10136,1.16858,2.20139,-0.000173594,0.000134003,-0.000631176,0.000479882,-6.69402e-05,8.30116e-05,0.000890532,0,0,0,0,0,0,0,-0.152882,26.7144,-24.689,7.47104,0.830705,2.50601,0.0322363,-0.179012,2.14703,-3.09536,1.91529,0.184064,0.921994,0.064154
1728134,1,-2.75261,-1.32534,1.01106,-1.94698,1.10108,1.16771,2.20139,-2.75266,-1.32422,1.00895,-1.94565,1.10136,1.16858,2.20139,-0.000115729,-0.000467477,0.00069284,0.000876733,0.000158824,5.53411e-05,-0.000864374,0,0,0,0,0,0,0,-0.152882,26.7383,-24.7366,7.44724,0.825212,2.50601,0.071604,-0.179289,2.14782,-3.09537,1.91451,0.183987,0.921876,0.0637092
1728135,1,-2.75261,-1.32534,1.01105,-1.94698,1.10108,1.16771,2.20139,-2.75266,-1.32422,1.00895,-1.94565,1.10136,1.16858,2.20139,0.00112927,-0.00151808,-9.49187e-05,-0.000621937,0.000105882,-0.000200465,-0.000576249,0,0,0,0,0,0,0,-0.204456,26.7898,-24.7128,7.49881,0.825212,2.51242,0.071604,-0.18105,2.15014,-3.0963,1.91275,0.183852,0.921826,0.0632954
1728136,1,-2.75261,-1.32534,1.01105,-1.94698,1.10108,1.16771,2.20139,-2.75266,-1.32422,1.00895,-1.94565,1.10136,1.16858,2.20139,0.000752849,0.000194374,-0.000620091,0.000234989,-0.000336313,0.000341075,0.000327911,0,0,0,0,0,0,0,-0.204456,26.7383,-24.689,7.47104,0.836199,2.4996,0.0523779,-0.184588,2.15368,-3.09751,1.91027,0.18368,0.921835,0.0629238
1728137,1,-2.75261,-1.32534,1.01105,-1.94698,1.10108,1.16771,2.20139,-2.75266,-1.32422,1.00895,-1.94565,1.10136,1.16858,2.20139,-0.000147715,0.000686395,-0.000413394,0.000156659,-0.000224208,-0.000247335,-1.87518e-05,0,0,0,0,0,0,0,-0.176685,26.7144,-24.689,7.47104,0.836199,2.51242,0.0587866,-0.187977,2.15577,-3.09724,1.90813,0.183521,0.921776,0.06261
1728138,1,-2.75261,-1.32534,1.01106,-1.94698,1.10108,1.16771,2.20138,-2.75266,-1.32422,1.00895,-1.94565,1.10136,1.16858,2.20139,-9.84766e-05,0.000457597,0.000838028,-0.000545174,0.000257429,7.24691e-05,-0.00024986,0,0,0,0,0,0,0,-0.176685,26.7144,-24.7366,7.49881,0.825212,2.50601,0.0651953,-0.18908,2.15554,-3.09607,1.90737,0.183447,0.921654,0.0623498
1728139,1,-2.75261,-1.32534,1.01105,-1.94698,1.10108,1.16771,2.20138,-2.75266,-1.32422,1.00895,-1.94565,1.10136,1.16858,2.20139,0.000583963,0.000305064,-0.000554939,0.000842976,-3.18314e-05,0.000285672,-0.000403932,0,0,0,0,0,0,0,-0.204456,26.7144,-24.689,7.44724,0.830705,2.4996,0.071604,-0.188745,2.1544,-3.09509,1.90745,0.18343,0.921539,0.0621332
1728140,1,-2.75261,-1.32534,1.01105,-1.94698,1.10108,1.16772,2.20139,-2.75266,-1.32422,1.00895,-1.94565,1.10136,1.16858,2.20139,0.000389309,0.000203376,-0.00101957,-0.000644442,-0.000224671,0.000190448,0.00020543,0,0,0,0,0,0,0,-0.204456,26.7144,-24.6612,7.49881,0.836199,2.4996,0.0587866,-0.18879,2.15298,-3.09343,1.90727,0.183401,0.921374,0.0619567
1728141,1,-2.75261,-1.32534,1.01105,-1.94698,1.10108,1.16771,2.20139,-2.75266,-1.32422,1.00895,-1.94565,1.10136,1.16858,2.20139,-0.000946887,0.000135584,0.00108352,-0.000429628,5.36696e-05,-0.000110394,0.000136953,0,0,0,0,0,0,0,-0.152882,26.7144,-24.7366,7.49881,0.830705,2.50601,0.0587866,-0.188059,2.15117,-3.09153,1.90763,0.183433,0.921177,0.061824
1728142,1,-2.75261,-1.32534,1.01105,-1.94698,1.10108,1.16771,2.20138,-2.75266,-1.32422,1.00895,-1.94565,1.10136,1.16858,2.20139,0.000575168,-0.000466422,-0.000391276,-0.00084323,0.00023923,-0.000548314,-0.000383416,0,0,0,0,0,0,0,-0.204456,26.7383,-24.689,7.52262,0.825212,2.51882,0.071604,-0.185807,2.14972,-3.09093,1.90901,0.183565,0.921044,0.0617289
1728143,1,-2.75261,-1.32534,1.01105,-1.94698,1.10108,1.16771,2.20138,-2.75266,-1.32422,1.00895,-1.94565,1.10136,1.16858,2.20139,0.000383445,-0.000960562,-0.000910464,0.000644272,0.000159487,0.000346534,-1.82516e-05,0,0,0,0,0,0,0,-0.204456,26.766,-24.6612,7.47104,0.825212,2.4996,0.0651953,-0.184585,2.14959,-3.09084,1.9098,0.183674,0.920943,0.0616571
1728144,1,-2.75261,-1.32534,1.01105,-1.94698,1.10108,1.16771,2.20138,-2.75266,-1.32422,1.00895,-1.94565,1.10136,1.16858,2.20139,0.00025563,0.000566051,4.26377e-05,0.000429515,0.000106325,-6.33605e-06,-0.00143632,0,0,0,0,0,0,0,-0.204456,26.7144,-24.689,7.47104,0.825212,2.50601,0.103647,-0.185445,2.15047,-3.09022,1.90913,0.183675,0.920801,0.0616079
1728145,1,-2.75261,-1.32534,1.01105,-1.94698,1.10108,1.16772,2.20139,-2.75266,-1.32422,1.00895,-1.94565,1.10136,1.16858,2.20139,-0.000479194,0.000377367,0.000585237,0.000286343,7.0883e-05,0.000470494,0.00168731,0,0,0,0,0,0,0,-0.176685,26.7144,-24.7128,7.47104,0.825212,2.49319,0.0322363,-0.186315,2.15108,-3.08956,1.90819,0.183623,0.920639,0.0616032
1728146,1,-2.75261,-1.32534,1.01105,-1.94698,1.10108,1.16771,2.20138,-2.75266,-1.32422,1.00895,-1.94565,1.10136,1.16858,2.20139,0.000330151,0.000251578,-0.000166654,0.000190895,-0.000359646,7.63036e-05,-0.000570548,0,0,0,0,0,0,0,-0.204456,26.7144,-24.689,7.47104,0.836199,2.4996,0.0780126,-0.186167,2.15106,-3.08922,1.90774,0.183583,0.920478,0.0616495
1728147,1,-2.75261,-1.32534,1.01105,-1.94698,1.10108,1.16771,2.20138,-2.75266,-1.32422,1.00895,-1.94565,1.10136,1.16858,2.20139,0.000220101,0.000167719,-0.000111103,-0.00107916,-3.63133e-05,-0.00018649,-0.000143007,0,0,0,0,0,0,0,-0.204456,26.7144,-24.689,7.52262,0.830705,2.50601,0.071604,-0.185623,2.15062,-3.08877,1.90777,0.183574,0.920314,0.0617204
1728148,1,-2.75261,-1.32534,1.01105,-1.94698,1.10108,1.16771,2.20138,-2.75266,-1.32422,1.00895,-1.94565,1.10136,1.16858,2.20139,-0.00050288,-0.000444999,0.000482744,-0.00016263,-2.42088e-05,0.000113032,-0.000332697,0,0,0,0,0,0,0,-0.176685,26.7383,-24.7128,7.49881,0.830705,2.4996,0.0780126,-0.184535,2.15007,-3.08849,1.90849,0.183628,0.920172,0.0618069
1728149,1,-2.75261,-1.32534,1.01105,-1.94698,1.10108,1.16771,2.20138,-2.75266,-1.32422,1.00895,-1.94565,1.10136,1.16858,2.20139,0.000314361,0.000260146,-0.000884597,0.000541194,-1.61392e-05,7.53549e-05,-0.000459157,0,0,0,0,0,0,0,-0.204456,26.7144,-24.6612,7.47104,0.830705,2.4996,0.0844213,-0.183309,2.1498,-3.08839,1.90926,0.183698,0.92002,0.0619162
1728150,1,-2.75261,-1.32534,1.01105,-1.94698,1.10108,1.16771,2.20139,-2.75266,-1.32422,1.00895,-1.94565,1.10136,1.16858,2.20139,-0.00044004,0.00017343,5.98827e-05,-0.000288818,-1.07595e-05,5.02366e-05,0.00186403,0,0,0,0,0,0,0,-0.176685,26.7144,-24.689,7.49881,0.830705,2.4996,0.0258276,-0.182531,2.14935,-3.08758,1.90959,0.183735,0.919799,0.0620549
1728151,1,-2.75261,-1.32534,1.01105,-1.94698,1.10108,1.16771,2.20139,-2.75266,-1.32422,1.00895,-1.94565,1.10136,1.16858,2.20139,-0.000850172,0.00011562,0.000596734,0.000457069,0.000399728,3.34911e-05,2.19865e-05,0,0,0,0,0,0,0,-0.152882,26.7144,-24.7128,7.47104,0.819719,2.4996,0.0587866,-0.181167,2.14858,-3.08679,1.91013,0.183785,0.919551,0.0622112
1728152,1,-2.75261,-1.32534,1.01105,-1.94698,1.10108,1.16771,2.20139,-2.75266,-1.32422,1.00895,-1.94565,1.10136,1.16858,2.20139,-9.96944e-06,-0.00112935,0.000397823,-0.000344901,6.30348e-05,-0.000452391,0.000760643,0,0,0,0,0,0,0,-0.176685,26.766,-24.7128,7.49881,0.825212,2.51242,0.038645,-0.17937,2.14868,-3.08728,1.91074,0.183847,0.919359,0.0623437
1728153,1,-2.75261,-1.32534,1.01105,-1.94698,1.10108,1.16771,2.20139,-2.75266,-1.32422,1.00895,-1.94565,1.10136,1.16858,2.20139,-6.64629e-06,-0.00130971,-0.000941211,-0.000229934,4.20232e-05,-6.42347e-05,-1.53103e-06,0,0,0,0,0,0,0,-0.176685,26.7898,-24.6612,7.49881,0.825212,2.50601,0.0523779,-0.178707,2.15047,-3.08857,1.91073,0.183882,0.919224,0.0624211
1728154,1,-2.75261,-1.32534,1.01105,-1.94698,1.10108,1.16771,2.20139,-2.75266,-1.32422,1.00895,-1.94565,1.10136,1.16858,2.20139,0.000645183,0.000890098,0.00113576,0.000496324,2.80155e-05,0.000194536,0.000982323,0,0,0,0,0,0,0,-0.204456,26.7144,-24.7366,7.47104,0.825212,2.4996,0.0258276,-0.179581,2.15298,-3.08958,1.90997,0.183853,0.919104,0.0624348
1728155,1,-2.75261,-1.32534,1.01105,-1.94698,1.10108,1.16771,2.20139,-2.75266,-1.32422,1.00895,-1.94565,1.10136,1.16858,2.20139,-0.000776304,0.000593399,-0.00100606,-0.000875543,-0.000184774,-0.000345027,0.000654882,0,0,0,0,0,0,0,-0.152882,26.7144,-24.6612,7.52262,0.830705,2.51242,0.0258276,-0.180277,2.15403,-3.0896,1.90949,0.1838,0.91896,0.0623828
1728156,1,-2.75261,-1.32534,1.01105,-1.94698,1.10108,1.16772,2.20139,-2.75266,-1.32422,1.00895,-1.94565,1.10136,1.16858,2.20139,3.92761e-05,0.000395599,-2.1094e-05,-0.000583695,-0.000326633,7.3407e-06,-0.000309397,0,0,0,0,0,0,0,-0.176685,26.7144,-24.689,7.52262,0.836199,2.50601,0.0459692,-0.179102,2.15258,-3.08814,1.91043,0.183817,0.918754,0.0622516
1728157,1,-2.75261,-1.32534,1.01105,-1.94698,1.10108,1.16771,2.20139,-2.75266,-1.32422,1.00895,-1.94565,1.10136,1.16858,2.20139,0.000675798,0.000263733,-1.40627e-05,0.000167682,0.000189146,4.8938e-06,0.000539721,0,0,0,0,0,0,0,-0.204456,26.7144,-24.689,7.49881,0.825212,2.50601,0.0258276,-0.177704,2.1504,-3.08604,1.91171,0.183851,0.918541,0.0620317
1728158,1,-2.75261,-1.32534,1.01105,-1.94698,1.10108,1.16772,2.20139,-2.75266,-1.32422,1.00895,-1.94565,1.10136,1.16858,2.20139,-0.000755894,-0.00038099,-0.000658989,0.000111788,-7.73533e-05,-0.000234096,-0.000386172,0,0,0,0,0,0,0,-0.152882,26.7383,-24.6612,7.49881,0.830705,2.51242,0.0459692,-0.177509,2.14905,-3.08411,1.91217,0.183827,0.918351,0.0617313
1728159,1,-2.75261,-1.32534,1.01105,-1.94698,1.10108,1.16772,2.20139,-2.75266,-1.32422,1.00895,-1.94565,1.10136,1.16858,2.20139,0.000702497,0.00150924,0.0007671,0.000724139,0.000151882,0.000318654,0.000725896,0,0,0,0,0,0,0,-0.204456,26.6629,-24.7128,7.47104,0.825212,2.4996,0.0194189,-0.177778,2.14809,-3.08231,1.91206,0.183758,0.918165,0.0613644
1728160,1,-2.75261,-1.32534,1.01105,-1.94698,1.10108,1.16771,2.20139,-2.75266,-1.32422,1.00895,-1.94565,1.10136,1.16858,2.20139,-0.000181283,-0.000200263,0.0005114,-0.000166854,0.000304705,0.000212436,-0.000736772,0,0,0,0,0,0,0,-0.176685,26.7144,-24.7128,7.49881,0.819719,2.4996,0.0523779,-0.178374,2.1474,-3.08116,1.9116,0.183649,0.918029,0.0609435
1728161,1,-2.75261,-1.32534,1.01105,-1.94698,1.10108,1.16772,2.20139,-2.75266,-1.32422,1.00895,-1.94565,1.10136,1.16858,2.20139,-0.000120855,-0.000690321,-0.000215879,-0.000668048,-3.13891e-07,-0.000570453,1.74449e-05,0,0,0,0,0,0,0,-0.176685,26.7383,-24.689,7.52262,0.825212,2.51882,0.038645,-0.178924,2.14756,-3.08108,1.91124,0.183557,0.917967,0.0604779
1728162,1,-2.75261,-1.32534,1.01105,-1.94698,1.10108,1.16771,2.20139,-2.75266,-1.32422,1.00895,-1.94565,1.10136,1.16858,2.20139,0.000569044,-0.000460214,-0.00190716,0.00076106,-0.00040711,9.44159e-05,1.16299e-05,0,0,0,0,0,0,0,-0.204456,26.7383,-24.6136,7.47104,0.836199,2.50601,0.038645,-0.179881,2.14839,-3.08066,1.91073,0.18348,0.917885,0.0599828
1728163,1,-2.75261,-1.32534,1.01105,-1.94698,1.10108,1.16771,2.20139,-2.75266,-1.32422,1.00895,-1.94565,1.10136,1.16858,2.20139,-0.000270251,0.000899617,0.0004918,-0.00014224,0.000135494,6.29439e-05,7.75328e-06,0,0,0,0,0,0,0,-0.176685,26.6867,-24.689,7.49881,0.825212,2.50601,0.038645,-0.181543,2.14882,-3.07885,1.90977,0.18337,0.917722,0.0594745
1728164,1,-2.75261,-1.32534,1.01105,-1.94698,1.10108,1.16771,2.20139,-2.75266,-1.32422,1.00895,-1.94565,1.10136,1.16858,2.20139,-0.00073698,0.000599745,-0.000321747,0.000554787,-0.000113121,-0.000195396,-0.000503457,0,0,0,0,0,0,0,-0.152882,26.6867,-24.6612,7.47104,0.830705,2.51242,0.0523779,-0.18197,2.14802,-3.0767,1.90942,0.183287,0.917543,0.058966
1728165,1,-2.75261,-1.32534,1.01105,-1.94698,1.10108,1.16772,2.20139,-2.75266,-1.32422,1.00895,-1.94565,1.10136,1.16858,2.20139,6.54922e-05,-0.000806596,-0.000214498,0.000369858,0.000128036,0.000107095,-9.82794e-05,0,0,0,0,0,0,0,-0.176685,26.7383,-24.6612,7.47104,0.825212,2.50601,0.0459692,-0.181287,2.14694,-3.07506,1.9095,0.183235,0.91739,0.0584659
1728166,1,-2.75261,-1.32534,1.01105,-1.94698,1.10108,1.16772,2.20139,-2.75266,-1.32422,1.00895,-1.94565,1.10136,1.16858,2.20139,4.36615e-05,1.90811e-05,0.000506615,-0.000403042,-0.000524994,0.000308755,0.000443107,0,0,0,0,0,0,0,-0.176685,26.7144,-24.689,7.49881,0.841692,2.4996,0.0322363,-0.181123,2.14708,-3.07437,1.9092,0.183181,0.917306,0.0579831
1728167,1,-2.75261,-1.32534,1.01105,-1.94698,1.10108,1.16771,2.20139,-2.75266,-1.32422,1.00895,-1.94565,1.10136,1.16858,2.20139,0.00123553,-0.000544091,0.000337743,0.000380919,0.000260356,-0.000268881,-0.000213222,0,0,0,0,0,0,0,-0.22826,26.7383,-24.689,7.47104,0.825212,2.51242,0.0459692,-0.182241,2.14871,-3.07487,1.90836,0.183111,0.917335,0.05752
1728168,1,-2.75261,-1.32534,1.01105,-1.94698,1.10108,1.16771,2.20139,-2.75266,-1.32422,1.00895,-1.94565,1.10136,1.16858,2.20139,0.000266877,0.000194084,-0.000981264,-0.000395668,-0.000436781,0.000295464,0.000603837,0,0,0,0,0,0,0,-0.204456,26.7144,-24.6374,7.49881,0.841692,2.4996,0.0258276,-0.184831,2.15093,-3.07537,1.90689,0.18301,0.917404,0.0570688
1728169,1,-2.75261,-1.32534,1.01105,-1.94698,1.10108,1.16771,2.20139,-2.75266,-1.32422,1.00895,-1.94565,1.10136,1.16858,2.20139,0.000177918,0.00012939,-9.73638e-05,0.000385835,0.000522615,0.000196976,-7.21596e-05,0,0,0,0,0,0,0,-0.204456,26.7144,-24.6612,7.47104,0.819719,2.4996,0.038645,-0.187399,2.15218,-3.07467,1.90556,0.182929,0.917403,0.0566234
1728170,1,-2.75261,-1.32534,1.01105,-1.94698,1.10108,1.16772,2.20138,-2.75266,-1.32422,1.00895,-1.94565,1.10136,1.16858,2.20139,-0.00108781,-0.000470552,-6.49092e-05,0.000814036,0.00034841,0.000131317,-0.00103145,0,0,0,0,0,0,0,-0.152882,26.7383,-24.6612,7.44724,0.819719,2.4996,0.0651953,-0.188629,2.15257,-3.07354,1.90472,0.182889,0.917333,0.0561767
1728171,1,-2.75261,-1.32534,1.01105,-1.94698,1.10108,1.16772,2.20139,-2.75266,-1.32422,1.00895,-1.94565,1.10136,1.16858,2.20139,-0.000168397,-0.000963315,0.000606341,-0.000663736,-0.000581529,8.75449e-05,2.44431e-05,0,0,0,0,0,0,0,-0.176685,26.766,-24.689,7.49881,0.841692,2.4996,0.0459692,-0.18836,2.15336,-3.07345,1.90437,0.182901,0.917267,0.0557381
1728172,1,-2.75261,-1.32534,1.01105,-1.94698,1.10108,1.16771,2.20139,-2.75266,-1.32422,1.00895,-1.94565,1.10136,1.16858,2.20139,0.00109416,7.40368e-06,-0.000245387,-0.00044249,0.000222666,5.83632e-05,-0.000221064,0,0,0,0,0,0,0,-0.22826,26.7383,-24.6612,7.49881,0.825212,2.4996,0.0523779,-0.187842,2.15483,-3.07426,1.90438,0.182956,0.917259,0.0553316
1728173,1,-2.75261,-1.32534,1.01105,-1.94698,1.10108,1.16771,2.20139,-2.75266,-1.32422,1.00895,-1.94565,1.10136,1.16858,2.20139,0.000172629,4.93579e-06,-0.000720403,0.00035462,-5.50068e-05,-0.000673168,0.000361251,0,0,0,0,0,0,0,-0.204456,26.7383,-24.6374,7.47104,0.830705,2.51882,0.038645,-0.188493,2.15606,-3.07432,1.90412,0.182983,0.917243,0.054966
1728174,1,-2.75261,-1.32534,1.01105,-1.94698,1.10108,1.16771,2.20138,-2.75266,-1.32422,1.00895,-1.94565,1.10136,1.16858,2.20139,-0.00109134,0.000560102,0.000726157,0.000236414,-0.000240122,0.000263298,-0.000979869,0,0,0,0,0,0,0,-0.152882,26.7144,-24.689,7.47104,0.836199,2.4996,0.071604,-0.188759,2.15612,-3.07338,1.90403,0.183004,0.917159,0.0546385
1728175,1,-2.75261,-1.32534,1.01105,-1.94698,1.10108,1.16772,2.20139,-2.75266,-1.32422,1.00895,-1.94565,1.10136,1.16858,2.20139,-0.000170748,-0.000833024,0.000484105,0.000714421,4.33694e-05,0.000412891,5.88306e-05,0,0,0,0,0,0,0,-0.176685,26.766,-24.689,7.44724,0.830705,2.49319,0.0523779,-0.187483,2.15581,-3.073,1.90441,0.183058,0.917066,0.0543495
1728176,1,-2.75261,-1.32534,1.01105,-1.94698,1.10108,1.16772,2.20139,-2.75266,-1.32422,1.00895,-1.94565,1.10136,1.16858,2.20139,0.000535782,9.42644e-05,0.000322737,0.000476281,2.89129e-05,3.79018e-05,-0.000198139,0,0,0,0,0,0,0,-0.204456,26.7383,-24.689,7.44724,0.830705,2.4996,0.0587866,-0.186729,2.15659,-3.07356,1.90418,0.183081,0.917007,0.054106
1728177,1,-2.75261,-1.32534,1.01105,-1.94698,1.10108,1.16771,2.20139,-2.75266,-1.32422,1.00895,-1.94565,1.10136,1.16858,2.20139,-0.000849238,0.000619655,-0.000434456,-0.000888905,0.000222726,-0.000212091,0.00108861,0,0,0,0,0,0,0,-0.152882,26.7144,-24.6612,7.49881,0.825212,2.50601,0.0258276,-0.186316,2.1571,-3.07369,1.90385,0.183103,0.916929,0.0539135
1728178,1,-2.75261,-1.32534,1.01105,-1.94698,1.10108,1.16772,2.20138,-2.75266,-1.32422,1.00895,-1.94565,1.10136,1.16858,2.20139,-9.3467e-06,0.000413103,-0.000289637,5.70103e-05,0.000148484,0.000333324,-0.000732322,0,0,0,0,0,0,0,-0.176685,26.7144,-24.6612,7.47104,0.825212,2.49319,0.0651953,-0.184335,2.15555,-3.07242,1.90478,0.18321,0.916771,0.0537585
1728179,1,-2.75261,-1.32534,1.01105,-1.94698,1.10108,1.16772,2.20139,-2.75266,-1.32422,1.00895,-1.94565,1.10136,1.16858,2.20139,-6.23113e-06,-0.00028141,-0.000193092,0.000594819,9.89892e-05,-0.000489861,0.00049513,0,0,0,0,0,0,0,-0.176685,26.7383,-24.6612,7.44724,0.825212,2.51242,0.038645,-0.18228,2.1534,-3.07037,1.90578,0.183315,0.916562,0.0536167
1728180,1,-2.75261,-1.32534,1.01105,-1.94698,1.10108,1.16771,2.20139,-2.75266,-1.32422,1.00895,-1.94565,1.10136,1.16858,2.20139,-4.15409e-06,-0.00083722,-0.000128728,-0.000160266,0.000506802,-8.9215e-05,0.000330087,0,0,0,0,0,0,0,-0.176685,26.766,-24.6612,7.47104,0.81331,2.50601,0.038645,-0.181762,2.15266,-3.06872,1.90568,0.183341,0.916372,0.0534799
1728181,1,-2.75261,-1.32534,1.01105,-1.94698,1.10108,1.16771,2.20139,-2.75266,-1.32422,1.00895,-1.94565,1.10136,1.16858,2.20139,-0.000559581,0.000648279,0.000563795,-0.000106844,-0.000102941,-5.94767e-05,0.000457417,0,0,0,0,0,0,0,-0.152882,26.7144,-24.689,7.47104,0.825212,2.50601,0.0322363,-0.181536,2.15288,-3.06788,1.90534,0.183346,0.916236,0.0533425
1728182,1,-2.75261,-1.32534,1.01105,-1.94698,1.10108,1.16771,2.20138,-2.75266,-1.32422,1.00895,-1.94565,1.10136,1.16858,2.20139,0.000183758,0.000432186,-0.00138737,-7.12294e-05,0.000134823,-3.96511e-05,-0.000915759,0,0,0,0,0,0,0,-0.176685,26.7144,-24.6136,7.47104,0.819719,2.50601,0.0651953,-0.180517,2.15225,-3.06667,1.90554,0.183358,0.916097,0.0531903
1728183,1,-2.75261,-1.32534,1.01105,-1.94698,1.10108,1.16772,2.20139,-2.75266,-1.32422,1.00895,-1.94565,1.10136,1.16858,2.20139,-0.000434307,0.000937738,-0.000368104,-4.74862e-05,8.9882e-05,0.000210925,-0.000373147,0,0,0,0,0,0,0,-0.152882,26.6867,-24.6374,7.47104,0.819719,2.4996,0.0587866,-0.179036,2.14993,-3.06384,1.90612,0.183354,0.915881,0.053023
1728184,1,-2.75261,-1.32534,1.01105,-1.94698,1.10108,1.16771,2.20139,-2.75266,-1.32422,1.00895,-1.94565,1.10136,1.16858,2.20139,0.000267274,-2.44553e-05,0.000311409,-0.000681271,5.99213e-05,-9.67424e-05,-1.14056e-05,0,0,0,0,0,0,0,-0.176685,26.7144,-24.6612,7.49881,0.819719,2.50601,0.0523779,-0.177369,2.14708,-3.06062,1.90691,0.183335,0.915665,0.0528636
1728185,1,-2.75261,-1.32534,1.01105,-1.94698,1.10108,1.16772,2.20138,-2.75266,-1.32422,1.00895,-1.94565,1.10136,1.16858,2.20139,-0.00102824,-0.000573116,0.000207606,0.000195433,-0.000570404,0.000172864,-0.0011944,0,0,0,0,0,0,0,-0.125111,26.7383,-24.6612,7.47104,0.836199,2.4996,0.0844213,-0.175649,2.14548,-3.05893,1.90771,0.183313,0.915548,0.0527295
1728186,1,-2.75261,-1.32534,1.01105,-1.94699,1.10108,1.16771,2.20138,-2.75266,-1.32422,1.00895,-1.94565,1.10136,1.16858,2.20139,0.00052093,0.000824349,0.000138404,-0.00163295,2.66317e-05,-0.000122116,-0.000558907,0,0,0,0,0,0,0,-0.176685,26.6867,-24.6612,7.54642,0.825212,2.50601,0.0780126,-0.173683,2.14492,-3.05852,1.90868,0.18331,0.915511,0.0526353
1728187,1,-2.75261,-1.32534,1.01105,-1.94698,1.10108,1.16771,2.20138,-2.75266,-1.32422,1.00895,-1.94565,1.10136,1.16858,2.20139,0.00155371,0.000549566,-0.000464543,0.00123142,0.000221205,-8.14108e-05,-0.000135246,0,0,0,0,0,0,0,-0.22826,26.6867,-24.6374,7.44724,0.819719,2.50601,0.071604,-0.173123,2.14445,-3.05781,1.9091,0.18325,0.9155,0.0526075
1728188,1,-2.75261,-1.32534,1.01105,-1.94698,1.10107,1.16771,2.20138,-2.75266,-1.32422,1.00895,-1.94565,1.10136,1.16858,2.20139,0.000478997,-0.000283237,0.000247117,0.000820945,-0.000666332,-5.42739e-05,-0.000564882,0,0,0,0,0,0,0,-0.204456,26.7144,-24.6612,7.44724,0.841692,2.50601,0.0844213,-0.176111,2.1451,-3.0566,1.90731,0.183006,0.915481,0.0526553
1728189,1,-2.75261,-1.32534,1.01105,-1.94697,1.10108,1.16772,2.20138,-2.75266,-1.32422,1.00895,-1.94565,1.10136,1.16858,2.20139,-0.000887095,-0.000188824,-0.000392067,0.00166092,0.000369581,0.000201176,-0.000139229,0,0,0,0,0,0,0,-0.152882,26.7144,-24.6374,7.39963,0.819719,2.4996,0.0780126,-0.180581,2.14711,-3.05574,1.90393,0.182661,0.915431,0.0527781
1728190,1,-2.75261,-1.32534,1.01105,-1.94698,1.10108,1.16772,2.20138,-2.75266,-1.32422,1.00895,-1.94565,1.10136,1.16858,2.20139,-0.00124101,-0.000125883,-0.000261378,-0.00176958,0.000246387,0.000134118,0.00014454,0,0,0,0,0,0,0,-0.125111,26.7144,-24.6374,7.52262,0.819719,2.4996,0.071604,-0.182386,2.14854,-3.05512,1.90167,0.182434,0.915329,0.0529823
1728191,1,-2.75261,-1.32534,1.01105,-1.94698,1.10108,1.16772,2.20138,-2.75266,-1.32422,1.00895,-1.94565,1.10136,1.16858,2.20139,-0.000177726,-0.000640734,0.00103217,0.00114033,-3.91924e-05,0.000326771,0.000333719,0,0,0,0,0,0,0,-0.152882,26.7383,-24.689,7.42344,0.825212,2.49319,0.0651953,-0.181005,2.14915,-3.05514,1.90136,0.182383,0.915239,0.053262
1728192,1,-2.75261,-1.32534,1.01105,-1.94698,1.10108,1.16771,2.20138,-2.75266,-1.32422,1.00895,-1.94565,1.10136,1.16858,2.20139,-0.000118484,0.000129656,3.85019e-05,-0.000353405,-2.61283e-05,-1.95118e-05,-0.000252239,0,0,0,0,0,0,0,-0.152882,26.7144,-24.6612,7.47104,0.825212,2.4996,0.0780126,-0.179352,2.15039,-3.05626,1.90126,0.182357,0.915215,0.0535925
1728193,1,-2.75261,-1.32534,1.01105,-1.94698,1.10108,1.16772,2.20138,-2.75266,-1.32422,1.00895,-1.94565,1.10136,1.16858,2.20139,0.00112744,-0.000470375,-0.00108796,-0.000235603,0.000186032,-1.30079e-05,-0.000168159,0,0,0,0,0,0,0,-0.204456,26.7383,-24.6136,7.47104,0.819719,2.4996,0.0780126,-0.179142,2.1518,-3.05687,1.90055,0.182281,0.915185,0.0539531
1728194,1,-2.75261,-1.32534,1.01105,-1.94698,1.10108,1.16771,2.20139,-2.75266,-1.32422,1.00895,-1.94565,1.10136,1.16858,2.20139,0.000751624,0.00144965,0.00038832,-0.000157069,-0.00028288,-0.000246031,0.00107469,0,0,0,0,0,0,0,-0.204456,26.6629,-24.6612,7.47104,0.830705,2.50601,0.0459692,-0.180459,2.15232,-3.05584,1.89947,0.182159,0.915107,0.0543399
1728195,1,-2.75261,-1.32534,1.01105,-1.94698,1.10108,1.16772,2.20139,-2.75266,-1.32422,1.00895,-1.94565,1.10136,1.16858,2.20139,-0.000705343,-0.000239989,0.000908494,0.000452099,-0.000188587,0.000310697,0.000241741,0,0,0,0,0,0,0,-0.152882,26.7144,-24.689,7.44724,0.830705,2.49319,0.0587866,-0.181748,2.15207,-3.05461,1.89855,0.182025,0.915032,0.0547418
1728196,1,-2.75261,-1.32534,1.01105,-1.94698,1.10108,1.16772,2.20139,-2.75266,-1.32422,1.00895,-1.94565,1.10136,1.16858,2.20139,0.000736197,-0.00136642,-4.39514e-05,0.000858212,7.77261e-05,-3.02274e-05,0.000161161,0,0,0,0,0,0,0,-0.204456,26.766,-24.6612,7.42344,0.825212,2.4996,0.0587866,-0.182838,2.1529,-3.05474,1.89734,0.181886,0.914994,0.0551247
1728197,1,-2.75261,-1.32534,1.01105,-1.94698,1.10108,1.16772,2.20138,-2.75266,-1.32422,1.00895,-1.94565,1.10136,1.16858,2.20139,-0.000158816,-0.000261332,-2.93009e-05,-0.000541483,0.000492627,-0.000257511,-0.00107935,0,0,0,0,0,0,0,-0.176685,26.7383,-24.6612,7.47104,0.81331,2.50601,0.09083,-0.184814,2.15541,-3.05571,1.89531,0.181724,0.914972,0.0554668
1728198,1,-2.75261,-1.32534,1.01105,-1.94698,1.10108,1.16772,2.20139,-2.75266,-1.32422,1.00895,-1.94565,1.10136,1.16858,2.20139,0.000543737,-0.000174221,-1.95339e-05,0.000195823,-0.000112392,0.000303044,0.00121321,0,0,0,0,0,0,0,-0.204456,26.7383,-24.6612,7.44724,0.825212,2.49319,0.038645,-0.186615,2.15769,-3.05629,1.89353,0.18159,0.914927,0.0557838
1728199,1,-2.75261,-1.32534,1.01105,-1.94697,1.10108,1.16771,2.20138,-2.75266,-1.32422,1.00895,-1.94565,1.10136,1.16858,2.20139,0.000362491,-0.000765761,-1.30226e-05,0.00124417,-0.000685279,-3.53295e-05,-0.000649255,0,0,0,0,0,0,0,-0.204456,26.766,-24.6612,7.39963,0.841692,2.4996,0.0780126,-0.188552,2.15963,-3.05639,1.89166,0.181443,0.914847,0.0560858
1728200,1,-2.75261,-1.32534,1.01105,-1.94698,1.10108,1.16771,2.20139,-2.75266,-1.32422,1.00895,-1.94565,1.10136,1.16858,2.20139,-0.000407953,-0.000510508,-8.68175e-06,-0.0014906,0.000153499,-2.3553e-05,0.000753958,0,0,0,0,0,0,0,-0.176685,26.766,-24.6612,7.49881,0.825212,2.4996,0.0459692,-0.190369,2.16161,-3.05643,1.88979,0.181309,0.914746,0.0563657
1728201,1,-2.75261,-1.32534,1.01105,-1.94698,1.10108,1.16772,2.20138,-2.75266,-1.32422,1.00895,-1.94565,1.10136,1.16858,2.20139,-0.000828781,0.000309276,-5.78783e-06,0.000212692,0.000305783,0.000221657,-0.000921515,0,0,0,0,0,0,0,-0.152882,26.7383,-24.6612,7.44724,0.819719,2.49319,0.0844213,-0.189637,2.16217,-3.05625,1.88962,0.181318,0.914622,0.0566257
1728202,1,-2.75261,-1.32534,1.01105,-1.94698,1.10108,1.16772,2.20139,-2.75266,-1.32422,1.00895,-1.94565,1.10136,1.16858,2.20139,4.29146e-06,0.000206184,-3.85855e-06,-0.000415017,-0.000203046,-8.95876e-05,0.000572451,0,0,0,0,0,0,0,-0.176685,26.7383,-24.6612,7.47104,0.830705,2.4996,0.0523779,-0.186638,2.16092,-3.05549,1.89089,0.181424,0.914449,0.056871
1728203,1,-2.75261,-1.32534,1.01105,-1.94698,1.10108,1.16772,2.20139,-2.75266,-1.32422,1.00895,-1.94565,1.10136,1.16858,2.20139,2.86097e-06,0.000137456,-0.000559384,-0.000276678,-0.000135364,-5.97251e-05,0.00160234,0,0,0,0,0,0,0,-0.176685,26.7383,-24.6374,7.47104,0.830705,2.4996,0.0194189,-0.18343,2.15876,-3.05398,1.89239,0.181535,0.914233,0.0571049
1728204,1,-2.75261,-1.32534,1.01105,-1.94698,1.10108,1.16772,2.20138,-2.75266,-1.32422,1.00895,-1.94565,1.10136,1.16858,2.20139,-0.000554905,9.16372e-05,0.000833503,0.00037236,0.000113208,0.000197542,-0.000864555,0,0,0,0,0,0,0,-0.152882,26.7383,-24.689,7.44724,0.825212,2.49319,0.071604,-0.180642,2.1566,-3.05232,1.89366,0.181628,0.91401,0.0573058
1728205,1,-2.75261,-1.32534,1.01105,-1.94698,1.10108,1.16772,2.20139,-2.75266,-1.32422,1.00895,-1.94565,1.10136,1.16858,2.20139,0.000836489,0.000617903,-0.000650757,-0.000308572,-0.000127979,0.000131695,0.00183113,0,0,0,0,0,0,0,-0.204456,26.7144,-24.6374,7.47104,0.830705,2.49319,0.00660151,-0.178576,2.15481,-3.05089,1.89442,0.181679,0.913797,0.0574462
1728206,1,-2.75261,-1.32534,1.01105,-1.94698,1.10108,1.16772,2.20139,-2.75266,-1.32422,1.00895,-1.94565,1.10136,1.16858,2.20139,-0.000648766,0.00106155,0.000122974,-0.000855329,-8.5319e-05,-0.000149562,-0.00023731,0,0,0,0,0,0,0,-0.152882,26.6867,-24.6612,7.49881,0.830705,2.4996,0.0459692,-0.17681,2.15241,-3.04889,1.89523,0.181726,0.913567,0.057519
1728207,1,-2.75261,-1.32534,1.01105,-1.94698,1.10108,1.16772,2.20139,-2.75266,-1.32422,1.00895,-1.94565,1.10136,1.16858,2.20139,0.00133073,5.80858e-05,0.000731596,7.93948e-05,0.000146571,0.000137651,0.000587778,0,0,0,0,0,0,0,-0.22826,26.7144,-24.689,7.47104,0.825212,2.49319,0.0258276,-0.175231,2.14975,-3.04688,1.89624,0.181783,0.913358,0.0575092
1728208,1,-2.75261,-1.32534,1.01105,-1.94698,1.10108,1.16772,2.20139,-2.75266,-1.32422,1.00895,-1.94565,1.10136,1.16858,2.20139,0.000330339,3.87238e-05,-0.000161883,5.29299e-05,-0.000105736,-0.000382951,-0.000828851,0,0,0,0,0,0,0,-0.204456,26.7144,-24.6612,7.47104,0.830705,2.50601,0.0587866,-0.17559,2.14875,-3.0459,1.89614,0.181766,0.913224,0.0574072
1728209,1,-2.75261,-1.32534,1.01105,-1.94698,1.10108,1.16772,2.20139,-2.75266,-1.32422,1.00895,-1.94565,1.10136,1.16858,2.20139,0.000220226,-0.000530996,-0.000107922,0.000592099,0.000573769,-0.000255301,0.00114285,0,0,0,0,0,0,0,-0.204456,26.7383,-24.6612,7.44724,0.81331,2.50601,0.0130102,-0.177809,2.14942,-3.04545,1.89474,0.181669,0.913108,0.0572274
1728210,1,-2.75261,-1.32534,1.01104,-1.94698,1.10108,1.16772,2.20139,-2.75266,-1.32422,1.00895,-1.94565,1.10136,1.16858,2.20139,0.000146818,-0.000353997,-0.00183519,-0.00016208,-0.000261747,6.71586e-05,-0.000187533,0,0,0,0,0,0,0,-0.204456,26.7383,-24.5858,7.47104,0.830705,2.4996,0.038645,-0.180499,2.15052,-3.04443,1.89282,0.18155,0.912928,0.0569839
1728211,1,-2.75261,-1.32534,1.01105,-1.94698,1.10108,1.16772,2.20139,-2.75266,-1.32422,1.00895,-1.94565,1.10136,1.16858,2.20139,-0.000551736,0.000320814,-1.70313e-05,-0.000108053,-0.000174498,-0.000192587,0.000112337,0,0,0,0,0,0,0,-0.176685,26.7144,-24.6374,7.47104,0.830705,2.50601,0.0322363,-0.182299,2.15077,-3.04226,1.8914,0.181472,0.912667,0.0566791
1728212,1,-2.75261,-1.32534,1.01104,-1.94698,1.10108,1.16772,2.20139,-2.75266,-1.32422,1.00895,-1.94565,1.10136,1.16858,2.20139,-0.000367824,0.000213876,-0.00121778,-0.000721649,0.000527928,0.000108968,-0.000162468,0,0,0,0,0,0,0,-0.176685,26.7144,-24.5858,7.49881,0.81331,2.4996,0.038645,-0.181934,2.14951,-3.03952,1.89139,0.18149,0.91238,0.0563229
1728213,1,-2.75261,-1.32534,1.01105,-1.94698,1.10108,1.16772,2.20139,-2.75266,-1.32422,1.00895,-1.94565,1.10136,1.16858,2.20139,0.000404398,-0.000414228,-0.000162239,0.00128214,-0.000292308,7.26453e-05,0.000129047,0,0,0,0,0,0,0,-0.204456,26.7383,-24.6136,7.42344,0.830705,2.4996,0.0322363,-0.180993,2.14797,-3.0368,1.8917,0.181519,0.91211,0.0559277
1728214,1,-2.75261,-1.32534,1.01105,-1.94697,1.10108,1.16772,2.20139,-2.75266,-1.32422,1.00895,-1.94565,1.10136,1.16858,2.20139,-0.000380015,0.00028066,0.00100546,0.00141157,8.57847e-06,4.84302e-05,0.00032339,0,0,0,0,0,0,0,-0.176685,26.7144,-24.6612,7.39963,0.825212,2.4996,0.0258276,-0.181588,2.14807,-3.03529,1.89065,0.181433,0.911913,0.0555004
1728215,1,-2.75261,-1.32534,1.01105,-1.94698,1.10108,1.16772,2.20139,-2.75266,-1.32422,1.00895,-1.94565,1.10136,1.16858,2.20139,-0.000810155,-0.000369705,0.000113498,-0.000729389,-0.000401182,3.22868e-05,0.000452953,0,0,0,0,0,0,0,-0.152882,26.7383,-24.6374,7.47104,0.836199,2.4996,0.0194189,-0.182143,2.14942,-3.03564,1.88925,0.181318,0.911824,0.0550487
1728216,1,-2.75261,-1.32534,1.01104,-1.94698,1.10108,1.16771,2.20139,-2.75266,-1.32422,1.00895,-1.94565,1.10136,1.16858,2.20139,-0.000540104,0.000959956,7.5665e-05,-0.000486259,0.000342897,2.15245e-05,6.46094e-05,0,0,0,0,0,0,0,-0.152882,26.6867,-24.6374,7.47104,0.819719,2.4996,0.0258276,-0.180389,2.14984,-3.03651,1.88947,0.181333,0.911787,0.0545715
1728217,1,-2.75261,-1.32534,1.01104,-1.94698,1.10108,1.16772,2.20139,-2.75266,-1.32422,1.00895,-1.94565,1.10136,1.16858,2.20139,-0.000360069,-9.6435e-06,5.04434e-05,-0.000973787,0.000228598,1.43497e-05,-0.000702912,0,0,0,0,0,0,0,-0.152882,26.7144,-24.6374,7.49881,0.819719,2.4996,0.0459692,-0.17679,2.14866,-3.03683,1.89128,0.181465,0.911757,0.0540635
1728218,1,-2.75261,-1.32534,1.01105,-1.94698,1.10108,1.16772,2.20139,-2.75266,-1.32422,1.00895,-1.94565,1.10136,1.16858,2.20139,0.00096638,0.000643185,0.000590441,0.000557235,0.000152399,-0.000465151,0.000514736,0,0,0,0,0,0,0,-0.204456,26.6867,-24.6612,7.44724,0.819719,2.51242,0.0194189,-0.173902,2.14735,-3.03693,1.89298,0.181575,0.91176,0.0535322
1728219,1,-2.75261,-1.32534,1.01105,-1.94698,1.10108,1.16772,2.20139,-2.75266,-1.32422,1.00895,-1.94565,1.10136,1.16858,2.20139,-5.36071e-06,-0.000220824,-0.000163185,0.00037149,-0.000101851,-7.2742e-05,-0.000877546,0,0,0,0,0,0,0,-0.176685,26.7144,-24.6374,7.44724,0.825212,2.50601,0.0523779,-0.173647,2.14723,-3.0371,1.89309,0.181549,0.911803,0.0529894
1728220,1,-2.75261,-1.32534,1.01105,-1.94698,1.10108,1.16772,2.20139,-2.75266,-1.32422,1.00895,-1.94565,1.10136,1.16858,2.20139,-0.000560386,-0.000704028,-0.000665602,-0.000309152,0.00013555,0.000663582,0.000398314,0,0,0,0,0,0,0,-0.152882,26.7383,-24.6136,7.47104,0.819719,2.48678,0.0258276,-0.174646,2.14791,-3.037,1.89222,0.181451,0.911821,0.0524442
1728221,1,-2.75261,-1.32534,1.01104,-1.94698,1.10108,1.16772,2.20139,-2.75266,-1.32422,1.00895,-1.94565,1.10136,1.16858,2.20139,0.000183221,-0.000469352,-0.00109335,0.000350711,-0.000113084,0.000205029,-0.000717802,0,0,0,0,0,0,0,-0.176685,26.7383,-24.5858,7.44724,0.825212,2.49319,0.0523779,-0.175543,2.14869,-3.03608,1.89125,0.181363,0.91176,0.0519085
1728222,1,-2.75261,-1.32534,1.01105,-1.94698,1.10108,1.16772,2.20139,-2.75266,-1.32422,1.00895,-1.94565,1.10136,1.16858,2.20139,0.000122148,0.000243911,0.00103434,-0.000972619,-0.00027884,-0.000338032,3.00918e-05,0,0,0,0,0,0,0,-0.176685,26.7144,-24.6612,7.49881,0.830705,2.50601,0.038645,-0.176467,2.14945,-3.03487,1.89036,0.18128,0.911679,0.0513965
1728223,1,-2.75261,-1.32534,1.01105,-1.94698,1.10108,1.16772,2.20139,-2.75266,-1.32422,1.00895,-1.94565,1.10136,1.16858,2.20139,0.000731046,0.000162607,0.00133917,0.00111483,1.75572e-05,0.000249363,2.00612e-05,0,0,0,0,0,0,0,-0.204456,26.7144,-24.689,7.42344,0.825212,2.49319,0.038645,-0.177687,2.15078,-3.03502,1.88945,0.181178,0.911707,0.0509231
1728224,1,-2.75261,-1.32534,1.01105,-1.94698,1.10108,1.16772,2.20139,-2.75266,-1.32422,1.00895,-1.94565,1.10136,1.16858,2.20139,0.000487364,-0.000448407,0.000243168,-0.000370407,1.17048e-05,-7.11167e-05,-0.00096997,0,0,0,0,0,0,0,-0.204456,26.7383,-24.6612,7.47104,0.825212,2.4996,0.0651953,-0.179981,2.15324,-3.03662,1.88785,0.181014,0.911831,0.050489
1728225,1,-2.75261,-1.32534,1.01105,-1.94698,1.10108,1.16772,2.20138,-2.75266,-1.32422,1.00895,-1.94565,1.10136,1.16858,2.20139,-0.000324705,-0.000298938,-0.000951512,-0.000896552,7.80321e-06,-4.74111e-05,-0.00159608,0,0,0,0,0,0,0,-0.176685,26.7383,-24.6136,7.49881,0.825212,2.4996,0.09083,-0.182203,2.15549,-3.0378,1.88641,0.180873,0.911922,0.0500984
1728226,1,-2.75261,-1.32534,1.01105,-1.94698,1.10108,1.16772,2.20138,-2.75266,-1.32422,1.00895,-1.94565,1.10136,1.16858,2.20139,-0.000773282,-0.000199292,-7.75292e-05,-0.000597701,0.000446012,-3.16074e-05,-0.000826696,0,0,0,0,0,0,0,-0.152882,26.7383,-24.6374,7.49881,0.81331,2.4996,0.0844213,-0.182193,2.15595,-3.03755,1.88653,0.180861,0.911901,0.0497878
1728227,1,-2.75261,-1.32534,1.01105,-1.94698,1.10108,1.16772,2.20138,-2.75266,-1.32422,1.00895,-1.94565,1.10136,1.16858,2.20139,0.00124772,-0.000132861,-0.000608498,-0.000398468,5.99821e-05,-2.10716e-05,0.000160946,0,0,0,0,0,0,0,-0.22826,26.7383,-24.6136,7.49881,0.819719,2.4996,0.0651953,-0.181149,2.15534,-3.03636,1.8874,0.180897,0.911811,0.0495988
1728228,1,-2.75261,-1.32534,1.01105,-1.94698,1.10108,1.16772,2.20139,-2.75266,-1.32422,1.00895,-1.94565,1.10136,1.16858,2.20139,-0.000931427,-8.85743e-05,0.000707958,0.000383969,3.99881e-05,-1.40477e-05,0.000344656,0,0,0,0,0,0,0,-0.152882,26.7383,-24.6612,7.47104,0.819719,2.4996,0.0587866,-0.180877,2.15496,-3.03509,1.88783,0.180874,0.911715,0.0495407
1728229,1,-2.75261,-1.32534,1.01104,-1.94698,1.10108,1.16772,2.20138,-2.75266,-1.32422,1.00895,-1.94565,1.10136,1.16858,2.20139,-0.000620951,0.00114738,-0.00129127,0.0013696,-0.000176792,-9.36516e-06,-0.0016691,0,0,0,0,0,0,0,-0.152882,26.6867,-24.5858,7.42344,0.825212,2.4996,0.110056,-0.180251,2.15407,-3.03352,1.888,0.180796,0.911557,0.0495916
1728230,1,-2.75261,-1.32534,1.01104,-1.94698,1.10108,1.16771,2.20138,-2.75266,-1.32422,1.00895,-1.94565,1.10136,1.16858,2.20139,0.00134927,-0.000441508,0.000345582,0.000913069,-0.000117861,-6.24344e-06,-0.000163298,0,0,0,0,0,0,0,-0.22826,26.7383,-24.6374,7.42344,0.825212,2.4996,0.0844213,-0.180229,2.15273,-3.03108,1.88731,0.18062,0.911316,0.049738
1728231,1,-2.75261,-1.32534,1.01104,-1.94698,1.10108,1.16772,2.20138,-2.75266,-1.32422,1.00895,-1.94565,1.10136,1.16858,2.20139,0.000342702,0.000262473,-0.000326424,-0.000504911,-0.000485475,-0.000241521,-0.000108865,0,0,0,0,0,0,0,-0.204456,26.7144,-24.6136,7.47104,0.836199,2.50601,0.0844213,-0.182479,2.15251,-3.02882,1.88538,0.180354,0.911124,0.049993
1728232,1,-2.75262,-1.32534,1.01104,-1.94698,1.10108,1.16772,2.20138,-2.75266,-1.32422,1.00895,-1.94565,1.10136,1.16858,2.20139,-0.00218438,-0.00038183,-0.000217616,-0.000336608,-0.0001202,7.63448e-05,0.000402141,0,0,0,0,0,0,0,-0.101307,26.7383,-24.6136,7.47104,0.830705,2.4996,0.071604,-0.183409,2.15229,-3.02723,1.88452,0.180201,0.910992,0.0503612
1728233,1,-2.75261,-1.32534,1.01105,-1.94698,1.10108,1.16772,2.20138,-2.75266,-1.32422,1.00895,-1.94565,1.10136,1.16858,2.20139,-0.000899444,0.000302259,0.000411735,-0.000224405,0.000123317,0.000525614,-0.000681342,0,0,0,0,0,0,0,-0.125111,26.7144,-24.6374,7.47104,0.825212,2.48678,0.0972387,-0.180141,2.1508,-3.02621,1.88605,0.18027,0.910857,0.0508218
1728234,1,-2.75261,-1.32534,1.01105,-1.94698,1.10108,1.16772,2.20138,-2.75266,-1.32422,1.00895,-1.94565,1.10136,1.16858,2.20139,4.99846e-05,-0.000355306,0.000831302,-0.000149603,0.000285662,0.000113051,2.049e-05,0,0,0,0,0,0,0,-0.152882,26.7383,-24.6612,7.47104,0.819719,2.49319,0.0844213,-0.175466,2.14946,-3.02628,1.88833,0.180418,0.910776,0.0513518
1728237,0.97,-2.75261,-1.32534,1.01105,-1.94698,1.10108,1.16772,2.20138,-2.75266,-1.32422,1.00895,-1.94565,1.10136,1.16858,2.20139,0.000911896,0.000183441,-0.00061984,-0.000353667,-0.000186627,0.000191736,0.00024343,0,0,0,0,0,0,0,-0.204456,26.7144,-24.6136,7.47104,0.830705,2.49319,0.0780126,-0.174893,2.15032,-3.02636,1.88783,0.18029,0.910683,0.0532492
1728238,0.96,-2.75261,-1.32534,1.01104,-1.94698,1.10108,1.16772,2.20138,-2.75266,-1.32422,1.00895,-1.94565,1.10136,1.16858,2.20139,-0.00124811,0.000122294,0.000143585,0.000321034,-0.000327868,-0.000109535,-0.00054979,0,0,0,0,0,0,0,-0.125111,26.7144,-24.6374,7.44724,0.836199,2.4996,0.0972387,-0.176854,2.15123,-3.02579,1.88656,0.180182,0.910634,0.0539404
1728239,0.95,-2.75261,-1.32534,1.01105,-1.94698,1.10108,1.16772,2.20139,-2.75266,-1.32422,1.00895,-1.94565,1.10136,1.16858,2.20139,-0.000832073,-0.000475282,9.57234e-05,-0.000342789,0.000391773,0.000164336,0.00034555,0,0,0,0,0,0,0,-0.125111,26.7383,-24.6374,7.47104,0.819719,2.49319,0.0780126,-0.176441,2.15119,-3.02516,1.88646,0.180184,0.910533,0.0546478
1728240,0.95,-2.75261,-1.32534,1.01104,-1.94698,1.10108,1.16771,2.20138,-2.75266,-1.32422,1.00895,-1.94565,1.10136,1.16858,2.20139,-0.000554715,0.000239957,6.38156e-05,0.000328286,5.77313e-05,-0.00060252,-0.000719069,0,0,0,0,0,0,0,-0.125111,26.7144,-24.6374,7.44724,0.825212,2.51242,0.103647,-0.17417,2.15083,-3.02499,1.88718,0.18027,0.910422,0.0553704
1728241,0.95,-2.75261,-1.32534,1.01104,-1.94698,1.10108,1.16772,2.20139,-2.75266,-1.32422,1.00895,-1.94565,1.10136,1.16858,2.20139,0.000836616,0.000159971,4.25437e-05,0.000218857,0.000241938,0.000310397,0.000944774,0,0,0,0,0,0,0,-0.176685,26.7144,-24.6374,7.44724,0.819719,2.49319,0.0651953,-0.172496,2.15058,-3.02473,1.88751,0.180323,0.910322,0.0561054
1728242,0.95,-2.75261,-1.32534,1.01105,-1.94698,1.10108,1.16772,2.20139,-2.75266,-1.32422,1.00895,-1.94565,1.10136,1.16858,2.20139,0.00120736,-0.000450164,0.000585174,-0.000410907,-4.21585e-05,0.000206931,0.00134193,0,0,0,0,0,0,0,-0.204456,26.7383,-24.6612,7.47104,0.825212,2.49319,0.0459692,-0.173363,2.15132,-3.02453,1.88656,0.180273,0.910279,0.0568435
1728243,0.95,-2.75261,-1.32534,1.01105,-1.94698,1.10108,1.16772,2.20139,-2.75266,-1.32422,1.00895,-1.94565,1.10136,1.16858,2.20139,0.000155291,0.000256702,0.000390116,0.000282874,-0.000435007,0.000137954,-0.000529536,0,0,0,0,0,0,0,-0.176685,26.7144,-24.6612,7.44724,0.836199,2.49319,0.0844213,-0.176143,2.1532,-3.02489,1.88474,0.180158,0.910311,0.0575507
1728244,0.95,-2.75261,-1.32534,1.01104,-1.94698,1.10108,1.16772,2.20139,-2.75266,-1.32422,1.00895,-1.94565,1.10136,1.16858,2.20139,0.000753141,0.000820749,-0.000853546,0.000188583,0.000557706,-0.000382748,0.000833771,0,0,0,0,0,0,0,-0.204456,26.6867,-24.6136,7.44724,0.81331,2.50601,0.0523779,-0.178974,2.15446,-3.02469,1.88294,0.180032,0.910309,0.0581978
1728245,0.95,-2.75261,-1.32534,1.01105,-1.94698,1.10108,1.16772,2.20138,-2.75266,-1.32422,1.00895,-1.94565,1.10136,1.16858,2.20139,-0.00014752,-0.00065926,0.000544593,-0.0010807,-0.000475906,0.000219552,-0.000393589,0,0,0,0,0,0,0,-0.176685,26.7383,-24.6612,7.49881,0.836199,2.49319,0.0780126,-0.180893,2.15445,-3.02355,1.88178,0.179948,0.910242,0.0587813
1728246,0.95,-2.75261,-1.32534,1.01105,-1.94698,1.10108,1.16771,2.20139,-2.75266,-1.32422,1.00895,-1.94565,1.10136,1.16858,2.20139,0.000551268,0.000117305,0.000363062,0.000485956,0.000293081,-0.000565709,0.00167039,0,0,0,0,0,0,0,-0.204456,26.7144,-24.6612,7.44724,0.819719,2.51242,0.0258276,-0.181877,2.15458,-3.02302,1.88128,0.179926,0.910205,0.0593011
1728247,0.95,-2.75261,-1.32534,1.01105,-1.94698,1.10108,1.16771,2.20138,-2.75266,-1.32422,1.00895,-1.94565,1.10136,1.16858,2.20139,0.000367512,7.82035e-05,0.000242041,0.000323971,-0.000211514,9.75788e-05,-0.00034447,0,0,0,0,0,0,0,-0.204456,26.7144,-24.6612,7.44724,0.830705,2.4996,0.0651953,-0.182992,2.15534,-3.02327,1.88057,0.17989,0.910207,0.0597456
1728248,0.95,-2.75261,-1.32534,1.01105,-1.94698,1.10108,1.16772,2.20139,-2.75266,-1.32422,1.00895,-1.94565,1.10136,1.16858,2.20139,0.00080182,-0.000504676,-0.000395451,-0.00154726,0.000265892,-0.000172306,0.000245071,0,0,0,0,0,0,0,-0.22826,26.7383,-24.6374,7.52262,0.819719,2.50601,0.0523779,-0.184425,2.15613,-3.0234,1.87975,0.179847,0.910214,0.060098
1728249,0.95,-2.75261,-1.32534,1.01105,-1.94698,1.10108,1.16772,2.20139,-2.75266,-1.32422,1.00895,-1.94565,1.10136,1.16858,2.20139,-0.00122869,0.000220361,0.000293178,-0.000474693,-2.61894e-05,0.000122488,0.000163381,0,0,0,0,0,0,0,-0.152882,26.7144,-24.6612,7.49881,0.825212,2.4996,0.0523779,-0.184364,2.1561,-3.02328,1.88017,0.179904,0.910222,0.0603635
1728250,0.95,-2.75261,-1.32534,1.01105,-1.94698,1.10108,1.16772,2.20139,-2.75266,-1.32422,1.00895,-1.94565,1.10136,1.16858,2.20139,-0.000819128,0.000146907,-0.000918172,0.000889964,-0.00022091,0.000319018,0.00109226,0,0,0,0,0,0,0,-0.152882,26.7144,-24.6136,7.44724,0.830705,2.49319,0.0258276,-0.181754,2.15462,-3.02265,1.88189,0.18005,0.910153,0.0605543
1728251,0.95,-2.75261,-1.32534,1.01105,-1.94698,1.10108,1.16772,2.20139,-2.75266,-1.32422,1.00895,-1.94565,1.10136,1.16858,2.20139,1.07269e-05,-0.000458874,0.000501509,3.64974e-05,-0.000147273,-2.46805e-05,0.000728176,0,0,0,0,0,0,0,-0.176685,26.7383,-24.6612,7.47104,0.830705,2.4996,0.0258276,-0.178572,2.15278,-3.02162,1.88343,0.180173,0.910001,0.0606613
1728252,0.95,-2.75261,-1.32534,1.01104,-1.94698,1.10108,1.16772,2.20139,-2.75266,-1.32422,1.00895,-1.94565,1.10136,1.16858,2.20139,-0.000549661,-0.00095553,-0.000779284,2.43316e-05,0.000308719,-1.64537e-05,-0.000497893,0,0,0,0,0,0,0,-0.152882,26.766,-24.6136,7.47104,0.819719,2.4996,0.0523779,-0.176565,2.15213,-3.02102,1.88409,0.180242,0.909866,0.0606645
1728253,0.95,-2.75261,-1.32534,1.01105,-1.94698,1.10108,1.16772,2.20139,-2.75266,-1.32422,1.00895,-1.94565,1.10136,1.16858,2.20139,0.000190371,1.25941e-05,0.000594101,1.62211e-05,-0.000201089,-1.09691e-05,0.000651415,0,0,0,0,0,0,0,-0.176685,26.7383,-24.6612,7.47104,0.830705,2.4996,0.0258276,-0.175503,2.15255,-3.02096,1.88425,0.180285,0.909776,0.0605636
1728254,0.95,-2.75261,-1.32534,1.01105,-1.94698,1.10108,1.16772,2.20139,-2.75266,-1.32422,1.00895,-1.94565,1.10136,1.16858,2.20139,0.00133334,8.39608e-06,-0.000160745,0.000567626,0.000272842,-7.31275e-06,-0.000549067,0,0,0,0,0,0,0,-0.22826,26.7383,-24.6374,7.44724,0.819719,2.4996,0.0523779,-0.176153,2.15362,-3.02108,1.88358,0.180252,0.909737,0.0603765
1728255,0.95,-2.75261,-1.32534,1.01105,-1.94698,1.10108,1.16772,2.20139,-2.75266,-1.32422,1.00895,-1.94565,1.10136,1.16858,2.20139,0.000888893,0.000562409,-0.000107163,-0.000828009,-2.15558e-05,-0.000242234,0.000854658,0,0,0,0,0,0,0,-0.22826,26.7144,-24.6374,7.49881,0.825212,2.50601,0.0194189,-0.178936,2.15479,-3.02078,1.88206,0.180127,0.909739,0.0601197
1728256,0.95,-2.75261,-1.32534,1.01105,-1.94698,1.10108,1.16772,2.20139,-2.75266,-1.32422,1.00895,-1.94565,1.10136,1.16858,2.20139,-0.00061383,0.00037494,-0.000628254,0.00065442,-0.000217821,-0.000161489,9.50543e-05,0,0,0,0,0,0,0,-0.176685,26.7144,-24.6136,7.44724,0.830705,2.50601,0.0322363,-0.181522,2.15477,-3.01951,1.88097,0.180012,0.909714,0.0598063
1728257,0.95,-2.75261,-1.32534,1.01105,-1.94698,1.10108,1.16772,2.20138,-2.75266,-1.32422,1.00895,-1.94565,1.10136,1.16858,2.20139,-0.000966032,0.000899574,0.000137976,-0.000120532,-0.000145214,0.000129699,-0.00115733,0,0,0,0,0,0,0,-0.152882,26.6867,-24.6374,7.47104,0.830705,2.4996,0.0651953,-0.181477,2.15292,-3.01757,1.88126,0.17999,0.909619,0.0594382
1728258,0.95,-2.75261,-1.32534,1.01105,-1.94698,1.10108,1.16772,2.20138,-2.75266,-1.32422,1.00895,-1.94565,1.10136,1.16858,2.20139,0.000562404,-0.00060671,0.00129841,0.00103327,-9.68094e-05,0.000323825,-0.00100891,0,0,0,0,0,0,0,-0.204456,26.7383,-24.689,7.42344,0.830705,2.49319,0.071604,-0.179977,2.15106,-3.01653,1.88203,0.180011,0.909549,0.05903
1728259,0.95,-2.75261,-1.32534,1.01105,-1.94698,1.10108,1.16772,2.20139,-2.75266,-1.32422,1.00895,-1.94565,1.10136,1.16858,2.20139,-0.000274678,-0.000404473,0.000215993,-0.000424778,-0.000471441,-0.000258834,-0.000197892,0,0,0,0,0,0,0,-0.176685,26.7383,-24.6612,7.47104,0.841692,2.50601,0.0587866,-0.179487,2.1514,-3.01756,1.88203,0.180008,0.909603,0.058625
1728260,0.95,-2.75261,-1.32534,1.01105,-1.94698,1.10108,1.16772,2.20139,-2.75266,-1.32422,1.00895,-1.94565,1.10136,1.16858,2.20139,-0.000183118,-0.000269649,0.000143995,-0.000283185,9.26073e-05,6.48026e-05,0.00034279,0,0,0,0,0,0,0,-0.176685,26.7383,-24.6612,7.47104,0.830705,2.4996,0.0459692,-0.179321,2.15285,-3.01945,1.88194,0.180045,0.909715,0.0582635
1728261,0.95,-2.75261,-1.32534,1.01104,-1.94698,1.10108,1.16772,2.20138,-2.75266,-1.32422,1.00895,-1.94565,1.10136,1.16858,2.20139,-0.000122079,-0.000179766,-0.00166724,-0.000838404,6.17382e-05,0.000280561,-0.00119563,0,0,0,0,0,0,0,-0.176685,26.7383,-24.5858,7.49881,0.830705,2.49319,0.0844213,-0.178396,2.15331,-3.02016,1.8826,0.180176,0.90976,0.0579531
1728262,0.95,-2.75262,-1.32534,1.01105,-1.94698,1.10108,1.16772,2.20139,-2.75266,-1.32422,1.00895,-1.94565,1.10136,1.16858,2.20139,-0.00184462,-0.000119844,0.00130136,0.0012043,0.000244609,-5.03185e-05,0.000152351,0,0,0,0,0,0,0,-0.101307,26.7383,-24.689,7.42344,0.825212,2.4996,0.0587866,-0.176412,2.15267,-3.01973,1.8838,0.180366,0.909708,0.0576951
1728263,0.95,-2.75261,-1.32534,1.01105,-1.94698,1.10108,1.16772,2.20138,-2.75266,-1.32422,1.00895,-1.94565,1.10136,1.16858,2.20139,0.0011831,0.000476916,-0.000338854,0.000246056,-4.03776e-05,-3.35456e-05,-0.000847868,0,0,0,0,0,0,0,-0.204456,26.7144,-24.6374,7.44724,0.830705,2.4996,0.0844213,-0.174273,2.1521,-3.01964,1.88465,0.180526,0.909643,0.0575036
1728264,0.95,-2.75261,-1.32534,1.01105,-1.94698,1.10108,1.16772,2.20139,-2.75266,-1.32422,1.00895,-1.94565,1.10136,1.16858,2.20139,-0.000417691,0.000317944,-0.000225903,-0.000392775,0.000176532,0.000214995,0.00038419,0,0,0,0,0,0,0,-0.152882,26.7144,-24.6374,7.47104,0.825212,2.49319,0.0587866,-0.173507,2.1516,-3.01929,1.88473,0.180613,0.909586,0.0573855
1728265,0.95,-2.75261,-1.32534,1.01105,-1.94698,1.10108,1.16772,2.20139,-2.75266,-1.32422,1.00895,-1.94565,1.10136,1.16858,2.20139,0.000278351,0.000211963,-0.000707414,-0.000911464,0.000321139,0.00014333,0.000493486,0,0,0,0,0,0,0,-0.176685,26.7144,-24.6136,7.49881,0.819719,2.49319,0.0523779,-0.173038,2.15023,-3.01789,1.88508,0.180713,0.909498,0.0573402
1728266,0.95,-2.75261,-1.32534,1.01105,-1.94698,1.10108,1.16772,2.20138,-2.75266,-1.32422,1.00895,-1.94565,1.10136,1.16858,2.20139,0.00139199,0.000141308,0.00129163,0.000598783,1.06419e-05,-0.000141806,-0.00109516,0,0,0,0,0,0,0,-0.22826,26.7144,-24.689,7.44724,0.825212,2.4996,0.09083,-0.17338,2.14918,-3.01661,1.88527,0.18079,0.909444,0.0573485
1728267,0.95,-2.75261,-1.32534,1.01105,-1.94698,1.10108,1.16771,2.20138,-2.75266,-1.32422,1.00895,-1.94565,1.10136,1.16858,2.20139,0.000371184,9.42056e-05,0.000211472,0.000956001,-0.000399806,-9.4537e-05,0.000219327,0,0,0,0,0,0,0,-0.204456,26.7144,-24.6612,7.42344,0.836199,2.4996,0.0651953,-0.176262,2.15009,-3.01665,1.88385,0.180726,0.909481,0.0573945
1728268,0.95,-2.75261,-1.32534,1.01105,-1.94698,1.10108,1.16772,2.20138,-2.75266,-1.32422,1.00895,-1.94565,1.10136,1.16858,2.20139,0.000804268,-0.000494008,0.000140981,-0.00047629,-6.30871e-05,-0.000300384,-0.00104058,0,0,0,0,0,0,0,-0.22826,26.7383,-24.6612,7.47104,0.830705,2.50601,0.0972387,-0.180477,2.15233,-3.01756,1.88142,0.180585,0.909557,0.0574861
1728269,0.95,-2.75261,-1.32534,1.01105,-1.94698,1.10108,1.16772,2.20139,-2.75266,-1.32422,1.00895,-1.94565,1.10136,1.16858,2.20139,-0.000670247,0.000877087,9.39875e-05,-0.000317527,-4.20581e-05,-0.000437615,0.000967795,0,0,0,0,0,0,0,-0.176685,26.6867,-24.6612,7.47104,0.830705,2.51242,0.0523779,-0.183416,2.15394,-3.01835,1.87984,0.18052,0.909617,0.0576361
1728270,0.95,-2.75261,-1.32534,1.01105,-1.94698,1.10108,1.16772,2.20139,-2.75266,-1.32422,1.00895,-1.94565,1.10136,1.16858,2.20139,-0.000446832,0.000584725,0.000712272,-0.000211684,0.000378862,-0.000291743,0.000645197,0,0,0,0,0,0,0,-0.176685,26.6867,-24.689,7.47104,0.819719,2.51242,0.0523779,-0.18327,2.15359,-3.01881,1.88016,0.180594,0.909649,0.0578467
1728271,0.95,-2.75261,-1.32534,1.01105,-1.94698,1.10108,1.16772,2.20138,-2.75266,-1.32422,1.00895,-1.94565,1.10136,1.16858,2.20139,-0.000297888,-0.000259797,-0.000174766,-0.000790737,0.000252575,-0.000194495,-0.000519305,0,0,0,0,0,0,0,-0.176685,26.7144,-24.6612,7.49881,0.819719,2.51242,0.0780126,-0.180841,2.152,-3.01928,1.88183,0.180762,0.909681,0.0580859
1728272,0.95,-2.75261,-1.32534,1.01104,-1.94698,1.10108,1.16772,2.20138,-2.75266,-1.32422,1.00895,-1.94565,1.10136,1.16858,2.20139,-0.000198592,-0.00137962,-0.000673322,0.000679268,-0.000441968,0.000107695,-0.000108844,0,0,0,0,0,0,0,-0.176685,26.766,-24.6374,7.44724,0.836199,2.50601,0.071604,-0.178608,2.1511,-3.01976,1.88328,0.180929,0.909718,0.058319
1728273,0.95,-2.75261,-1.32534,1.01105,-1.94698,1.10108,1.16772,2.20139,-2.75266,-1.32422,1.00895,-1.94565,1.10136,1.16858,2.20139,0.000517219,0.000286676,-0.000448882,-0.000103967,0.000315706,0.000309156,0.000876873,0,0,0,0,0,0,0,-0.204456,26.7144,-24.6374,7.47104,0.819719,2.4996,0.0459692,-0.178159,2.15139,-3.01978,1.88346,0.181013,0.90973,0.0585454
1728274,0.95,-2.75261,-1.32534,1.01105,-1.94698,1.10108,1.16772,2.20139,-2.75266,-1.32422,1.00895,-1.94565,1.10136,1.16858,2.20139,-0.000304801,-0.000365694,0.000257558,-6.93111e-05,-0.00019643,0.000443463,0.000855849,0,0,0,0,0,0,0,-0.176685,26.7383,-24.6612,7.47104,0.830705,2.49319,0.038645,-0.178787,2.15191,-3.01937,1.88297,0.181037,0.909736,0.0587658
1728275,0.95,-2.75261,-1.32534,1.01105,-1.94698,1.10108,1.16771,2.20138,-2.75266,-1.32422,1.00895,-1.94565,1.10136,1.16858,2.20139,0.000446413,0.00096263,0.000821319,0.000510605,7.24969e-05,-0.000179076,-0.000650137,0,0,0,0,0,0,0,-0.204456,26.6867,-24.689,7.44724,0.825212,2.50601,0.071604,-0.179373,2.15221,-3.01935,1.88256,0.181038,0.909782,0.0589573
1728276,0.95,-2.75261,-1.32534,1.01105,-1.94698,1.10108,1.16771,2.20139,-2.75266,-1.32422,1.00895,-1.94565,1.10136,1.16858,2.20139,0.000297609,-0.000564673,-0.00065888,-0.00142283,0.000251782,0.000117975,-0.000670784,0,0,0,0,0,0,0,-0.204456,26.7383,-24.6374,7.52262,0.819719,2.4996,0.0780126,-0.17992,2.15223,-3.01962,1.88237,0.181032,0.90987,0.0591051
1728277,0.95,-2.75261,-1.32534,1.01105,-1.94698,1.10108,1.16772,2.20139,-2.75266,-1.32422,1.00895,-1.94565,1.10136,1.16858,2.20139,0.000198406,-0.000376449,0.000117559,0.000257869,-0.000442497,-0.000396068,0.000502247,0,0,0,0,0,0,0,-0.204456,26.7383,-24.6612,7.47104,0.836199,2.51242,0.0523779,-0.180579,2.15221,-3.01972,1.88247,0.181046,0.909969,0.0592268
1728278,0.95,-2.75261,-1.32534,1.01105,-1.94698,1.10108,1.16771,2.20139,-2.75266,-1.32422,1.00895,-1.94565,1.10136,1.16858,2.20139,0.000132271,0.000305846,0.000727986,0.000171913,-9.15475e-05,-0.000264045,0.00057219,0,0,0,0,0,0,0,-0.204456,26.7144,-24.689,7.47104,0.830705,2.51242,0.0459692,-0.181518,2.15273,-3.0202,1.88241,0.181049,0.910087,0.0593412
1728279,0.95,-2.75261,-1.32534,1.01105,-1.94698,1.10108,1.16772,2.20138,-2.75266,-1.32422,1.00895,-1.94565,1.10136,1.16858,2.20139,0.000644992,0.000853511,0.000485324,-0.000535005,-6.10317e-05,0.000298688,-0.000330617,0,0,0,0,0,0,0,-0.22826,26.6867,-24.689,7.49881,0.830705,2.4996,0.0651953,-0.18247,2.15315,-3.02111,1.88232,0.181032,0.91024,0.0594423
1728280,0.95,-2.75261,-1.32534,1.01105,-1.94698,1.10108,1.16771,2.20138,-2.75266,-1.32422,1.00895,-1.94565,1.10136,1.16858,2.20139,-0.000776431,-0.00184384,-0.000882876,0.000849756,-4.06878e-05,-0.000275593,-0.00045777,0,0,0,0,0,0,0,-0.176685,26.7898,-24.6374,7.44724,0.830705,2.51242,0.071604,-0.183323,2.15345,-3.02191,1.88223,0.181021,0.910382,0.0595157
1728281,0.95,-2.75261,-1.32534,1.01104,-1.94698,1.10108,1.16771,2.20139,-2.75266,-1.32422,1.00895,-1.94565,1.10136,1.16858,2.20139,0.000131993,-2.28035e-05,-0.0011454,9.69183e-06,-2.71252e-05,5.36304e-05,0.00115288,0,0,0,0,0,0,0,-0.204456,26.7383,-24.6136,7.47104,0.830705,2.50601,0.0322363,-0.18436,2.15416,-3.02194,1.8817,0.181013,0.910431,0.0595664
1728282,0.95,-2.75261,-1.32534,1.01104,-1.94698,1.10108,1.16771,2.20139,-2.75266,-1.32422,1.00895,-1.94565,1.10136,1.16858,2.20139,-0.00111843,-1.52024e-05,-0.00141321,6.46122e-06,0.000185367,0.000273113,-0.000214756,0,0,0,0,0,0,0,-0.152882,26.7383,-24.5858,7.47104,0.825212,2.4996,0.0587866,-0.184631,2.1538,-3.02028,1.88145,0.181045,0.91035,0.0596016
1728283,0.95,-2.75261,-1.32534,1.01105,-1.94698,1.10108,1.16772,2.20139,-2.75266,-1.32422,1.00895,-1.94565,1.10136,1.16858,2.20139,-0.000188808,0.000546677,0.00147071,-0.000645306,-7.98725e-05,0.000182075,0.00107753,0,0,0,0,0,0,0,-0.176685,26.7144,-24.689,7.49881,0.830705,2.4996,0.0258276,-0.182954,2.15187,-3.01809,1.88247,0.181162,0.910244,0.0596128
1728284,0.95,-2.75261,-1.32534,1.01105,-1.94698,1.10108,1.16772,2.20138,-2.75266,-1.32422,1.00895,-1.94565,1.10136,1.16858,2.20139,-0.000125872,-0.000192361,0.00033086,0.00021941,-5.32483e-05,-0.000115976,-0.00121443,0,0,0,0,0,0,0,-0.176685,26.7383,-24.6612,7.47104,0.830705,2.50601,0.0780126,-0.180403,2.15027,-3.01766,1.88417,0.181316,0.910272,0.0595873
1728285,0.95,-2.75261,-1.32534,1.01105,-1.94698,1.10108,1.16772,2.20139,-2.75266,-1.32422,1.00895,-1.94565,1.10136,1.16858,2.20139,-8.39148e-05,0.000428572,0.000220573,-0.00106015,0.000167952,0.000160042,0.00112316,0,0,0,0,0,0,0,-0.176685,26.7144,-24.6612,7.52262,0.825212,2.4996,0.0258276,-0.17825,2.14948,-3.01853,1.88583,0.181461,0.910408,0.0595223
1728286,0.95,-2.75261,-1.32534,1.01104,-1.94698,1.10108,1.16772,2.20139,-2.75266,-1.32422,1.00895,-1.94565,1.10136,1.16858,2.20139,-0.00126237,-0.000271098,-0.000409763,0.00105647,-9.14828e-05,0.000344054,-0.000234569,0,0,0,0,0,0,0,-0.125111,26.7383,-24.6374,7.44724,0.830705,2.49319,0.0523779,-0.176026,2.14859,-3.01921,1.88752,0.181606,0.91052,0.0594251
1728287,0.95,-2.75261,-1.32534,1.01105,-1.94698,1.10108,1.16772,2.20139,-2.75266,-1.32422,1.00895,-1.94565,1.10136,1.16858,2.20139,0.000364846,0.00102569,0.000283637,0.00126112,0.000142462,-7.98992e-06,8.09798e-05,0,0,0,0,0,0,0,-0.176685,26.6867,-24.6612,7.42344,0.825212,2.4996,0.0459692,-0.174318,2.14766,-3.01929,1.88841,0.181681,0.910543,0.0592913
1728288,0.95,-2.75261,-1.32534,1.01105,-1.94697,1.10108,1.16772,2.20139,-2.75266,-1.32422,1.00895,-1.94565,1.10136,1.16858,2.20139,0.00144966,-0.00052263,0.000189091,0.00139756,-0.000108476,-5.32661e-06,0.00103733,0,0,0,0,0,0,0,-0.22826,26.7383,-24.6612,7.39963,0.830705,2.4996,0.0194189,-0.175744,2.14799,-3.01918,1.88702,0.181569,0.91054,0.0591174
1728289,0.95,-2.75261,-1.32534,1.01105,-1.94698,1.10108,1.16772,2.20139,-2.75266,-1.32422,1.00895,-1.94565,1.10136,1.16858,2.20139,-0.000239988,0.000208392,-0.000430751,-0.000738728,0.000334584,-3.55107e-06,-0.000529149,0,0,0,0,0,0,0,-0.176685,26.7144,-24.6374,7.47104,0.819719,2.4996,0.0523779,-0.179906,2.14968,-3.01917,1.8841,0.18135,0.910567,0.0589014
1728290,0.95,-2.75261,-1.32534,1.01105,-1.94698,1.10108,1.16772,2.20139,-2.75266,-1.32422,1.00895,-1.94565,1.10136,1.16858,2.20139,-0.000159992,-0.000417884,0.000919258,-0.000492485,1.96054e-05,-0.000239726,0.000867937,0,0,0,0,0,0,0,-0.176685,26.7383,-24.689,7.47104,0.825212,2.50601,0.0194189,-0.182858,2.15118,-3.01951,1.88228,0.181235,0.910626,0.0586408
1728291,0.95,-2.75261,-1.32534,1.01105,-1.94698,1.10108,1.16772,2.20139,-2.75266,-1.32422,1.00895,-1.94565,1.10136,1.16858,2.20139,0.000542953,-0.000278589,-0.000593587,-0.00153475,0.00045388,7.75414e-05,-0.000133452,0,0,0,0,0,0,0,-0.204456,26.7383,-24.6374,7.52262,0.81331,2.4996,0.038645,-0.18367,2.15214,-3.02042,1.88222,0.181263,0.910736,0.0583385
1728292,0.95,-2.75261,-1.32534,1.01105,-1.94698,1.10108,1.16771,2.20139,-2.75266,-1.32422,1.00895,-1.94565,1.10136,1.16858,2.20139,-0.00149407,0.000371086,0.000810701,0.00018326,6.52275e-05,5.16943e-05,0.00038575,0,0,0,0,0,0,0,-0.125111,26.7144,-24.689,7.47104,0.819719,2.4996,0.0258276,-0.182791,2.15239,-3.0214,1.88342,0.181375,0.910848,0.0579916
1728293,0.95,-2.75261,-1.32534,1.01105,-1.94698,1.10108,1.16771,2.20139,-2.75266,-1.32422,1.00895,-1.94565,1.10136,1.16858,2.20139,0.000859992,-0.000309421,-0.000109146,-0.000527441,-0.000159966,-0.000440255,-0.000488819,0,0,0,0,0,0,0,-0.204456,26.7383,-24.6612,7.49881,0.825212,2.51242,0.0459692,-0.180697,2.15201,-3.02237,1.88518,0.181497,0.910931,0.0575995
1728294,0.95,-2.75261,-1.32534,1.01105,-1.94699,1.10108,1.16771,2.20139,-2.75266,-1.32422,1.00895,-1.94565,1.10136,1.16858,2.20139,0.000573328,0.000350531,-0.000629576,-0.00146525,-0.000513545,-5.61444e-05,0.000182747,0,0,0,0,0,0,0,-0.204456,26.7144,-24.6374,7.54642,0.836199,2.50601,0.0322363,-0.179419,2.15154,-3.02281,1.88667,0.18157,0.911004,0.057169
1728295,0.95,-2.75261,-1.32534,1.01104,-1.94698,1.10108,1.16771,2.20139,-2.75266,-1.32422,1.00895,-1.94565,1.10136,1.16858,2.20139,0.000382219,-0.000323125,-0.000419717,0.00134322,-0.000138913,-3.74296e-05,0.00035919,0,0,0,0,0,0,0,-0.204456,26.7383,-24.6374,7.44724,0.830705,2.50601,0.0258276,-0.179821,2.15103,-3.0221,1.88739,0.181569,0.911036,0.0567113
1728296,0.95,-2.75261,-1.32534,1.01104,-1.94698,1.10108,1.16772,2.20139,-2.75266,-1.32422,1.00895,-1.94565,1.10136,1.16858,2.20139,0.000254813,-0.00086503,-0.000279812,0.000895477,0.000314293,0.000449765,-0.000743884,0,0,0,0,0,0,0,-0.204456,26.766,-24.6374,7.44724,0.819719,2.49319,0.0523779,-0.182241,2.15168,-3.0211,1.88635,0.181436,0.911017,0.0562281
1728297,0.95,-2.75261,-1.32534,1.01105,-1.94698,1.10108,1.16772,2.20139,-2.75266,-1.32422,1.00895,-1.94565,1.10136,1.16858,2.20139,-0.00103655,7.2927e-05,0.00101988,4.01728e-05,-0.000197373,-0.000174875,0.000250063,0,0,0,0,0,0,0,-0.152882,26.7383,-24.689,7.47104,0.830705,2.50601,0.0322363,-0.184998,2.15359,-3.02107,1.88446,0.18125,0.911005,0.0557288
1728298,0.95,-2.75261,-1.32534,1.01105,-1.94698,1.10108,1.16772,2.20139,-2.75266,-1.32422,1.00895,-1.94565,1.10136,1.16858,2.20139,-0.000134222,0.00125504,3.03092e-05,0.000583594,0.000512678,0.000120776,-0.000816636,0,0,0,0,0,0,0,-0.176685,26.6867,-24.6612,7.44724,0.81331,2.4996,0.0587866,-0.185457,2.15462,-3.02179,1.88373,0.181138,0.911015,0.0552388
1728299,0.95,-2.75261,-1.32534,1.01105,-1.94698,1.10108,1.16772,2.20139,-2.75266,-1.32422,1.00895,-1.94565,1.10136,1.16858,2.20139,-8.94813e-05,0.000187082,-0.000536606,-0.000817363,-0.000302474,-0.000156842,0.000201561,0,0,0,0,0,0,0,-0.176685,26.7144,-24.6374,7.49881,0.830705,2.50601,0.038645,-0.184112,2.15361,-3.02174,1.88426,0.181093,0.910989,0.0547728
1728300,0.95,-2.75261,-1.32534,1.01105,-1.94698,1.10108,1.16772,2.20139,-2.75266,-1.32422,1.00895,-1.94565,1.10136,1.16858,2.20139,-0.00126608,-0.000432091,0.0014055,0.000104705,-0.0004051,-0.000104561,0.000134374,0,0,0,0,0,0,0,-0.125111,26.7383,-24.7128,7.47104,0.836199,2.50601,0.038645,-0.181674,2.15198,-3.02162,1.88567,0.18112,0.910972,0.0543388
1728301,0.95,-2.75261,-1.32534,1.01105,-1.94698,1.10108,1.16771,2.20139,-2.75266,-1.32422,1.00895,-1.94565,1.10136,1.16858,2.20139,0.000362372,0.000268752,-0.000269425,6.98034e-05,-0.000270067,-0.000544425,8.95828e-05,0,0,0,0,0,0,0,-0.176685,26.7144,-24.6612,7.47104,0.836199,2.51882,0.038645,-0.17879,2.15124,-3.02272,1.88733,0.181193,0.911029,0.0539341
1728302,0.95,-2.75261,-1.32534,1.01105,-1.94698,1.10108,1.16771,2.20139,-2.75266,-1.32422,1.00895,-1.94565,1.10136,1.16858,2.20139,0.000241582,0.000179168,-0.000179617,4.65356e-05,-0.000180045,-0.000125591,-0.000211545,0,0,0,0,0,0,0,-0.176685,26.7144,-24.6612,7.47104,0.836199,2.51242,0.0459692,-0.177224,2.15098,-3.02362,1.88825,0.181231,0.911104,0.053547
1728303,0.95,-2.75261,-1.32534,1.01105,-1.94698,1.10108,1.16772,2.20139,-2.75266,-1.32422,1.00895,-1.94565,1.10136,1.16858,2.20139,0.000161054,0.000769059,-0.000119745,-0.00061859,8.34208e-05,0.00039099,-0.00014103,0,0,0,0,0,0,0,-0.176685,26.6867,-24.6612,7.49881,0.830705,2.4996,0.0459692,-0.176863,2.15023,-3.02335,1.8887,0.181249,0.911162,0.053175
1728304,0.95,-2.75261,-1.32534,1.01105,-1.94698,1.10108,1.16772,2.20138,-2.75266,-1.32422,1.00895,-1.94565,1.10136,1.16858,2.20139,0.00010737,0.000512706,-0.00119345,-0.000969205,0.000259064,-0.000214058,-0.000806097,0,0,0,0,0,0,0,-0.176685,26.6867,-24.6136,7.52262,0.825212,2.51242,0.0651953,-0.176283,2.14823,-3.02184,1.88964,0.181318,0.911189,0.0528251
1728305,0.95,-2.75261,-1.32534,1.01105,-1.94698,1.10108,1.16772,2.20138,-2.75266,-1.32422,1.00895,-1.94565,1.10136,1.16858,2.20139,0.000721194,-0.000864622,-0.000238824,0.000560289,-3.07409e-05,-0.000142705,-0.00101212,0,0,0,0,0,0,0,-0.204456,26.7383,-24.6374,7.47104,0.830705,2.51242,0.0780126,-0.176298,2.14611,-3.01957,1.8904,0.181393,0.911197,0.0525071
1728306,0.95,-2.75261,-1.32534,1.01105,-1.94698,1.10108,1.16771,2.20138,-2.75266,-1.32422,1.00895,-1.94565,1.10136,1.16858,2.20139,0.000480796,-1.96026e-05,0.00160402,-0.000276088,-2.04939e-05,-9.51367e-05,-0.000674744,0,0,0,0,0,0,0,-0.204456,26.7144,-24.7128,7.49881,0.830705,2.51242,0.0780126,-0.178269,2.14637,-3.01883,1.88982,0.18139,0.91131,0.0522456
1728307,0.95,-2.75261,-1.32534,1.01105,-1.94698,1.10108,1.16772,2.20138,-2.75266,-1.32422,1.00895,-1.94565,1.10136,1.16858,2.20139,-0.000329083,-1.30684e-05,-0.000137078,0.000465555,-0.000217113,-6.34245e-05,-0.000687188,0,0,0,0,0,0,0,-0.176685,26.7144,-24.6612,7.47104,0.836199,2.51242,0.0844213,-0.180791,2.14846,-3.02026,1.88869,0.181356,0.911559,0.0520739
1728308,0.95,-2.75261,-1.32534,1.01105,-1.94698,1.10108,1.16772,2.20138,-2.75266,-1.32422,1.00895,-1.94565,1.10136,1.16858,2.20139,-0.000776201,-8.71228e-06,-9.13853e-05,0.00031037,5.87084e-05,0.000195076,-0.000458125,0,0,0,0,0,0,0,-0.152882,26.7144,-24.6612,7.47104,0.830705,2.50601,0.0844213,-0.181951,2.1501,-3.02191,1.88803,0.181362,0.911789,0.0520113
1728309,0.95,-2.75261,-1.32534,1.01105,-1.94698,1.10108,1.16772,2.20138,-2.75266,-1.32422,1.00895,-1.94565,1.10136,1.16858,2.20139,3.93447e-05,-0.00056262,-6.09235e-05,0.000763725,0.000242589,0.000130051,0.000169301,0,0,0,0,0,0,0,-0.176685,26.7383,-24.6612,7.44724,0.825212,2.50601,0.071604,-0.182144,2.15113,-3.02297,1.88757,0.181394,0.911944,0.0520627
1728310,0.95,-2.75261,-1.32534,1.01105,-1.94698,1.10107,1.16771,2.20138,-2.75266,-1.32422,1.00895,-1.94565,1.10136,1.16858,2.20139,-0.000530582,-0.00037508,-0.000597428,-4.76617e-05,-0.000448625,8.67004e-05,-0.00059921,0,0,0,0,0,0,0,-0.152882,26.7383,-24.6374,7.47104,0.841692,2.50601,0.09083,-0.182368,2.15222,-3.02367,1.88691,0.181428,0.912058,0.0522201
1728311,0.95,-2.75261,-1.32534,1.01105,-1.94698,1.10108,1.16771,2.20138,-2.75266,-1.32422,1.00895,-1.94565,1.10136,1.16858,2.20139,0.00140952,0.000306759,-0.000398285,-0.0012382,0.000514719,-0.000179559,7.52448e-05,0,0,0,0,0,0,0,-0.22826,26.7144,-24.6374,7.52262,0.819719,2.51242,0.0780126,-0.182783,2.15279,-3.02358,1.88652,0.181492,0.912157,0.052472
1728312,0.95,-2.75261,-1.32534,1.01105,-1.94698,1.10108,1.16772,2.20138,-2.75266,-1.32422,1.00895,-1.94565,1.10136,1.16858,2.20139,0.000382866,0.000204506,0.000940903,0.000937771,0.000139695,0.000355012,-0.000899273,0,0,0,0,0,0,0,-0.204456,26.7144,-24.689,7.44724,0.825212,2.4996,0.103647,-0.184079,2.15303,-3.02317,1.88618,0.181543,0.912302,0.0528116
1728313,0.95,-2.75261,-1.32534,1.01105,-1.94698,1.10108,1.16771,2.20138,-2.75266,-1.32422,1.00895,-1.94565,1.10136,1.16858,2.20139,-0.000951182,0.000136337,0.000627268,0.00118199,-0.00011032,-0.000238043,0.000824639,0,0,0,0,0,0,0,-0.152882,26.7144,-24.689,7.42344,0.830705,2.51242,0.0651953,-0.185746,2.15376,-3.02373,1.88535,0.181534,0.912494,0.0532339
1728314,0.95,-2.75262,-1.32534,1.01105,-1.94698,1.10108,1.16772,2.20138,-2.75266,-1.32422,1.00895,-1.94565,1.10136,1.16858,2.20139,-0.00184055,0.00129732,-0.000788247,-0.000325629,-0.000276997,-0.000633413,0.0003124,0,0,0,0,0,0,0,-0.101307,26.6629,-24.6374,7.47104,0.836199,2.52523,0.071604,-0.184694,2.15318,-3.02437,1.88553,0.181581,0.912617,0.0537321
1728315,0.95,-2.75261,-1.32534,1.01105,-1.94698,1.10108,1.16772,2.20138,-2.75266,-1.32422,1.00895,-1.94565,1.10136,1.16858,2.20139,0.000536206,-0.000341548,0.00123774,0.000339726,0.000222236,0.000289801,-0.000741169,0,0,0,0,0,0,0,-0.176685,26.7144,-24.7128,7.44724,0.825212,2.50601,0.0972387,-0.180935,2.15075,-3.0244,1.8872,0.181737,0.912684,0.0542774
1728316,0.95,-2.75261,-1.32534,1.01105,-1.94698,1.10108,1.16772,2.20138,-2.75266,-1.32422,1.00895,-1.94565,1.10136,1.16858,2.20139,0.000357471,0.000421915,0.000268348,-0.00153675,0.000351608,0.000193201,0.000217964,0,0,0,0,0,0,0,-0.176685,26.6867,-24.689,7.52262,0.819719,2.50601,0.0780126,-0.177917,2.14905,-3.02514,1.88882,0.181897,0.912852,0.0548454
1728317,0.95,-2.75261,-1.32534,1.01105,-1.94698,1.10108,1.16771,2.20138,-2.75266,-1.32422,1.00895,-1.94565,1.10136,1.16858,2.20139,0.000887928,0.000281277,0.000178899,0.000181923,3.09548e-05,0.000128801,0.000382668,0,0,0,0,0,0,0,-0.204456,26.6867,-24.689,7.47104,0.825212,2.50601,0.071604,-0.176782,2.14829,-3.02626,1.88989,0.182017,0.91311,0.055436
1728318,0.95,-2.75261,-1.32534,1.01105,-1.94698,1.10108,1.16772,2.20139,-2.75266,-1.32422,1.00895,-1.94565,1.10136,1.16858,2.20139,0.000591952,-0.000462096,-0.000530348,0.000121282,2.06365e-05,8.5867e-05,0.000967189,0,0,0,0,0,0,0,-0.204456,26.7144,-24.6612,7.47104,0.825212,2.50601,0.0523779,-0.177712,2.14811,-3.02675,1.8899,0.182048,0.913345,0.0560358
1728319,0.95,-2.75261,-1.32534,1.01105,-1.94698,1.10108,1.16772,2.20138,-2.75266,-1.32422,1.00895,-1.94565,1.10136,1.16858,2.20139,-0.000254979,-0.000308064,0.000296048,-0.00112557,-0.000596594,5.72447e-05,-0.000542002,0,0,0,0,0,0,0,-0.176685,26.7144,-24.689,7.52262,0.841692,2.50601,0.0844213,-0.179604,2.1486,-3.027,1.88929,0.182035,0.91354,0.0566162
1728320,0.95,-2.75261,-1.32534,1.01105,-1.94698,1.10108,1.16772,2.20138,-2.75266,-1.32422,1.00895,-1.94565,1.10136,1.16858,2.20139,-0.000726798,0.000444238,0.000754178,-0.000193569,9.17178e-06,3.81631e-05,-0.000123976,0,0,0,0,0,0,0,-0.152882,26.6867,-24.7128,7.49881,0.830705,2.50601,0.0780126,-0.179704,2.14875,-3.02778,1.88976,0.182108,0.913731,0.0571641
1728321,0.95,-2.75261,-1.32534,1.01105,-1.94698,1.10108,1.16771,2.20138,-2.75266,-1.32422,1.00895,-1.94565,1.10136,1.16858,2.20139,0.000721894,0.000296159,-5.40269e-05,0.00107738,6.11452e-06,2.54421e-05,0.000154708,0,0,0,0,0,0,0,-0.204456,26.6867,-24.689,7.44724,0.830705,2.50601,0.071604,-0.178804,2.14843,-3.02888,1.89058,0.182196,0.913898,0.0576864
1728322,0.95,-2.75261,-1.32534,1.01105,-1.94698,1.10108,1.16771,2.20139,-2.75266,-1.32422,1.00895,-1.94565,1.10136,1.16858,2.20139,0.000481263,-0.000452175,-3.60179e-05,0.000161441,0.000207527,-0.000695115,0.00132384,0,0,0,0,0,0,0,-0.204456,26.7144,-24.689,7.47104,0.825212,2.52523,0.038645,-0.179734,2.14864,-3.02965,1.89001,0.18217,0.914019,0.058186
1728323,0.95,-2.75261,-1.32534,1.01105,-1.94698,1.10108,1.16771,2.20138,-2.75266,-1.32422,1.00895,-1.94565,1.10136,1.16858,2.20139,-0.000328772,-0.00030145,-2.40119e-05,-0.000541986,0.000138351,1.13076e-05,-0.00081286,0,0,0,0,0,0,0,-0.176685,26.7144,-24.689,7.49881,0.825212,2.51242,0.0844213,-0.181721,2.14944,-3.0303,1.88879,0.182107,0.914132,0.0586476
1728324,0.95,-2.75261,-1.32534,1.01105,-1.94698,1.10108,1.16771,2.20138,-2.75266,-1.32422,1.00895,-1.94565,1.10136,1.16858,2.20139,0.000430432,-0.000200967,-1.6008e-05,-0.000361324,-0.000314667,0.000244897,-0.00101662,0,0,0,0,0,0,0,-0.204456,26.7144,-24.689,7.49881,0.836199,2.50601,0.0972387,-0.18286,2.15003,-3.03102,1.88828,0.182107,0.914259,0.0590577
1728325,0.95,-2.75261,-1.32534,1.01105,-1.94699,1.10108,1.16772,2.20139,-2.75266,-1.32422,1.00895,-1.94565,1.10136,1.16858,2.20139,0.000843767,-0.00069079,-1.0672e-05,-0.00191132,-6.3274e-06,0.000400624,0.000983763,0,0,0,0,0,0,0,-0.22826,26.7383,-24.689,7.57022,0.830705,2.4996,0.0523779,-0.183611,2.15045,-3.03176,1.88848,0.182167,0.914419,0.0594387
1728326,0.95,-2.75261,-1.32534,1.01105,-1.94698,1.10108,1.16771,2.20138,-2.75266,-1.32422,1.00895,-1.94565,1.10136,1.16858,2.20139,5.69932e-06,9.62855e-05,0.000549697,0.000396223,-4.21827e-06,-0.000207635,-0.000530953,0,0,0,0,0,0,0,-0.204456,26.7144,-24.7128,7.49881,0.830705,2.51242,0.0844213,-0.184437,2.15101,-3.03278,1.88907,0.18226,0.914618,0.059815
1728327,0.95,-2.75261,-1.32534,1.01105,-1.94698,1.10108,1.16772,2.20139,-2.75266,-1.32422,1.00895,-1.94565,1.10136,1.16858,2.20139,3.79955e-06,6.41903e-05,0.000366465,0.000264149,-2.81218e-06,-0.000138424,0.00107019,0,0,0,0,0,0,0,-0.204456,26.7144,-24.7128,7.49881,0.830705,2.51242,0.0459692,-0.18513,2.15156,-3.03416,1.88958,0.182327,0.914807,0.0601825
1728328,0.95,-2.75261,-1.32534,1.01105,-1.94698,1.10108,1.16771,2.20138,-2.75266,-1.32422,1.00895,-1.94565,1.10136,1.16858,2.20139,-0.00120389,0.000692407,-0.000312502,0.000176099,-1.87478e-06,-9.22824e-05,1.37998e-06,0,0,0,0,0,0,0,-0.152882,26.6867,-24.689,7.49881,0.830705,2.51242,0.0651953,-0.184717,2.15113,-3.03516,1.8903,0.182386,0.914917,0.060531
1728329,0.95,-2.75261,-1.32534,1.01105,-1.94698,1.10108,1.16772,2.20139,-2.75266,-1.32422,1.00895,-1.94565,1.10136,1.16858,2.20139,0.000403831,-0.000188009,-0.000208335,0.000767013,-1.24986e-06,0.000175837,0.000238279,0,0,0,0,0,0,0,-0.204456,26.7144,-24.689,7.47104,0.830705,2.50601,0.0587866,-0.183251,2.14946,-3.03521,1.89134,0.182454,0.914925,0.0608433
1728330,0.95,-2.75261,-1.32534,1.01106,-1.94698,1.10108,1.16772,2.20139,-2.75266,-1.32422,1.00895,-1.94565,1.10136,1.16858,2.20139,-0.000937205,-0.000125339,0.00162435,0.000511342,-8.33238e-07,0.000354584,0.0011422,0,0,0,0,0,0,0,-0.152882,26.7144,-24.7643,7.47104,0.830705,2.4996,0.0322363,-0.182204,2.14838,-3.03565,1.89185,0.182485,0.914931,0.0611072
1728331,0.95,-2.75261,-1.32534,1.01105,-1.94698,1.10108,1.16771,2.20139,-2.75266,-1.32422,1.00895,-1.94565,1.10136,1.16858,2.20139,-6.79917e-05,-8.35595e-05,-0.00132995,-0.000865531,0.000643704,-0.000475688,-0.000459239,0,0,0,0,0,0,0,-0.176685,26.7144,-24.6612,7.52262,0.81331,2.51882,0.0651953,-0.181092,2.14797,-3.03693,1.89238,0.182527,0.914981,0.0613139
1728332,0.95,-2.75261,-1.32534,1.01106,-1.94698,1.10108,1.16771,2.20139,-2.75266,-1.32422,1.00895,-1.94565,1.10136,1.16858,2.20139,-4.53278e-05,-0.000612518,0.00152622,-2.02087e-05,-1.16731e-05,-7.97661e-05,0.000405918,0,0,0,0,0,0,0,-0.176685,26.7383,-24.7643,7.49881,0.825212,2.51242,0.0459692,-0.179762,2.14757,-3.03824,1.89339,0.182608,0.915054,0.0614521
1728333,0.95,-2.75261,-1.32534,1.01105,-1.94698,1.10108,1.16771,2.20139,-2.75266,-1.32422,1.00895,-1.94565,1.10136,1.16858,2.20139,0.000619395,0.00079808,-0.000188948,-1.34725e-05,-0.000211233,-5.31774e-05,-0.000204106,0,0,0,0,0,0,0,-0.204456,26.6867,-24.7128,7.49881,0.830705,2.51242,0.0587866,-0.179373,2.1477,-3.03988,1.89414,0.182652,0.915187,0.0615266
1728334,0.95,-2.75261,-1.32534,1.01105,-1.94698,1.10108,1.16771,2.20139,-2.75266,-1.32422,1.00895,-1.94565,1.10136,1.16858,2.20139,0.00041293,-0.000674372,-0.00133239,0.00119744,-0.000344272,-0.000272811,0.000847273,0,0,0,0,0,0,0,-0.204456,26.7383,-24.6612,7.44724,0.836199,2.51882,0.0322363,-0.180729,2.14788,-3.04061,1.89389,0.182596,0.915287,0.0615439
1728335,0.96,-2.75261,-1.32534,1.01105,-1.94698,1.10108,1.16771,2.20139,-2.75266,-1.32422,1.00895,-1.94565,1.10136,1.16858,2.20139,0.000275287,0.00010723,-0.000888261,-0.00040813,-0.000229515,0.000292844,0.00032749,0,0,0,0,0,0,0,-0.204456,26.7144,-24.6612,7.49881,0.836199,2.50601,0.038645,-0.183557,2.14765,-3.03939,1.89268,0.18247,0.915271,0.0615021
1728336,0.97,-2.75261,-1.32534,1.01105,-1.94698,1.10108,1.16771,2.20139,-2.75266,-1.32422,1.00895,-1.94565,1.10136,1.16858,2.20139,-0.0010229,-0.00113494,0.000614252,-0.000272086,5.04406e-05,-4.21295e-05,-0.0002903,0,0,0,0,0,0,0,-0.152882,26.766,-24.7128,7.49881,0.830705,2.51242,0.0523779,-0.185543,2.14737,-3.03811,1.89196,0.182408,0.915249,0.0613972
1728337,0.98,-2.75261,-1.32534,1.01105,-1.94698,1.10108,1.16772,2.20138,-2.75266,-1.32422,1.00895,-1.94565,1.10136,1.16858,2.20139,-0.000125122,-0.000756626,-0.000147311,0.000468223,3.36271e-05,0.00068399,-0.000668251,0,0,0,0,0,0,0,-0.176685,26.766,-24.689,7.47104,0.830705,2.49319,0.0651953,-0.185819,2.14792,-3.03854,1.89211,0.182447,0.915311,0.0612325
1728338,0.99,-2.75261,-1.32534,1.01105,-1.94698,1.10108,1.16771,2.20139,-2.75266,-1.32422,1.00895,-1.94565,1.10136,1.16858,2.20139,0.00112301,0.000145197,-0.000747821,-0.000337465,-0.000181032,-0.000256083,0.000537844,0,0,0,0,0,0,0,-0.22826,26.7383,-24.6612,7.49881,0.836199,2.51242,0.038645,-0.186406,2.14912,-3.03947,1.89202,0.182483,0.915402,0.0610293
1728339,1,-2.75261,-1.32534,1.01105,-1.94698,1.10108,1.16771,2.20139,-2.75266,-1.32422,1.00895,-1.94565,1.10136,1.16858,2.20139,0.000748674,0.00130322,0.000707879,0.000981449,-0.000120688,-0.000170722,0.00107064,0,0,0,0,0,0,0,-0.22826,26.6867,-24.7128,7.44724,0.836199,2.51242,0.0194189,-0.188437,2.14969,-3.03947,1.89133,0.182453,0.915476,0.0608105
1728340,1,-2.75261,-1.32534,1.01105,-1.94698,1.10108,1.16771,2.20139,-2.75266,-1.32422,1.00895,-1.94565,1.10136,1.16858,2.20139,-5.76959e-05,0.000219202,0.00102873,9.74874e-05,0.000326442,0.000123544,-0.000269585,0,0,0,0,0,0,0,-0.204456,26.7144,-24.7366,7.47104,0.825212,2.50601,0.0459692,-0.190698,2.14962,-3.03967,1.89052,0.182388,0.915584,0.0605681
1728341,1,-2.75261,-1.32534,1.01105,-1.94698,1.10108,1.16772,2.20139,-2.75266,-1.32422,1.00895,-1.94565,1.10136,1.16858,2.20139,-3.8464e-05,-0.000410677,0.000129009,-0.000584622,0.000217628,8.23628e-05,-0.000417082,0,0,0,0,0,0,0,-0.204456,26.7383,-24.7128,7.49881,0.825212,2.50601,0.0523779,-0.191726,2.14964,-3.04105,1.89037,0.182381,0.91575,0.0602818
1728342,1,-2.75261,-1.32534,1.01106,-1.94698,1.10108,1.16771,2.20139,-2.75266,-1.32422,1.00895,-1.94565,1.10136,1.16858,2.20139,-0.000675257,-0.000273785,0.00129243,0.000259866,-0.000261816,5.49085e-05,0.000467931,0,0,0,0,0,0,0,-0.176685,26.7383,-24.7643,7.47104,0.836199,2.50601,0.0322363,-0.191216,2.15012,-3.04354,1.8911,0.182469,0.915951,0.0599582
1728343,1,-2.75261,-1.32534,1.01106,-1.94698,1.10108,1.16772,2.20139,-2.75266,-1.32422,1.00895,-1.94565,1.10136,1.16858,2.20139,0.000199443,0.000374289,0.000212007,-0.00047637,-0.000174544,-0.000200753,-0.000196673,0,0,0,0,0,0,0,-0.204456,26.7144,-24.7366,7.49881,0.836199,2.51242,0.0459692,-0.189649,2.15075,-3.04666,1.89237,0.182613,0.916158,0.0596133
1728344,1,-2.75261,-1.32534,1.01105,-1.94698,1.10108,1.16772,2.20139,-2.75266,-1.32422,1.00895,-1.94565,1.10136,1.16858,2.20139,-0.000516652,0.000249526,-0.000415474,-0.00031758,8.7088e-05,0.000103523,0.000377511,0,0,0,0,0,0,0,-0.176685,26.7144,-24.7128,7.49881,0.830705,2.50601,0.0322363,-0.187462,2.15037,-3.04891,1.89413,0.182794,0.916301,0.05925
1728345,1,-2.75261,-1.32534,1.01105,-1.94698,1.10108,1.16771,2.20138,-2.75266,-1.32422,1.00895,-1.94565,1.10136,1.16858,2.20139,0.000305179,0.000166351,-0.000276983,0.000437894,-0.000348842,-0.000168343,-0.00215582,0,0,0,0,0,0,0,-0.204456,26.7144,-24.7128,7.47104,0.841692,2.51242,0.0972387,-0.185354,2.14884,-3.0495,1.89589,0.182976,0.916333,0.0588679
1728346,1,-2.75261,-1.32534,1.01105,-1.94698,1.10108,1.16771,2.20139,-2.75266,-1.32422,1.00895,-1.94565,1.10136,1.16858,2.20139,-0.000446161,0.000760514,-0.000184655,0.000291929,0.000174339,-0.000349588,0.00120764,0,0,0,0,0,0,0,-0.176685,26.6867,-24.7128,7.47104,0.830705,2.51882,0.0258276,-0.183969,2.14687,-3.049,1.89706,0.183116,0.916288,0.0584907
1728347,1,-2.75261,-1.32534,1.01105,-1.94698,1.10108,1.16771,2.20138,-2.75266,-1.32422,1.00895,-1.94565,1.10136,1.16858,2.20139,-0.000854253,-0.000699416,-0.000123103,0.00019462,0.000319677,-0.000233059,-0.00112769,0,0,0,0,0,0,0,-0.152882,26.7383,-24.7128,7.47104,0.825212,2.51882,0.0780126,-0.182599,2.14487,-3.04831,1.89797,0.183244,0.916218,0.058151
1728348,1,-2.75261,-1.32534,1.01105,-1.94698,1.10108,1.16771,2.20139,-2.75266,-1.32422,1.00895,-1.94565,1.10136,1.16858,2.20139,-0.000569502,0.000740148,0.000474743,0.000129746,0.000213118,0.000319346,0.000435004,0,0,0,0,0,0,0,-0.152882,26.6867,-24.7366,7.47104,0.825212,2.50601,0.0459692,-0.180573,2.14326,-3.04825,1.89899,0.183395,0.916176,0.0578543
1728349,1,-2.75261,-1.32534,1.01105,-1.94698,1.10108,1.16771,2.20138,-2.75266,-1.32422,1.00895,-1.94565,1.10136,1.16858,2.20139,-0.000379668,-0.000712994,-0.000797129,-0.000563116,0.000345529,-2.44619e-05,-0.00137151,0,0,0,0,0,0,0,-0.152882,26.7383,-24.689,7.49881,0.819719,2.51242,0.09083,-0.17824,2.14189,-3.04858,1.90016,0.183558,0.91617,0.0576011
1728350,1,-2.75261,-1.32534,1.01105,-1.94698,1.10108,1.16771,2.20138,-2.75266,-1.32422,1.00895,-1.94565,1.10136,1.16858,2.20139,0.0003037,-0.000475329,-0.00118103,-0.000375411,-0.000379999,-1.6308e-05,-0.0011517,0,0,0,0,0,0,0,-0.176685,26.7383,-24.6612,7.49881,0.836199,2.51242,0.0972387,-0.176681,2.14085,-3.04838,1.90111,0.183704,0.916166,0.0574008
1728351,1,-2.75261,-1.32534,1.01105,-1.94698,1.10108,1.16771,2.20139,-2.75266,-1.32422,1.00895,-1.94565,1.10136,1.16858,2.20139,-0.000354345,0.000239926,-0.000137741,0.000956152,0.000153568,-0.000248231,0.000181637,0,0,0,0,0,0,0,-0.152882,26.7144,-24.689,7.44724,0.825212,2.51882,0.071604,-0.176594,2.14034,-3.04752,1.90126,0.183781,0.916148,0.0572817
1728352,1,-2.75261,-1.32534,1.01105,-1.94698,1.10108,1.16771,2.20138,-2.75266,-1.32422,1.00895,-1.94565,1.10136,1.16858,2.20139,0.000970196,0.000159951,0.0010218,-0.000568991,0.000102379,0.000309231,-0.000353627,0,0,0,0,0,0,0,-0.204456,26.7144,-24.7366,7.49881,0.825212,2.50601,0.0844213,-0.177719,2.14055,-3.04725,1.90058,0.183767,0.916197,0.0572712
1728353,1,-2.75261,-1.32534,1.01105,-1.94698,1.10108,1.16772,2.20138,-2.75266,-1.32422,1.00895,-1.94565,1.10136,1.16858,2.20139,-2.81679e-06,0.000106634,0.000681198,-0.000379328,6.82527e-05,0.000206154,-0.00118519,0,0,0,0,0,0,0,-0.176685,26.7144,-24.7366,7.49881,0.825212,2.50601,0.110056,-0.179415,2.14168,-3.04859,1.89975,0.183714,0.916391,0.0573647
1728354,1,-2.75261,-1.32534,1.01105,-1.94698,1.10108,1.16771,2.20138,-2.75266,-1.32422,1.00895,-1.94565,1.10136,1.16858,2.20139,0.000647736,7.10891e-05,-0.00010268,0.000396729,-0.000157949,-9.99231e-05,-0.000552766,0,0,0,0,0,0,0,-0.204456,26.7144,-24.7128,7.47104,0.830705,2.51242,0.103647,-0.181264,2.1432,-3.05072,1.89898,0.183646,0.916653,0.0575604
1728356,0.98,-2.75261,-1.32534,1.01105,-1.94698,1.10108,1.16771,2.20138,-2.75266,-1.32422,1.00895,-1.94565,1.10136,1.16858,2.20139,-0.000361731,0.000217199,-0.00023124,-9.28001e-06,6.54342e-05,-0.00020265,0.000149925,0,0,0,0,0,0,0,-0.176685,26.7144,-24.7128,7.47104,0.830705,2.51882,0.0844213,-0.187061,2.14755,-3.05474,1.89553,0.183363,0.917098,0.0582855
1728357,0.98,-2.75261,-1.32534,1.01106,-1.94699,1.10108,1.16771,2.20138,-2.75266,-1.32422,1.00895,-1.94565,1.10136,1.16858,2.20139,-0.00144758,-0.00106163,0.00105227,-0.00176942,0.000450524,0.000102259,-0.000137409,0,0,0,0,0,0,0,-0.125111,26.766,-24.7643,7.54642,0.819719,2.51242,0.09083,-0.187401,2.149,-3.05695,1.89519,0.183354,0.917295,0.0587826
1728358,0.98,-2.75261,-1.32534,1.01105,-1.94698,1.10108,1.16771,2.20138,-2.75266,-1.32422,1.00895,-1.94565,1.10136,1.16858,2.20139,-0.000315439,0.000498675,5.18968e-05,0.00114043,-0.000106552,-0.000169186,0.000383112,0,0,0,0,0,0,0,-0.152882,26.7144,-24.7366,7.44724,0.830705,2.51882,0.0780126,-0.18463,2.14957,-3.05972,1.89672,0.183503,0.917507,0.0593348
1728359,0.98,-2.75261,-1.32534,1.01106,-1.94698,1.10108,1.16771,2.20138,-2.75266,-1.32422,1.00895,-1.94565,1.10136,1.16858,2.20139,0.000996133,-0.000873976,0.000684212,0.000760289,0.000132416,-0.00035015,-0.000456669,0,0,0,0,0,0,0,-0.204456,26.766,-24.7643,7.44724,0.825212,2.52523,0.0972387,-0.182908,2.1506,-3.06246,1.89736,0.183572,0.917715,0.0599183
1728360,0.98,-2.75261,-1.32534,1.01106,-1.94698,1.10108,1.16772,2.20138,-2.75266,-1.32422,1.00895,-1.94565,1.10136,1.16858,2.20139,1.44747e-05,6.69633e-05,0.000456141,-0.00125638,8.82773e-05,0.000478644,0.00064499,0,0,0,0,0,0,0,-0.176685,26.7383,-24.7643,7.52262,0.825212,2.50601,0.071604,-0.18373,2.15265,-3.0651,1.89651,0.183516,0.917955,0.0605185
1728361,0.98,-2.75261,-1.32534,1.01105,-1.94698,1.10108,1.16772,2.20138,-2.75266,-1.32422,1.00895,-1.94565,1.10136,1.16858,2.20139,0.000659264,0.000601454,-0.000902332,-0.000280774,-0.000348049,0.000556455,0.000429993,0,0,0,0,0,0,0,-0.204456,26.7144,-24.7128,7.49881,0.836199,2.4996,0.071604,-0.184591,2.15371,-3.06672,1.89615,0.183485,0.918178,0.0611298
1728362,0.98,-2.75261,-1.32534,1.01105,-1.94698,1.10108,1.16771,2.20138,-2.75266,-1.32422,1.00895,-1.94565,1.10136,1.16858,2.20139,0.000439509,0.000400969,-0.000601555,-0.000187182,-2.85825e-05,-0.000103748,0.000286662,0,0,0,0,0,0,0,-0.204456,26.7144,-24.7128,7.49881,0.830705,2.51242,0.071604,-0.185107,2.15261,-3.06605,1.8964,0.183477,0.918273,0.0617313
1728363,0.98,-2.75261,-1.32534,1.01105,-1.94698,1.10108,1.16772,2.20138,-2.75266,-1.32422,1.00895,-1.94565,1.10136,1.16858,2.20139,-0.00156303,0.000267313,0.000155776,0.000524826,0.000184396,-0.000306524,-0.000758328,0,0,0,0,0,0,0,-0.125111,26.7144,-24.7366,7.47104,0.825212,2.51882,0.0972387,-0.184856,2.15031,-3.06428,1.89695,0.183479,0.918262,0.0623026
1728364,0.98,-2.75261,-1.32534,1.01106,-1.94698,1.10108,1.16771,2.20138,-2.75266,-1.32422,1.00895,-1.94565,1.10136,1.16858,2.20139,0.000814017,-0.00102822,0.000753464,-0.00029973,0.000326381,3.30094e-05,-3.08339e-05,0,0,0,0,0,0,0,-0.204456,26.766,-24.7643,7.49881,0.819719,2.51242,0.0844213,-0.183605,2.1487,-3.06375,1.89768,0.183502,0.918272,0.0628446
1728365,0.98,-2.75261,-1.32534,1.01106,-1.94698,1.10108,1.16771,2.20138,-2.75266,-1.32422,1.00895,-1.94565,1.10136,1.16858,2.20139,0.000542678,0.000520948,0.00050231,0.000449794,-0.000392764,2.20063e-05,0.000216803,0,0,0,0,0,0,0,-0.204456,26.7144,-24.7643,7.47104,0.836199,2.51242,0.0780126,-0.183635,2.14917,-3.06504,1.89758,0.183469,0.918393,0.0633706
1728366,0.98,-2.75261,-1.32534,1.01105,-1.94699,1.10108,1.16771,2.20138,-2.75266,-1.32422,1.00895,-1.94565,1.10136,1.16858,2.20139,0.000361785,-0.000209513,-0.000871553,-0.00146338,-0.000261843,0.00025203,-0.000567541,0,0,0,0,0,0,0,-0.204456,26.7383,-24.7128,7.54642,0.836199,2.50601,0.0972387,-0.1848,2.15008,-3.06641,1.89713,0.183406,0.918546,0.0638876
1728367,0.98,-2.75261,-1.32534,1.01106,-1.94698,1.10108,1.16771,2.20138,-2.75266,-1.32422,1.00895,-1.94565,1.10136,1.16858,2.20139,0.00024119,-0.000139676,-2.42233e-05,0.000787654,-0.000174562,0.00016802,0.000333716,0,0,0,0,0,0,0,-0.204456,26.7383,-24.7366,7.47104,0.836199,2.50601,0.0780126,-0.1858,2.15021,-3.06677,1.89706,0.183378,0.918638,0.0643971
1728368,0.98,-2.75261,-1.32534,1.01105,-1.94698,1.10108,1.16771,2.20138,-2.75266,-1.32422,1.00895,-1.94565,1.10136,1.16858,2.20139,0.000160794,0.00111331,-1.61489e-05,-0.000124511,0.000290526,-0.000125346,0.000459836,0,0,0,0,0,0,0,-0.204456,26.6867,-24.7366,7.49881,0.825212,2.51242,0.071604,-0.186716,2.14987,-3.06661,1.89697,0.18335,0.918671,0.064905
1728369,0.98,-2.75261,-1.32534,1.01105,-1.94698,1.10108,1.16771,2.20139,-2.75266,-1.32422,1.00895,-1.94565,1.10136,1.16858,2.20139,-0.000542418,9.25919e-05,-1.07659e-05,0.000566607,-0.000213217,-0.000320923,0.00125599,0,0,0,0,0,0,0,-0.176685,26.7144,-24.7366,7.47104,0.836199,2.51882,0.0459692,-0.186892,2.14873,-3.06627,1.89711,0.18333,0.918658,0.0654053
1728370,0.98,-2.75261,-1.32534,1.01105,-1.94698,1.10108,1.16771,2.20139,-2.75266,-1.32422,1.00895,-1.94565,1.10136,1.16858,2.20139,0.000288002,-0.000495084,-0.000563989,0.00093455,6.1306e-05,-0.000213948,0.00134596,0,0,0,0,0,0,0,-0.204456,26.7383,-24.7128,7.44724,0.830705,2.51882,0.0322363,-0.18684,2.14774,-3.06606,1.89707,0.183309,0.918617,0.0658644
1728371,0.98,-2.75261,-1.32534,1.01106,-1.94698,1.10108,1.16771,2.20139,-2.75266,-1.32422,1.00895,-1.94565,1.10136,1.16858,2.20139,0.000192001,-0.000330056,-0.000375993,-0.000583393,4.08707e-05,-0.000142632,-8.60408e-05,0,0,0,0,0,0,0,-0.204456,26.7383,-24.7128,7.49881,0.830705,2.51882,0.0587866,-0.187702,2.14784,-3.06609,1.89633,0.183269,0.918585,0.0662354
1728372,0.98,-2.75261,-1.32534,1.01105,-1.94698,1.10108,1.16771,2.20139,-2.75266,-1.32422,1.00895,-1.94565,1.10136,1.16858,2.20139,-0.000521613,0.000336775,0.00030615,-0.000388929,2.72471e-05,0.000142271,0.000925984,0,0,0,0,0,0,0,-0.176685,26.7144,-24.7366,7.49881,0.830705,2.51242,0.0322363,-0.188102,2.14803,-3.0664,1.89613,0.18329,0.918603,0.0664941
1728373,0.98,-2.75261,-1.32534,1.01105,-1.94699,1.10108,1.16771,2.20139,-2.75266,-1.32422,1.00895,-1.94565,1.10136,1.16858,2.20139,-0.000347742,0.000224516,0.0002041,-0.00137291,1.81647e-05,-0.000379871,0.000617322,0,0,0,0,0,0,0,-0.176685,26.7144,-24.7366,7.54642,0.830705,2.52523,0.0322363,-0.186348,2.14731,-3.06724,1.89758,0.183437,0.918688,0.0666423
1728374,0.98,-2.75261,-1.32534,1.01106,-1.94698,1.10108,1.16771,2.20139,-2.75266,-1.32422,1.00895,-1.94565,1.10136,1.16858,2.20139,-0.00078864,0.000149678,0.000136067,-0.000358461,-0.000191341,0.000221471,0.000174189,0,0,0,0,0,0,0,-0.152882,26.7144,-24.7366,7.52262,0.836199,2.51242,0.038645,-0.182679,2.14574,-3.06848,1.90044,0.183688,0.918825,0.0666738
1728375,0.98,-2.75261,-1.32534,1.01106,-1.94698,1.10108,1.16771,2.20139,-2.75266,-1.32422,1.00895,-1.94565,1.10136,1.16858,2.20139,3.10519e-05,9.97851e-05,0.000740325,0.000967452,-0.00012756,0.000385006,-0.0003925,0,0,0,0,0,0,0,-0.176685,26.7144,-24.7643,7.47104,0.836199,2.50601,0.0523779,-0.179048,2.14448,-3.07014,1.90311,0.18392,0.918984,0.0665808
1728376,0.98,-2.75261,-1.32534,1.01106,-1.94698,1.10108,1.16771,2.20139,-2.75266,-1.32422,1.00895,-1.94565,1.10136,1.16858,2.20139,0.000670315,-0.000490289,0.00105036,-4.64606e-06,0.00011841,1.93118e-05,0.000484319,0,0,0,0,0,0,0,-0.204456,26.7383,-24.7881,7.49881,0.830705,2.51242,0.0322363,-0.177833,2.14513,-3.07279,1.90396,0.184015,0.919197,0.066378
1728377,0.98,-2.75261,-1.32534,1.01106,-1.94698,1.10108,1.16771,2.20139,-2.75266,-1.32422,1.00895,-1.94565,1.10136,1.16858,2.20139,0.000446877,0.000229953,0.000143429,-3.09737e-06,7.89401e-05,-0.000224484,0.000797597,0,0,0,0,0,0,0,-0.204456,26.7144,-24.7643,7.49881,0.830705,2.51882,0.0194189,-0.179189,2.14746,-3.07615,1.90329,0.184003,0.91947,0.0660897
1728378,0.98,-2.75261,-1.32534,1.01106,-1.94699,1.10108,1.16771,2.20139,-2.75266,-1.32422,1.00895,-1.94565,1.10136,1.16858,2.20139,-0.000908508,0.000153302,9.56196e-05,-0.0016725,-0.000354274,8.77027e-05,-0.000180346,0,0,0,0,0,0,0,-0.152882,26.7144,-24.7643,7.57022,0.841692,2.51242,0.038645,-0.180183,2.14905,-3.07891,1.90319,0.184036,0.91972,0.0657239
1728379,0.98,-2.75261,-1.32534,1.01105,-1.94698,1.10108,1.16771,2.20139,-2.75266,-1.32422,1.00895,-1.94565,1.10136,1.16858,2.20139,-4.88601e-05,-0.000454611,-0.000585868,0.000555435,0.000374169,-0.00017889,0.000354488,0,0,0,0,0,0,0,-0.176685,26.7383,-24.7366,7.49881,0.825212,2.51882,0.0258276,-0.179287,2.14902,-3.08052,1.90443,0.184177,0.919885,0.0652784
1728380,0.98,-2.75261,-1.32534,1.01106,-1.94698,1.10108,1.16771,2.20139,-2.75266,-1.32422,1.00895,-1.94565,1.10136,1.16858,2.20139,0.000617041,-0.0015095,0.000815848,0.0010199,0.000452896,-0.00011926,-0.000747019,0,0,0,0,0,0,0,-0.204456,26.7898,-24.7881,7.47104,0.819719,2.51882,0.0523779,-0.179653,2.15005,-3.08203,1.90462,0.184251,0.920013,0.0647566
1728381,0.98,-2.75261,-1.32534,1.01106,-1.94698,1.10108,1.16771,2.20139,-2.75266,-1.32422,1.00895,-1.94565,1.10136,1.16858,2.20139,-0.000238254,0.000756905,-0.000662528,3.03222e-05,-0.000511871,0.000157852,0.000485331,0,0,0,0,0,0,0,-0.176685,26.7144,-24.7366,7.49881,0.841692,2.51242,0.0258276,-0.182298,2.1527,-3.08384,1.90307,0.184191,0.920144,0.0641778
1728382,0.98,-2.75261,-1.32534,1.01106,-1.94698,1.10108,1.16771,2.20139,-2.75266,-1.32422,1.00895,-1.94565,1.10136,1.16858,2.20139,-0.000158836,-5.22088e-05,0.000764741,-0.000536597,0.000269104,-0.000369483,8.61953e-05,0,0,0,0,0,0,0,-0.176685,26.7383,-24.7881,7.52262,0.825212,2.52523,0.0322363,-0.184101,2.15418,-3.08502,1.90212,0.184149,0.920246,0.0635716
1728383,0.98,-2.75261,-1.32534,1.01105,-1.94698,1.10108,1.16771,2.20139,-2.75266,-1.32422,1.00895,-1.94565,1.10136,1.16858,2.20139,-0.000662702,-0.00068442,-0.000696599,0.000199081,-2.40478e-05,-8.96318e-06,5.74636e-05,0,0,0,0,0,0,0,-0.152882,26.766,-24.7366,7.49881,0.830705,2.51882,0.0322363,-0.18412,2.15438,-3.08586,1.9024,0.184187,0.920335,0.0629461
1728384,0.98,-2.75261,-1.32534,1.01105,-1.94698,1.10108,1.16771,2.20139,-2.75266,-1.32422,1.00895,-1.94565,1.10136,1.16858,2.20139,0.000764624,0.000750146,-0.000464399,0.00013272,0.000187419,0.000468742,0.000513027,0,0,0,0,0,0,0,-0.204456,26.7144,-24.7366,7.49881,0.825212,2.50601,0.0194189,-0.183899,2.15412,-3.08607,1.90283,0.184228,0.920389,0.0622967
1728385,0.98,-2.75261,-1.32534,1.01105,-1.94698,1.10108,1.16771,2.20139,-2.75266,-1.32422,1.00895,-1.94565,1.10136,1.16858,2.20139,-0.000139864,0.000500097,-0.000866411,8.84802e-05,-7.85047e-05,7.5136e-05,-0.000878685,0,0,0,0,0,0,0,-0.176685,26.7144,-24.7128,7.49881,0.830705,2.51242,0.0523779,-0.184202,2.15274,-3.08473,1.90304,0.184223,0.920367,0.0616238
1728386,0.98,-2.75261,-1.32534,1.01105,-1.94698,1.10108,1.16771,2.20139,-2.75266,-1.32422,1.00895,-1.94565,1.10136,1.16858,2.20139,0.000556371,0.000333398,-2.07956e-05,5.89868e-05,0.000151114,5.00907e-05,-0.000823149,0,0,0,0,0,0,0,-0.204456,26.7144,-24.7366,7.49881,0.825212,2.51242,0.0587866,-0.184729,2.15059,-3.08259,1.90324,0.184191,0.920313,0.0609366
1728387,0.98,-2.75261,-1.32534,1.01106,-1.94699,1.10108,1.16771,2.20139,-2.75266,-1.32422,1.00895,-1.94565,1.10136,1.16858,2.20139,0.000370914,-0.000334546,0.00119256,-0.0010743,-0.000306158,-0.000203965,0.000434578,0,0,0,0,0,0,0,-0.204456,26.7383,-24.7881,7.54642,0.836199,2.51882,0.0322363,-0.185402,2.1493,-3.08171,1.90355,0.184162,0.920355,0.0602665
1728388,0.98,-2.75261,-1.32534,1.01105,-1.94699,1.10108,1.16771,2.20139,-2.75266,-1.32422,1.00895,-1.94565,1.10136,1.16858,2.20139,-0.000402338,0.000333781,-0.000411384,-0.0007162,-0.000204106,-0.000135977,0.0010018,0,0,0,0,0,0,0,-0.176685,26.7144,-24.7366,7.54642,0.836199,2.51882,0.0130102,-0.185392,2.14899,-3.08267,1.90459,0.184199,0.920525,0.0596378
1728389,0.98,-2.75261,-1.32534,1.01105,-1.94698,1.10108,1.16771,2.20139,-2.75266,-1.32422,1.00895,-1.94565,1.10136,1.16858,2.20139,0.000381389,-0.000334291,-0.000274256,7.93456e-05,0.000270831,-9.06512e-05,-0.000790198,0,0,0,0,0,0,0,-0.204456,26.7383,-24.7366,7.52262,0.825212,2.51882,0.0523779,-0.184583,2.14861,-3.08381,1.90618,0.184287,0.920695,0.0590324
1728390,0.98,-2.75261,-1.32534,1.01106,-1.94698,1.10108,1.16771,2.20139,-2.75266,-1.32422,1.00895,-1.94565,1.10136,1.16858,2.20139,0.000254259,-0.000222861,0.00102359,5.2897e-05,-0.000226347,-6.04341e-05,-0.000764158,0,0,0,0,0,0,0,-0.204456,26.7383,-24.7881,7.52262,0.836199,2.51882,0.0587866,-0.184567,2.14897,-3.08512,1.90712,0.18433,0.920862,0.0584286
1728391,0.98,-2.75261,-1.32534,1.01106,-1.94699,1.10108,1.16772,2.20139,-2.75266,-1.32422,1.00895,-1.94565,1.10136,1.16858,2.20139,-0.000480108,-0.000798188,-0.000524034,3.52647e-05,0.000256003,-4.02894e-05,0.000236547,0,0,0,0,0,0,0,-0.176685,26.766,-24.7366,7.52262,0.825212,2.51882,0.038645,-0.185308,2.15061,-3.08732,1.90736,0.184329,0.921067,0.057844
1728392,0.98,-2.75261,-1.32535,1.01106,-1.94699,1.10108,1.16771,2.20139,-2.75266,-1.32422,1.00895,-1.94565,1.10136,1.16858,2.20139,0.000329542,-0.00164575,0.000300258,-0.000533302,-0.000236232,0.000210499,-0.000588287,0,0,0,0,0,0,0,-0.204456,26.8136,-24.7643,7.54642,0.836199,2.51242,0.0587866,-0.186196,2.15327,-3.08997,1.90736,0.184334,0.921277,0.0572992
1728393,0.98,-2.75261,-1.32534,1.01106,-1.94699,1.10108,1.16771,2.20139,-2.75266,-1.32422,1.00895,-1.94565,1.10136,1.16858,2.20139,-0.000429919,0.0018725,0.0014066,-0.000355535,0.000452863,0.000377692,-0.000154833,0,0,0,0,0,0,0,-0.176685,26.6867,-24.8159,7.54642,0.819719,2.50601,0.0523779,-0.186562,2.15591,-3.09296,1.90779,0.184367,0.921508,0.0568038
1728394,0.98,-2.75261,-1.32534,1.01106,-1.94698,1.10108,1.16771,2.20138,-2.75266,-1.32422,1.00895,-1.94565,1.10136,1.16858,2.20139,0.000363001,-0.000607708,-0.000268694,0.000319789,-0.000308443,-0.000460282,-0.00057794,0,0,0,0,0,0,0,-0.204456,26.766,-24.7643,7.52262,0.836199,2.52523,0.0651953,-0.185916,2.15707,-3.09566,1.90895,0.18441,0.921728,0.0563688
1728395,0.98,-2.75261,-1.32534,1.01106,-1.94698,1.10108,1.16771,2.20139,-2.75266,-1.32422,1.00895,-1.94565,1.10136,1.16858,2.20139,0.000242001,0.000244475,-0.000179129,0.000213193,0.000201273,0.000167863,0.00083541,0,0,0,0,0,0,0,-0.204456,26.7383,-24.7643,7.52262,0.825212,2.51242,0.0322363,-0.185856,2.15749,-3.09727,1.90976,0.1844,0.921872,0.0559956
1728396,0.98,-2.75261,-1.32534,1.01106,-1.94698,1.10108,1.16771,2.20139,-2.75266,-1.32422,1.00895,-1.94565,1.10136,1.16858,2.20139,-0.00104509,0.00136941,-0.000769033,0.000142128,-6.92688e-05,0.000349268,-0.000426404,0,0,0,0,0,0,0,-0.152882,26.6867,-24.7366,7.52262,0.830705,2.50601,0.0587866,-0.185748,2.15665,-3.09717,1.91052,0.18437,0.921888,0.0556772
1728397,0.98,-2.75261,-1.32534,1.01106,-1.94698,1.10108,1.16771,2.20138,-2.75266,-1.32422,1.00895,-1.94565,1.10136,1.16858,2.20139,-0.000139916,0.00091294,0.000693737,9.47522e-05,-4.61792e-05,0.000232845,-0.000758987,0,0,0,0,0,0,0,-0.176685,26.6867,-24.7881,7.52262,0.830705,2.50601,0.071604,-0.183741,2.1535,-3.09569,1.91233,0.18439,0.921789,0.0554027
1728398,0.98,-2.75261,-1.32534,1.01106,-1.94698,1.10108,1.16771,2.20139,-2.75266,-1.32422,1.00895,-1.94565,1.10136,1.16858,2.20139,0.000556337,-0.0005978,-0.000743935,0.00182641,-3.07861e-05,-8.21289e-05,0.000206085,0,0,0,0,0,0,0,-0.204456,26.7383,-24.7366,7.44724,0.830705,2.51242,0.0523779,-0.182366,2.1507,-3.09435,1.91354,0.184361,0.921673,0.0551691
1728399,0.98,-2.75261,-1.32534,1.01106,-1.94698,1.10108,1.16771,2.20139,-2.75266,-1.32422,1.00895,-1.94565,1.10136,1.16858,2.20139,-0.000278723,-0.000398533,-0.00105277,1.11781e-05,-0.000223975,-0.000292112,0.000883375,0,0,0,0,0,0,0,-0.176685,26.7383,-24.7128,7.49881,0.836199,2.51882,0.0322363,-0.183692,2.15004,-3.09328,1.91284,0.184221,0.921546,0.0549804
1728400,0.98,-2.75261,-1.32534,1.01106,-1.94698,1.10108,1.16771,2.20139,-2.75266,-1.32422,1.00895,-1.94565,1.10136,1.16858,2.20139,0.000463799,0.000291123,-0.000701846,7.45207e-06,0.000461035,4.26179e-05,-0.000394427,0,0,0,0,0,0,0,-0.204456,26.7144,-24.7128,7.49881,0.819719,2.51242,0.0587866,-0.185836,2.14999,-3.09182,1.9117,0.184086,0.921393,0.054825
1728401,0.98,-2.75261,-1.32534,1.01106,-1.94698,1.10108,1.16771,2.20139,-2.75266,-1.32422,1.00895,-1.94565,1.10136,1.16858,2.20139,0.000309199,0.000843696,0.000738529,4.96805e-06,0.000103906,-0.000446306,-0.000262951,0,0,0,0,0,0,0,-0.204456,26.6867,-24.7643,7.49881,0.825212,2.52523,0.0587866,-0.187513,2.14955,-3.09053,1.91118,0.183998,0.921295,0.0546869
1728402,0.98,-2.75261,-1.32534,1.01106,-1.94698,1.10108,1.16771,2.20139,-2.75266,-1.32422,1.00895,-1.94565,1.10136,1.16858,2.20139,-0.000443481,-8.71499e-05,0.000492353,-0.0005535,-0.00013418,-6.01783e-05,-0.000175301,0,0,0,0,0,0,0,-0.176685,26.7144,-24.7643,7.52262,0.830705,2.51882,0.0587866,-0.188169,2.1491,-3.09063,1.91148,0.183963,0.921325,0.0545683
1728403,0.98,-2.75261,-1.32534,1.01106,-1.94698,1.10108,1.16771,2.20139,-2.75266,-1.32422,1.00895,-1.94565,1.10136,1.16858,2.20139,-0.000295654,0.000591514,0.000328235,0.000187812,-8.94531e-05,0.00019724,-0.000116867,0,0,0,0,0,0,0,-0.176685,26.6867,-24.7643,7.49881,0.830705,2.51242,0.0587866,-0.187243,2.14872,-3.09209,1.91274,0.184,0.921451,0.0544763
1728404,0.98,-2.75261,-1.32534,1.01106,-1.94698,1.10108,1.16771,2.20139,-2.75266,-1.32422,1.00895,-1.94565,1.10136,1.16858,2.20139,-0.000197103,-0.000255271,-0.000430791,0.000774822,-0.000263086,0.000368852,-7.79116e-05,0,0,0,0,0,0,0,-0.176685,26.7144,-24.7366,7.47104,0.836199,2.50601,0.0587866,-0.185855,2.1484,-3.09372,1.91399,0.184046,0.921568,0.054409
1728405,0.98,-2.75261,-1.32534,1.01106,-1.94698,1.10108,1.16771,2.20139,-2.75266,-1.32422,1.00895,-1.94565,1.10136,1.16858,2.20139,-0.000131402,0.000479433,-0.000844006,-0.000133066,2.80599e-05,8.54259e-06,0.000185418,0,0,0,0,0,0,0,-0.176685,26.6867,-24.7128,7.49881,0.830705,2.51242,0.0523779,-0.184987,2.14794,-3.09444,1.91465,0.18406,0.921608,0.0543641
1728406,0.98,-2.75261,-1.32534,1.01106,-1.94698,1.10108,1.16771,2.20139,-2.75266,-1.32422,1.00895,-1.94565,1.10136,1.16858,2.20139,0.000562013,-0.000886804,0.000643755,-0.000645523,-0.000184744,-0.000231664,0.000869597,0,0,0,0,0,0,0,-0.204456,26.7383,-24.7643,7.52262,0.836199,2.51882,0.0322363,-0.184708,2.14768,-3.09481,1.91505,0.18408,0.921634,0.0543391
1728407,0.98,-2.75261,-1.32534,1.01106,-1.94698,1.10108,1.16772,2.20138,-2.75266,-1.32422,1.00895,-1.94565,1.10136,1.16858,2.20139,-0.000274939,-0.000591203,-0.000220444,0.000126464,8.02879e-05,8.29164e-05,-0.00135305,0,0,0,0,0,0,0,-0.176685,26.7383,-24.7366,7.49881,0.830705,2.51242,0.0844213,-0.18518,2.14877,-3.0962,1.91519,0.184115,0.921745,0.0543179
1728408,0.98,-2.75261,-1.32534,1.01106,-1.94698,1.10108,1.16772,2.20139,-2.75266,-1.32422,1.00895,-1.94565,1.10136,1.16858,2.20139,-0.000740104,-0.000394135,-0.000703774,8.4309e-05,5.35253e-05,-0.00041944,0.000284762,0,0,0,0,0,0,0,-0.152882,26.7383,-24.7128,7.49881,0.830705,2.52523,0.0523779,-0.185569,2.15045,-3.09795,1.91522,0.184166,0.921864,0.0542935
1728409,0.98,-2.75261,-1.32534,1.01106,-1.94698,1.10108,1.16771,2.20139,-2.75266,-1.32422,1.00895,-1.94565,1.10136,1.16858,2.20139,6.3409e-05,-0.000262757,-0.000469183,5.6206e-05,0.000239134,0.000195091,-4.75174e-05,0,0,0,0,0,0,0,-0.176685,26.7383,-24.7128,7.49881,0.825212,2.51242,0.0587866,-0.185306,2.15142,-3.09883,1.9154,0.184233,0.921913,0.0542845
1728410,0.98,-2.75261,-1.32534,1.01106,-1.94698,1.10108,1.16771,2.20138,-2.75266,-1.32422,1.00895,-1.94565,1.10136,1.16858,2.20139,4.22726e-05,0.000381641,0.000893637,-0.000519341,-4.40278e-05,-0.000107298,-0.00145583,0,0,0,0,0,0,0,-0.176685,26.7144,-24.7643,7.52262,0.830705,2.51882,0.0972387,-0.184892,2.15191,-3.09946,1.91571,0.184296,0.921971,0.0542995
1728411,0.98,-2.75261,-1.32534,1.01106,-1.94698,1.10108,1.16771,2.20138,-2.75266,-1.32422,1.00895,-1.94565,1.10136,1.16858,2.20139,-0.00052863,0.000904041,-0.000610668,0.000210584,-0.000232802,-7.15322e-05,0.00021624,0,0,0,0,0,0,0,-0.152882,26.6867,-24.7128,7.49881,0.836199,2.51882,0.0651953,-0.183875,2.15151,-3.10006,1.91651,0.184366,0.922064,0.0543522
1728412,0.98,-2.75261,-1.32534,1.01105,-1.94698,1.10108,1.16771,2.20139,-2.75266,-1.32422,1.00895,-1.94565,1.10136,1.16858,2.20139,0.000204392,-4.69198e-05,-0.000963924,-0.000416422,4.82489e-05,-0.000522406,0.000381519,0,0,0,0,0,0,0,-0.176685,26.7144,-24.689,7.52262,0.830705,2.53164,0.0587866,-0.182254,2.14969,-3.09952,1.91773,0.184446,0.922106,0.0544634
1728413,0.98,-2.75261,-1.32534,1.01106,-1.94699,1.10108,1.16771,2.20138,-2.75266,-1.32422,1.00895,-1.94565,1.10136,1.16858,2.20139,0.000785875,-3.12799e-05,-8.58039e-05,-0.000834427,-0.000171285,0.000363806,1.69871e-05,0,0,0,0,0,0,0,-0.204456,26.7144,-24.7128,7.54642,0.836199,2.51242,0.0651953,-0.181414,2.1477,-3.09807,1.91871,0.184514,0.922133,0.054624
1728414,0.98,-2.75261,-1.32534,1.01106,-1.94698,1.10108,1.16771,2.20138,-2.75266,-1.32422,1.00895,-1.94565,1.10136,1.16858,2.20139,-0.000125697,0.000628761,0.000499609,0.000557339,-0.00011419,5.1785e-06,-0.000463393,0,0,0,0,0,0,0,-0.176685,26.6867,-24.7366,7.49881,0.836199,2.51882,0.0780126,-0.181669,2.14659,-3.09713,1.9192,0.184553,0.922233,0.0548127
1728415,0.98,-2.75261,-1.32534,1.01106,-1.94698,1.10108,1.16771,2.20138,-2.75266,-1.32422,1.00895,-1.94565,1.10136,1.16858,2.20139,0.000565816,-0.000787252,0.000982687,0.00102117,0.000127324,0.000240811,-0.00102101,0,0,0,0,0,0,0,-0.204456,26.7383,-24.7643,7.47104,0.830705,2.51242,0.0972387,-0.18299,2.14709,-3.09771,1.91869,0.18452,0.922419,0.0550237
1728416,0.98,-2.75261,-1.32534,1.01106,-1.94698,1.10108,1.16771,2.20138,-2.75266,-1.32422,1.00895,-1.94565,1.10136,1.16858,2.20139,-0.000272403,-0.00117445,0.000655125,3.11684e-05,-0.000118568,0.000160541,0.000506124,0,0,0,0,0,0,0,-0.176685,26.766,-24.7643,7.49881,0.836199,2.51242,0.0651953,-0.185565,2.15013,-3.10035,1.91691,0.184421,0.922697,0.0552701
1728417,0.98,-2.75261,-1.32534,1.01105,-1.94698,1.10108,1.16771,2.20138,-2.75266,-1.32422,1.00895,-1.94565,1.10136,1.16858,2.20139,0.00102482,0.00107307,-0.000769676,0.000670393,0.000124405,-0.000130332,0.000100057,0,0,0,0,0,0,0,-0.22826,26.6867,-24.7128,7.47104,0.830705,2.51882,0.071604,-0.188612,2.15384,-3.10321,1.91472,0.184314,0.922968,0.0555663
1728418,0.98,-2.75261,-1.32534,1.01106,-1.94698,1.10108,1.16772,2.20138,-2.75266,-1.32422,1.00895,-1.94565,1.10136,1.16858,2.20139,-0.00108002,-0.000491043,0.000693308,-0.000202685,0.000286387,-8.68878e-05,6.67048e-05,0,0,0,0,0,0,0,-0.152882,26.7383,-24.7643,7.49881,0.825212,2.51882,0.071604,-0.190768,2.1558,-3.10457,1.91316,0.184246,0.923141,0.0559042
1728419,0.98,-2.75261,-1.32534,1.01106,-1.94698,1.10108,1.16771,2.20138,-2.75266,-1.32422,1.00895,-1.94565,1.10136,1.16858,2.20139,-0.000720015,0.00022945,-0.000187408,-0.000135124,0.000190925,0.000416793,-0.000904966,0,0,0,0,0,0,0,-0.152882,26.7144,-24.7366,7.49881,0.825212,2.50601,0.0972387,-0.190348,2.15611,-3.10541,1.91312,0.184289,0.923254,0.0562683
1728420,0.98,-2.75261,-1.32534,1.01106,-1.94698,1.10108,1.16771,2.20138,-2.75266,-1.32422,1.00895,-1.94565,1.10136,1.16858,2.20139,-0.00048001,-0.000403845,0.00108149,-9.00824e-05,0.000127283,-0.000196856,0.000583484,0,0,0,0,0,0,0,-0.152882,26.7383,-24.7881,7.49881,0.825212,2.51882,0.0651953,-0.187708,2.1557,-3.10658,1.91435,0.184427,0.923356,0.0566584
1728421,0.98,-2.75261,-1.32534,1.01106,-1.94698,1.10108,1.16771,2.20139,-2.75266,-1.32422,1.00895,-1.94565,1.10136,1.16858,2.20139,0.000236805,-0.00026923,-0.000485435,-6.00549e-05,-0.000118595,0.000106122,0.000626348,0,0,0,0,0,0,0,-0.176685,26.7383,-24.7366,7.49881,0.830705,2.51242,0.0587866,-0.185135,2.15556,-3.10802,1.9156,0.184559,0.923467,0.0570764
1728422,0.98,-2.75261,-1.32534,1.01106,-1.94698,1.10108,1.16771,2.20139,-2.75266,-1.32422,1.00895,-1.94565,1.10136,1.16858,2.20139,0.0013643,-0.000179487,0.000325991,0.000609577,0.000124387,7.07477e-05,0.000180207,0,0,0,0,0,0,0,-0.22826,26.7383,-24.7643,7.47104,0.825212,2.51242,0.0651953,-0.184872,2.15623,-3.10904,1.91562,0.184585,0.92357,0.0574995
1728423,0.98,-2.75261,-1.32534,1.01105,-1.94698,1.10108,1.16771,2.20138,-2.75266,-1.32422,1.00895,-1.94565,1.10136,1.16858,2.20139,0.000352719,-0.000119658,-0.000989099,-0.000800041,8.29248e-05,4.71651e-05,-0.00035458,0,0,0,0,0,0,0,-0.204456,26.7383,-24.7128,7.52262,0.825212,2.51242,0.0780126,-0.187093,2.15726,-3.10905,1.91441,0.184501,0.92364,0.0579013
1728424,0.98,-2.75261,-1.32534,1.01106,-1.94698,1.10108,1.16771,2.20139,-2.75266,-1.32422,1.00895,-1.94565,1.10136,1.16858,2.20139,-0.000414468,0.00047704,-0.000659399,0.000673065,5.52832e-05,0.000268802,0.00047569,0,0,0,0,0,0,0,-0.176685,26.7144,-24.7128,7.47104,0.825212,2.50601,0.0587866,-0.18912,2.15712,-3.10763,1.91346,0.184415,0.923616,0.0582797
1728425,0.98,-2.75261,-1.32534,1.01106,-1.94698,1.10108,1.16771,2.20139,-2.75266,-1.32422,1.00895,-1.94565,1.10136,1.16858,2.20139,-0.000276312,0.000318027,0.000766827,-0.000757716,3.68555e-05,0.000416561,0.00153783,0,0,0,0,0,0,0,-0.176685,26.7144,-24.7643,7.52262,0.825212,2.4996,0.0258276,-0.18911,2.15547,-3.10563,1.9136,0.184387,0.923511,0.0586398
1728426,0.98,-2.75261,-1.32534,1.01106,-1.94698,1.10108,1.16771,2.20138,-2.75266,-1.32422,1.00895,-1.94565,1.10136,1.16858,2.20139,-0.00074102,0.000861632,0.00106803,0.000701282,2.45703e-05,0.000277707,-0.00090756,0,0,0,0,0,0,0,-0.152882,26.6867,-24.7881,7.47104,0.825212,2.4996,0.0780126,-0.187093,2.15338,-3.10487,1.91476,0.184409,0.923434,0.0589618
1728427,0.98,-2.75261,-1.32534,1.01106,-1.94698,1.10108,1.16771,2.20139,-2.75266,-1.32422,1.00895,-1.94565,1.10136,1.16858,2.20139,-0.000494013,0.000574421,-0.000494406,-0.000182093,-0.000390521,-0.000526939,0.00180246,0,0,0,0,0,0,0,-0.152882,26.6867,-24.7366,7.49881,0.836199,2.51882,0.0130102,-0.18376,2.15098,-3.10495,1.9165,0.184452,0.923361,0.0592214
1728428,0.98,-2.75261,-1.32534,1.01106,-1.94698,1.10108,1.16771,2.20139,-2.75266,-1.32422,1.00895,-1.94565,1.10136,1.16858,2.20139,0.0014339,-0.000823478,-0.000886416,-0.000121395,0.000146554,-0.000113934,0.000252203,0,0,0,0,0,0,0,-0.22826,26.7383,-24.7128,7.49881,0.825212,2.51242,0.038645,-0.181517,2.1488,-3.10443,1.91766,0.184456,0.923235,0.059405
1728429,0.98,-2.75261,-1.32534,1.01106,-1.94698,1.10108,1.16772,2.20139,-2.75266,-1.32422,1.00895,-1.94565,1.10136,1.16858,2.20139,-0.000807307,-0.000548986,-3.41321e-05,0.000568684,-0.0007161,0.000161403,0.000405494,0,0,0,0,0,0,0,-0.152882,26.7383,-24.7366,7.47104,0.847185,2.50601,0.0322363,-0.18189,2.14829,-3.1036,1.91736,0.184386,0.923094,0.0594869
1728430,0.98,-2.75261,-1.32534,1.01105,-1.94698,1.10108,1.16771,2.20139,-2.75266,-1.32422,1.00895,-1.94565,1.10136,1.16858,2.20139,-0.000538205,0.000190822,-0.000579567,0.000379123,-7.04987e-05,0.000107602,-0.000238297,0,0,0,0,0,0,0,-0.152882,26.7144,-24.7128,7.47104,0.836199,2.50601,0.0459692,-0.182574,2.14865,-3.10306,1.91656,0.184313,0.922935,0.059459
1728431,0.98,-2.75261,-1.32534,1.01105,-1.94698,1.10108,1.16771,2.20139,-2.75266,-1.32422,1.00895,-1.94565,1.10136,1.16858,2.20139,0.000847623,0.000127214,-0.000386378,-0.000396866,0.000156451,-0.000402983,0.000112403,0,0,0,0,0,0,0,-0.204456,26.7144,-24.7128,7.49881,0.830705,2.51882,0.038645,-0.182635,2.14849,-3.10226,1.91603,0.184279,0.922749,0.0593387
1728432,0.98,-2.75261,-1.32534,1.01105,-1.94698,1.10108,1.16771,2.20139,-2.75266,-1.32422,1.00895,-1.94565,1.10136,1.16858,2.20139,0.00112189,0.000734424,-0.000257585,-0.000264577,0.000104301,-0.000743373,0.000787012,0,0,0,0,0,0,0,-0.22826,26.6867,-24.7128,7.49881,0.830705,2.53164,0.0194189,-0.183726,2.14798,-3.10099,1.91534,0.184239,0.922601,0.0591461
1728433,0.98,-2.75261,-1.32534,1.01105,-1.94698,1.10108,1.16771,2.20139,-2.75266,-1.32422,1.00895,-1.94565,1.10136,1.16858,2.20139,-0.000458497,-0.00071681,0.000385088,-0.000733197,0.000272984,0.000216495,-0.000933387,0,0,0,0,0,0,0,-0.176685,26.7383,-24.7366,7.52262,0.825212,2.51242,0.0587866,-0.185307,2.14764,-3.1001,1.91475,0.184215,0.922546,0.0588889
1728434,0.98,-2.75261,-1.32534,1.01106,-1.94698,1.10108,1.16772,2.20139,-2.75266,-1.32422,1.00895,-1.94565,1.10136,1.16858,2.20139,0.000343949,-0.00112749,0.00090634,6.80142e-05,-2.14609e-05,0.00014433,0.000835804,0,0,0,0,0,0,0,-0.204456,26.766,-24.7643,7.49881,0.830705,2.51242,0.0194189,-0.186309,2.14873,-3.1011,1.91446,0.18424,0.922617,0.0585712
1728435,0.98,-2.75261,-1.32534,1.01106,-1.94698,1.10108,1.16771,2.20139,-2.75266,-1.32422,1.00895,-1.94565,1.10136,1.16858,2.20139,-0.000420314,0.000454768,-4.53875e-05,4.53428e-05,-0.000217758,9.62198e-05,-0.000154874,0,0,0,0,0,0,0,-0.176685,26.7144,-24.7366,7.49881,0.836199,2.51242,0.038645,-0.186924,2.15109,-3.10358,1.91412,0.184279,0.922764,0.0582077
1728436,0.98,-2.75261,-1.32534,1.01106,-1.94698,1.10108,1.16771,2.20139,-2.75266,-1.32422,1.00895,-1.94565,1.10136,1.16858,2.20139,-0.000837022,-0.000253634,-3.02584e-05,-0.000526583,-0.000348622,-0.000173212,0.000371468,0,0,0,0,0,0,0,-0.152882,26.7383,-24.7366,7.52262,0.841692,2.51882,0.0258276,-0.186141,2.1524,-3.1056,1.91446,0.184361,0.922864,0.0578064
1728437,0.98,-2.75261,-1.32534,1.01106,-1.94698,1.10108,1.16771,2.20139,-2.75266,-1.32422,1.00895,-1.94565,1.10136,1.16858,2.20139,0.000648412,0.000387723,-2.01722e-05,0.000205756,0.000174486,0.000121884,-0.000735699,0,0,0,0,0,0,0,-0.204456,26.7144,-24.7366,7.49881,0.830705,2.51242,0.0523779,-0.184265,2.15233,-3.10659,1.91547,0.184487,0.9229,0.0573686
1728438,0.98,-2.75261,-1.32534,1.01105,-1.94698,1.10108,1.16771,2.20139,-2.75266,-1.32422,1.00895,-1.94565,1.10136,1.16858,2.20139,-0.00021734,-0.000947944,-1.34482e-05,0.000137171,0.000319775,0.000318615,0.000730237,0,0,0,0,0,0,0,-0.176685,26.766,-24.7366,7.49881,0.825212,2.50601,0.0194189,-0.183445,2.15243,-3.10711,1.91584,0.184567,0.92292,0.0569024
1728439,0.98,-2.75261,-1.32534,1.01105,-1.94698,1.10108,1.16772,2.20139,-2.75266,-1.32422,1.00895,-1.94565,1.10136,1.16858,2.20139,-0.000144893,0.000574463,-0.00112259,0.000741061,9.73255e-06,0.00021241,-0.000225252,0,0,0,0,0,0,0,-0.176685,26.7144,-24.689,7.47104,0.830705,2.50601,0.038645,-0.183674,2.15275,-3.10694,1.91541,0.184588,0.922883,0.056418
1728440,0.98,-2.75261,-1.32534,1.01106,-1.94698,1.10108,1.16771,2.20139,-2.75266,-1.32422,1.00895,-1.94565,1.10136,1.16858,2.20139,-9.65954e-05,-0.00082345,0.000365231,-0.000712385,6.48837e-06,-0.000333111,8.7191e-05,0,0,0,0,0,0,0,-0.176685,26.766,-24.7366,7.52262,0.830705,2.51882,0.0322363,-0.183871,2.15265,-3.10599,1.91493,0.1846,0.922783,0.0559186
1728441,0.98,-2.75261,-1.32534,1.01106,-1.94698,1.10108,1.16771,2.20139,-2.75266,-1.32422,1.00895,-1.94565,1.10136,1.16858,2.20139,-6.43969e-05,0.000100647,-0.000313325,8.18886e-05,-0.000199125,1.52848e-05,-0.000179232,0,0,0,0,0,0,0,-0.176685,26.7383,-24.7128,7.49881,0.836199,2.51242,0.038645,-0.183739,2.15262,-3.10533,1.91484,0.184639,0.92271,0.0554089
1728442,0.98,-2.75261,-1.32534,1.01105,-1.94698,1.10108,1.16771,2.20139,-2.75266,-1.32422,1.00895,-1.94565,1.10136,1.16858,2.20139,-4.29313e-05,0.00062391,0.000347929,5.45924e-05,-0.0003362,1.01899e-05,-0.000119488,0,0,0,0,0,0,0,-0.176685,26.7144,-24.7366,7.49881,0.841692,2.51242,0.038645,-0.18328,2.15246,-3.10493,1.91507,0.184695,0.922671,0.0548974
1728443,0.98,-2.75261,-1.32534,1.01105,-1.94698,1.10108,1.16771,2.20139,-2.75266,-1.32422,1.00895,-1.94565,1.10136,1.16858,2.20139,0.00117781,0.00041594,-0.000324859,-0.000520417,0.000182767,-0.000230566,0.000632418,0,0,0,0,0,0,0,-0.22826,26.7144,-24.7128,7.52262,0.830705,2.51882,0.0194189,-0.183138,2.15172,-3.10419,1.91533,0.184737,0.922641,0.0543921
1728444,0.98,-2.75261,-1.32534,1.01105,-1.94698,1.10108,1.16771,2.20139,-2.75266,-1.32422,1.00895,-1.94565,1.10136,1.16858,2.20139,0.000228391,0.000277293,-0.000216573,0.000859481,0.000121845,8.36485e-05,-0.000799091,0,0,0,0,0,0,0,-0.204456,26.7144,-24.7128,7.47104,0.830705,2.51242,0.0523779,-0.184275,2.15096,-3.103,1.91504,0.184732,0.922621,0.0538901
1728445,0.98,-2.75261,-1.32534,1.01106,-1.94698,1.10108,1.16771,2.20139,-2.75266,-1.32422,1.00895,-1.94565,1.10136,1.16858,2.20139,-0.000497353,0.000184862,0.00041243,-7.66265e-05,0.00028468,5.57656e-05,-0.000532727,0,0,0,0,0,0,0,-0.176685,26.7144,-24.7366,7.49881,0.825212,2.51242,0.0523779,-0.185691,2.15044,-3.10187,1.91439,0.184702,0.922595,0.0533897
1728446,0.98,-2.75261,-1.32534,1.01105,-1.94698,1.10108,1.16771,2.20139,-2.75266,-1.32422,1.00895,-1.94565,1.10136,1.16858,2.20139,-0.000331569,-0.00043357,0.000274953,0.00059853,-1.36635e-05,-0.000200182,0.000390834,0,0,0,0,0,0,0,-0.176685,26.7383,-24.7366,7.47104,0.830705,2.51882,0.0322363,-0.18599,2.15037,-3.10171,1.91404,0.184704,0.922591,0.0529115
1728447,0.98,-2.75261,-1.32534,1.01105,-1.94698,1.10108,1.16771,2.20139,-2.75266,-1.32422,1.00895,-1.94565,1.10136,1.16858,2.20139,-0.000221046,0.000917379,-0.00037351,-0.000250594,-9.10903e-06,0.000103904,-0.00024807,0,0,0,0,0,0,0,-0.176685,26.6867,-24.7128,7.49881,0.830705,2.51242,0.0459692,-0.18533,2.15032,-3.10197,1.91412,0.184741,0.922593,0.0524699
1728448,0.98,-2.75261,-1.32534,1.01106,-1.94698,1.10108,1.16771,2.20139,-2.75266,-1.32422,1.00895,-1.94565,1.10136,1.16858,2.20139,0.00050225,-0.00059484,0.000307805,-0.000167063,0.000400828,0.000306629,-0.000640098,0,0,0,0,0,0,0,-0.204456,26.7383,-24.7366,7.49881,0.819719,2.50601,0.0587866,-0.184484,2.1499,-3.10189,1.91444,0.18479,0.922588,0.0520602
1728449,0.98,-2.75261,-1.32534,1.01106,-1.94698,1.10108,1.16771,2.20138,-2.75266,-1.32422,1.00895,-1.94565,1.10136,1.16858,2.20139,-0.000871593,-0.00039656,-0.000351608,-0.000111375,6.37684e-05,0.000204419,-0.00161353,0,0,0,0,0,0,0,-0.152882,26.7383,-24.7128,7.49881,0.825212,2.50601,0.09083,-0.183874,2.14995,-3.10201,1.91474,0.18484,0.922602,0.0516864
1728450,0.98,-2.75261,-1.32534,1.01106,-1.94698,1.10108,1.16771,2.20139,-2.75266,-1.32422,1.00895,-1.94565,1.10136,1.16858,2.20139,-0.000581062,-0.000913987,-0.000234406,-7.42501e-05,0.000245963,-0.000338439,0.000585828,0,0,0,0,0,0,0,-0.152882,26.766,-24.7128,7.49881,0.819719,2.51882,0.0459692,-0.182788,2.15057,-3.10246,1.9152,0.184906,0.922605,0.0513782
1728451,0.98,-2.75261,-1.32534,1.01105,-1.94698,1.10108,1.16771,2.20139,-2.75266,-1.32422,1.00895,-1.94565,1.10136,1.16858,2.20139,0.00137586,-0.000609325,-0.000713082,-4.95001e-05,0.000163975,0.000249092,0.000390552,0,0,0,0,0,0,0,-0.22826,26.766,-24.689,7.49881,0.819719,2.50601,0.0459692,-0.182448,2.15182,-3.10275,1.91521,0.184929,0.922587,0.0511588
1728452,0.98,-2.75261,-1.32534,1.01105,-1.94698,1.10108,1.16771,2.20138,-2.75266,-1.32422,1.00895,-1.94565,1.10136,1.16858,2.20139,-0.000289184,0.000243397,8.14237e-05,-3.30001e-05,-0.000297584,0.00040342,-0.000926427,0,0,0,0,0,0,0,-0.176685,26.7383,-24.7128,7.49881,0.830705,2.4996,0.0780126,-0.183955,2.15353,-3.10252,1.91432,0.184853,0.922565,0.0510124
1728453,0.98,-2.75261,-1.32534,1.01105,-1.94698,1.10108,1.16771,2.20138,-2.75266,-1.32422,1.00895,-1.94565,1.10136,1.16858,2.20139,-0.000749601,0.000162265,5.42825e-05,0.00118443,5.06102e-06,-0.000205771,-0.000380259,0,0,0,0,0,0,0,-0.152882,26.7383,-24.7128,7.44724,0.825212,2.51242,0.071604,-0.185092,2.15453,-3.102,1.91351,0.184738,0.922508,0.0509256
1728454,0.98,-2.75261,-1.32534,1.01105,-1.94698,1.10108,1.16772,2.20139,-2.75266,-1.32422,1.00895,-1.94565,1.10136,1.16858,2.20139,0.000706692,0.0013146,3.61883e-05,0.000789617,3.37401e-06,-0.00037454,0.000221212,0,0,0,0,0,0,0,-0.204456,26.6867,-24.7128,7.44724,0.825212,2.51882,0.0587866,-0.185407,2.15448,-3.10122,1.9128,0.184583,0.922402,0.0509102
1728455,0.99,-2.75261,-1.32534,1.01105,-1.94698,1.10108,1.16772,2.20139,-2.75266,-1.32422,1.00895,-1.94565,1.10136,1.16858,2.20139,-0.000178486,0.000226788,-0.000532686,-0.000680014,-0.000201201,0.000225025,0.00113082,0,0,0,0,0,0,0,-0.176685,26.7144,-24.689,7.49881,0.830705,2.50601,0.0322363,-0.185674,2.15334,-3.0997,1.91216,0.184405,0.922267,0.050967
1728456,1,-2.75261,-1.32534,1.01105,-1.94698,1.10108,1.16772,2.20138,-2.75266,-1.32422,1.00895,-1.94565,1.10136,1.16858,2.20139,-0.00132542,0.000151192,-0.000355124,-0.000453343,-0.000541035,0.000150017,-0.000941542,0,0,0,0,0,0,0,-0.125111,26.7144,-24.689,7.49881,0.841692,2.50601,0.0780126,-0.18425,2.15103,-3.0977,1.91283,0.184337,0.922113,0.0510672
1728457,1,-2.75261,-1.32534,1.01105,-1.94698,1.10108,1.16771,2.20139,-2.75266,-1.32422,1.00895,-1.94565,1.10136,1.16858,2.20139,0.000322815,-0.000456017,-0.00023675,-0.000302229,4.62109e-05,0.000100011,0.0005591,0,0,0,0,0,0,0,-0.176685,26.7383,-24.689,7.49881,0.830705,2.50601,0.0459692,-0.181146,2.1486,-3.09599,1.91458,0.18439,0.921962,0.0511826
1728458,1,-2.75261,-1.32534,1.01106,-1.94698,1.10108,1.16771,2.20138,-2.75266,-1.32422,1.00895,-1.94565,1.10136,1.16858,2.20139,0.000864824,-0.000953626,0.0016054,0.000448128,0.000234258,-0.000408044,-0.000814061,0,0,0,0,0,0,0,-0.204456,26.766,-24.7643,7.47104,0.825212,2.51882,0.0780126,-0.179824,2.14861,-3.09598,1.91524,0.184405,0.921927,0.0513076
1728459,1,-2.75261,-1.32534,1.01105,-1.94698,1.10108,1.16771,2.20139,-2.75266,-1.32422,1.00895,-1.94565,1.10136,1.16858,2.20139,-0.000629877,0.00122029,-0.000136156,-0.000350862,0.000359622,-3.46703e-05,0.00115271,0,0,0,0,0,0,0,-0.152882,26.6867,-24.7128,7.49881,0.819719,2.51242,0.0322363,-0.180471,2.15071,-3.09767,1.91468,0.184343,0.922018,0.0514478
1728460,1,-2.75261,-1.32534,1.01106,-1.94698,1.10108,1.16771,2.20138,-2.75266,-1.32422,1.00895,-1.94565,1.10136,1.16858,2.20139,0.000786508,0.000813526,0.000466041,0.000415706,3.62977e-05,0.000214245,-0.000689586,0,0,0,0,0,0,0,-0.204456,26.6867,-24.7366,7.47104,0.825212,2.50601,0.071604,-0.180679,2.15159,-3.0988,1.91439,0.184273,0.922085,0.0516023
1728461,1,-2.75261,-1.32534,1.01105,-1.94698,1.10108,1.16771,2.20139,-2.75266,-1.32422,1.00895,-1.94565,1.10136,1.16858,2.20139,-0.000125275,-0.000107263,0.000310694,-0.000372477,0.000227649,-9.45287e-05,0.000252353,0,0,0,0,0,0,0,-0.176685,26.7144,-24.7366,7.49881,0.819719,2.51242,0.0523779,-0.180785,2.1514,-3.09907,1.9142,0.184187,0.922108,0.0517563
1728462,1,-2.75261,-1.32534,1.01105,-1.94698,1.10108,1.16771,2.20139,-2.75266,-1.32422,1.00895,-1.94565,1.10136,1.16858,2.20139,-0.00128994,-0.000628321,-0.000906494,-0.000248318,-0.000458586,-0.000300378,0.000168235,0,0,0,0,0,0,0,-0.125111,26.7383,-24.689,7.49881,0.836199,2.51882,0.0523779,-0.180274,2.15122,-3.09921,1.91431,0.184135,0.9221,0.0519053
1728463,1,-2.75261,-1.32534,1.01106,-1.94698,1.10108,1.16771,2.20139,-2.75266,-1.32422,1.00895,-1.94565,1.10136,1.16858,2.20139,0.000996078,0.000137932,0.00115891,0.00104088,0.000101177,0.000274466,0.000349516,0,0,0,0,0,0,0,-0.204456,26.7144,-24.7643,7.44724,0.825212,2.50601,0.0459692,-0.17934,2.1514,-3.09936,1.91442,0.184102,0.922057,0.0520473
1728464,1,-2.75261,-1.32534,1.01105,-1.94698,1.10108,1.16771,2.20138,-2.75266,-1.32422,1.00895,-1.94565,1.10136,1.16858,2.20139,1.44381e-05,-0.000464858,-0.00043382,0.000137109,-0.000135999,0.000182977,-0.000716425,0,0,0,0,0,0,0,-0.176685,26.7383,-24.7128,7.47104,0.830705,2.50601,0.071604,-0.180191,2.15278,-3.09989,1.91326,0.183976,0.922038,0.0521707
1728465,1,-2.75261,-1.32534,1.01105,-1.94698,1.10108,1.16771,2.20139,-2.75266,-1.32422,1.00895,-1.94565,1.10136,1.16858,2.20139,-0.000547187,0.000246907,-0.000846026,-0.000558208,-9.0666e-05,-0.000115374,-2.89901e-06,0,0,0,0,0,0,0,-0.152882,26.7144,-24.689,7.49881,0.830705,2.51242,0.0587866,-0.181404,2.15391,-3.09983,1.91191,0.183844,0.921986,0.0522791
1728466,1,-2.75261,-1.32534,1.01106,-1.94698,1.10108,1.16771,2.20138,-2.75266,-1.32422,1.00895,-1.94565,1.10136,1.16858,2.20139,0.000192021,0.000164605,0.00119922,-0.000928951,0.000143007,-0.000551634,-0.000951368,0,0,0,0,0,0,0,-0.176685,26.7144,-24.7643,7.52262,0.825212,2.52523,0.0844213,-0.180869,2.15361,-3.09913,1.91194,0.183819,0.92191,0.0523933
1728467,1,-2.75261,-1.32534,1.01105,-1.94698,1.10108,1.16772,2.20138,-2.75266,-1.32422,1.00895,-1.94565,1.10136,1.16858,2.20139,0.000777628,-0.00109669,-0.000406945,0.000587125,9.53377e-05,0.000106962,-0.000871605,0,0,0,0,0,0,0,-0.204456,26.766,-24.7128,7.47104,0.825212,2.51242,0.09083,-0.180515,2.1538,-3.09925,1.91212,0.18381,0.921921,0.0525299
1728468,1,-2.75261,-1.32534,1.01105,-1.94698,1.10108,1.16771,2.20138,-2.75266,-1.32422,1.00895,-1.94565,1.10136,1.16858,2.20139,-0.000688007,-8.15124e-05,-0.00147772,0.000391417,-0.000139892,0.000308667,-0.000343711,0,0,0,0,0,0,0,-0.152882,26.7383,-24.6612,7.47104,0.830705,2.50601,0.0844213,-0.181742,2.15496,-3.09913,1.91116,0.183726,0.921916,0.0527081
1728469,1,-2.75261,-1.32534,1.01105,-1.94698,1.10108,1.16771,2.20138,-2.75266,-1.32422,1.00895,-1.94565,1.10136,1.16858,2.20139,0.00130457,-5.43416e-05,0.000778089,0.000260945,-9.32614e-05,-3.1581e-05,8.21843e-06,0,0,0,0,0,0,0,-0.22826,26.7383,-24.7366,7.47104,0.830705,2.51242,0.0780126,-0.183661,2.15589,-3.09792,1.90955,0.183593,0.92183,0.0529534
1728470,1,-2.75261,-1.32534,1.01105,-1.94698,1.10108,1.16771,2.20138,-2.75266,-1.32422,1.00895,-1.94565,1.10136,1.16858,2.20139,-0.000336715,-3.62277e-05,-3.80857e-05,-0.00103246,-6.21742e-05,-0.000258413,-0.000943957,0,0,0,0,0,0,0,-0.176685,26.7383,-24.7128,7.52262,0.830705,2.51882,0.103647,-0.185537,2.15673,-3.09711,1.90816,0.18347,0.921796,0.0532757
1728471,1,-2.75261,-1.32534,1.01106,-1.94698,1.10108,1.16771,2.20138,-2.75266,-1.32422,1.00895,-1.94565,1.10136,1.16858,2.20139,-0.000224477,-2.41518e-05,0.00118104,0.000518117,0.000162001,0.000302443,0.000320131,0,0,0,0,0,0,0,-0.176685,26.7383,-24.7643,7.47104,0.825212,2.50601,0.0780126,-0.186101,2.15745,-3.09741,1.90773,0.18342,0.921846,0.0536763
1728472,1,-2.75261,-1.32534,1.01105,-1.94698,1.10108,1.16771,2.20138,-2.75266,-1.32422,1.00895,-1.94565,1.10136,1.16858,2.20139,0.000499963,-0.000665715,-0.000419069,-0.000304202,0.000108001,0.000438987,-2.39381e-05,0,0,0,0,0,0,0,-0.204456,26.766,-24.7128,7.49881,0.825212,2.4996,0.0844213,-0.185905,2.15836,-3.09847,1.90764,0.1834,0.921923,0.0541518
1728473,1,-2.75261,-1.32534,1.01105,-1.94699,1.10108,1.16771,2.20138,-2.75266,-1.32422,1.00895,-1.94565,1.10136,1.16858,2.20139,-0.000316305,0.000762616,-0.000836191,-0.00131643,7.20005e-05,5.52993e-05,0.000458759,0,0,0,0,0,0,0,-0.176685,26.7144,-24.689,7.54642,0.825212,2.50601,0.071604,-0.185465,2.15861,-3.09869,1.90788,0.183404,0.921939,0.0546862
1728474,1,-2.75261,-1.32534,1.01105,-1.94698,1.10108,1.16771,2.20138,-2.75266,-1.32422,1.00895,-1.94565,1.10136,1.16858,2.20139,0.000438744,-4.84014e-05,-6.48888e-07,0.00144243,-0.00015545,3.68662e-05,-0.000168878,0,0,0,0,0,0,0,-0.204456,26.7383,-24.7128,7.44724,0.830705,2.50601,0.0844213,-0.184512,2.15736,-3.09732,1.90862,0.183429,0.921845,0.0552581
1728475,1,-2.75261,-1.32534,1.01105,-1.94698,1.10108,1.16771,2.20138,-2.75266,-1.32422,1.00895,-1.94565,1.10136,1.16858,2.20139,-0.000357118,0.000524544,-0.00120686,-0.000244804,-0.000103633,-0.000212781,-0.000349945,0,0,0,0,0,0,0,-0.176685,26.7144,-24.6612,7.49881,0.830705,2.51242,0.09083,-0.184061,2.15565,-3.09507,1.90883,0.183393,0.921661,0.0558469
1728476,1,-2.75261,-1.32534,1.01105,-1.94698,1.10108,1.16771,2.20139,-2.75266,-1.32422,1.00895,-1.94565,1.10136,1.16858,2.20139,-0.000238079,-0.000207116,0.000401854,0.00160004,-0.00027254,-0.000141854,0.00047878,0,0,0,0,0,0,0,-0.176685,26.7383,-24.7128,7.42344,0.836199,2.51242,0.071604,-0.183933,2.15407,-3.09258,1.90848,0.183314,0.921425,0.0564476
1728477,1,-2.75261,-1.32534,1.01105,-1.94698,1.10108,1.16771,2.20138,-2.75266,-1.32422,1.00895,-1.94565,1.10136,1.16858,2.20139,-0.000158719,-0.000138077,0.000267902,-4.69338e-05,0.000225208,-0.000331928,-0.000155531,0,0,0,0,0,0,0,-0.176685,26.7383,-24.7128,7.47104,0.825212,2.51882,0.0844213,-0.183947,2.15353,-3.0912,1.90771,0.183219,0.921235,0.0570591
1728478,1,-2.75261,-1.32534,1.01105,-1.94698,1.10108,1.16771,2.20138,-2.75266,-1.32422,1.00895,-1.94565,1.10136,1.16858,2.20139,-0.000105813,-9.20514e-05,0.000735414,-3.12892e-05,-5.33118e-05,0.000253432,0.000371031,0,0,0,0,0,0,0,-0.176685,26.7383,-24.7366,7.47104,0.830705,2.50601,0.071604,-0.183895,2.15418,-3.09146,1.90695,0.18315,0.921161,0.0576722
1728479,1,-2.75261,-1.32534,1.01105,-1.94698,1.10108,1.16771,2.20138,-2.75266,-1.32422,1.00895,-1.94565,1.10136,1.16858,2.20139,-7.05419e-05,0.00114506,-0.000623348,-0.00122729,0.000167909,0.000168955,-0.000227364,0,0,0,0,0,0,0,-0.176685,26.6867,-24.689,7.52262,0.825212,2.50601,0.0844213,-0.182755,2.15418,-3.09196,1.90727,0.183172,0.921144,0.0582797
1728480,1,-2.75261,-1.32534,1.01105,-1.94698,1.10108,1.16771,2.20139,-2.75266,-1.32422,1.00895,-1.94565,1.10136,1.16858,2.20139,-4.70279e-05,-0.000443054,0.000141246,0.000388236,-9.1511e-05,-0.000362081,0.00127258,0,0,0,0,0,0,0,-0.176685,26.7383,-24.7128,7.47104,0.830705,2.51882,0.0459692,-0.180766,2.15289,-3.0916,1.90849,0.183259,0.921109,0.0588743
1728481,1,-2.75261,-1.32534,1.01105,-1.94698,1.10108,1.16771,2.20139,-2.75266,-1.32422,1.00895,-1.94565,1.10136,1.16858,2.20139,-0.000588164,-0.000295369,-0.000462648,0.000815636,-6.10073e-05,0.000470689,-0.000575769,0,0,0,0,0,0,0,-0.152882,26.7383,-24.689,7.44724,0.830705,2.4996,0.0844213,-0.17934,2.15204,-3.09105,1.90918,0.183319,0.921046,0.0594357
1728482,1,-2.75261,-1.32534,1.01105,-1.94698,1.10108,1.16771,2.20139,-2.75266,-1.32422,1.00895,-1.94565,1.10136,1.16858,2.20139,0.000164703,-0.000196913,-0.000308432,-1.30548e-05,-4.06715e-05,0.000313793,0.000328231,0,0,0,0,0,0,0,-0.176685,26.7383,-24.689,7.47104,0.830705,2.4996,0.0651953,-0.178888,2.15221,-3.09056,1.90886,0.183322,0.920952,0.0599452
1728483,1,-2.75261,-1.32534,1.01105,-1.94698,1.10108,1.16771,2.20138,-2.75266,-1.32422,1.00895,-1.94565,1.10136,1.16858,2.20139,-0.00044701,-0.000131275,0.000351191,-0.000658317,0.000176336,-0.000265523,-0.000967974,0,0,0,0,0,0,0,-0.152882,26.7383,-24.7128,7.49881,0.825212,2.51242,0.0972387,-0.178533,2.15259,-3.09014,1.90852,0.183334,0.920862,0.0604094
1728484,1,-2.75261,-1.32534,1.01105,-1.94698,1.10108,1.16771,2.20139,-2.75266,-1.32422,1.00895,-1.94565,1.10136,1.16858,2.20139,-0.000298007,0.000469295,0.000234127,-0.000438878,0.000117557,0.000297703,0.00176218,0,0,0,0,0,0,0,-0.152882,26.7144,-24.7128,7.49881,0.825212,2.4996,0.0322363,-0.177232,2.15265,-3.09022,1.909,0.183407,0.920816,0.0608493
1728485,1,-2.75261,-1.32534,1.01105,-1.94698,1.10108,1.16771,2.20139,-2.75266,-1.32422,1.00895,-1.94565,1.10136,1.16858,2.20139,-0.000198671,0.000312863,-0.000400727,0.000357029,-0.000125079,-0.000276249,0.000191444,0,0,0,0,0,0,0,-0.152882,26.7144,-24.689,7.47104,0.830705,2.51242,0.0587866,-0.175258,2.152,-3.09014,1.90997,0.1835,0.920758,0.0612642
1728486,1,-2.75261,-1.32534,1.01105,-1.94698,1.10108,1.16771,2.20139,-2.75266,-1.32422,1.00895,-1.94565,1.10136,1.16858,2.20139,0.00107398,0.000208576,-0.000267151,0.000794831,-8.33859e-05,0.000290552,0.000127629,0,0,0,0,0,0,0,-0.204456,26.7144,-24.689,7.44724,0.830705,2.4996,0.0587866,-0.174732,2.15134,-3.08928,1.90995,0.183501,0.920648,0.0616211
1728487,1,-2.75261,-1.32534,1.01105,-1.94698,1.10108,1.16771,2.20139,-2.75266,-1.32422,1.00895,-1.94565,1.10136,1.16858,2.20139,-0.00049044,0.00013905,0.000935523,-2.69246e-05,0.00014786,-4.36578e-05,0.00154315,0,0,0,0,0,0,0,-0.152882,26.7144,-24.7366,7.47104,0.825212,2.50601,0.0194189,-0.176066,2.15154,-3.08847,1.90868,0.1834,0.920541,0.0619027
1728488,1,-2.75261,-1.32534,1.01105,-1.94698,1.10108,1.16771,2.20139,-2.75266,-1.32422,1.00895,-1.94565,1.10136,1.16858,2.20139,0.000229852,9.27003e-05,-0.00113956,-1.79498e-05,9.85733e-05,-0.000266464,0.000554048,0,0,0,0,0,0,0,-0.176685,26.7144,-24.6612,7.47104,0.825212,2.51242,0.0322363,-0.177297,2.15197,-3.08806,1.90742,0.183305,0.920449,0.0621018
1728489,1,-2.75261,-1.32534,1.01105,-1.94698,1.10108,1.16771,2.20139,-2.75266,-1.32422,1.00895,-1.94565,1.10136,1.16858,2.20139,0.000802848,0.000711414,0.000446722,-1.19665e-05,-0.000137735,0.000297075,0.000132006,0,0,0,0,0,0,0,-0.204456,26.6867,-24.7128,7.47104,0.830705,2.4996,0.038645,-0.178346,2.15188,-3.08711,1.90642,0.183228,0.920331,0.0621915
1728490,1,-2.75261,-1.32534,1.01105,-1.94698,1.10108,1.16771,2.20139,-2.75266,-1.32422,1.00895,-1.94565,1.10136,1.16858,2.20139,0.000535232,-0.000175338,-0.000258997,-7.97767e-06,0.000552437,-3.93089e-05,0.000800081,0,0,0,0,0,0,0,-0.204456,26.7144,-24.689,7.47104,0.81331,2.50601,0.0194189,-0.180174,2.1518,-3.08595,1.90514,0.183122,0.920222,0.0621605
1728491,1,-2.75261,-1.32534,1.01105,-1.94698,1.10108,1.16771,2.20139,-2.75266,-1.32422,1.00895,-1.94565,1.10136,1.16858,2.20139,0.000356822,-0.000116892,-0.000822279,-0.000654932,-0.000479419,-2.62059e-05,5.86694e-05,0,0,0,0,0,0,0,-0.204456,26.7144,-24.6612,7.49881,0.836199,2.50601,0.0322363,-0.182314,2.152,-3.08482,1.90384,0.183016,0.920121,0.0620135
1728492,1,-2.75261,-1.32534,1.01105,-1.94698,1.10108,1.16771,2.20139,-2.75266,-1.32422,1.00895,-1.94565,1.10136,1.16858,2.20139,0.000237881,-0.00184117,0.000101428,-0.000993434,-0.000116162,-0.00025483,3.91129e-05,0,0,0,0,0,0,0,-0.204456,26.7898,-24.689,7.52262,0.830705,2.51242,0.0322363,-0.18412,2.15284,-3.08403,1.90294,0.182965,0.920037,0.061753
1728493,1,-2.75261,-1.32534,1.01105,-1.94698,1.10108,1.16771,2.20139,-2.75266,-1.32422,1.00895,-1.94565,1.10136,1.16858,2.20139,0.000158587,0.000535794,-0.000581995,0.000544137,0.000126009,-0.000169886,2.60753e-05,0,0,0,0,0,0,0,-0.204456,26.7144,-24.6612,7.47104,0.825212,2.51242,0.0322363,-0.185618,2.15457,-3.08398,1.90227,0.182951,0.919988,0.0613931
1728494,1,-2.75261,-1.32534,1.01105,-1.94698,1.10108,1.16771,2.20139,-2.75266,-1.32422,1.00895,-1.94565,1.10136,1.16858,2.20139,-0.00175031,0.000357196,-0.000387997,-0.000286856,0.000287456,0.00036146,0.000492101,0,0,0,0,0,0,0,-0.125111,26.7144,-24.6612,7.49881,0.819719,2.4996,0.0194189,-0.185395,2.15504,-3.08343,1.90233,0.18297,0.919876,0.0609582
1728495,1,-2.75261,-1.32534,1.01105,-1.94698,1.10108,1.16772,2.20139,-2.75266,-1.32422,1.00895,-1.94565,1.10136,1.16858,2.20139,-0.000517263,0.000238131,0.000947761,0.000458377,-0.000215263,3.61459e-06,-0.000384009,0,0,0,0,0,0,0,-0.152882,26.7144,-24.7128,7.47104,0.830705,2.50601,0.038645,-0.182231,2.1536,-3.0826,1.90372,0.183056,0.919701,0.060463
1728496,1,-2.75261,-1.32534,1.01105,-1.94697,1.10108,1.16772,2.20139,-2.75266,-1.32422,1.00895,-1.94565,1.10136,1.16858,2.20139,0.00021197,-0.000398058,7.50289e-05,0.00197602,0.000263392,2.40973e-06,0.000456071,0,0,0,0,0,0,0,-0.176685,26.7383,-24.689,7.39963,0.819719,2.50601,0.0194189,-0.179321,2.15293,-3.08279,1.90448,0.183074,0.919563,0.0599115
1728497,1,-2.75261,-1.32534,1.01105,-1.94698,1.10108,1.16772,2.20139,-2.75266,-1.32422,1.00895,-1.94565,1.10136,1.16858,2.20139,0.000141313,0.00029144,-0.000599595,-0.000353089,-0.000231306,0.000238965,-0.00040803,0,0,0,0,0,0,0,-0.176685,26.7144,-24.6612,7.47104,0.830705,2.4996,0.038645,-0.179047,2.15363,-3.08309,1.9034,0.182946,0.919439,0.0593112
1728498,1,-2.75261,-1.32534,1.01105,-1.94698,1.10108,1.16771,2.20139,-2.75266,-1.32422,1.00895,-1.94565,1.10136,1.16858,2.20139,0.000743823,-0.000362519,0.000249884,-0.000885007,4.92463e-05,-7.80487e-05,0.000202698,0,0,0,0,0,0,0,-0.204456,26.7383,-24.689,7.49881,0.825212,2.50601,0.0258276,-0.179872,2.15429,-3.08271,1.90214,0.182807,0.919323,0.0586772
1728499,1,-2.75261,-1.32534,1.01105,-1.94698,1.10108,1.16771,2.20139,-2.75266,-1.32422,1.00895,-1.94565,1.10136,1.16858,2.20139,-0.000710544,-0.000241679,-0.000483024,0.00117323,3.28309e-05,0.000185327,-0.000610853,0,0,0,0,0,0,0,-0.152882,26.7383,-24.6612,7.42344,0.825212,2.4996,0.0459692,-0.180743,2.15489,-3.0822,1.90126,0.182707,0.919232,0.0580239
1728500,1,-2.75261,-1.32534,1.01105,-1.94697,1.10108,1.16771,2.20139,-2.75266,-1.32422,1.00895,-1.94565,1.10136,1.16858,2.20139,-0.000473696,-0.000161119,-0.000878828,0.00133897,-0.000181563,-0.000113808,-0.000407235,0,0,0,0,0,0,0,-0.152882,26.7383,-24.6374,7.39963,0.830705,2.50601,0.0459692,-0.1815,2.15548,-3.08125,1.9,0.182586,0.919069,0.0573638
1728501,1,-2.75261,-1.32534,1.01105,-1.94698,1.10108,1.16771,2.20139,-2.75266,-1.32422,1.00895,-1.94565,1.10136,1.16858,2.20139,0.000241015,-0.000107413,0.00117735,0.000335833,8.24083e-05,0.000161487,0.000237136,0,0,0,0,0,0,0,-0.176685,26.7383,-24.7128,7.42344,0.825212,2.4996,0.0322363,-0.182273,2.15619,-3.0802,1.89825,0.182433,0.918864,0.0567191
1728502,1,-2.75261,-1.32534,1.01105,-1.94698,1.10108,1.16771,2.20139,-2.75266,-1.32422,1.00895,-1.94565,1.10136,1.16858,2.20139,0.000160676,0.000485203,0.000784902,-0.000332923,-0.000148512,-0.000129701,-0.000350536,0,0,0,0,0,0,0,-0.176685,26.7144,-24.7128,7.44724,0.830705,2.50601,0.0459692,-0.18295,2.15736,-3.08041,1.8967,0.182301,0.918767,0.0561088
1728503,1,-2.75261,-1.32534,1.01105,-1.94698,1.10108,1.16772,2.20139,-2.75266,-1.32422,1.00895,-1.94565,1.10136,1.16858,2.20139,0.000107118,-0.000233343,0.000523268,-0.000778761,-0.000302458,0.000150892,0.000749654,0,0,0,0,0,0,0,-0.176685,26.7383,-24.7128,7.47104,0.836199,2.4996,0.0194189,-0.182817,2.15837,-3.08161,1.89612,0.182252,0.918778,0.0555353
1728504,1,-2.75261,-1.32534,1.01105,-1.94698,1.10108,1.16772,2.20139,-2.75266,-1.32422,1.00895,-1.94565,1.10136,1.16858,2.20139,7.14117e-05,0.00105086,-0.00141439,-0.000519174,-0.000201639,0.000100594,-0.000720934,0,0,0,0,0,0,0,-0.176685,26.6867,-24.6374,7.47104,0.836199,2.4996,0.0523779,-0.18165,2.15795,-3.08181,1.89661,0.182301,0.918752,0.0549893
1728505,1,-2.75261,-1.32534,1.01105,-1.94698,1.10108,1.16771,2.20139,-2.75266,-1.32422,1.00895,-1.94565,1.10136,1.16858,2.20139,-0.000509204,5.0962e-05,0.000820309,-0.00099573,-0.000541327,-0.000170296,0.00074008,0,0,0,0,0,0,0,-0.152882,26.7144,-24.7128,7.49881,0.847185,2.50601,0.0194189,-0.179249,2.15562,-3.08033,1.89812,0.182444,0.918623,0.0544634
1728506,1,-2.75261,-1.32534,1.01105,-1.94698,1.10108,1.16771,2.20139,-2.75266,-1.32422,1.00895,-1.94565,1.10136,1.16858,2.20139,0.000866956,0.0012404,-0.00121636,-0.00066382,0.000249467,-0.000113531,-0.00021869,0,0,0,0,0,0,0,-0.204456,26.6629,-24.6374,7.49881,0.830705,2.50601,0.038645,-0.176223,2.15224,-3.07809,1.90022,0.182652,0.918452,0.0539558
1728507,1,-2.75261,-1.32534,1.01105,-1.94698,1.10108,1.16771,2.20139,-2.75266,-1.32422,1.00895,-1.94565,1.10136,1.16858,2.20139,-7.1643e-05,-0.000379492,0.000395516,0.000763879,-3.71392e-05,-0.000313046,-0.000891778,0,0,0,0,0,0,0,-0.176685,26.7144,-24.689,7.44724,0.836199,2.51242,0.0587866,-0.174446,2.14912,-3.07547,1.90155,0.182821,0.918262,0.0534567
1728508,1,-2.75261,-1.32534,1.01105,-1.94698,1.10108,1.16772,2.20138,-2.75266,-1.32422,1.00895,-1.94565,1.10136,1.16858,2.20139,-0.000604574,-0.000809807,-0.000385937,-0.00125398,0.000382142,-0.000208697,-0.00154395,0,0,0,0,0,0,0,-0.152882,26.7383,-24.6612,7.52262,0.825212,2.51242,0.0844213,-0.173781,2.1476,-3.07364,1.90186,0.182949,0.918099,0.052972
1728509,1,-2.75261,-1.32534,1.01105,-1.94698,1.10108,1.16771,2.20139,-2.75266,-1.32422,1.00895,-1.94565,1.10136,1.16858,2.20139,0.000803377,-0.000539871,0.00150595,0.000927248,0.000254761,-0.000139132,-7.98674e-05,0,0,0,0,0,0,0,-0.204456,26.7383,-24.7366,7.44724,0.825212,2.51242,0.0587866,-0.173747,2.14842,-3.07383,1.90153,0.183066,0.918047,0.0525417
1728510,1,-2.75261,-1.32534,1.01105,-1.94698,1.10108,1.16772,2.20139,-2.75266,-1.32422,1.00895,-1.94565,1.10136,1.16858,2.20139,-0.000670841,0.000196898,-0.000109659,-0.000588261,0.000373291,0.000381963,0.000930099,0,0,0,0,0,0,0,-0.152882,26.7144,-24.689,7.49881,0.819719,2.4996,0.0322363,-0.174602,2.15077,-3.07545,1.90048,0.183127,0.91809,0.0522032
1728511,1,-2.75261,-1.32534,1.01105,-1.94698,1.10108,1.16771,2.20139,-2.75266,-1.32422,1.00895,-1.94565,1.10136,1.16858,2.20139,0.00131601,0.000131265,-0.00127953,0.00025744,-0.00015804,1.72834e-05,-0.000363278,0,0,0,0,0,0,0,-0.22826,26.7144,-24.6374,7.47104,0.830705,2.50601,0.0587866,-0.175828,2.15242,-3.07609,1.89925,0.183144,0.918082,0.0519482
1728512,1,-2.75261,-1.32534,1.01105,-1.94698,1.10108,1.16772,2.20139,-2.75266,-1.32422,1.00895,-1.94565,1.10136,1.16858,2.20139,-0.000329086,-0.000469302,0.000910216,-0.000477987,9.80904e-05,0.00048624,-0.000242185,0,0,0,0,0,0,0,-0.176685,26.7383,-24.7128,7.49881,0.825212,2.49319,0.0587866,-0.177586,2.15318,-3.07526,1.89793,0.183126,0.918,0.0517454
1728513,1,-2.75261,-1.32534,1.01105,-1.94698,1.10108,1.16771,2.20139,-2.75266,-1.32422,1.00895,-1.94565,1.10136,1.16858,2.20139,0.000430223,-0.000962482,4.9999e-05,0.000330956,6.53936e-05,8.68012e-05,-0.000161457,0,0,0,0,0,0,0,-0.204456,26.766,-24.689,7.47104,0.825212,2.4996,0.0587866,-0.1796,2.15478,-3.0752,1.89648,0.183088,0.917954,0.0515862
1728514,1,-2.75261,-1.32534,1.01105,-1.94698,1.10108,1.16771,2.20139,-2.75266,-1.32422,1.00895,-1.94565,1.10136,1.16858,2.20139,0.000286816,0.000564771,-0.00117309,-0.000428977,0.000247046,-0.000179492,0.00036708,0,0,0,0,0,0,0,-0.204456,26.7144,-24.6374,7.49881,0.819719,2.50601,0.0459692,-0.18155,2.15654,-3.07522,1.8951,0.183037,0.917891,0.0514743
1728515,1,-2.75261,-1.32534,1.01105,-1.94698,1.10108,1.16771,2.20139,-2.75266,-1.32422,1.00895,-1.94565,1.10136,1.16858,2.20139,-0.000458404,0.000376514,-0.00022525,0.000920441,-3.8753e-05,-0.000119661,-0.000229998,0,0,0,0,0,0,0,-0.176685,26.7144,-24.6612,7.44724,0.825212,2.50601,0.0587866,-0.18288,2.15656,-3.07353,1.89413,0.182975,0.917709,0.0514046
1728516,1,-2.75261,-1.32534,1.01105,-1.94698,1.10108,1.16771,2.20138,-2.75266,-1.32422,1.00895,-1.94565,1.10136,1.16858,2.20139,0.000344012,0.000251009,0.000499447,5.68157e-05,-0.000229286,0.000157585,-0.000865409,0,0,0,0,0,0,0,-0.204456,26.7144,-24.689,7.47104,0.830705,2.4996,0.0780126,-0.183299,2.15547,-3.07135,1.89358,0.1829,0.917478,0.0513671
1728517,1,-2.75261,-1.32534,1.01105,-1.94698,1.10108,1.16771,2.20138,-2.75266,-1.32422,1.00895,-1.94565,1.10136,1.16858,2.20139,-0.000420273,0.000816954,0.000332965,3.78771e-05,-0.000152857,-0.000132302,-0.000102221,0,0,0,0,0,0,0,-0.176685,26.6867,-24.689,7.47104,0.830705,2.50601,0.0651953,-0.183038,2.15429,-3.06999,1.89342,0.182829,0.917296,0.0513672
1728518,1,-2.75261,-1.32534,1.01105,-1.94698,1.10108,1.16771,2.20139,-2.75266,-1.32422,1.00895,-1.94565,1.10136,1.16858,2.20139,-0.000280182,0.000544636,-0.000984449,2.52514e-05,-0.000101905,-8.82015e-05,0.000169211,0,0,0,0,0,0,0,-0.176685,26.6867,-24.6374,7.47104,0.830705,2.50601,0.0587866,-0.181628,2.15223,-3.06855,1.89406,0.182808,0.917114,0.0514207
1728519,1,-2.75261,-1.32534,1.01105,-1.94698,1.10108,1.16772,2.20139,-2.75266,-1.32422,1.00895,-1.94565,1.10136,1.16858,2.20139,-0.0007436,-0.000843335,-9.94876e-05,-0.00063278,0.000135514,0.000415917,0.000587525,0,0,0,0,0,0,0,-0.152882,26.7383,-24.6612,7.49881,0.825212,2.49319,0.0459692,-0.179242,2.1496,-3.0666,1.89534,0.182852,0.916888,0.0515229
1728520,1,-2.75261,-1.32534,1.01105,-1.94698,1.10108,1.16772,2.20138,-2.75266,-1.32422,1.00895,-1.94565,1.10136,1.16858,2.20139,0.000710693,-5.41165e-06,-0.000623137,0.000227761,0.000293793,0.000277278,-0.00150719,0,0,0,0,0,0,0,-0.204456,26.7144,-24.6374,7.47104,0.819719,2.49319,0.0972387,-0.177294,2.14795,-3.06495,1.89642,0.182913,0.916676,0.0516509
1728521,1,-2.75261,-1.32534,1.01105,-1.94698,1.10108,1.16772,2.20139,-2.75266,-1.32422,1.00895,-1.94565,1.10136,1.16858,2.20139,0.000473795,-3.60777e-06,0.000141387,0.000151841,-0.000211039,0.000184852,0.000182003,0,0,0,0,0,0,0,-0.204456,26.7144,-24.6612,7.47104,0.830705,2.49319,0.0651953,-0.177364,2.14765,-3.06366,1.89638,0.182893,0.916499,0.0518008
1728522,1,-2.75261,-1.32534,1.01105,-1.94698,1.10108,1.16771,2.20138,-2.75266,-1.32422,1.00895,-1.94565,1.10136,1.16858,2.20139,0.000315863,-0.000559217,-0.000462554,0.000101227,-0.000140693,-0.000114124,-0.000116024,0,0,0,0,0,0,0,-0.204456,26.7383,-24.6374,7.47104,0.830705,2.4996,0.071604,-0.179206,2.1484,-3.06268,1.89533,0.182792,0.916345,0.0519925
1728523,1,-2.75261,-1.32534,1.01105,-1.94698,1.10108,1.16772,2.20139,-2.75266,-1.32422,1.00895,-1.94565,1.10136,1.16858,2.20139,-0.00099585,0.000833614,0.000248443,6.74847e-05,-9.37951e-05,0.000161276,0.000872087,0,0,0,0,0,0,0,-0.152882,26.6867,-24.6612,7.47104,0.830705,2.49319,0.0459692,-0.180585,2.14912,-3.06198,1.8945,0.182708,0.916183,0.0522334
1728524,1,-2.75261,-1.32534,1.01105,-1.94698,1.10108,1.16772,2.20138,-2.75266,-1.32422,1.00895,-1.94565,1.10136,1.16858,2.20139,-0.000107088,-0.000650683,0.00137205,-0.00116144,0.00014092,0.000107517,-0.000842763,0,0,0,0,0,0,0,-0.176685,26.7383,-24.7128,7.52262,0.825212,2.49319,0.0844213,-0.179775,2.14925,-3.06217,1.89496,0.182723,0.916049,0.052508
1728525,1,-2.75261,-1.32534,1.01105,-1.94698,1.10108,1.16771,2.20138,-2.75266,-1.32422,1.00895,-1.94565,1.10136,1.16858,2.20139,0.000578222,-0.000433789,-0.000848535,0.000432135,9.3947e-05,-0.00040304,-0.000561842,0,0,0,0,0,0,0,-0.204456,26.7383,-24.6374,7.47104,0.825212,2.50601,0.0844213,-0.178594,2.15001,-3.06348,1.89582,0.182777,0.915982,0.0527976
1728526,1,-2.75261,-1.32534,1.01105,-1.94698,1.10108,1.16771,2.20138,-2.75266,-1.32422,1.00895,-1.94565,1.10136,1.16858,2.20139,-0.000264133,-0.000289192,0.000640736,0.00028809,0.000266082,-0.000506052,-0.000374561,0,0,0,0,0,0,0,-0.176685,26.7383,-24.689,7.47104,0.819719,2.51242,0.0844213,-0.179044,2.15169,-3.06467,1.89567,0.18276,0.915909,0.0531082
1728527,1,-2.75261,-1.32534,1.01105,-1.94698,1.10108,1.16771,2.20138,-2.75266,-1.32422,1.00895,-1.94565,1.10136,1.16858,2.20139,-0.000176089,0.000364017,0.000427157,0.00019206,0.000177388,0.00013735,-0.000249707,0,0,0,0,0,0,0,-0.176685,26.7144,-24.689,7.47104,0.819719,2.4996,0.0844213,-0.179878,2.15335,-3.06563,1.89509,0.18269,0.915815,0.0534624
1728528,1,-2.75261,-1.32534,1.01105,-1.94698,1.10108,1.16771,2.20139,-2.75266,-1.32422,1.00895,-1.94565,1.10136,1.16858,2.20139,0.000532222,0.000242678,-0.000921654,-0.000521574,-0.000492093,9.15666e-05,0.00125768,0,0,0,0,0,0,0,-0.204456,26.7144,-24.6374,7.49881,0.836199,2.4996,0.0459692,-0.18024,2.15397,-3.06584,1.89485,0.182621,0.91569,0.0538678
1728529,1,-2.75261,-1.32534,1.01105,-1.94698,1.10108,1.16771,2.20139,-2.75266,-1.32422,1.00895,-1.94565,1.10136,1.16858,2.20139,-0.0002948,-0.000395027,-0.000614436,0.00085871,0.00028229,6.10444e-05,0.000363737,0,0,0,0,0,0,0,-0.176685,26.7383,-24.6374,7.44724,0.819719,2.4996,0.0587866,-0.180815,2.15352,-3.0644,1.8946,0.182541,0.915478,0.0543033
1728530,1,-2.75261,-1.32534,1.01105,-1.94697,1.10108,1.16772,2.20138,-2.75266,-1.32422,1.00895,-1.94565,1.10136,1.16858,2.20139,-0.000753345,0.000943075,0.000147188,0.00112929,-1.52575e-05,0.000278055,-0.000706945,0,0,0,0,0,0,0,-0.152882,26.6867,-24.6612,7.42344,0.825212,2.49319,0.0844213,-0.18131,2.15261,-3.06213,1.89404,0.182431,0.91519,0.0547312
1728531,1,-2.75261,-1.32534,1.01105,-1.94698,1.10108,1.16771,2.20138,-2.75266,-1.32422,1.00895,-1.94565,1.10136,1.16858,2.20139,5.4582e-05,-2.08974e-05,9.81252e-05,0.000196045,0.000193279,-0.000289348,-0.000233937,0,0,0,0,0,0,0,-0.176685,26.7144,-24.6612,7.44724,0.819719,2.50601,0.0780126,-0.18113,2.15139,-3.06006,1.89346,0.182305,0.914891,0.0551405
1728532,1,-2.75261,-1.32534,1.01105,-1.94698,1.10108,1.16771,2.20138,-2.75266,-1.32422,1.00895,-1.94565,1.10136,1.16858,2.20139,-0.000520424,-1.39316e-05,-0.000491395,-0.00107573,-7.45979e-05,4.44604e-05,8.14007e-05,0,0,0,0,0,0,0,-0.152882,26.7144,-24.6374,7.49881,0.825212,2.4996,0.071604,-0.1802,2.15002,-3.05839,1.89349,0.182226,0.91464,0.0555477
1728533,1,-2.75261,-1.32534,1.01105,-1.94698,1.10108,1.16772,2.20139,-2.75266,-1.32422,1.00895,-1.94565,1.10136,1.16858,2.20139,0.000209863,-0.0005661,0.000229215,-6.75389e-05,-0.000253182,0.000504358,0.00127497,0,0,0,0,0,0,0,-0.176685,26.7383,-24.6612,7.47104,0.830705,2.48678,0.038645,-0.178741,2.14891,-3.05715,1.89424,0.182223,0.914449,0.0559604
1728534,1,-2.75261,-1.32534,1.01105,-1.94698,1.10108,1.16771,2.20138,-2.75266,-1.32422,1.00895,-1.94565,1.10136,1.16858,2.20139,0.000139908,0.000829026,-0.000404002,0.000511786,3.46622e-05,-0.000138479,-0.000608082,0,0,0,0,0,0,0,-0.176685,26.6867,-24.6374,7.44724,0.825212,2.4996,0.0780126,-0.177917,2.14835,-3.05615,1.89471,0.182206,0.914286,0.0563592
1728535,1,-2.75261,-1.32534,1.01105,-1.94698,1.10108,1.16772,2.20138,-2.75266,-1.32422,1.00895,-1.94565,1.10136,1.16858,2.20139,-0.00046354,0.000552684,0.000287477,0.000898003,-0.000383793,0.00014504,6.93299e-05,0,0,0,0,0,0,0,-0.152882,26.6867,-24.6612,7.42344,0.836199,2.49319,0.0651953,-0.177803,2.14763,-3.05484,1.8945,0.182126,0.914094,0.056724
1728536,1,-2.75261,-1.32534,1.01105,-1.94698,1.10108,1.16772,2.20139,-2.75266,-1.32422,1.00895,-1.94565,1.10136,1.16858,2.20139,0.000247786,0.000368456,-0.000921972,4.18565e-05,0.000591849,-0.000140666,0.00102956,0,0,0,0,0,0,0,-0.176685,26.6867,-24.6136,7.44724,0.81331,2.4996,0.038645,-0.177731,2.14635,-3.05303,1.89401,0.182019,0.913854,0.0570584
1728537,1,-2.75261,-1.32534,1.01105,-1.94698,1.10108,1.16772,2.20139,-2.75266,-1.32422,1.00895,-1.94565,1.10136,1.16858,2.20139,0.00016519,-0.000960789,0.000498976,-0.000528908,-0.000656595,0.000143582,0.000686376,0,0,0,0,0,0,0,-0.176685,26.7383,-24.6612,7.47104,0.841692,2.49319,0.038645,-0.178042,2.14556,-3.05138,1.89335,0.181927,0.91363,0.0573573
1728538,1,-2.75261,-1.32534,1.01105,-1.94698,1.10108,1.16772,2.20139,-2.75266,-1.32422,1.00895,-1.94565,1.10136,1.16858,2.20139,0.000759741,-8.37137e-05,0.00033265,0.000761019,0.000172621,-0.000141638,0.00140702,0,0,0,0,0,0,0,-0.204456,26.7144,-24.6612,7.42344,0.825212,2.4996,0.0130102,-0.179459,2.14656,-3.05103,1.89217,0.181835,0.913501,0.0575917
1728539,1,-2.75261,-1.32534,1.01105,-1.94698,1.10108,1.16772,2.20139,-2.75266,-1.32422,1.00895,-1.94565,1.10136,1.16858,2.20139,-0.00014312,0.000593805,-0.000891857,0.000507346,-0.00029182,0.000142934,-0.00028269,0,0,0,0,0,0,0,-0.176685,26.6867,-24.6136,7.42344,0.836199,2.49319,0.0459692,-0.181801,2.14823,-3.051,1.89031,0.18171,0.913392,0.0577306
1728540,1,-2.75261,-1.32534,1.01105,-1.94698,1.10108,1.16772,2.20139,-2.75266,-1.32422,1.00895,-1.94565,1.10136,1.16858,2.20139,-0.000652225,0.00039587,-3.77593e-05,-0.000775393,8.90376e-06,-0.000379429,0.000320166,0,0,0,0,0,0,0,-0.152882,26.6867,-24.6374,7.47104,0.830705,2.50601,0.0322363,-0.182799,2.14819,-3.04979,1.88917,0.181642,0.913199,0.0577604
1728541,1,-2.75261,-1.32534,1.01105,-1.94698,1.10108,1.16772,2.20139,-2.75266,-1.32422,1.00895,-1.94565,1.10136,1.16858,2.20139,0.000771609,-0.000385701,0.000531639,3.98831e-05,0.000650196,-0.000252952,-0.000295182,0,0,0,0,0,0,0,-0.204456,26.7144,-24.6612,7.44724,0.81331,2.50601,0.0459692,-0.182161,2.14724,-3.04859,1.88915,0.181674,0.91302,0.0576917
1728542,1,-2.75261,-1.32534,1.01104,-1.94698,1.10108,1.16772,2.20139,-2.75266,-1.32422,1.00895,-1.94565,1.10136,1.16858,2.20139,-0.000135208,-0.000257134,-0.00140881,0.000583401,-7.34558e-06,6.87239e-05,0.000311838,0,0,0,0,0,0,0,-0.176685,26.7144,-24.5858,7.42344,0.825212,2.4996,0.0322363,-0.182257,2.14713,-3.04784,1.88868,0.181689,0.91289,0.0575384
1728543,1,-2.75261,-1.32534,1.01105,-1.94698,1.10108,1.16772,2.20139,-2.75266,-1.32422,1.00895,-1.94565,1.10136,1.16858,2.20139,-9.01386e-05,0.000478191,-0.000289594,-0.0013743,-4.89705e-06,0.000283175,-0.000300734,0,0,0,0,0,0,0,-0.176685,26.6867,-24.6136,7.49881,0.825212,2.49319,0.0459692,-0.182491,2.14667,-3.04621,1.88812,0.181696,0.912717,0.0573164
1728544,1,-2.75261,-1.32534,1.01105,-1.94698,1.10108,1.16771,2.20139,-2.75266,-1.32422,1.00895,-1.94565,1.10136,1.16858,2.20139,-0.00126652,0.000318794,0.00157018,0.000290223,-3.2647e-06,-0.000523294,-0.000675207,0,0,0,0,0,0,0,-0.125111,26.6867,-24.689,7.44724,0.825212,2.51242,0.0587866,-0.180563,2.14514,-3.04479,1.88893,0.181792,0.912567,0.0570482
1728545,1,-2.75261,-1.32534,1.01105,-1.94698,1.10108,1.16771,2.20139,-2.75266,-1.32422,1.00895,-1.94565,1.10136,1.16858,2.20139,0.00036208,-0.000993896,0.00039717,0.000193482,0.000201274,0.000125856,0.000770565,0,0,0,0,0,0,0,-0.176685,26.7383,-24.6612,7.44724,0.819719,2.4996,0.0258276,-0.177647,2.14456,-3.04549,1.8901,0.181904,0.912542,0.0567559
1728546,1,-2.75261,-1.32534,1.01105,-1.94698,1.10108,1.16772,2.20138,-2.75266,-1.32422,1.00895,-1.94565,1.10136,1.16858,2.20139,-0.000315425,-0.000105786,0.00026478,-0.00107744,0.000134183,8.39037e-05,-0.00141907,0,0,0,0,0,0,0,-0.152882,26.7144,-24.6612,7.49881,0.819719,2.4996,0.0780126,-0.175788,2.14565,-3.04745,1.89053,0.181962,0.912604,0.0564508
1728547,1,-2.75261,-1.32534,1.01104,-1.94698,1.10108,1.16772,2.20139,-2.75266,-1.32422,1.00895,-1.94565,1.10136,1.16858,2.20139,0.000346529,-7.05238e-05,-0.00158672,-0.000718292,-0.000317446,0.000293295,0.000240748,0,0,0,0,0,0,0,-0.176685,26.7144,-24.5858,7.49881,0.830705,2.49319,0.0459692,-0.174461,2.14628,-3.04823,1.89101,0.182014,0.912628,0.0561443
1728548,1,-2.75261,-1.32534,1.01105,-1.94698,1.10108,1.16771,2.20138,-2.75266,-1.32422,1.00895,-1.94565,1.10136,1.16858,2.20139,0.000880633,-0.000603828,-0.000408198,0.000727565,-8.18008e-06,-4.18291e-05,-0.00126365,0,0,0,0,0,0,0,-0.204456,26.7383,-24.6136,7.44724,0.825212,2.4996,0.0844213,-0.174493,2.14614,-3.04685,1.89093,0.182005,0.912541,0.0558573
1728549,1,-2.75261,-1.32534,1.01105,-1.94698,1.10108,1.16772,2.20138,-2.75266,-1.32422,1.00895,-1.94565,1.10136,1.16858,2.20139,0.0011439,-0.000402552,0.00149111,0.000485043,0.000197997,-2.78861e-05,-0.000605078,0,0,0,0,0,0,0,-0.22826,26.7383,-24.689,7.44724,0.819719,2.4996,0.0780126,-0.177635,2.14762,-3.04558,1.88885,0.18183,0.912469,0.0556119
1728550,1,-2.75261,-1.32534,1.01105,-1.94698,1.10108,1.16772,2.20138,-2.75266,-1.32422,1.00895,-1.94565,1.10136,1.16858,2.20139,0.000205788,0.000288444,-0.000212355,-0.000883064,-0.000274903,-0.00025595,-0.000403385,0,0,0,0,0,0,0,-0.204456,26.7144,-24.6374,7.49881,0.830705,2.50601,0.0780126,-0.182056,2.15046,-3.04577,1.88601,0.18158,0.912503,0.0554406
1728551,1,-2.75261,-1.32534,1.01105,-1.94698,1.10108,1.16772,2.20138,-2.75266,-1.32422,1.00895,-1.94565,1.10136,1.16858,2.20139,-0.000512422,-0.000364516,-0.00014157,6.09047e-05,0.000223632,6.67258e-05,-0.000981,0,0,0,0,0,0,0,-0.176685,26.7383,-24.6374,7.47104,0.819719,2.4996,0.0972387,-0.184597,2.15213,-3.04586,1.88447,0.181414,0.912527,0.0553668
1728552,1,-2.75261,-1.32534,1.01105,-1.94698,1.10108,1.16772,2.20138,-2.75266,-1.32422,1.00895,-1.94565,1.10136,1.16858,2.20139,0.000308,-0.000243011,-0.000651192,-0.000609011,-5.43623e-05,0.000281843,0.000532795,0,0,0,0,0,0,0,-0.204456,26.7383,-24.6136,7.49881,0.825212,2.49319,0.0651953,-0.185071,2.15233,-3.04504,1.88418,0.181341,0.912466,0.0553969
1728553,1,-2.75261,-1.32534,1.01105,-1.94698,1.10108,1.16772,2.20138,-2.75266,-1.32422,1.00895,-1.94565,1.10136,1.16858,2.20139,0.000762145,0.00104442,-0.000434128,0.000243607,-0.000239692,0.000187895,-0.00035688,0,0,0,0,0,0,0,-0.22826,26.6867,-24.6136,7.47104,0.830705,2.49319,0.0844213,-0.185217,2.15149,-3.04306,1.88422,0.18128,0.912328,0.0555289
1728554,1,-2.75261,-1.32534,1.01104,-1.94698,1.10108,1.16772,2.20138,-2.75266,-1.32422,1.00895,-1.94565,1.10136,1.16858,2.20139,-0.000698329,-0.00115976,-0.000939033,0.000162404,-0.000159795,0.000125263,-0.000712638,0,0,0,0,0,0,0,-0.176685,26.766,-24.5858,7.47104,0.830705,2.49319,0.0972387,-0.185554,2.14999,-3.04008,1.88416,0.181201,0.912115,0.0557448
1728555,1,-2.75261,-1.32534,1.01104,-1.94698,1.10108,1.16772,2.20138,-2.75266,-1.32422,1.00895,-1.94565,1.10136,1.16858,2.20139,-0.00102236,-0.00012356,2.35922e-05,0.00010827,9.69207e-05,-0.000391209,-3.74244e-07,0,0,0,0,0,0,0,-0.152882,26.7383,-24.6136,7.47104,0.825212,2.50601,0.0844213,-0.184902,2.14874,-3.03739,1.88438,0.181164,0.911863,0.0560371
1728556,1,-2.75261,-1.32534,1.01104,-1.94698,1.10108,1.16772,2.20138,-2.75266,-1.32422,1.00895,-1.94565,1.10136,1.16858,2.20139,-0.000124765,0.000474439,0.00057254,0.0011858,6.46138e-05,0.000213912,0.000237109,0,0,0,0,0,0,0,-0.176685,26.7144,-24.6374,7.42344,0.825212,2.49319,0.0780126,-0.183105,2.14793,-3.03576,1.88489,0.181161,0.911632,0.0564112
1728557,1,-2.75261,-1.32534,1.01105,-1.94698,1.10108,1.16771,2.20138,-2.75266,-1.32422,1.00895,-1.94565,1.10136,1.16858,2.20139,-8.31764e-05,-0.000890133,0.000938505,0.000233724,4.30759e-05,-0.00033211,0.000632791,0,0,0,0,0,0,0,-0.176685,26.766,-24.6612,7.44724,0.825212,2.50601,0.0651953,-0.181847,2.1482,-3.03561,1.88484,0.181113,0.911491,0.0568534
1728558,1,-2.75261,-1.32534,1.01105,-1.94698,1.10108,1.16771,2.20138,-2.75266,-1.32422,1.00895,-1.94565,1.10136,1.16858,2.20139,0.000594163,5.61917e-05,0.00062567,-0.00105061,2.87173e-05,-0.000221407,-0.00100229,0,0,0,0,0,0,0,-0.204456,26.7383,-24.6612,7.49881,0.825212,2.50601,0.103647,-0.181639,2.14996,-3.03698,1.8844,0.181049,0.911488,0.0573344
1728559,1,-2.75261,-1.32534,1.01105,-1.94698,1.10108,1.16771,2.20138,-2.75266,-1.32422,1.00895,-1.94565,1.10136,1.16858,2.20139,0.000396109,0.000594273,0.000417113,-5.07927e-05,1.91448e-05,8.97545e-05,0.00028124,0,0,0,0,0,0,0,-0.204456,26.7144,-24.6612,7.47104,0.825212,2.4996,0.0780126,-0.181782,2.15164,-3.03854,1.8844,0.181018,0.911571,0.0578404
1728560,1,-2.75261,-1.32534,1.01105,-1.94698,1.10108,1.16772,2.20139,-2.75266,-1.32422,1.00895,-1.94565,1.10136,1.16858,2.20139,-0.000942353,0.000396182,-0.000278736,0.00052295,-0.000190687,5.98364e-05,0.00089957,0,0,0,0,0,0,0,-0.152882,26.7144,-24.6374,7.44724,0.830705,2.4996,0.0587866,-0.18144,2.15187,-3.03893,1.88486,0.181006,0.911604,0.0583739
1728561,1,-2.75261,-1.32534,1.01104,-1.94698,1.10108,1.16772,2.20139,-2.75266,-1.32422,1.00895,-1.94565,1.10136,1.16858,2.20139,0.00057819,-0.000942305,-0.000185824,-0.000857792,7.63257e-05,3.98909e-05,0.000837073,0,0,0,0,0,0,0,-0.204456,26.766,-24.6374,7.49881,0.825212,2.4996,0.0523779,-0.180548,2.15129,-3.03826,1.8855,0.181017,0.911549,0.0589161
1728562,1,-2.75261,-1.32534,1.01105,-1.94698,1.10108,1.16772,2.20139,-2.75266,-1.32422,1.00895,-1.94565,1.10136,1.16858,2.20139,0.00038546,0.00122784,-0.000123883,0.000634564,0.000254334,0.000263953,0.000795407,0,0,0,0,0,0,0,-0.204456,26.6867,-24.6374,7.44724,0.819719,2.49319,0.0459692,-0.180365,2.15078,-3.03694,1.88583,0.181016,0.911461,0.0594273
1728563,1,-2.75261,-1.32534,1.01105,-1.94698,1.10108,1.16772,2.20138,-2.75266,-1.32422,1.00895,-1.94565,1.10136,1.16858,2.20139,-0.000949452,-0.000387868,0.000474223,0.000423043,-0.000440795,0.000175969,-0.000419164,0,0,0,0,0,0,0,-0.152882,26.7383,-24.6612,7.44724,0.836199,2.49319,0.071604,-0.180549,2.15008,-3.03533,1.8858,0.180981,0.911346,0.0598743
1728564,1,-2.75261,-1.32534,1.01105,-1.94698,1.10108,1.16772,2.20139,-2.75266,-1.32422,1.00895,-1.94565,1.10136,1.16858,2.20139,-7.61563e-05,0.000298233,-0.000797475,0.000282029,0.000113037,-0.000357405,0.00165334,0,0,0,0,0,0,0,-0.176685,26.7144,-24.6136,7.44724,0.825212,2.50601,0.0194189,-0.180017,2.14919,-3.03378,1.88585,0.180954,0.91119,0.0602441
1728565,1,-2.75261,-1.32534,1.01105,-1.94698,1.10108,1.16772,2.20139,-2.75266,-1.32422,1.00895,-1.94565,1.10136,1.16858,2.20139,0.000598843,-0.00035799,-0.00053165,-0.000368793,0.000278809,0.000236448,-0.000118478,0,0,0,0,0,0,0,-0.204456,26.7383,-24.6136,7.47104,0.819719,2.49319,0.0523779,-0.179741,2.14833,-3.03178,1.88575,0.180934,0.911002,0.060529
1728566,1,-2.75261,-1.32534,1.01105,-1.94698,1.10108,1.16772,2.20139,-2.75266,-1.32422,1.00895,-1.94565,1.10136,1.16858,2.20139,0.000399229,-0.00023866,0.000759191,-0.000245862,-0.000221028,0.000157632,0.000158373,0,0,0,0,0,0,0,-0.204456,26.7383,-24.6612,7.47104,0.830705,2.49319,0.0459692,-0.180634,2.1482,-3.02995,1.88527,0.180898,0.910857,0.0607125
1728567,1,-2.75261,-1.32534,1.01105,-1.94698,1.10108,1.16772,2.20139,-2.75266,-1.32422,1.00895,-1.94565,1.10136,1.16858,2.20139,0.000266152,0.000397705,-5.06849e-05,-0.000813522,5.60982e-05,-0.000132271,-0.000131777,0,0,0,0,0,0,0,-0.204456,26.7144,-24.6374,7.49881,0.825212,2.4996,0.0523779,-0.181808,2.14879,-3.02918,1.88492,0.180877,0.910804,0.0607992
1728568,1,-2.75261,-1.32534,1.01105,-1.94698,1.10108,1.16771,2.20139,-2.75266,-1.32422,1.00895,-1.94565,1.10136,1.16858,2.20139,0.000177435,0.000265137,0.000523022,0.000107266,3.73988e-05,-0.00032554,0.000895493,0,0,0,0,0,0,0,-0.204456,26.7144,-24.6612,7.47104,0.825212,2.50601,0.0258276,-0.182412,2.14906,-3.02885,1.88511,0.180884,0.91079,0.060809
1728569,1,-2.75261,-1.32534,1.01105,-1.94698,1.10108,1.16772,2.20139,-2.75266,-1.32422,1.00895,-1.94565,1.10136,1.16858,2.20139,-0.000531324,-0.000380054,-0.000208131,0.00118513,2.49325e-05,2.03325e-05,0.00130907,0,0,0,0,0,0,0,-0.176685,26.7383,-24.6374,7.42344,0.825212,2.4996,0.00660151,-0.182845,2.14934,-3.02866,1.88512,0.180871,0.910755,0.0607448
1728570,1,-2.75261,-1.32534,1.01105,-1.94698,1.10108,1.16772,2.20139,-2.75266,-1.32422,1.00895,-1.94565,1.10136,1.16858,2.20139,0.00140902,0.000303443,0.000418058,-0.000323534,-0.000390279,0.000250914,-0.000822706,0,0,0,0,0,0,0,-0.252064,26.7144,-24.6612,7.47104,0.836199,2.49319,0.0523779,-0.184101,2.15025,-3.02859,1.88426,0.180794,0.9107,0.0605846
1728571,1,-2.75261,-1.32534,1.01104,-1.94698,1.10108,1.16772,2.20139,-2.75266,-1.32422,1.00895,-1.94565,1.10136,1.16858,2.20139,-0.00082389,0.000851909,-0.000278106,-0.000215689,-5.67357e-05,-0.000307442,0.000434873,0,0,0,0,0,0,0,-0.176685,26.6867,-24.6374,7.47104,0.830705,2.50601,0.0258276,-0.185483,2.15067,-3.02814,1.88348,0.180722,0.910639,0.0603224
1728572,1,-2.75261,-1.32534,1.01105,-1.94698,1.10108,1.16771,2.20139,-2.75266,-1.32422,1.00895,-1.94565,1.10136,1.16858,2.20139,0.000100354,-0.000638487,-0.000185404,0.000413019,-3.78238e-05,-0.000204961,-0.000693429,0,0,0,0,0,0,0,-0.204456,26.7383,-24.6374,7.44724,0.830705,2.50601,0.0523779,-0.185606,2.14999,-3.02716,1.88354,0.180721,0.910546,0.0599816
1728573,1,-2.75261,-1.32534,1.01104,-1.94698,1.10108,1.16772,2.20139,-2.75266,-1.32422,1.00895,-1.94565,1.10136,1.16858,2.20139,-0.000582711,0.000780768,-0.000680415,0.000832158,0.000178235,-0.000136641,0.000521058,0,0,0,0,0,0,0,-0.176685,26.6867,-24.6136,7.42344,0.825212,2.50601,0.0258276,-0.185198,2.14901,-3.02576,1.88362,0.180742,0.910403,0.0595841
1728574,1,-2.75261,-1.32534,1.01104,-1.94698,1.10108,1.16772,2.20139,-2.75266,-1.32422,1.00895,-1.94565,1.10136,1.16858,2.20139,-0.000388474,0.000520512,-0.00110322,-0.000558852,0.000118823,0.000383624,0.000347372,0,0,0,0,0,0,0,-0.176685,26.6867,-24.5858,7.47104,0.825212,2.49319,0.0258276,-0.184177,2.14699,-3.02327,1.88388,0.180783,0.910188,0.0591487
1728575,1,-2.75261,-1.32534,1.01105,-1.94698,1.10108,1.16772,2.20139,-2.75266,-1.32422,1.00895,-1.94565,1.10136,1.16858,2.20139,0.000390631,-0.000859418,0.000470943,0.000184244,0.000282666,0.000493108,-5.77741e-06,0,0,0,0,0,0,0,-0.204456,26.7383,-24.6374,7.44724,0.819719,2.48678,0.0322363,-0.18281,2.14463,-3.02049,1.88445,0.180859,0.909971,0.0586778
1728576,1,-2.75261,-1.32534,1.01105,-1.94698,1.10108,1.16772,2.20138,-2.75266,-1.32422,1.00895,-1.94565,1.10136,1.16858,2.20139,0.000260421,-1.61333e-05,0.000870774,-0.000433983,-1.50066e-05,-0.000145979,-0.00169927,0,0,0,0,0,0,0,-0.204456,26.7144,-24.6612,7.47104,0.825212,2.4996,0.0780126,-0.182675,2.14441,-3.01967,1.88444,0.180908,0.909902,0.0581679
1728577,1,-2.75261,-1.32534,1.01105,-1.94698,1.10108,1.16772,2.20138,-2.75266,-1.32422,1.00895,-1.94565,1.10136,1.16858,2.20139,0.000173614,-0.000567567,-0.000533108,-0.000289322,-0.000620356,0.00014004,-0.000658131,0,0,0,0,0,0,0,-0.204456,26.7383,-24.6136,7.47104,0.841692,2.49319,0.0651953,-0.183438,2.14581,-3.02048,1.88407,0.180936,0.909954,0.0576478
1728578,1,-2.75261,-1.32534,1.01105,-1.94698,1.10108,1.16772,2.20139,-2.75266,-1.32422,1.00895,-1.94565,1.10136,1.16858,2.20139,-0.000533871,0.000828048,0.000758219,0.000920743,0.000196781,-0.000381358,3.59642e-05,0,0,0,0,0,0,0,-0.176685,26.6867,-24.6612,7.42344,0.825212,2.50601,0.0523779,-0.184041,2.14707,-3.02134,1.88377,0.180963,0.909997,0.0571695
1728579,1,-2.75261,-1.32534,1.01105,-1.94698,1.10108,1.16772,2.20139,-2.75266,-1.32422,1.00895,-1.94565,1.10136,1.16858,2.20139,-0.000912726,-9.75822e-05,0.000505479,5.70165e-05,-7.22632e-05,-1.68798e-05,0.000532602,0,0,0,0,0,0,0,-0.152882,26.7144,-24.6612,7.44724,0.830705,2.4996,0.038645,-0.183536,2.14762,-3.02227,1.88375,0.181003,0.910005,0.0567634
1728580,1,-2.75261,-1.32534,1.01105,-1.94698,1.10108,1.16772,2.20139,-2.75266,-1.32422,1.00895,-1.94565,1.10136,1.16858,2.20139,0.00115475,-6.50548e-05,-0.000219826,-0.00116841,-0.000251626,-1.12532e-05,-0.000390917,0,0,0,0,0,0,0,-0.22826,26.7144,-24.6374,7.49881,0.836199,2.4996,0.0587866,-0.182401,2.14779,-3.02329,1.88414,0.18108,0.91002,0.0564182
1728581,0.99,-2.75261,-1.32534,1.01105,-1.94698,1.10108,1.16772,2.20138,-2.75266,-1.32422,1.00895,-1.94565,1.10136,1.16858,2.20139,-0.00043659,-4.33699e-05,-0.000146551,0.000984295,0.00023915,-7.50215e-06,-0.00049797,0,0,0,0,0,0,0,-0.176685,26.7144,-24.6374,7.42344,0.825212,2.4996,0.0651953,-0.182267,2.14801,-3.0237,1.88427,0.181154,0.910032,0.0561129
1728582,0.99,-2.75261,-1.32534,1.01105,-1.94698,1.10108,1.16772,2.20139,-2.75266,-1.32422,1.00895,-1.94565,1.10136,1.16858,2.20139,-0.000847872,0.000620701,-9.77004e-05,9.93844e-05,0.000362884,0.000232358,0.000380097,0,0,0,0,0,0,0,-0.152882,26.6867,-24.6374,7.44724,0.819719,2.49319,0.0459692,-0.182262,2.14773,-3.02329,1.8841,0.181207,0.909977,0.0558502
1728583,0.99,-2.75261,-1.32534,1.01105,-1.94698,1.10108,1.16772,2.20139,-2.75266,-1.32422,1.00895,-1.94565,1.10136,1.16858,2.20139,0.000641178,-0.000235813,-6.51336e-05,6.62563e-05,-0.000164978,-8.24539e-05,0.000253398,0,0,0,0,0,0,0,-0.204456,26.7144,-24.6374,7.44724,0.830705,2.4996,0.0459692,-0.181721,2.14684,-3.02242,1.884,0.181257,0.909868,0.0556349
1728584,0.99,-2.75261,-1.32534,1.01105,-1.94698,1.10108,1.16772,2.20138,-2.75266,-1.32422,1.00895,-1.94565,1.10136,1.16858,2.20139,0.000984264,-0.000157209,-4.34224e-05,-0.000512641,-0.000109986,-0.000292328,-0.00101786,0,0,0,0,0,0,0,-0.22826,26.7144,-24.6374,7.47104,0.830705,2.50601,0.0780126,-0.182532,2.14658,-3.0216,1.88335,0.181268,0.909797,0.0554513
1728585,0.99,-2.75261,-1.32534,1.01105,-1.94698,1.10108,1.16771,2.20138,-2.75266,-1.32422,1.00895,-1.94565,1.10136,1.16858,2.20139,0.000656176,-0.000661618,0.000527864,-0.000341761,0.000130127,-0.000194885,-0.000915934,0,0,0,0,0,0,0,-0.22826,26.7383,-24.6612,7.47104,0.825212,2.50601,0.0844213,-0.1852,2.1477,-3.02145,1.88201,0.181234,0.909822,0.0552957
1728586,0.99,-2.75261,-1.32534,1.01105,-1.94698,1.10108,1.16772,2.20138,-2.75266,-1.32422,1.00895,-1.94565,1.10136,1.16858,2.20139,0.000437451,0.000765347,-0.000761715,0.000328971,-0.000116699,0.000107435,-0.000135905,0,0,0,0,0,0,0,-0.22826,26.6867,-24.6136,7.44724,0.830705,2.4996,0.071604,-0.188438,2.14916,-3.02147,1.88047,0.181185,0.909882,0.055195
1728587,0.99,-2.75261,-1.32534,1.01105,-1.94698,1.10108,1.16771,2.20139,-2.75266,-1.32422,1.00895,-1.94565,1.10136,1.16858,2.20139,-0.00212122,0.000510232,4.90021e-05,0.000219314,0.000125651,-0.000165735,0.0011301,0,0,0,0,0,0,0,-0.125111,26.6867,-24.6374,7.44724,0.825212,2.50601,0.038645,-0.189637,2.14881,-3.02052,1.87985,0.181185,0.909847,0.0551743
1728588,0.99,-2.75261,-1.32534,1.01105,-1.94698,1.10108,1.16772,2.20138,-2.75266,-1.32422,1.00895,-1.94565,1.10136,1.16858,2.20139,-0.000207719,-0.00030946,0.00058948,-0.000410602,8.37673e-05,-0.00011049,-0.00141674,0,0,0,0,0,0,0,-0.176685,26.7144,-24.6612,7.47104,0.825212,2.50601,0.0972387,-0.187348,2.14681,-3.01954,1.8809,0.181302,0.909758,0.0552216
1728589,0.99,-2.75261,-1.32534,1.01105,-1.94698,1.10108,1.16772,2.20138,-2.75266,-1.32422,1.00895,-1.94565,1.10136,1.16858,2.20139,-0.000695292,-0.000206306,-0.000163825,-0.000273735,-0.000147606,0.000163699,-0.000469775,0,0,0,0,0,0,0,-0.152882,26.7144,-24.6374,7.47104,0.830705,2.4996,0.0844213,-0.183784,2.14514,-3.01959,1.88261,0.181477,0.909727,0.0553136
1728590,0.99,-2.75261,-1.32534,1.01105,-1.94698,1.10108,1.16772,2.20138,-2.75266,-1.32422,1.00895,-1.94565,1.10136,1.16858,2.20139,-0.000463528,-0.00134396,0.000447595,-0.000832104,0.000105047,0.000109133,-7.58242e-05,0,0,0,0,0,0,0,-0.152882,26.766,-24.6612,7.49881,0.825212,2.4996,0.0780126,-0.18062,2.14465,-3.02045,1.88421,0.181662,0.909764,0.0554615
1728591,0.99,-2.75261,-1.32534,1.01105,-1.94698,1.10108,1.16772,2.20138,-2.75266,-1.32422,1.00895,-1.94565,1.10136,1.16858,2.20139,0.000247793,0.00031045,-0.000815227,9.4878e-05,7.00312e-05,0.000310114,-0.000287908,0,0,0,0,0,0,0,-0.176685,26.7144,-24.6136,7.47104,0.825212,2.49319,0.0844213,-0.178437,2.14505,-3.02142,1.88535,0.181821,0.909822,0.0556785
1728592,0.99,-2.75261,-1.32534,1.01105,-1.94698,1.10108,1.16772,2.20139,-2.75266,-1.32422,1.00895,-1.94565,1.10136,1.16858,2.20139,0.00081481,0.000206967,1.33272e-05,6.3252e-05,-0.000156763,-3.06163e-05,0.000757497,0,0,0,0,0,0,0,-0.204456,26.7144,-24.6374,7.47104,0.830705,2.4996,0.0587866,-0.178282,2.14539,-3.02127,1.88544,0.181874,0.909839,0.0559598
1728593,0.99,-2.75261,-1.32534,1.01105,-1.94698,1.10108,1.16772,2.20138,-2.75266,-1.32422,1.00895,-1.94565,1.10136,1.16858,2.20139,0.00110002,-0.000418834,0.000565697,0.00115579,0.000302392,-0.00025777,3.028e-05,0,0,0,0,0,0,0,-0.22826,26.7383,-24.6612,7.42344,0.819719,2.50601,0.071604,-0.181017,2.14638,-3.02065,1.88384,0.181767,0.909855,0.0562889
1728594,0.99,-2.75261,-1.32534,1.01105,-1.94698,1.10108,1.16771,2.20139,-2.75266,-1.32422,1.00895,-1.94565,1.10136,1.16858,2.20139,0.000176534,-0.000928837,0.000377131,-0.000343096,0.000438954,-0.000171847,2.01867e-05,0,0,0,0,0,0,0,-0.204456,26.766,-24.6612,7.47104,0.81331,2.50601,0.071604,-0.185945,2.1492,-3.02112,1.88079,0.181541,0.909946,0.0566402
1728595,0.99,-2.75261,-1.32534,1.01104,-1.94698,1.10108,1.16771,2.20139,-2.75266,-1.32422,1.00895,-1.94565,1.10136,1.16858,2.20139,-0.00108874,0.000587201,-0.000305391,-0.000878345,-0.000351624,-0.000114564,0.00147152,0,0,0,0,0,0,0,-0.152882,26.7144,-24.6374,7.49881,0.830705,2.50601,0.0322363,-0.189236,2.15171,-3.02204,1.87879,0.181387,0.910054,0.0570016
1728596,0.99,-2.75261,-1.32534,1.01104,-1.94698,1.10108,1.16771,2.20139,-2.75266,-1.32422,1.00895,-1.94565,1.10136,1.16858,2.20139,-0.000169013,-0.000165344,-0.00141002,0.00117767,-0.000437867,0.000160983,0.000235028,0,0,0,0,0,0,0,-0.176685,26.7383,-24.5858,7.42344,0.836199,2.4996,0.0523779,-0.189217,2.15164,-3.02148,1.87876,0.181363,0.910043,0.0573515
1728597,0.99,-2.75261,-1.32534,1.01104,-1.94698,1.10108,1.16771,2.20139,-2.75266,-1.32422,1.00895,-1.94565,1.10136,1.16858,2.20139,0.000536939,0.000446582,-0.000290399,-0.000328507,-8.84605e-05,-0.000130037,0.000665312,0,0,0,0,0,0,0,-0.204456,26.7144,-24.6136,7.47104,0.830705,2.50601,0.038645,-0.188695,2.15004,-3.01907,1.8789,0.181336,0.909906,0.0576489
1728598,0.99,-2.75261,-1.32534,1.01105,-1.94698,1.10108,1.16771,2.20139,-2.75266,-1.32422,1.00895,-1.94565,1.10136,1.16858,2.20139,-0.000848467,0.000297722,0.00156964,-0.000219005,0.000585286,0.000150668,-0.000302444,0,0,0,0,0,0,0,-0.152882,26.7144,-24.689,7.47104,0.81331,2.4996,0.0587866,-0.188148,2.14845,-3.01704,1.87912,0.18131,0.909818,0.0578764
1728599,0.99,-2.75261,-1.32534,1.01105,-1.94698,1.10108,1.16772,2.20139,-2.75266,-1.32422,1.00895,-1.94565,1.10136,1.16858,2.20139,-8.83248e-06,-0.000358331,0.000396812,-0.000795617,-0.000254069,0.000337804,0.00101907,0,0,0,0,0,0,0,-0.176685,26.7383,-24.6612,7.49881,0.830705,2.49319,0.0258276,-0.186262,2.14749,-3.01716,1.88027,0.181356,0.909879,0.0580354
1728600,0.99,-2.75261,-1.32534,1.01105,-1.94698,1.10108,1.16771,2.20139,-2.75266,-1.32422,1.00895,-1.94565,1.10136,1.16858,2.20139,-5.88832e-06,-0.000238887,0.000264541,-0.000530411,0.000237522,-1.21563e-05,0.000204665,0,0,0,0,0,0,0,-0.176685,26.7383,-24.6612,7.49881,0.819719,2.4996,0.038645,-0.184022,2.14739,-3.01853,1.88182,0.181441,0.910021,0.0581213
1728601,0.99,-2.75261,-1.32534,1.01105,-1.94698,1.10108,1.16771,2.20139,-2.75266,-1.32422,1.00895,-1.94565,1.10136,1.16858,2.20139,-0.000560737,0.000397554,-0.000380451,0.000296006,-0.000248553,-8.10421e-06,0.000136443,0,0,0,0,0,0,0,-0.152882,26.7144,-24.6374,7.47104,0.830705,2.4996,0.038645,-0.182151,2.14733,-3.01949,1.88321,0.181512,0.910125,0.0581237
1728602,0.99,-2.75261,-1.32534,1.01105,-1.94698,1.10108,1.16771,2.20139,-2.75266,-1.32422,1.00895,-1.94565,1.10136,1.16858,2.20139,-0.000373825,-0.00094139,-0.000253634,0.000197338,-0.000165702,-5.4028e-06,-0.000180305,0,0,0,0,0,0,0,-0.152882,26.766,-24.6374,7.47104,0.830705,2.4996,0.0459692,-0.180573,2.14705,-3.01958,1.88417,0.181545,0.910136,0.0580404
1728603,0.99,-2.75261,-1.32534,1.01105,-1.94698,1.10108,1.16772,2.20139,-2.75266,-1.32422,1.00895,-1.94565,1.10136,1.16858,2.20139,0.00151402,0.00122845,-0.000169089,0.00124518,-0.000517369,-0.00047832,0.000388423,0,0,0,0,0,0,0,-0.22826,26.6867,-24.6374,7.42344,0.841692,2.51242,0.0322363,-0.180818,2.14724,-3.01894,1.88383,0.181478,0.91009,0.0578835
1728604,0.99,-2.75261,-1.32534,1.01105,-1.94698,1.10108,1.16772,2.20139,-2.75266,-1.32422,1.00895,-1.94565,1.10136,1.16858,2.20139,-0.000197078,0.00016935,0.00165051,-0.000933116,0.000265439,0.000155838,0.000496307,0,0,0,0,0,0,0,-0.176685,26.7144,-24.7128,7.49881,0.825212,2.4996,0.0258276,-0.182928,2.1478,-3.01838,1.88248,0.181326,0.910088,0.0576703
1728605,0.99,-2.75261,-1.32534,1.01105,-1.94698,1.10108,1.16772,2.20139,-2.75266,-1.32422,1.00895,-1.94565,1.10136,1.16858,2.20139,0.000518228,0.000762514,-0.00121971,0.000584348,0.00038041,0.000341251,-0.000415114,0,0,0,0,0,0,0,-0.204456,26.6867,-24.6136,7.44724,0.819719,2.49319,0.0459692,-0.184702,2.14792,-3.01813,1.88157,0.18121,0.910133,0.0574047
1728606,0.99,-2.75261,-1.32534,1.01105,-1.94698,1.10108,1.16772,2.20139,-2.75266,-1.32422,1.00895,-1.94565,1.10136,1.16858,2.20139,0.000345486,-0.000141271,-0.000256327,-0.00081686,0.000253606,-9.85829e-06,0.000469243,0,0,0,0,0,0,0,-0.204456,26.7144,-24.6374,7.49881,0.819719,2.4996,0.0258276,-0.185993,2.14715,-3.01692,1.88109,0.181139,0.910117,0.0570851
1728607,0.99,-2.75261,-1.32534,1.01105,-1.94698,1.10108,1.16772,2.20139,-2.75266,-1.32422,1.00895,-1.94565,1.10136,1.16858,2.20139,-0.00041929,0.000555433,-0.000170885,0.000661852,-3.43795e-05,-0.000243931,-0.000433157,0,0,0,0,0,0,0,-0.176685,26.6867,-24.6374,7.44724,0.825212,2.50601,0.0459692,-0.18689,2.14589,-3.01504,1.88089,0.181094,0.910044,0.056722
1728608,0.99,-2.75261,-1.32534,1.01105,-1.94698,1.10108,1.16772,2.20139,-2.75266,-1.32422,1.00895,-1.94565,1.10136,1.16858,2.20139,-0.000836339,0.000370289,0.000442889,0.000441235,0.000180531,-0.000162621,0.000457214,0,0,0,0,0,0,0,-0.152882,26.6867,-24.6612,7.44724,0.819719,2.50601,0.0258276,-0.186446,2.14448,-3.0137,1.88117,0.181079,0.909963,0.0563279
1728609,0.99,-2.75261,-1.32534,1.01104,-1.94698,1.10108,1.16772,2.20139,-2.75266,-1.32422,1.00895,-1.94565,1.10136,1.16858,2.20139,-0.000557559,0.000246859,-0.000261553,-0.000912269,-0.000286547,-0.000108414,6.74505e-05,0,0,0,0,0,0,0,-0.152882,26.6867,-24.6374,7.49881,0.830705,2.50601,0.0322363,-0.184262,2.14273,-3.01302,1.88224,0.181116,0.909893,0.0559119
1728610,0.99,-2.75261,-1.32534,1.01105,-1.94698,1.10108,1.16772,2.20139,-2.75266,-1.32422,1.00895,-1.94565,1.10136,1.16858,2.20139,0.000185106,-0.000485041,0.00158887,-0.00060818,1.24191e-05,0.000165083,-0.000463659,0,0,0,0,0,0,0,-0.176685,26.7144,-24.7128,7.49881,0.825212,2.4996,0.0459692,-0.181235,2.14148,-3.01354,1.88404,0.181218,0.909918,0.0554744
1728611,0.99,-2.75261,-1.32534,1.01105,-1.94698,1.10108,1.16772,2.20139,-2.75266,-1.32422,1.00895,-1.94565,1.10136,1.16858,2.20139,0.000123404,0.000326253,-0.00014718,0.00135778,0.00021173,-0.000127304,-0.000309106,0,0,0,0,0,0,0,-0.176685,26.6867,-24.6612,7.42344,0.819719,2.50601,0.0459692,-0.179558,2.14188,-3.01545,1.88509,0.18127,0.910052,0.0550181
1728612,0.99,-2.75261,-1.32534,1.01105,-1.94698,1.10108,1.16772,2.20139,-2.75266,-1.32422,1.00895,-1.94565,1.10136,1.16858,2.20139,-0.000474543,-0.000988924,-9.81198e-05,0.000348378,-0.000265748,0.00015249,-0.000680789,0,0,0,0,0,0,0,-0.152882,26.7383,-24.6612,7.44724,0.830705,2.4996,0.0587866,-0.179875,2.14349,-3.01741,1.88455,0.1812,0.910172,0.0545589
1728613,0.99,-2.75261,-1.32535,1.01105,-1.94698,1.10108,1.16771,2.20139,-2.75266,-1.32422,1.00895,-1.94565,1.10136,1.16858,2.20139,-0.000965976,-0.0013089,0.000584201,-0.00032456,-0.000177165,-0.000135699,0.000766844,0,0,0,0,0,0,0,-0.125111,26.766,-24.689,7.47104,0.830705,2.50601,0.0258276,-0.180408,2.14589,-3.01946,1.88355,0.181122,0.910262,0.0541197
1728614,0.99,-2.75261,-1.32534,1.01104,-1.94698,1.10108,1.16771,2.20139,-2.75266,-1.32422,1.00895,-1.94565,1.10136,1.16858,2.20139,0.000562442,0.000983442,-0.00202338,0.000340439,8.53404e-05,-9.0466e-05,3.65114e-05,0,0,0,0,0,0,0,-0.176685,26.6867,-24.5858,7.44724,0.825212,2.50601,0.038645,-0.180371,2.1478,-3.0208,1.88295,0.181094,0.910309,0.0537118
1728615,0.99,-2.75261,-1.32534,1.01105,-1.94698,1.10108,1.16772,2.20139,-2.75266,-1.32422,1.00895,-1.94565,1.10136,1.16858,2.20139,0.00102458,-0.000550798,0.000414315,0.000226959,-0.000146557,-6.03107e-05,-0.000721644,0,0,0,0,0,0,0,-0.204456,26.7383,-24.6612,7.44724,0.830705,2.50601,0.0587866,-0.181508,2.14824,-3.01991,1.88195,0.181019,0.910269,0.0533224
1728616,0.99,-2.75261,-1.32534,1.01105,-1.94698,1.10108,1.16772,2.20139,-2.75266,-1.32422,1.00895,-1.94565,1.10136,1.16858,2.20139,3.34363e-05,0.000189613,-0.000280602,-0.00161193,0.000105746,0.000197152,-0.000243737,0,0,0,0,0,0,0,-0.176685,26.7144,-24.6374,7.52262,0.825212,2.4996,0.0523779,-0.183668,2.14839,-3.01852,1.88078,0.180924,0.910265,0.0529511
1728617,0.99,-2.75261,-1.32534,1.01104,-1.94698,1.10108,1.16772,2.20139,-2.75266,-1.32422,1.00895,-1.94565,1.10136,1.16858,2.20139,0.00122872,0.000126409,-0.000187068,0.000688617,7.04973e-05,0.000368793,7.48674e-05,0,0,0,0,0,0,0,-0.22826,26.7144,-24.6374,7.44724,0.825212,2.49319,0.0459692,-0.185577,2.14837,-3.01749,1.88015,0.180871,0.910324,0.0526165
1728618,0.99,-2.75261,-1.32534,1.01105,-1.94698,1.10108,1.16772,2.20139,-2.75266,-1.32422,1.00895,-1.94565,1.10136,1.16858,2.20139,0.00137596,0.000733887,-0.000124712,0.000459078,-0.000156452,-0.000466214,0.000558538,0,0,0,0,0,0,0,-0.252064,26.6867,-24.6374,7.44724,0.830705,2.51242,0.0322363,-0.188732,2.14835,-3.01616,1.87883,0.180748,0.91038,0.0523226
1728619,0.99,-2.75261,-1.32534,1.01105,-1.94698,1.10108,1.16772,2.20138,-2.75266,-1.32422,1.00895,-1.94565,1.10136,1.16858,2.20139,-0.00140275,0.000489258,0.000473671,0.000306052,9.9149e-05,-7.34507e-05,-0.00132306,0,0,0,0,0,0,0,-0.152882,26.6867,-24.6612,7.44724,0.825212,2.50601,0.0780126,-0.191856,2.14808,-3.01494,1.87724,0.180589,0.910423,0.0520606
1728620,0.99,-2.75261,-1.32534,1.01105,-1.94698,1.10108,1.16772,2.20139,-2.75266,-1.32422,1.00895,-1.94565,1.10136,1.16858,2.20139,0.000271262,0.000326172,0.00031578,-0.000352777,6.60993e-05,-4.89671e-05,0.000813379,0,0,0,0,0,0,0,-0.204456,26.6867,-24.6612,7.47104,0.825212,2.50601,0.0322363,-0.191995,2.14686,-3.01449,1.87713,0.180542,0.910467,0.0518316
1728621,0.99,-2.75261,-1.32534,1.01105,-1.94698,1.10108,1.16772,2.20139,-2.75266,-1.32422,1.00895,-1.94565,1.10136,1.16858,2.20139,0.000180841,0.000217448,0.00021052,-0.000884799,0.000247517,0.000204714,-0.000441091,0,0,0,0,0,0,0,-0.204456,26.6867,-24.6612,7.49881,0.819719,2.4996,0.0587866,-0.190335,2.14531,-3.01475,1.87819,0.180595,0.910549,0.0516424
1728622,0.99,-2.75261,-1.32534,1.01105,-1.94698,1.10108,1.16772,2.20139,-2.75266,-1.32422,1.00895,-1.94565,1.10136,1.16858,2.20139,0.000120561,-0.00106146,-0.000416465,0.00061656,-3.84394e-05,-0.000100883,0.000926642,0,0,0,0,0,0,0,-0.204456,26.7383,-24.6374,7.44724,0.825212,2.50601,0.0258276,-0.189084,2.14448,-3.01534,1.87917,0.18066,0.910657,0.0514817
1728623,0.99,-2.75261,-1.32534,1.01105,-1.94698,1.10108,1.16771,2.20138,-2.75266,-1.32422,1.00895,-1.94565,1.10136,1.16858,2.20139,-0.00112605,-0.00135725,0.000279169,-0.000145772,-2.56262e-05,-6.72552e-05,-0.00155238,0,0,0,0,0,0,0,-0.152882,26.766,-24.6612,7.47104,0.825212,2.50601,0.0844213,-0.188465,2.14532,-3.0166,1.87947,0.180703,0.910762,0.0513312
1728624,0.99,-2.75261,-1.32534,1.01105,-1.94698,1.10108,1.16772,2.20139,-2.75266,-1.32422,1.00895,-1.94565,1.10136,1.16858,2.20139,-0.000193889,0.00030159,0.00139254,-0.000746795,-0.000220535,-0.000282196,0.000151876,0,0,0,0,0,0,0,-0.176685,26.7144,-24.7128,7.49881,0.830705,2.51242,0.0523779,-0.186997,2.14715,-3.01912,1.88006,0.180783,0.910916,0.0511965
1728625,0.99,-2.75261,-1.32534,1.01105,-1.94698,1.10108,1.16772,2.20138,-2.75266,-1.32422,1.00895,-1.94565,1.10136,1.16858,2.20139,-0.000686071,0.000850674,-0.000278067,0.00015175,-0.000147023,0.000523946,-0.000373467,0,0,0,0,0,0,0,-0.152882,26.6867,-24.6612,7.47104,0.830705,2.49319,0.0651953,-0.184014,2.14785,-3.02182,1.88171,0.180917,0.911095,0.0511037
1728626,0.99,-2.75261,-1.32534,1.01105,-1.94698,1.10108,1.16772,2.20139,-2.75266,-1.32422,1.00895,-1.94565,1.10136,1.16858,2.20139,9.9431e-05,-0.00063931,0.000464236,-0.000548447,0.000308886,0.000349298,0.000734366,0,0,0,0,0,0,0,-0.176685,26.7383,-24.689,7.49881,0.819719,2.49319,0.038645,-0.180743,2.1471,-3.0234,1.88366,0.181048,0.911214,0.0510597
1728627,0.99,-2.75261,-1.32534,1.01105,-1.94698,1.10108,1.16772,2.20138,-2.75266,-1.32422,1.00895,-1.94565,1.10136,1.16858,2.20139,6.62873e-05,0.000780219,0.000309491,-0.000365631,-0.000200977,-4.49391e-06,-0.000968485,0,0,0,0,0,0,0,-0.176685,26.6867,-24.689,7.49881,0.830705,2.4996,0.0780126,-0.178358,2.14621,-3.02437,1.88526,0.181145,0.911299,0.0510508
1728628,0.99,-2.75261,-1.32534,1.01105,-1.94698,1.10108,1.16772,2.20139,-2.75266,-1.32422,1.00895,-1.94565,1.10136,1.16858,2.20139,-0.00051262,0.00107696,-0.000443287,-0.000243754,-0.000133985,-0.000240355,6.64204e-05,0,0,0,0,0,0,0,-0.152882,26.6629,-24.6612,7.49881,0.830705,2.50601,0.0587866,-0.176262,2.14439,-3.02444,1.88691,0.181224,0.911333,0.0510719
1728629,0.99,-2.75261,-1.32534,1.01105,-1.94698,1.10108,1.16772,2.20139,-2.75266,-1.32422,1.00895,-1.94565,1.10136,1.16858,2.20139,0.000215065,-0.000488454,-0.000295525,0.00104392,-8.93232e-05,0.000314481,0.000281639,0,0,0,0,0,0,0,-0.176685,26.7144,-24.6612,7.44724,0.830705,2.49319,0.0523779,-0.174621,2.14173,-3.02323,1.8882,0.181262,0.911263,0.051127
1728630,0.99,-2.75261,-1.32534,1.01105,-1.94698,1.10108,1.16771,2.20139,-2.75266,-1.32422,1.00895,-1.94565,1.10136,1.16858,2.20139,-0.000413435,-0.000325636,-0.000753828,0.000139137,0.000143902,-2.77047e-05,-4.95994e-05,0,0,0,0,0,0,0,-0.152882,26.7144,-24.6374,7.47104,0.825212,2.4996,0.0587866,-0.174698,2.14017,-3.02168,1.88808,0.181217,0.911127,0.0512082
1728631,0.99,-2.75261,-1.32534,1.01105,-1.94698,1.10108,1.16771,2.20138,-2.75266,-1.32422,1.00895,-1.94565,1.10136,1.16858,2.20139,0.000930802,-0.000217091,0.000703874,-0.000556856,9.59345e-05,-0.000493188,-0.000982502,0,0,0,0,0,0,0,-0.204456,26.7144,-24.689,7.49881,0.825212,2.51242,0.0844213,-0.176115,2.14005,-3.02069,1.88715,0.181136,0.911019,0.0513062
1728632,0.99,-2.75261,-1.32534,1.01105,-1.94698,1.10108,1.16771,2.20138,-2.75266,-1.32422,1.00895,-1.94565,1.10136,1.16858,2.20139,-2.9079e-05,-0.000701539,-0.000180365,0.001392,6.39563e-05,-9.14329e-05,-0.00112972,0,0,0,0,0,0,0,-0.176685,26.7383,-24.6612,7.42344,0.825212,2.50601,0.0972387,-0.178759,2.1414,-3.02084,1.8856,0.181021,0.911006,0.0514293
1728633,0.99,-2.75261,-1.32534,1.01105,-1.94698,1.10108,1.16772,2.20138,-2.75266,-1.32422,1.00895,-1.94565,1.10136,1.16858,2.20139,0.000630228,8.91193e-05,-0.000120243,-0.000185624,0.000483447,-0.000298314,-0.000753146,0,0,0,0,0,0,0,-0.204456,26.7144,-24.6612,7.47104,0.81331,2.51242,0.0972387,-0.182476,2.14373,-3.02154,1.88326,0.180845,0.911036,0.0516067
1728634,0.99,-2.75261,-1.32534,1.01105,-1.94698,1.10108,1.16771,2.20138,-2.75266,-1.32422,1.00895,-1.94565,1.10136,1.16858,2.20139,-0.000229462,5.94128e-05,-8.01621e-05,-0.000773363,-0.000118511,-0.000436235,-2.73796e-05,0,0,0,0,0,0,0,-0.176685,26.7144,-24.6612,7.49881,0.825212,2.51882,0.0844213,-0.185427,2.14532,-3.02191,1.88155,0.180703,0.911075,0.0518754
1728635,0.99,-2.75261,-1.32534,1.01105,-1.94699,1.10108,1.16772,2.20138,-2.75266,-1.32422,1.00895,-1.94565,1.10136,1.16858,2.20139,0.000496639,-0.00116682,-0.000610253,-0.0016292,-0.000485909,0.000183895,-0.000492971,0,0,0,0,0,0,0,-0.204456,26.766,-24.6374,7.54642,0.836199,2.50601,0.0972387,-0.186528,2.14583,-3.02206,1.8815,0.180684,0.911155,0.0522478
1728636,0.99,-2.75261,-1.32534,1.01105,-1.94698,1.10108,1.16772,2.20138,-2.75266,-1.32422,1.00895,-1.94565,1.10136,1.16858,2.20139,-0.000875333,0.00107816,0.00079959,0.000677105,-0.000120489,0.000359955,0.000620788,0,0,0,0,0,0,0,-0.152882,26.6867,-24.689,7.47104,0.830705,2.4996,0.071604,-0.186048,2.14575,-3.0223,1.88265,0.180757,0.911264,0.0527144
1728637,0.99,-2.75261,-1.32534,1.01105,-1.94698,1.10108,1.16771,2.20138,-2.75266,-1.32422,1.00895,-1.94565,1.10136,1.16858,2.20139,-0.00123317,-0.000487651,0.00108987,0.00100822,-8.03257e-05,-0.000234748,-0.000298218,0,0,0,0,0,0,0,-0.125111,26.7383,-24.7128,7.44724,0.830705,2.51242,0.09083,-0.183995,2.14536,-3.02338,1.88415,0.180842,0.911382,0.05326
1728638,0.99,-2.75261,-1.32534,1.01105,-1.94699,1.10108,1.16771,2.20138,-2.75266,-1.32422,1.00895,-1.94565,1.10136,1.16858,2.20139,0.000384313,0.000231711,-0.000479844,-0.00164791,-0.000257001,0.000318219,-0.000198812,0,0,0,0,0,0,0,-0.176685,26.7144,-24.6612,7.54642,0.836199,2.4996,0.09083,-0.181016,2.14497,-3.02515,1.88579,0.180936,0.911512,0.0538606
1728639,0.99,-2.75261,-1.32534,1.01105,-1.94698,1.10108,1.16771,2.20138,-2.75266,-1.32422,1.00895,-1.94565,1.10136,1.16858,2.20139,0.000256209,0.000804088,-0.000319896,0.000664634,0.000235567,-2.52127e-05,0.000104818,0,0,0,0,0,0,0,-0.176685,26.6867,-24.6612,7.47104,0.825212,2.50601,0.0844213,-0.178603,2.14387,-3.02579,1.88747,0.18104,0.911612,0.054502
1728640,0.99,-2.75261,-1.32534,1.01104,-1.94698,1.10108,1.16772,2.20138,-2.75266,-1.32422,1.00895,-1.94565,1.10136,1.16858,2.20139,0.00082042,-0.00187679,-0.000770076,-0.000763337,0.000157045,-1.68084e-05,6.98785e-05,0,0,0,0,0,0,0,-0.204456,26.7898,-24.6374,7.52262,0.825212,2.50601,0.0844213,-0.178315,2.14296,-3.02518,1.88817,0.181082,0.911668,0.0551744
1728641,0.99,-2.75261,-1.32534,1.01105,-1.94698,1.10108,1.16772,2.20138,-2.75266,-1.32422,1.00895,-1.94565,1.10136,1.16858,2.20139,0.000546946,-0.000694384,0.000693042,0.000697535,0.000104696,-0.000485924,-0.000190773,0,0,0,0,0,0,0,-0.204456,26.766,-24.689,7.47104,0.825212,2.51882,0.09083,-0.180823,2.14454,-3.02522,1.88721,0.181032,0.911772,0.0558628
1728642,0.99,-2.75261,-1.32534,1.01105,-1.94698,1.10108,1.16772,2.20138,-2.75266,-1.32422,1.00895,-1.94565,1.10136,1.16858,2.20139,0.000364631,0.000186692,0.000462028,0.000465023,-0.000133653,0.000150769,0.000110177,0,0,0,0,0,0,0,-0.204456,26.7383,-24.689,7.47104,0.830705,2.50601,0.0844213,-0.184797,2.14793,-3.02651,1.88522,0.180909,0.911958,0.0565631
1728643,0.99,-2.75261,-1.32534,1.01105,-1.94698,1.10108,1.16771,2.20138,-2.75266,-1.32422,1.00895,-1.94565,1.10136,1.16858,2.20139,0.000243087,0.00133089,-0.000341595,-0.000339599,-8.91019e-05,-0.000136846,0.000548169,0,0,0,0,0,0,0,-0.204456,26.6867,-24.6612,7.49881,0.830705,2.51242,0.071604,-0.187906,2.15003,-3.02745,1.8837,0.180787,0.912131,0.0572771
1728644,0.99,-2.75261,-1.32534,1.01105,-1.94698,1.10108,1.16771,2.20138,-2.75266,-1.32422,1.00895,-1.94565,1.10136,1.16858,2.20139,0.000162058,0.000887258,0.000421884,-0.000226399,-5.94013e-05,0.000383487,-0.00058399,0,0,0,0,0,0,0,-0.204456,26.6867,-24.689,7.49881,0.830705,2.4996,0.0972387,-0.188859,2.14925,-3.02696,1.88375,0.180747,0.912236,0.0579947
1728645,0.99,-2.75261,-1.32534,1.01105,-1.94698,1.10108,1.16772,2.20138,-2.75266,-1.32422,1.00895,-1.94565,1.10136,1.16858,2.20139,0.000108039,0.00114832,-0.000368358,0.000498681,0.00016385,0.000493017,0.00032275,0,0,0,0,0,0,0,-0.204456,26.6629,-24.6612,7.47104,0.825212,2.49319,0.0780126,-0.188292,2.14656,-3.02555,1.88481,0.180765,0.912285,0.0587027
1728646,0.99,-2.75261,-1.32534,1.01105,-1.94698,1.10108,1.16771,2.20138,-2.75266,-1.32422,1.00895,-1.94565,1.10136,1.16858,2.20139,7.20259e-05,0.000208733,-0.000245572,0.000332454,0.000312684,-0.00014604,-2.21921e-05,0,0,0,0,0,0,0,-0.204456,26.6867,-24.6612,7.47104,0.819719,2.50601,0.0844213,-0.187477,2.14338,-3.02367,1.88586,0.180781,0.912269,0.0593982
1728647,0.99,-2.75261,-1.32534,1.01105,-1.94698,1.10108,1.16771,2.20138,-2.75266,-1.32422,1.00895,-1.94565,1.10136,1.16858,2.20139,4.80173e-05,-0.0022737,0.000485899,0.000221636,5.00523e-06,0.000139999,0.000459923,0,0,0,0,0,0,0,-0.204456,26.7898,-24.689,7.47104,0.825212,2.4996,0.071604,-0.18758,2.14219,-3.0229,1.88608,0.180772,0.912271,0.060074
1728648,0.99,-2.75261,-1.32534,1.01105,-1.94698,1.10108,1.16772,2.20138,-2.75266,-1.32422,1.00895,-1.94565,1.10136,1.16858,2.20139,3.20115e-05,-0.000309372,-0.000325681,-0.00617076,0.000206787,-0.000144026,-0.00064282,0,0,0,0,0,0,0,-0.204456,26.7383,-24.6612,7.47104,0.819719,2.50601,0.0972387,-0.186969,2.14312,-3.02425,1.88741,0.180904,0.912412,0.0607254
1728649,0.99,-2.75261,-1.32534,1.01105,-1.94698,1.10108,1.16772,2.20138,-2.75266,-1.32422,1.00895,-1.94565,1.10136,1.16858,2.20139,-0.000628273,-0.000206248,-0.000773933,-0.00464038,-6.55923e-05,-0.000333376,0.000758248,0,0,0,0,0,0,0,-0.176685,26.7383,-24.6374,7.47104,0.825212,2.51242,0.0651953,-0.181754,2.142,-3.02576,1.89337,0.181411,0.912653,0.0613634
1728650,0.99,-2.75261,-1.32534,1.01105,-1.94698,1.10108,1.16772,2.20139,-2.75266,-1.32422,1.00895,-1.94565,1.10136,1.16858,2.20139,-0.000418849,0.00106893,4.08568e-05,-0.00348849,-4.37282e-05,-0.00045961,3.07807e-05,0,0,0,0,0,0,0,-0.176685,26.6867,-24.6612,7.47104,0.825212,2.51882,0.0780126,-0.172228,2.13734,-3.02598,1.90309,0.182177,0.912881,0.0619911
1728651,0.99,-2.75261,-1.32534,1.01105,-1.94698,1.10108,1.16772,2.20139,-2.75266,-1.32422,1.00895,-1.94565,1.10136,1.16858,2.20139,-0.000279232,6.30043e-05,-0.000529574,-0.00327146,0.000174298,0.000168311,0.00120732,0,0,0,0,0,0,0,-0.176685,26.7144,-24.6374,7.49881,0.819719,2.50601,0.0459692,-0.161815,2.13112,-3.0253,1.91315,0.18293,0.91306,0.0625907
1728652,0.99,-2.75261,-1.32534,1.01105,-1.94698,1.10108,1.16771,2.20139,-2.75266,-1.32422,1.00895,-1.94565,1.10136,1.16858,2.20139,0.000463459,0.000691617,0.00141019,-0.000639869,-0.000697603,0.000112208,0.00107614,0,0,0,0,0,0,0,-0.204456,26.6867,-24.7128,7.42344,0.841692,2.50601,0.038645,-0.153747,2.12596,-3.02486,1.9209,0.183477,0.913231,0.0631332
1728653,0.99,-2.75261,-1.32534,1.01105,-1.94698,1.10108,1.16771,2.20138,-2.75266,-1.32422,1.00895,-1.94565,1.10136,1.16858,2.20139,-0.000897453,-0.000188536,0.000940126,-0.00235642,-5.81677e-05,7.4805e-05,-0.000265915,0,0,0,0,0,0,0,-0.152882,26.7144,-24.7128,7.49881,0.830705,2.50601,0.0651953,-0.148977,2.12352,-3.02607,1.9254,0.183771,0.913453,0.0635835
1728654,0.99,-2.75261,-1.32534,1.01105,-1.94698,1.10108,1.16771,2.20139,-2.75266,-1.32422,1.00895,-1.94565,1.10136,1.16858,2.20139,-4.14902e-05,-0.000125691,6.99385e-05,-0.00104628,-0.000242229,4.987e-05,0.000297441,0,0,0,0,0,0,0,-0.176685,26.7144,-24.689,7.47104,0.836199,2.50601,0.0523779,-0.146104,2.12313,-3.02852,1.9277,0.183918,0.913694,0.0639231
1728655,0.98,-2.75261,-1.32534,1.01105,-1.94698,1.10108,1.16771,2.20139,-2.75266,-1.32422,1.00895,-1.94565,1.10136,1.16858,2.20139,-2.76601e-05,-0.00129022,-0.0011598,-0.00144085,0.000245415,3.32467e-05,0.000435653,0,0,0,0,0,0,0,-0.176685,26.766,-24.6374,7.49881,0.825212,2.50601,0.0459692,-0.145471,2.12413,-3.03044,1.92794,0.183948,0.913853,0.0641577
1728656,0.97,-2.75261,-1.32534,1.01105,-1.94698,1.10108,1.16771,2.20139,-2.75266,-1.32422,1.00895,-1.94565,1.10136,1.16858,2.20139,-1.84401e-05,0.000995893,-0.0007732,-0.000381237,-3.98405e-05,-0.000452553,0.000290435,0,0,0,0,0,0,0,-0.176685,26.6867,-24.6374,7.47104,0.830705,2.51882,0.0459692,-0.147306,2.12558,-3.03058,1.92618,0.183851,0.91387,0.0642965
1728657,0.97,-2.75261,-1.32534,1.01105,-1.94698,1.10108,1.16771,2.20139,-2.75266,-1.32422,1.00895,-1.94565,1.10136,1.16858,2.20139,0.000637321,1.4315e-05,4.13452e-05,0.00024994,0.000380341,0.000410375,0.000193624,0,0,0,0,0,0,0,-0.204456,26.7144,-24.6612,7.44724,0.819719,2.4996,0.0459692,-0.15101,2.1267,-3.02922,1.92285,0.183621,0.913785,0.0643452
1728658,0.97,-2.75261,-1.32534,1.01105,-1.94698,1.10108,1.16772,2.20139,-2.75266,-1.32422,1.00895,-1.94565,1.10136,1.16858,2.20139,-0.000224734,-0.000547269,0.00123399,-0.00163615,-0.000153341,-0.000438494,-0.000345635,0,0,0,0,0,0,0,-0.176685,26.7383,-24.7128,7.52262,0.830705,2.51882,0.0587866,-0.155931,2.12872,-3.02864,1.91852,0.183305,0.913759,0.064311
1728659,0.97,-2.75261,-1.32534,1.01105,-1.94698,1.10108,1.16771,2.20139,-2.75266,-1.32422,1.00895,-1.94565,1.10136,1.16858,2.20139,0.0010566,0.00084158,0.000265848,8.60102e-05,0.000101223,-0.000292329,0.00122764,0,0,0,0,0,0,0,-0.22826,26.6867,-24.689,7.47104,0.825212,2.51882,0.0194189,-0.161039,2.13186,-3.0298,1.9142,0.182989,0.91387,0.0642097
1728660,0.97,-2.75261,-1.32534,1.01105,-1.94698,1.10108,1.16771,2.20139,-2.75266,-1.32422,1.00895,-1.94565,1.10136,1.16858,2.20139,-0.000502024,-0.000645372,-0.000472382,3.51015e-05,0.000270933,0.000279832,-0.000402278,0,0,0,0,0,0,0,-0.176685,26.7383,-24.6612,7.47104,0.819719,2.50601,0.0523779,-0.166365,2.13497,-3.031,1.90977,0.182652,0.913999,0.0640452
1728661,0.97,-2.75261,-1.32534,1.01105,-1.94698,1.10108,1.16771,2.20139,-2.75266,-1.32422,1.00895,-1.94565,1.10136,1.16858,2.20139,-0.000334682,-0.00107986,-0.000314921,6.72205e-06,-0.000226279,-0.000288163,0.000240441,0,0,0,0,0,0,0,-0.176685,26.766,-24.6612,7.47104,0.830705,2.51882,0.038645,-0.171425,2.1381,-3.03165,1.90523,0.182314,0.914066,0.0638084
1728662,0.97,-2.75261,-1.32534,1.01105,-1.94698,1.10108,1.16772,2.20138,-2.75266,-1.32422,1.00895,-1.94565,1.10136,1.16858,2.20139,0.000426492,0.000486518,0.000439666,-0.000657642,5.25978e-05,-0.000192109,-0.00082305,0,0,0,0,0,0,0,-0.204456,26.7144,-24.689,7.49881,0.825212,2.51882,0.0651953,-0.175638,2.14129,-3.03235,1.90119,0.182025,0.914134,0.0635106
1728663,0.97,-2.75261,-1.32534,1.01105,-1.94698,1.10108,1.16771,2.20139,-2.75266,-1.32422,1.00895,-1.94565,1.10136,1.16858,2.20139,-0.000365286,-0.000232467,0.000293111,0.000201804,3.50652e-05,0.000346645,0.000909362,0,0,0,0,0,0,0,-0.176685,26.7383,-24.689,7.47104,0.825212,2.50601,0.0258276,-0.179019,2.14389,-3.03321,1.89793,0.181778,0.914249,0.0631787
1728664,0.97,-2.75261,-1.32534,1.01105,-1.94698,1.10108,1.16772,2.20139,-2.75266,-1.32422,1.00895,-1.94565,1.10136,1.16858,2.20139,-0.000243524,0.000401834,0.00130903,0.0001275,-0.000586975,0.000231097,-0.000139744,0,0,0,0,0,0,0,-0.176685,26.7144,-24.7366,7.47104,0.841692,2.50601,0.0459692,-0.181332,2.14602,-3.03459,1.89538,0.181568,0.914407,0.0628271
1728665,0.97,-2.75261,-1.32534,1.01105,-1.94698,1.10108,1.16772,2.20139,-2.75266,-1.32422,1.00895,-1.94565,1.10136,1.16858,2.20139,-0.000162349,0.000267889,0.000872687,-0.000569891,0.000219035,-0.000320653,-9.31626e-05,0,0,0,0,0,0,0,-0.176685,26.7144,-24.7366,7.49881,0.825212,2.51882,0.0459692,-0.182457,2.14781,-3.03681,1.89363,0.181414,0.914619,0.0624544
1728666,0.97,-2.75261,-1.32534,1.01105,-1.94698,1.10108,1.16771,2.20139,-2.75266,-1.32422,1.00895,-1.94565,1.10136,1.16858,2.20139,0.000541381,-0.00102783,-0.000531832,-0.000383886,0.000349474,2.35901e-05,0.000209159,0,0,0,0,0,0,0,-0.204456,26.766,-24.689,7.49881,0.819719,2.51242,0.038645,-0.183369,2.14945,-3.03909,1.89237,0.181307,0.914858,0.06206
1728667,0.97,-2.75261,-1.32534,1.01105,-1.94698,1.10108,1.16771,2.20139,-2.75266,-1.32422,1.00895,-1.94565,1.10136,1.16858,2.20139,-0.000288693,0.000521204,-0.000354555,0.000390722,-0.000173918,-0.000221632,-0.000369187,0,0,0,0,0,0,0,-0.176685,26.7144,-24.689,7.47104,0.830705,2.51882,0.0523779,-0.18503,2.1509,-3.04018,1.89092,0.181201,0.915035,0.0616471
1728668,0.97,-2.75261,-1.32534,1.01105,-1.94698,1.10108,1.16771,2.20139,-2.75266,-1.32422,1.00895,-1.94565,1.10136,1.16858,2.20139,0.000457152,0.000347469,0.000320442,-0.000391359,-0.000115946,0.000326963,0.00073722,0,0,0,0,0,0,0,-0.204456,26.7144,-24.7128,7.49881,0.830705,2.50601,0.0258276,-0.18675,2.15137,-3.03999,1.88956,0.181091,0.915136,0.0612239
1728669,0.97,-2.75261,-1.32534,1.01105,-1.94698,1.10108,1.16772,2.20139,-2.75266,-1.32422,1.00895,-1.94565,1.10136,1.16858,2.20139,-0.000344846,0.00088126,0.000213628,-0.000819388,0.000329604,0.000217975,-0.000729223,0,0,0,0,0,0,0,-0.176685,26.6867,-24.7128,7.52262,0.819719,2.50601,0.0587866,-0.187467,2.15055,-3.03934,1.88909,0.181028,0.915226,0.060797
1728670,0.97,-2.75261,-1.32534,1.01105,-1.94699,1.10108,1.16772,2.20139,-2.75266,-1.32422,1.00895,-1.94565,1.10136,1.16858,2.20139,-0.000229897,-0.000618919,-0.000414393,-0.00110432,1.62854e-05,0.000382676,0.000497195,0,0,0,0,0,0,0,-0.176685,26.7383,-24.689,7.54642,0.825212,2.4996,0.0322363,-0.186674,2.14881,-3.03864,1.88991,0.181058,0.915314,0.0603661
1728671,0.97,-2.75261,-1.32534,1.01105,-1.94698,1.10108,1.16771,2.20139,-2.75266,-1.32422,1.00895,-1.94565,1.10136,1.16858,2.20139,0.00105316,0.000144199,0.000837362,0.000376469,-0.000192594,-0.000694319,-0.000651881,0,0,0,0,0,0,0,-0.22826,26.7144,-24.7366,7.49881,0.830705,2.52523,0.0587866,-0.186117,2.14772,-3.03843,1.89081,0.181099,0.915423,0.0599332
1728672,0.97,-2.75261,-1.32534,1.01105,-1.94699,1.10108,1.16771,2.20139,-2.75266,-1.32422,1.00895,-1.94565,1.10136,1.16858,2.20139,-0.000504319,0.000745747,-0.001205,-0.000863349,7.50548e-05,1.18389e-05,-0.000434587,0,0,0,0,0,0,0,-0.176685,26.6867,-24.6612,7.54642,0.825212,2.51242,0.0587866,-0.18676,2.14724,-3.03833,1.89111,0.18108,0.915537,0.0595055
1728673,0.97,-2.75261,-1.32534,1.01105,-1.94698,1.10108,1.16771,2.20139,-2.75266,-1.32422,1.00895,-1.94565,1.10136,1.16858,2.20139,-0.000336212,-0.000709261,0.000403095,0.00118714,5.00365e-05,7.89258e-06,0.00045626,0,0,0,0,0,0,0,-0.176685,26.7383,-24.7128,7.47104,0.825212,2.51242,0.038645,-0.187204,2.14633,-3.03768,1.89138,0.181046,0.915588,0.0590988
1728674,0.97,-2.75261,-1.32534,1.01105,-1.94698,1.10108,1.16771,2.20139,-2.75266,-1.32422,1.00895,-1.94565,1.10136,1.16858,2.20139,-0.000224142,-0.00112245,0.00026873,0.000141419,3.33577e-05,-0.000232097,-0.000441812,0,0,0,0,0,0,0,-0.176685,26.766,-24.7128,7.49881,0.825212,2.51882,0.0587866,-0.187967,2.14689,-3.03802,1.89097,0.180975,0.915649,0.0587191
1728675,0.97,-2.75261,-1.32534,1.01106,-1.94698,1.10108,1.16771,2.20138,-2.75266,-1.32422,1.00895,-1.94565,1.10136,1.16858,2.20139,0.001057,-9.86893e-05,0.00138558,9.39821e-05,-0.000181212,0.000319986,-0.00100662,0,0,0,0,0,0,0,-0.22826,26.7383,-24.7643,7.49881,0.830705,2.50601,0.0780126,-0.190114,2.14988,-3.04038,1.88958,0.180844,0.915832,0.0583639
1728676,0.97,-2.75261,-1.32534,1.01105,-1.94698,1.10108,1.16771,2.20138,-2.75266,-1.32422,1.00895,-1.94565,1.10136,1.16858,2.20139,0.000704665,0.000491019,-0.000282706,6.24319e-05,-0.000324259,-0.000261394,-0.00043372,0,0,0,0,0,0,0,-0.22826,26.7144,-24.7128,7.49881,0.836199,2.51882,0.071604,-0.193453,2.15339,-3.04333,1.88784,0.180675,0.9161,0.0580508
1728677,0.97,-2.75261,-1.32534,1.01105,-1.94698,1.10108,1.16771,2.20139,-2.75266,-1.32422,1.00895,-1.94565,1.10136,1.16858,2.20139,-0.00129346,0.000327346,-0.000745283,4.14541e-05,-0.000419623,0.000537814,0.00042293,0,0,0,0,0,0,0,-0.152882,26.7144,-24.689,7.49881,0.841692,2.4996,0.0523779,-0.195853,2.15489,-3.04472,1.8869,0.180555,0.916283,0.0578071
1728678,0.97,-2.75261,-1.32534,1.01105,-1.94698,1.10108,1.16771,2.20139,-2.75266,-1.32422,1.00895,-1.94565,1.10136,1.16858,2.20139,-0.000305495,-0.000338581,0.000616769,0.000677125,-7.62981e-05,-0.000353534,4.45947e-05,0,0,0,0,0,0,0,-0.176685,26.7383,-24.7366,7.47104,0.836199,2.51882,0.0587866,-0.195712,2.15435,-3.04485,1.8873,0.180554,0.916337,0.0576365
1728679,0.97,-2.75261,-1.32534,1.01105,-1.94698,1.10108,1.16771,2.20138,-2.75266,-1.32422,1.00895,-1.94565,1.10136,1.16858,2.20139,-0.000760475,-0.000225721,-0.000702445,0.000451322,0.000356036,0.000476388,-0.00115706,0,0,0,0,0,0,0,-0.152882,26.7383,-24.689,7.47104,0.825212,2.4996,0.09083,-0.194492,2.15371,-3.04515,1.88799,0.180612,0.916353,0.0575195
1728680,0.97,-2.75261,-1.32534,1.01105,-1.94698,1.10108,1.16772,2.20138,-2.75266,-1.32422,1.00895,-1.94565,1.10136,1.16858,2.20139,0.00125625,0.00161276,-0.000468297,-0.000348803,-0.000169544,-0.000157126,-0.000534018,0,0,0,0,0,0,0,-0.22826,26.6629,-24.689,7.49881,0.836199,2.51242,0.0844213,-0.193592,2.1525,-3.04467,1.88858,0.180676,0.916331,0.0574546
1728681,0.98,-2.75261,-1.32534,1.01106,-1.94698,1.10108,1.16771,2.20138,-2.75266,-1.32422,1.00895,-1.94565,1.10136,1.16858,2.20139,0.000837503,-0.000688066,0.00145104,0.000417026,-0.000113029,-0.00034211,-0.000356012,0,0,0,0,0,0,0,-0.22826,26.7383,-24.7643,7.47104,0.836199,2.51882,0.0844213,-0.194238,2.15117,-3.04389,1.88873,0.180707,0.916354,0.0574648
1728682,0.98,-2.75261,-1.32534,1.01105,-1.94698,1.10108,1.16771,2.20139,-2.75266,-1.32422,1.00895,-1.94565,1.10136,1.16858,2.20139,-0.000648091,-0.000458711,-0.000795878,0.000834789,0.000128098,9.28579e-06,0.000949454,0,0,0,0,0,0,0,-0.176685,26.7383,-24.689,7.44724,0.830705,2.51242,0.0523779,-0.196425,2.15169,-3.04461,1.88796,0.180699,0.916482,0.0575601
1728683,0.98,-2.75261,-1.32534,1.01105,-1.94698,1.10108,1.16772,2.20138,-2.75266,-1.32422,1.00895,-1.94565,1.10136,1.16858,2.20139,-0.00043206,0.000251005,0.000583039,-0.00120674,0.000288849,6.19053e-06,-0.00102854,0,0,0,0,0,0,0,-0.176685,26.7144,-24.7366,7.52262,0.825212,2.51242,0.0972387,-0.197452,2.1526,-3.04599,1.88763,0.180764,0.916616,0.0577271
1728684,0.98,-2.75261,-1.32534,1.01105,-1.94698,1.10108,1.16771,2.20138,-2.75266,-1.32422,1.00895,-1.94565,1.10136,1.16858,2.20139,-0.00028804,0.000167336,-0.000724931,0.000958721,-0.000417786,4.12702e-06,-0.000210978,0,0,0,0,0,0,0,-0.176685,26.7144,-24.689,7.44724,0.841692,2.51242,0.0844213,-0.196348,2.15222,-3.04694,1.8886,0.180938,0.916712,0.0579491
1728685,0.98,-2.75261,-1.32534,1.01105,-1.94698,1.10108,1.16771,2.20138,-2.75266,-1.32422,1.00895,-1.94565,1.10136,1.16858,2.20139,-0.000192027,0.000111558,-0.0011329,0.000639131,0.000331828,2.75135e-06,-0.000140652,0,0,0,0,0,0,0,-0.176685,26.7144,-24.6612,7.44724,0.825212,2.51242,0.0844213,-0.195029,2.15095,-3.04672,1.88951,0.181107,0.916725,0.0582247
1728686,0.98,-2.75261,-1.32534,1.01105,-1.94698,1.10108,1.16772,2.20138,-2.75266,-1.32422,1.00895,-1.94565,1.10136,1.16858,2.20139,0.000521596,-0.00048244,0.000451158,-0.000130737,0.000221219,-0.000235525,-0.000331127,0,0,0,0,0,0,0,-0.204456,26.7383,-24.7128,7.47104,0.825212,2.51882,0.09083,-0.194784,2.14989,-3.04584,1.88958,0.181219,0.916699,0.058557
1728687,0.98,-2.75261,-1.32534,1.01105,-1.94698,1.10108,1.16771,2.20138,-2.75266,-1.32422,1.00895,-1.94565,1.10136,1.16858,2.20139,0.000347731,0.000235185,0.000300772,-0.000736782,0.000147479,0.000317701,0.000491326,0,0,0,0,0,0,0,-0.204456,26.7144,-24.7128,7.49881,0.825212,2.50601,0.071604,-0.195314,2.14988,-3.046,1.88944,0.181321,0.916784,0.0589451
1728688,0.98,-2.75261,-1.32534,1.01105,-1.94698,1.10108,1.16771,2.20138,-2.75266,-1.32422,1.00895,-1.94565,1.10136,1.16858,2.20139,-0.000417793,0.00015679,0.000757327,-0.000491195,-0.000105131,-0.000262917,-0.000621885,0,0,0,0,0,0,0,-0.176685,26.7144,-24.7366,7.49881,0.830705,2.51882,0.0972387,-0.195205,2.15013,-3.04739,1.89003,0.181467,0.916985,0.0593825
1728689,0.98,-2.75261,-1.32534,1.01105,-1.94698,1.10108,1.16771,2.20138,-2.75266,-1.32422,1.00895,-1.94565,1.10136,1.16858,2.20139,0.000371085,0.000104527,-0.000608739,-0.0060088,0.000336814,6.2081e-05,0.000534846,0,0,0,0,0,0,0,-0.204456,26.7144,-24.689,7.47104,0.819719,2.51242,0.071604,-0.192329,2.14892,-3.04906,1.89318,0.181794,0.91726,0.0598615
1728690,0.98,-2.75261,-1.32534,1.01105,-1.94698,1.10108,1.16772,2.20139,-2.75266,-1.32422,1.00895,-1.94565,1.10136,1.16858,2.20139,0.00024739,6.96845e-05,0.000707798,-0.00518306,-0.000182359,-0.000195972,0.001306,0,0,0,0,0,0,0,-0.204456,26.7144,-24.7366,7.49881,0.830705,2.51882,0.0459692,-0.185605,2.14532,-3.05046,1.90049,0.18243,0.917634,0.0603769
1728691,0.98,-2.75261,-1.32534,1.01106,-1.94698,1.10108,1.16771,2.20139,-2.75266,-1.32422,1.00895,-1.94565,1.10136,1.16858,2.20139,-0.000484687,4.64563e-05,0.00112148,-0.00385106,-0.000325023,-0.000130648,0.000870666,0,0,0,0,0,0,0,-0.176685,26.7144,-24.7643,7.49881,0.836199,2.51882,0.0459692,-0.176351,2.14069,-3.05252,1.91042,0.18326,0.918118,0.0608961
1728692,0.98,-2.75261,-1.32534,1.01105,-1.94698,1.10108,1.16771,2.20139,-2.75266,-1.32422,1.00895,-1.94565,1.10136,1.16858,2.20139,0.000326489,-0.000525841,9.80387e-05,-0.00342095,-0.000420132,0.00015026,0.00132643,0,0,0,0,0,0,0,-0.204456,26.7383,-24.7366,7.52262,0.841692,2.51242,0.0258276,-0.167216,2.13693,-3.05557,1.91998,0.18406,0.91864,0.0613617
1728693,0.98,-2.75261,-1.32534,1.01105,-1.94698,1.10108,1.16771,2.20139,-2.75266,-1.32422,1.00895,-1.94565,1.10136,1.16858,2.20139,0.000217659,0.000206251,-0.000491453,-0.0019464,0.000330263,0.000337533,0.000138301,0,0,0,0,0,0,0,-0.204456,26.7144,-24.7128,7.49881,0.825212,2.50601,0.0459692,-0.160634,2.13437,-3.05806,1.92711,0.18468,0.919067,0.0617235
1728694,0.98,-2.75261,-1.32534,1.01105,-1.94698,1.10108,1.16772,2.20139,-2.75266,-1.32422,1.00895,-1.94565,1.10136,1.16858,2.20139,-0.000504508,0.000137501,-0.000884447,-0.00146453,1.6725e-05,-0.000249696,0.000838186,0,0,0,0,0,0,0,-0.176685,26.7144,-24.689,7.49881,0.830705,2.51882,0.0258276,-0.156987,2.13223,-3.0587,1.93131,0.185067,0.919294,0.0619551
1728695,0.98,-2.75261,-1.32534,1.01106,-1.94698,1.10108,1.16771,2.20139,-2.75266,-1.32422,1.00895,-1.94565,1.10136,1.16858,2.20139,0.000313275,-0.000465145,0.000523992,-0.000451935,-0.000192301,7.08948e-05,0.000321432,0,0,0,0,0,0,0,-0.204456,26.7383,-24.7366,7.47104,0.836199,2.51242,0.0322363,-0.155871,2.13092,-3.05837,1.93269,0.185227,0.919367,0.0620524
1728696,0.98,-2.75261,-1.32534,1.01105,-1.94698,1.10108,1.16771,2.20139,-2.75266,-1.32422,1.00895,-1.94565,1.10136,1.16858,2.20139,-0.000440764,-0.000310096,0.000349328,-0.0010448,7.52502e-05,4.72632e-05,0.000451647,0,0,0,0,0,0,0,-0.176685,26.7383,-24.7366,7.49881,0.830705,2.51242,0.0258276,-0.157173,2.13171,-3.05888,1.93156,0.185197,0.919421,0.0620165
1728697,0.98,-2.75261,-1.32534,1.01105,-1.94698,1.10108,1.16771,2.20139,-2.75266,-1.32422,1.00895,-1.94565,1.10136,1.16858,2.20139,-0.000850654,0.000350081,0.000232886,-0.000117345,5.01668e-05,0.000268868,-0.000444887,0,0,0,0,0,0,0,-0.152882,26.7144,-24.7366,7.47104,0.830705,2.50601,0.0459692,-0.159175,2.13357,-3.06024,1.92923,0.185075,0.919471,0.0618556
1728698,0.98,-2.75261,-1.32534,1.01106,-1.94698,1.10108,1.16771,2.20139,-2.75266,-1.32422,1.00895,-1.94565,1.10136,1.16858,2.20139,-1.0291e-05,0.000233387,0.000804871,-0.000780662,3.34445e-05,-0.000532832,0.000212035,0,0,0,0,0,0,0,-0.176685,26.7144,-24.7643,7.49881,0.830705,2.52523,0.0322363,-0.160843,2.13523,-3.06179,1.92662,0.18492,0.919494,0.0615904
1728699,0.98,-2.75261,-1.32534,1.01105,-1.94698,1.10108,1.16771,2.20139,-2.75266,-1.32422,1.00895,-1.94565,1.10136,1.16858,2.20139,-6.86064e-06,-0.00105083,-0.000669845,-0.000560054,-0.000181154,-0.000117862,0.000616074,0,0,0,0,0,0,0,-0.176685,26.766,-24.7128,7.49881,0.836199,2.51882,0.0194189,-0.1632,2.13728,-3.06344,1.92355,0.18473,0.919525,0.0612438
1728700,0.98,-2.75261,-1.32534,1.01105,-1.94698,1.10108,1.16771,2.20139,-2.75266,-1.32422,1.00895,-1.94565,1.10136,1.16858,2.20139,-4.57376e-06,-5.09423e-05,-0.00100338,0.000246534,0.000286132,0.000158784,-0.000572628,0,0,0,0,0,0,0,-0.176685,26.7383,-24.689,7.47104,0.825212,2.51242,0.0459692,-0.166969,2.13983,-3.06424,1.91965,0.184495,0.919515,0.0608228
1728701,0.98,-2.75261,-1.32534,1.01106,-1.94698,1.10108,1.16771,2.20139,-2.75266,-1.32422,1.00895,-1.94565,1.10136,1.16858,2.20139,0.00120338,-0.000683575,0.000444707,-0.00106435,-0.000216147,0.000105856,0.000364233,0,0,0,0,0,0,0,-0.22826,26.766,-24.7366,7.52262,0.836199,2.51242,0.0258276,-0.172196,2.14267,-3.06416,1.91503,0.184212,0.919477,0.0603358
1728702,0.98,-2.75261,-1.32534,1.01105,-1.94698,1.10108,1.16771,2.20139,-2.75266,-1.32422,1.00895,-1.94565,1.10136,1.16858,2.20139,-0.000960987,0.000193897,-0.000260341,-0.000169468,0.000466254,7.05707e-05,-0.000503163,0,0,0,0,0,0,0,-0.152882,26.7383,-24.7128,7.49881,0.819719,2.51242,0.0459692,-0.177571,2.14562,-3.06433,1.91065,0.183941,0.919489,0.0598058
1728703,0.98,-2.75261,-1.32534,1.01105,-1.94698,1.10108,1.16771,2.20139,-2.75266,-1.32422,1.00895,-1.94565,1.10136,1.16858,2.20139,-8.38458e-05,0.000686077,-0.000730372,0.000524101,-9.60652e-05,4.70472e-05,0.000410543,0,0,0,0,0,0,0,-0.176685,26.7144,-24.689,7.47104,0.830705,2.51242,0.0258276,-0.181219,2.14724,-3.06408,1.90732,0.183725,0.919467,0.0592524
1728704,0.98,-2.75261,-1.32534,1.01105,-1.94698,1.10108,1.16771,2.20139,-2.75266,-1.32422,1.00895,-1.94565,1.10136,1.16858,2.20139,0.000593717,-0.000749042,0.000626709,-0.000866425,-0.000267494,3.13648e-05,-0.00047229,0,0,0,0,0,0,0,-0.204456,26.766,-24.7366,7.52262,0.836199,2.51242,0.0459692,-0.183991,2.14797,-3.06341,1.90453,0.183527,0.919413,0.0586851
1728705,0.98,-2.75261,-1.32534,1.01105,-1.94698,1.10108,1.16771,2.20139,-2.75266,-1.32422,1.00895,-1.94565,1.10136,1.16858,2.20139,0.000395811,0.000707065,-0.000139006,-2.78553e-05,0.000228572,2.09098e-05,0.000668484,0,0,0,0,0,0,0,-0.204456,26.7144,-24.7128,7.49881,0.825212,2.51242,0.0194189,-0.187176,2.1493,-3.06346,1.90188,0.183334,0.919437,0.0581114
1728706,0.98,-2.75261,-1.32534,1.01106,-1.94698,1.10108,1.16771,2.20139,-2.75266,-1.32422,1.00895,-1.94565,1.10136,1.16858,2.20139,0.000263874,-8.54354e-05,0.00111376,-2.3858e-05,-5.10694e-05,0.000251299,-0.000266421,0,0,0,0,0,0,0,-0.204456,26.7383,-24.7643,7.49881,0.830705,2.50601,0.038645,-0.190385,2.15093,-3.06426,1.8995,0.18315,0.919528,0.0575358
1728707,0.98,-2.75261,-1.32534,1.01105,-1.94698,1.10108,1.16772,2.20139,-2.75266,-1.32422,1.00895,-1.94565,1.10136,1.16858,2.20139,-0.000473698,-5.69569e-05,-0.000463922,-1.98711e-05,-0.000237497,-6.98264e-05,5.97452e-05,0,0,0,0,0,0,0,-0.176685,26.7383,-24.7128,7.49881,0.836199,2.51242,0.0322363,-0.192897,2.15256,-3.0656,1.89755,0.182995,0.919635,0.0569553
1728708,0.98,-2.75261,-1.32534,1.01105,-1.94699,1.10108,1.16771,2.20139,-2.75266,-1.32422,1.00895,-1.94565,1.10136,1.16858,2.20139,-0.000315799,0.00116845,0.00024753,-0.00112985,4.51193e-05,-0.000758628,-0.000468796,0,0,0,0,0,0,0,-0.176685,26.6867,-24.7366,7.54642,0.830705,2.53164,0.0459692,-0.193496,2.15303,-3.0666,1.89691,0.182936,0.919703,0.0563748
1728709,0.98,-2.75261,-1.32534,1.01106,-1.94698,1.10108,1.16771,2.20139,-2.75266,-1.32422,1.00895,-1.94565,1.10136,1.16858,2.20139,0.000995894,0.000129356,0.000814634,0.00100778,0.00023353,0.000206325,-0.000312531,0,0,0,0,0,0,0,-0.22826,26.7144,-24.7643,7.47104,0.825212,2.51242,0.0459692,-0.193209,2.15243,-3.06722,1.89708,0.182924,0.919767,0.055806
1728710,0.98,-2.75261,-1.32534,1.01106,-1.94698,1.10108,1.16771,2.20139,-2.75266,-1.32422,1.00895,-1.94565,1.10136,1.16858,2.20139,-0.00109931,8.62372e-05,-0.000106524,0.00122699,-4.77638e-05,0.00013755,0.000537631,0,0,0,0,0,0,0,-0.152882,26.7144,-24.7366,7.44724,0.830705,2.51242,0.0258276,-0.194117,2.15266,-3.06824,1.89626,0.182833,0.919849,0.0552568
1728711,0.98,-2.75261,-1.32534,1.01105,-1.94698,1.10108,1.16771,2.20138,-2.75266,-1.32422,1.00895,-1.94565,1.10136,1.16858,2.20139,0.000473553,5.74915e-05,-0.000627828,-0.000389687,-0.000642194,-0.000145659,-0.00181172,0,0,0,0,0,0,0,-0.204456,26.7144,-24.7128,7.49881,0.847185,2.51882,0.0844213,-0.195358,2.15325,-3.06899,1.89489,0.182715,0.919879,0.0547303
1728712,0.98,-2.75261,-1.32534,1.01106,-1.94698,1.10108,1.16772,2.20138,-2.75266,-1.32422,1.00895,-1.94565,1.10136,1.16858,2.20139,-0.000333912,3.83276e-05,-0.000418552,-0.000260733,0.000385673,0.000140253,-0.000495735,0,0,0,0,0,0,0,-0.176685,26.7144,-24.7128,7.49881,0.825212,2.51242,0.0651953,-0.196007,2.15313,-3.06881,1.89412,0.182668,0.919866,0.0542408
1728713,0.98,-2.75261,-1.32534,1.01105,-1.94698,1.10108,1.16771,2.20138,-2.75266,-1.32422,1.00895,-1.94565,1.10136,1.16858,2.20139,-0.00077942,-0.00053126,-0.000279035,0.000475086,0.000257115,9.3502e-05,-0.00033049,0,0,0,0,0,0,0,-0.152882,26.7383,-24.7128,7.47104,0.825212,2.51242,0.0651953,-0.195937,2.15271,-3.06837,1.89397,0.182694,0.919846,0.0538251
1728714,0.98,-2.75261,-1.32534,1.01106,-1.94698,1.10108,1.16771,2.20139,-2.75266,-1.32422,1.00895,-1.94565,1.10136,1.16858,2.20139,3.71988e-05,-0.000354173,0.0010204,0.000316195,-0.000438941,6.23347e-05,1.70322e-05,0,0,0,0,0,0,0,-0.176685,26.7383,-24.7643,7.47104,0.841692,2.51242,0.0587866,-0.195509,2.15316,-3.06895,1.89382,0.182743,0.919869,0.0535055
1728715,0.98,-2.75261,-1.32534,1.01105,-1.94698,1.10108,1.16771,2.20138,-2.75266,-1.32422,1.00895,-1.94565,1.10136,1.16858,2.20139,0.000674413,0.00097031,3.06545e-05,0.000767211,0.000114273,-0.000195803,-0.000463363,0,0,0,0,0,0,0,-0.204456,26.6867,-24.7366,7.44724,0.830705,2.51882,0.071604,-0.195986,2.15454,-3.07057,1.89308,0.182748,0.919972,0.0532788
1728716,0.98,-2.75261,-1.32534,1.01105,-1.94698,1.10108,1.16771,2.20138,-2.75266,-1.32422,1.00895,-1.94565,1.10136,1.16858,2.20139,-0.000200005,-2.74044e-06,-0.000536376,-4.56354e-05,0.000279633,0.000344183,-0.00125834,0,0,0,0,0,0,0,-0.176685,26.7144,-24.7128,7.47104,0.825212,2.50601,0.0972387,-0.197266,2.15537,-3.07163,1.89199,0.182713,0.920071,0.0531385
1728717,0.98,-2.75261,-1.32534,1.01105,-1.94698,1.10108,1.16771,2.20138,-2.75266,-1.32422,1.00895,-1.94565,1.10136,1.16858,2.20139,0.000516277,-1.82696e-06,-0.000357584,-0.000680261,0.000186422,-0.000482622,-0.000126819,0,0,0,0,0,0,0,-0.204456,26.7144,-24.7128,7.49881,0.825212,2.52523,0.0780126,-0.198284,2.1552,-3.07163,1.89133,0.182712,0.920129,0.053093
1728718,0.98,-2.75261,-1.32534,1.01105,-1.94698,1.10108,1.16771,2.20138,-2.75266,-1.32422,1.00895,-1.94565,1.10136,1.16858,2.20139,0.000344185,-0.00120764,-0.000238389,0.000195939,-0.00028262,0.000390329,-0.000559264,0,0,0,0,0,0,0,-0.204456,26.766,-24.7128,7.47104,0.836199,2.50601,0.09083,-0.199459,2.1554,-3.07161,1.89086,0.182744,0.920205,0.0531561
1728719,0.98,-2.75261,-1.32534,1.01106,-1.94698,1.10108,1.16772,2.20138,-2.75266,-1.32422,1.00895,-1.94565,1.10136,1.16858,2.20139,-0.000420157,0.00040133,0.0010475,-0.00107593,0.000218488,2.28605e-05,-0.000135484,0,0,0,0,0,0,0,-0.176685,26.7144,-24.7643,7.52262,0.825212,2.51242,0.0844213,-0.20046,2.15649,-3.0726,1.89059,0.182804,0.920345,0.0533295
1728720,0.98,-2.75261,-1.32534,1.01106,-1.94698,1.10108,1.16771,2.20138,-2.75266,-1.32422,1.00895,-1.94565,1.10136,1.16858,2.20139,-0.000280105,0.000267553,4.87193e-05,-0.000717378,-5.7792e-05,0.000252599,-9.03226e-05,0,0,0,0,0,0,0,-0.176685,26.7144,-24.7366,7.52262,0.830705,2.50601,0.0844213,-0.199395,2.15695,-3.07444,1.8917,0.182956,0.920531,0.0536119
1728721,0.98,-2.75261,-1.32534,1.01106,-1.94698,1.10108,1.16771,2.20138,-2.75266,-1.32422,1.00895,-1.94565,1.10136,1.16858,2.20139,-0.000186737,0.000178369,3.24795e-05,0.00128492,-3.8528e-05,-0.000306318,-6.02151e-05,0,0,0,0,0,0,0,-0.176685,26.7144,-24.7366,7.44724,0.830705,2.51882,0.0844213,-0.197165,2.15638,-3.07604,1.89341,0.183126,0.920675,0.053989
1728722,0.98,-2.75261,-1.32534,1.01106,-1.94698,1.10108,1.16771,2.20138,-2.75266,-1.32422,1.00895,-1.94565,1.10136,1.16858,2.20139,-0.000681303,-0.000437899,-0.000535159,-0.000349869,0.000177765,0.000270506,0.000197216,0,0,0,0,0,0,0,-0.152882,26.7383,-24.7128,7.49881,0.825212,2.50601,0.0780126,-0.195413,2.15572,-3.07693,1.89439,0.183226,0.920726,0.054438
1728723,0.98,-2.75261,-1.32534,1.01106,-1.94698,1.10108,1.16771,2.20138,-2.75266,-1.32422,1.00895,-1.94565,1.10136,1.16858,2.20139,-0.000454202,0.000264879,0.000849653,-0.000790097,-0.000288391,0.000180337,-0.000343241,0,0,0,0,0,0,0,-0.152882,26.7144,-24.7643,7.52262,0.836199,2.50601,0.09083,-0.193184,2.15496,-3.07771,1.89554,0.183338,0.920741,0.0549433
1728724,0.98,-2.75261,-1.32534,1.01105,-1.94698,1.10108,1.16771,2.20138,-2.75266,-1.32422,1.00895,-1.94565,1.10136,1.16858,2.20139,0.000254011,-0.00102984,-0.00063999,0.000679664,0.00021464,-0.000354493,0.000720609,0,0,0,0,0,0,0,-0.176685,26.766,-24.7128,7.47104,0.825212,2.51882,0.0651953,-0.191005,2.15461,-3.07886,1.89678,0.183459,0.920776,0.0554904
1728725,0.98,-2.75261,-1.32534,1.01106,-1.94698,1.10108,1.16771,2.20138,-2.75266,-1.32422,1.00895,-1.94565,1.10136,1.16858,2.20139,0.00016934,0.000519866,-0.00042666,-0.000196527,-6.03569e-05,-0.000236329,-0.000231671,0,0,0,0,0,0,0,-0.176685,26.7144,-24.7128,7.49881,0.830705,2.51882,0.0844213,-0.190594,2.15499,-3.0796,1.89696,0.183497,0.920791,0.0560612
1728726,0.98,-2.75261,-1.32534,1.01105,-1.94698,1.10108,1.16771,2.20138,-2.75266,-1.32422,1.00895,-1.94565,1.10136,1.16858,2.20139,0.000112894,0.000346577,0.000272372,-0.000687847,-0.000243688,0.000317165,-0.000154447,0,0,0,0,0,0,0,-0.176685,26.7144,-24.7366,7.52262,0.836199,2.50601,0.0844213,-0.190839,2.15484,-3.07949,1.89694,0.183502,0.92078,0.0566408
1728727,0.98,-2.75261,-1.32534,1.01106,-1.94699,1.10108,1.16772,2.20139,-2.75266,-1.32422,1.00895,-1.94565,1.10136,1.16858,2.20139,7.52624e-05,0.000231052,0.000181581,-0.00101539,-0.000162459,0.000211444,0.00108383,0,0,0,0,0,0,0,-0.176685,26.7144,-24.7366,7.54642,0.836199,2.50601,0.0523779,-0.190258,2.15384,-3.07933,1.89781,0.18356,0.9208,0.0572257
1728728,0.98,-2.75261,-1.32534,1.01106,-1.94698,1.10108,1.16771,2.20138,-2.75266,-1.32422,1.00895,-1.94565,1.10136,1.16858,2.20139,-0.000506637,-0.000402778,0.000121054,-0.000120123,9.51445e-05,-9.63966e-05,1.04763e-05,0,0,0,0,0,0,0,-0.152882,26.7383,-24.7366,7.52262,0.830705,2.51242,0.071604,-0.188945,2.15283,-3.0797,1.8993,0.183671,0.920851,0.0578029
1728729,0.98,-2.75261,-1.32534,1.01105,-1.94698,1.10108,1.16771,2.20139,-2.75266,-1.32422,1.00895,-1.94565,1.10136,1.16858,2.20139,0.00142548,-0.000268518,8.07027e-05,0.000476723,0.00026688,-0.000301623,0.00170241,0,0,0,0,0,0,0,-0.22826,26.7383,-24.7366,7.49881,0.825212,2.51882,0.0258276,-0.188728,2.15299,-3.08058,1.89999,0.183732,0.920914,0.058343
1728730,0.98,-2.75261,-1.32534,1.01106,-1.94699,1.10108,1.16771,2.20138,-2.75266,-1.32422,1.00895,-1.94565,1.10136,1.16858,2.20139,-0.00146253,-0.000179012,0.000703416,-0.000795814,0.00017792,-0.000201082,-0.000797843,0,0,0,0,0,0,0,-0.125111,26.7383,-24.7643,7.54642,0.825212,2.51882,0.0780126,-0.189689,2.15428,-3.08204,1.89983,0.183728,0.921003,0.0588184
1728731,0.98,-2.75261,-1.32534,1.01106,-1.94698,1.10108,1.16771,2.20139,-2.75266,-1.32422,1.00895,-1.94565,1.10136,1.16858,2.20139,0.000881019,0.00108708,-0.00018067,2.62652e-05,-8.48371e-05,-0.000371414,0.00140088,0,0,0,0,0,0,0,-0.204456,26.6867,-24.7366,7.52262,0.830705,2.52523,0.0258276,-0.189513,2.15488,-3.08353,1.90036,0.183756,0.921093,0.0592145
1728732,0.98,-2.75261,-1.32534,1.01106,-1.94698,1.10108,1.16771,2.20139,-2.75266,-1.32422,1.00895,-1.94565,1.10136,1.16858,2.20139,0.000587346,-0.00113132,0.000529167,0.000574319,-5.65581e-05,0.000227109,0.000187938,0,0,0,0,0,0,0,-0.204456,26.766,-24.7643,7.49881,0.830705,2.51242,0.0459692,-0.189849,2.15525,-3.08464,1.90064,0.18374,0.92118,0.0595234
1728733,0.98,-2.75261,-1.32534,1.01106,-1.94698,1.10108,1.16771,2.20139,-2.75266,-1.32422,1.00895,-1.94565,1.10136,1.16858,2.20139,0.000391564,0.000452215,0.000352778,-0.000173935,0.000165745,-8.59531e-05,0.000125292,0,0,0,0,0,0,0,-0.204456,26.7144,-24.7643,7.52262,0.825212,2.51882,0.0459692,-0.192159,2.15689,-3.08604,1.8997,0.183627,0.921304,0.0597311
1728734,0.98,-2.75261,-1.32534,1.01105,-1.94698,1.10108,1.16771,2.20139,-2.75266,-1.32422,1.00895,-1.94565,1.10136,1.16858,2.20139,-0.000945383,0.000301476,-0.00097124,0.00109047,-9.29538e-05,0.000180057,0.000829513,0,0,0,0,0,0,0,-0.152882,26.7144,-24.7128,7.47104,0.830705,2.51242,0.0258276,-0.194034,2.15804,-3.08694,1.89883,0.183512,0.921383,0.0598381
1728735,0.98,-2.75261,-1.32534,1.01105,-1.94698,1.10108,1.16771,2.20139,-2.75266,-1.32422,1.00895,-1.94565,1.10136,1.16858,2.20139,-7.34436e-05,0.000200984,-9.06817e-05,0.00128379,-6.19692e-05,-0.000117321,-0.000192976,0,0,0,0,0,0,0,-0.176685,26.7144,-24.7366,7.44724,0.830705,2.51882,0.0459692,-0.194608,2.15761,-3.08639,1.8983,0.183406,0.921326,0.0598495
1728736,0.98,-2.75261,-1.32534,1.01106,-1.94698,1.10108,1.16771,2.20139,-2.75266,-1.32422,1.00895,-1.94565,1.10136,1.16858,2.20139,0.00115746,-0.00107244,0.000589159,-0.000350567,-0.000244763,-7.8214e-05,-0.000128651,0,0,0,0,0,0,0,-0.22826,26.766,-24.7643,7.49881,0.836199,2.51882,0.0459692,-0.195802,2.15779,-3.08602,1.8972,0.183269,0.92128,0.059765
1728737,0.98,-2.75261,-1.32534,1.01106,-1.94698,1.10108,1.16771,2.20139,-2.75266,-1.32422,1.00895,-1.94565,1.10136,1.16858,2.20139,0.00021483,0.00114108,0.000392773,-0.000790524,0.000447176,0.000185216,0.0001855,0,0,0,0,0,0,0,-0.204456,26.6867,-24.7643,7.52262,0.819719,2.51242,0.038645,-0.197756,2.15902,-3.08684,1.89618,0.183156,0.921375,0.0596042
1728738,0.98,-2.75261,-1.32534,1.01106,-1.94698,1.10108,1.16771,2.20139,-2.75266,-1.32422,1.00895,-1.94565,1.10136,1.16858,2.20139,0.000700032,-0.000445704,-0.000387765,0.000679409,-0.000108784,0.000360836,0.000123667,0,0,0,0,0,0,0,-0.22826,26.7383,-24.7366,7.47104,0.830705,2.50601,0.038645,-0.199226,2.1596,-3.08767,1.89591,0.1831,0.921514,0.0593889
1728739,0.98,-2.75261,-1.32534,1.01106,-1.94698,1.10108,1.16771,2.20139,-2.75266,-1.32422,1.00895,-1.94565,1.10136,1.16858,2.20139,-9.01238e-05,-0.00094675,0.000947916,-0.000196675,-7.25225e-05,0.000477917,8.24445e-05,0,0,0,0,0,0,0,-0.204456,26.766,-24.7881,7.49881,0.830705,2.4996,0.038645,-0.200698,2.16047,-3.08869,1.89559,0.183049,0.921644,0.059123
1728740,0.98,-2.75261,-1.32534,1.01106,-1.94699,1.10108,1.16771,2.20139,-2.75266,-1.32422,1.00895,-1.94565,1.10136,1.16858,2.20139,-0.000709696,0.000575259,7.51319e-05,-0.00124474,0.000155102,-0.000393466,-0.000453663,0,0,0,0,0,0,0,-0.176685,26.7144,-24.7643,7.54642,0.825212,2.51882,0.0523779,-0.200798,2.16159,-3.09061,1.89607,0.183078,0.92179,0.0588158
1728741,0.98,-2.75261,-1.32534,1.01105,-1.94698,1.10108,1.16771,2.20139,-2.75266,-1.32422,1.00895,-1.94565,1.10136,1.16858,2.20139,-0.00102994,-0.000173306,-0.00171315,0.00093341,-0.000100049,0.000212407,0.000680902,0,0,0,0,0,0,0,-0.152882,26.7383,-24.689,7.47104,0.830705,2.50601,0.0258276,-0.198028,2.16066,-3.09157,1.89827,0.183229,0.921827,0.0584838
1728742,0.98,-2.75261,-1.32534,1.01106,-1.94699,1.10108,1.16771,2.20139,-2.75266,-1.32422,1.00895,-1.94565,1.10136,1.16858,2.20139,0.000519797,0.000441275,0.000621138,-0.00114096,-0.00027015,0.000378964,-0.000292051,0,0,0,0,0,0,0,-0.204456,26.7144,-24.7643,7.54642,0.836199,2.4996,0.0459692,-0.194299,2.15806,-3.0908,1.90093,0.183404,0.921714,0.0581314
1728743,0.98,-2.75261,-1.32534,1.01106,-1.94698,1.10108,1.16771,2.20139,-2.75266,-1.32422,1.00895,-1.94565,1.10136,1.16858,2.20139,0.000346532,0.000294183,-0.000792334,0.000352981,0.000226801,-0.000222075,-0.0001947,0,0,0,0,0,0,0,-0.204456,26.7144,-24.7128,7.49881,0.825212,2.51242,0.0459692,-0.191692,2.15548,-3.08966,1.90311,0.183532,0.921588,0.057758
1728744,0.98,-2.75261,-1.32534,1.01105,-1.94698,1.10108,1.16771,2.20138,-2.75266,-1.32422,1.00895,-1.94565,1.10136,1.16858,2.20139,-0.000418593,-0.00036069,-0.00108503,0.00023532,0.000151201,-0.000385409,-0.000841877,0,0,0,0,0,0,0,-0.176685,26.7383,-24.689,7.49881,0.825212,2.51882,0.0651953,-0.190544,2.1533,-3.08816,1.90447,0.183592,0.921442,0.0573712
1728745,0.98,-2.75261,-1.32534,1.01106,-1.94698,1.10108,1.16772,2.20139,-2.75266,-1.32422,1.00895,-1.94565,1.10136,1.16858,2.20139,-0.000279062,0.000965966,0.00103988,0.00015688,0.0001008,-0.000256939,0.000422093,0,0,0,0,0,0,0,-0.176685,26.6867,-24.7643,7.49881,0.825212,2.51882,0.038645,-0.189685,2.15142,-3.08674,1.90538,0.183612,0.921279,0.0569942
1728746,0.98,-2.75261,-1.32534,1.01106,-1.94698,1.10108,1.16771,2.20139,-2.75266,-1.32422,1.00895,-1.94565,1.10136,1.16858,2.20139,0.000463573,0.000643977,4.36404e-05,0.000104587,6.72003e-05,0.000303425,0.000281395,0,0,0,0,0,0,0,-0.204456,26.6867,-24.7366,7.49881,0.825212,2.50601,0.038645,-0.188624,2.1498,-3.08637,1.90634,0.183612,0.921193,0.0566469
1728747,0.98,-2.75261,-1.32534,1.01106,-1.94698,1.10108,1.16771,2.20139,-2.75266,-1.32422,1.00895,-1.94565,1.10136,1.16858,2.20139,-0.000340566,-0.000220296,0.000678708,6.97245e-05,-0.00015865,0.000202283,-0.000558388,0,0,0,0,0,0,0,-0.176685,26.7144,-24.7643,7.49881,0.830705,2.50601,0.0587866,-0.187986,2.14882,-3.08699,1.90704,0.183581,0.921186,0.0563202
1728748,0.98,-2.75261,-1.32534,1.01106,-1.94698,1.10108,1.16771,2.20139,-2.75266,-1.32422,1.00895,-1.94565,1.10136,1.16858,2.20139,-0.000227044,-0.000146864,-0.000197142,0.000696097,0.000301134,-0.000102503,-0.0001349,0,0,0,0,0,0,0,-0.176685,26.7144,-24.7366,7.47104,0.819719,2.51242,0.0523779,-0.187778,2.14894,-3.08842,1.90731,0.183529,0.921213,0.0560045
1728749,0.98,-2.75261,-1.32534,1.01105,-1.94698,1.10108,1.16771,2.20139,-2.75266,-1.32422,1.00895,-1.94565,1.10136,1.16858,2.20139,-0.000151362,-9.79092e-05,-0.00189467,-0.000185549,-0.000409595,0.000406382,0.000147426,0,0,0,0,0,0,0,-0.176685,26.7144,-24.6612,7.49881,0.836199,2.4996,0.0459692,-0.187822,2.14917,-3.08912,1.90723,0.183466,0.921167,0.0557082
1728750,0.98,-2.75261,-1.32534,1.01106,-1.94699,1.10108,1.16771,2.20139,-2.75266,-1.32422,1.00895,-1.94565,1.10136,1.16858,2.20139,-0.00065772,-6.52728e-05,0.000500127,-0.00123732,0.000133837,3.35626e-05,0.00060691,0,0,0,0,0,0,0,-0.152882,26.7144,-24.7366,7.54642,0.825212,2.50601,0.0322363,-0.187139,2.14839,-3.08846,1.90778,0.183463,0.921031,0.055438
1728751,0.98,-2.75261,-1.32534,1.01106,-1.94698,1.10108,1.16771,2.20138,-2.75266,-1.32422,1.00895,-1.94565,1.10136,1.16858,2.20139,0.000118332,-0.000600327,0.000983032,-0.00026807,-0.000114226,-0.000214984,-0.00152817,0,0,0,0,0,0,0,-0.176685,26.7383,-24.7643,7.52262,0.830705,2.51242,0.0844213,-0.185374,2.14788,-3.08886,1.90929,0.183545,0.920975,0.0551869
1728752,0.98,-2.75261,-1.32534,1.01106,-1.94698,1.10108,1.16771,2.20138,-2.75266,-1.32422,1.00895,-1.94565,1.10136,1.16858,2.20139,0.000728502,0.000156594,0.000655355,0.000378098,-7.61504e-05,-0.000143323,-0.00101878,0,0,0,0,0,0,0,-0.204456,26.7144,-24.7643,7.49881,0.830705,2.51242,0.0844213,-0.184649,2.14916,-3.09132,1.91026,0.183585,0.921065,0.0549547
1728753,0.98,-2.75261,-1.32534,1.01106,-1.94698,1.10108,1.16771,2.20138,-2.75266,-1.32422,1.00895,-1.94565,1.10136,1.16858,2.20139,-0.000163946,0.00075401,-0.000212711,0.00090168,0.000356134,-9.55484e-05,-0.000916547,0,0,0,0,0,0,0,-0.176685,26.6867,-24.7366,7.47104,0.819719,2.51242,0.09083,-0.185764,2.15101,-3.09383,1.90993,0.183505,0.921168,0.0547761
1728754,0.98,-2.75261,-1.32534,1.01106,-1.94699,1.10108,1.16771,2.20138,-2.75266,-1.32422,1.00895,-1.94565,1.10136,1.16858,2.20139,0.000540317,-0.000703753,0.000507807,-0.00116212,0.000237423,-6.36989e-05,-0.000373672,0,0,0,0,0,0,0,-0.204456,26.7383,-24.7643,7.54642,0.819719,2.51242,0.0844213,-0.187333,2.15226,-3.0955,1.90923,0.18338,0.921219,0.0546928
1728755,0.98,-2.75261,-1.32534,1.01105,-1.94698,1.10108,1.16771,2.20138,-2.75266,-1.32422,1.00895,-1.94565,1.10136,1.16858,2.20139,0.000360211,-0.00111878,-0.000311076,0.000988492,-0.00045207,-0.000279825,0.000225603,0,0,0,0,0,0,0,-0.204456,26.766,-24.7366,7.47104,0.836199,2.51882,0.071604,-0.189456,2.15417,-3.09724,1.90831,0.183251,0.921281,0.0547198
1728756,0.99,-2.75261,-1.32534,1.01105,-1.94698,1.10108,1.16771,2.20138,-2.75266,-1.32422,1.00895,-1.94565,1.10136,1.16858,2.20139,0.000240141,0.000460571,-0.000207384,-0.000547431,0.000105521,-0.00018655,-0.000799034,0,0,0,0,0,0,0,-0.204456,26.7144,-24.7366,7.52262,0.825212,2.51882,0.0972387,-0.192272,2.15663,-3.09873,1.90696,0.183101,0.921332,0.0548503
1728757,0.99,-2.75261,-1.32534,1.01106,-1.94698,1.10108,1.16771,2.20138,-2.75266,-1.32422,1.00895,-1.94565,1.10136,1.16858,2.20139,0.000716906,-0.000249765,0.000511358,0.000841472,-0.000133103,-0.000124367,-0.00029533,0,0,0,0,0,0,0,-0.22826,26.7383,-24.7643,7.47104,0.830705,2.51882,0.09083,-0.194987,2.15835,-3.09951,1.90567,0.182944,0.921356,0.0550758
1728758,0.99,-2.75261,-1.32534,1.01106,-1.94698,1.10108,1.16771,2.20138,-2.75266,-1.32422,1.00895,-1.94565,1.10136,1.16858,2.20139,0.000477937,0.00103992,-0.000308709,-8.86327e-05,-0.000292186,0.000154448,-0.000671605,0,0,0,0,0,0,0,-0.22826,26.6867,-24.7366,7.49881,0.836199,2.51242,0.103647,-0.197592,2.15923,-3.0998,1.90448,0.182779,0.921379,0.0553965
1728759,0.99,-2.75261,-1.32534,1.01106,-1.94698,1.10108,1.16771,2.20138,-2.75266,-1.32422,1.00895,-1.94565,1.10136,1.16858,2.20139,-0.000238187,-0.000513148,-0.000205806,-0.0006159,8.65993e-06,-0.000371753,0.000976417,0,0,0,0,0,0,0,-0.204456,26.7383,-24.7366,7.52262,0.830705,2.52523,0.0651953,-0.199159,2.15883,-3.09938,1.90403,0.182671,0.921379,0.0558151
1728760,0.99,-2.75261,-1.32534,1.01106,-1.94698,1.10108,1.16771,2.20138,-2.75266,-1.32422,1.00895,-1.94565,1.10136,1.16858,2.20139,-0.000158791,-0.000991713,-0.000137204,-0.0004106,-0.000197677,0.000226883,0.000176227,0,0,0,0,0,0,0,-0.204456,26.766,-24.7366,7.52262,0.836199,2.51242,0.0780126,-0.199071,2.15805,-3.09902,1.90471,0.182685,0.921384,0.0563152
1728761,0.99,-2.75261,-1.32534,1.01106,-1.94698,1.10108,1.16771,2.20138,-2.75266,-1.32422,1.00895,-1.94565,1.10136,1.16858,2.20139,-0.000755475,0.000545284,-0.000648281,0.000283078,7.16657e-05,0.000151255,-0.000357233,0,0,0,0,0,0,0,-0.176685,26.7144,-24.7128,7.49881,0.830705,2.51242,0.09083,-0.197764,2.15735,-3.09888,1.90599,0.182783,0.921385,0.0568595
1728762,0.99,-2.75261,-1.32534,1.01106,-1.94698,1.10108,1.16771,2.20138,-2.75266,-1.32422,1.00895,-1.94565,1.10136,1.16858,2.20139,0.000145964,-0.000193289,0.000124624,0.000838333,0.000251228,-0.000373881,-7.96584e-07,0,0,0,0,0,0,0,-0.204456,26.7383,-24.7366,7.47104,0.825212,2.52523,0.0844213,-0.195984,2.15613,-3.09828,1.90723,0.18288,0.921342,0.0574263
1728763,0.99,-2.75261,-1.32534,1.01106,-1.94698,1.10108,1.16772,2.20138,-2.75266,-1.32422,1.00895,-1.94565,1.10136,1.16858,2.20139,-0.000552305,-0.00012886,0.000732697,0.000558889,0.000167485,-1.18951e-05,0.000474187,0,0,0,0,0,0,0,-0.176685,26.7383,-24.7643,7.47104,0.825212,2.51882,0.071604,-0.194812,2.15547,-3.09822,1.90776,0.182918,0.921331,0.0580132
1728764,0.99,-2.75261,-1.32534,1.01106,-1.94698,1.10108,1.16772,2.20139,-2.75266,-1.32422,1.00895,-1.94565,1.10136,1.16858,2.20139,0.000281411,0.000470906,0.000488465,-0.000833833,0.000315107,0.000704147,0.0010282,0,0,0,0,0,0,0,-0.204456,26.7144,-24.7643,7.52262,0.819719,2.4996,0.0523779,-0.193796,2.15549,-3.09926,1.90816,0.182945,0.921411,0.0586113
1728765,0.99,-2.75261,-1.32534,1.01106,-1.94698,1.10108,1.16771,2.20138,-2.75266,-1.32422,1.00895,-1.94565,1.10136,1.16858,2.20139,-0.00101882,0.000313937,0.000325643,9.22955e-07,-0.000807181,-0.000242646,-0.000738686,0,0,0,0,0,0,0,-0.152882,26.7144,-24.7643,7.49881,0.847185,2.51882,0.09083,-0.191742,2.15484,-3.10055,1.90948,0.18303,0.921532,0.0591946
1728766,0.99,-2.75261,-1.32534,1.01105,-1.94699,1.10108,1.16771,2.20138,-2.75266,-1.32422,1.00895,-1.94565,1.10136,1.16858,2.20139,0.00108403,0.000209291,-0.00154614,-0.00111301,0.000275681,0.000312954,-1.77395e-05,0,0,0,0,0,0,0,-0.22826,26.7144,-24.689,7.54642,0.825212,2.50601,0.0780126,-0.189213,2.15308,-3.10078,1.91144,0.183161,0.921607,0.059741
1728767,0.99,-2.75261,-1.32534,1.01106,-1.94698,1.10108,1.16771,2.20139,-2.75266,-1.32422,1.00895,-1.94565,1.10136,1.16858,2.20139,-0.000483742,-0.000417284,0.00128929,0.00102123,-0.000426564,-2.87229e-05,0.00117497,0,0,0,0,0,0,0,-0.176685,26.7383,-24.7881,7.47104,0.841692,2.51242,0.0459692,-0.187961,2.15147,-3.10015,1.91282,0.18326,0.921637,0.0602547
1728768,0.99,-2.75261,-1.32534,1.01105,-1.94698,1.10108,1.16771,2.20139,-2.75266,-1.32422,1.00895,-1.94565,1.10136,1.16858,2.20139,0.000327119,0.000278622,-0.0003469,-0.000525604,0.000325976,-1.91486e-05,0.000308594,0,0,0,0,0,0,0,-0.204456,26.7144,-24.7366,7.52262,0.825212,2.51242,0.0587866,-0.187982,2.15117,-3.10028,1.91325,0.183304,0.921693,0.0607337
1728769,0.99,-2.75261,-1.32534,1.01105,-1.94698,1.10108,1.16771,2.20139,-2.75266,-1.32422,1.00895,-1.94565,1.10136,1.16858,2.20139,-0.000431535,-0.000371064,-0.000788079,-0.000350403,-0.000189584,0.000224593,0.000443089,0,0,0,0,0,0,0,-0.176685,26.7383,-24.7128,7.52262,0.836199,2.50601,0.0523779,-0.188019,2.15103,-3.10045,1.91362,0.183356,0.92173,0.0611543
1728770,0.99,-2.75261,-1.32534,1.01105,-1.94698,1.10108,1.16771,2.20139,-2.75266,-1.32422,1.00895,-1.94565,1.10136,1.16858,2.20139,0.000918736,-0.000247376,-0.000525386,0.00032321,7.70612e-05,0.000149729,0.000804019,0,0,0,0,0,0,0,-0.22826,26.7383,-24.7128,7.49881,0.830705,2.50601,0.038645,-0.188486,2.15069,-3.09968,1.91382,0.183411,0.921697,0.0614978
1728771,0.99,-2.75261,-1.32534,1.01105,-1.94698,1.10108,1.16772,2.20139,-2.75266,-1.32422,1.00895,-1.94565,1.10136,1.16858,2.20139,-0.000593935,0.00104151,-0.000350257,0.000865087,5.13741e-05,9.98192e-05,0.000264745,0,0,0,0,0,0,0,-0.176685,26.6867,-24.7128,7.47104,0.830705,2.50601,0.0459692,-0.189865,2.15037,-3.09831,1.9133,0.183409,0.921603,0.0617544
1728772,0.99,-2.75261,-1.32534,1.01105,-1.94698,1.10108,1.16771,2.20139,-2.75266,-1.32422,1.00895,-1.94565,1.10136,1.16858,2.20139,0.000253657,0.000694339,0.000323307,0.00113354,0.0002377,-0.000170813,0.000176497,0,0,0,0,0,0,0,-0.204456,26.6867,-24.7366,7.44724,0.825212,2.51242,0.0459692,-0.191181,2.14943,-3.09668,1.91244,0.183354,0.92146,0.0619181
1728773,0.99,-2.75261,-1.32534,1.01105,-1.94698,1.10108,1.16771,2.20139,-2.75266,-1.32422,1.00895,-1.94565,1.10136,1.16858,2.20139,0.000169105,-0.000743533,0.000215538,-0.00100755,-4.49839e-05,-0.000113875,0.00086365,0,0,0,0,0,0,0,-0.204456,26.7383,-24.7366,7.52262,0.830705,2.51242,0.0258276,-0.192284,2.1488,-3.09591,1.91158,0.183295,0.921359,0.0619897
1728774,0.99,-2.75261,-1.32534,1.01105,-1.94698,1.10108,1.16771,2.20139,-2.75266,-1.32422,1.00895,-1.94565,1.10136,1.16858,2.20139,-0.000536877,-0.000495689,-0.00041312,-0.000671698,-0.00043689,-7.59168e-05,0.000813125,0,0,0,0,0,0,0,-0.176685,26.7383,-24.7128,7.52262,0.841692,2.51242,0.0194189,-0.192743,2.14915,-3.0964,1.91145,0.183325,0.92135,0.0619682
1728775,0.99,-2.75261,-1.32534,1.01105,-1.94698,1.10108,1.16771,2.20139,-2.75266,-1.32422,1.00895,-1.94565,1.10136,1.16858,2.20139,-0.000357918,-0.000330459,-0.000275413,0.000109013,-8.78097e-05,0.000186748,-0.000441261,0,0,0,0,0,0,0,-0.176685,26.7383,-24.7128,7.49881,0.836199,2.50601,0.0459692,-0.19195,2.14964,-3.09722,1.91224,0.183459,0.921354,0.0618408
1728776,0.99,-2.75261,-1.32534,1.01105,-1.94698,1.10108,1.16771,2.20139,-2.75266,-1.32422,1.00895,-1.94565,1.10136,1.16858,2.20139,-0.000238612,-0.00086992,0.000373203,-0.000484136,-5.85398e-05,-0.00011286,-0.000294174,0,0,0,0,0,0,0,-0.176685,26.766,-24.7366,7.52262,0.836199,2.51242,0.0459692,-0.190754,2.15042,-3.09825,1.91318,0.183624,0.921356,0.0616067
1728777,0.99,-2.75261,-1.32534,1.01106,-1.94698,1.10108,1.16771,2.20139,-2.75266,-1.32422,1.00895,-1.94565,1.10136,1.16858,2.20139,0.000490539,0.000626479,0.00145523,0.000234054,0.000367875,-0.000549958,-0.000433475,0,0,0,0,0,0,0,-0.204456,26.7144,-24.7881,7.49881,0.825212,2.52523,0.0523779,-0.190064,2.15205,-3.10033,1.91378,0.183767,0.921438,0.0612957
1728778,0.99,-2.75261,-1.32534,1.01106,-1.94698,1.10108,1.16771,2.20139,-2.75266,-1.32422,1.00895,-1.94565,1.10136,1.16858,2.20139,0.000883838,-0.000139159,0.00041334,-0.000400776,4.17992e-05,-0.00012928,0.000219643,0,0,0,0,0,0,0,-0.22826,26.7383,-24.7643,7.52262,0.830705,2.51882,0.038645,-0.19061,2.15422,-3.10322,1.91381,0.183842,0.92162,0.0609437
1728779,0.99,-2.75261,-1.32534,1.01105,-1.94698,1.10108,1.16771,2.20138,-2.75266,-1.32422,1.00895,-1.94565,1.10136,1.16858,2.20139,-0.00182363,0.000464039,-0.00213729,0.000289628,0.000231317,0.000388531,-0.00107427,0,0,0,0,0,0,0,-0.125111,26.7144,-24.6612,7.49881,0.825212,2.50601,0.071604,-0.191031,2.15505,-3.10459,1.91393,0.183904,0.921721,0.0605697
1728780,0.99,-2.75261,-1.32534,1.01105,-1.94698,1.10108,1.16771,2.20138,-2.75266,-1.32422,1.00895,-1.94565,1.10136,1.16858,2.20139,-9.32505e-06,0.000309359,-0.000218435,0.000193085,-0.00025269,2.16619e-05,-0.000478824,0,0,0,0,0,0,0,-0.176685,26.7144,-24.7128,7.49881,0.836199,2.51242,0.0651953,-0.189501,2.15317,-3.10303,1.91492,0.184015,0.9216,0.0601921
1728781,0.99,-2.75261,-1.32534,1.01105,-1.94698,1.10108,1.16771,2.20139,-2.75266,-1.32422,1.00895,-1.94565,1.10136,1.16858,2.20139,-6.2167e-06,0.00020624,0.000411188,-0.000428088,0.000441892,1.44413e-05,-8.1857e-05,0,0,0,0,0,0,0,-0.176685,26.7144,-24.7366,7.52262,0.819719,2.51242,0.0587866,-0.187435,2.15054,-3.10076,1.91614,0.184128,0.921431,0.0598431
1728782,0.99,-2.75261,-1.32534,1.01105,-1.94698,1.10108,1.16772,2.20139,-2.75266,-1.32422,1.00895,-1.94565,1.10136,1.16858,2.20139,-4.14447e-06,0.00134392,-0.000839498,0.00027142,-0.000112307,9.62753e-06,-5.45714e-05,0,0,0,0,0,0,0,-0.176685,26.6629,-24.689,7.49881,0.830705,2.51242,0.0587866,-0.185949,2.14813,-3.09887,1.91718,0.184204,0.921321,0.0595452
1728783,0.99,-2.75261,-1.32534,1.01105,-1.94698,1.10108,1.16771,2.20138,-2.75266,-1.32422,1.00895,-1.94565,1.10136,1.16858,2.20139,0.000646851,-0.00031048,0.000553958,0.000180946,-7.48711e-05,6.41835e-06,-0.000748458,0,0,0,0,0,0,0,-0.204456,26.7144,-24.7366,7.49881,0.830705,2.51242,0.0780126,-0.18539,2.14587,-3.09694,1.91773,0.184219,0.921234,0.0592973
1728784,0.99,-2.75261,-1.32534,1.01106,-1.94698,1.10108,1.16771,2.20138,-2.75266,-1.32422,1.00895,-1.94565,1.10136,1.16858,2.20139,-0.00021838,-0.000206987,0.00101892,0.000770245,-4.99141e-05,-0.00023308,-0.000736331,0,0,0,0,0,0,0,-0.176685,26.7144,-24.7643,7.47104,0.830705,2.51882,0.0844213,-0.186429,2.14564,-3.09658,1.91716,0.184154,0.921248,0.0590999
1728785,0.99,-2.75261,-1.32534,1.01105,-1.94698,1.10108,1.16771,2.20138,-2.75266,-1.32422,1.00895,-1.94565,1.10136,1.16858,2.20139,0.000504027,-0.000137991,-0.00108396,-0.000692929,-3.3276e-05,0.000319331,0.00022119,0,0,0,0,0,0,0,-0.204456,26.7144,-24.689,7.52262,0.830705,2.50601,0.0651953,-0.188254,2.14711,-3.09758,1.916,0.184062,0.921344,0.0589698
1728786,0.99,-2.75261,-1.32534,1.01105,-1.94698,1.10108,1.16771,2.20138,-2.75266,-1.32422,1.00895,-1.94565,1.10136,1.16858,2.20139,-0.000313596,-0.000648806,-0.000165827,0.000744473,-2.2184e-05,0.000450246,-0.000564617,0,0,0,0,0,0,0,-0.176685,26.7383,-24.7128,7.47104,0.830705,2.4996,0.0844213,-0.190076,2.14856,-3.098,1.91487,0.183991,0.921395,0.0589156
1728787,0.99,-2.75261,-1.32534,1.01105,-1.94698,1.10108,1.16771,2.20138,-2.75266,-1.32422,1.00895,-1.94565,1.10136,1.16858,2.20139,0.00044055,-0.000432537,-0.000667363,0.00105313,-0.00021824,-0.000174554,-0.00061377,0,0,0,0,0,0,0,-0.204456,26.7383,-24.689,7.44724,0.836199,2.51242,0.09083,-0.192379,2.15031,-3.09788,1.91321,0.183897,0.921377,0.0589312
1728788,0.99,-2.75261,-1.32534,1.01105,-1.94698,1.10108,1.16771,2.20138,-2.75266,-1.32422,1.00895,-1.94565,1.10136,1.16858,2.20139,-0.000912726,0.000268454,-0.000444909,0.000145273,5.79573e-05,0.00012099,-0.00040918,0,0,0,0,0,0,0,-0.152882,26.7144,-24.689,7.47104,0.830705,2.50601,0.09083,-0.194555,2.15189,-3.09736,1.9113,0.183791,0.921298,0.059023
1728789,0.99,-2.75261,-1.32534,1.01105,-1.94698,1.10108,1.16772,2.20138,-2.75266,-1.32422,1.00895,-1.94565,1.10136,1.16858,2.20139,-5.16719e-05,0.000828583,-0.000296606,9.68486e-05,0.000682898,-0.000156699,-3.54279e-05,0,0,0,0,0,0,0,-0.176685,26.6867,-24.689,7.47104,0.81331,2.51242,0.0844213,-0.194817,2.15171,-3.0961,1.91051,0.183759,0.921164,0.0592066
1728790,0.99,-2.75261,-1.32534,1.01106,-1.94698,1.10108,1.16771,2.20139,-2.75266,-1.32422,1.00895,-1.94565,1.10136,1.16858,2.20139,-3.4448e-05,-0.000654037,0.0015655,-0.000585048,1.4456e-05,-0.000104466,0.0016718,0,0,0,0,0,0,0,-0.176685,26.7383,-24.7643,7.49881,0.825212,2.51242,0.038645,-0.193589,2.15085,-3.09551,1.91081,0.183797,0.92109,0.0594806
1728791,0.99,-2.75261,-1.32534,1.01105,-1.94698,1.10108,1.16771,2.20138,-2.75266,-1.32422,1.00895,-1.94565,1.10136,1.16858,2.20139,-2.29653e-05,0.000120787,0.000394053,-0.000946844,9.63732e-06,0.000167715,-0.000580886,0,0,0,0,0,0,0,-0.176685,26.7144,-24.7366,7.52262,0.825212,2.50601,0.0844213,-0.191935,2.15106,-3.09696,1.9117,0.183877,0.921176,0.0598095
1728792,0.99,-2.75261,-1.32534,1.01105,-1.94698,1.10108,1.16771,2.20138,-2.75266,-1.32422,1.00895,-1.94565,1.10136,1.16858,2.20139,-1.53102e-05,8.05248e-05,-0.000850922,-0.000631229,-0.000603927,-0.000362908,-0.000387257,0,0,0,0,0,0,0,-0.176685,26.7144,-24.689,7.52262,0.841692,2.51882,0.0844213,-0.189839,2.15118,-3.09864,1.91323,0.183997,0.921301,0.0601482
1728793,0.99,-2.75261,-1.32534,1.01105,-1.94698,1.10108,1.16771,2.20139,-2.75266,-1.32422,1.00895,-1.94565,1.10136,1.16858,2.20139,-1.02068e-05,-0.000503129,-1.04693e-05,0.000785606,0.000207734,-4.57968e-06,0.000928623,0,0,0,0,0,0,0,-0.176685,26.7383,-24.7128,7.47104,0.825212,2.51242,0.0523779,-0.188204,2.15075,-3.09897,1.91449,0.18409,0.921341,0.0604868
1728794,0.99,-2.75261,-1.32534,1.01106,-1.94698,1.10108,1.16771,2.20139,-2.75266,-1.32422,1.00895,-1.94565,1.10136,1.16858,2.20139,0.000642809,0.000221393,0.00175626,-0.000682688,-0.000268412,-3.05312e-06,0.00136507,0,0,0,0,0,0,0,-0.204456,26.7144,-24.7881,7.52262,0.836199,2.51242,0.0322363,-0.187945,2.15131,-3.09964,1.9147,0.184103,0.921396,0.060825
1728795,0.99,-2.75261,-1.32534,1.01106,-1.94698,1.10108,1.16771,2.20138,-2.75266,-1.32422,1.00895,-1.94565,1.10136,1.16858,2.20139,-0.000221074,0.000147595,-3.5587e-05,0.000101686,-0.000178941,0.000472682,-0.000548017,0,0,0,0,0,0,0,-0.176685,26.7144,-24.7366,7.49881,0.836199,2.4996,0.071604,-0.188254,2.15263,-3.1014,1.91456,0.184086,0.921527,0.0611316
1728796,0.99,-2.75261,-1.32534,1.01105,-1.94698,1.10108,1.16771,2.20138,-2.75266,-1.32422,1.00895,-1.94565,1.10136,1.16858,2.20139,-0.000147383,9.83968e-05,-0.000580537,0.000717405,0.000287607,-0.000159596,-0.000127986,0,0,0,0,0,0,0,-0.176685,26.7144,-24.7128,7.47104,0.825212,2.51242,0.0651953,-0.188361,2.15327,-3.10245,1.91439,0.184066,0.921592,0.0613753
1728797,0.99,-2.75261,-1.32534,1.01105,-1.94698,1.10108,1.16771,2.20139,-2.75266,-1.32422,1.00895,-1.94565,1.10136,1.16858,2.20139,0.000551359,-0.000491214,-0.000943836,0.00047827,0.000395188,-0.000106397,0.000626753,0,0,0,0,0,0,0,-0.204456,26.7383,-24.689,7.47104,0.819719,2.51242,0.0459692,-0.189171,2.1533,-3.10174,1.91349,0.183997,0.921509,0.0615612
1728798,0.99,-2.75261,-1.32534,1.01105,-1.94698,1.10108,1.16771,2.20139,-2.75266,-1.32422,1.00895,-1.94565,1.10136,1.16858,2.20139,0.0014812,0.000229336,-0.000629224,0.000318847,-0.000143442,0.000166427,0.000180476,0,0,0,0,0,0,0,-0.252064,26.7144,-24.689,7.47104,0.830705,2.50601,0.0523779,-0.191995,2.15354,-3.09971,1.9114,0.183839,0.921352,0.0616988
1728799,0.99,-2.75261,-1.32534,1.01106,-1.94698,1.10108,1.16771,2.20139,-2.75266,-1.32422,1.00895,-1.94565,1.10136,1.16858,2.20139,-0.000775774,-0.000403921,0.00134376,-0.00043705,-9.56281e-05,-0.000126407,0.000628944,0,0,0,0,0,0,0,-0.176685,26.7383,-24.7643,7.49881,0.830705,2.51242,0.038645,-0.19541,2.15422,-3.09804,1.90916,0.183667,0.921237,0.0617862
1728800,0.99,-2.75261,-1.32534,1.01105,-1.94698,1.10108,1.16771,2.20139,-2.75266,-1.32422,1.00895,-1.94565,1.10136,1.16858,2.20139,-0.000517182,0.000287531,-0.000867401,-0.000848178,-6.3752e-05,0.000390446,0.000894014,0,0,0,0,0,0,0,-0.176685,26.7144,-24.689,7.52262,0.830705,2.4996,0.0258276,-0.196061,2.15441,-3.09764,1.9087,0.183636,0.921189,0.0618201
1728801,0.99,-2.75261,-1.32534,1.01106,-1.94698,1.10108,1.16771,2.20139,-2.75266,-1.32422,1.00895,-1.94565,1.10136,1.16858,2.20139,-0.000344788,0.000841301,0.00118497,0.000640974,-0.000245952,2.29386e-05,0.00035865,0,0,0,0,0,0,0,-0.176685,26.6867,-24.7643,7.47104,0.836199,2.50601,0.0322363,-0.193804,2.15318,-3.09747,1.91,0.183732,0.921125,0.0617852
1728802,0.99,-2.75261,-1.32534,1.01105,-1.94698,1.10108,1.16771,2.20139,-2.75266,-1.32422,1.00895,-1.94565,1.10136,1.16858,2.20139,-0.000229859,-0.000645558,-0.000973258,-0.000222298,0.000242933,-0.000222067,-0.000269526,0,0,0,0,0,0,0,-0.176685,26.7383,-24.689,7.49881,0.825212,2.51242,0.0459692,-0.191012,2.15148,-3.09722,1.91147,0.183833,0.921031,0.0616613
1728803,0.99,-2.75261,-1.32534,1.01105,-1.94698,1.10108,1.16771,2.20139,-2.75266,-1.32422,1.00895,-1.94565,1.10136,1.16858,2.20139,-0.000710051,0.000776054,0.000464786,-0.000148199,0.000602765,-0.000148044,-0.000179684,0,0,0,0,0,0,0,-0.152882,26.6867,-24.7366,7.49881,0.81331,2.51242,0.0459692,-0.188295,2.14986,-3.09684,1.9128,0.183927,0.920915,0.0614507
1728804,0.99,-2.75261,-1.32534,1.01105,-1.94698,1.10108,1.16771,2.20139,-2.75266,-1.32422,1.00895,-1.94565,1.10136,1.16858,2.20139,8.34445e-05,-0.000689057,-0.000246955,0.000550815,-0.000242417,0.000138663,0.000626196,0,0,0,0,0,0,0,-0.176685,26.7383,-24.7128,7.47104,0.830705,2.50601,0.0258276,-0.185778,2.14841,-3.09643,1.91394,0.184002,0.920793,0.0611751
1728805,0.99,-2.75261,-1.32534,1.01105,-1.94698,1.10108,1.16771,2.20139,-2.75266,-1.32422,1.00895,-1.94565,1.10136,1.16858,2.20139,5.56297e-05,9.74408e-05,-0.000721449,0.000924022,-0.000365062,-0.000144917,-0.000328521,0,0,0,0,0,0,0,-0.176685,26.7144,-24.689,7.44724,0.836199,2.51242,0.0459692,-0.184924,2.14796,-3.09596,1.91387,0.18398,0.920661,0.0608442
1728806,0.99,-2.75261,-1.32534,1.01105,-1.94698,1.10108,1.16771,2.20139,-2.75266,-1.32422,1.00895,-1.94565,1.10136,1.16858,2.20139,0.0006867,-0.00114147,-0.00113058,5.92026e-05,0.000604336,0.000140748,-0.000219014,0,0,0,0,0,0,0,-0.204456,26.766,-24.6612,7.47104,0.81331,2.50601,0.0459692,-0.186398,2.1485,-3.09474,1.91229,0.183851,0.920493,0.0604601
1728807,0.99,-2.75261,-1.32534,1.01105,-1.94698,1.10108,1.16772,2.20139,-2.75266,-1.32422,1.00895,-1.94565,1.10136,1.16858,2.20139,0.0004578,-0.000111363,0.00100952,-0.000610146,-0.00044482,0.00056855,-0.000146009,0,0,0,0,0,0,0,-0.204456,26.7383,-24.7366,7.49881,0.836199,2.49319,0.0459692,-0.189211,2.15001,-3.09369,1.91014,0.183691,0.92037,0.0600422
1728808,0.99,-2.75261,-1.32534,1.01105,-1.94698,1.10108,1.16771,2.20139,-2.75266,-1.32422,1.00895,-1.94565,1.10136,1.16858,2.20139,-0.000344414,0.00113218,0.0001162,-0.000406764,-9.3096e-05,0.000141674,0.000648646,0,0,0,0,0,0,0,-0.176685,26.6867,-24.7128,7.49881,0.830705,2.4996,0.0258276,-0.190963,2.15125,-3.09358,1.90901,0.183597,0.920334,0.0596171
1728809,0.99,-2.75261,-1.32534,1.01105,-1.94698,1.10108,1.16771,2.20139,-2.75266,-1.32422,1.00895,-1.94565,1.10136,1.16858,2.20139,0.000420005,0.0013116,7.74667e-05,0.000378438,-6.2064e-05,-0.00014291,0.000195071,0,0,0,0,0,0,0,-0.204456,26.6629,-24.7128,7.47104,0.830705,2.50601,0.0322363,-0.19061,2.15038,-3.0932,1.90933,0.183574,0.920281,0.0591921
1728810,0.99,-2.75261,-1.32534,1.01105,-1.94698,1.10108,1.16771,2.20139,-2.75266,-1.32422,1.00895,-1.94565,1.10136,1.16858,2.20139,-0.000369611,0.000317589,-0.000505167,0.000252292,-4.1376e-05,-9.5273e-05,-0.000378579,0,0,0,0,0,0,0,-0.176685,26.6867,-24.689,7.47104,0.830705,2.50601,0.0459692,-0.189506,2.14794,-3.09182,1.91,0.183555,0.920143,0.0587517
1728811,0.99,-2.75261,-1.32534,1.01105,-1.94698,1.10108,1.16772,2.20139,-2.75266,-1.32422,1.00895,-1.94565,1.10136,1.16858,2.20139,-0.000246407,-0.0009947,-0.000336778,0.000168195,-0.000231035,0.000411203,1.88816e-05,0,0,0,0,0,0,0,-0.176685,26.7383,-24.689,7.47104,0.836199,2.49319,0.038645,-0.188518,2.1459,-3.09031,1.91032,0.183536,0.919951,0.0582881
1728812,0.99,-2.75261,-1.32534,1.01105,-1.94698,1.10108,1.16771,2.20139,-2.75266,-1.32422,1.00895,-1.94565,1.10136,1.16858,2.20139,0.000485342,-0.000663133,0.000332293,0.000668942,0.000456329,-0.000675301,-0.000733398,0,0,0,0,0,0,0,-0.204456,26.7383,-24.7128,7.44724,0.819719,2.51882,0.0587866,-0.188613,2.14599,-3.08985,1.90969,0.183498,0.919785,0.0578111
1728813,0.99,-2.75261,-1.32534,1.01105,-1.94698,1.10108,1.16771,2.20139,-2.75266,-1.32422,1.00895,-1.94565,1.10136,1.16858,2.20139,-0.000326052,0.000114723,0.000221529,-0.000110851,0.000541578,2.45174e-05,0.000731771,0,0,0,0,0,0,0,-0.176685,26.7144,-24.7128,7.47104,0.81331,2.50601,0.0258276,-0.189807,2.14779,-3.0906,1.90827,0.183424,0.919687,0.0573416
1728814,0.99,-2.75261,-1.32534,1.01105,-1.94698,1.10108,1.16771,2.20138,-2.75266,-1.32422,1.00895,-1.94565,1.10136,1.16858,2.20139,0.000432246,7.6482e-05,-0.000409126,-7.39005e-05,-7.97575e-05,-0.000221014,-0.00168229,0,0,0,0,0,0,0,-0.204456,26.7144,-24.689,7.47104,0.825212,2.51242,0.0844213,-0.190695,2.14926,-3.09135,1.90713,0.183357,0.919611,0.0568931
1728815,0.99,-2.75261,-1.32534,1.01105,-1.94698,1.10108,1.16771,2.20138,-2.75266,-1.32422,1.00895,-1.94565,1.10136,1.16858,2.20139,0.000844976,5.0988e-05,0.000284061,0.000507545,-5.31717e-05,0.000327375,-0.000409451,0,0,0,0,0,0,0,-0.22826,26.7144,-24.7128,7.44724,0.825212,2.4996,0.0651953,-0.191854,2.15015,-3.09148,1.90602,0.183267,0.919532,0.0564743
1728816,0.99,-2.75261,-1.32534,1.01105,-1.94698,1.10108,1.16771,2.20138,-2.75266,-1.32422,1.00895,-1.94565,1.10136,1.16858,2.20139,-0.000643109,-0.00052282,0.000189374,-0.000868063,-3.54478e-05,-1.91088e-05,-0.000510326,0,0,0,0,0,0,0,-0.176685,26.7383,-24.7128,7.49881,0.825212,2.50601,0.071604,-0.193227,2.15112,-3.0917,1.90489,0.183161,0.919479,0.0561153
1728817,0.99,-2.75261,-1.32534,1.01105,-1.94698,1.10108,1.16771,2.20138,-2.75266,-1.32422,1.00895,-1.94565,1.10136,1.16858,2.20139,0.000220875,0.000208265,-0.000430563,7.09055e-05,-0.000227082,0.00022462,-0.00152701,0,0,0,0,0,0,0,-0.204456,26.7144,-24.689,7.47104,0.830705,2.4996,0.103647,-0.193273,2.15165,-3.09203,1.90463,0.183121,0.919425,0.0558428
1728818,0.99,-2.75261,-1.32534,1.01105,-1.94698,1.10108,1.16771,2.20138,-2.75266,-1.32422,1.00895,-1.94565,1.10136,1.16858,2.20139,-0.00105918,-0.00106758,-0.000287042,4.72704e-05,-0.000151388,-0.000324971,-6.85723e-05,0,0,0,0,0,0,0,-0.152882,26.766,-24.689,7.47104,0.830705,2.51242,0.0780126,-0.192185,2.15161,-3.09194,1.90497,0.183129,0.919322,0.0556745
1728819,0.99,-2.75261,-1.32534,1.01105,-1.94698,1.10108,1.16772,2.20138,-2.75266,-1.32422,1.00895,-1.94565,1.10136,1.16858,2.20139,-0.000149305,-6.21076e-05,0.000365451,-0.0006181,0.000102525,0.000495429,-0.000283074,0,0,0,0,0,0,0,-0.176685,26.7383,-24.7128,7.49881,0.825212,2.49319,0.0844213,-0.190292,2.15163,-3.09198,1.90561,0.183173,0.919197,0.0556311
1728820,0.99,-2.75261,-1.32534,1.01105,-1.94698,1.10108,1.16771,2.20138,-2.75266,-1.32422,1.00895,-1.94565,1.10136,1.16858,2.20139,0.000550077,0.00116502,-0.000313178,0.000794359,-0.000135101,-0.00061915,-0.000188716,0,0,0,0,0,0,0,-0.204456,26.6867,-24.689,7.44724,0.830705,2.51882,0.0844213,-0.188409,2.15125,-3.09184,1.90628,0.183207,0.919072,0.0557128
1728821,0.99,-2.75261,-1.32534,1.01105,-1.94698,1.10108,1.16771,2.20138,-2.75266,-1.32422,1.00895,-1.94565,1.10136,1.16858,2.20139,-0.000839708,-0.00107936,-0.000208785,-0.000676853,-9.0067e-05,6.19515e-05,0.000348907,0,0,0,0,0,0,0,-0.152882,26.766,-24.689,7.49881,0.830705,2.50601,0.071604,-0.187187,2.15028,-3.09097,1.90661,0.183198,0.918923,0.0559031
1728822,0.99,-2.75261,-1.32534,1.01105,-1.94698,1.10108,1.16771,2.20138,-2.75266,-1.32422,1.00895,-1.94565,1.10136,1.16858,2.20139,-2.99331e-06,-6.99589e-05,-0.000788804,-0.000451235,0.000143406,4.1301e-05,0.000232605,0,0,0,0,0,0,0,-0.176685,26.7383,-24.6612,7.49881,0.825212,2.50601,0.071604,-0.185763,2.14937,-3.08985,1.90711,0.183221,0.918763,0.0561801
1728823,0.99,-2.75261,-1.32534,1.01105,-1.94698,1.10108,1.16772,2.20139,-2.75266,-1.32422,1.00895,-1.94565,1.10136,1.16858,2.20139,-1.99554e-06,0.000510173,-0.000525869,0.00547082,-0.000514748,2.7534e-05,0.00110451,0,0,0,0,0,0,0,-0.176685,26.7144,-24.6612,7.52262,0.841692,2.50601,0.0459692,-0.185924,2.1491,-3.0881,1.90605,0.183133,0.918533,0.0565103
1728824,0.99,-2.75261,-1.32534,1.01105,-1.94698,1.10108,1.16772,2.20138,-2.75266,-1.32422,1.00895,-1.94565,1.10136,1.16858,2.20139,-0.000558142,0.000989729,-0.00035058,0.00538101,6.37359e-05,0.000255715,-0.000450458,0,0,0,0,0,0,0,-0.152882,26.6867,-24.6612,7.47104,0.830705,2.4996,0.0780126,-0.190137,2.15006,-3.08533,1.90076,0.182694,0.918146,0.0568531
1728825,0.99,-2.75261,-1.32534,1.01105,-1.94698,1.10108,1.16771,2.20139,-2.75266,-1.32422,1.00895,-1.94565,1.10136,1.16858,2.20139,-0.00102171,0.000659819,0.000972706,0.00333325,0.000245941,-6.68823e-05,0.000411772,0,0,0,0,0,0,0,-0.125111,26.6867,-24.7128,7.49881,0.825212,2.50601,0.0587866,-0.196035,2.15179,-3.08272,1.89306,0.182048,0.917687,0.0571855
1728826,0.99,-2.75261,-1.32534,1.01105,-1.94698,1.10108,1.16771,2.20139,-2.75266,-1.32422,1.00895,-1.94565,1.10136,1.16858,2.20139,0.0011749,-0.000766546,0.000648471,0.00316843,-3.94898e-05,-4.45882e-05,0.0010205,0,0,0,0,0,0,0,-0.204456,26.7383,-24.7128,7.47104,0.830705,2.50601,0.038645,-0.201821,2.15464,-3.08192,1.88551,0.181425,0.917354,0.0575049
1728827,0.99,-2.75261,-1.32534,1.01105,-1.94698,1.10108,1.16771,2.20139,-2.75266,-1.32422,1.00895,-1.94565,1.10136,1.16858,2.20139,0.000133653,-0.000511031,-0.000774112,0.00233477,0.000380575,-2.97255e-05,0.00115505,0,0,0,0,0,0,0,-0.176685,26.7383,-24.6612,7.47104,0.819719,2.50601,0.0258276,-0.20864,2.15925,-3.08253,1.87827,0.180862,0.917182,0.0577912
1728828,0.99,-2.75261,-1.32534,1.01105,-1.94699,1.10108,1.16771,2.20139,-2.75266,-1.32422,1.00895,-1.94565,1.10136,1.16858,2.20139,-0.00046771,0.000216125,-0.000516075,0.000516951,-0.000153185,-1.9817e-05,0.000770034,0,0,0,0,0,0,0,-0.152882,26.7144,-24.6612,7.52262,0.830705,2.50601,0.0258276,-0.214161,2.16306,-3.08255,1.87301,0.180476,0.917048,0.0580101
1728829,0.99,-2.75261,-1.32534,1.01105,-1.94698,1.10108,1.16771,2.20139,-2.75266,-1.32422,1.00895,-1.94565,1.10136,1.16858,2.20139,0.000245005,0.000144083,0.000305564,0.00223302,-0.000102123,-1.32113e-05,-0.000469988,0,0,0,0,0,0,0,-0.176685,26.7144,-24.689,7.44724,0.830705,2.50601,0.0523779,-0.216275,2.1645,-3.08176,1.87092,0.180331,0.916926,0.0581333
1728830,0.99,-2.75261,-1.32534,1.01105,-1.94698,1.10108,1.16771,2.20139,-2.75266,-1.32422,1.00895,-1.94565,1.10136,1.16858,2.20139,-0.000393475,9.60554e-05,-0.000445905,0.000376115,-0.000271533,-8.80755e-06,0.000670019,0,0,0,0,0,0,0,-0.152882,26.7144,-24.6612,7.49881,0.836199,2.50601,0.0258276,-0.216154,2.16453,-3.0809,1.87091,0.180338,0.91685,0.0581535
1728831,0.99,-2.75261,-1.32534,1.01105,-1.94698,1.10108,1.16772,2.20139,-2.75266,-1.32422,1.00895,-1.94565,1.10136,1.16858,2.20139,0.000294495,-0.000492775,0.000352344,0.000321139,-0.000181022,0.000468846,-0.000299306,0,0,0,0,0,0,0,-0.176685,26.7383,-24.689,7.49881,0.836199,2.49319,0.0459692,-0.214343,2.16384,-3.08025,1.87259,0.180486,0.916829,0.0580836
1728832,0.99,-2.75261,-1.32534,1.01105,-1.94698,1.10108,1.16771,2.20139,-2.75266,-1.32422,1.00895,-1.94565,1.10136,1.16858,2.20139,0.000845944,0.00143472,0.000234896,0.000916503,0.00028622,-0.000399513,0.000546448,0,0,0,0,0,0,0,-0.204456,26.6629,-24.689,7.47104,0.825212,2.51242,0.0258276,-0.21189,2.16268,-3.07982,1.87527,0.180719,0.91687,0.0579358
1728833,0.99,-2.75261,-1.32534,1.01105,-1.94698,1.10108,1.16771,2.20139,-2.75266,-1.32422,1.00895,-1.94565,1.10136,1.16858,2.20139,-8.56512e-05,-0.000806757,-0.00104983,0.00120741,0.000394264,-2.89829e-05,-0.000381687,0,0,0,0,0,0,0,-0.176685,26.7383,-24.6374,7.44724,0.819719,2.50601,0.0459692,-0.21001,2.16108,-3.0789,1.87779,0.18093,0.916902,0.0577184
1728834,0.99,-2.75261,-1.32534,1.01105,-1.94698,1.10108,1.16771,2.20139,-2.75266,-1.32422,1.00895,-1.94565,1.10136,1.16858,2.20139,0.000592513,-0.000537838,0.00106335,-0.000371787,-0.000144059,-1.93219e-05,0.000254169,0,0,0,0,0,0,0,-0.204456,26.7383,-24.7128,7.49881,0.830705,2.50601,0.0322363,-0.208572,2.16006,-3.07806,1.87999,0.181131,0.916934,0.0574391
1728835,0.99,-2.75261,-1.32534,1.01105,-1.94698,1.10108,1.16771,2.20139,-2.75266,-1.32422,1.00895,-1.94565,1.10136,1.16858,2.20139,-0.000811417,0.000198253,0.000708901,-0.000225584,0.000107412,-0.00025024,-6.79133e-05,0,0,0,0,0,0,0,-0.152882,26.7144,-24.7128,7.49881,0.825212,2.51242,0.038645,-0.206126,2.15987,-3.07877,1.8829,0.1814,0.917063,0.0571151
1728836,0.99,-2.75261,-1.32534,1.01105,-1.94698,1.10108,1.16771,2.20139,-2.75266,-1.32422,1.00895,-1.94565,1.10136,1.16858,2.20139,0.00122229,0.000132169,-8.4211e-05,0.00051593,7.16077e-05,7.05321e-05,-0.000316543,0,0,0,0,0,0,0,-0.22826,26.7144,-24.689,7.47104,0.825212,2.50601,0.0459692,-0.202626,2.15937,-3.0801,1.88652,0.181709,0.917238,0.0567593
1728837,0.99,-2.75261,-1.32534,1.01105,-1.94698,1.10108,1.16772,2.20139,-2.75266,-1.32422,1.00895,-1.94565,1.10136,1.16858,2.20139,-0.000948376,8.81126e-05,-5.61406e-05,0.000356482,-0.000155712,4.70214e-05,6.02388e-05,0,0,0,0,0,0,0,-0.152882,26.7144,-24.689,7.47104,0.830705,2.50601,0.038645,-0.199449,2.15829,-3.08059,1.88977,0.181969,0.917354,0.0563789
1728838,0.99,-2.75261,-1.32534,1.01105,-1.94698,1.10108,1.16771,2.20138,-2.75266,-1.32422,1.00895,-1.94565,1.10136,1.16858,2.20139,-0.000632251,-0.00114768,-0.000687041,0.000247051,9.96425e-05,3.13476e-05,-0.00189262,0,0,0,0,0,0,0,-0.152882,26.766,-24.6612,7.47104,0.825212,2.50601,0.09083,-0.195822,2.15685,-3.08033,1.89286,0.182218,0.917379,0.0559872
1728839,0.99,-2.75261,-1.32534,1.01105,-1.94698,1.10108,1.16771,2.20139,-2.75266,-1.32422,1.00895,-1.94565,1.10136,1.16858,2.20139,0.000784926,0.000441303,0.000748399,0.00072856,-0.000137022,2.08984e-05,0.000162406,0,0,0,0,0,0,0,-0.204456,26.7144,-24.7128,7.44724,0.830705,2.50601,0.0523779,-0.192337,2.15582,-3.07997,1.89547,0.182439,0.917365,0.055613
1728840,0.99,-2.75261,-1.32534,1.01105,-1.94698,1.10108,1.16772,2.20139,-2.75266,-1.32422,1.00895,-1.94565,1.10136,1.16858,2.20139,-0.00012633,-0.00026261,0.000498932,-6.58194e-05,0.000315553,1.39323e-05,0.000108271,0,0,0,0,0,0,0,-0.176685,26.7383,-24.7128,7.47104,0.819719,2.50601,0.0523779,-0.190268,2.15555,-3.08008,1.89712,0.182576,0.917394,0.0552968
1728841,0.99,-2.75261,-1.32534,1.01105,-1.94698,1.10108,1.16771,2.20139,-2.75266,-1.32422,1.00895,-1.94565,1.10136,1.16858,2.20139,-8.42202e-05,-0.000175073,-0.00022419,0.000516897,6.91808e-06,9.28818e-06,7.21807e-05,0,0,0,0,0,0,0,-0.176685,26.7383,-24.689,7.44724,0.825212,2.50601,0.0523779,-0.188662,2.15549,-3.08046,1.89841,0.182674,0.917444,0.0550468
1728842,0.99,-2.75261,-1.32534,1.01105,-1.94698,1.10108,1.16771,2.20138,-2.75266,-1.32422,1.00895,-1.94565,1.10136,1.16858,2.20139,-5.61468e-05,0.00108971,-0.000799074,-0.000858855,-0.000198838,6.19212e-06,-0.000901315,0,0,0,0,0,0,0,-0.176685,26.6867,-24.6612,7.49881,0.830705,2.50601,0.0780126,-0.186464,2.15423,-3.07972,1.90005,0.182787,0.917422,0.0548479
1728843,0.99,-2.75261,-1.32534,1.01105,-1.94698,1.10108,1.16771,2.20139,-2.75266,-1.32422,1.00895,-1.94565,1.10136,1.16858,2.20139,0.000612183,7.68597e-05,-0.00108953,-0.00057034,-0.000742911,-0.000233231,0.0001112,0,0,0,0,0,0,0,-0.204456,26.7144,-24.6374,7.49881,0.847185,2.51242,0.0587866,-0.183648,2.1509,-3.07695,1.90241,0.182939,0.917301,0.0546998
1728844,0.99,-2.75261,-1.32534,1.01105,-1.94698,1.10108,1.16771,2.20139,-2.75266,-1.32422,1.00895,-1.94565,1.10136,1.16858,2.20139,-0.000241492,-0.000505572,-0.000726352,0.00027106,0.000318528,8.18717e-05,7.41333e-05,0,0,0,0,0,0,0,-0.176685,26.7383,-24.6374,7.47104,0.825212,2.50601,0.0587866,-0.181371,2.14723,-3.07316,1.9046,0.183092,0.917134,0.0546075
1728845,0.99,-2.75261,-1.32534,1.01105,-1.94698,1.10108,1.16771,2.20138,-2.75266,-1.32422,1.00895,-1.94565,1.10136,1.16858,2.20139,0.000488619,0.000219764,0.000722191,-0.000467653,0.000212352,5.45811e-05,-0.000187937,0,0,0,0,0,0,0,-0.204456,26.7144,-24.689,7.49881,0.825212,2.50601,0.0651953,-0.180078,2.14497,-3.07023,1.90595,0.183209,0.917011,0.054566
1728846,0.99,-2.75261,-1.32534,1.01105,-1.94698,1.10108,1.16771,2.20138,-2.75266,-1.32422,1.00895,-1.94565,1.10136,1.16858,2.20139,-0.000323868,-0.000410303,-0.000724965,0.000338786,0.000345019,3.63874e-05,-0.000600009,0,0,0,0,0,0,0,-0.176685,26.7383,-24.6374,7.47104,0.819719,2.50601,0.0780126,-0.179275,2.14402,-3.06869,1.90678,0.183295,0.916967,0.0545675
1728847,0.99,-2.75261,-1.32534,1.01105,-1.94698,1.10108,1.16771,2.20138,-2.75266,-1.32422,1.00895,-1.94565,1.10136,1.16858,2.20139,-0.000772724,-0.000273535,0.000723116,-0.000423051,-0.000176889,0.000261617,-0.000637365,0,0,0,0,0,0,0,-0.152882,26.7383,-24.689,7.49881,0.830705,2.4996,0.0844213,-0.178065,2.14375,-3.06809,1.90757,0.18338,0.916956,0.0546137
1728848,0.99,-2.75261,-1.32534,1.01105,-1.94698,1.10108,1.16771,2.20138,-2.75266,-1.32422,1.00895,-1.94565,1.10136,1.16858,2.20139,4.16627e-05,0.000374455,0.00103889,-0.000281505,0.000288975,0.000174411,4.98079e-05,0,0,0,0,0,0,0,-0.176685,26.7144,-24.7128,7.49881,0.819719,2.4996,0.071604,-0.175836,2.14392,-3.06876,1.90879,0.183489,0.916998,0.0547205
1728849,0.99,-2.75261,-1.32534,1.01105,-1.94698,1.10108,1.16771,2.20138,-2.75266,-1.32422,1.00895,-1.94565,1.10136,1.16858,2.20139,-0.000529037,0.000249637,-0.000513833,0.00101915,-1.08003e-05,0.000116274,-0.000204154,0,0,0,0,0,0,0,-0.152882,26.7144,-24.6612,7.44724,0.825212,2.4996,0.0780126,-0.173518,2.14412,-3.06993,1.90993,0.183565,0.917055,0.0548953
1728850,0.99,-2.75261,-1.32534,1.01105,-1.94698,1.10108,1.16772,2.20138,-2.75266,-1.32422,1.00895,-1.94565,1.10136,1.16858,2.20139,0.00141055,0.000166425,-0.000342555,0.000679733,-0.000414101,0.000314875,-0.000373461,0,0,0,0,0,0,0,-0.22826,26.7144,-24.6612,7.44724,0.836199,2.49319,0.0844213,-0.173061,2.14427,-3.06991,1.90972,0.183513,0.917015,0.0551263
1728851,0.99,-2.75261,-1.32534,1.01105,-1.94698,1.10108,1.16771,2.20138,-2.75266,-1.32422,1.00895,-1.94565,1.10136,1.16858,2.20139,0.000383552,-0.000445862,0.000421244,-0.000753047,-7.2617e-05,-0.000264801,-1.16153e-05,0,0,0,0,0,0,0,-0.204456,26.7383,-24.689,7.49881,0.830705,2.50601,0.0780126,-0.1751,2.14511,-3.06919,1.90816,0.183358,0.916942,0.055408
1728852,0.99,-2.75261,-1.32534,1.01105,-1.94698,1.10108,1.16771,2.20138,-2.75266,-1.32422,1.00895,-1.94565,1.10136,1.16858,2.20139,0.000812514,-0.000297242,-0.000925597,0.00014775,0.000155039,-0.000176534,-0.00071982,0,0,0,0,0,0,0,-0.22826,26.7383,-24.6374,7.47104,0.825212,2.50601,0.0972387,-0.178193,2.14663,-3.06858,1.90635,0.183205,0.916895,0.0557423
1728853,0.99,-2.75261,-1.32534,1.01105,-1.94698,1.10108,1.16772,2.20138,-2.75266,-1.32422,1.00895,-1.94565,1.10136,1.16858,2.20139,-0.00066475,-0.000198161,-0.00626419,0.000655437,-0.000100091,0.00011967,-5.16236e-06,0,0,0,0,0,0,0,-0.176685,26.7383,-24.6612,7.44724,0.830705,2.4996,0.0844213,-0.181155,2.14639,-3.06471,1.90466,0.18308,0.916619,0.0561259
1728854,0.99,-2.75261,-1.32534,1.01105,-1.94698,1.10108,1.16772,2.20138,-2.75266,-1.32422,1.00895,-1.94565,1.10136,1.16858,2.20139,-0.000999979,-0.000132107,-0.00469312,-0.00011976,-6.67274e-05,0.000317139,0.000471276,0,0,0,0,0,0,0,-0.152882,26.7383,-24.6612,7.47104,0.830705,2.49319,0.071604,-0.182524,2.14179,-3.0543,1.90366,0.183023,0.915866,0.0565581
1728855,1,-2.75261,-1.32534,1.01105,-1.94698,1.10108,1.16771,2.20138,-2.75266,-1.32422,1.00895,-1.94565,1.10136,1.16858,2.20139,0.000539773,-8.80716e-05,-0.00407331,-7.97691e-05,0.000158966,-0.000263292,0.000314184,0,0,0,0,0,0,0,-0.204456,26.7383,-24.6374,7.47104,0.825212,2.50601,0.071604,-0.182197,2.1343,-3.0402,1.90362,0.183051,0.914843,0.057033
1728856,1,-2.75261,-1.32534,1.01105,-1.94698,1.10108,1.16771,2.20138,-2.75266,-1.32422,1.00895,-1.94565,1.10136,1.16858,2.20139,-0.000846577,0.000498098,-0.00300635,-5.31264e-05,0.000309428,6.18309e-05,0.000446815,0,0,0,0,0,0,0,-0.152882,26.7144,-24.6374,7.47104,0.819719,2.4996,0.0651953,-0.18137,2.12669,-3.02668,1.90399,0.183106,0.913866,0.0575308
1728857,1,-2.75261,-1.32534,1.01104,-1.94698,1.10108,1.16771,2.20138,-2.75266,-1.32422,1.00895,-1.94565,1.10136,1.16858,2.20139,-7.57268e-06,0.000332065,-0.00222234,-0.000684992,-0.000200616,4.12206e-05,-0.0004142,0,0,0,0,0,0,0,-0.176685,26.7144,-24.6374,7.49881,0.830705,2.4996,0.0844213,-0.179568,2.11985,-3.01582,1.90502,0.183191,0.913071,0.0580315
1728858,1,-2.75261,-1.32534,1.01105,-1.94698,1.10108,1.16771,2.20139,-2.75266,-1.32422,1.00895,-1.94565,1.10136,1.16858,2.20139,-5.04846e-06,0.000870991,-0.00164514,0.000192983,6.97065e-05,-0.000209879,0.00141929,0,0,0,0,0,0,0,-0.176685,26.6867,-24.6374,7.47104,0.825212,2.50601,0.038645,-0.177147,2.11444,-3.00847,1.90652,0.183288,0.91252,0.0585235
1728859,1,-2.75261,-1.32534,1.01105,-1.94698,1.10108,1.16771,2.20138,-2.75266,-1.32422,1.00895,-1.94565,1.10136,1.16858,2.20139,-0.000560178,-6.89535e-05,-0.00121945,0.000128677,0.000249922,9.74399e-05,-3.71524e-05,0,0,0,0,0,0,0,-0.152882,26.7144,-24.6374,7.47104,0.819719,2.4996,0.0651953,-0.175019,2.11113,-3.00468,1.90772,0.183343,0.912206,0.0589916
1728860,1,-2.75261,-1.32534,1.01105,-1.94698,1.10108,1.16772,2.20139,-2.75266,-1.32422,1.00895,-1.94565,1.10136,1.16858,2.20139,0.000832974,-0.000602781,-0.000348166,8.58017e-05,-3.68362e-05,0.000302319,0.000958576,0,0,0,0,0,0,0,-0.204456,26.7383,-24.6612,7.47104,0.825212,2.49319,0.038645,-0.173987,2.11095,-3.00467,1.90801,0.183331,0.912128,0.0594068
1728861,1,-2.75261,-1.32534,1.01105,-1.94698,1.10108,1.16772,2.20139,-2.75266,-1.32422,1.00895,-1.94565,1.10136,1.16858,2.20139,-0.00065111,-0.000401854,-0.000301121,5.72137e-05,-0.000228008,-3.5813e-05,0.00158849,0,0,0,0,0,0,0,-0.152882,26.7383,-24.6612,7.47104,0.830705,2.4996,0.0130102,-0.174409,2.11416,-3.00824,1.90729,0.183256,0.912271,0.0597478
1728862,1,-2.75261,-1.32534,1.01105,-1.94698,1.10108,1.16772,2.20139,-2.75266,-1.32422,1.00895,-1.94565,1.10136,1.16858,2.20139,0.000772353,0.000288909,0.000397109,3.81519e-05,-0.000152005,-2.38753e-05,-0.000399071,0,0,0,0,0,0,0,-0.204456,26.7144,-24.689,7.47104,0.830705,2.4996,0.0523779,-0.175289,2.1192,-3.01418,1.90624,0.183158,0.912562,0.05999
1728863,1,-2.75261,-1.32534,1.01105,-1.94698,1.10108,1.16772,2.20139,-2.75266,-1.32422,1.00895,-1.94565,1.10136,1.16858,2.20139,-0.000691524,0.000192606,-0.000423693,2.54417e-05,0.000542923,-0.000253276,0.000717297,0,0,0,0,0,0,0,-0.152882,26.7144,-24.6612,7.47104,0.81331,2.50601,0.0258276,-0.175928,2.12435,-3.02096,1.90535,0.183058,0.91291,0.0601124
1728864,1,-2.75261,-1.32534,1.01105,-1.94698,1.10108,1.16772,2.20139,-2.75266,-1.32422,1.00895,-1.94565,1.10136,1.16858,2.20139,9.57959e-05,0.000128404,-0.000311576,0.000573778,-7.88607e-05,0.000305867,3.47995e-06,0,0,0,0,0,0,0,-0.176685,26.7144,-24.6612,7.44724,0.825212,2.49319,0.038645,-0.176021,2.1287,-3.02727,1.90469,0.182961,0.913217,0.0601196
1728865,1,-2.75261,-1.32534,1.01104,-1.94698,1.10108,1.16772,2.20139,-2.75266,-1.32422,1.00895,-1.94565,1.10136,1.16858,2.20139,-0.000492948,0.000735217,-0.00199279,0.000382523,0.000388236,-3.34474e-05,0.000239679,0,0,0,0,0,0,0,-0.152882,26.6867,-24.5858,7.44724,0.81331,2.4996,0.0322363,-0.175724,2.13158,-3.03169,1.90408,0.18285,0.913385,0.0600194
1728866,1,-2.75261,-1.32534,1.01105,-1.94698,1.10108,1.16772,2.20139,-2.75266,-1.32422,1.00895,-1.94565,1.10136,1.16858,2.20139,-0.000328632,-0.000716281,0.00106795,0.000255018,2.14648e-05,0.000215061,-0.000823558,0,0,0,0,0,0,0,-0.152882,26.7383,-24.689,7.44724,0.819719,2.49319,0.0587866,-0.175153,2.1335,-3.03473,1.90348,0.182726,0.913448,0.059823
1728867,1,-2.75261,-1.32534,1.01105,-1.94698,1.10108,1.16771,2.20139,-2.75266,-1.32422,1.00895,-1.94565,1.10136,1.16858,2.20139,0.000337724,-0.000477521,-0.00106355,0.000170014,-0.000392591,-0.000331344,-0.000549039,0,0,0,0,0,0,0,-0.176685,26.7383,-24.6136,7.44724,0.830705,2.50601,0.0587866,-0.17496,2.13638,-3.03836,1.9026,0.182586,0.913545,0.0595548
1728868,1,-2.75261,-1.32534,1.01105,-1.94698,1.10108,1.16771,2.20139,-2.75266,-1.32422,1.00895,-1.94565,1.10136,1.16858,2.20139,0.000225149,-0.000318347,0.0016018,-0.000443467,-0.000261727,-0.000220896,0.000379959,0,0,0,0,0,0,0,-0.176685,26.7383,-24.7128,7.47104,0.830705,2.50601,0.038645,-0.175714,2.14057,-3.0429,1.90132,0.182429,0.913724,0.0592535
1728869,1,-2.75261,-1.32534,1.01105,-1.94698,1.10108,1.16772,2.20139,-2.75266,-1.32422,1.00895,-1.94565,1.10136,1.16858,2.20139,-0.000406712,0.00034458,-0.000145467,0.000261168,2.89656e-05,9.00949e-05,0.000253306,0,0,0,0,0,0,0,-0.152882,26.7144,-24.6612,7.44724,0.825212,2.4996,0.038645,-0.176298,2.14486,-3.04795,1.90033,0.182297,0.913964,0.0589484
1728870,1,-2.75261,-1.32534,1.01105,-1.94698,1.10108,1.16772,2.20139,-2.75266,-1.32422,1.00895,-1.94565,1.10136,1.16858,2.20139,0.000935284,-0.000327092,-0.000658972,-0.000382699,0.000222761,6.00633e-05,-0.000339755,0,0,0,0,0,0,0,-0.204456,26.7383,-24.6374,7.47104,0.819719,2.4996,0.0523779,-0.176617,2.14818,-3.05205,1.89959,0.182184,0.914161,0.0586369
1728871,1,-2.75261,-1.32534,1.01105,-1.94698,1.10108,1.16772,2.20138,-2.75266,-1.32422,1.00895,-1.94565,1.10136,1.16858,2.20139,-2.60911e-05,-0.000218061,0.000763225,0.000858492,-5.49433e-05,4.00422e-05,-0.0014133,0,0,0,0,0,0,0,-0.176685,26.7383,-24.689,7.42344,0.825212,2.4996,0.0844213,-0.177839,2.15102,-3.05478,1.89834,0.182036,0.914286,0.0583143
1728872,1,-2.75261,-1.32534,1.01105,-1.94698,1.10108,1.16771,2.20139,-2.75266,-1.32422,1.00895,-1.94565,1.10136,1.16858,2.20139,-1.73941e-05,0.00106105,-0.000143712,1.55166e-05,-3.66288e-05,-0.000685382,0.000244596,0,0,0,0,0,0,0,-0.176685,26.6867,-24.6612,7.44724,0.825212,2.51882,0.0523779,-0.179187,2.15343,-3.05701,1.89687,0.181864,0.91438,0.0580089
1728873,1,-2.75261,-1.32534,1.01105,-1.94698,1.10108,1.16772,2.20138,-2.75266,-1.32422,1.00895,-1.94565,1.10136,1.16858,2.20139,0.00175164,-0.000499058,-9.79938e-05,-0.000546467,-2.44192e-05,0.000492514,-0.000549013,0,0,0,0,0,0,0,-0.252064,26.7383,-24.6612,7.47104,0.825212,2.49319,0.071604,-0.180485,2.15482,-3.0583,1.89559,0.181696,0.914443,0.0577534
1728874,1,-2.75261,-1.32534,1.01105,-1.94698,1.10108,1.16772,2.20138,-2.75266,-1.32422,1.00895,-1.94565,1.10136,1.16858,2.20139,-0.000595477,-0.000332705,-6.69687e-05,-0.00101393,0.000187171,-0.000146375,-0.000603368,0,0,0,0,0,0,0,-0.176685,26.7383,-24.6612,7.49881,0.819719,2.50601,0.0780126,-0.182124,2.15599,-3.05898,1.89455,0.181563,0.914512,0.0575541
1728875,1,-2.75261,-1.32534,1.01105,-1.94698,1.10108,1.16772,2.20138,-2.75266,-1.32422,1.00895,-1.94565,1.10136,1.16858,2.20139,-0.000396984,-0.000871418,-0.0011595,0.000530476,-7.86698e-05,0.000377135,-0.000402245,0,0,0,0,0,0,0,-0.176685,26.766,-24.6136,7.44724,0.825212,2.49319,0.0780126,-0.18258,2.15693,-3.05928,1.89422,0.181511,0.914533,0.0574174
1728876,1,-2.75261,-1.32534,1.01105,-1.94698,1.10108,1.16772,2.20138,-2.75266,-1.32422,1.00895,-1.94565,1.10136,1.16858,2.20139,-0.000264656,6.86689e-05,0.000339702,-0.000203161,-5.24466e-05,1.40641e-05,-0.000505522,0,0,0,0,0,0,0,-0.176685,26.7383,-24.6612,7.47104,0.825212,2.4996,0.0844213,-0.18178,2.15741,-3.05901,1.89427,0.181496,0.91446,0.057356
1728877,1,-2.75261,-1.32534,1.01105,-1.94698,1.10108,1.16771,2.20139,-2.75266,-1.32422,1.00895,-1.94565,1.10136,1.16858,2.20139,-0.000176438,0.000602591,0.000225776,0.000421371,-3.49644e-05,-0.000227983,0.000612421,0,0,0,0,0,0,0,-0.176685,26.7144,-24.6612,7.44724,0.825212,2.50601,0.0587866,-0.180428,2.15744,-3.05869,1.89444,0.181475,0.914362,0.0573805
1728878,1,-2.75261,-1.32534,1.01105,-1.94698,1.10108,1.16771,2.20138,-2.75266,-1.32422,1.00895,-1.94565,1.10136,1.16858,2.20139,-0.000674437,0.00105134,-0.000406813,-0.000925512,-0.00022676,-0.000151989,-0.00101587,0,0,0,0,0,0,0,-0.152882,26.6867,-24.6374,7.49881,0.830705,2.50601,0.0972387,-0.177897,2.15601,-3.05798,1.89539,0.181484,0.914249,0.0574874
1728879,1,-2.75261,-1.32534,1.01105,-1.94698,1.10108,1.16771,2.20138,-2.75266,-1.32422,1.00895,-1.94565,1.10136,1.16858,2.20139,-0.000449625,-0.00115515,-0.000271598,-0.000617008,-0.000151173,-0.000101326,3.48281e-05,0,0,0,0,0,0,0,-0.152882,26.766,-24.6374,7.49881,0.830705,2.50601,0.0780126,-0.174111,2.15347,-3.05671,1.89732,0.181568,0.914116,0.0576618
1728880,1,-2.75261,-1.32534,1.01105,-1.94698,1.10108,1.16771,2.20138,-2.75266,-1.32422,1.00895,-1.94565,1.10136,1.16858,2.20139,0.000257062,0.00108594,-0.000181357,0.000795088,-0.000100782,0.000169808,-0.000451499,0,0,0,0,0,0,0,-0.176685,26.6867,-24.6374,7.44724,0.830705,2.4996,0.09083,-0.170928,2.15151,-3.05543,1.89894,0.18165,0.913994,0.0578995
1728881,1,-2.75261,-1.32534,1.01105,-1.94698,1.10108,1.16772,2.20138,-2.75266,-1.32422,1.00895,-1.94565,1.10136,1.16858,2.20139,-0.000385437,7.43479e-05,-0.000121124,0.000530058,0.000136262,0.000350565,-0.000300999,0,0,0,0,0,0,0,-0.152882,26.7144,-24.6374,7.44724,0.825212,2.49319,0.09083,-0.169504,2.15021,-3.05395,1.89926,0.181636,0.913861,0.0582005
1728882,1,-2.75261,-1.32534,1.01105,-1.94698,1.10108,1.16772,2.20138,-2.75266,-1.32422,1.00895,-1.94565,1.10136,1.16858,2.20139,0.000949468,4.95653e-05,-0.000637725,-0.00020344,-0.000112609,-3.64922e-06,3.66927e-05,0,0,0,0,0,0,0,-0.204456,26.7144,-24.6136,7.47104,0.830705,2.4996,0.0844213,-0.169639,2.14937,-3.05215,1.89853,0.18155,0.913715,0.0585638
1728883,1,-2.75261,-1.32534,1.01105,-1.94698,1.10108,1.16772,2.20139,-2.75266,-1.32422,1.00895,-1.94565,1.10136,1.16858,2.20139,-1.66354e-05,-0.000523768,-0.000425273,0.000421186,-7.50726e-05,-2.43281e-06,0.000973898,0,0,0,0,0,0,0,-0.176685,26.7383,-24.6136,7.44724,0.830705,2.4996,0.0587866,-0.171376,2.14951,-3.0503,1.89699,0.18143,0.913582,0.0589839
1728884,1,-2.75261,-1.32534,1.01105,-1.94698,1.10108,1.16772,2.20139,-2.75266,-1.32422,1.00895,-1.94565,1.10136,1.16858,2.20139,-0.000567902,-0.000349179,0.000273204,-0.000276022,-5.00484e-05,-1.62188e-06,0.00112398,0,0,0,0,0,0,0,-0.152882,26.7383,-24.6374,7.47104,0.830705,2.4996,0.0459692,-0.173313,2.15051,-3.04902,1.89533,0.181335,0.913474,0.059439
1728885,1,-2.75261,-1.32534,1.01105,-1.94698,1.10108,1.16772,2.20138,-2.75266,-1.32422,1.00895,-1.94565,1.10136,1.16858,2.20139,0.000827824,-0.0008824,-0.000374745,0.000372798,-3.33656e-05,-0.00023844,-0.000437473,0,0,0,0,0,0,0,-0.204456,26.766,-24.6136,7.44724,0.830705,2.50601,0.0780126,-0.174915,2.15239,-3.04873,1.89382,0.181281,0.913415,0.0598854
1728886,1,-2.75261,-1.32534,1.01105,-1.94698,1.10108,1.16772,2.20139,-2.75266,-1.32422,1.00895,-1.94565,1.10136,1.16858,2.20139,0.000551883,6.13473e-05,0.00151336,0.000248532,0.000384657,7.83988e-05,0.00116641,0,0,0,0,0,0,0,-0.204456,26.7383,-24.689,7.44724,0.819719,2.4996,0.038645,-0.177598,2.15551,-3.04946,1.8917,0.181196,0.91344,0.0602901
1728887,1,-2.75261,-1.32534,1.01105,-1.94698,1.10108,1.16771,2.20139,-2.75266,-1.32422,1.00895,-1.94565,1.10136,1.16858,2.20139,-0.000281692,4.08982e-05,-0.000197561,0.000165688,0.000256438,5.22659e-05,0.000268983,0,0,0,0,0,0,0,-0.176685,26.7383,-24.6374,7.44724,0.819719,2.4996,0.0523779,-0.180472,2.1589,-3.05092,1.88948,0.181094,0.913526,0.0606446
1728888,1,-2.75261,-1.32534,1.01105,-1.94698,1.10108,1.16772,2.20138,-2.75266,-1.32422,1.00895,-1.94565,1.10136,1.16858,2.20139,-0.000744607,0.000584077,-0.000688548,-0.00109597,-0.000235942,3.48439e-05,-0.000532755,0,0,0,0,0,0,0,-0.152882,26.7144,-24.6136,7.49881,0.830705,2.4996,0.071604,-0.180939,2.16013,-3.05136,1.88879,0.181087,0.913541,0.0609349
1728889,1,-2.75261,-1.32534,1.01105,-1.94698,1.10108,1.16772,2.20139,-2.75266,-1.32422,1.00895,-1.94565,1.10136,1.16858,2.20139,0.000710021,0.001039,9.77577e-05,0.000475781,-0.000360745,2.32293e-05,0.000119548,0,0,0,0,0,0,0,-0.204456,26.6867,-24.6374,7.44724,0.836199,2.4996,0.0587866,-0.179189,2.15859,-3.04987,1.8897,0.181173,0.91344,0.0611591
1728890,1,-2.75261,-1.32534,1.01105,-1.94698,1.10108,1.16772,2.20139,-2.75266,-1.32422,1.00895,-1.94565,1.10136,1.16858,2.20139,0.000473348,4.3052e-05,-0.000491657,-0.000889239,0.000166404,-0.000221873,7.96986e-05,0,0,0,0,0,0,0,-0.204456,26.7144,-24.6136,7.49881,0.825212,2.50601,0.0587866,-0.1778,2.15612,-3.0474,1.89064,0.181245,0.913306,0.0613336
1728891,1,-2.75261,-1.32534,1.01105,-1.94698,1.10108,1.16772,2.20139,-2.75266,-1.32422,1.00895,-1.94565,1.10136,1.16858,2.20139,-0.000334049,-0.000528111,0.000785841,0.0006136,-9.25144e-05,0.000326803,0.00103648,0,0,0,0,0,0,0,-0.176685,26.7383,-24.6612,7.44724,0.830705,2.49319,0.0322363,-0.177445,2.15465,-3.04544,1.89101,0.181287,0.913209,0.0614661
1728892,1,-2.75261,-1.32534,1.01105,-1.94698,1.10108,1.16772,2.20139,-2.75266,-1.32422,1.00895,-1.94565,1.10136,1.16858,2.20139,0.000426915,0.000204738,-3.29275e-05,-0.000147745,-6.16763e-05,-1.94905e-05,0.000182358,0,0,0,0,0,0,0,-0.204456,26.7144,-24.6374,7.47104,0.830705,2.4996,0.0459692,-0.177581,2.15469,-3.04474,1.89083,0.181313,0.91316,0.061548
1728893,1,-2.75261,-1.32534,1.01105,-1.94698,1.10108,1.16772,2.20139,-2.75266,-1.32422,1.00895,-1.94565,1.10136,1.16858,2.20139,-0.000365004,0.000136492,0.000534853,0.00101513,-4.11175e-05,0.000461724,0.000121572,0,0,0,0,0,0,0,-0.176685,26.7144,-24.6612,7.42344,0.830705,2.48678,0.0459692,-0.17809,2.15538,-3.04459,1.89016,0.181308,0.913114,0.0615637
1728894,1,-2.75261,-1.32534,1.01105,-1.94698,1.10108,1.16772,2.20139,-2.75266,-1.32422,1.00895,-1.94565,1.10136,1.16858,2.20139,-0.000800148,-0.000465817,-0.000200248,0.000676751,-2.74117e-05,-0.000404261,-0.000156311,0,0,0,0,0,0,0,-0.152882,26.7383,-24.6374,7.42344,0.830705,2.50601,0.0523779,-0.178369,2.15617,-3.04456,1.88922,0.18129,0.913025,0.06151
1728895,1,-2.75261,-1.32534,1.01105,-1.94698,1.10108,1.16772,2.20139,-2.75266,-1.32422,1.00895,-1.94565,1.10136,1.16858,2.20139,2.33799e-05,0.000246267,-0.000133503,-0.000662456,0.000185176,-3.21482e-05,0.000404419,0,0,0,0,0,0,0,-0.176685,26.7144,-24.6374,7.47104,0.825212,2.4996,0.038645,-0.177863,2.15666,-3.04435,1.88857,0.181312,0.912891,0.0613991
1728896,1,-2.75261,-1.32534,1.01105,-1.94698,1.10108,1.16772,2.20139,-2.75266,-1.32422,1.00895,-1.94565,1.10136,1.16858,2.20139,-0.000541225,0.000164178,-8.90047e-05,-0.00109125,-7.99998e-05,-0.000258791,-1.65467e-06,0,0,0,0,0,0,0,-0.152882,26.7144,-24.6374,7.49881,0.830705,2.50601,0.0459692,-0.176149,2.15602,-3.04356,1.8891,0.18143,0.91275,0.0612439
1728897,1,-2.75261,-1.32534,1.01105,-1.94698,1.10108,1.16772,2.20139,-2.75266,-1.32422,1.00895,-1.94565,1.10136,1.16858,2.20139,0.00140242,-0.00044736,0.00114709,0.000478925,0.000353568,6.48316e-05,-0.000475821,0,0,0,0,0,0,0,-0.22826,26.7383,-24.689,7.44724,0.819719,2.4996,0.0587866,-0.174723,2.15545,-3.04307,1.88991,0.181569,0.912677,0.0610465
1728898,1,-2.75261,-1.32534,1.01105,-1.94698,1.10108,1.16772,2.20139,-2.75266,-1.32422,1.00895,-1.94565,1.10136,1.16858,2.20139,-0.000271479,-0.00029824,-0.000441703,0.000319283,3.22614e-05,-0.000194138,0.00066613,0,0,0,0,0,0,0,-0.176685,26.7383,-24.6374,7.44724,0.825212,2.50601,0.0322363,-0.175668,2.1566,-3.04342,1.88929,0.181597,0.912682,0.0608123
1728899,1,-2.75261,-1.32534,1.01105,-1.94698,1.10108,1.16772,2.20138,-2.75266,-1.32422,1.00895,-1.94565,1.10136,1.16858,2.20139,0.000468628,0.000357985,0.000262342,-0.000343956,-0.000181943,0.000582652,-0.000776616,0,0,0,0,0,0,0,-0.204456,26.7144,-24.6612,7.47104,0.830705,2.48678,0.0651953,-0.177566,2.15804,-3.04352,1.888,0.181561,0.91267,0.0605534
1728900,1,-2.75261,-1.32534,1.01105,-1.94698,1.10108,1.16772,2.20139,-2.75266,-1.32422,1.00895,-1.94565,1.10136,1.16858,2.20139,-0.000337195,0.000888271,-0.000381918,-0.000229304,-0.000324746,0.000388434,0.000940318,0,0,0,0,0,0,0,-0.176685,26.6867,-24.6374,7.47104,0.836199,2.48678,0.0258276,-0.178331,2.15787,-3.04253,1.88748,0.181562,0.912584,0.0602793
1728901,1,-2.75261,-1.32534,1.01105,-1.94698,1.10108,1.16771,2.20139,-2.75266,-1.32422,1.00895,-1.94565,1.10136,1.16858,2.20139,-0.000224797,-0.000614245,0.000302199,-0.000802483,0.000393854,-0.000215762,0.000152161,0,0,0,0,0,0,0,-0.176685,26.7383,-24.6612,7.49881,0.819719,2.4996,0.038645,-0.177596,2.15637,-3.04099,1.88802,0.181634,0.912446,0.0599955
1728902,1,-2.75261,-1.32534,1.01105,-1.94698,1.10108,1.16772,2.20139,-2.75266,-1.32422,1.00895,-1.94565,1.10136,1.16858,2.20139,-0.000149865,0.000796929,0.000201466,0.00122825,5.9119e-05,-0.000143841,-0.000169827,0,0,0,0,0,0,0,-0.176685,26.6867,-24.6612,7.42344,0.825212,2.4996,0.0459692,-0.176353,2.15497,-3.03984,1.88874,0.181719,0.912296,0.0596908
1728903,1,-2.75261,-1.32534,1.01104,-1.94698,1.10108,1.16772,2.20138,-2.75266,-1.32422,1.00895,-1.94565,1.10136,1.16858,2.20139,-0.000656722,-0.00067514,-0.000979314,0.000262021,0.000480222,-9.58941e-05,-0.00130001,0,0,0,0,0,0,0,-0.152882,26.7383,-24.6136,7.44724,0.81331,2.4996,0.0780126,-0.175606,2.15396,-3.03869,1.88874,0.181739,0.912103,0.0593574
1728904,1,-2.75261,-1.32534,1.01104,-1.94698,1.10108,1.16771,2.20138,-2.75266,-1.32422,1.00895,-1.94565,1.10136,1.16858,2.20139,0.000768611,-0.000450093,-0.000652876,-0.000382132,-0.000527562,-6.39294e-05,-0.00110403,0,0,0,0,0,0,0,-0.204456,26.7383,-24.6136,7.47104,0.836199,2.4996,0.0844213,-0.175667,2.15332,-3.03691,1.88811,0.18171,0.911856,0.0590177
1728905,1,-2.75261,-1.32534,1.01104,-1.94698,1.10108,1.16771,2.20139,-2.75266,-1.32422,1.00895,-1.94565,1.10136,1.16858,2.20139,-0.000137206,0.000906364,0.000121561,-0.000254754,5.51928e-05,-4.26196e-05,0.000213413,0,0,0,0,0,0,0,-0.176685,26.6867,-24.6374,7.47104,0.825212,2.4996,0.0587866,-0.176328,2.15279,-3.03484,1.88747,0.181675,0.911628,0.058721
1728906,1,-2.75261,-1.32534,1.01105,-1.94698,1.10108,1.16771,2.20138,-2.75266,-1.32422,1.00895,-1.94565,1.10136,1.16858,2.20139,0.00111496,-0.0012518,0.000637852,-0.000169836,3.67952e-05,-0.000265772,-0.00151924,0,0,0,0,0,0,0,-0.22826,26.766,-24.6612,7.47104,0.825212,2.50601,0.103647,-0.177513,2.15277,-3.03358,1.88683,0.181629,0.911497,0.058501
1728907,1,-2.75261,-1.32534,1.01105,-1.94698,1.10108,1.16772,2.20138,-2.75266,-1.32422,1.00895,-1.94565,1.10136,1.16858,2.20139,-0.000463123,-0.000184918,0.000425235,-0.000113224,-0.000585821,0.000297537,-0.000538107,0,0,0,0,0,0,0,-0.176685,26.7383,-24.6612,7.47104,0.841692,2.49319,0.09083,-0.179458,2.15443,-3.03406,1.8858,0.181564,0.911493,0.058368
1728908,1,-2.75261,-1.32534,1.01105,-1.94698,1.10108,1.16771,2.20138,-2.75266,-1.32422,1.00895,-1.94565,1.10136,1.16858,2.20139,0.000340866,0.000433534,-0.000273322,-7.54828e-05,0.000423254,-3.90012e-05,0.00011598,0,0,0,0,0,0,0,-0.204456,26.7144,-24.6374,7.47104,0.819719,2.4996,0.0780126,-0.180943,2.15624,-3.035,1.88499,0.181521,0.911512,0.0583448
1728909,1,-2.75261,-1.32534,1.01105,-1.94698,1.10108,1.16771,2.20138,-2.75266,-1.32422,1.00895,-1.94565,1.10136,1.16858,2.20139,-0.00042237,-0.00026779,-0.000182215,-0.000699936,7.87191e-05,-0.00026336,-0.000160039,0,0,0,0,0,0,0,-0.176685,26.7383,-24.6374,7.49881,0.825212,2.50601,0.0844213,-0.18116,2.15659,-3.03501,1.885,0.181532,0.911469,0.0584401
1728910,1,-2.75261,-1.32534,1.01105,-1.94698,1.10108,1.16771,2.20138,-2.75266,-1.32422,1.00895,-1.94565,1.10136,1.16858,2.20139,-0.00028158,-0.000178526,0.000435335,0.00018299,-0.000150971,6.17858e-05,0.000130666,0,0,0,0,0,0,0,-0.176685,26.7383,-24.6612,7.47104,0.830705,2.4996,0.0780126,-0.180374,2.15628,-3.03473,1.88563,0.181589,0.911402,0.0586351
1728911,1,-2.75261,-1.32534,1.01105,-1.94697,1.10108,1.16771,2.20138,-2.75266,-1.32422,1.00895,-1.94565,1.10136,1.16858,2.20139,0.000461894,0.000437794,0.000290224,0.00123562,0.000306254,4.11905e-05,-0.000624966,0,0,0,0,0,0,0,-0.204456,26.7144,-24.6612,7.42344,0.819719,2.4996,0.0972387,-0.179878,2.15633,-3.03477,1.88583,0.181605,0.911343,0.0589075
1728912,1,-2.75261,-1.32534,1.01105,-1.94698,1.10108,1.16771,2.20138,-2.75266,-1.32422,1.00895,-1.94565,1.10136,1.16858,2.20139,-0.000341685,-0.000264949,0.000193482,0.000266933,7.18569e-07,2.74603e-05,0.000295433,0,0,0,0,0,0,0,-0.176685,26.7383,-24.6612,7.44724,0.825212,2.4996,0.0780126,-0.180591,2.15688,-3.03487,1.88496,0.181522,0.911279,0.0592447
1728913,1,-2.75261,-1.32534,1.01105,-1.94698,1.10108,1.16772,2.20138,-2.75266,-1.32422,1.00895,-1.94565,1.10136,1.16858,2.20139,-0.00022779,0.000380179,-0.000427824,0.000734767,0.00020393,-0.000219052,-4.04037e-05,0,0,0,0,0,0,0,-0.176685,26.7144,-24.6374,7.42344,0.819719,2.50601,0.0844213,-0.181382,2.15724,-3.03462,1.88386,0.181415,0.911184,0.0596413
1728914,1,-2.75261,-1.32534,1.01104,-1.94698,1.10108,1.16772,2.20139,-2.75266,-1.32422,1.00895,-1.94565,1.10136,1.16858,2.20139,-0.000708672,0.000903067,-0.000842028,-0.000623779,-0.000474399,-0.000146035,0.00190584,0,0,0,0,0,0,0,-0.152882,26.6867,-24.6136,7.47104,0.836199,2.50601,0.0322363,-0.180827,2.15596,-3.03309,1.88363,0.181363,0.911014,0.0600852
1728915,1,-2.75261,-1.32534,1.01105,-1.94698,1.10108,1.16772,2.20139,-2.75266,-1.32422,1.00895,-1.94565,1.10136,1.16858,2.20139,8.43641e-05,-0.000604381,0.000552272,-0.00106547,-0.000112815,0.000140002,0.000761936,0,0,0,0,0,0,0,-0.176685,26.7383,-24.6612,7.49881,0.830705,2.4996,0.0459692,-0.178632,2.15328,-3.03087,1.88477,0.18142,0.910836,0.0605402
1728916,1,-2.75261,-1.32534,1.01105,-1.94698,1.10108,1.16771,2.20138,-2.75266,-1.32422,1.00895,-1.94565,1.10136,1.16858,2.20139,0.00126267,0.00136032,-0.000188631,-0.000710311,-7.52101e-05,9.3335e-05,-0.000204119,0,0,0,0,0,0,0,-0.22826,26.6629,-24.6374,7.49881,0.830705,2.4996,0.0651953,-0.176647,2.15089,-3.02921,1.8864,0.181527,0.910761,0.060949
1728917,1,-2.75261,-1.32534,1.01105,-1.94698,1.10108,1.16772,2.20139,-2.75266,-1.32422,1.00895,-1.94565,1.10136,1.16858,2.20139,-0.000364647,0.000350066,-0.000125754,0.000176073,0.00015331,0.000299582,0.00132198,0,0,0,0,0,0,0,-0.176685,26.6867,-24.6374,7.47104,0.825212,2.49319,0.0258276,-0.175951,2.14865,-3.02752,1.8876,0.181596,0.910734,0.0612802
1728918,1,-2.75261,-1.32534,1.01105,-1.94698,1.10108,1.16772,2.20139,-2.75266,-1.32422,1.00895,-1.94565,1.10136,1.16858,2.20139,-0.00079991,-0.000416237,0.000472976,0.00123101,0.000102207,-3.76374e-05,0.000643963,0,0,0,0,0,0,0,-0.152882,26.7144,-24.6612,7.42344,0.825212,2.4996,0.0322363,-0.175616,2.14695,-3.02616,1.88811,0.181616,0.910683,0.0615238
1728919,1,-2.75261,-1.32534,1.01104,-1.94698,1.10108,1.16772,2.20139,-2.75266,-1.32422,1.00895,-1.94565,1.10136,1.16858,2.20139,0.000673153,-0.000834303,-0.000241495,0.000820671,6.8138e-05,-2.50916e-05,0.000666667,0,0,0,0,0,0,0,-0.204456,26.7383,-24.6374,7.42344,0.825212,2.4996,0.0258276,-0.17634,2.14742,-3.02612,1.88717,0.181554,0.910638,0.0616558
1728920,1,-2.75261,-1.32534,1.01105,-1.94698,1.10108,1.16771,2.20139,-2.75266,-1.32422,1.00895,-1.94565,1.10136,1.16858,2.20139,-0.000200845,6.09935e-07,0.000395816,-0.00056651,4.54253e-05,-0.000254087,-3.02729e-05,0,0,0,0,0,0,0,-0.176685,26.7144,-24.6612,7.47104,0.825212,2.50601,0.038645,-0.178478,2.14957,-3.02689,1.88519,0.181435,0.910631,0.061661
1728921,1,-2.75261,-1.32534,1.01104,-1.94698,1.10108,1.16771,2.20139,-2.75266,-1.32422,1.00895,-1.94565,1.10136,1.16858,2.20139,0.000515717,-0.000556405,-0.000292935,0.000179139,3.02835e-05,6.79678e-05,-0.000766167,0,0,0,0,0,0,0,-0.204456,26.7383,-24.6374,7.44724,0.825212,2.4996,0.0587866,-0.18062,2.15179,-3.0278,1.8835,0.181344,0.910661,0.0615472
1728922,1,-2.75261,-1.32534,1.01105,-1.94698,1.10108,1.16772,2.20139,-2.75266,-1.32422,1.00895,-1.94565,1.10136,1.16858,2.20139,-0.000862615,0.000835489,-0.00019529,-0.000437386,2.0189e-05,4.53119e-05,0.000235207,0,0,0,0,0,0,0,-0.152882,26.6867,-24.6374,7.47104,0.825212,2.4996,0.038645,-0.181688,2.1529,-3.02811,1.88267,0.181308,0.910671,0.0613427
1728923,1,-2.75261,-1.32534,1.01105,-1.94698,1.10108,1.16772,2.20139,-2.75266,-1.32422,1.00895,-1.94565,1.10136,1.16858,2.20139,-0.000575076,-0.000649433,-0.000130193,0.000265221,1.34594e-05,3.02079e-05,0.000156805,0,0,0,0,0,0,0,-0.152882,26.7383,-24.6374,7.44724,0.825212,2.4996,0.038645,-0.180859,2.15245,-3.0277,1.88295,0.181342,0.910624,0.0610826
1728924,1,-2.75261,-1.32534,1.01104,-1.94698,1.10108,1.16771,2.20139,-2.75266,-1.32422,1.00895,-1.94565,1.10136,1.16858,2.20139,0.000173428,0.000123856,-0.00129322,0.000176814,8.9729e-06,-0.00021722,0.000579254,0,0,0,0,0,0,0,-0.176685,26.7144,-24.5858,7.44724,0.825212,2.50601,0.0258276,-0.17942,2.15141,-3.02665,1.88345,0.18139,0.910522,0.0607781
1728925,1,-2.75261,-1.32534,1.01105,-1.94698,1.10108,1.16771,2.20139,-2.75266,-1.32422,1.00895,-1.94565,1.10136,1.16858,2.20139,0.000115618,8.2571e-05,0.000344278,-0.00164536,0.000446791,-0.000382172,-8.85483e-05,0,0,0,0,0,0,0,-0.176685,26.7144,-24.6374,7.52262,0.81331,2.51242,0.038645,-0.178461,2.15015,-3.02497,1.88391,0.181428,0.910415,0.0604281
1728926,1,-2.75261,-1.32534,1.01105,-1.94699,1.10108,1.16771,2.20138,-2.75266,-1.32422,1.00895,-1.94565,1.10136,1.16858,2.20139,7.7079e-05,5.50473e-05,0.00143594,-0.00165372,-0.000142949,-1.74227e-05,-0.00175445,0,0,0,0,0,0,0,-0.176685,26.7144,-24.689,7.54642,0.825212,2.50601,0.0844213,-0.176828,2.14887,-3.02432,1.88544,0.181527,0.910452,0.0600377
1728927,1,-2.75261,-1.32534,1.01105,-1.94698,1.10108,1.16772,2.20138,-2.75266,-1.32422,1.00895,-1.94565,1.10136,1.16858,2.20139,-0.000505426,3.66982e-05,0.000307683,1.1144e-05,-9.5299e-05,0.000225744,-0.000457559,0,0,0,0,0,0,0,-0.152882,26.7144,-24.6612,7.49881,0.825212,2.4996,0.0651953,-0.17436,2.14821,-3.02553,1.88781,0.181665,0.910647,0.0596338
1728928,1,-2.75261,-1.32534,1.01104,-1.94698,1.10108,1.16771,2.20138,-2.75266,-1.32422,1.00895,-1.94565,1.10136,1.16858,2.20139,0.000869475,2.44655e-05,-0.00035169,0.00121386,-6.35327e-05,-0.000324222,-0.00101712,0,0,0,0,0,0,0,-0.204456,26.7144,-24.6374,7.44724,0.825212,2.51242,0.0844213,-0.173153,2.14829,-3.02685,1.88904,0.18169,0.91083,0.0592599
1728929,1,-2.75261,-1.32534,1.01105,-1.94698,1.10108,1.16771,2.20139,-2.75266,-1.32422,1.00895,-1.94565,1.10136,1.16858,2.20139,-0.000626776,1.63103e-05,-0.00023446,0.000252425,-0.000245806,2.12109e-05,0.000746076,0,0,0,0,0,0,0,-0.152882,26.7144,-24.6374,7.47104,0.830705,2.50601,0.0459692,-0.174186,2.14887,-3.02703,1.88838,0.181553,0.910913,0.05895
1728930,1,-2.75261,-1.32534,1.01105,-1.94698,1.10108,1.16772,2.20138,-2.75266,-1.32422,1.00895,-1.94565,1.10136,1.16858,2.20139,0.000138961,0.000660487,0.000400505,0.000725095,0.000243031,0.000488859,-0.00163885,0,0,0,0,0,0,0,-0.176685,26.6867,-24.6612,7.44724,0.819719,2.49319,0.103647,-0.175602,2.14918,-3.0265,1.88716,0.181364,0.910931,0.0587173
1728931,1,-2.75261,-1.32534,1.01105,-1.94698,1.10108,1.16772,2.20138,-2.75266,-1.32422,1.00895,-1.94565,1.10136,1.16858,2.20139,9.2641e-05,-0.000766101,0.000267003,0.000483397,0.000399379,-0.000148812,-0.000380487,0,0,0,0,0,0,0,-0.176685,26.7383,-24.6612,7.44724,0.81331,2.50601,0.0844213,-0.177052,2.14964,-3.02619,1.88573,0.181157,0.910953,0.0585646
1728932,1,-2.75261,-1.32534,1.01105,-1.94698,1.10108,1.16772,2.20138,-2.75266,-1.32422,1.00895,-1.94565,1.10136,1.16858,2.20139,0.000711375,-0.000510734,0.000178002,0.000322265,-0.000378007,0.00037551,0.00022106,0,0,0,0,0,0,0,-0.204456,26.7383,-24.6612,7.44724,0.830705,2.49319,0.071604,-0.179646,2.15143,-3.02666,1.8836,0.180911,0.911021,0.0585072
1728933,1,-2.75261,-1.32534,1.01105,-1.94698,1.10108,1.16772,2.20138,-2.75266,-1.32422,1.00895,-1.94565,1.10136,1.16858,2.20139,-0.000175364,0.000865937,0.000118668,-0.000341969,-4.85542e-05,1.29809e-05,0.000384732,0,0,0,0,0,0,0,-0.176685,26.6867,-24.6612,7.47104,0.825212,2.4996,0.0651953,-0.182383,2.15338,-3.02722,1.88161,0.180683,0.911102,0.0585523
1728934,1,-2.75261,-1.32534,1.01105,-1.94698,1.10108,1.16772,2.20138,-2.75266,-1.32422,1.00895,-1.94565,1.10136,1.16858,2.20139,0.000532704,-0.000629135,7.91121e-05,-0.000227979,-0.00023582,8.65392e-06,1.91291e-05,0,0,0,0,0,0,0,-0.204456,26.7383,-24.6612,7.47104,0.830705,2.4996,0.071604,-0.183948,2.15411,-3.0273,1.88065,0.180532,0.911159,0.0586782
1728935,1,-2.75261,-1.32534,1.01105,-1.94698,1.10108,1.16772,2.20138,-2.75266,-1.32422,1.00895,-1.94565,1.10136,1.16858,2.20139,-0.000294478,-0.000419423,-0.00106088,0.000404826,4.62372e-05,-0.00023159,-0.000461965,0,0,0,0,0,0,0,-0.176685,26.7383,-24.6136,7.44724,0.825212,2.50601,0.0844213,-0.185011,2.15443,-3.02692,1.88012,0.180432,0.911174,0.0588543
1728936,1,-2.75261,-1.32534,1.01105,-1.94698,1.10108,1.16772,2.20139,-2.75266,-1.32422,1.00895,-1.94565,1.10136,1.16858,2.20139,-0.00075313,0.000277196,0.000406369,-0.00149335,0.000675085,-0.000154393,0.000166741,0,0,0,0,0,0,0,-0.152882,26.7144,-24.6612,7.52262,0.807817,2.50601,0.071604,-0.184802,2.15404,-3.02605,1.88038,0.180409,0.911135,0.0590711
1728937,1,-2.75261,-1.32534,1.01104,-1.94698,1.10108,1.16771,2.20138,-2.75266,-1.32422,1.00895,-1.94565,1.10136,1.16858,2.20139,5.4725e-05,-0.00102163,-0.000285899,0.000210857,-0.000194203,0.00013443,-0.000838275,0,0,0,0,0,0,0,-0.176685,26.766,-24.6374,7.47104,0.825212,2.4996,0.0972387,-0.182759,2.15298,-3.0254,1.88185,0.180478,0.911105,0.05933
1728938,1,-2.75261,-1.32534,1.01105,-1.94698,1.10108,1.16772,2.20138,-2.75266,-1.32422,1.00895,-1.94565,1.10136,1.16858,2.20139,3.64834e-05,0.00117495,0.000366212,-0.000509043,-0.000129469,0.000326979,0.000390586,0,0,0,0,0,0,0,-0.176685,26.6867,-24.6612,7.49881,0.825212,2.49319,0.071604,-0.180683,2.15208,-3.02511,1.8834,0.180538,0.911101,0.0596288
1728939,1,-2.75261,-1.32534,1.01104,-1.94698,1.10108,1.16772,2.20138,-2.75266,-1.32422,1.00895,-1.94565,1.10136,1.16858,2.20139,2.43222e-05,-0.000423123,-0.00031267,0.000867064,-0.000289763,-1.93729e-05,2.30316e-05,0,0,0,0,0,0,0,-0.176685,26.7383,-24.6374,7.44724,0.830705,2.4996,0.0780126,-0.179341,2.15104,-3.02456,1.88443,0.180531,0.911078,0.0599688
1728940,1,-2.75261,-1.32534,1.01105,-1.94698,1.10108,1.16772,2.20138,-2.75266,-1.32422,1.00895,-1.94565,1.10136,1.16858,2.20139,1.62148e-05,0.000924344,-0.000208447,2.12307e-05,0.000451085,-0.000487633,1.53544e-05,0,0,0,0,0,0,0,-0.176685,26.6867,-24.6374,7.47104,0.81331,2.51242,0.0780126,-0.17878,2.14987,-3.02355,1.8848,0.180457,0.911013,0.0603399
1728941,1,-2.75261,-1.32534,1.01105,-1.94698,1.10108,1.16772,2.20138,-2.75266,-1.32422,1.00895,-1.94565,1.10136,1.16858,2.20139,1.08099e-05,-0.00123981,0.000417847,-0.00063546,-0.000140086,-0.000325089,-0.000227123,0,0,0,0,0,0,0,-0.176685,26.766,-24.6612,7.49881,0.825212,2.51242,0.0844213,-0.178642,2.1491,-3.02273,1.88493,0.180365,0.910966,0.0607295
1728942,1,-2.75261,-1.32534,1.01105,-1.94698,1.10108,1.16772,2.20138,-2.75266,-1.32422,1.00895,-1.94565,1.10136,1.16858,2.20139,7.20659e-06,0.000379886,0.000278565,0.0013396,-0.000500292,0.000257992,-0.000151415,0,0,0,0,0,0,0,-0.176685,26.7144,-24.6612,7.42344,0.836199,2.4996,0.0844213,-0.178938,2.14955,-3.02298,1.88476,0.180267,0.910994,0.0611321
1728943,1,-2.75261,-1.32534,1.01105,-1.94698,1.10108,1.16771,2.20138,-2.75266,-1.32422,1.00895,-1.94565,1.10136,1.16858,2.20139,4.80439e-06,0.000253257,0.000835324,0.000336253,7.3373e-05,-0.000302723,0.000611133,0,0,0,0,0,0,0,-0.176685,26.7144,-24.689,7.44724,0.825212,2.51242,0.0651953,-0.179869,2.15081,-3.02394,1.8839,0.180121,0.911063,0.0615481
1728944,1,-2.75261,-1.32534,1.01105,-1.94698,1.10108,1.16772,2.20138,-2.75266,-1.32422,1.00895,-1.94565,1.10136,1.16858,2.20139,0.00120963,0.000168838,-9.27314e-05,-0.000332643,4.89154e-05,-0.000201815,-0.000304655,0,0,0,0,0,0,0,-0.22826,26.7144,-24.6612,7.47104,0.825212,2.51242,0.0844213,-0.181354,2.15197,-3.02492,1.88275,0.179956,0.911164,0.0619739
1728945,1,-2.75261,-1.32534,1.01105,-1.94698,1.10108,1.16771,2.20139,-2.75266,-1.32422,1.00895,-1.94565,1.10136,1.16858,2.20139,-0.000956819,0.000762173,-6.18209e-05,-0.000871376,-0.00017084,0.000102815,0.000746333,0,0,0,0,0,0,0,-0.152882,26.6867,-24.6612,7.49881,0.830705,2.50601,0.0587866,-0.182291,2.15207,-3.0252,1.88239,0.179863,0.911275,0.0623981
1728946,1,-2.75261,-1.32534,1.01105,-1.94698,1.10108,1.16771,2.20139,-2.75266,-1.32422,1.00895,-1.94565,1.10136,1.16858,2.20139,-8.10671e-05,-0.000141499,0.0006084,6.86966e-05,8.9557e-05,0.000305902,0.000497555,0,0,0,0,0,0,0,-0.176685,26.7144,-24.689,7.47104,0.825212,2.4996,0.0587866,-0.181124,2.15073,-3.02499,1.88346,0.179895,0.911362,0.0628104
1728947,1,-2.75261,-1.32534,1.01104,-1.94698,1.10108,1.16772,2.20139,-2.75266,-1.32422,1.00895,-1.94565,1.10136,1.16858,2.20139,-0.000610857,-9.43326e-05,-0.000800826,4.57977e-05,0.000263155,0.000203935,0.000806421,0,0,0,0,0,0,0,-0.152882,26.7144,-24.6374,7.47104,0.819719,2.4996,0.0459692,-0.178955,2.14921,-3.02484,1.88494,0.179979,0.911423,0.0631876
1728948,1,-2.75261,-1.32534,1.01105,-1.94698,1.10108,1.16772,2.20139,-2.75266,-1.32422,1.00895,-1.94565,1.10136,1.16858,2.20139,0.000149574,0.000586726,2.2928e-05,3.05318e-05,-0.000231464,-0.000338761,0.00152096,0,0,0,0,0,0,0,-0.176685,26.6867,-24.6612,7.47104,0.830705,2.51242,0.0194189,-0.177085,2.14769,-3.02416,1.88605,0.180047,0.911428,0.0635029
1728949,1,-2.75261,-1.32534,1.01105,-1.94698,1.10108,1.16772,2.20139,-2.75266,-1.32422,1.00895,-1.94565,1.10136,1.16858,2.20139,9.97161e-05,-0.000258464,-0.000541527,-0.000629259,4.9141e-05,1.15181e-05,-0.00044409,0,0,0,0,0,0,0,-0.176685,26.7144,-24.6374,7.49881,0.825212,2.50601,0.0587866,-0.175752,2.146,-3.02294,1.88694,0.1801,0.911411,0.0637267
1728950,1,-2.75261,-1.32534,1.01105,-1.94698,1.10108,1.16771,2.20139,-2.75266,-1.32422,1.00895,-1.94565,1.10136,1.16858,2.20139,6.64774e-05,0.000477305,-0.000361018,0.000230108,-0.00017069,0.000245038,0.00139936,0,0,0,0,0,0,0,-0.176685,26.6867,-24.6374,7.47104,0.830705,2.4996,0.0130102,-0.17512,2.14448,-3.02151,1.88757,0.180138,0.9114,0.0638366
1728951,1,-2.75261,-1.32534,1.01104,-1.94698,1.10108,1.16771,2.20139,-2.75266,-1.32422,1.00895,-1.94565,1.10136,1.16858,2.20139,4.43183e-05,-0.000331411,-0.000240678,0.000710217,8.96573e-05,-7.40005e-05,-0.000525155,0,0,0,0,0,0,0,-0.176685,26.7144,-24.6374,7.44724,0.825212,2.50601,0.0523779,-0.175346,2.14341,-3.02003,1.88755,0.180131,0.91138,0.0638293
1728952,1,-2.75261,-1.32534,1.01105,-1.94698,1.10108,1.16772,2.20139,-2.75266,-1.32422,1.00895,-1.94565,1.10136,1.16858,2.20139,0.000679159,0.000428673,-0.000160452,-0.000732948,-0.000143679,0.000188025,0.0008706,0,0,0,0,0,0,0,-0.204456,26.6867,-24.6374,7.49881,0.830705,2.4996,0.0194189,-0.176524,2.14304,-3.01887,1.88687,0.180079,0.91138,0.0637078
1728953,1,-2.75261,-1.32534,1.01105,-1.94698,1.10108,1.16772,2.20139,-2.75266,-1.32422,1.00895,-1.94565,1.10136,1.16858,2.20139,-0.000753653,-0.000920644,0.000449844,0.000160982,0.000311115,0.00012535,-0.000402944,0,0,0,0,0,0,0,-0.152882,26.7383,-24.6612,7.47104,0.819719,2.4996,0.0459692,-0.1777,2.1433,-3.01854,1.88629,0.180048,0.911435,0.0634837
1728954,1,-2.75261,-1.32534,1.01105,-1.94698,1.10108,1.16772,2.20139,-2.75266,-1.32422,1.00895,-1.94565,1.10136,1.16858,2.20139,5.43767e-05,-5.69504e-05,0.000299896,-0.000542293,-0.000199491,-0.000153792,0.000477356,0,0,0,0,0,0,0,-0.176685,26.7144,-24.6612,7.49881,0.830705,2.50601,0.0258276,-0.178002,2.14431,-3.01954,1.8862,0.18007,0.911552,0.0631706
1728955,1,-2.75261,-1.32534,1.01104,-1.94698,1.10108,1.16772,2.20139,-2.75266,-1.32422,1.00895,-1.94565,1.10136,1.16858,2.20139,3.62511e-05,-0.000594779,-0.000356881,0.000844898,-0.000132994,-0.000102528,0.000318237,0,0,0,0,0,0,0,-0.176685,26.7383,-24.6374,7.44724,0.830705,2.50601,0.0258276,-0.178208,2.14584,-3.0211,1.88606,0.180096,0.911683,0.0627807
1728956,1,-2.75261,-1.32534,1.01105,-1.94698,1.10108,1.16772,2.20139,-2.75266,-1.32422,1.00895,-1.94565,1.10136,1.16858,2.20139,0.000673781,0.000160293,0.000318891,0.000563265,-0.000292113,0.000169007,-0.00026256,0,0,0,0,0,0,0,-0.204456,26.7144,-24.6612,7.44724,0.836199,2.4996,0.038645,-0.179672,2.14772,-3.0223,1.88502,0.180051,0.911786,0.0623196
1728957,1,-2.75261,-1.32534,1.01105,-1.94698,1.10108,1.16772,2.20139,-2.75266,-1.32422,1.00895,-1.94565,1.10136,1.16858,2.20139,0.000449188,0.00131329,0.000862208,-0.000830916,0.000212159,-0.000124688,0.000537037,0,0,0,0,0,0,0,-0.204456,26.6629,-24.689,7.49881,0.825212,2.50601,0.0194189,-0.181691,2.1491,-3.0232,1.88377,0.179977,0.911892,0.0617993
1728958,1,-2.75261,-1.32534,1.01105,-1.94698,1.10108,1.16772,2.20139,-2.75266,-1.32422,1.00895,-1.94565,1.10136,1.16858,2.20139,-0.000350156,0.000875525,-7.48086e-05,9.567e-05,-6.20112e-05,0.000154234,-0.00110004,0,0,0,0,0,0,0,-0.176685,26.6629,-24.6612,7.47104,0.830705,2.4996,0.0587866,-0.182217,2.14848,-3.02361,1.88379,0.179977,0.911999,0.0612379
1728959,1,-2.75261,-1.32534,1.01105,-1.94698,1.10108,1.16772,2.20139,-2.75266,-1.32422,1.00895,-1.94565,1.10136,1.16858,2.20139,0.000416177,-0.00117955,-4.98724e-05,-0.00114265,0.00036556,0.000102823,-0.00025864,0,0,0,0,0,0,0,-0.204456,26.7383,-24.6612,7.52262,0.819719,2.4996,0.0459692,-0.181447,2.1469,-3.02363,1.88479,0.180059,0.912075,0.0606471
1728960,1,-2.75261,-1.32534,1.01105,-1.94698,1.10108,1.16771,2.20139,-2.75266,-1.32422,1.00895,-1.94565,1.10136,1.16858,2.20139,0.000277451,-0.000229558,0.00117318,0.000444662,4.02563e-05,-0.000168811,-0.000172427,0,0,0,0,0,0,0,-0.204456,26.7144,-24.7128,7.47104,0.825212,2.50601,0.0459692,-0.18128,2.14684,-3.02456,1.88548,0.180151,0.912188,0.0600523
1728961,1,-2.75261,-1.32534,1.01105,-1.94698,1.10108,1.16771,2.20139,-2.75266,-1.32422,1.00895,-1.94565,1.10136,1.16858,2.20139,0.000184968,-0.00135946,0.000225306,-0.000353173,2.68375e-05,0.000124819,0.000393675,0,0,0,0,0,0,0,-0.204456,26.766,-24.689,7.49881,0.825212,2.4996,0.0322363,-0.182353,2.14894,-3.02699,1.8853,0.180197,0.912367,0.0594768
1728962,1,-2.75261,-1.32534,1.01105,-1.94698,1.10108,1.16772,2.20139,-2.75266,-1.32422,1.00895,-1.94565,1.10136,1.16858,2.20139,-0.000526302,0.000300116,0.000150204,0.000414166,1.78917e-05,-0.000391506,-0.000483535,0,0,0,0,0,0,0,-0.176685,26.7144,-24.689,7.47104,0.825212,2.51242,0.0523779,-0.183562,2.1516,-3.02973,1.88483,0.180221,0.912526,0.0589244
1728963,1,-2.75261,-1.32534,1.01105,-1.94698,1.10108,1.16772,2.20139,-2.75266,-1.32422,1.00895,-1.94565,1.10136,1.16858,2.20139,-0.000350868,-0.000356734,-0.00110629,0.000832922,-0.000191523,0.000213714,-0.000559716,0,0,0,0,0,0,0,-0.176685,26.7383,-24.6374,7.44724,0.830705,2.4996,0.0587866,-0.18396,2.15293,-3.03101,1.88457,0.180239,0.912554,0.0583942
1728964,1,-2.75261,-1.32534,1.01105,-1.94698,1.10108,1.16772,2.20139,-2.75266,-1.32422,1.00895,-1.94565,1.10136,1.16858,2.20139,-0.000790724,0.000968603,0.000468899,-0.000651144,-0.000127682,0.000142476,0.0006102,0,0,0,0,0,0,0,-0.152882,26.6867,-24.689,7.49881,0.830705,2.4996,0.0322363,-0.18302,2.15216,-3.03052,1.88494,0.18028,0.912445,0.0578997
1728965,1,-2.75261,-1.32534,1.01105,-1.94698,1.10108,1.16772,2.20138,-2.75266,-1.32422,1.00895,-1.94565,1.10136,1.16858,2.20139,0.000679277,-3.87863e-06,-0.000337014,0.00077233,-8.51212e-05,0.000332343,-0.000813903,0,0,0,0,0,0,0,-0.204456,26.7144,-24.6612,7.44724,0.830705,2.49319,0.0651953,-0.181267,2.15006,-3.0293,1.88593,0.18035,0.9123,0.0574491
1728966,1,-2.75261,-1.32534,1.01105,-1.94698,1.10108,1.16772,2.20138,-2.75266,-1.32422,1.00895,-1.94565,1.10136,1.16858,2.20139,-0.000196763,0.000647028,-0.000224676,-4.19255e-05,0.000350154,-0.000253156,-0.00125468,0,0,0,0,0,0,0,-0.176685,26.6867,-24.6612,7.47104,0.819719,2.50601,0.0844213,-0.180402,2.14784,-3.02778,1.8865,0.18038,0.912156,0.0570374
1728967,1,-2.75261,-1.32534,1.01105,-1.94698,1.10108,1.16771,2.20138,-2.75266,-1.32422,1.00895,-1.94565,1.10136,1.16858,2.20139,0.000518439,-0.000775074,-0.000149784,-2.79503e-05,0.000470795,6.85884e-05,-0.000599094,0,0,0,0,0,0,0,-0.204456,26.7383,-24.6612,7.47104,0.81331,2.4996,0.0780126,-0.180617,2.14617,-3.02627,1.88652,0.180371,0.912026,0.0566844
1728968,1,-2.75261,-1.32534,1.01105,-1.94698,1.10108,1.16771,2.20138,-2.75266,-1.32422,1.00895,-1.94565,1.10136,1.16858,2.20139,0.000902438,4.00961e-05,-9.98561e-05,-0.000668248,-0.000330397,-0.000428992,-0.00111147,0,0,0,0,0,0,0,-0.22826,26.7144,-24.6612,7.49881,0.830705,2.51242,0.0972387,-0.181914,2.14563,-3.02541,1.88618,0.180341,0.911964,0.0564242
1728969,1,-2.75261,-1.32534,1.01105,-1.94698,1.10108,1.16772,2.20139,-2.75266,-1.32422,1.00895,-1.94565,1.10136,1.16858,2.20139,4.48132e-05,2.67307e-05,-6.65707e-05,0.000204116,-0.000220265,0.000426082,0.00142916,0,0,0,0,0,0,0,-0.204456,26.7144,-24.6612,7.47104,0.830705,2.49319,0.038645,-0.183947,2.1458,-3.02498,1.88567,0.180298,0.911957,0.0562797
1728970,1,-2.75261,-1.32534,1.01105,-1.94698,1.10108,1.16772,2.20139,-2.75266,-1.32422,1.00895,-1.94565,1.10136,1.16858,2.20139,-0.000619738,1.78205e-05,0.00116205,-0.000513537,5.66075e-05,-0.000428022,0.000206786,0,0,0,0,0,0,0,-0.176685,26.7144,-24.7128,7.49881,0.825212,2.51242,0.0587866,-0.184895,2.14591,-3.0253,1.88576,0.180294,0.911983,0.0562463
1728971,1,-2.75261,-1.32534,1.01105,-1.94698,1.10108,1.16772,2.20138,-2.75266,-1.32422,1.00895,-1.94565,1.10136,1.16858,2.20139,0.000236455,-0.000544932,-0.000431729,-0.00089917,-0.000165712,-4.79892e-05,-0.00033686,0,0,0,0,0,0,0,-0.204456,26.7383,-24.6612,7.52262,0.830705,2.50601,0.071604,-0.184192,2.14604,-3.02667,1.88681,0.18037,0.912058,0.0562822
1728972,1,-2.75261,-1.32534,1.01105,-1.94698,1.10108,1.16772,2.20138,-2.75266,-1.32422,1.00895,-1.94565,1.10136,1.16858,2.20139,0.000157637,-0.000363288,-0.000287819,0.000606979,-0.000110475,-3.19928e-05,1.27853e-05,0,0,0,0,0,0,0,-0.204456,26.7383,-24.6612,7.47104,0.830705,2.50601,0.0651953,-0.183543,2.14639,-3.02794,1.88789,0.180458,0.91213,0.0563524
1728973,1,-2.75261,-1.32534,1.01105,-1.94698,1.10108,1.16771,2.20139,-2.75266,-1.32422,1.00895,-1.94565,1.10136,1.16858,2.20139,-0.000544523,-0.000242192,0.00101455,0.00151828,-7.36499e-05,-0.000258687,0.0007206,0,0,0,0,0,0,0,-0.176685,26.7383,-24.7128,7.42344,0.830705,2.51242,0.0459692,-0.184094,2.1475,-3.02909,1.88782,0.180464,0.912171,0.0564501
1728974,1,-2.75261,-1.32534,1.01105,-1.94698,1.10108,1.16771,2.20139,-2.75266,-1.32422,1.00895,-1.94565,1.10136,1.16858,2.20139,-0.000919827,-0.000811075,-0.00108687,0.000455373,-4.90999e-05,6.49006e-05,0.000751668,0,0,0,0,0,0,0,-0.152882,26.766,-24.6374,7.44724,0.830705,2.50601,0.038645,-0.184805,2.14916,-3.03049,1.88693,0.180417,0.912182,0.0565639
1728975,0.99,-2.75261,-1.32534,1.01105,-1.94698,1.10108,1.16772,2.20138,-2.75266,-1.32422,1.00895,-1.94565,1.10136,1.16858,2.20139,-5.64062e-05,-0.000540717,0.00103866,-0.000902844,-0.000236184,4.32671e-05,-0.00095695,0,0,0,0,0,0,0,-0.176685,26.766,-24.7128,7.49881,0.836199,2.50601,0.0780126,-0.184557,2.15064,-3.03182,1.88648,0.18043,0.912184,0.0566667
1728976,0.99,-2.75261,-1.32534,1.01105,-1.94698,1.10108,1.16771,2.20139,-2.75266,-1.32422,1.00895,-1.94565,1.10136,1.16858,2.20139,-3.76041e-05,0.000845948,0.000135625,-0.000601896,-0.000360906,-0.000208514,0.000311469,0,0,0,0,0,0,0,-0.176685,26.7144,-24.689,7.49881,0.841692,2.51242,0.0523779,-0.18322,2.15135,-3.03324,1.88724,0.180548,0.912256,0.0567507
1728977,0.99,-2.75261,-1.32534,1.01105,-1.94698,1.10108,1.16771,2.20139,-2.75266,-1.32422,1.00895,-1.94565,1.10136,1.16858,2.20139,-2.50694e-05,7.15341e-06,-0.000559197,0.00024835,0.000573198,-0.000139009,0.000953631,0,0,0,0,0,0,0,-0.176685,26.7383,-24.6612,7.47104,0.819719,2.51242,0.0322363,-0.181488,2.1507,-3.03388,1.88868,0.180712,0.912344,0.0568284
1728978,0.99,-2.75261,-1.32534,1.01105,-1.94698,1.10108,1.16771,2.20139,-2.75266,-1.32422,1.00895,-1.94565,1.10136,1.16858,2.20139,-0.000573525,0.000561581,-0.000372798,0.000722379,0.000178681,0.000144686,0.00111047,0,0,0,0,0,0,0,-0.152882,26.7144,-24.6612,7.44724,0.825212,2.50601,0.0194189,-0.180112,2.14899,-3.03302,1.88977,0.180845,0.91235,0.0568876
1728979,0.99,-2.75261,-1.32534,1.01105,-1.94698,1.10108,1.16772,2.20139,-2.75266,-1.32422,1.00895,-1.94565,1.10136,1.16858,2.20139,-0.00038235,0.001024,-0.000248532,-7.52263e-05,-0.00028778,0.000571175,-0.000480388,0,0,0,0,0,0,0,-0.152882,26.6867,-24.6612,7.47104,0.836199,2.49319,0.0523779,-0.178556,2.14636,-3.03112,1.89068,0.180953,0.912281,0.0568935
1728980,0.99,-2.75261,-1.32534,1.01105,-1.94698,1.10108,1.16771,2.20139,-2.75266,-1.32422,1.00895,-1.94565,1.10136,1.16858,2.20139,-0.0002549,3.30535e-05,0.000483926,-0.000699765,0.000418498,-0.000331293,-8.29e-05,0,0,0,0,0,0,0,-0.152882,26.7144,-24.689,7.49881,0.819719,2.51242,0.0459692,-0.176256,2.14316,-3.02919,1.89206,0.181089,0.912222,0.0568293
1728981,0.99,-2.75261,-1.32534,1.01105,-1.94698,1.10108,1.16771,2.20139,-2.75266,-1.32422,1.00895,-1.94565,1.10136,1.16858,2.20139,0.0015933,-0.000534776,0.000322617,0.000739916,-0.000331353,1.64967e-05,0.00045336,0,0,0,0,0,0,0,-0.22826,26.7383,-24.689,7.44724,0.836199,2.50601,0.0322363,-0.175444,2.14171,-3.02861,1.89275,0.181186,0.912278,0.0567048
1728982,0.99,-2.75261,-1.32534,1.01105,-1.94698,1.10108,1.16771,2.20139,-2.75266,-1.32422,1.00895,-1.94565,1.10136,1.16858,2.20139,-0.000144223,-0.000356518,0.000215078,-0.000713149,-0.000424352,1.09978e-05,-0.000681104,0,0,0,0,0,0,0,-0.176685,26.7383,-24.689,7.49881,0.841692,2.50601,0.0587866,-0.177528,2.14299,-3.02945,1.89181,0.181183,0.912448,0.0565298
1728983,0.99,-2.75261,-1.32534,1.01105,-1.94698,1.10108,1.16772,2.20139,-2.75266,-1.32422,1.00895,-1.94565,1.10136,1.16858,2.20139,0.000553465,0.000319134,-0.000506229,0.000174182,0.00032745,7.33187e-06,0.000766633,0,0,0,0,0,0,0,-0.204456,26.7144,-24.6612,7.47104,0.825212,2.50601,0.0258276,-0.180215,2.14486,-3.03043,1.89058,0.181178,0.91263,0.0563161
1728984,0.99,-2.75261,-1.32534,1.01105,-1.94698,1.10108,1.16772,2.20139,-2.75266,-1.32422,1.00895,-1.94565,1.10136,1.16858,2.20139,0.000368977,0.00086237,0.00086894,0.000672933,0.000421751,-0.00046983,-0.000234896,0,0,0,0,0,0,0,-0.204456,26.6867,-24.7128,7.44724,0.819719,2.51882,0.0459692,-0.182536,2.14591,-3.03086,1.88951,0.181176,0.91277,0.0560782
1728985,0.99,-2.75261,-1.32534,1.01105,-1.94698,1.10108,1.16772,2.20139,-2.75266,-1.32422,1.00895,-1.94565,1.10136,1.16858,2.20139,0.000245985,-0.000631513,-0.000627132,0.000448622,7.77165e-05,0.000398857,-0.000393956,0,0,0,0,0,0,0,-0.204456,26.7383,-24.6612,7.44724,0.825212,2.4996,0.0523779,-0.185095,2.14676,-3.03115,1.88803,0.181126,0.912889,0.0558149
1728986,0.99,-2.75261,-1.32534,1.01105,-1.94698,1.10108,1.16772,2.20139,-2.75266,-1.32422,1.00895,-1.94565,1.10136,1.16858,2.20139,0.00016399,-0.00107062,0.000231526,-0.000907345,-0.00015164,2.85456e-05,-2.52787e-05,0,0,0,0,0,0,0,-0.204456,26.766,-24.689,7.49881,0.830705,2.50601,0.0459692,-0.187571,2.14829,-3.03179,1.88651,0.181088,0.913011,0.0555306
1728987,0.99,-2.75261,-1.32534,1.01105,-1.94698,1.10108,1.16772,2.20139,-2.75266,-1.32422,1.00895,-1.94565,1.10136,1.16858,2.20139,0.000666138,0.000492678,-0.000495263,-0.000604896,-0.000101093,1.90304e-05,0.000254415,0,0,0,0,0,0,0,-0.22826,26.7144,-24.6612,7.49881,0.830705,2.50601,0.038645,-0.189365,2.14997,-3.03258,1.88571,0.181119,0.913147,0.0552444
1728988,0.99,-2.75261,-1.32534,1.01105,-1.94698,1.10108,1.16772,2.20139,-2.75266,-1.32422,1.00895,-1.94565,1.10136,1.16858,2.20139,-0.00011272,0.000328452,-0.000886988,0.00135997,-0.000270846,0.000250046,-0.000101657,0,0,0,0,0,0,0,-0.204456,26.7144,-24.6374,7.42344,0.836199,2.4996,0.0459692,-0.190581,2.15038,-3.03229,1.88539,0.181169,0.913215,0.0549624
1728989,0.99,-2.75261,-1.32534,1.01105,-1.94698,1.10108,1.16772,2.20138,-2.75266,-1.32422,1.00895,-1.94565,1.10136,1.16858,2.20139,-0.00072476,0.00142539,0.000615101,-0.000856589,-0.000180564,0.000404056,-0.00244136,0,0,0,0,0,0,0,-0.176685,26.6629,-24.689,7.49881,0.836199,2.49319,0.110056,-0.190414,2.14887,-3.03082,1.88565,0.181232,0.913172,0.054685
1728990,0.99,-2.75261,-1.32534,1.01105,-1.94698,1.10108,1.16771,2.20138,-2.75266,-1.32422,1.00895,-1.94565,1.10136,1.16858,2.20139,0.00016644,-0.000256163,-0.000239547,-0.000571059,0.000489976,3.20119e-05,-0.000915497,0,0,0,0,0,0,0,-0.204456,26.7144,-24.6612,7.49881,0.819719,2.4996,0.09083,-0.18802,2.14603,-3.02957,1.88727,0.181388,0.91312,0.0544456
1728991,0.99,-2.75261,-1.32534,1.01105,-1.94698,1.10108,1.16771,2.20138,-2.75266,-1.32422,1.00895,-1.94565,1.10136,1.16858,2.20139,-0.000538654,-0.0013772,0.000489916,-0.000380706,-8.02506e-05,-0.000453377,-0.00084769,0,0,0,0,0,0,0,-0.176685,26.766,-24.689,7.49881,0.830705,2.51242,0.0972387,-0.185253,2.1443,-3.0297,1.88929,0.1816,0.913139,0.054301
1728992,0.99,-2.75261,-1.32534,1.01105,-1.94698,1.10108,1.16771,2.20138,-2.75266,-1.32422,1.00895,-1.94565,1.10136,1.16858,2.20139,-0.000359102,-0.00026852,0.000326611,0.00039581,-0.000256951,-0.000302251,-0.000565127,0,0,0,0,0,0,0,-0.176685,26.7383,-24.689,7.47104,0.836199,2.51242,0.0972387,-0.183366,2.14498,-3.0316,1.89061,0.181791,0.913232,0.0542869
1728993,0.99,-2.75261,-1.32534,1.01105,-1.94698,1.10108,1.16772,2.20139,-2.75266,-1.32422,1.00895,-1.94565,1.10136,1.16858,2.20139,-0.000796214,0.000377798,-0.000431873,0.000263873,0.000439051,0.000510576,-0.000139392,0,0,0,0,0,0,0,-0.152882,26.7144,-24.6612,7.47104,0.819719,2.49319,0.09083,-0.181673,2.14612,-3.03373,1.89149,0.181946,0.913307,0.0544156
1728994,0.99,-2.75261,-1.32534,1.01105,-1.94698,1.10108,1.16771,2.20138,-2.75266,-1.32422,1.00895,-1.94565,1.10136,1.16858,2.20139,2.60029e-05,0.000251866,-0.000844728,-0.000473698,0.000292701,-0.000134334,-9.29282e-05,0,0,0,0,0,0,0,-0.176685,26.7144,-24.6374,7.49881,0.819719,2.50601,0.09083,-0.179731,2.14577,-3.03425,1.89246,0.182081,0.913274,0.0546841
1728995,0.99,-2.75261,-1.32534,1.01105,-1.94698,1.10108,1.16771,2.20138,-2.75266,-1.32422,1.00895,-1.94565,1.10136,1.16858,2.20139,1.73353e-05,-0.000388902,0.000643274,-0.000872611,-8.31677e-06,-0.000326915,0.000412766,0,0,0,0,0,0,0,-0.176685,26.7383,-24.689,7.52262,0.825212,2.51242,0.0780126,-0.177999,2.14469,-3.03385,1.89363,0.182207,0.913216,0.0550745
1728996,0.99,-2.75261,-1.32534,1.01105,-1.94698,1.10108,1.16772,2.20138,-2.75266,-1.32422,1.00895,-1.94565,1.10136,1.16858,2.20139,1.15568e-05,-0.000259268,0.000985661,-2.49287e-05,0.000197906,1.94157e-05,-0.0004369,0,0,0,0,0,0,0,-0.176685,26.7383,-24.7128,7.49881,0.819719,2.50601,0.0972387,-0.177023,2.14475,-3.03468,1.89467,0.182306,0.913272,0.0555594
1728997,0.99,-2.75261,-1.32534,1.01105,-1.94698,1.10108,1.16772,2.20139,-2.75266,-1.32422,1.00895,-1.94565,1.10136,1.16858,2.20139,0.000657319,-0.000172845,0.000100296,0.00118981,-0.000274964,0.000250303,0.00113289,0,0,0,0,0,0,0,-0.204456,26.7383,-24.689,7.44724,0.830705,2.4996,0.0587866,-0.177729,2.14652,-3.03677,1.89456,0.182294,0.913415,0.0561098
1728998,0.99,-2.75261,-1.32534,1.01105,-1.94698,1.10107,1.16771,2.20138,-2.75266,-1.32422,1.00895,-1.94565,1.10136,1.16858,2.20139,0.000995024,0.000441582,-0.00113956,0.000793205,-0.00059021,0.000166869,4.31813e-05,0,0,0,0,0,0,0,-0.22826,26.7144,-24.6374,7.44724,0.841692,2.4996,0.0780126,-0.181069,2.14884,-3.0379,1.8926,0.182116,0.913493,0.0566958
1728999,0.99,-2.75261,-1.32534,1.01105,-1.94698,1.10108,1.16771,2.20139,-2.75266,-1.32422,1.00895,-1.94565,1.10136,1.16858,2.20139,-0.000543076,-0.000262424,0.00156034,0.000528803,0.000216878,0.000111246,0.000266146,0,0,0,0,0,0,0,-0.176685,26.7383,-24.7366,7.44724,0.825212,2.4996,0.071604,-0.185424,2.15081,-3.03798,1.88986,0.181868,0.913494,0.0572876
1729000,0.99,-2.75261,-1.32534,1.01105,-1.94698,1.10108,1.16771,2.20139,-2.75266,-1.32422,1.00895,-1.94565,1.10136,1.16858,2.20139,0.000287563,0.000381863,-0.00072301,0.00608707,-5.88651e-05,-0.000163195,0.000177431,0,0,0,0,0,0,0,-0.204456,26.7144,-24.6612,7.47104,0.830705,2.50601,0.071604,-0.190271,2.15336,-3.03844,1.8859,0.181533,0.913446,0.0578637
1729001,0.99,-2.75261,-1.32534,1.01105,-1.94698,1.10108,1.16771,2.20139,-2.75266,-1.32422,1.00895,-1.94565,1.10136,1.16858,2.20139,0.000191709,0.000904189,0.000724419,0.00458232,-0.000242694,0.000128562,0.000593005,0,0,0,0,0,0,0,-0.204456,26.6867,-24.7128,7.47104,0.836199,2.4996,0.0587866,-0.197693,2.15701,-3.0386,1.87871,0.180945,0.913267,0.0584085
1729002,0.99,-2.75261,-1.32534,1.01105,-1.94698,1.10108,1.16771,2.20139,-2.75266,-1.32422,1.00895,-1.94565,1.10136,1.16858,2.20139,-0.00107862,-4.68213e-05,-0.00072348,0.00279848,0.000889365,-0.00038901,0.000870055,0,0,0,0,0,0,0,-0.152882,26.7144,-24.6612,7.49881,0.807817,2.51242,0.0459692,-0.205681,2.16036,-3.03805,1.87032,0.180263,0.912981,0.0589137
1729003,0.99,-2.75261,-1.32534,1.01105,-1.94698,1.10108,1.16771,2.20139,-2.75266,-1.32422,1.00895,-1.94565,1.10136,1.16858,2.20139,0.000487346,-3.12142e-05,0.000724106,0.00281017,-0.0002548,-2.19809e-05,0.000342678,0,0,0,0,0,0,0,-0.204456,26.7144,-24.7128,7.47104,0.830705,2.50601,0.0523779,-0.211482,2.16283,-3.03761,1.86362,0.179723,0.91271,0.0593644
1729004,0.99,-2.75261,-1.32534,1.01105,-1.94698,1.10108,1.16771,2.20139,-2.75266,-1.32422,1.00895,-1.94565,1.10136,1.16858,2.20139,-0.000324717,0.000628804,-0.0012805,0.00144501,-0.000373317,-0.000252013,0.000737078,0,0,0,0,0,0,0,-0.176685,26.6867,-24.6374,7.49881,0.836199,2.51242,0.038645,-0.215373,2.16427,-3.03708,1.85907,0.179355,0.912498,0.0597389
1729005,0.99,-2.75261,-1.32534,1.01105,-1.94698,1.10108,1.16771,2.20139,-2.75266,-1.32422,1.00895,-1.94565,1.10136,1.16858,2.20139,0.000433136,-0.000230411,-0.000296855,0.00233565,-4.54278e-05,-0.000168009,-1.7241e-05,0,0,0,0,0,0,0,-0.204456,26.7144,-24.6612,7.44724,0.830705,2.51242,0.0523779,-0.217674,2.1642,-3.03569,1.85656,0.179148,0.912315,0.060024
1729006,0.99,-2.75261,-1.32534,1.01105,-1.94698,1.10108,1.16771,2.20139,-2.75266,-1.32422,1.00895,-1.94565,1.10136,1.16858,2.20139,0.000845569,-0.00136003,0.00100852,0.0011247,0.000376616,0.000125353,0.000734491,0,0,0,0,0,0,0,-0.22826,26.766,-24.7128,7.47104,0.819719,2.50601,0.0322363,-0.219874,2.16478,-3.03507,1.85495,0.179037,0.912256,0.0602129
1729007,0.99,-2.75261,-1.32534,1.01105,-1.94698,1.10108,1.16771,2.20139,-2.75266,-1.32422,1.00895,-1.94565,1.10136,1.16858,2.20139,0.000563713,-0.000257075,0.00122916,0.000193499,-0.000155824,8.35688e-05,0.00072702,0,0,0,0,0,0,0,-0.22826,26.7383,-24.7366,7.49881,0.830705,2.50601,0.0258276,-0.222308,2.16753,-3.03719,1.85403,0.179013,0.912451,0.060308
1729008,0.99,-2.75261,-1.32534,1.01105,-1.94698,1.10108,1.16771,2.20139,-2.75266,-1.32422,1.00895,-1.94565,1.10136,1.16858,2.20139,-0.000830617,0.000385429,0.00081944,-0.00035783,-0.000307333,-0.000181646,9.96197e-06,0,0,0,0,0,0,0,-0.176685,26.7144,-24.7366,7.52262,0.836199,2.51242,0.038645,-0.222126,2.16981,-3.04096,1.85558,0.17918,0.912811,0.06031
1729009,0.99,-2.75261,-1.32534,1.01105,-1.94698,1.10108,1.16771,2.20139,-2.75266,-1.32422,1.00895,-1.94565,1.10136,1.16858,2.20139,0.000652681,0.000256952,-1.05185e-05,0.00157717,0.000202012,0.000116261,0.000244,0,0,0,0,0,0,0,-0.22826,26.7144,-24.7128,7.44724,0.825212,2.50601,0.0322363,-0.218949,2.16978,-3.04424,1.85938,0.1795,0.91316,0.0602142
1729010,0.99,-2.75261,-1.32534,1.01105,-1.94698,1.10108,1.16771,2.20138,-2.75266,-1.32422,1.00895,-1.94565,1.10136,1.16858,2.20139,-0.000121691,0.00137773,0.0005498,0.000534001,-0.000272226,7.75076e-05,-0.00153275,0,0,0,0,0,0,0,-0.204456,26.6629,-24.7366,7.47104,0.836199,2.50601,0.0780126,-0.215231,2.16787,-3.04598,1.86349,0.179816,0.913411,0.060026
1729011,0.99,-2.75261,-1.32534,1.01105,-1.94698,1.10108,1.16771,2.20139,-2.75266,-1.32422,1.00895,-1.94565,1.10136,1.16858,2.20139,0.000475684,-0.000287941,-0.000190279,0.000385525,-0.000181484,5.16717e-05,0.0011483,0,0,0,0,0,0,0,-0.22826,26.7144,-24.7128,7.47104,0.836199,2.50601,0.0194189,-0.21162,2.16475,-3.04648,1.86754,0.180115,0.913584,0.0597756
1729012,0.99,-2.75261,-1.32534,1.01105,-1.94699,1.10108,1.16771,2.20139,-2.75266,-1.32422,1.00895,-1.94565,1.10136,1.16858,2.20139,0.000317123,-0.000748773,-0.000683665,-0.00148408,8.24611e-05,-0.000202911,-0.000929886,0,0,0,0,0,0,0,-0.22826,26.7383,-24.689,7.54642,0.830705,2.51242,0.0651953,-0.208189,2.16156,-3.0464,1.87178,0.180463,0.913728,0.0594932
1729013,0.99,-2.75261,-1.32534,1.01105,-1.94698,1.10108,1.16771,2.20138,-2.75266,-1.32422,1.00895,-1.94565,1.10136,1.16858,2.20139,-0.000345397,-0.0011488,0.000101036,0.000140846,0.000258425,0.000102085,-0.00228144,0,0,0,0,0,0,0,-0.204456,26.766,-24.7128,7.49881,0.825212,2.50601,0.110056,-0.204933,2.15926,-3.04645,1.87619,0.180875,0.91388,0.0591894
1729014,0.99,-2.75261,-1.32534,1.01105,-1.94698,1.10108,1.16771,2.20138,-2.75266,-1.32422,1.00895,-1.94565,1.10136,1.16858,2.20139,-0.000879878,0.000440562,6.73571e-05,0.000106352,0.000172283,0.000305416,-0.000808881,0,0,0,0,0,0,0,-0.176685,26.7144,-24.7128,7.49881,0.825212,2.4996,0.09083,-0.201047,2.1575,-3.04704,1.88071,0.18131,0.914023,0.0589085
1729015,0.99,-2.75261,-1.32534,1.01105,-1.94698,1.10108,1.16771,2.20138,-2.75266,-1.32422,1.00895,-1.94565,1.10136,1.16858,2.20139,6.30284e-05,-0.000263104,-0.000511907,8.02432e-05,-8.85951e-05,-0.000508466,-0.000301895,0,0,0,0,0,0,0,-0.204456,26.7383,-24.689,7.49881,0.830705,2.51882,0.0844213,-0.196562,2.15527,-3.04745,1.88514,0.181716,0.91411,0.0587209
1729016,0.99,-2.75261,-1.32534,1.01105,-1.94698,1.10108,1.16771,2.20138,-2.75266,-1.32422,1.00895,-1.94565,1.10136,1.16858,2.20139,4.20189e-05,0.000381409,0.00021554,0.000710116,-5.90634e-05,0.00013574,3.60956e-05,0,0,0,0,0,0,0,-0.204456,26.7144,-24.7128,7.47104,0.830705,2.50601,0.0780126,-0.192902,2.15285,-3.04735,1.88884,0.182038,0.914152,0.0586561
1729017,0.99,-2.75261,-1.32534,1.01105,-1.94698,1.10108,1.16771,2.20138,-2.75266,-1.32422,1.00895,-1.94565,1.10136,1.16858,2.20139,0.000584825,0.000254273,0.000700506,-0.000170949,-3.93756e-05,-0.000384224,2.40638e-05,0,0,0,0,0,0,0,-0.22826,26.7144,-24.7366,7.49881,0.830705,2.51882,0.0780126,-0.190863,2.15103,-3.04749,1.89144,0.182253,0.914224,0.0587064
1729018,0.99,-2.75261,-1.32534,1.01105,-1.94698,1.10108,1.16771,2.20138,-2.75266,-1.32422,1.00895,-1.94565,1.10136,1.16858,2.20139,-0.00137335,0.000819129,-0.00064662,-0.000110025,-2.62504e-05,0.000218568,-0.000458675,0,0,0,0,0,0,0,-0.152882,26.6867,-24.689,7.49881,0.830705,2.50601,0.09083,-0.188752,2.1489,-3.04774,1.89403,0.182448,0.914317,0.0588548
1729019,0.99,-2.75261,-1.32534,1.01105,-1.94698,1.10108,1.16771,2.20139,-2.75266,-1.32422,1.00895,-1.94565,1.10136,1.16858,2.20139,0.000847668,0.000546086,0.000125732,0.00057922,0.000389401,-9.16468e-05,-0.000305784,0,0,0,0,0,0,0,-0.22826,26.6867,-24.7128,7.47104,0.819719,2.51242,0.09083,-0.185883,2.1457,-3.04726,1.89694,0.182653,0.91436,0.0590856
1729020,0.99,-2.75261,-1.32534,1.01105,-1.94698,1.10108,1.16771,2.20138,-2.75266,-1.32422,1.00895,-1.94565,1.10136,1.16858,2.20139,8.30003e-06,0.000364057,8.38212e-05,-0.000261251,-0.000147301,-6.10978e-05,-0.000678574,0,0,0,0,0,0,0,-0.204456,26.6867,-24.7128,7.49881,0.830705,2.51242,0.103647,-0.1841,2.14271,-3.04653,1.89911,0.182789,0.914402,0.0593918
1729021,0.99,-2.75261,-1.32534,1.01105,-1.94698,1.10108,1.16771,2.20139,-2.75266,-1.32422,1.00895,-1.94565,1.10136,1.16858,2.20139,-0.000644081,-0.000406909,5.58808e-05,0.000477109,-0.000505101,-4.07319e-05,0.000971771,0,0,0,0,0,0,0,-0.176685,26.7144,-24.7128,7.47104,0.841692,2.51242,0.0651953,-0.183221,2.14081,-3.04646,1.90061,0.182883,0.914489,0.0597743
1729022,0.99,-2.75261,-1.32534,1.01105,-1.94698,1.10108,1.16771,2.20138,-2.75266,-1.32422,1.00895,-1.94565,1.10136,1.16858,2.20139,0.000220227,-0.000828085,3.72539e-05,-0.000330294,0.000273617,-0.000264514,0.00017313,0,0,0,0,0,0,0,-0.204456,26.7383,-24.7128,7.49881,0.825212,2.51882,0.0780126,-0.182556,2.1403,-3.04736,1.90174,0.182983,0.914617,0.0602208
1729023,0.99,-2.75261,-1.32534,1.01105,-1.94698,1.10108,1.16771,2.20138,-2.75266,-1.32422,1.00895,-1.94565,1.10136,1.16858,2.20139,0.000146818,4.75554e-06,-0.000531976,0.000430353,-2.1039e-05,0.000298376,-0.000121939,0,0,0,0,0,0,0,-0.204456,26.7144,-24.689,7.47104,0.830705,2.50601,0.0844213,-0.182902,2.14103,-3.04867,1.90216,0.183057,0.914775,0.0606986
1729024,0.99,-2.75261,-1.32534,1.01105,-1.94698,1.10108,1.16771,2.20138,-2.75266,-1.32422,1.00895,-1.94565,1.10136,1.16858,2.20139,0.0012115,-0.000553642,-0.000354651,-0.00036201,0.000189425,-3.84419e-05,-0.000318652,0,0,0,0,0,0,0,-0.252064,26.7383,-24.689,7.49881,0.825212,2.51242,0.09083,-0.184796,2.14222,-3.04946,1.90172,0.183073,0.914931,0.0611854
1729025,0.99,-2.75261,-1.32534,1.01105,-1.94698,1.10108,1.16771,2.20139,-2.75266,-1.32422,1.00895,-1.94565,1.10136,1.16858,2.20139,-0.000305956,0.000837332,0.00087719,0.0004088,-0.000280618,-0.000262987,0.00097436,0,0,0,0,0,0,0,-0.204456,26.6867,-24.7366,7.47104,0.836199,2.51882,0.0587866,-0.187499,2.14343,-3.05012,1.90091,0.18305,0.915109,0.061683
1729026,0.99,-2.75261,-1.32534,1.01105,-1.94699,1.10108,1.16771,2.20139,-2.75266,-1.32422,1.00895,-1.94565,1.10136,1.16858,2.20139,-0.00020397,0.000558221,0.000584793,-0.00149031,1.63718e-05,-0.000175325,0.00112429,0,0,0,0,0,0,0,-0.204456,26.6867,-24.7366,7.54642,0.830705,2.51882,0.0459692,-0.188442,2.14361,-3.05134,1.90124,0.183093,0.915337,0.0621894
1729027,0.99,-2.75261,-1.32534,1.01105,-1.94698,1.10108,1.16771,2.20138,-2.75266,-1.32422,1.00895,-1.94565,1.10136,1.16858,2.20139,-0.00134241,-0.000834279,-0.00016695,0.000769994,1.09146e-05,0.000357835,-0.000674626,0,0,0,0,0,0,0,-0.152882,26.7383,-24.7128,7.47104,0.830705,2.50601,0.0844213,-0.186708,2.14272,-3.05301,1.9031,0.183251,0.915575,0.0626678
1729028,0.99,-2.75261,-1.32534,1.01106,-1.94698,1.10108,1.16771,2.20138,-2.75266,-1.32422,1.00895,-1.94565,1.10136,1.16858,2.20139,0.000311488,-0.0012058,0.00109513,-0.000136063,-0.000196174,1.19761e-06,-0.000212392,0,0,0,0,0,0,0,-0.204456,26.766,-24.7643,7.49881,0.836199,2.51242,0.0780126,-0.184644,2.14299,-3.05552,1.90472,0.18342,0.915818,0.0630848
1729029,0.99,-2.75261,-1.32534,1.01105,-1.94698,1.10108,1.16771,2.20139,-2.75266,-1.32422,1.00895,-1.94565,1.10136,1.16858,2.20139,-0.000441955,-0.000154252,-0.000476342,-9.05422e-05,0.000276118,7.98404e-07,0.000807841,0,0,0,0,0,0,0,-0.176685,26.7383,-24.7128,7.49881,0.825212,2.51242,0.0523779,-0.183859,2.14491,-3.05874,1.90532,0.183537,0.916085,0.0634524
1729030,0.99,-2.75261,-1.32534,1.01105,-1.94698,1.10108,1.16771,2.20139,-2.75266,-1.32422,1.00895,-1.94565,1.10136,1.16858,2.20139,-0.000294637,-0.000102835,-0.000317561,0.000589377,-1.93717e-05,5.32269e-07,0.000538561,0,0,0,0,0,0,0,-0.176685,26.7383,-24.7128,7.47104,0.830705,2.51242,0.0523779,-0.183619,2.14638,-3.06092,1.90556,0.183621,0.916286,0.0637831
1729031,0.99,-2.75261,-1.32534,1.01105,-1.94698,1.10108,1.16771,2.20138,-2.75266,-1.32422,1.00895,-1.94565,1.10136,1.16858,2.20139,-0.000196424,0.00113787,-0.000768519,-0.000813414,-1.29144e-05,-0.000237004,-0.000827754,0,0,0,0,0,0,0,-0.176685,26.6867,-24.689,7.52262,0.830705,2.51882,0.0844213,-0.182941,2.14583,-3.06103,1.90612,0.1837,0.916363,0.064064
1729032,0.99,-2.75261,-1.32534,1.01105,-1.94698,1.10108,1.16771,2.20138,-2.75266,-1.32422,1.00895,-1.94565,1.10136,1.16858,2.20139,0.000518664,0.000108966,4.44657e-05,1.46061e-05,0.000194841,7.93562e-05,-7.71182e-05,0,0,0,0,0,0,0,-0.204456,26.7144,-24.7128,7.49881,0.825212,2.51242,0.071604,-0.181988,2.14353,-3.05963,1.90715,0.183783,0.91639,0.0642947
1729033,0.99,-2.75261,-1.32534,1.01106,-1.94698,1.10108,1.16772,2.20139,-2.75266,-1.32422,1.00895,-1.94565,1.10136,1.16858,2.20139,-0.000303838,-0.000484168,0.00123607,0.00121622,0.000129894,5.29041e-05,0.00211873,0,0,0,0,0,0,0,-0.176685,26.7383,-24.7643,7.44724,0.825212,2.51242,0.0130102,-0.18214,2.14215,-3.05897,1.90748,0.1838,0.916478,0.0644927
1729034,0.99,-2.75261,-1.32534,1.01105,-1.94698,1.10108,1.16772,2.20139,-2.75266,-1.32422,1.00895,-1.94565,1.10136,1.16858,2.20139,0.00100387,-0.000322779,-0.000382379,0.000254038,-0.000320305,3.52694e-05,0.000191781,0,0,0,0,0,0,0,-0.22826,26.7383,-24.7128,7.47104,0.836199,2.51242,0.0459692,-0.184279,2.14328,-3.06007,1.9062,0.183703,0.916657,0.0646451
1729035,0.99,-2.75261,-1.32534,1.01105,-1.94698,1.10108,1.16772,2.20139,-2.75266,-1.32422,1.00895,-1.94565,1.10136,1.16858,2.20139,-0.00109399,-0.000215186,0.000301892,-0.000480226,-1.00862e-05,0.000260872,0.0011112,0,0,0,0,0,0,0,-0.152882,26.7383,-24.7366,7.49881,0.830705,2.50601,0.0194189,-0.186784,2.14513,-3.06155,1.90464,0.183597,0.916852,0.0647128
1729036,0.99,-2.75261,-1.32534,1.01105,-1.94698,1.10108,1.16771,2.20139,-2.75266,-1.32422,1.00895,-1.94565,1.10136,1.16858,2.20139,0.000477097,0.00106297,0.000201262,0.000886298,0.000196726,-0.000300803,-0.000479904,0,0,0,0,0,0,0,-0.204456,26.6867,-24.7366,7.44724,0.825212,2.51882,0.0523779,-0.187775,2.14587,-3.06264,1.90403,0.18356,0.917013,0.0646768
1729037,0.99,-2.75261,-1.32534,1.01105,-1.94698,1.10108,1.16771,2.20139,-2.75266,-1.32422,1.00895,-1.94565,1.10136,1.16858,2.20139,0.000318065,5.90318e-05,0.000134174,-0.000615544,-0.00027575,3.68234e-05,0.000663408,0,0,0,0,0,0,0,-0.204456,26.7144,-24.7366,7.49881,0.836199,2.51242,0.0258276,-0.188193,2.14557,-3.06325,1.90383,0.183535,0.917153,0.0645372
1729038,0.99,-2.75261,-1.32534,1.01106,-1.94698,1.10108,1.16771,2.20139,-2.75266,-1.32422,1.00895,-1.94565,1.10136,1.16858,2.20139,0.000212043,3.93545e-05,8.94496e-05,-0.00041035,1.96171e-05,0.000261908,0.000204913,0,0,0,0,0,0,0,-0.204456,26.7144,-24.7366,7.49881,0.830705,2.50601,0.0322363,-0.188745,2.145,-3.06367,1.90382,0.183528,0.917304,0.0643033
1729039,0.99,-2.75261,-1.32534,1.01105,-1.94698,1.10108,1.16771,2.20139,-2.75266,-1.32422,1.00895,-1.94565,1.10136,1.16858,2.20139,-0.000508252,2.62364e-05,5.96331e-05,-0.000830369,-0.000190372,-6.27537e-05,-0.00010075,0,0,0,0,0,0,0,-0.176685,26.7144,-24.7366,7.52262,0.836199,2.51242,0.038645,-0.188432,2.14426,-3.06422,1.90456,0.183598,0.917461,0.0639833
1729040,0.99,-2.75261,-1.32534,1.01106,-1.94698,1.10108,1.16771,2.20139,-2.75266,-1.32422,1.00895,-1.94565,1.10136,1.16858,2.20139,-0.000895646,-0.00118893,0.000689369,0.000652853,7.65356e-05,-0.000516554,0.00111963,0,0,0,0,0,0,0,-0.152882,26.766,-24.7643,7.47104,0.830705,2.52523,0.00660151,-0.186991,2.14395,-3.06554,1.90579,0.183731,0.917624,0.0635849
1729041,0.99,-2.75261,-1.32534,1.01105,-1.94698,1.10108,1.16771,2.20139,-2.75266,-1.32422,1.00895,-1.94565,1.10136,1.16858,2.20139,-4.02857e-05,0.00106342,-0.000746846,-0.000214373,0.000457925,0.000367708,-0.000711643,0,0,0,0,0,0,0,-0.176685,26.6867,-24.7128,7.49881,0.819719,2.50601,0.0459692,-0.185192,2.14408,-3.06723,1.90684,0.183862,0.917765,0.0631123
1729042,0.99,-2.75261,-1.32534,1.01106,-1.94698,1.10108,1.16771,2.20139,-2.75266,-1.32422,1.00895,-1.94565,1.10136,1.16858,2.20139,-2.68571e-05,-0.000497482,5.89144e-05,-0.000142911,-0.000305068,7.77953e-06,0.000271556,0,0,0,0,0,0,0,-0.176685,26.7383,-24.7366,7.49881,0.836199,2.51242,0.0258276,-0.183723,2.14352,-3.06789,1.90764,0.18396,0.917843,0.0625676
1729043,0.99,-2.75261,-1.32534,1.01106,-1.94698,1.10108,1.16771,2.20139,-2.75266,-1.32422,1.00895,-1.94565,1.10136,1.16858,2.20139,0.00118852,0.000225158,0.00068889,0.000554343,0.000406973,5.18635e-06,-0.00029368,0,0,0,0,0,0,0,-0.22826,26.7144,-24.7643,7.47104,0.819719,2.51242,0.038645,-0.18387,2.14341,-3.06836,1.90759,0.183978,0.917936,0.0619678
1729044,0.99,-2.75261,-1.32534,1.01106,-1.94698,1.10108,1.16771,2.20139,-2.75266,-1.32422,1.00895,-1.94565,1.10136,1.16858,2.20139,-0.000414078,0.000150105,0.00045926,-0.000836862,-0.000135586,-0.00047126,0.00051629,0,0,0,0,0,0,0,-0.176685,26.7144,-24.7643,7.52262,0.830705,2.52523,0.0194189,-0.185481,2.14435,-3.06967,1.90678,0.183924,0.918106,0.0613338
1729045,0.99,-2.75261,-1.32534,1.01105,-1.94698,1.10108,1.16771,2.20139,-2.75266,-1.32422,1.00895,-1.94565,1.10136,1.16858,2.20139,-0.000276052,0.00010007,-0.00145706,-1.09434e-06,0.00011306,-7.68146e-05,-0.00087651,0,0,0,0,0,0,0,-0.176685,26.7144,-24.689,7.49881,0.825212,2.51882,0.0523779,-0.186151,2.14444,-3.07056,1.90668,0.183908,0.918256,0.060677
1729046,0.99,-2.75261,-1.32534,1.01105,-1.94699,1.10107,1.16771,2.20139,-2.75266,-1.32422,1.00895,-1.94565,1.10136,1.16858,2.20139,-0.000740847,0.000716327,0.000142248,-0.00111435,-0.000534978,0.000186149,-0.000346981,0,0,0,0,0,0,0,-0.152882,26.6867,-24.7366,7.54642,0.841692,2.51242,0.0459692,-0.18478,2.14262,-3.06998,1.90788,0.183981,0.918307,0.0600079
1729047,0.99,-2.75261,-1.32534,1.01105,-1.94698,1.10108,1.16772,2.20139,-2.75266,-1.32422,1.00895,-1.94565,1.10136,1.16858,2.20139,0.000712528,-0.000172062,-0.00046198,0.00102034,-0.000153202,0.000361458,3.99467e-05,0,0,0,0,0,0,0,-0.204456,26.7144,-24.7128,7.47104,0.836199,2.50601,0.038645,-0.182906,2.14017,-3.06887,1.90938,0.18407,0.918325,0.059349
1729048,0.99,-2.75261,-1.32534,1.01105,-1.94698,1.10108,1.16771,2.20139,-2.75266,-1.32422,1.00895,-1.94565,1.10136,1.16858,2.20139,-0.000174595,-0.00067152,-0.000307987,3.06116e-05,0.000304767,3.61333e-06,0.00026399,0,0,0,0,0,0,0,-0.176685,26.7383,-24.7128,7.49881,0.825212,2.51242,0.0322363,-0.182933,2.13923,-3.06821,1.90949,0.184069,0.91836,0.0587141
1729049,0.99,-2.75261,-1.32534,1.01105,-1.94698,1.10108,1.16771,2.20139,-2.75266,-1.32422,1.00895,-1.94565,1.10136,1.16858,2.20139,0.000533217,0.000758746,0.000351487,0.000670022,0.000203178,-0.00023495,-6.13655e-05,0,0,0,0,0,0,0,-0.204456,26.6867,-24.7366,7.47104,0.825212,2.51882,0.038645,-0.184635,2.13974,-3.06818,1.90838,0.183987,0.918423,0.0581036
1729050,0.99,-2.75261,-1.32534,1.01106,-1.94698,1.10108,1.16771,2.20139,-2.75266,-1.32422,1.00895,-1.94565,1.10136,1.16858,2.20139,-0.000850948,-0.000700595,0.000234325,-0.000202932,-0.0004749,8.07256e-05,-0.000312178,0,0,0,0,0,0,0,-0.152882,26.7383,-24.7366,7.49881,0.841692,2.51242,0.0459692,-0.18616,2.14066,-3.06897,1.90727,0.183905,0.918532,0.0575156
1729051,0.99,-2.75261,-1.32534,1.01105,-1.94698,1.10108,1.16771,2.20139,-2.75266,-1.32422,1.00895,-1.94565,1.10136,1.16858,2.20139,-0.000567299,0.000739362,-0.000400595,-0.000135288,0.000497202,-0.000183542,-0.000445477,0,0,0,0,0,0,0,-0.152882,26.6867,-24.7128,7.49881,0.819719,2.51882,0.0523779,-0.18601,2.14108,-3.07016,1.90713,0.183901,0.918654,0.0569529
1729052,0.99,-2.75261,-1.32534,1.01106,-1.94698,1.10108,1.16771,2.20139,-2.75266,-1.32422,1.00895,-1.94565,1.10136,1.16858,2.20139,0.000178613,-0.000713518,0.000939362,-0.000647004,-7.54329e-05,0.000352357,-5.9626e-05,0,0,0,0,0,0,0,-0.176685,26.7383,-24.7643,7.52262,0.830705,2.50601,0.0459692,-0.18451,2.14099,-3.07153,1.90793,0.183972,0.91879,0.0564264
1729053,0.99,-2.75261,-1.32534,1.01106,-1.94698,1.10108,1.16771,2.20138,-2.75266,-1.32422,1.00895,-1.94565,1.10136,1.16858,2.20139,0.000768689,-0.000475678,-2.33724e-05,0.000125476,-5.02886e-05,-2.45453e-06,-0.0014639,0,0,0,0,0,0,0,-0.204456,26.7383,-24.7366,7.49881,0.830705,2.51242,0.0844213,-0.184061,2.14202,-3.0737,1.90833,0.184019,0.919003,0.0559428
1729054,0.99,-2.75261,-1.32534,1.01105,-1.94698,1.10108,1.16771,2.20139,-2.75266,-1.32422,1.00895,-1.94565,1.10136,1.16858,2.20139,-0.000137154,-0.000317119,-1.55816e-05,-0.000473161,0.000610734,-0.000238995,-2.65004e-05,0,0,0,0,0,0,0,-0.176685,26.7383,-24.7366,7.52262,0.81331,2.51882,0.0587866,-0.185217,2.14418,-3.07616,1.90793,0.184007,0.91925,0.0555178
1729055,0.99,-2.75261,-1.32534,1.01105,-1.94698,1.10108,1.16771,2.20139,-2.75266,-1.32422,1.00895,-1.94565,1.10136,1.16858,2.20139,-9.14363e-05,0.000345399,-0.0005672,-0.00031544,-0.000237104,-0.000396689,-1.7667e-05,0,0,0,0,0,0,0,-0.176685,26.7144,-24.7128,7.52262,0.830705,2.52523,0.0587866,-0.186111,2.14555,-3.07769,1.90779,0.183993,0.919439,0.0551792
1729056,0.99,-2.75261,-1.32534,1.01106,-1.94699,1.10108,1.16771,2.20139,-2.75266,-1.32422,1.00895,-1.94565,1.10136,1.16858,2.20139,-0.000617769,-0.000326546,0.000178679,-0.000767106,-0.00036152,-2.71005e-05,0.000225581,0,0,0,0,0,0,0,-0.152882,26.7383,-24.7366,7.54642,0.836199,2.51882,0.0523779,-0.185492,2.14547,-3.07831,1.90866,0.18403,0.91957,0.0549305
1729057,0.99,-2.75261,-1.32534,1.01105,-1.94698,1.10108,1.16771,2.20138,-2.75266,-1.32422,1.00895,-1.94565,1.10136,1.16858,2.20139,0.000144966,-0.000217697,-0.000437693,4.54083e-05,-0.000241013,0.000219292,-0.00151113,0,0,0,0,0,0,0,-0.176685,26.7383,-24.7128,7.52262,0.836199,2.51242,0.0972387,-0.184019,2.14492,-3.07869,1.91005,0.184098,0.919685,0.0547521
1729058,0.99,-2.75261,-1.32534,1.01106,-1.94698,1.10108,1.16771,2.20138,-2.75266,-1.32422,1.00895,-1.94565,1.10136,1.16858,2.20139,0.000746258,0.000411681,-0.000291795,3.02722e-05,0.000246226,0.000146195,-5.79811e-05,0,0,0,0,0,0,0,-0.204456,26.7144,-24.7128,7.52262,0.825212,2.51242,0.071604,-0.183513,2.14457,-3.07867,1.91086,0.184113,0.919787,0.054641
1729059,0.99,-2.75261,-1.32534,1.01105,-1.94698,1.10108,1.16771,2.20138,-2.75266,-1.32422,1.00895,-1.94565,1.10136,1.16858,2.20139,0.000497505,0.000274454,-0.00140096,0.000576993,0.000367601,-0.000139896,-0.000513372,0,0,0,0,0,0,0,-0.204456,26.7144,-24.6612,7.49881,0.819719,2.51882,0.0844213,-0.18486,2.14404,-3.07741,1.91055,0.184024,0.919832,0.0546157
1729060,0.99,-2.75261,-1.32534,1.01105,-1.94698,1.10108,1.16771,2.20139,-2.75266,-1.32422,1.00895,-1.94565,1.10136,1.16858,2.20139,-0.000317944,-0.00102346,0.000272455,0.000384662,-0.000161834,0.000381454,0.00108191,0,0,0,0,0,0,0,-0.176685,26.766,-24.7128,7.49881,0.830705,2.50601,0.0459692,-0.187199,2.1438,-3.07562,1.90946,0.18387,0.919831,0.0546815
1729061,0.99,-2.75261,-1.32534,1.01106,-1.94698,1.10108,1.16771,2.20138,-2.75266,-1.32422,1.00895,-1.94565,1.10136,1.16858,2.20139,-0.000211963,-3.26906e-05,0.000738449,0.000906056,-0.000107889,0.000491662,-0.00141496,0,0,0,0,0,0,0,-0.176685,26.7383,-24.7366,7.47104,0.830705,2.4996,0.103647,-0.189309,2.14501,-3.07537,1.90809,0.183707,0.919879,0.0548205
1729062,0.99,-2.75261,-1.32534,1.01105,-1.94698,1.10108,1.16771,2.20138,-2.75266,-1.32422,1.00895,-1.94565,1.10136,1.16858,2.20139,-0.000141308,0.000535018,0.000492299,-0.000602389,-7.19261e-05,-0.000146943,-0.000705948,0,0,0,0,0,0,0,-0.176685,26.7144,-24.7366,7.52262,0.830705,2.51242,0.0972387,-0.190219,2.14674,-3.07678,1.90728,0.183584,0.920002,0.0550208
1729063,0.99,-2.75261,-1.32534,1.01106,-1.94698,1.10108,1.16771,2.20138,-2.75266,-1.32422,1.00895,-1.94565,1.10136,1.16858,2.20139,0.000555408,0.000356679,0.00153463,0.00136165,-0.000251401,0.000139397,-0.000470632,0,0,0,0,0,0,0,-0.204456,26.7144,-24.7881,7.44724,0.836199,2.50601,0.0972387,-0.190353,2.14812,-3.07901,1.90706,0.183492,0.920177,0.0552997
1729064,0.99,-2.75261,-1.32534,1.01106,-1.94698,1.10108,1.16771,2.20138,-2.75266,-1.32422,1.00895,-1.94565,1.10136,1.16858,2.20139,-0.000279342,-0.000319026,0.000466272,-0.000855474,0.0002393,-0.000144428,0.000635681,0,0,0,0,0,0,0,-0.176685,26.7383,-24.7643,7.52262,0.825212,2.51242,0.071604,-0.190609,2.14982,-3.08207,1.90685,0.183405,0.920396,0.0556739
1729065,0.99,-2.75261,-1.32534,1.01106,-1.94698,1.10108,1.16771,2.20138,-2.75266,-1.32422,1.00895,-1.94565,1.10136,1.16858,2.20139,0.000463386,-0.000212684,-0.000338766,0.00063611,-4.39171e-05,-9.62852e-05,-0.000288289,0,0,0,0,0,0,0,-0.204456,26.7383,-24.7366,7.47104,0.830705,2.51242,0.09083,-0.190863,2.15157,-3.08496,1.90676,0.183354,0.92059,0.0561306
1729066,0.99,-2.75261,-1.32534,1.01106,-1.94698,1.10108,1.16771,2.20138,-2.75266,-1.32422,1.00895,-1.94565,1.10136,1.16858,2.20139,0.000308924,-0.000141789,-0.000225844,0.000424073,0.000174172,-0.000301549,4.5166e-05,0,0,0,0,0,0,0,-0.204456,26.7383,-24.7366,7.47104,0.825212,2.51882,0.0844213,-0.191751,2.15296,-3.08653,1.90635,0.183298,0.920687,0.0566424
1729067,0.99,-2.75261,-1.32534,1.01106,-1.94698,1.10108,1.16771,2.20138,-2.75266,-1.32422,1.00895,-1.94565,1.10136,1.16858,2.20139,-0.000443665,-0.00130095,0.000499051,-0.00092371,-0.000290786,-0.000201033,3.01107e-05,0,0,0,0,0,0,0,-0.176685,26.7898,-24.7643,7.52262,0.836199,2.51882,0.0844213,-0.192847,2.15445,-3.08764,1.90581,0.183256,0.920746,0.0571943
1729068,0.99,-2.75261,-1.32534,1.01106,-1.94698,1.10108,1.16771,2.20138,-2.75266,-1.32422,1.00895,-1.94565,1.10136,1.16858,2.20139,0.000353838,0.000895936,0.000889513,-5.8995e-05,-0.000193857,-0.000371381,-0.000454644,0,0,0,0,0,0,0,-0.204456,26.7144,-24.7881,7.49881,0.836199,2.52523,0.0972387,-0.192752,2.1559,-3.08941,1.90618,0.183301,0.920858,0.057781
1729069,0.99,-2.7526,-1.32534,1.01106,-1.94699,1.10108,1.16771,2.20139,-2.75266,-1.32422,1.00895,-1.94565,1.10136,1.16858,2.20139,0.00134952,-0.000609135,3.61965e-05,-0.00115295,7.42123e-05,-1.02282e-05,0.00135842,0,0,0,0,0,0,0,-0.252064,26.766,-24.7643,7.54642,0.830705,2.51882,0.0523779,-0.192551,2.15692,-3.09131,1.907,0.183378,0.921029,0.0583967
1729070,0.99,-2.75261,-1.32534,1.01106,-1.94698,1.10108,1.16771,2.20138,-2.75266,-1.32422,1.00895,-1.94565,1.10136,1.16858,2.20139,-0.000213947,0.000800336,2.4131e-05,0.000344988,4.94749e-05,-6.81882e-06,-0.00123062,0,0,0,0,0,0,0,-0.204456,26.7144,-24.7643,7.49881,0.830705,2.51882,0.110056,-0.193084,2.15733,-3.09239,1.9077,0.183441,0.921196,0.0590237
1729071,0.99,-2.75261,-1.32534,1.01106,-1.94698,1.10108,1.16771,2.20138,-2.75266,-1.32422,1.00895,-1.94565,1.10136,1.16858,2.20139,-0.000792245,0.00118317,-0.000633527,0.000879606,3.29832e-05,0.000232813,0.000366382,0,0,0,0,0,0,0,-0.176685,26.6867,-24.7366,7.47104,0.830705,2.51242,0.0780126,-0.19267,2.15592,-3.09191,1.90865,0.183505,0.921243,0.0596455
1729072,0.99,-2.75261,-1.32534,1.01105,-1.94698,1.10108,1.16771,2.20138,-2.75266,-1.32422,1.00895,-1.94565,1.10136,1.16858,2.20139,-0.000528163,-0.00162407,-0.000422351,-6.321e-05,2.19888e-05,0.000155209,6.89555e-06,0,0,0,0,0,0,0,-0.176685,26.7898,-24.7366,7.49881,0.830705,2.51242,0.0844213,-0.190877,2.1533,-3.09034,1.90982,0.183583,0.921159,0.0602655
1729073,0.99,-2.75261,-1.32534,1.01105,-1.94698,1.10108,1.16771,2.20138,-2.75266,-1.32422,1.00895,-1.94565,1.10136,1.16858,2.20139,-0.000352109,-0.000525902,-0.000281567,-4.214e-05,0.00042156,-0.000133886,0.000716674,0,0,0,0,0,0,0,-0.176685,26.766,-24.7366,7.49881,0.819719,2.51882,0.0651953,-0.189106,2.15203,-3.08939,1.91067,0.183679,0.921074,0.0608812
1729074,0.99,-2.75261,-1.32534,1.01105,-1.94698,1.10108,1.16772,2.20139,-2.75266,-1.32422,1.00895,-1.94565,1.10136,1.16858,2.20139,0.000971687,0.000855825,-0.000187712,-2.80933e-05,7.75897e-05,-8.92576e-05,0.00118986,0,0,0,0,0,0,0,-0.22826,26.7144,-24.7366,7.49881,0.825212,2.51882,0.0459692,-0.188259,2.15173,-3.08891,1.91111,0.183752,0.92104,0.0614799
1729075,1,-2.75261,-1.32534,1.01105,-1.94698,1.10108,1.16771,2.20138,-2.75266,-1.32422,1.00895,-1.94565,1.10136,1.16858,2.20139,-0.000558635,0.00057055,-0.000681953,-1.87289e-05,-0.000151724,0.000177854,-0.000630914,0,0,0,0,0,0,0,-0.176685,26.7144,-24.7128,7.49881,0.830705,2.51242,0.0844213,-0.187983,2.15056,-3.08771,1.9115,0.18378,0.92101,0.0620356
1729076,1,-2.75261,-1.32534,1.01105,-1.94698,1.10108,1.16771,2.20138,-2.75266,-1.32422,1.00895,-1.94565,1.10136,1.16858,2.20139,-0.000929235,0.000380366,-0.000454635,-0.000569298,-0.00050805,0.000118569,0.000291467,0,0,0,0,0,0,0,-0.152882,26.7144,-24.7128,7.52262,0.841692,2.51242,0.0651953,-0.186377,2.14791,-3.08577,1.91278,0.183849,0.920944,0.0625276
1729077,1,-2.75261,-1.32534,1.01106,-1.94698,1.10108,1.16771,2.20139,-2.75266,-1.32422,1.00895,-1.94565,1.10136,1.16858,2.20139,0.00114375,-0.000952848,0.000253722,-0.000379532,6.82008e-05,-0.000158313,0.000431671,0,0,0,0,0,0,0,-0.22826,26.766,-24.7366,7.52262,0.830705,2.51882,0.0587866,-0.184196,2.14561,-3.08444,1.9145,0.183962,0.920919,0.0629604
1729078,1,-2.75261,-1.32534,1.01105,-1.94698,1.10108,1.16771,2.20139,-2.75266,-1.32422,1.00895,-1.94565,1.10136,1.16858,2.20139,-0.000443927,0.000571194,-0.000387664,0.000303791,-0.000157983,-0.000105542,0.00028778,0,0,0,0,0,0,0,-0.176685,26.7144,-24.7128,7.49881,0.836199,2.51882,0.0587866,-0.183726,2.1452,-3.08431,1.9153,0.184027,0.920991,0.0633356
1729079,1,-2.75261,-1.32534,1.01106,-1.94699,1.10108,1.16771,2.20139,-2.75266,-1.32422,1.00895,-1.94565,1.10136,1.16858,2.20139,-0.000295952,-0.00082563,0.000947983,-0.000911097,-0.000105322,-7.03612e-05,-0.000282864,0,0,0,0,0,0,0,-0.176685,26.766,-24.7643,7.54642,0.836199,2.51882,0.071604,-0.183651,2.14578,-3.08517,1.9158,0.184084,0.921129,0.0636488
1729080,1,-2.75261,-1.32534,1.01106,-1.94698,1.10108,1.16771,2.20139,-2.75266,-1.32422,1.00895,-1.94565,1.10136,1.16858,2.20139,0.00100912,0.000656006,-0.000574437,0.000506226,-7.02148e-05,0.00042781,4.87827e-05,0,0,0,0,0,0,0,-0.22826,26.7144,-24.7128,7.49881,0.836199,2.50601,0.0651953,-0.183643,2.14687,-3.0867,1.91626,0.18415,0.921315,0.0639036
1729081,1,-2.75261,-1.32534,1.01105,-1.94698,1.10108,1.16771,2.20139,-2.75266,-1.32422,1.00895,-1.94565,1.10136,1.16858,2.20139,-0.000533676,-0.000769089,-0.000382958,0.000987098,0.000360091,-0.000189511,0.00125322,0,0,0,0,0,0,0,-0.176685,26.766,-24.7128,7.47104,0.825212,2.51882,0.0322363,-0.185128,2.14837,-3.08773,1.91567,0.18414,0.921463,0.0641082
1729082,1,-2.75261,-1.32534,1.01105,-1.94698,1.10108,1.16771,2.20139,-2.75266,-1.32422,1.00895,-1.94565,1.10136,1.16858,2.20139,0.000850642,0.00134331,0.000301507,-0.000548361,0.000240061,-0.000126341,-0.000147861,0,0,0,0,0,0,0,-0.22826,26.6867,-24.7366,7.52262,0.825212,2.51882,0.0587866,-0.18722,2.14959,-3.08804,1.91451,0.184081,0.921551,0.0642612
1729083,1,-2.75261,-1.32534,1.01106,-1.94698,1.10108,1.16772,2.20139,-2.75266,-1.32422,1.00895,-1.94565,1.10136,1.16858,2.20139,1.02826e-05,0.000245929,0.000850618,0.000191238,0.000160041,0.000153132,-9.85739e-05,0,0,0,0,0,0,0,-0.204456,26.7144,-24.7643,7.49881,0.825212,2.51242,0.0587866,-0.188753,2.15009,-3.08847,1.91387,0.184039,0.921672,0.0643517
1729084,1,-2.75261,-1.32534,1.01106,-1.94698,1.10108,1.16771,2.20138,-2.75266,-1.32422,1.00895,-1.94565,1.10136,1.16858,2.20139,6.85509e-06,-0.000392859,-8.25351e-05,0.000127492,-9.67568e-05,-0.00037263,-0.000777793,0,0,0,0,0,0,0,-0.204456,26.7383,-24.7366,7.49881,0.830705,2.52523,0.0780126,-0.189805,2.15063,-3.08957,1.91362,0.184012,0.921842,0.0643812
1729085,1,-2.75261,-1.32534,1.01106,-1.94698,1.10108,1.16771,2.20139,-2.75266,-1.32422,1.00895,-1.94565,1.10136,1.16858,2.20139,4.57006e-06,0.000294906,0.000594591,8.49948e-05,-6.45046e-05,-0.00024842,0.00117689,0,0,0,0,0,0,0,-0.204456,26.7144,-24.7643,7.49881,0.830705,2.52523,0.0322363,-0.190587,2.15169,-3.09118,1.9134,0.183993,0.922027,0.0643711
1729086,1,-2.75261,-1.32534,1.01106,-1.94698,1.10108,1.16771,2.20139,-2.75266,-1.32422,1.00895,-1.94565,1.10136,1.16858,2.20139,3.04671e-06,0.000196604,0.000953206,-0.000500149,0.000160447,0.000783822,3.86098e-05,0,0,0,0,0,0,0,-0.204456,26.7144,-24.7881,7.52262,0.825212,2.4996,0.0523779,-0.190781,2.15273,-3.09319,1.91357,0.184002,0.922237,0.0643357
1729087,1,-2.75261,-1.32534,1.01106,-1.94698,1.10108,1.16771,2.20139,-2.75266,-1.32422,1.00895,-1.94565,1.10136,1.16858,2.20139,-0.000647583,-0.000425743,7.86585e-05,0.000872993,-9.64855e-05,-0.000426887,0.000263099,0,0,0,0,0,0,0,-0.176685,26.7383,-24.7643,7.47104,0.830705,2.52523,0.0459692,-0.190298,2.15374,-3.09561,1.91407,0.184034,0.922454,0.0642622
1729088,1,-2.75261,-1.32534,1.01106,-1.94698,1.10108,1.16771,2.20139,-2.75266,-1.32422,1.00895,-1.94565,1.10136,1.16858,2.20139,0.00133152,-0.000283829,-0.00115399,-6.76184e-05,-6.43237e-05,-0.000284592,-0.000774037,0,0,0,0,0,0,0,-0.252064,26.7383,-24.7128,7.49881,0.830705,2.52523,0.071604,-0.190658,2.15492,-3.09726,1.91393,0.184022,0.922605,0.0641382
1729089,1,-2.75261,-1.32534,1.01105,-1.94698,1.10108,1.16772,2.20139,-2.75266,-1.32422,1.00895,-1.94565,1.10136,1.16858,2.20139,-0.000875561,-0.000838833,-0.000769325,-0.000601891,-0.000246333,0.000522349,0.000433411,0,0,0,0,0,0,0,-0.176685,26.766,-24.7128,7.52262,0.836199,2.50601,0.0459692,-0.192141,2.15587,-3.09725,1.91327,0.183986,0.922663,0.0639753
1729090,1,-2.75261,-1.32534,1.01106,-1.94698,1.10108,1.16771,2.20139,-2.75266,-1.32422,1.00895,-1.94565,1.10136,1.16858,2.20139,6.59069e-05,0.000647204,0.000693543,0.000805165,0.000242679,0.000348233,0.000797567,0,0,0,0,0,0,0,-0.204456,26.7144,-24.7643,7.47104,0.825212,2.50601,0.0322363,-0.192862,2.15619,-3.09665,1.91311,0.183996,0.922674,0.0637947
1729091,1,-2.75261,-1.32534,1.01106,-1.94698,1.10108,1.16771,2.20139,-2.75266,-1.32422,1.00895,-1.94565,1.10136,1.16858,2.20139,4.39379e-05,0.000431469,0.000462362,-0.000669649,-0.000245115,-5.2038e-06,2.30852e-05,0,0,0,0,0,0,0,-0.204456,26.7144,-24.7643,7.52262,0.836199,2.51242,0.0459692,-0.192565,2.15595,-3.09664,1.91346,0.184028,0.922707,0.0635959
1729092,1,-2.75261,-1.32534,1.01105,-1.94698,1.10108,1.16771,2.20139,-2.75266,-1.32422,1.00895,-1.94565,1.10136,1.16858,2.20139,-0.000620322,-0.000269166,-0.000898185,0.000110379,4.00405e-05,-0.000240828,0.000998734,0,0,0,0,0,0,0,-0.176685,26.7383,-24.7128,7.49881,0.830705,2.51882,0.0194189,-0.191588,2.1551,-3.09676,1.91433,0.184088,0.922743,0.0633613
1729093,1,-2.75261,-1.32534,1.01105,-1.94698,1.10108,1.16771,2.20139,-2.75266,-1.32422,1.00895,-1.94565,1.10136,1.16858,2.20139,0.000236066,0.000377368,-4.19778e-05,0.0007232,-0.000380207,7.68068e-05,-0.000317521,0,0,0,0,0,0,0,-0.204456,26.7144,-24.7366,7.47104,0.841692,2.51242,0.0459692,-0.19049,2.15388,-3.09627,1.91518,0.184156,0.922721,0.0630745
1729094,1,-2.75261,-1.32534,1.01105,-1.94698,1.10108,1.16771,2.20139,-2.75266,-1.32422,1.00895,-1.94565,1.10136,1.16858,2.20139,-0.000492237,-0.000305233,-0.000584797,-0.000724292,-5.00211e-05,-0.000423513,-0.000211681,0,0,0,0,0,0,0,-0.176685,26.7383,-24.7128,7.52262,0.836199,2.52523,0.0459692,-0.189806,2.15272,-3.09543,1.91569,0.18421,0.922667,0.0627276
1729095,1,-2.75261,-1.32534,1.01106,-1.94698,1.10108,1.16771,2.20139,-2.75266,-1.32422,1.00895,-1.94565,1.10136,1.16858,2.20139,0.000321456,0.000353323,0.00137337,-0.000482862,0.000577004,-4.49833e-05,0.000130147,0,0,0,0,0,0,0,-0.204456,26.7144,-24.7881,7.52262,0.819719,2.51882,0.038645,-0.188904,2.15187,-3.09529,1.91651,0.184305,0.922682,0.0623366
1729096,1,-2.75261,-1.32534,1.01106,-1.94698,1.10108,1.16771,2.20139,-2.75266,-1.32422,1.00895,-1.94565,1.10136,1.16858,2.20139,-0.00043531,0.000885163,-0.000290844,-0.000321908,-0.000225682,-2.99888e-05,8.67645e-05,0,0,0,0,0,0,0,-0.176685,26.6867,-24.7366,7.52262,0.836199,2.51882,0.038645,-0.187497,2.15103,-3.09605,1.91787,0.184437,0.922789,0.0619213
1729097,1,-2.75262,-1.32534,1.01106,-1.94698,1.10108,1.16771,2.20139,-2.75266,-1.32422,1.00895,-1.94565,1.10136,1.16858,2.20139,-0.00205344,-0.000616317,0.000455718,0.000342207,-0.000150455,-1.99926e-05,-0.000213424,0,0,0,0,0,0,0,-0.101307,26.7383,-24.7643,7.49881,0.836199,2.51882,0.0459692,-0.184732,2.14962,-3.09699,1.91983,0.184609,0.922888,0.061486
1729098,1,-2.75261,-1.32534,1.01105,-1.94698,1.10108,1.16771,2.20139,-2.75266,-1.32422,1.00895,-1.94565,1.10136,1.16858,2.20139,0.000394275,0.000145934,-0.000902614,-0.000328674,0.000103147,-1.33284e-05,-0.000379642,0,0,0,0,0,0,0,-0.176685,26.7144,-24.7128,7.52262,0.830705,2.51882,0.0523779,-0.181071,2.14818,-3.09778,1.92193,0.184805,0.922936,0.0610325
1729099,1,-2.75261,-1.32534,1.01106,-1.94698,1.10108,1.16771,2.20139,-2.75266,-1.32422,1.00895,-1.94565,1.10136,1.16858,2.20139,0.00026285,9.72891e-05,0.000604683,0.00098731,0.000272215,-8.88558e-06,0.00073025,0,0,0,0,0,0,0,-0.176685,26.7144,-24.7643,7.47104,0.825212,2.51882,0.0258276,-0.179376,2.14757,-3.09816,1.92276,0.184911,0.922977,0.0605723
1729100,1,-2.75261,-1.32534,1.01105,-1.94698,1.10108,1.16771,2.20139,-2.75266,-1.32422,1.00895,-1.94565,1.10136,1.16858,2.20139,0.000824847,6.48594e-05,-0.000803304,-0.000548219,0.000181477,0.000468794,-0.00073387,0,0,0,0,0,0,0,-0.204456,26.7144,-24.7128,7.52262,0.825212,2.50601,0.0587866,-0.180603,2.14793,-3.09817,1.92194,0.18488,0.92304,0.0601115
1729101,1,-2.75261,-1.32534,1.01106,-1.94698,1.10108,1.16771,2.20139,-2.75266,-1.32422,1.00895,-1.94565,1.10136,1.16858,2.20139,0.000549898,-0.000513572,2.12762e-05,-0.00036548,-8.24659e-05,0.000312529,-1.45288e-05,0,0,0,0,0,0,0,-0.204456,26.7383,-24.7366,7.52262,0.830705,2.50601,0.0459692,-0.183492,2.1489,-3.09792,1.92043,0.184792,0.923122,0.0596499
1729102,1,-2.75261,-1.32534,1.01106,-1.94698,1.10108,1.16771,2.20139,-2.75266,-1.32422,1.00895,-1.94565,1.10136,1.16858,2.20139,0.000923411,0.00021443,0.000663798,0.000313159,-5.49773e-05,-2.9006e-05,-0.000247045,0,0,0,0,0,0,0,-0.22826,26.7144,-24.7643,7.49881,0.830705,2.51242,0.0523779,-0.18728,2.15059,-3.09808,1.91864,0.184677,0.923244,0.0592002
1729103,1,-2.75261,-1.32534,1.01106,-1.94698,1.10108,1.16771,2.20139,-2.75266,-1.32422,1.00895,-1.94565,1.10136,1.16858,2.20139,-0.000590819,-0.00106347,0.000442532,0.000858387,0.000166799,-1.93373e-05,-0.000164697,0,0,0,0,0,0,0,-0.176685,26.766,-24.7643,7.47104,0.825212,2.51242,0.0523779,-0.191353,2.15337,-3.0995,1.91644,0.184524,0.923407,0.0587751
1729104,1,-2.75261,-1.32534,1.01105,-1.94698,1.10108,1.16771,2.20139,-2.75266,-1.32422,1.00895,-1.94565,1.10136,1.16858,2.20139,-0.00160031,0.000497444,-0.000354593,-7.73562e-05,-0.000499152,0.000224467,-0.000347157,0,0,0,0,0,0,0,-0.125111,26.7144,-24.7366,7.49881,0.841692,2.50601,0.0587866,-0.193279,2.15583,-3.10143,1.91499,0.184427,0.923515,0.0583818
1729105,1,-2.75261,-1.32534,1.01106,-1.94698,1.10108,1.16771,2.20138,-2.75266,-1.32422,1.00895,-1.94565,1.10136,1.16858,2.20139,0.00134598,-0.000225182,0.000413219,0.000598043,0.000277583,-8.7714e-05,-0.000943515,0,0,0,0,0,0,0,-0.22826,26.7383,-24.7643,7.47104,0.825212,2.51242,0.0780126,-0.193031,2.15686,-3.10278,1.91462,0.184407,0.923531,0.0580285
1729106,1,-2.75261,-1.32534,1.01105,-1.94698,1.10108,1.16771,2.20139,-2.75266,-1.32422,1.00895,-1.94565,1.10136,1.16858,2.20139,0.000340509,-0.000150122,-0.00148776,-0.000250919,-0.000221845,-5.8476e-05,0.000320426,0,0,0,0,0,0,0,-0.204456,26.7383,-24.689,7.49881,0.836199,2.51242,0.0523779,-0.19393,2.15749,-3.10306,1.9138,0.18435,0.923501,0.0577268
1729107,1,-2.75261,-1.32534,1.01106,-1.94698,1.10108,1.16771,2.20138,-2.75266,-1.32422,1.00895,-1.94565,1.10136,1.16858,2.20139,0.000227006,-0.000749695,-0.000435027,-0.000167279,-0.000147897,0.000198375,-0.000261101,0,0,0,0,0,0,0,-0.204456,26.766,-24.7128,7.49881,0.836199,2.50601,0.0651953,-0.195963,2.15795,-3.10211,1.91263,0.184281,0.923412,0.0574868
1729108,1,-2.75261,-1.32534,1.01106,-1.94698,1.10108,1.16772,2.20138,-2.75266,-1.32422,1.00895,-1.94565,1.10136,1.16858,2.20139,-0.000498277,0.000149817,0.000916408,-0.000668331,0.000308303,-0.000105109,-0.000886144,0,0,0,0,0,0,0,-0.176685,26.7383,-24.7643,7.52262,0.825212,2.51242,0.0844213,-0.196881,2.15816,-3.10135,1.91229,0.184293,0.923328,0.0573089
1729109,1,-2.75261,-1.32534,1.01105,-1.94699,1.10108,1.16771,2.20138,-2.75266,-1.32422,1.00895,-1.94565,1.10136,1.16858,2.20139,0.00031743,0.00065669,-3.86754e-05,-0.00100237,0.000205535,-7.00727e-05,-0.000590763,0,0,0,0,0,0,0,-0.204456,26.7144,-24.7366,7.54642,0.825212,2.51242,0.0844213,-0.195807,2.15777,-3.10163,1.91335,0.184402,0.923314,0.0572012
1729110,1,-2.75261,-1.32534,1.01106,-1.94698,1.10108,1.16771,2.20139,-2.75266,-1.32422,1.00895,-1.94565,1.10136,1.16858,2.20139,-0.000437994,0.000437793,-2.57836e-05,0.00109499,-0.000269877,-4.67151e-05,0.000555594,0,0,0,0,0,0,0,-0.176685,26.7144,-24.7366,7.47104,0.836199,2.51242,0.0587866,-0.193701,2.15631,-3.10177,1.91511,0.184535,0.923291,0.0571781
1729111,1,-2.75261,-1.32534,1.01106,-1.94698,1.10108,1.16771,2.20139,-2.75266,-1.32422,1.00895,-1.94565,1.10136,1.16858,2.20139,-0.000291996,-0.000914564,-0.000574001,0.000729996,0.000226983,0.000206216,0.000370396,0,0,0,0,0,0,0,-0.176685,26.766,-24.7128,7.47104,0.825212,2.50601,0.0587866,-0.192219,2.15507,-3.10148,1.91598,0.184591,0.923193,0.0572313
1729112,1,-2.75261,-1.32534,1.01105,-1.94698,1.10108,1.16771,2.20138,-2.75266,-1.32422,1.00895,-1.94565,1.10136,1.16858,2.20139,-0.000194664,0.00124633,-0.000382667,0.000486664,-0.000255579,-9.98819e-05,-0.000227787,0,0,0,0,0,0,0,-0.176685,26.6867,-24.7128,7.47104,0.836199,2.51242,0.071604,-0.191479,2.15427,-3.10075,1.91591,0.184579,0.923023,0.0573333
1729113,1,-2.75261,-1.32534,1.01106,-1.94698,1.10108,1.16771,2.20139,-2.75266,-1.32422,1.00895,-1.94565,1.10136,1.16858,2.20139,0.000519838,0.000181273,0.000951314,0.000324443,0.000677324,-6.65879e-05,0.00032286,0,0,0,0,0,0,0,-0.204456,26.7144,-24.7643,7.47104,0.81331,2.51242,0.0587866,-0.191082,2.15324,-3.09984,1.91559,0.184535,0.922853,0.0574668
1729114,1,-2.75261,-1.32534,1.01105,-1.94698,1.10108,1.16771,2.20138,-2.75266,-1.32422,1.00895,-1.94565,1.10136,1.16858,2.20139,0.000346559,-0.000435963,-0.000572216,0.000216295,1.07401e-05,-4.4392e-05,-0.000971555,0,0,0,0,0,0,0,-0.204456,26.7383,-24.7128,7.47104,0.825212,2.51242,0.09083,-0.191681,2.15299,-3.09965,1.91481,0.184448,0.922761,0.0576216
1729115,1,-2.75261,-1.32534,1.01106,-1.94698,1.10108,1.16771,2.20138,-2.75266,-1.32422,1.00895,-1.94565,1.10136,1.16858,2.20139,-0.000975387,-0.000290642,0.000175334,-0.00106223,0.000210611,-0.000504313,-0.000647703,0,0,0,0,0,0,0,-0.152882,26.7383,-24.7366,7.52262,0.819719,2.52523,0.09083,-0.192198,2.15345,-3.10004,1.91425,0.184387,0.922723,0.0577977
1729116,1,-2.75261,-1.32534,1.01105,-1.94698,1.10108,1.16771,2.20138,-2.75266,-1.32422,1.00895,-1.94565,1.10136,1.16858,2.20139,0.000556168,-0.000193761,-0.000439922,-0.000708153,-0.000266494,0.00013851,-0.000194443,0,0,0,0,0,0,0,-0.204456,26.7383,-24.7128,7.52262,0.830705,2.51242,0.0844213,-0.191144,2.15354,-3.10054,1.91494,0.184425,0.922712,0.0580175
1729117,1,-2.75261,-1.32534,1.01106,-1.94698,1.10108,1.16771,2.20138,-2.75266,-1.32422,1.00895,-1.94565,1.10136,1.16858,2.20139,0.000927591,0.00107725,0.00026353,0.00129114,2.57879e-05,0.000329699,0.000582448,0,0,0,0,0,0,0,-0.22826,26.6867,-24.7366,7.44724,0.825212,2.50601,0.0651953,-0.190683,2.15344,-3.10063,1.91545,0.184425,0.922714,0.0582958
1729118,1,-2.75261,-1.32534,1.01105,-1.94698,1.10108,1.16771,2.20139,-2.75266,-1.32422,1.00895,-1.94565,1.10136,1.16858,2.20139,6.15818e-05,-0.000488258,-0.000381125,-0.000345669,1.71919e-05,0.000219799,0.000863017,0,0,0,0,0,0,0,-0.204456,26.7383,-24.7128,7.49881,0.825212,2.50601,0.0523779,-0.192073,2.15353,-3.10019,1.91471,0.184299,0.922695,0.0586212
1729119,1,-2.75261,-1.32534,1.01105,-1.94698,1.10108,1.16771,2.20139,-2.75266,-1.32422,1.00895,-1.94565,1.10136,1.16858,2.20139,4.10545e-05,0.000231307,-0.000254083,-0.000787258,0.000214912,0.000146533,0.000337985,0,0,0,0,0,0,0,-0.204456,26.7144,-24.7128,7.52262,0.819719,2.50601,0.0587866,-0.193294,2.15352,-3.09961,1.91406,0.184177,0.922657,0.0589633
1729120,1,-2.75261,-1.32534,1.01105,-1.94699,1.10108,1.16771,2.20138,-2.75266,-1.32422,1.00895,-1.94565,1.10136,1.16858,2.20139,2.73697e-05,0.000154204,-0.000726201,-0.00108165,0.000143275,-0.00013967,-0.000249394,0,0,0,0,0,0,0,-0.204456,26.7144,-24.689,7.54642,0.819719,2.51242,0.071604,-0.192986,2.15263,-3.09868,1.91465,0.184146,0.922596,0.0592903
1729121,1,-2.75261,-1.32534,1.01106,-1.94698,1.10108,1.16771,2.20139,-2.75266,-1.32422,1.00895,-1.94565,1.10136,1.16858,2.20139,0.000575058,-0.00110362,0.00062949,-0.000164288,-0.000311385,-9.31136e-05,0.000545814,0,0,0,0,0,0,0,-0.22826,26.766,-24.7366,7.52262,0.830705,2.51242,0.0523779,-0.192314,2.15191,-3.09803,1.91571,0.184143,0.922555,0.0595873
1729122,1,-2.75261,-1.32534,1.01106,-1.94698,1.10108,1.16771,2.20139,-2.75266,-1.32422,1.00895,-1.94565,1.10136,1.16858,2.20139,-0.000823054,-8.61347e-05,0.00041966,-0.000109526,-4.13927e-06,0.000175283,0.00134722,0,0,0,0,0,0,0,-0.176685,26.7383,-24.7366,7.52262,0.825212,2.50601,0.0258276,-0.192113,2.15283,-3.0989,1.91633,0.184108,0.922583,0.0598499
1729123,1,-2.75261,-1.32534,1.01106,-1.94698,1.10108,1.16771,2.20139,-2.75266,-1.32422,1.00895,-1.94565,1.10136,1.16858,2.20139,0.000100912,0.000499389,-0.000277039,0.00169022,-0.000409661,-0.000120503,0.000152162,0,0,0,0,0,0,0,-0.204456,26.7144,-24.7128,7.44724,0.836199,2.51242,0.0459692,-0.191891,2.15419,-3.10031,1.91647,0.184021,0.922591,0.0600582
1729124,1,-2.75261,-1.32534,1.01105,-1.94698,1.10108,1.16771,2.20138,-2.75266,-1.32422,1.00895,-1.94565,1.10136,1.16858,2.20139,6.72744e-05,0.000332926,-0.000184692,0.00112681,-6.96565e-05,-8.03357e-05,-0.000610636,0,0,0,0,0,0,0,-0.204456,26.7144,-24.7128,7.44724,0.830705,2.51242,0.0651953,-0.192457,2.15494,-3.10064,1.91555,0.18383,0.922493,0.0601832
1729125,1,-2.75261,-1.32534,1.01105,-1.94698,1.10108,1.16771,2.20139,-2.75266,-1.32422,1.00895,-1.94565,1.10136,1.16858,2.20139,-0.000604764,0.000221951,0.000433684,-0.000455217,-4.64377e-05,-5.35571e-05,0.000813613,0,0,0,0,0,0,0,-0.176685,26.7144,-24.7366,7.49881,0.830705,2.51242,0.0322363,-0.193236,2.15515,-3.10037,1.91432,0.183616,0.922354,0.0602306
1729126,1,-2.75261,-1.32534,1.01105,-1.94698,1.10108,1.16772,2.20139,-2.75266,-1.32422,1.00895,-1.94565,1.10136,1.16858,2.20139,0.00080325,-0.000408845,-0.00026769,-0.000303478,0.000375943,0.000676372,3.37821e-05,0,0,0,0,0,0,0,-0.22826,26.7383,-24.7128,7.49881,0.819719,2.49319,0.0459692,-0.193241,2.15507,-3.1003,1.91389,0.183491,0.922255,0.0602194
1729127,1,-2.75261,-1.32534,1.01106,-1.94698,1.10108,1.16771,2.20139,-2.75266,-1.32422,1.00895,-1.94565,1.10136,1.16858,2.20139,-0.000670926,-0.000922177,0.000378352,-0.000202319,4.71779e-05,-0.000261162,0.00100587,0,0,0,0,0,0,0,-0.176685,26.766,-24.7366,7.49881,0.825212,2.51242,0.0194189,-0.193353,2.15568,-3.10076,1.91373,0.183423,0.922207,0.0601463
1729128,1,-2.75261,-1.32534,1.01106,-1.94698,1.10108,1.16771,2.20139,-2.75266,-1.32422,1.00895,-1.94565,1.10136,1.16858,2.20139,-0.0010041,0.000591641,0.000252235,-0.000134879,-0.000171999,-0.000174108,0.000433218,0,0,0,0,0,0,0,-0.152882,26.7144,-24.7366,7.49881,0.830705,2.51242,0.0258276,-0.192474,2.15648,-3.10179,1.91418,0.183421,0.922173,0.0600045
1729129,1,-2.75261,-1.32534,1.01105,-1.94698,1.10108,1.16771,2.20139,-2.75266,-1.32422,1.00895,-1.94565,1.10136,1.16858,2.20139,0.00109384,-0.000162385,-0.000388655,-0.000646731,8.87848e-05,0.000121287,0.000288812,0,0,0,0,0,0,0,-0.22826,26.7383,-24.7128,7.52262,0.825212,2.50601,0.0258276,-0.190569,2.15637,-3.10248,1.91535,0.183466,0.922119,0.0597828
1729130,1,-2.75261,-1.32534,1.01105,-1.94698,1.10108,1.16771,2.20139,-2.75266,-1.32422,1.00895,-1.94565,1.10136,1.16858,2.20139,0.000172415,-0.000108256,-0.000259104,0.000775272,5.91899e-05,-0.00039386,-0.00102816,0,0,0,0,0,0,0,-0.204456,26.7383,-24.7128,7.47104,0.825212,2.51882,0.0587866,-0.190284,2.15617,-3.10226,1.91578,0.183446,0.922043,0.0594704
1729131,1,-2.75261,-1.32534,1.01105,-1.94698,1.10108,1.16771,2.20139,-2.75266,-1.32422,1.00895,-1.94565,1.10136,1.16858,2.20139,0.000114943,-7.21709e-05,-0.000729548,0.000516848,0.00024291,-2.52144e-05,-0.000210723,0,0,0,0,0,0,0,-0.204456,26.7383,-24.689,7.47104,0.819719,2.51242,0.0459692,-0.19187,2.15643,-3.10127,1.91494,0.183323,0.921929,0.0590855
1729132,1,-2.75261,-1.32534,1.01105,-1.94698,1.10108,1.16771,2.20139,-2.75266,-1.32422,1.00895,-1.94565,1.10136,1.16858,2.20139,-0.000572985,-4.81139e-05,7.04468e-05,-0.000305049,-0.000244961,0.000220549,0.000605503,0,0,0,0,0,0,0,-0.176685,26.7383,-24.7128,7.49881,0.830705,2.50601,0.0258276,-0.193269,2.15647,-3.09988,1.91398,0.183186,0.921777,0.0586687
1729133,1,-2.75261,-1.32534,1.01105,-1.94698,1.10108,1.16771,2.20139,-2.75266,-1.32422,1.00895,-1.94565,1.10136,1.16858,2.20139,0.000267624,-0.00068169,4.69646e-05,-0.000203366,-0.000773659,-9.0326e-05,0.000403669,0,0,0,0,0,0,0,-0.204456,26.766,-24.7128,7.49881,0.847185,2.51242,0.0258276,-0.193601,2.1565,-3.09899,1.91367,0.183111,0.921657,0.0582395
1729134,1,-2.75261,-1.32534,1.01105,-1.94698,1.10108,1.16771,2.20139,-2.75266,-1.32422,1.00895,-1.94565,1.10136,1.16858,2.20139,-0.000471198,0.000751966,3.13097e-05,0.000514037,9.45791e-05,0.000177142,0.000506471,0,0,0,0,0,0,0,-0.176685,26.7144,-24.7128,7.47104,0.830705,2.50601,0.0194189,-0.193435,2.15673,-3.09868,1.91368,0.183078,0.92158,0.0577878
1729135,1,-2.75261,-1.32534,1.01105,-1.94698,1.10108,1.16771,2.20139,-2.75266,-1.32422,1.00895,-1.94565,1.10136,1.16858,2.20139,-0.00152056,0.000501311,0.000577685,-0.000306923,-0.000343848,0.000355453,-0.000883056,0,0,0,0,0,0,0,-0.125111,26.7144,-24.7366,7.49881,0.841692,2.4996,0.0523779,-0.191666,2.15596,-3.09843,1.91447,0.183111,0.92149,0.0573033
1729136,1,-2.75261,-1.32534,1.01105,-1.94698,1.10108,1.16771,2.20139,-2.75266,-1.32422,1.00895,-1.94565,1.10136,1.16858,2.20139,0.000192721,-0.000222605,-0.000171689,0.000444999,-2.57817e-05,-3.90052e-07,0.000394641,0,0,0,0,0,0,0,-0.176685,26.7383,-24.7128,7.47104,0.836199,2.50601,0.0258276,-0.188276,2.15437,-3.09832,1.91603,0.183222,0.921384,0.0567901
1729137,0.99,-2.75261,-1.32534,1.01105,-1.94699,1.10108,1.16771,2.20138,-2.75266,-1.32422,1.00895,-1.94565,1.10136,1.16858,2.20139,0.000778094,0.00105802,-0.000114459,-0.00146657,-1.71878e-05,-0.000237619,-0.00143233,0,0,0,0,0,0,0,-0.204456,26.6867,-24.7128,7.54642,0.836199,2.51242,0.071604,-0.185848,2.15292,-3.09795,1.91729,0.183339,0.921289,0.0562637
1729138,0.99,-2.75261,-1.32534,1.01105,-1.94698,1.10108,1.16772,2.20139,-2.75266,-1.32422,1.00895,-1.94565,1.10136,1.16858,2.20139,-0.000130884,-0.00115069,-7.6306e-05,-0.000420903,0.000395443,0.000316305,-5.44913e-06,0,0,0,0,0,0,0,-0.176685,26.766,-24.7128,7.52262,0.825212,2.4996,0.0459692,-0.184875,2.15177,-3.09722,1.91824,0.18346,0.921227,0.0557474
1729139,0.99,-2.75261,-1.32534,1.01105,-1.94698,1.10108,1.16771,2.20139,-2.75266,-1.32422,1.00895,-1.94565,1.10136,1.16858,2.20139,-8.72562e-05,-0.000767128,-5.08707e-05,0.000925824,6.01778e-05,-0.000263848,0.000504994,0,0,0,0,0,0,0,-0.176685,26.766,-24.7128,7.47104,0.830705,2.51242,0.0322363,-0.185136,2.15226,-3.09714,1.91839,0.18356,0.921188,0.0552654
1729140,0.99,-2.75261,-1.32534,1.01105,-1.94698,1.10108,1.16771,2.20139,-2.75266,-1.32422,1.00895,-1.94565,1.10136,1.16858,2.20139,0.000591443,0.000695007,-0.000590726,-3.23979e-05,-0.000366782,6.14605e-05,-0.000171964,0,0,0,0,0,0,0,-0.204456,26.7144,-24.689,7.49881,0.841692,2.50601,0.0459692,-0.186809,2.15395,-3.09718,1.91727,0.183579,0.921117,0.0548224
1729141,0.99,-2.75261,-1.32534,1.01105,-1.94698,1.10108,1.16771,2.20138,-2.75266,-1.32422,1.00895,-1.94565,1.10136,1.16858,2.20139,0.000394295,-0.000743088,0.000719807,-2.15986e-05,0.000162379,4.09736e-05,-0.00106408,0,0,0,0,0,0,0,-0.204456,26.766,-24.7366,7.49881,0.830705,2.50601,0.071604,-0.189271,2.15556,-3.09684,1.91567,0.183553,0.921029,0.0544087
1729142,0.99,-2.75261,-1.32534,1.01106,-1.94698,1.10108,1.16771,2.20138,-2.75266,-1.32422,1.00895,-1.94565,1.10136,1.16858,2.20139,-0.000943562,0.000711034,0.000479871,-1.43991e-05,-0.000298648,2.73158e-05,-0.000472027,0,0,0,0,0,0,0,-0.152882,26.7144,-24.7366,7.49881,0.841692,2.50601,0.0651953,-0.190982,2.15708,-3.09717,1.91455,0.183563,0.920982,0.0540352
1729143,0.99,-2.75261,-1.32534,1.01105,-1.94699,1.10108,1.16771,2.20139,-2.75266,-1.32422,1.00895,-1.94565,1.10136,1.16858,2.20139,-7.22296e-05,0.000474023,-0.000236898,-0.00112322,0.000614703,-0.000219148,0.00066866,0,0,0,0,0,0,0,-0.176685,26.7144,-24.7128,7.54642,0.819719,2.51242,0.038645,-0.190255,2.15724,-3.09761,1.91492,0.18368,0.920927,0.0537307
1729144,0.99,-2.75261,-1.32534,1.01105,-1.94698,1.10108,1.16772,2.20139,-2.75266,-1.32422,1.00895,-1.94565,1.10136,1.16858,2.20139,-0.000604965,0.000965629,-0.00136436,0.000364808,2.90118e-06,-0.000146099,0.000174506,0,0,0,0,0,0,0,-0.152882,26.6867,-24.6612,7.49881,0.830705,2.51242,0.0459692,-0.187653,2.15503,-3.09641,1.9166,0.183878,0.920771,0.0534967
1729145,0.99,-2.75261,-1.32534,1.01105,-1.94699,1.10108,1.16771,2.20138,-2.75266,-1.32422,1.00895,-1.94565,1.10136,1.16858,2.20139,0.000803116,0.000643753,-0.000259958,-0.000870418,1.93412e-06,-9.73993e-05,-0.000833099,0,0,0,0,0,0,0,-0.204456,26.6867,-24.689,7.54642,0.830705,2.51242,0.071604,-0.185087,2.15134,-3.09335,1.91842,0.184061,0.920519,0.0533056
1729146,0.99,-2.75261,-1.32534,1.01105,-1.94699,1.10108,1.16771,2.20138,-2.75266,-1.32422,1.00895,-1.94565,1.10136,1.16858,2.20139,-0.000114203,0.000429169,0.000383507,-2.34669e-05,1.28941e-06,-6.49329e-05,-0.00103012,0,0,0,0,0,0,0,-0.176685,26.6867,-24.7128,7.52262,0.830705,2.51242,0.0844213,-0.183571,2.14797,-3.09027,1.9198,0.184191,0.920304,0.0531477
1729147,0.99,-2.75261,-1.32534,1.01105,-1.94698,1.10108,1.16771,2.20139,-2.75266,-1.32422,1.00895,-1.94565,1.10136,1.16858,2.20139,-7.61356e-05,-0.000920314,-0.000301141,0.000541167,8.59609e-07,-0.000280648,0.00100868,0,0,0,0,0,0,0,-0.176685,26.7383,-24.689,7.49881,0.830705,2.51882,0.038645,-0.183259,2.14654,-3.08872,1.92032,0.184259,0.920193,0.0530428
1729148,0.99,-2.75261,-1.32534,1.01105,-1.94698,1.10108,1.16771,2.20139,-2.75266,-1.32422,1.00895,-1.94565,1.10136,1.16858,2.20139,0.000598857,-0.00126316,-0.000850375,0.00101039,0.000848284,0.000524978,0.00090981,0,0,0,0,0,0,0,-0.204456,26.766,-24.6612,7.47104,0.807817,2.4996,0.0322363,-0.185094,2.14789,-3.08832,1.91904,0.184216,0.920125,0.0529936
1729149,0.99,-2.75261,-1.32534,1.01105,-1.94698,1.10108,1.16771,2.20138,-2.75266,-1.32422,1.00895,-1.94565,1.10136,1.16858,2.20139,-0.000250376,-0.000842104,8.26976e-05,-0.000532831,-0.000282188,0.000112627,-0.00132624,0,0,0,0,0,0,0,-0.176685,26.766,-24.689,7.52262,0.830705,2.50601,0.0844213,-0.188711,2.15137,-3.08851,1.91641,0.184083,0.920079,0.0529674
1729150,0.99,-2.75261,-1.32534,1.01105,-1.94698,1.10108,1.16771,2.20138,-2.75266,-1.32422,1.00895,-1.94565,1.10136,1.16858,2.20139,-0.000166917,8.82111e-05,0.000611944,0.000201591,-0.000188125,0.000312443,-0.000646801,0,0,0,0,0,0,0,-0.176685,26.7383,-24.7128,7.49881,0.830705,2.4996,0.0780126,-0.191444,2.15505,-3.08946,1.91438,0.183976,0.920085,0.0529521
1729151,0.99,-2.75261,-1.32534,1.01105,-1.94698,1.10108,1.16772,2.20139,-2.75266,-1.32422,1.00895,-1.94565,1.10136,1.16858,2.20139,0.00109515,5.88074e-05,0.000407962,0.00134082,-0.000125417,-2.90633e-05,0.000280876,0,0,0,0,0,0,0,-0.22826,26.7383,-24.7128,7.44724,0.830705,2.50601,0.0587866,-0.193591,2.15832,-3.09094,1.91274,0.183857,0.920131,0.0529751
1729152,0.99,-2.75261,-1.32534,1.01105,-1.94698,1.10108,1.16771,2.20139,-2.75266,-1.32422,1.00895,-1.94565,1.10136,1.16858,2.20139,-0.000476327,0.000596017,-0.000284837,0.00089388,0.000119839,-0.000256734,0.000933236,0,0,0,0,0,0,0,-0.176685,26.7144,-24.689,7.44724,0.825212,2.51242,0.038645,-0.196416,2.161,-3.09192,1.91051,0.183654,0.920142,0.0530518
1729153,0.99,-2.75261,-1.32534,1.01105,-1.94698,1.10108,1.16771,2.20138,-2.75266,-1.32422,1.00895,-1.94565,1.10136,1.16858,2.20139,0.000332062,-0.000159467,-0.000839505,-0.000610506,7.98928e-05,-0.000171156,-0.00178534,0,0,0,0,0,0,0,-0.204456,26.7383,-24.6612,7.49881,0.825212,2.51242,0.103647,-0.198344,2.162,-3.09149,1.90883,0.183474,0.920063,0.0531636
1729154,0.99,-2.75261,-1.32534,1.01105,-1.94698,1.10108,1.16771,2.20139,-2.75266,-1.32422,1.00895,-1.94565,1.10136,1.16858,2.20139,0.000221375,0.00110011,8.99438e-05,-0.000407004,-0.000150189,-0.000114104,-0.000240791,0,0,0,0,0,0,0,-0.204456,26.6867,-24.689,7.49881,0.830705,2.51242,0.0780126,-0.198548,2.16104,-3.08981,1.90863,0.183401,0.919941,0.0533024
1729155,0.99,-2.75261,-1.32534,1.01105,-1.94698,1.10108,1.16771,2.20138,-2.75266,-1.32422,1.00895,-1.94565,1.10136,1.16858,2.20139,0.000147583,-0.000473016,5.99625e-05,0.000378278,-0.000100126,0.000161289,-0.000160527,0,0,0,0,0,0,0,-0.204456,26.7383,-24.689,7.47104,0.830705,2.50601,0.0780126,-0.197932,2.15936,-3.088,1.90923,0.183386,0.919845,0.0534932
1729156,0.99,-2.75261,-1.32534,1.01105,-1.94698,1.10108,1.16771,2.20138,-2.75266,-1.32422,1.00895,-1.94565,1.10136,1.16858,2.20139,9.83888e-05,0.000241468,-0.000609639,-0.000397429,-0.000270201,0.000107526,-0.00105645,0,0,0,0,0,0,0,-0.204456,26.7144,-24.6612,7.49881,0.836199,2.50601,0.103647,-0.197288,2.1581,-3.08658,1.9098,0.183384,0.919775,0.0537482
1729157,0.99,-2.75261,-1.32534,1.01105,-1.94698,1.10108,1.16772,2.20139,-2.75266,-1.32422,1.00895,-1.94565,1.10136,1.16858,2.20139,6.55926e-05,0.000160978,0.00135681,0.000384662,0.000226767,0.000546402,0.00095721,0,0,0,0,0,0,0,-0.204456,26.7144,-24.7366,7.47104,0.825212,2.49319,0.0587866,-0.196598,2.15735,-3.08574,1.91031,0.183398,0.91973,0.0540719
1729158,0.99,-2.75261,-1.32534,1.01105,-1.94698,1.10108,1.16771,2.20138,-2.75266,-1.32422,1.00895,-1.94565,1.10136,1.16858,2.20139,4.37284e-05,-0.00109911,-0.000209083,-0.000393173,-5.22725e-05,-0.000347809,-7.39369e-05,0,0,0,0,0,0,0,-0.204456,26.766,-24.689,7.49881,0.830705,2.51242,0.0780126,-0.196,2.15769,-3.08621,1.91065,0.18342,0.919746,0.0544636
1729159,0.99,-2.75261,-1.32534,1.01105,-1.94698,1.10108,1.16771,2.20139,-2.75266,-1.32422,1.00895,-1.94565,1.10136,1.16858,2.20139,-0.000620462,0.000473688,-0.000789002,0.000387499,-3.48483e-05,0.000242845,0.000900144,0,0,0,0,0,0,0,-0.176685,26.7144,-24.6612,7.47104,0.830705,2.4996,0.0523779,-0.195326,2.15848,-3.08684,1.9109,0.183461,0.919738,0.054897
1729160,0.99,-2.75261,-1.32534,1.01105,-1.94698,1.10108,1.16771,2.20139,-2.75266,-1.32422,1.00895,-1.94565,1.10136,1.16858,2.20139,0.000792785,0.000315792,0.000680424,-0.000391282,0.000383669,0.000161897,0.0018208,0,0,0,0,0,0,0,-0.22826,26.7144,-24.7128,7.49881,0.819719,2.4996,0.0194189,-0.194333,2.15832,-3.08643,1.91134,0.183513,0.919646,0.0553423
1729161,0.99,-2.75261,-1.32534,1.01105,-1.94698,1.10108,1.16771,2.20139,-2.75266,-1.32422,1.00895,-1.94565,1.10136,1.16858,2.20139,-0.00123471,0.000210528,-0.000103196,0.00038876,5.23287e-05,-0.000129428,0.000230522,0,0,0,0,0,0,0,-0.152882,26.7144,-24.689,7.47104,0.825212,2.50601,0.0459692,-0.193029,2.15752,-3.08584,1.91196,0.183562,0.919533,0.0557559
1729162,0.99,-2.75261,-1.32534,1.01105,-1.94698,1.10108,1.16771,2.20139,-2.75266,-1.32422,1.00895,-1.94565,1.10136,1.16858,2.20139,0.000383283,-0.00106607,-6.87972e-05,-0.000390441,3.48858e-05,0.000151074,-0.000321036,0,0,0,0,0,0,0,-0.204456,26.766,-24.689,7.49881,0.825212,2.4996,0.0587866,-0.191378,2.15695,-3.08559,1.91267,0.183617,0.919414,0.0560857
1729163,0.99,-2.75261,-1.32534,1.01105,-1.94698,1.10108,1.16771,2.20138,-2.75266,-1.32422,1.00895,-1.94565,1.10136,1.16858,2.20139,0.000255522,0.00049571,0.000510947,-0.000260294,-0.000180193,-0.000374002,-0.000688742,0,0,0,0,0,0,0,-0.204456,26.7144,-24.7128,7.49881,0.830705,2.51242,0.071604,-0.190393,2.1572,-3.08573,1.91307,0.18365,0.91932,0.0563226
1729164,0.99,-2.75261,-1.32534,1.01105,-1.94698,1.10108,1.16771,2.20139,-2.75266,-1.32422,1.00895,-1.94565,1.10136,1.16858,2.20139,-0.00103608,-0.000226339,-0.00142261,0.000476085,-0.000120129,-0.000249335,0.0021857,0,0,0,0,0,0,0,-0.152882,26.7383,-24.6374,7.47104,0.830705,2.51242,0.000192821,-0.18971,2.1572,-3.0854,1.91338,0.183665,0.919204,0.0564957
1729165,0.99,-2.75261,-1.32534,1.01105,-1.94698,1.10108,1.16771,2.20139,-2.75266,-1.32422,1.00895,-1.94565,1.10136,1.16858,2.20139,-0.000133907,0.00040592,0.000258022,0.00031739,0.000123365,7.11358e-05,-0.000238291,0,0,0,0,0,0,0,-0.176685,26.7144,-24.689,7.47104,0.825212,2.50601,0.0459692,-0.188387,2.15611,-3.08388,1.9138,0.183678,0.918991,0.0566094
1729166,0.99,-2.75261,-1.32534,1.01105,-1.94698,1.10108,1.16771,2.20139,-2.75266,-1.32422,1.00895,-1.94565,1.10136,1.16858,2.20139,0.00111715,-0.000286199,0.000172014,-0.000438021,-0.000324658,4.74239e-05,0.000349766,0,0,0,0,0,0,0,-0.22826,26.7383,-24.689,7.49881,0.836199,2.50601,0.0322363,-0.187813,2.15527,-3.08234,1.91376,0.183653,0.918801,0.056636
1729167,0.99,-2.75261,-1.32534,1.01105,-1.94698,1.10108,1.16771,2.20139,-2.75266,-1.32422,1.00895,-1.94565,1.10136,1.16858,2.20139,-0.000461656,0.000366013,0.0012283,-0.000292014,0.000190462,3.16159e-05,-0.000512808,0,0,0,0,0,0,0,-0.176685,26.7144,-24.7366,7.49881,0.825212,2.50601,0.0523779,-0.188349,2.15552,-3.08202,1.91337,0.183603,0.918743,0.0565717
1729168,0.99,-2.75261,-1.32534,1.01105,-1.94698,1.10108,1.16771,2.20139,-2.75266,-1.32422,1.00895,-1.94565,1.10136,1.16858,2.20139,-0.000307771,0.000893622,-0.000944371,0.00101175,-7.64756e-05,0.000258436,0.00182827,0,0,0,0,0,0,0,-0.176685,26.6867,-24.6612,7.44724,0.830705,2.4996,-0.00621587,-0.188346,2.15547,-3.08205,1.91326,0.183568,0.918709,0.0564364
1729169,0.99,-2.75261,-1.32534,1.01105,-1.94698,1.10108,1.16772,2.20139,-2.75266,-1.32422,1.00895,-1.94565,1.10136,1.16858,2.20139,-0.00020518,-0.00126029,0.000576845,-0.000531926,-5.09837e-05,0.00040965,-0.000205309,0,0,0,0,0,0,0,-0.176685,26.766,-24.7128,7.49881,0.830705,2.49319,0.0322363,-0.187809,2.15492,-3.08153,1.91316,0.183541,0.918604,0.056228
1729170,0.99,-2.75261,-1.32534,1.01105,-1.94698,1.10108,1.16771,2.20139,-2.75266,-1.32422,1.00895,-1.94565,1.10136,1.16858,2.20139,-0.000136787,0.00101585,-0.00193549,0.000851809,0.000372912,-0.000438977,-0.000136873,0,0,0,0,0,0,0,-0.176685,26.6867,-24.6136,7.44724,0.819719,2.51242,0.0322363,-0.187555,2.15445,-3.08036,1.91278,0.183512,0.918434,0.0559274
1729171,0.99,-2.75261,-1.32534,1.01105,-1.94698,1.10108,1.16771,2.20139,-2.75266,-1.32422,1.00895,-1.94565,1.10136,1.16858,2.20139,0.000558423,2.76164e-05,0.000472914,0.000567872,4.51574e-05,-0.000292651,-0.00107459,0,0,0,0,0,0,0,-0.204456,26.7144,-24.689,7.44724,0.825212,2.51242,0.0587866,-0.18807,2.15348,-3.07798,1.91187,0.183435,0.918191,0.0555436
1729172,0.99,-2.75261,-1.32534,1.01105,-1.94698,1.10108,1.16772,2.20138,-2.75266,-1.32422,1.00895,-1.94565,1.10136,1.16858,2.20139,-0.000834144,-0.000538401,0.000872088,-0.00017823,3.01049e-05,0.000279617,-0.000953754,0,0,0,0,0,0,0,-0.152882,26.7383,-24.7128,7.47104,0.825212,2.4996,0.0651953,-0.189016,2.15314,-3.07636,1.9106,0.183325,0.918009,0.0551154
1729173,0.99,-2.75261,-1.32534,1.01105,-1.94698,1.10108,1.16772,2.20139,-2.75266,-1.32422,1.00895,-1.94565,1.10136,1.16858,2.20139,0.00065033,0.000197878,-0.000625034,-0.000768434,2.007e-05,0.00042377,0.00105958,0,0,0,0,0,0,0,-0.204456,26.7144,-24.6612,7.49881,0.825212,2.49319,0.0194189,-0.189264,2.15373,-3.07637,1.90989,0.183268,0.917941,0.0546911
1729174,0.99,-2.75261,-1.32534,1.01105,-1.94698,1.10108,1.16771,2.20139,-2.75266,-1.32422,1.00895,-1.94565,1.10136,1.16858,2.20139,0.000433553,-0.00107451,-0.000973501,0.00125095,1.338e-05,-0.000192204,-0.000276954,0,0,0,0,0,0,0,-0.204456,26.766,-24.6374,7.42344,0.825212,2.50601,0.0459692,-0.190159,2.15452,-3.07592,1.90895,0.183203,0.917854,0.0542899
1729175,0.99,-2.75261,-1.32534,1.01105,-1.94698,1.10108,1.16771,2.20139,-2.75266,-1.32422,1.00895,-1.94565,1.10136,1.16858,2.20139,-0.000360578,-6.67242e-05,-9.21889e-05,-0.000929272,0.000212371,-0.000128136,0.00032399,0,0,0,0,0,0,0,-0.176685,26.7383,-24.6612,7.49881,0.819719,2.50601,0.0322363,-0.192138,2.15572,-3.0748,1.90731,0.18309,0.917717,0.053899
1729176,0.99,-2.75261,-1.32534,1.01105,-1.94698,1.10108,1.16771,2.20139,-2.75266,-1.32422,1.00895,-1.94565,1.10136,1.16858,2.20139,0.00096604,-4.44828e-05,0.000588155,0.000586911,-0.000468771,-8.54242e-05,-0.000292633,0,0,0,0,0,0,0,-0.22826,26.7383,-24.689,7.44724,0.836199,2.50601,0.0459692,-0.193782,2.15701,-3.07411,1.90592,0.182985,0.917613,0.0535154
1729177,0.99,-2.75261,-1.32534,1.01105,-1.94698,1.10108,1.16771,2.20139,-2.75266,-1.32422,1.00895,-1.94565,1.10136,1.16858,2.20139,8.72149e-05,-0.000679269,-0.000257511,-0.000165538,9.43869e-05,0.000180409,0.000313538,0,0,0,0,0,0,0,-0.204456,26.766,-24.6612,7.47104,0.825212,2.4996,0.0322363,-0.195641,2.15869,-3.07414,1.90447,0.182867,0.917573,0.0531389
1729178,0.99,-2.75261,-1.32534,1.01105,-1.94698,1.10108,1.16772,2.20139,-2.75266,-1.32422,1.00895,-1.94565,1.10136,1.16858,2.20139,-0.000591471,0.00075358,-0.000171674,-0.000759973,-0.000343976,0.000120273,-2.83338e-05,0,0,0,0,0,0,0,-0.176685,26.7144,-24.6612,7.49881,0.836199,2.4996,0.038645,-0.196584,2.15978,-3.07404,1.90362,0.182793,0.917521,0.0527698
1729179,0.99,-2.75261,-1.32534,1.01105,-1.94699,1.10108,1.16772,2.20139,-2.75266,-1.32422,1.00895,-1.94565,1.10136,1.16858,2.20139,-0.000394314,0.000502387,0.000535165,-0.00162027,0.000381034,8.0182e-05,-0.000290157,0,0,0,0,0,0,0,-0.176685,26.7144,-24.689,7.54642,0.819719,2.4996,0.0459692,-0.19433,2.15857,-3.07337,1.90497,0.182878,0.917434,0.0524118
1729180,0.99,-2.75261,-1.32534,1.01105,-1.94698,1.10108,1.16771,2.20138,-2.75266,-1.32422,1.00895,-1.94565,1.10136,1.16858,2.20139,0.000386738,0.000334924,0.000356776,0.000683056,-0.000152878,5.34547e-05,-0.000905515,0,0,0,0,0,0,0,-0.204456,26.7144,-24.689,7.47104,0.830705,2.4996,0.0651953,-0.190584,2.15627,-3.07279,1.90745,0.183032,0.917356,0.0520651
1729181,0.99,-2.75261,-1.32534,1.01105,-1.94698,1.10108,1.16772,2.20138,-2.75266,-1.32422,1.00895,-1.94565,1.10136,1.16858,2.20139,-0.000948601,-0.000333529,0.000237851,0.00101218,0.000101532,-0.000201722,-0.00107839,0,0,0,0,0,0,0,-0.152882,26.7383,-24.689,7.44724,0.825212,2.50601,0.0780126,-0.188093,2.15499,-3.07268,1.90876,0.183089,0.917272,0.0517398
1729182,0.99,-2.75261,-1.32534,1.01105,-1.94698,1.10108,1.16772,2.20139,-2.75266,-1.32422,1.00895,-1.94565,1.10136,1.16858,2.20139,0.000574026,0.000334459,-0.000491047,0.000674789,6.76877e-05,0.000340236,0.000739133,0,0,0,0,0,0,0,-0.204456,26.7144,-24.6612,7.44724,0.825212,2.49319,0.038645,-0.187258,2.15482,-3.0725,1.90844,0.183026,0.917127,0.0514654
1729183,0.99,-2.75261,-1.32534,1.01105,-1.94698,1.10108,1.16771,2.20139,-2.75266,-1.32422,1.00895,-1.94565,1.10136,1.16858,2.20139,0.000382684,0.000222973,0.000879061,0.000449859,4.51251e-05,-0.000485253,0.000221488,0,0,0,0,0,0,0,-0.204456,26.7144,-24.7128,7.44724,0.825212,2.51242,0.0459692,-0.188063,2.15521,-3.07197,1.90699,0.182877,0.916954,0.0512598
1729184,0.99,-2.75261,-1.32534,1.01105,-1.94698,1.10108,1.16771,2.20138,-2.75266,-1.32422,1.00895,-1.94565,1.10136,1.16858,2.20139,0.000255122,0.000148649,-0.0011772,-0.00090652,-0.000173367,-0.000323502,-0.0012765,0,0,0,0,0,0,0,-0.204456,26.7144,-24.6374,7.49881,0.830705,2.51242,0.0844213,-0.18963,2.15555,-3.07115,1.90541,0.182718,0.916801,0.0511077
1729185,0.99,-2.75261,-1.32534,1.01105,-1.94698,1.10108,1.16771,2.20138,-2.75266,-1.32422,1.00895,-1.94565,1.10136,1.16858,2.20139,0.000726894,9.9099e-05,0.000421628,-0.00116116,8.78725e-05,-0.000215668,-0.000850997,0,0,0,0,0,0,0,-0.22826,26.7144,-24.689,7.52262,0.825212,2.51242,0.0844213,-0.19066,2.15513,-3.06977,1.90479,0.182642,0.916672,0.0510037
1729186,0.99,-2.75261,-1.32534,1.01105,-1.94698,1.10108,1.16771,2.20138,-2.75266,-1.32422,1.00895,-1.94565,1.10136,1.16858,2.20139,-0.00072183,0.00071568,-0.000368529,-0.000217294,-0.000348319,9.35804e-05,-9.26133e-05,0,0,0,0,0,0,0,-0.176685,26.6867,-24.6612,7.49881,0.836199,2.50601,0.071604,-0.19054,2.15386,-3.06817,1.90531,0.182658,0.916575,0.0509755
1729187,0.99,-2.75261,-1.32534,1.01105,-1.94698,1.10108,1.16771,2.20138,-2.75266,-1.32422,1.00895,-1.94565,1.10136,1.16858,2.20139,-0.00103803,-0.000172494,0.000403928,0.000504751,0.000378139,6.23869e-05,0.000175617,0,0,0,0,0,0,0,-0.152882,26.7144,-24.689,7.47104,0.819719,2.50601,0.0651953,-0.188687,2.152,-3.06684,1.90659,0.182732,0.916469,0.0510415
1729188,0.99,-2.75261,-1.32534,1.01105,-1.94698,1.10108,1.16771,2.20138,-2.75266,-1.32422,1.00895,-1.94565,1.10136,1.16858,2.20139,-0.000692021,-0.000114996,0.000269285,-0.000313113,-0.000154809,0.00027895,-0.000832358,0,0,0,0,0,0,0,-0.152882,26.7144,-24.689,7.49881,0.830705,2.4996,0.09083,-0.18562,2.15047,-3.06633,1.90803,0.182828,0.916362,0.0511905
1729189,0.99,-2.75261,-1.32534,1.01105,-1.94698,1.10108,1.16771,2.20138,-2.75266,-1.32422,1.00895,-1.94565,1.10136,1.16858,2.20139,9.54644e-05,-7.6664e-05,0.000179524,0.000997684,-0.000103206,0.000185967,-8.01874e-05,0,0,0,0,0,0,0,-0.176685,26.7144,-24.689,7.44724,0.830705,2.4996,0.0780126,-0.183089,2.15001,-3.06662,1.90884,0.182887,0.916286,0.0514099
1729190,0.99,-2.75261,-1.32534,1.01105,-1.94698,1.10108,1.16772,2.20138,-2.75266,-1.32422,1.00895,-1.94565,1.10136,1.16858,2.20139,6.36429e-05,-5.11093e-05,0.000119682,-0.000541303,0.000575456,0.000361337,-0.000528176,0,0,0,0,0,0,0,-0.176685,26.7144,-24.689,7.49881,0.81331,2.49319,0.09083,-0.18227,2.15047,-3.06704,1.90858,0.182867,0.916225,0.0517009
1729191,0.99,-2.75261,-1.32534,1.01105,-1.94698,1.10108,1.16771,2.20139,-2.75266,-1.32422,1.00895,-1.94565,1.10136,1.16858,2.20139,-0.000514383,-3.40729e-05,-0.00168345,-0.000360869,-5.7172e-05,-0.000471186,0.0001226,0,0,0,0,0,0,0,-0.152882,26.7144,-24.6136,7.49881,0.825212,2.51242,0.0780126,-0.182088,2.15058,-3.06655,1.90817,0.182832,0.916122,0.0520664
1729192,0.99,-2.75261,-1.32534,1.01105,-1.94698,1.10108,1.16772,2.20138,-2.75266,-1.32422,1.00895,-1.94565,1.10136,1.16858,2.20139,0.000863504,0.00118371,-0.0011223,0.000409035,-0.000241565,0.000397953,8.17336e-05,0,0,0,0,0,0,0,-0.204456,26.6629,-24.6136,7.47104,0.830705,2.49319,0.0780126,-0.18201,2.14901,-3.06376,1.908,0.182794,0.915892,0.0525007
1729193,0.99,-2.75261,-1.32534,1.01105,-1.94698,1.10108,1.16772,2.20138,-2.75266,-1.32422,1.00895,-1.94565,1.10136,1.16858,2.20139,-0.000630757,-0.000417285,-0.0007482,0.00027269,4.2407e-05,2.79431e-05,5.44891e-05,0,0,0,0,0,0,0,-0.152882,26.7144,-24.6136,7.47104,0.825212,2.4996,0.0780126,-0.18269,2.14652,-3.0594,1.90742,0.182701,0.915572,0.0529884
1729194,0.99,-2.75261,-1.32534,1.01105,-1.94698,1.10108,1.16771,2.20138,-2.75266,-1.32422,1.00895,-1.94565,1.10136,1.16858,2.20139,-0.000420505,-0.000835002,0.000614824,-0.000467821,2.82714e-05,-0.000456089,3.63261e-05,0,0,0,0,0,0,0,-0.152882,26.7383,-24.6612,7.49881,0.825212,2.51242,0.0780126,-0.183262,2.14517,-3.05629,1.90673,0.182612,0.915313,0.053513
1729195,0.99,-2.75261,-1.32534,1.01105,-1.94698,1.10108,1.16772,2.20138,-2.75266,-1.32422,1.00895,-1.94565,1.10136,1.16858,2.20139,0.000276476,-0.000556668,0.00161631,0.000894545,-0.000388053,0.000408017,-0.000450501,0,0,0,0,0,0,0,-0.176685,26.7383,-24.7128,7.44724,0.836199,2.49319,0.09083,-0.183792,2.14655,-3.05651,1.90586,0.182536,0.91525,0.0540627
1729196,0.99,-2.75261,-1.32534,1.01105,-1.94698,1.10108,1.16771,2.20139,-2.75266,-1.32422,1.00895,-1.94565,1.10136,1.16858,2.20139,0.000184317,0.0001857,-0.000128887,3.95516e-05,0.000148199,-0.000202706,0.00163245,0,0,0,0,0,0,0,-0.176685,26.7144,-24.6612,7.47104,0.825212,2.50601,0.038645,-0.185281,2.14988,-3.05896,1.90428,0.182412,0.915334,0.0546315
1729197,0.99,-2.75261,-1.32534,1.01105,-1.94698,1.10108,1.16771,2.20139,-2.75266,-1.32422,1.00895,-1.94565,1.10136,1.16858,2.20139,0.000772492,-0.000433012,0.000563689,2.63678e-05,9.87992e-05,0.000102221,0.000579671,0,0,0,0,0,0,0,-0.204456,26.7383,-24.689,7.47104,0.825212,2.4996,0.0523779,-0.187557,2.15323,-3.06128,1.90233,0.182259,0.91543,0.0552023
1729198,0.99,-2.75261,-1.32534,1.01105,-1.94698,1.10108,1.16771,2.20139,-2.75266,-1.32422,1.00895,-1.94565,1.10136,1.16858,2.20139,0.000514995,0.000268137,-0.000273821,1.75785e-05,-0.000137584,-0.000169211,0.000149089,0,0,0,0,0,0,0,-0.204456,26.7144,-24.6612,7.47104,0.830705,2.50601,0.0587866,-0.190344,2.15598,-3.06273,1.90034,0.182102,0.915499,0.055733
1729199,0.99,-2.75261,-1.32534,1.01105,-1.94698,1.10108,1.16772,2.20139,-2.75266,-1.32422,1.00895,-1.94565,1.10136,1.16858,2.20139,-0.000306284,0.000178758,-0.000739359,0.000568531,0.000111728,0.000124551,9.93924e-05,0,0,0,0,0,0,0,-0.176685,26.7144,-24.6374,7.44724,0.825212,2.4996,0.0587866,-0.192762,2.15738,-3.06271,1.89863,0.181961,0.915478,0.0561954
1729200,0.99,-2.75261,-1.32534,1.01105,-1.94698,1.10108,1.16772,2.20139,-2.75266,-1.32422,1.00895,-1.94565,1.10136,1.16858,2.20139,0.00100224,-0.00043764,0.00071352,-0.000177791,-0.000128965,-0.000154325,0.00104961,0,0,0,0,0,0,0,-0.22826,26.7383,-24.689,7.47104,0.830705,2.50601,0.0322363,-0.194566,2.15781,-3.06172,1.89723,0.181845,0.915386,0.0565882
1729201,0.99,-2.75261,-1.32534,1.01105,-1.94698,1.10108,1.16772,2.20139,-2.75266,-1.32422,1.00895,-1.94565,1.10136,1.16858,2.20139,-0.00109508,0.000914666,0.00047568,0.000438284,0.000117474,0.000134476,0.000937096,0,0,0,0,0,0,0,-0.152882,26.6867,-24.689,7.44724,0.825212,2.4996,0.0258276,-0.195551,2.15809,-3.06125,1.89626,0.181767,0.915319,0.0569078
1729202,0.99,-2.75261,-1.32534,1.01105,-1.94698,1.10108,1.16772,2.20139,-2.75266,-1.32422,1.00895,-1.94565,1.10136,1.16858,2.20139,-0.000730053,-0.000596649,-0.00144612,-0.000914236,7.83157e-05,8.96505e-05,-0.000358613,0,0,0,0,0,0,0,-0.152882,26.7383,-24.6136,7.49881,0.825212,2.4996,0.0523779,-0.194011,2.15699,-3.06053,1.89671,0.1818,0.915208,0.0571337
1729203,0.99,-2.75261,-1.32534,1.01105,-1.94698,1.10108,1.16772,2.20139,-2.75266,-1.32422,1.00895,-1.94565,1.10136,1.16858,2.20139,-0.000486702,0.000159046,0.000799159,0.000596935,5.22105e-05,0.000297126,0.00050691,0,0,0,0,0,0,0,-0.152882,26.7144,-24.689,7.44724,0.825212,2.49319,0.0322363,-0.190511,2.15477,-3.05909,1.89824,0.181926,0.915019,0.0572522
1729204,0.99,-2.75261,-1.32534,1.01105,-1.94698,1.10108,1.16771,2.20139,-2.75266,-1.32422,1.00895,-1.94565,1.10136,1.16858,2.20139,-0.000324468,0.000755645,-0.00123047,-0.000158855,3.4807e-05,-0.000276634,-0.000170687,0,0,0,0,0,0,0,-0.152882,26.6867,-24.6136,7.47104,0.825212,2.50601,0.0459692,-0.186907,2.15232,-3.05736,1.89974,0.182046,0.914802,0.0572747
1729205,0.99,-2.75261,-1.32534,1.01105,-1.94698,1.10108,1.16772,2.20139,-2.75266,-1.32422,1.00895,-1.94565,1.10136,1.16858,2.20139,0.0003405,-0.000702663,-0.000263498,-0.000105904,0.000226655,0.000290295,0.000394835,0,0,0,0,0,0,0,-0.176685,26.7383,-24.6374,7.47104,0.819719,2.49319,0.0322363,-0.184173,2.14975,-3.055,1.90077,0.182118,0.914558,0.057214
1729206,0.99,-2.75261,-1.32534,1.01105,-1.94698,1.10108,1.16771,2.20139,-2.75266,-1.32422,1.00895,-1.94565,1.10136,1.16858,2.20139,-0.000329812,-0.00111806,-0.000175665,0.00048621,0.000388462,-4.38288e-05,-0.000720121,0,0,0,0,0,0,0,-0.152882,26.766,-24.6374,7.44724,0.81331,2.4996,0.0587866,-0.183238,2.1488,-3.05306,1.90072,0.18212,0.914348,0.0570773
1729207,0.99,-2.75261,-1.32534,1.01105,-1.94698,1.10108,1.16772,2.20139,-2.75266,-1.32422,1.00895,-1.94565,1.10136,1.16858,2.20139,-0.000869489,-9.57566e-05,0.000439702,-0.000232672,-0.000181835,0.00020814,0.000503264,0,0,0,0,0,0,0,-0.125111,26.7383,-24.6612,7.47104,0.825212,2.49319,0.0322363,-0.182953,2.14971,-3.0526,1.90005,0.182079,0.914208,0.0568836
1729208,0.99,-2.75261,-1.32534,1.01105,-1.94698,1.10108,1.16771,2.20139,-2.75266,-1.32422,1.00895,-1.94565,1.10136,1.16858,2.20139,0.000626767,-6.38377e-05,0.000293134,0.000401697,8.22275e-05,-0.000335958,9.81502e-05,0,0,0,0,0,0,0,-0.176685,26.7383,-24.6612,7.44724,0.819719,2.50601,0.038645,-0.18233,2.15103,-3.05303,1.8995,0.182025,0.91412,0.0566559
1729209,0.99,-2.75261,-1.32534,1.01105,-1.94698,1.10108,1.16771,2.20139,-2.75266,-1.32422,1.00895,-1.94565,1.10136,1.16858,2.20139,-0.000788581,-4.25585e-05,-0.000361389,-0.000289014,-0.000352083,1.33869e-05,0.000302792,0,0,0,0,0,0,0,-0.125111,26.7383,-24.6374,7.47104,0.830705,2.4996,0.0322363,-0.181871,2.1521,-3.05342,1.89894,0.181941,0.914047,0.0563987
1729210,0.99,-2.75261,-1.32534,1.01105,-1.94698,1.10108,1.16771,2.20139,-2.75266,-1.32422,1.00895,-1.94565,1.10136,1.16858,2.20139,0.000680705,0.00052844,0.0009655,0.000364136,-0.000234722,-0.000228434,0.000439221,0,0,0,0,0,0,0,-0.176685,26.7144,-24.689,7.44724,0.830705,2.50601,0.0258276,-0.181382,2.15265,-3.05348,1.89849,0.181845,0.913972,0.0561086
1729211,0.99,-2.75261,-1.32534,1.01105,-1.94698,1.10108,1.16771,2.20139,-2.75266,-1.32422,1.00895,-1.94565,1.10136,1.16858,2.20139,0.000453803,0.00100191,0.000643667,0.000242757,-0.000359932,8.50694e-05,-0.000181904,0,0,0,0,0,0,0,-0.176685,26.6867,-24.689,7.44724,0.836199,2.4996,0.038645,-0.181412,2.15291,-3.05362,1.89783,0.181715,0.913938,0.0557822
1729212,0.99,-2.75261,-1.32534,1.01105,-1.94698,1.10108,1.16772,2.20139,-2.75266,-1.32422,1.00895,-1.94565,1.10136,1.16858,2.20139,0.000302536,-0.0011881,-0.000220503,-0.00104459,-0.000239954,0.000531431,0.000353448,0,0,0,0,0,0,0,-0.176685,26.766,-24.6612,7.49881,0.836199,2.48678,0.0258276,-0.182137,2.1533,-3.05383,1.89695,0.181582,0.913937,0.0554154
1729213,0.99,-2.75261,-1.32534,1.01105,-1.94698,1.10108,1.16772,2.20139,-2.75266,-1.32422,1.00895,-1.94565,1.10136,1.16858,2.20139,0.00020169,-0.000142454,-0.000703814,-4.67778e-05,0.000246931,-0.000120431,-0.000510353,0,0,0,0,0,0,0,-0.176685,26.7383,-24.6374,7.47104,0.825212,2.4996,0.0459692,-0.182999,2.15401,-3.05363,1.8962,0.181513,0.913905,0.0550097
1729214,0.99,-2.75261,-1.32534,1.01105,-1.94698,1.10108,1.16772,2.20139,-2.75266,-1.32422,1.00895,-1.94565,1.10136,1.16858,2.20139,0.000784074,-9.49693e-05,-0.00102602,-3.11852e-05,-3.88296e-05,-8.02871e-05,0.00040575,0,0,0,0,0,0,0,-0.204456,26.7383,-24.6136,7.47104,0.830705,2.4996,0.0258276,-0.184327,2.15451,-3.05221,1.89523,0.181464,0.91378,0.0545749
1729215,0.99,-2.75261,-1.32534,1.01105,-1.94698,1.10108,1.16772,2.20139,-2.75266,-1.32422,1.00895,-1.94565,1.10136,1.16858,2.20139,-0.000126898,0.00114311,-0.000127202,-0.000670404,-2.58864e-05,-5.35247e-05,-0.000204218,0,0,0,0,0,0,0,-0.176685,26.6867,-24.6374,7.49881,0.830705,2.4996,0.038645,-0.185481,2.15377,-3.04942,1.89445,0.181429,0.913567,0.0541263
1729216,0.99,-2.75261,-1.32534,1.01105,-1.94698,1.10108,1.16772,2.20138,-2.75266,-1.32422,1.00895,-1.94565,1.10136,1.16858,2.20139,-8.45985e-05,-0.00109396,0.00047201,0.00075949,0.000389643,0.000201676,-0.00111949,0,0,0,0,0,0,0,-0.176685,26.766,-24.6612,7.44724,0.819719,2.49319,0.0651953,-0.185623,2.15255,-3.0469,1.8942,0.181432,0.913353,0.053671
1729217,0.99,-2.75261,-1.32534,1.01105,-1.94698,1.10108,1.16771,2.20139,-2.75266,-1.32422,1.00895,-1.94565,1.10136,1.16858,2.20139,-5.6399e-05,-7.96957e-05,-0.000242138,-5.04854e-05,-0.000350589,-0.000102908,0.000474377,0,0,0,0,0,0,0,-0.176685,26.7383,-24.6374,7.47104,0.836199,2.4996,0.0322363,-0.185603,2.15265,-3.04588,1.89368,0.18143,0.913191,0.0532227
1729218,0.99,-2.75261,-1.32534,1.01105,-1.94698,1.10108,1.16772,2.20139,-2.75266,-1.32422,1.00895,-1.94565,1.10136,1.16858,2.20139,0.000612015,0.000503681,-0.000718237,-3.36569e-05,0.000173175,-6.86056e-05,-0.000667093,0,0,0,0,0,0,0,-0.204456,26.7144,-24.6136,7.47104,0.825212,2.4996,0.0587866,-0.185857,2.15313,-3.045,1.89291,0.181417,0.913025,0.0528041
1729219,0.99,-2.75261,-1.32534,1.01105,-1.94698,1.10108,1.16772,2.20139,-2.75266,-1.32422,1.00895,-1.94565,1.10136,1.16858,2.20139,-0.000241604,0.000335788,7.7987e-05,0.000534374,-8.80006e-05,-4.57371e-05,0.000775974,0,0,0,0,0,0,0,-0.176685,26.7144,-24.6374,7.44724,0.830705,2.4996,0.0258276,-0.186058,2.15266,-3.04324,1.8923,0.181403,0.912816,0.0524237
1729220,0.99,-2.75261,-1.32534,1.01105,-1.94698,1.10108,1.16771,2.20138,-2.75266,-1.32422,1.00895,-1.94565,1.10136,1.16858,2.20139,-0.000717881,0.000223858,-0.000504821,-0.000200563,0.000144783,-3.04914e-05,-0.00165282,0,0,0,0,0,0,0,-0.152882,26.7144,-24.6136,7.47104,0.825212,2.4996,0.0844213,-0.185329,2.15148,-3.04129,1.89215,0.181416,0.912586,0.0520788
1729221,0.99,-2.75261,-1.32534,1.01105,-1.94698,1.10108,1.16772,2.20139,-2.75266,-1.32422,1.00895,-1.94565,1.10136,1.16858,2.20139,0.000727838,-0.000407573,0.000220265,0.000423104,0.000537332,0.00045439,8.4913e-05,0,0,0,0,0,0,0,-0.204456,26.7383,-24.6374,7.44724,0.81331,2.48678,0.0523779,-0.184052,2.15045,-3.03974,1.89224,0.181453,0.912372,0.0517724
1729222,0.99,-2.75261,-1.32534,1.01105,-1.94698,1.10108,1.16772,2.20139,-2.75266,-1.32422,1.00895,-1.94565,1.10136,1.16858,2.20139,0.000485226,0.000934711,0.000146843,0.000282069,0.000120862,0.000302927,-0.00018075,0,0,0,0,0,0,0,-0.204456,26.6867,-24.6374,7.44724,0.819719,2.48678,0.0587866,-0.184059,2.15036,-3.03873,1.89162,0.181427,0.912208,0.0515239
1729223,0.99,-2.75261,-1.32534,1.01105,-1.94698,1.10108,1.16772,2.20139,-2.75266,-1.32422,1.00895,-1.94565,1.10136,1.16858,2.20139,-0.00153256,0.00117995,9.78955e-05,0.000188046,0.000317934,-3.54077e-05,-0.000357859,0,0,0,0,0,0,0,-0.125111,26.6629,-24.6374,7.44724,0.81331,2.49319,0.0651953,-0.183615,2.1496,-3.03771,1.89126,0.181382,0.912035,0.051346
1729224,0.99,-2.75261,-1.32534,1.01105,-1.94698,1.10108,1.16772,2.20138,-2.75266,-1.32422,1.00895,-1.94565,1.10136,1.16858,2.20139,0.000184722,0.000229823,0.000622076,-0.00163787,-0.000635755,-0.000260964,-0.000713291,0,0,0,0,0,0,0,-0.176685,26.6867,-24.6612,7.52262,0.836199,2.4996,0.0780126,-0.18041,2.14716,-3.03673,1.89269,0.181439,0.911846,0.0512384
1729225,0.99,-2.75261,-1.32534,1.01104,-1.94698,1.10107,1.16771,2.20138,-2.75266,-1.32422,1.00895,-1.94565,1.10136,1.16858,2.20139,0.000123148,-0.00105321,-0.000698907,0.00011451,-0.000627287,-0.000411335,-0.0011876,0,0,0,0,0,0,0,-0.176685,26.7383,-24.6136,7.47104,0.841692,2.50601,0.0972387,-0.176816,2.14525,-3.03644,1.89475,0.181555,0.911714,0.051201
1729226,0.99,-2.75261,-1.32534,1.01104,-1.94698,1.10108,1.16771,2.20138,-2.75266,-1.32422,1.00895,-1.94565,1.10136,1.16858,2.20139,0.00128852,-0.00135175,-0.00111555,0.000633152,0.000395611,-3.68644e-05,-7.96591e-05,0,0,0,0,0,0,0,-0.22826,26.766,-24.5858,7.44724,0.819719,2.4996,0.0780126,-0.17667,2.14597,-3.03625,1.89482,0.181565,0.911602,0.0512425
1729227,0.99,-2.75261,-1.32534,1.01105,-1.94698,1.10108,1.16772,2.20138,-2.75266,-1.32422,1.00895,-1.94565,1.10136,1.16858,2.20139,0.000302204,-0.000251556,0.000462725,0.000422101,6.029e-05,-2.45763e-05,-0.000527824,0,0,0,0,0,0,0,-0.204456,26.7383,-24.6374,7.44724,0.825212,2.4996,0.09083,-0.180303,2.14907,-3.03592,1.89238,0.181418,0.911488,0.0513808
1729228,0.99,-2.75261,-1.32534,1.01105,-1.94698,1.10108,1.16772,2.20138,-2.75266,-1.32422,1.00895,-1.94565,1.10136,1.16858,2.20139,0.00020147,0.00103872,0.000865295,-0.000275411,4.01933e-05,-1.63842e-05,0.000122835,0,0,0,0,0,0,0,-0.204456,26.6867,-24.6612,7.47104,0.825212,2.4996,0.0780126,-0.184201,2.15225,-3.03608,1.88972,0.18124,0.911424,0.0516281
1729229,0.99,-2.75261,-1.32534,1.01105,-1.94698,1.10108,1.16772,2.20138,-2.75266,-1.32422,1.00895,-1.94565,1.10136,1.16858,2.20139,0.000134313,4.28675e-05,2.00514e-05,0.000373205,2.67956e-05,-1.09228e-05,-0.000630187,0,0,0,0,0,0,0,-0.204456,26.7144,-24.6374,7.44724,0.825212,2.4996,0.0972387,-0.186222,2.15388,-3.03648,1.88826,0.18112,0.911394,0.0519791
1729230,0.99,-2.75261,-1.32534,1.01105,-1.94698,1.10108,1.16772,2.20138,-2.75266,-1.32422,1.00895,-1.94565,1.10136,1.16858,2.20139,8.9542e-05,2.85783e-05,1.33676e-05,0.000805615,-0.000185587,-7.28185e-06,-0.000182766,0,0,0,0,0,0,0,-0.204456,26.7144,-24.6374,7.42344,0.830705,2.4996,0.09083,-0.187428,2.15462,-3.03654,1.88718,0.181018,0.91134,0.052417
1729231,0.99,-2.75261,-1.32534,1.01104,-1.94698,1.10108,1.16772,2.20138,-2.75266,-1.32422,1.00895,-1.94565,1.10136,1.16858,2.20139,5.96947e-05,-0.00118737,-0.00119751,-0.000576547,-0.000530626,-0.000242214,0.000115515,0,0,0,0,0,0,0,-0.204456,26.766,-24.5858,7.47104,0.841692,2.50601,0.0844213,-0.188612,2.15533,-3.03599,1.88599,0.180931,0.911237,0.0529317
1729232,0.99,-2.75261,-1.32534,1.01105,-1.94698,1.10108,1.16772,2.20138,-2.75266,-1.32422,1.00895,-1.94565,1.10136,1.16858,2.20139,-0.000609817,0.000414843,0.000964895,-0.00103398,0.000256601,7.58833e-05,7.70102e-05,0,0,0,0,0,0,0,-0.176685,26.7144,-24.6612,7.49881,0.825212,2.4996,0.0844213,-0.188572,2.15567,-3.03522,1.88576,0.180956,0.911131,0.0535171
1729233,0.99,-2.75261,-1.32534,1.01105,-1.94698,1.10108,1.16772,2.20138,-2.75266,-1.32422,1.00895,-1.94565,1.10136,1.16858,2.20139,-0.000406545,0.000276562,8.64514e-05,0.000517107,0.000171067,0.000287948,0.000763417,0,0,0,0,0,0,0,-0.176685,26.7144,-24.6374,7.44724,0.825212,2.49319,0.0651953,-0.186428,2.15506,-3.03487,1.88697,0.1811,0.911064,0.0541592
1729234,0.99,-2.75261,-1.32534,1.01105,-1.94698,1.10108,1.16772,2.20139,-2.75266,-1.32422,1.00895,-1.94565,1.10136,1.16858,2.20139,-0.00027103,-0.000372437,5.76343e-05,-0.000212074,0.000114045,0.000191965,0.00122102,0,0,0,0,0,0,0,-0.176685,26.7383,-24.6374,7.47104,0.825212,2.49319,0.0459692,-0.183623,2.15404,-3.03469,1.88841,0.181256,0.910998,0.0548276
1729235,0.99,-2.75261,-1.32534,1.01105,-1.94698,1.10108,1.16772,2.20138,-2.75266,-1.32422,1.00895,-1.94565,1.10136,1.16858,2.20139,0.000468927,-0.000897905,0.000595235,0.000972241,7.603e-05,-0.000109382,0.000101937,0,0,0,0,0,0,0,-0.204456,26.766,-24.6612,7.42344,0.825212,2.4996,0.0651953,-0.182294,2.15423,-3.0349,1.88875,0.181338,0.910941,0.0554749
1729236,0.99,-2.75261,-1.32534,1.01105,-1.94698,1.10108,1.16771,2.20139,-2.75266,-1.32422,1.00895,-1.94565,1.10136,1.16858,2.20139,0.000312618,-0.00115542,-0.000159989,0.000648161,-0.000152764,-7.29214e-05,0.00128866,0,0,0,0,0,0,0,-0.204456,26.7898,-24.6374,7.42344,0.830705,2.4996,0.0322363,-0.183671,2.1567,-3.03588,1.88724,0.181295,0.910926,0.0560599
1729237,1,-2.75261,-1.32534,1.01105,-1.94698,1.10108,1.16772,2.20139,-2.75266,-1.32422,1.00895,-1.94565,1.10136,1.16858,2.20139,-0.000441202,0.000436149,-0.000106659,-0.000124705,-0.000305293,0.000188745,0.000621749,0,0,0,0,0,0,0,-0.176685,26.7383,-24.6374,7.44724,0.836199,2.49319,0.038645,-0.186053,2.15968,-3.03663,1.88505,0.181207,0.910892,0.0565619
1729238,1,-2.75261,-1.32534,1.01105,-1.94698,1.10108,1.16772,2.20139,-2.75266,-1.32422,1.00895,-1.94565,1.10136,1.16858,2.20139,-0.000294135,0.000847578,-7.11061e-05,-8.31365e-05,-7.8213e-08,0.000363189,0.000651858,0,0,0,0,0,0,0,-0.176685,26.7144,-24.6374,7.44724,0.830705,2.48678,0.0322363,-0.186504,2.1603,-3.03602,1.88419,0.181205,0.910777,0.0569635
1729239,1,-2.75261,-1.32534,1.01105,-1.94698,1.10108,1.16772,2.20139,-2.75266,-1.32422,1.00895,-1.94565,1.10136,1.16858,2.20139,-0.000752902,0.000565052,0.000509408,-5.54243e-05,0.000203398,-0.000232592,0.000197213,0,0,0,0,0,0,0,-0.152882,26.7144,-24.6612,7.44724,0.825212,2.4996,0.038645,-0.184557,2.15841,-3.03444,1.88493,0.181303,0.910603,0.0572498
1729240,1,-2.75261,-1.32534,1.01105,-1.94698,1.10108,1.16772,2.20138,-2.75266,-1.32422,1.00895,-1.94565,1.10136,1.16858,2.20139,0.000704491,-0.000829725,-0.000774019,-3.69496e-05,0.000339049,0.000319656,-0.00132659,0,0,0,0,0,0,0,-0.204456,26.766,-24.6136,7.44724,0.819719,2.48678,0.0780126,-0.182282,2.15619,-3.03277,1.88592,0.181421,0.910422,0.0574141
1729241,1,-2.75261,-1.32534,1.01105,-1.94698,1.10108,1.16772,2.20139,-2.75266,-1.32422,1.00895,-1.94565,1.10136,1.16858,2.20139,-0.000179953,9.64642e-05,0.00124723,-0.00123106,2.25824e-05,-2.42546e-05,0.000302404,0,0,0,0,0,0,0,-0.176685,26.7383,-24.689,7.49881,0.825212,2.49319,0.0459692,-0.181147,2.15519,-3.03169,1.88646,0.18152,0.91029,0.0574796
1729242,1,-2.75261,-1.32534,1.01105,-1.94698,1.10108,1.16772,2.20139,-2.75266,-1.32422,1.00895,-1.94565,1.10136,1.16858,2.20139,0.000529645,6.43095e-05,0.00018187,-0.000171092,1.5055e-05,-1.61697e-05,-3.57565e-05,0,0,0,0,0,0,0,-0.204456,26.7383,-24.6612,7.47104,0.825212,2.49319,0.0523779,-0.18043,2.15507,-3.03166,1.88708,0.181622,0.91024,0.0574923
1729243,1,-2.75261,-1.32534,1.01105,-1.94698,1.10108,1.16772,2.20139,-2.75266,-1.32422,1.00895,-1.94565,1.10136,1.16858,2.20139,-0.000296517,0.000599685,-0.000435566,-0.000763675,-0.000193414,0.000226579,0.000959506,0,0,0,0,0,0,0,-0.176685,26.7144,-24.6374,7.49881,0.830705,2.48678,0.0258276,-0.179602,2.15458,-3.0315,1.88795,0.181721,0.910177,0.0574718
1729244,1,-2.75261,-1.32534,1.01105,-1.94698,1.10108,1.16772,2.20138,-2.75266,-1.32422,1.00895,-1.94565,1.10136,1.16858,2.20139,-0.000197678,-0.000157022,0.000266435,0.000697309,-0.000128943,-0.000323665,-0.00200519,0,0,0,0,0,0,0,-0.176685,26.7383,-24.6612,7.44724,0.830705,2.4996,0.0972387,-0.178619,2.1534,-3.03048,1.8888,0.181799,0.910025,0.0574111
1729245,1,-2.75261,-1.32534,1.01105,-1.94698,1.10108,1.16772,2.20138,-2.75266,-1.32422,1.00895,-1.94565,1.10136,1.16858,2.20139,0.000517829,0.000452131,-0.000379189,0.000464873,0.000320939,-0.000453136,-0.000624714,0,0,0,0,0,0,0,-0.204456,26.7144,-24.6374,7.44724,0.819719,2.50601,0.0780126,-0.178433,2.15254,-3.02923,1.88882,0.181802,0.909823,0.057321
1729246,1,-2.75261,-1.32534,1.01105,-1.94698,1.10108,1.16772,2.20138,-2.75266,-1.32422,1.00895,-1.94565,1.10136,1.16858,2.20139,-0.000861207,0.000951034,-0.000252792,0.000309915,-0.000192941,-6.47315e-05,-0.000891194,0,0,0,0,0,0,0,-0.152882,26.6867,-24.6374,7.44724,0.830705,2.4996,0.09083,-0.178861,2.15149,-3.02745,1.8882,0.181739,0.909577,0.0572513
1729247,1,-2.75261,-1.32534,1.01105,-1.94698,1.10108,1.16772,2.20138,-2.75266,-1.32422,1.00895,-1.94565,1.10136,1.16858,2.20139,-1.73259e-05,0.000634023,0.000388284,-0.000350202,0.000278273,-4.31544e-05,-0.000594129,0,0,0,0,0,0,0,-0.176685,26.6867,-24.6612,7.47104,0.819719,2.4996,0.09083,-0.178141,2.14935,-3.02529,1.88821,0.181706,0.909311,0.0572492
1729248,1,-2.75261,-1.32534,1.01105,-1.94698,1.10108,1.16772,2.20139,-2.75266,-1.32422,1.00895,-1.94565,1.10136,1.16858,2.20139,-0.00121798,-0.000783744,0.000258856,-0.000883082,-1.79349e-05,0.000445948,-0.000158727,0,0,0,0,0,0,0,-0.125111,26.7383,-24.6612,7.49881,0.825212,2.48678,0.0844213,-0.175968,2.14725,-3.02405,1.88918,0.181754,0.90911,0.0573363
1729249,1,-2.75261,-1.32534,1.01104,-1.94698,1.10108,1.16772,2.20139,-2.75266,-1.32422,1.00895,-1.94565,1.10136,1.16858,2.20139,0.000394442,-0.000522496,-0.000384241,0.000617705,-1.19566e-05,0.000297299,-0.000580536,0,0,0,0,0,0,0,-0.176685,26.7383,-24.6374,7.44724,0.825212,2.48678,0.0972387,-0.173766,2.14661,-3.02403,1.89015,0.181832,0.908975,0.0575151
1729250,1,-2.75261,-1.32534,1.01105,-1.94698,1.10108,1.16772,2.20138,-2.75266,-1.32422,1.00895,-1.94565,1.10136,1.16858,2.20139,0.000262961,-0.000997945,0.000300651,-0.000145009,-0.000211422,-0.000276519,0.000325053,0,0,0,0,0,0,0,-0.176685,26.766,-24.6612,7.47104,0.830705,2.4996,0.0780126,-0.173749,2.14805,-3.02465,1.88973,0.181824,0.908874,0.0577799
1729251,1,-2.75261,-1.32534,1.01105,-1.94698,1.10108,1.16772,2.20138,-2.75266,-1.32422,1.00895,-1.94565,1.10136,1.16858,2.20139,0.000824921,-1.56825e-05,0.000200434,0.000460139,6.25028e-05,5.30132e-05,-0.000732734,0,0,0,0,0,0,0,-0.204456,26.7383,-24.6612,7.44724,0.825212,2.49319,0.103647,-0.176255,2.15116,-3.02577,1.88784,0.181707,0.908821,0.0581254
1729252,1,-2.75261,-1.32534,1.01104,-1.94698,1.10108,1.16771,2.20138,-2.75266,-1.32422,1.00895,-1.94565,1.10136,1.16858,2.20139,0.000549948,-1.0455e-05,-0.000980001,-0.000250052,-0.000161782,-0.000439376,0.000460947,0,0,0,0,0,0,0,-0.204456,26.7383,-24.6136,7.47104,0.830705,2.50601,0.0780126,-0.180031,2.15421,-3.02635,1.88537,0.181534,0.908767,0.0585448
1729253,1,-2.75261,-1.32534,1.01105,-1.94698,1.10108,1.16772,2.20138,-2.75266,-1.32422,1.00895,-1.94565,1.10136,1.16858,2.20139,0.000366632,-6.96998e-06,0.00046029,0.000946922,-0.000311305,-0.000292917,-0.000404779,0,0,0,0,0,0,0,-0.204456,26.7383,-24.6612,7.42344,0.836199,2.50601,0.0972387,-0.184057,2.15631,-3.02586,1.88286,0.181344,0.908669,0.0590296
1729254,1,-2.75261,-1.32534,1.01105,-1.94698,1.10108,1.16772,2.20138,-2.75266,-1.32422,1.00895,-1.94565,1.10136,1.16858,2.20139,0.000244421,0.000552165,-0.000249952,-0.000482342,0.000402815,4.20808e-05,0.000679583,0,0,0,0,0,0,0,-0.204456,26.7144,-24.6374,7.47104,0.819719,2.4996,0.071604,-0.187394,2.15761,-3.02511,1.88073,0.181178,0.90857,0.0595681
1729255,1,-2.75261,-1.32534,1.01104,-1.94698,1.10108,1.16772,2.20138,-2.75266,-1.32422,1.00895,-1.94565,1.10136,1.16858,2.20139,-0.000486667,-0.000188702,-0.000723447,-0.000321562,6.50927e-05,0.000502772,-0.00049638,0,0,0,0,0,0,0,-0.176685,26.7383,-24.6136,7.47104,0.825212,2.48678,0.0972387,-0.188861,2.15752,-3.02394,1.87981,0.181104,0.908456,0.0601439
1729256,1,-2.75261,-1.32534,1.01105,-1.94698,1.10108,1.16772,2.20139,-2.75266,-1.32422,1.00895,-1.94565,1.10136,1.16858,2.20139,-0.000881256,-0.000125801,0.00128094,0.000342438,-0.000160055,-0.000139537,0.000143798,0,0,0,0,0,0,0,-0.152882,26.7383,-24.689,7.44724,0.830705,2.4996,0.0844213,-0.187978,2.15664,-3.02301,1.8802,0.181141,0.908339,0.0607406
1729257,1,-2.75261,-1.32534,1.01105,-1.94698,1.10108,1.16772,2.20139,-2.75266,-1.32422,1.00895,-1.94565,1.10136,1.16858,2.20139,-0.000587504,-8.38674e-05,-0.000352466,0.000228292,-0.000310154,-9.30245e-05,0.00152002,0,0,0,0,0,0,0,-0.152882,26.7383,-24.6374,7.44724,0.836199,2.4996,0.0459692,-0.185556,2.15613,-3.02334,1.88117,0.181232,0.908262,0.0613511
1729258,1,-2.75261,-1.32534,1.01105,-1.94698,1.10108,1.16772,2.20138,-2.75266,-1.32422,1.00895,-1.94565,1.10136,1.16858,2.20139,0.000165142,-5.59116e-05,0.000321835,0.000709006,0.000403582,-6.20163e-05,-0.000885526,0,0,0,0,0,0,0,-0.176685,26.7383,-24.6612,7.42344,0.819719,2.4996,0.0972387,-0.183295,2.15602,-3.02401,1.8818,0.181306,0.908196,0.0619516
1729259,1,-2.75261,-1.32534,1.01104,-1.94698,1.10108,1.16772,2.20139,-2.75266,-1.32422,1.00895,-1.94565,1.10136,1.16858,2.20139,0.000759709,-0.000686888,-0.000342255,-8.4141e-05,-0.000137846,0.000196015,0.00107116,0,0,0,0,0,0,0,-0.204456,26.766,-24.6374,7.44724,0.830705,2.49319,0.0523779,-0.18297,2.15674,-3.02446,1.8813,0.181304,0.908143,0.0625119
1729260,1,-2.75261,-1.32534,1.01105,-1.94698,1.10108,1.16771,2.20139,-2.75266,-1.32422,1.00895,-1.94565,1.10136,1.16858,2.20139,-0.000699953,0.0007485,-0.00022817,-5.6094e-05,0.000111553,-0.000106682,0.000714108,0,0,0,0,0,0,0,-0.152882,26.7144,-24.6374,7.44724,0.825212,2.4996,0.0523779,-0.183664,2.15758,-3.02441,1.88039,0.181278,0.908093,0.0630274
1729261,1,-2.75261,-1.32534,1.01104,-1.94698,1.10108,1.16771,2.20139,-2.75266,-1.32422,1.00895,-1.94565,1.10136,1.16858,2.20139,0.00073979,-0.00126424,-0.000708925,-3.7396e-05,0.000277819,-7.11216e-05,0.000476072,0,0,0,0,0,0,0,-0.204456,26.7898,-24.6136,7.44724,0.819719,2.4996,0.0523779,-0.184052,2.15777,-3.02362,1.87982,0.181279,0.908011,0.0634827
1729262,1,-2.75261,-1.32534,1.01105,-1.94698,1.10108,1.16772,2.20139,-2.75266,-1.32422,1.00895,-1.94565,1.10136,1.16858,2.20139,-0.00015642,-0.000286013,0.000641007,-0.000581743,-1.82377e-05,0.000189945,-0.000157337,0,0,0,0,0,0,0,-0.176685,26.766,-24.6612,7.47104,0.825212,2.49319,0.0651953,-0.184799,2.15858,-3.0231,1.87916,0.181283,0.907963,0.0638524
1729263,1,-2.75261,-1.32534,1.01105,-1.94698,1.10108,1.16772,2.20139,-2.75266,-1.32422,1.00895,-1.94565,1.10136,1.16858,2.20139,-0.00010428,0.000458939,0.00107695,-0.00103744,-0.000215609,-0.000110729,0.000132468,0,0,0,0,0,0,0,-0.176685,26.7383,-24.689,7.49881,0.830705,2.4996,0.0587866,-0.18478,2.15976,-3.02378,1.87921,0.181332,0.908015,0.0641387
1729264,1,-2.75261,-1.32534,1.01105,-1.94698,1.10108,1.16772,2.20139,-2.75266,-1.32422,1.00895,-1.94565,1.10136,1.16858,2.20139,-6.95202e-05,0.000862771,6.8354e-05,-4.20143e-05,-0.00034719,-7.38195e-05,0.00130902,0,0,0,0,0,0,0,-0.176685,26.7144,-24.6612,7.47104,0.836199,2.4996,0.0258276,-0.182987,2.15977,-3.02493,1.88056,0.181447,0.908112,0.064357
1729265,1,-2.75261,-1.32534,1.01105,-1.94698,1.10108,1.16772,2.20139,-2.75266,-1.32422,1.00895,-1.94565,1.10136,1.16858,2.20139,-4.63468e-05,1.83687e-05,-0.00106805,0.000528802,0.000175441,-4.9213e-05,0.000126691,0,0,0,0,0,0,0,-0.176685,26.7383,-24.6136,7.44724,0.825212,2.4996,0.0459692,-0.180982,2.15847,-3.02481,1.88195,0.181541,0.908119,0.0644979
1729266,1,-2.75261,-1.32534,1.01105,-1.94698,1.10108,1.16772,2.20139,-2.75266,-1.32422,1.00895,-1.94565,1.10136,1.16858,2.20139,0.000618716,0.000569058,-0.000712036,-0.000853891,-8.64898e-05,-3.28087e-05,0.000830446,0,0,0,0,0,0,0,-0.204456,26.7144,-24.6136,7.49881,0.830705,2.4996,0.0258276,-0.179973,2.15644,-3.02281,1.88264,0.181581,0.908002,0.064539
1729267,1,-2.75261,-1.32534,1.01105,-1.94698,1.10108,1.16772,2.20139,-2.75266,-1.32422,1.00895,-1.94565,1.10136,1.16858,2.20139,0.000412477,0.00102899,8.2121e-05,8.03533e-05,0.000349241,-0.000259231,-0.000667072,0,0,0,0,0,0,0,-0.204456,26.6867,-24.6374,7.47104,0.819719,2.50601,0.0587866,-0.179777,2.15395,-3.01983,1.88307,0.181593,0.907854,0.064476
1729268,1,-2.75261,-1.32534,1.01105,-1.94698,1.10108,1.16772,2.20139,-2.75266,-1.32422,1.00895,-1.94565,1.10136,1.16858,2.20139,-0.000374629,-0.000520435,0.00126117,5.35689e-05,2.93769e-05,6.4538e-05,0.000538629,0,0,0,0,0,0,0,-0.176685,26.7383,-24.689,7.47104,0.825212,2.4996,0.0322363,-0.179816,2.15218,-3.01799,1.88336,0.181587,0.90779,0.0643199
1729269,1,-2.75261,-1.32534,1.01105,-1.94698,1.10108,1.16771,2.20139,-2.75266,-1.32422,1.00895,-1.94565,1.10136,1.16858,2.20139,-0.000249753,0.000859469,0.00139759,3.57126e-05,1.95846e-05,-0.000194334,-0.00014954,0,0,0,0,0,0,0,-0.176685,26.6867,-24.7128,7.47104,0.825212,2.50601,0.0459692,-0.179415,2.15215,-3.01879,1.8836,0.18158,0.907871,0.0640898
1729270,1,-2.75261,-1.32534,1.01105,-1.94698,1.10107,1.16771,2.20139,-2.75266,-1.32422,1.00895,-1.94565,1.10136,1.16858,2.20139,-0.000166502,0.000572979,-0.000274696,0.00058062,-0.000597295,-0.000129556,0.000408933,0,0,0,0,0,0,0,-0.176685,26.6867,-24.6612,7.44724,0.841692,2.50601,0.0322363,-0.178429,2.15251,-3.02071,1.88397,0.181576,0.908007,0.063799
1729271,1,-2.75261,-1.32534,1.01105,-1.94698,1.10108,1.16771,2.20139,-2.75266,-1.32422,1.00895,-1.94565,1.10136,1.16858,2.20139,-0.000667813,-0.000267628,0.000466483,-0.000819346,0.000212155,0.000150988,-0.000710722,0,0,0,0,0,0,0,-0.152882,26.7144,-24.689,7.49881,0.825212,2.4996,0.0587866,-0.177009,2.15228,-3.02204,1.88454,0.181594,0.908098,0.0634525
1729272,1,-2.75261,-1.32534,1.01105,-1.94698,1.10108,1.16771,2.20139,-2.75266,-1.32422,1.00895,-1.94565,1.10136,1.16858,2.20139,0.000761217,-0.00073523,-0.000338625,-0.00054623,-0.000265465,-0.000374059,9.03051e-07,0,0,0,0,0,0,0,-0.204456,26.7383,-24.6612,7.49881,0.836199,2.51242,0.0459692,-0.175774,2.1524,-3.02316,1.88523,0.181658,0.908191,0.0630624
1729273,1,-2.75261,-1.32534,1.01105,-1.94698,1.10108,1.16771,2.20139,-2.75266,-1.32422,1.00895,-1.94565,1.10136,1.16858,2.20139,0.000507478,6.66583e-05,-0.000782562,0.000842272,2.64742e-05,0.000225345,6.02034e-07,0,0,0,0,0,0,0,-0.204456,26.7144,-24.6374,7.44724,0.830705,2.4996,0.0459692,-0.176514,2.15342,-3.02371,1.88497,0.181681,0.90828,0.0626481
1729274,1,-2.75261,-1.32534,1.01105,-1.94698,1.10108,1.16771,2.20139,-2.75266,-1.32422,1.00895,-1.94565,1.10136,1.16858,2.20139,-0.000868107,4.44389e-05,-0.000521708,-0.000644911,0.000661909,-0.000324488,4.01356e-07,0,0,0,0,0,0,0,-0.152882,26.7144,-24.6374,7.49881,0.81331,2.51242,0.0459692,-0.178285,2.15408,-3.02297,1.88403,0.181658,0.908296,0.0622266
1729275,1,-2.75261,-1.32534,1.01105,-1.94698,1.10108,1.16772,2.20139,-2.75266,-1.32422,1.00895,-1.94565,1.10136,1.16858,2.20139,0.000627688,2.96259e-05,0.000209007,0.000219673,0.000203914,0.000258393,0.000983612,0,0,0,0,0,0,0,-0.204456,26.7144,-24.6612,7.47104,0.819719,2.4996,0.0194189,-0.179153,2.15387,-3.02177,1.8836,0.181662,0.908286,0.0618068
1729276,1,-2.75261,-1.32534,1.01105,-1.94698,1.10108,1.16771,2.20139,-2.75266,-1.32422,1.00895,-1.94565,1.10136,1.16858,2.20139,-0.000787967,-0.000537061,0.000139338,0.000703261,-6.75078e-05,-0.000302456,0.000181023,0,0,0,0,0,0,0,-0.152882,26.7383,-24.6612,7.44724,0.825212,2.51242,0.0322363,-0.179905,2.15409,-3.02131,1.88312,0.181645,0.908326,0.0613784
1729277,1,-2.75261,-1.32534,1.01105,-1.94698,1.10108,1.16771,2.20139,-2.75266,-1.32422,1.00895,-1.94565,1.10136,1.16858,2.20139,3.15004e-05,0.000198771,-0.00046392,0.000468841,-0.000248456,3.57216e-05,0.000358041,0,0,0,0,0,0,0,-0.176685,26.7144,-24.6374,7.44724,0.830705,2.50601,0.0258276,-0.180765,2.15486,-3.02142,1.88225,0.181583,0.908389,0.0609197
1729278,1,-2.75261,-1.32534,1.01104,-1.94698,1.10108,1.16772,2.20139,-2.75266,-1.32422,1.00895,-1.94565,1.10136,1.16858,2.20139,2.10002e-05,-0.000424298,-0.000866092,0.00031256,-0.000165637,0.000261173,1.33515e-06,0,0,0,0,0,0,0,-0.176685,26.7383,-24.6136,7.44724,0.830705,2.4996,0.0322363,-0.181659,2.15531,-3.02096,1.88125,0.1815,0.908423,0.0604196
1729279,1,-2.75261,-1.32534,1.01105,-1.94698,1.10108,1.16771,2.20139,-2.75266,-1.32422,1.00895,-1.94565,1.10136,1.16858,2.20139,1.40002e-05,0.000273947,0.000536229,-0.000348438,0.000296476,-6.32434e-05,-0.000507736,0,0,0,0,0,0,0,-0.176685,26.7144,-24.6612,7.47104,0.819719,2.50601,0.0459692,-0.18259,2.15544,-3.02012,1.88038,0.181424,0.908462,0.0598802
1729280,1,-2.75261,-1.32534,1.01105,-1.94698,1.10108,1.16772,2.20139,-2.75266,-1.32422,1.00895,-1.94565,1.10136,1.16858,2.20139,-0.000547479,0.000832245,0.0010071,0.00032452,0.000197651,-4.21623e-05,-6.72234e-05,0,0,0,0,0,0,0,-0.152882,26.6867,-24.689,7.44724,0.819719,2.50601,0.038645,-0.182478,2.15522,-3.02012,1.88029,0.181391,0.908582,0.0593201
1729281,1,-2.75261,-1.32534,1.01105,-1.94698,1.10108,1.16771,2.20139,-2.75266,-1.32422,1.00895,-1.94565,1.10136,1.16858,2.20139,0.00084144,0.00111164,2.17861e-05,-0.000990079,-0.000478584,-2.81082e-05,-0.000790801,0,0,0,0,0,0,0,-0.204456,26.6629,-24.6612,7.49881,0.836199,2.50601,0.0587866,-0.181222,2.15407,-3.02069,1.88112,0.181396,0.908773,0.0587614
1729282,1,-2.75261,-1.32534,1.01105,-1.94698,1.10108,1.16772,2.20139,-2.75266,-1.32422,1.00895,-1.94565,1.10136,1.16858,2.20139,-8.86538e-05,-0.00102214,0.000664138,0.00110318,0.000291295,0.000455979,0.000693503,0,0,0,0,0,0,0,-0.176685,26.7383,-24.689,7.42344,0.819719,2.49319,0.0258276,-0.180526,2.15303,-3.02138,1.8818,0.181382,0.908993,0.0582172
1729283,1,-2.75261,-1.32534,1.01105,-1.94698,1.10108,1.16772,2.20139,-2.75266,-1.32422,1.00895,-1.94565,1.10136,1.16858,2.20139,-0.000615914,-0.000681429,-0.000206855,-0.00102778,-9.25363e-06,6.66271e-05,-1.23829e-05,0,0,0,0,0,0,0,-0.152882,26.7383,-24.6612,7.49881,0.825212,2.4996,0.038645,-0.180657,2.15358,-3.02282,1.88177,0.181348,0.909223,0.0576922
1729284,1,-2.75261,-1.32534,1.01105,-1.94698,1.10108,1.16772,2.20139,-2.75266,-1.32422,1.00895,-1.94565,1.10136,1.16858,2.20139,0.000795816,-0.000454286,-0.00125153,-0.000685188,-6.16909e-06,0.000281777,-0.000516882,0,0,0,0,0,0,0,-0.204456,26.7383,-24.6136,7.49881,0.825212,2.49319,0.0523779,-0.180644,2.15456,-3.02396,1.88188,0.181358,0.909401,0.05718
1729285,1,-2.75261,-1.32534,1.01105,-1.94698,1.10108,1.16772,2.20139,-2.75266,-1.32422,1.00895,-1.94565,1.10136,1.16858,2.20139,-0.00011907,0.000253955,0.000279272,0.000749634,-4.11272e-06,-4.95076e-05,-0.000107229,0,0,0,0,0,0,0,-0.176685,26.7144,-24.6612,7.44724,0.825212,2.4996,0.0459692,-0.181103,2.15493,-3.02376,1.88193,0.181359,0.909488,0.0566812
1729286,1,-2.75261,-1.32534,1.01105,-1.94698,1.10108,1.16772,2.20139,-2.75266,-1.32422,1.00895,-1.94565,1.10136,1.16858,2.20139,-7.93799e-05,-0.000387509,0.000835795,-5.70558e-05,-0.000206192,-0.000270364,0.00043714,0,0,0,0,0,0,0,-0.176685,26.7383,-24.689,7.47104,0.830705,2.50601,0.0322363,-0.181991,2.15545,-3.02376,1.88152,0.181305,0.909557,0.0562109
1729287,1,-2.75261,-1.32534,1.01105,-1.94698,1.10108,1.16771,2.20139,-2.75266,-1.32422,1.00895,-1.94565,1.10136,1.16858,2.20139,-5.29199e-05,0.000298473,-9.2417e-05,-3.80372e-05,-0.000137462,-0.000180243,0.000528786,0,0,0,0,0,0,0,-0.176685,26.7144,-24.6612,7.47104,0.830705,2.50601,0.0258276,-0.182413,2.15622,-3.0247,1.88122,0.18125,0.909659,0.0557709
1729288,1,-2.75261,-1.32534,1.01105,-1.94698,1.10108,1.16771,2.20139,-2.75266,-1.32422,1.00895,-1.94565,1.10136,1.16858,2.20139,-0.000592092,-0.00035783,-6.16113e-05,0.000531454,-0.000295092,-0.000120162,-0.000868179,0,0,0,0,0,0,0,-0.152882,26.7383,-24.6612,7.44724,0.836199,2.50601,0.0587866,-0.182198,2.15654,-3.02552,1.88122,0.181221,0.909736,0.0553423
1729289,1,-2.75261,-1.32534,1.01104,-1.94698,1.10108,1.16772,2.20139,-2.75266,-1.32422,1.00895,-1.94565,1.10136,1.16858,2.20139,0.000811698,-0.000888167,-0.0011547,0.000911114,0.000210173,0.000157251,-0.000341427,0,0,0,0,0,0,0,-0.204456,26.766,-24.6136,7.42344,0.825212,2.4996,0.0523779,-0.182649,2.15698,-3.02558,1.88056,0.181161,0.909747,0.0549135
1729290,1,-2.75261,-1.32534,1.01105,-1.94698,1.10108,1.16772,2.20139,-2.75266,-1.32422,1.00895,-1.94565,1.10136,1.16858,2.20139,0.000541132,0.000614314,-0.000769799,-0.000506214,0.000140116,0.000104834,-0.000464977,0,0,0,0,0,0,0,-0.204456,26.7144,-24.6136,7.47104,0.825212,2.4996,0.0587866,-0.184786,2.15757,-3.02439,1.87891,0.181046,0.909695,0.0545025
1729291,1,-2.75261,-1.32534,1.01105,-1.94698,1.10108,1.16772,2.20139,-2.75266,-1.32422,1.00895,-1.94565,1.10136,1.16858,2.20139,-0.000845671,0.000409543,4.36128e-05,-0.0015439,0.000296861,-0.000404829,0.000164733,0,0,0,0,0,0,0,-0.152882,26.7144,-24.6374,7.52262,0.819719,2.51242,0.0459692,-0.185763,2.15651,-3.0222,1.87846,0.181016,0.909627,0.0541393
1729292,1,-2.75261,-1.32534,1.01105,-1.94698,1.10108,1.16771,2.20138,-2.75266,-1.32422,1.00895,-1.94565,1.10136,1.16858,2.20139,0.000642645,-0.000283783,0.000585887,0.000177158,-0.000208994,-0.000269886,-0.00155169,0,0,0,0,0,0,0,-0.204456,26.7383,-24.6612,7.47104,0.830705,2.51242,0.09083,-0.18434,2.15446,-3.02074,1.87986,0.181116,0.909638,0.053834
1729293,1,-2.75261,-1.32534,1.01105,-1.94698,1.10108,1.16772,2.20139,-2.75266,-1.32422,1.00895,-1.94565,1.10136,1.16858,2.20139,-0.000777996,-0.000838803,-0.000723032,0.000674917,0.000267572,0.000294794,0.000389693,0,0,0,0,0,0,0,-0.152882,26.766,-24.6136,7.44724,0.819719,2.4996,0.0523779,-0.183172,2.15372,-3.02057,1.88089,0.181191,0.909725,0.0535884
1729294,1,-2.75261,-1.32534,1.01105,-1.94698,1.10108,1.16772,2.20139,-2.75266,-1.32422,1.00895,-1.94565,1.10136,1.16858,2.20139,-0.000518664,0.000647224,0.000631602,-0.000756481,-0.00043197,0.000196529,0.000259796,0,0,0,0,0,0,0,-0.152882,26.7144,-24.6612,7.49881,0.836199,2.4996,0.0523779,-0.181982,2.15371,-3.02084,1.88152,0.181239,0.90981,0.0534178
1729295,1,-2.75261,-1.32534,1.01105,-1.94698,1.10108,1.16772,2.20139,-2.75266,-1.32422,1.00895,-1.94565,1.10136,1.16858,2.20139,0.000211036,0.000431483,0.00107068,-0.000504321,-8.45297e-05,0.00013102,-6.41619e-05,0,0,0,0,0,0,0,-0.176685,26.7144,-24.689,7.49881,0.830705,2.4996,0.0587866,-0.179498,2.15312,-3.0216,1.88302,0.18134,0.90993,0.05332
1729296,1,-2.75261,-1.32534,1.01105,-1.94698,1.10108,1.16772,2.20138,-2.75266,-1.32422,1.00895,-1.94565,1.10136,1.16858,2.20139,-0.000416121,-0.000269157,-0.000492638,-0.000893026,0.000147097,-0.000150013,-0.000280134,0,0,0,0,0,0,0,-0.152882,26.7383,-24.6374,7.52262,0.825212,2.50601,0.0651953,-0.17666,2.1523,-3.02278,1.88507,0.181473,0.910105,0.0532725
1729297,1,-2.75261,-1.32534,1.01105,-1.94698,1.10108,1.16772,2.20138,-2.75266,-1.32422,1.00895,-1.94565,1.10136,1.16858,2.20139,0.000929012,0.000377374,-0.000328425,0.000611075,9.80649e-05,-0.000100008,-0.00113619,0,0,0,0,0,0,0,-0.204456,26.7144,-24.6374,7.47104,0.825212,2.50601,0.09083,-0.174958,2.15159,-3.02322,1.88658,0.181567,0.910241,0.0532623
1729298,1,-2.75261,-1.32534,1.01105,-1.94698,1.10108,1.16772,2.20138,-2.75266,-1.32422,1.00895,-1.94565,1.10136,1.16858,2.20139,-3.02728e-05,0.000251583,0.000337862,0.000964196,-0.000138074,-0.000304031,-4.53842e-05,0,0,0,0,0,0,0,-0.176685,26.7144,-24.6612,7.44724,0.830705,2.51242,0.071604,-0.175527,2.15138,-3.02279,1.88653,0.18153,0.910319,0.0532992
1729299,1,-2.75261,-1.32534,1.01105,-1.94698,1.10108,1.16772,2.20138,-2.75266,-1.32422,1.00895,-1.94565,1.10136,1.16858,2.20139,-2.01819e-05,0.000167722,0.000225241,0.00119961,-9.20493e-05,3.46715e-05,-0.000979692,0,0,0,0,0,0,0,-0.176685,26.7144,-24.6612,7.42344,0.830705,2.50601,0.0972387,-0.177586,2.15196,-3.02246,1.8851,0.181379,0.910383,0.0534031
1729300,1,-2.75261,-1.32534,1.01105,-1.94698,1.10108,1.16772,2.20138,-2.75266,-1.32422,1.00895,-1.94565,1.10136,1.16858,2.20139,-0.000570267,0.000111815,-0.000406651,-0.000313885,0.000142084,2.31143e-05,0.000533667,0,0,0,0,0,0,0,-0.152882,26.7144,-24.6374,7.47104,0.825212,2.50601,0.0651953,-0.179234,2.15255,-3.02225,1.88359,0.181232,0.91043,0.0535866
1729301,1,-2.75261,-1.32534,1.01105,-1.94698,1.10108,1.16771,2.20138,-2.75266,-1.32422,1.00895,-1.94565,1.10136,1.16858,2.20139,0.000176634,0.000724157,-0.000271101,0.000347556,-0.000515629,1.54095e-05,0.000118419,0,0,0,0,0,0,0,-0.176685,26.6867,-24.6374,7.44724,0.841692,2.50601,0.071604,-0.179575,2.15212,-3.02143,1.88295,0.181168,0.910444,0.0538508
1729302,1,-2.75261,-1.32534,1.01105,-1.94698,1.10108,1.16771,2.20138,-2.75266,-1.32422,1.00895,-1.94565,1.10136,1.16858,2.20139,0.00076737,-0.000723655,0.000376078,-0.000974722,0.000266599,-0.000227086,-0.00087049,0,0,0,0,0,0,0,-0.204456,26.7383,-24.6612,7.49881,0.825212,2.51242,0.0972387,-0.17973,2.15144,-3.02052,1.8828,0.181162,0.910492,0.0541761
1729303,1,-2.75261,-1.32534,1.01105,-1.94698,1.10108,1.16772,2.20138,-2.75266,-1.32422,1.00895,-1.94565,1.10136,1.16858,2.20139,-0.000138034,0.00072399,0.000250719,-2.00848e-07,0.000381183,0.000560686,0.000369109,0,0,0,0,0,0,0,-0.176685,26.6867,-24.6612,7.47104,0.819719,2.49319,0.071604,-0.180305,2.15148,-3.0204,1.88277,0.181189,0.910633,0.0545498
1729304,1,-2.75261,-1.32534,1.01105,-1.94698,1.10108,1.16772,2.20138,-2.75266,-1.32422,1.00895,-1.94565,1.10136,1.16858,2.20139,0.0011144,-0.000166954,-0.000389666,0.000556678,-0.000152779,-0.000100927,8.71387e-06,0,0,0,0,0,0,0,-0.22826,26.7144,-24.6374,7.44724,0.830705,2.50601,0.0780126,-0.181352,2.15174,-3.02046,1.88251,0.181202,0.910791,0.0549725
1729305,1,-2.75261,-1.32534,1.01105,-1.94698,1.10108,1.16772,2.20139,-2.75266,-1.32422,1.00895,-1.94565,1.10136,1.16858,2.20139,-0.0010203,0.000538311,-0.000259777,-0.000835307,0.000101598,-6.72847e-05,0.000717886,0,0,0,0,0,0,0,-0.152882,26.6867,-24.6374,7.49881,0.825212,2.50601,0.0587866,-0.18241,2.15157,-3.01993,1.88218,0.181204,0.910897,0.0554322
1729306,1,-2.75261,-1.32534,1.01105,-1.94698,1.10108,1.16772,2.20139,-2.75266,-1.32422,1.00895,-1.94565,1.10136,1.16858,2.20139,-0.00012339,-0.00149717,0.00103324,9.27425e-05,0.000271182,-4.48565e-05,-0.000470845,0,0,0,0,0,0,0,-0.176685,26.766,-24.689,7.47104,0.819719,2.50601,0.0844213,-0.181995,2.1514,-3.02002,1.88265,0.181276,0.911007,0.0559084
1729307,1,-2.75261,-1.32534,1.01105,-1.94698,1.10108,1.16772,2.20138,-2.75266,-1.32422,1.00895,-1.94565,1.10136,1.16858,2.20139,-8.22597e-05,-0.000348497,3.92134e-05,-0.000587786,-0.000429563,-2.99043e-05,-0.000313897,0,0,0,0,0,0,0,-0.176685,26.7383,-24.6612,7.49881,0.836199,2.50601,0.0844213,-0.181011,2.15266,-3.02183,1.88333,0.181382,0.911196,0.0563827
1729308,1,-2.75261,-1.32534,1.01105,-1.94698,1.10108,1.16772,2.20139,-2.75266,-1.32422,1.00895,-1.94565,1.10136,1.16858,2.20139,0.000594774,0.00153091,0.000675756,0.000257757,0.000120526,-0.000257295,0.00097753,0,0,0,0,0,0,0,-0.204456,26.6629,-24.689,7.47104,0.825212,2.51242,0.0523779,-0.180447,2.15403,-3.02386,1.88386,0.181459,0.91141,0.0568591
1729309,1,-2.75261,-1.32534,1.01105,-1.94698,1.10108,1.16772,2.20139,-2.75266,-1.32422,1.00895,-1.94565,1.10136,1.16858,2.20139,0.000396516,0.000463793,-0.00019911,-0.000477776,8.03504e-05,-0.00017153,0.000651687,0,0,0,0,0,0,0,-0.204456,26.6867,-24.6612,7.49881,0.825212,2.51242,0.0523779,-0.180142,2.15365,-3.02459,1.88448,0.181494,0.911579,0.0573381
1729310,1,-2.75261,-1.32534,1.01105,-1.94698,1.10108,1.16772,2.20139,-2.75266,-1.32422,1.00895,-1.94565,1.10136,1.16858,2.20139,-0.000942082,-0.000897231,0.000516874,0.000331097,0.000257017,0.000123006,0.000943084,0,0,0,0,0,0,0,-0.152882,26.7383,-24.689,7.47104,0.819719,2.50601,0.038645,-0.179807,2.15275,-3.02483,1.88511,0.181515,0.911717,0.0577869
1729311,1,-2.75261,-1.32534,1.01105,-1.94698,1.10108,1.16771,2.20139,-2.75266,-1.32422,1.00895,-1.94565,1.10136,1.16858,2.20139,-0.000628055,-4.13419e-05,0.000344583,0.000777543,-0.000235556,0.000319363,0.000120096,0,0,0,0,0,0,0,-0.152882,26.7144,-24.689,7.44724,0.830705,2.4996,0.0523779,-0.17892,2.15273,-3.02582,1.88558,0.18154,0.911843,0.0581684
1729312,1,-2.75261,-1.32534,1.01105,-1.94698,1.10108,1.16772,2.20139,-2.75266,-1.32422,1.00895,-1.94565,1.10136,1.16858,2.20139,0.000787723,-2.75613e-05,0.000229722,-0.00124488,4.64131e-05,-0.000261809,0.00082605,0,0,0,0,0,0,0,-0.204456,26.7144,-24.689,7.52262,0.825212,2.51242,0.0322363,-0.178021,2.15318,-3.02719,1.8859,0.181555,0.911972,0.0584642
1729313,1,-2.75261,-1.32534,1.01105,-1.94698,1.10108,1.16771,2.20139,-2.75266,-1.32422,1.00895,-1.94565,1.10136,1.16858,2.20139,-0.000124465,-1.83742e-05,-0.000496466,0.000933321,3.09421e-05,6.28193e-05,-0.000432644,0,0,0,0,0,0,0,-0.176685,26.7144,-24.6612,7.44724,0.825212,2.50601,0.0587866,-0.177994,2.15341,-3.02793,1.88604,0.181547,0.912095,0.0586677
1729314,1,-2.75261,-1.32534,1.01105,-1.94698,1.10108,1.16772,2.20139,-2.75266,-1.32422,1.00895,-1.94565,1.10136,1.16858,2.20139,-8.29769e-05,-0.000569061,0.000318637,-0.00114102,-0.000386273,-0.000432838,0.000932273,0,0,0,0,0,0,0,-0.176685,26.7383,-24.689,7.52262,0.836199,2.51882,0.0258276,-0.178442,2.15349,-3.02811,1.88604,0.181527,0.912196,0.05878
1729315,1,-2.75261,-1.32534,1.01105,-1.94698,1.10108,1.16771,2.20139,-2.75266,-1.32422,1.00895,-1.94565,1.10136,1.16858,2.20139,-5.53179e-05,0.000177438,0.000212424,-0.000203871,0.000149386,-5.12e-05,-0.000599187,0,0,0,0,0,0,0,-0.176685,26.7144,-24.689,7.49881,0.825212,2.51242,0.0587866,-0.178348,2.1535,-3.02851,1.88653,0.181549,0.912321,0.0588105
1729316,1,-2.75261,-1.32534,1.01105,-1.94698,1.10108,1.16772,2.20139,-2.75266,-1.32422,1.00895,-1.94565,1.10136,1.16858,2.20139,-3.68786e-05,-0.00043852,-0.000507998,0.00107051,0.000303041,0.000440585,0.000583886,0,0,0,0,0,0,0,-0.176685,26.7383,-24.6612,7.44724,0.819719,2.4996,0.0322363,-0.178303,2.15347,-3.02886,1.88694,0.181563,0.912448,0.0587649
1729317,1,-2.75261,-1.32534,1.01105,-1.94698,1.10108,1.16772,2.20139,-2.75266,-1.32422,1.00895,-1.94565,1.10136,1.16858,2.20139,0.000625028,0.000264465,-0.000338665,0.000713675,-0.000204874,0.000293723,-0.000119369,0,0,0,0,0,0,0,-0.204456,26.7144,-24.6612,7.44724,0.830705,2.4996,0.0459692,-0.179692,2.15366,-3.02843,1.8861,0.181473,0.912505,0.0586506
1729318,1,-2.75261,-1.32534,1.01105,-1.94698,1.10108,1.16772,2.20139,-2.75266,-1.32422,1.00895,-1.94565,1.10136,1.16858,2.20139,-0.000232928,0.00017631,0.000980649,-8.10288e-05,-0.000340033,-0.000516261,-7.95794e-05,0,0,0,0,0,0,0,-0.176685,26.7144,-24.7128,7.47104,0.836199,2.51882,0.0459692,-0.181811,2.15392,-3.02787,1.8847,0.181329,0.912551,0.0584806
1729319,1,-2.75261,-1.32534,1.01105,-1.94698,1.10108,1.16771,2.20139,-2.75266,-1.32422,1.00895,-1.94565,1.10136,1.16858,2.20139,0.000494328,0.000767154,9.69541e-05,0.000502793,0.000180212,0.000130544,0.000692932,0,0,0,0,0,0,0,-0.204456,26.6867,-24.689,7.44724,0.825212,2.50601,0.0258276,-0.183258,2.15387,-3.02798,1.88381,0.181219,0.912652,0.0582698
1729320,1,-2.75261,-1.32534,1.01105,-1.94698,1.10108,1.16772,2.20139,-2.75266,-1.32422,1.00895,-1.94565,1.10136,1.16858,2.20139,0.000329552,-0.00069499,-0.00114179,0.000335195,0.000120142,0.000324388,-0.000758748,0,0,0,0,0,0,0,-0.204456,26.7383,-24.6374,7.44724,0.825212,2.4996,0.0587866,-0.184729,2.15347,-3.02776,1.88297,0.18112,0.91274,0.0580198
1729321,1,-2.75261,-1.32534,1.01105,-1.94698,1.10108,1.16772,2.20139,-2.75266,-1.32422,1.00895,-1.94565,1.10136,1.16858,2.20139,-0.000986724,-0.000463327,0.000445233,0.000780275,0.000520904,-2.11003e-05,0.000714871,0,0,0,0,0,0,0,-0.152882,26.7383,-24.689,7.42344,0.81331,2.50601,0.0258276,-0.186297,2.15335,-3.02716,1.88185,0.181028,0.912771,0.0577302
1729322,1,-2.75261,-1.32534,1.01105,-1.94698,1.10108,1.16772,2.20139,-2.75266,-1.32422,1.00895,-1.94565,1.10136,1.16858,2.20139,-0.000101004,0.000247928,0.000853634,-0.00059344,0.00010991,-1.40669e-05,-0.000269405,0,0,0,0,0,0,0,-0.176685,26.7144,-24.7128,7.47104,0.819719,2.50601,0.0459692,-0.186404,2.1536,-3.02763,1.88138,0.180997,0.912831,0.0574168
1729323,1,-2.75261,-1.32534,1.01105,-1.94698,1.10108,1.16772,2.20139,-2.75266,-1.32422,1.00895,-1.94565,1.10136,1.16858,2.20139,-6.73362e-05,0.000165285,1.22772e-05,-0.00104524,-0.000537078,0.000227981,0.000566382,0,0,0,0,0,0,0,-0.176685,26.7144,-24.689,7.49881,0.836199,2.4996,0.0258276,-0.184712,2.15331,-3.02901,1.88229,0.181058,0.912961,0.0570863
1729324,1,-2.75261,-1.32534,1.01105,-1.94698,1.10108,1.16771,2.20139,-2.75266,-1.32422,1.00895,-1.94565,1.10136,1.16858,2.20139,-4.48908e-05,0.00011019,-0.0061498,-4.72133e-05,-0.000358052,-8.53716e-05,0.000140229,0,0,0,0,0,0,0,-0.176685,26.7144,-24.689,7.47104,0.836199,2.50601,0.0322363,-0.182397,2.15056,-3.02723,1.88409,0.181181,0.912912,0.0567292
1729325,1,-2.75261,-1.32534,1.01105,-1.94698,1.10108,1.16771,2.20139,-2.75266,-1.32422,1.00895,-1.94565,1.10136,1.16858,2.20139,-2.99272e-05,7.346e-05,-0.00461303,0.000525336,-0.000238701,0.000180445,9.34861e-05,0,0,0,0,0,0,0,-0.176685,26.7144,-24.689,7.44724,0.836199,2.4996,0.0322363,-0.180946,2.14406,-3.01851,1.88549,0.181283,0.912407,0.0563316
1729326,1,-2.75261,-1.32534,1.01105,-1.94697,1.10108,1.16771,2.20139,-2.75266,-1.32422,1.00895,-1.94565,1.10136,1.16858,2.20139,-1.99515e-05,4.89733e-05,-0.00290342,0.00146385,0.000247767,-0.000117063,0.000537042,0,0,0,0,0,0,0,-0.176685,26.7144,-24.7128,7.39963,0.825212,2.50601,0.0194189,-0.181145,2.13623,-3.00606,1.8855,0.181295,0.911625,0.0558932
1729327,1,-2.75261,-1.32534,1.01105,-1.94698,1.10108,1.16772,2.20139,-2.75266,-1.32422,1.00895,-1.94565,1.10136,1.16858,2.20139,0.00119312,-0.000524163,-0.00343069,-0.000694537,0.000368628,-7.80417e-05,-0.000354049,0,0,0,0,0,0,0,-0.22826,26.7383,-24.6612,7.47104,0.819719,2.50601,0.038645,-0.183204,2.13008,-2.99479,1.88411,0.181217,0.910901,0.0554197
1729328,1,-2.75261,-1.32534,1.01105,-1.94698,1.10108,1.16771,2.20139,-2.75266,-1.32422,1.00895,-1.94565,1.10136,1.16858,2.20139,0.00135223,0.00020737,-0.00250362,9.37872e-05,0.000245752,-5.20278e-05,1.32637e-06,0,0,0,0,0,0,0,-0.252064,26.7144,-24.6612,7.44724,0.819719,2.50601,0.0322363,-0.187109,2.12614,-2.9859,1.88194,0.181091,0.910371,0.0549151
1729329,1,-2.75261,-1.32534,1.01105,-1.94698,1.10108,1.16772,2.20139,-2.75266,-1.32422,1.00895,-1.94565,1.10136,1.16858,2.20139,-0.000212138,0.000138247,-0.00118183,-0.0011439,0.000163835,-0.000509403,-0.000507742,0,0,0,0,0,0,0,-0.204456,26.7144,-24.689,7.49881,0.819719,2.51882,0.0459692,-0.190963,2.12373,-2.9801,1.88022,0.180989,0.910083,0.0543961
1729330,1,-2.75261,-1.32534,1.01105,-1.94698,1.10108,1.16771,2.20139,-2.75266,-1.32422,1.00895,-1.94565,1.10136,1.16858,2.20139,-0.000791039,0.000741778,-0.000352854,-0.000112987,-0.000297678,0.000135116,0.000407491,0,0,0,0,0,0,0,-0.176685,26.6867,-24.7128,7.47104,0.830705,2.50601,0.0258276,-0.191684,2.12198,-2.97835,1.88042,0.181007,0.910048,0.053885
1729331,1,-2.75261,-1.32534,1.01105,-1.94698,1.10108,1.16771,2.20139,-2.75266,-1.32422,1.00895,-1.94565,1.10136,1.16858,2.20139,-0.00108417,-0.000711907,-0.000326569,-7.53245e-05,-0.000198452,9.00772e-05,-0.000474325,0,0,0,0,0,0,0,-0.152882,26.7383,-24.7128,7.47104,0.830705,2.50601,0.0459692,-0.188949,2.12113,-2.98063,1.88231,0.18114,0.910219,0.0533888
1729332,1,-2.75261,-1.32534,1.01105,-1.94698,1.10108,1.16771,2.20139,-2.75266,-1.32422,1.00895,-1.94565,1.10136,1.16858,2.20139,-0.000165969,-0.000474605,-0.000286212,-0.00069983,0.0002746,0.00029741,0.000429769,0,0,0,0,0,0,0,-0.176685,26.7383,-24.7128,7.49881,0.819719,2.4996,0.0258276,-0.184944,2.12212,-2.98607,1.88458,0.181312,0.910545,0.0529039
1729333,1,-2.75261,-1.32534,1.01105,-1.94698,1.10108,1.16771,2.20139,-2.75266,-1.32422,1.00895,-1.94565,1.10136,1.16858,2.20139,-0.000667458,0.000240409,-0.000242182,0.00018306,-0.000223835,-3.90853e-05,-0.000696832,0,0,0,0,0,0,0,-0.152882,26.7144,-24.7128,7.47104,0.830705,2.50601,0.0523779,-0.181142,2.12447,-2.99313,1.88663,0.181473,0.910958,0.0524306
1729334,1,-2.75261,-1.32534,1.01105,-1.94698,1.10108,1.16771,2.20139,-2.75266,-1.32422,1.00895,-1.94565,1.10136,1.16858,2.20139,0.000761454,-0.00104615,-0.000756798,0.00012204,-0.000149223,-2.60569e-05,0.000756149,0,0,0,0,0,0,0,-0.204456,26.766,-24.689,7.47104,0.830705,2.50601,0.0194189,-0.178811,2.12767,-3.00043,1.88775,0.181557,0.911385,0.0519705
1729335,1,-2.75261,-1.32534,1.01105,-1.94698,1.10108,1.16771,2.20139,-2.75266,-1.32422,1.00895,-1.94565,1.10136,1.16858,2.20139,0.000507636,-4.78216e-05,-0.00053343,-0.00112507,0.000544778,-0.00025473,2.93812e-05,0,0,0,0,0,0,0,-0.204456,26.7383,-24.689,7.52262,0.81331,2.51242,0.0322363,-0.178891,2.13181,-3.00728,1.88766,0.181549,0.911812,0.0515233
1729336,1,-2.75261,-1.32534,1.01105,-1.94698,1.10108,1.16771,2.20139,-2.75266,-1.32422,1.00895,-1.94565,1.10136,1.16858,2.20139,0.000338424,-3.18811e-05,0.000179518,-0.000193232,-0.000484525,6.75388e-05,-0.000489039,0,0,0,0,0,0,0,-0.204456,26.7383,-24.7128,7.49881,0.836199,2.50601,0.0459692,-0.180121,2.13595,-3.01361,1.88733,0.181513,0.912251,0.0510829
1729337,1,-2.75261,-1.32534,1.01105,-1.94698,1.10108,1.16772,2.20139,-2.75266,-1.32422,1.00895,-1.94565,1.10136,1.16858,2.20139,0.000225616,0.000535558,-0.000453388,-0.000128821,-0.000323017,0.000282385,-0.000563385,0,0,0,0,0,0,0,-0.204456,26.7144,-24.689,7.49881,0.836199,2.4996,0.0523779,-0.181249,2.13927,-3.01932,1.88725,0.18147,0.912667,0.0506488
1729338,1,-2.75261,-1.32534,1.01105,-1.94698,1.10108,1.16771,2.20138,-2.75266,-1.32422,1.00895,-1.94565,1.10136,1.16858,2.20139,0.000150411,-0.000199773,-0.000964064,-0.000642693,-1.1894e-05,-4.91024e-05,-0.00108767,0,0,0,0,0,0,0,-0.204456,26.7383,-24.6612,7.52262,0.830705,2.50601,0.071604,-0.182056,2.14144,-3.02377,1.88742,0.181434,0.912997,0.0502382
1729339,1,-2.75261,-1.32534,1.01105,-1.94698,1.10108,1.16772,2.20139,-2.75266,-1.32422,1.00895,-1.94565,1.10136,1.16858,2.20139,0.000100274,0.00042363,0.000554573,0.000777964,-7.92934e-06,-3.27349e-05,0.000495592,0,0,0,0,0,0,0,-0.204456,26.7144,-24.7128,7.47104,0.830705,2.50601,0.038645,-0.182699,2.14294,-3.02728,1.88765,0.181407,0.913249,0.0498787
1729340,1,-2.75261,-1.32534,1.01105,-1.94699,1.10108,1.16771,2.20138,-2.75266,-1.32422,1.00895,-1.94565,1.10136,1.16858,2.20139,-0.000582765,-0.000274392,-0.000193954,-0.0012446,0.000198164,-0.000496541,-0.00136503,0,0,0,0,0,0,0,-0.176685,26.7383,-24.689,7.54642,0.825212,2.51882,0.0844213,-0.182803,2.14442,-3.031,1.88809,0.181402,0.91349,0.0495895
1729341,1,-2.75261,-1.32535,1.01105,-1.94698,1.10108,1.16771,2.20138,-2.75266,-1.32422,1.00895,-1.94565,1.10136,1.16858,2.20139,-0.00038851,-0.000832542,-0.000134446,0.000933508,-7.1341e-05,0.00014369,-0.0004353,0,0,0,0,0,0,0,-0.176685,26.766,-24.689,7.47104,0.830705,2.50601,0.071604,-0.182018,2.14611,-3.03504,1.88895,0.181449,0.913731,0.0493749
1729342,1,-2.75261,-1.32534,1.01105,-1.94698,1.10108,1.16771,2.20139,-2.75266,-1.32422,1.00895,-1.94565,1.10136,1.16858,2.20139,0.000390607,0.000651398,-9.34882e-05,0.00117915,-4.75607e-05,-0.000378924,0.000421877,0,0,0,0,0,0,0,-0.204456,26.7144,-24.689,7.44724,0.830705,2.51882,0.0523779,-0.181993,2.14838,-3.03879,1.88902,0.181446,0.913933,0.049247
1729343,1,-2.75261,-1.32534,1.01105,-1.94698,1.10108,1.16771,2.20139,-2.75266,-1.32422,1.00895,-1.94565,1.10136,1.16858,2.20139,-0.000946021,0.000434265,-6.52185e-05,-0.000420326,-3.17071e-05,0.000222102,4.38924e-05,0,0,0,0,0,0,0,-0.152882,26.7144,-24.689,7.49881,0.830705,2.50601,0.0587866,-0.182461,2.1501,-3.04164,1.88857,0.181393,0.914082,0.0492113
1729344,1,-2.75261,-1.32534,1.01105,-1.94698,1.10108,1.16771,2.20138,-2.75266,-1.32422,1.00895,-1.94565,1.10136,1.16858,2.20139,-7.38687e-05,0.00028951,0.000511163,0.000369397,-0.000224589,0.000148068,-0.000682815,0,0,0,0,0,0,0,-0.176685,26.7144,-24.7128,7.47104,0.836199,2.50601,0.0780126,-0.181603,2.15052,-3.0439,1.88902,0.181405,0.914216,0.0492491
1729345,1,-2.75261,-1.32534,1.01105,-1.94698,1.10108,1.16771,2.20138,-2.75266,-1.32422,1.00895,-1.94565,1.10136,1.16858,2.20139,-0.000606058,-0.000363805,0.000339148,0.000246265,0.000257175,-0.000613365,-0.000692569,0,0,0,0,0,0,0,-0.152882,26.7383,-24.7128,7.47104,0.825212,2.52523,0.0844213,-0.180191,2.15096,-3.0465,1.88983,0.181462,0.914387,0.0493467
1729346,1,-2.75261,-1.32534,1.01105,-1.94698,1.10108,1.16771,2.20138,-2.75266,-1.32422,1.00895,-1.94565,1.10136,1.16858,2.20139,-0.000404039,0.000314275,0.000224878,0.000164176,-3.20003e-05,6.58079e-05,0.000250364,0,0,0,0,0,0,0,-0.152882,26.7144,-24.7128,7.47104,0.830705,2.51242,0.0651953,-0.1789,2.15188,-3.04944,1.89051,0.181528,0.914594,0.0495127
1729347,1,-2.75261,-1.32534,1.01105,-1.94698,1.10108,1.16772,2.20138,-2.75266,-1.32422,1.00895,-1.94565,1.10136,1.16858,2.20139,-0.000918973,-0.000347295,0.000149003,-0.000540163,-2.13335e-05,4.38719e-05,-0.000307808,0,0,0,0,0,0,0,-0.125111,26.7383,-24.7128,7.49881,0.830705,2.51242,0.0780126,-0.177009,2.15254,-3.05218,1.89158,0.181641,0.914806,0.0497526
1729348,1,-2.75261,-1.32534,1.01105,-1.94698,1.10108,1.16771,2.20138,-2.75266,-1.32422,1.00895,-1.94565,1.10136,1.16858,2.20139,0.00124339,-0.00023153,9.86491e-05,0.000289505,-1.42224e-05,0.000266607,-0.00115464,0,0,0,0,0,0,0,-0.204456,26.7383,-24.7128,7.47104,0.830705,2.50601,0.103647,-0.175648,2.15337,-3.0546,1.89249,0.181758,0.915033,0.0500539
1729349,1,-2.75261,-1.32534,1.01105,-1.94699,1.10108,1.16772,2.20138,-2.75266,-1.32422,1.00895,-1.94565,1.10136,1.16858,2.20139,0.00138574,0.000402459,6.52511e-05,-0.00157023,-9.48157e-06,-5.9621e-05,-0.000532402,0,0,0,0,0,0,0,-0.22826,26.7144,-24.7128,7.54642,0.830705,2.51242,0.0972387,-0.176869,2.15486,-3.05646,1.89239,0.181802,0.915303,0.0504189
1729350,1,-2.75261,-1.32534,1.01105,-1.94698,1.10108,1.16772,2.20138,-2.75266,-1.32422,1.00895,-1.94565,1.10136,1.16858,2.20139,-0.0002826,-0.000288506,-0.000513697,0.000716415,0.000637939,-0.000277106,-0.000117576,0,0,0,0,0,0,0,-0.176685,26.7383,-24.689,7.47104,0.81331,2.51882,0.09083,-0.179637,2.15619,-3.05743,1.89182,0.181802,0.915572,0.05087
1729351,1,-2.75261,-1.32534,1.01105,-1.94698,1.10108,1.16771,2.20138,-2.75266,-1.32422,1.00895,-1.94565,1.10136,1.16858,2.20139,0.000461214,0.00101409,0.000214057,-0.000172004,-0.000218967,5.26214e-05,0.000158975,0,0,0,0,0,0,0,-0.204456,26.6867,-24.7128,7.49881,0.830705,2.51242,0.0844213,-0.181979,2.15668,-3.05756,1.89135,0.181788,0.915772,0.0514149
1729352,1,-2.75261,-1.32534,1.01105,-1.94698,1.10108,1.16771,2.20138,-2.75266,-1.32422,1.00895,-1.94565,1.10136,1.16858,2.20139,-0.000342138,2.6445e-05,-0.000414324,-0.000114669,-0.000145978,0.00027244,-0.000368734,0,0,0,0,0,0,0,-0.176685,26.7144,-24.689,7.49881,0.830705,2.50601,0.0972387,-0.183226,2.15611,-3.05713,1.8913,0.181778,0.915908,0.0520393
1729353,1,-2.75261,-1.32534,1.01105,-1.94698,1.10108,1.16771,2.20138,-2.75266,-1.32422,1.00895,-1.94565,1.10136,1.16858,2.20139,0.000978334,1.763e-05,-0.000925993,-0.000633258,-9.73188e-05,-0.000293091,0.000466254,0,0,0,0,0,0,0,-0.22826,26.7144,-24.6612,7.52262,0.830705,2.51882,0.0780126,-0.183862,2.15492,-3.05612,1.89169,0.181794,0.916001,0.0527244
1729354,1,-2.75261,-1.32534,1.01105,-1.94698,1.10108,1.16771,2.20138,-2.75266,-1.32422,1.00895,-1.94565,1.10136,1.16858,2.20139,-0.000554203,-0.000545059,0.000588975,0.00134107,0.000138571,4.19647e-05,-0.000401241,0,0,0,0,0,0,0,-0.176685,26.7383,-24.7128,7.44724,0.825212,2.51242,0.0972387,-0.185029,2.15442,-3.05521,1.89164,0.181786,0.916085,0.0534525
1729355,1,-2.75261,-1.32534,1.01105,-1.94698,1.10108,1.16771,2.20139,-2.75266,-1.32422,1.00895,-1.94565,1.10136,1.16858,2.20139,0.000280145,-0.000363372,0.00094937,0.00145086,-0.00031452,0.000265335,0.00214,0,0,0,0,0,0,0,-0.204456,26.7383,-24.7366,7.42344,0.836199,2.50601,0.0322363,-0.187087,2.15594,-3.05603,1.89039,0.181697,0.916224,0.0542069
1729356,1,-2.75261,-1.32534,1.01105,-1.94698,1.10108,1.16771,2.20138,-2.75266,-1.32422,1.00895,-1.94565,1.10136,1.16858,2.20139,-0.000462851,0.000964178,7.60329e-05,-0.000146387,0.000197221,-6.04686e-05,-0.000268752,0,0,0,0,0,0,0,-0.176685,26.6867,-24.7128,7.47104,0.825212,2.51242,0.0780126,-0.188984,2.15822,-3.05809,1.88873,0.181579,0.916402,0.0549596
1729357,1,-2.75261,-1.32534,1.01105,-1.94698,1.10108,1.16771,2.20138,-2.75266,-1.32422,1.00895,-1.94565,1.10136,1.16858,2.20139,-0.000308567,-0.00121325,5.0637e-05,-0.000747205,0.000131481,-0.000277671,-0.000416527,0,0,0,0,0,0,0,-0.176685,26.766,-24.7128,7.49881,0.825212,2.51882,0.0844213,-0.189102,2.15932,-3.05997,1.88836,0.181562,0.916575,0.0556711
1729358,1,-2.75261,-1.32534,1.01105,-1.94698,1.10108,1.16771,2.20139,-2.75266,-1.32422,1.00895,-1.94565,1.10136,1.16858,2.20139,-0.000205711,-0.000159223,3.37194e-05,-0.00105495,8.76537e-05,-0.000185114,0.00212981,0,0,0,0,0,0,0,-0.176685,26.7383,-24.7128,7.52262,0.825212,2.51882,0.0194189,-0.187561,2.15979,-3.06178,1.88946,0.18168,0.916768,0.0563303
1729359,1,-2.75261,-1.32534,1.01105,-1.94698,1.10108,1.16771,2.20139,-2.75266,-1.32422,1.00895,-1.94565,1.10136,1.16858,2.20139,0.000512473,-0.000755762,2.24506e-05,0.000503127,5.84358e-05,0.000351308,0.000707799,0,0,0,0,0,0,0,-0.204456,26.766,-24.7128,7.47104,0.825212,2.50601,0.038645,-0.186157,2.16051,-3.06356,1.89079,0.181825,0.916982,0.0569262
1729360,1,-2.75261,-1.32534,1.01105,-1.94698,1.10108,1.16771,2.20139,-2.75266,-1.32422,1.00895,-1.94565,1.10136,1.16858,2.20139,0.000341649,0.000145772,-0.00119148,-0.000314196,-0.000571394,0.000234206,0.000471866,0,0,0,0,0,0,0,-0.204456,26.7383,-24.6612,7.49881,0.841692,2.50601,0.038645,-0.186242,2.16129,-3.06436,1.89125,0.181895,0.917147,0.0574129
1729361,1,-2.75261,-1.32534,1.01105,-1.94698,1.10108,1.16771,2.20139,-2.75266,-1.32422,1.00895,-1.94565,1.10136,1.16858,2.20139,-0.00097866,0.000653994,0.000412089,-0.000766276,2.59715e-05,-8.12219e-05,0.000551936,0,0,0,0,0,0,0,-0.152882,26.7144,-24.7128,7.52262,0.830705,2.51242,0.0322363,-0.185983,2.1607,-3.06375,1.89201,0.181969,0.917225,0.057768
1729362,1,-2.75261,-1.32534,1.01105,-1.94698,1.10108,1.16771,2.20139,-2.75266,-1.32422,1.00895,-1.94565,1.10136,1.16858,2.20139,-9.56281e-05,0.000435996,0.000274714,4.59613e-05,1.73143e-05,-0.000291507,-0.000140669,0,0,0,0,0,0,0,-0.176685,26.7144,-24.7128,7.49881,0.830705,2.51882,0.0459692,-0.183613,2.15847,-3.06291,1.8941,0.182123,0.91728,0.057997
1729363,1,-2.75261,-1.32534,1.01105,-1.94698,1.10108,1.16771,2.20139,-2.75266,-1.32422,1.00895,-1.94565,1.10136,1.16858,2.20139,0.000585862,0.000290664,0.000183133,3.06409e-05,1.15429e-05,-0.000194338,0.000414847,0,0,0,0,0,0,0,-0.204456,26.7144,-24.7128,7.49881,0.830705,2.51882,0.0322363,-0.181328,2.15631,-3.0626,1.89608,0.182257,0.917373,0.0581048
1729364,1,-2.7526,-1.32534,1.01105,-1.94698,1.10108,1.16771,2.20138,-2.75266,-1.32422,1.00895,-1.94565,1.10136,1.16858,2.20139,0.0015042,0.00084339,0.000122082,-0.000536385,7.69525e-06,0.000345159,-0.000944138,0,0,0,0,0,0,0,-0.252064,26.6867,-24.7128,7.52262,0.830705,2.50601,0.0651953,-0.181351,2.15497,-3.06235,1.89686,0.182293,0.917512,0.0581033
1729365,1,-2.75261,-1.32534,1.01105,-1.94698,1.10108,1.16771,2.20139,-2.75266,-1.32422,1.00895,-1.94565,1.10136,1.16858,2.20139,-0.000760439,-0.000644166,-0.000475429,-0.00035759,5.13017e-06,-0.000244612,0.000591278,0,0,0,0,0,0,0,-0.176685,26.7383,-24.689,7.52262,0.830705,2.51882,0.0322363,-0.18269,2.15409,-3.06192,1.89711,0.182294,0.917667,0.058017
1729366,1,-2.75261,-1.32534,1.01105,-1.94698,1.10108,1.16771,2.20139,-2.75266,-1.32422,1.00895,-1.94565,1.10136,1.16858,2.20139,-0.00171339,0.00133379,0.000239855,-0.000238393,3.42011e-06,-0.000163074,0.000156826,0,0,0,0,0,0,0,-0.125111,26.6629,-24.7128,7.52262,0.830705,2.51882,0.038645,-0.181866,2.15247,-3.06145,1.89847,0.182392,0.917771,0.0578766
1729367,1,-2.75261,-1.32534,1.01105,-1.94698,1.10108,1.16771,2.20139,-2.75266,-1.32422,1.00895,-1.94565,1.10136,1.16858,2.20139,0.0012706,0.000889196,0.000716713,0.00160431,0.000409181,-0.000108716,-0.000166717,0,0,0,0,0,0,0,-0.22826,26.6629,-24.7366,7.44724,0.819719,2.51882,0.0459692,-0.179348,2.15,-3.0611,1.90038,0.182515,0.917837,0.0576923
1729368,1,-2.75261,-1.32534,1.01105,-1.94698,1.10108,1.16771,2.20139,-2.75266,-1.32422,1.00895,-1.94565,1.10136,1.16858,2.20139,0.000290251,-0.00117044,-7.90057e-05,0.000512727,6.93369e-05,-7.24775e-05,-0.000111144,0,0,0,0,0,0,0,-0.204456,26.7383,-24.7128,7.47104,0.825212,2.51882,0.0459692,-0.179712,2.14929,-3.06144,1.90022,0.182469,0.917953,0.0574595
1729369,1,-2.75261,-1.32534,1.01105,-1.94698,1.10108,1.16771,2.20139,-2.75266,-1.32422,1.00895,-1.94565,1.10136,1.16858,2.20139,0.000193501,0.000426132,-5.26721e-05,0.00089863,0.000249675,0.0004264,0.00043453,0,0,0,0,0,0,0,-0.204456,26.6867,-24.7128,7.44724,0.819719,2.50601,0.0322363,-0.182991,2.15092,-3.06242,1.89808,0.182292,0.918111,0.057188
1729370,1,-2.75261,-1.32534,1.01105,-1.94698,1.10108,1.16771,2.20139,-2.75266,-1.32422,1.00895,-1.94565,1.10136,1.16858,2.20139,-0.00172704,-0.00157195,-3.5116e-05,-0.000607339,-3.70004e-05,-0.000190452,0.000289687,0,0,0,0,0,0,0,-0.125111,26.766,-24.7128,7.49881,0.825212,2.51882,0.0322363,-0.18533,2.15287,-3.06367,1.89638,0.182167,0.91826,0.0568911
1729371,1,-2.75261,-1.32534,1.01105,-1.94698,1.10108,1.16771,2.20139,-2.75266,-1.32422,1.00895,-1.94565,1.10136,1.16858,2.20139,0.00070468,0.000808072,-2.34116e-05,-0.000961705,-0.000431568,0.00034775,-0.00079022,0,0,0,0,0,0,0,-0.204456,26.6867,-24.7128,7.52262,0.836199,2.50601,0.0587866,-0.18508,2.15402,-3.06512,1.89645,0.182188,0.918412,0.0565695
1729372,1,-2.75261,-1.32534,1.01105,-1.94698,1.10108,1.16771,2.20139,-2.75266,-1.32422,1.00895,-1.94565,1.10136,1.16858,2.20139,-0.000736639,-0.000110899,-1.56084e-05,0.000565289,-0.000287712,-5.52548e-06,0.000219172,0,0,0,0,0,0,0,-0.152882,26.7144,-24.7128,7.47104,0.836199,2.51242,0.038645,-0.183691,2.15399,-3.0661,1.8976,0.182279,0.918562,0.0562294
1729373,1,-2.75261,-1.32534,1.01105,-1.94698,1.10108,1.16771,2.20139,-2.75266,-1.32422,1.00895,-1.94565,1.10136,1.16858,2.20139,6.57193e-05,-7.39328e-05,-1.04061e-05,-0.000272754,0.000215093,0.000233675,-0.000362512,0,0,0,0,0,0,0,-0.176685,26.7144,-24.7128,7.49881,0.825212,2.50601,0.0523779,-0.182428,2.1534,-3.06662,1.89868,0.182355,0.918684,0.0558869
1729374,1,-2.75261,-1.32534,1.01105,-1.94698,1.10108,1.16771,2.20139,-2.75266,-1.32422,1.00895,-1.94565,1.10136,1.16858,2.20139,-0.000512999,-0.00125571,0.000549874,-0.000738648,-6.00552e-05,-0.000318934,0.000504311,0,0,0,0,0,0,0,-0.152882,26.766,-24.7366,7.52262,0.830705,2.51882,0.0322363,-0.181339,2.15349,-3.06771,1.89963,0.182438,0.918826,0.0555514
1729375,1,-2.75261,-1.32534,1.01105,-1.94698,1.10108,1.16771,2.20138,-2.75266,-1.32422,1.00895,-1.94565,1.10136,1.16858,2.20139,0.000864427,0.0010189,0.000366582,0.00127081,-0.000243487,2.4736e-05,-0.00159657,0,0,0,0,0,0,0,-0.204456,26.6867,-24.7366,7.44724,0.836199,2.51242,0.0844213,-0.18112,2.1545,-3.06951,1.90008,0.18249,0.919016,0.0552245
1729376,1,-2.75261,-1.32534,1.01105,-1.94698,1.10108,1.16771,2.20139,-2.75266,-1.32422,1.00895,-1.94565,1.10136,1.16858,2.20139,-7.33296e-05,2.96506e-05,0.000244388,0.000847204,4.11257e-05,-0.000220868,-0.000114946,0,0,0,0,0,0,0,-0.176685,26.7144,-24.7366,7.44724,0.830705,2.51882,0.0587866,-0.182568,2.15562,-3.07099,1.89927,0.182427,0.919188,0.0549177
1729377,1,-2.75261,-1.32534,1.01106,-1.94698,1.10108,1.16771,2.20139,-2.75266,-1.32422,1.00895,-1.94565,1.10136,1.16858,2.20139,0.000600728,-0.000537045,0.000162925,7.9906e-06,-0.000379484,9.01134e-05,0.000160728,0,0,0,0,0,0,0,-0.204456,26.7383,-24.7366,7.47104,0.841692,2.51242,0.0523779,-0.185117,2.1568,-3.07208,1.89759,0.182302,0.919331,0.0546591
1729378,1,-2.75261,-1.32534,1.01105,-1.94698,1.10108,1.16772,2.20138,-2.75266,-1.32422,1.00895,-1.94565,1.10136,1.16858,2.20139,0.000400485,0.000198782,0.000108617,0.000562139,-4.95388e-05,0.000297435,-0.00155436,0,0,0,0,0,0,0,-0.204456,26.7144,-24.7366,7.44724,0.836199,2.50601,0.0972387,-0.188081,2.15826,-3.07311,1.89571,0.182193,0.919475,0.0544591
1729379,1,-2.75261,-1.32534,1.01105,-1.94698,1.10108,1.16771,2.20138,-2.75266,-1.32422,1.00895,-1.94565,1.10136,1.16858,2.20139,0.00026699,0.000132521,7.2411e-05,-0.000831667,-3.30258e-05,-3.90692e-05,-0.000324163,0,0,0,0,0,0,0,-0.204456,26.7144,-24.7366,7.49881,0.836199,2.51242,0.0780126,-0.190629,2.15914,-3.07376,1.89427,0.182144,0.919604,0.0543265
1729380,1,-2.75261,-1.32534,1.01106,-1.94698,1.10108,1.16771,2.20138,-2.75266,-1.32422,1.00895,-1.94565,1.10136,1.16858,2.20139,0.000177993,-0.00111808,0.000697888,-0.000554444,-2.20172e-05,-0.000263405,-0.000453468,0,0,0,0,0,0,0,-0.204456,26.766,-24.7643,7.49881,0.836199,2.51882,0.0844213,-0.191985,2.1596,-3.07465,1.89384,0.182205,0.919754,0.0542881
1729381,1,-2.75261,-1.32534,1.01106,-1.94698,1.10108,1.16771,2.20138,-2.75266,-1.32422,1.00895,-1.94565,1.10136,1.16858,2.20139,-0.000530952,0.00046104,0.000465259,-0.000926442,-1.46782e-05,-0.000175603,-0.000539671,0,0,0,0,0,0,0,-0.176685,26.7144,-24.7643,7.52262,0.836199,2.51882,0.09083,-0.191796,2.16011,-3.07645,1.89456,0.182389,0.919955,0.0543564
1729382,1,-2.75261,-1.32534,1.01106,-1.94698,1.10108,1.16771,2.20138,-2.75266,-1.32422,1.00895,-1.94565,1.10136,1.16858,2.20139,0.000295646,-0.000249452,0.000310172,-6.08157e-05,0.000193665,0.000357649,-0.000122422,0,0,0,0,0,0,0,-0.204456,26.7383,-24.7643,7.49881,0.830705,2.50601,0.0844213,-0.190185,2.15994,-3.0784,1.89617,0.182648,0.920149,0.0545308
1729383,1,-2.75261,-1.32534,1.01106,-1.94698,1.10108,1.16771,2.20138,-2.75266,-1.32422,1.00895,-1.94565,1.10136,1.16858,2.20139,-0.000452517,-0.000166301,0.000206782,0.00116588,0.00012911,1.07369e-06,-8.16144e-05,0,0,0,0,0,0,0,-0.176685,26.7383,-24.7643,7.44724,0.830705,2.51242,0.0844213,-0.18879,2.15959,-3.07996,1.89733,0.18287,0.920284,0.0548036
1729384,1,-2.75261,-1.32534,1.01105,-1.94698,1.10108,1.16771,2.20138,-2.75266,-1.32422,1.00895,-1.94565,1.10136,1.16858,2.20139,0.000904748,-0.000760481,-0.00106857,-0.000429171,-0.000117377,-0.000236643,0.000420308,0,0,0,0,0,0,0,-0.22826,26.766,-24.7128,7.49881,0.836199,2.51882,0.071604,-0.188901,2.15976,-3.08082,1.89724,0.182998,0.920338,0.0551587
1729385,1,-2.75261,-1.32534,1.01105,-1.94698,1.10108,1.16771,2.20138,-2.75266,-1.32422,1.00895,-1.94565,1.10136,1.16858,2.20139,-0.00060326,0.000699438,-0.000155569,0.0003635,0.00032865,-0.000157762,-0.00066923,0,0,0,0,0,0,0,-0.176685,26.7144,-24.7366,7.47104,0.825212,2.51882,0.0972387,-0.189745,2.15952,-3.08041,1.89673,0.183091,0.920311,0.0555782
1729386,1,-2.75261,-1.32534,1.01106,-1.94698,1.10108,1.16771,2.20138,-2.75266,-1.32422,1.00895,-1.94565,1.10136,1.16858,2.20139,-0.000958986,-0.000740134,0.000545901,-0.000407281,0.0002191,0.000132184,0.000265923,0,0,0,0,0,0,0,-0.152882,26.766,-24.7643,7.49881,0.825212,2.51242,0.0780126,-0.18918,2.15837,-3.07976,1.89705,0.183232,0.920262,0.0560509
1729387,1,-2.75261,-1.32534,1.01105,-1.94698,1.10108,1.16771,2.20138,-2.75266,-1.32422,1.00895,-1.94565,1.10136,1.16858,2.20139,0.000567102,0.000713003,-0.000842492,-0.00027152,-0.000260835,8.81228e-05,-6.00767e-05,0,0,0,0,0,0,0,-0.204456,26.7144,-24.7128,7.49881,0.836199,2.51242,0.0844213,-0.187194,2.15677,-3.0795,1.89823,0.183421,0.920234,0.0565706
1729388,1,-2.75261,-1.32534,1.01105,-1.94698,1.10108,1.16771,2.20138,-2.75266,-1.32422,1.00895,-1.94565,1.10136,1.16858,2.20139,0.000378068,-8.14763e-05,-4.84924e-06,-0.000737826,-0.00017389,0.000296107,0.000672026,0,0,0,0,0,0,0,-0.204456,26.7383,-24.7366,7.52262,0.836199,2.50601,0.0651953,-0.185713,2.15483,-3.07871,1.89948,0.183596,0.920211,0.0571236
1729389,1,-2.75261,-1.32534,1.01105,-1.94698,1.10108,1.16771,2.20138,-2.75266,-1.32422,1.00895,-1.94565,1.10136,1.16858,2.20139,0.000808857,0.000502494,-3.23283e-06,-0.000491884,0.000290975,-3.9954e-05,-0.000738778,0,0,0,0,0,0,0,-0.22826,26.7144,-24.7366,7.52262,0.825212,2.51242,0.0972387,-0.185369,2.15298,-3.07769,1.90048,0.183732,0.920216,0.0576908
1729390,1,-2.75261,-1.32534,1.01105,-1.94698,1.10108,1.16771,2.20138,-2.75266,-1.32422,1.00895,-1.94565,1.10136,1.16858,2.20139,-1.75737e-05,-0.000221816,-2.15523e-06,0.000228889,-0.000416369,0.000210723,-1.78005e-05,0,0,0,0,0,0,0,-0.204456,26.7383,-24.7366,7.49881,0.841692,2.50601,0.0844213,-0.185916,2.15181,-3.07717,1.90107,0.183825,0.920258,0.0582599
1729391,1,-2.75261,-1.32534,1.01106,-1.94698,1.10108,1.16771,2.20138,-2.75266,-1.32422,1.00895,-1.94565,1.10136,1.16858,2.20139,0.000545096,0.00161536,0.000648177,0.000152593,-7.41285e-05,-0.000334236,0.00070021,0,0,0,0,0,0,0,-0.22826,26.6629,-24.7643,7.49881,0.836199,2.51882,0.0651953,-0.186777,2.15091,-3.07706,1.90132,0.183874,0.920304,0.0588366
1729392,1,-2.75261,-1.32534,1.01105,-1.94698,1.10108,1.16771,2.20138,-2.75266,-1.32422,1.00895,-1.94565,1.10136,1.16858,2.20139,0.000363397,-0.00133594,-0.000774308,0.000101729,0.000560933,0.000251894,-7.91134e-06,0,0,0,0,0,0,0,-0.22826,26.766,-24.7128,7.49881,0.819719,2.50601,0.0780126,-0.188057,2.1503,-3.0772,1.90119,0.183888,0.920342,0.0594156
1729393,1,-2.75261,-1.32534,1.01105,-1.94699,1.10108,1.16771,2.20138,-2.75266,-1.32422,1.00895,-1.94565,1.10136,1.16858,2.20139,-0.000964161,-0.00089063,4.06067e-05,-0.0010458,-0.000236397,-6.94296e-05,-0.000242633,0,0,0,0,0,0,0,-0.176685,26.766,-24.7366,7.54642,0.836199,2.51242,0.0844213,-0.189298,2.15079,-3.07787,1.901,0.183928,0.920377,0.0599744
1729394,1,-2.75261,-1.32534,1.01105,-1.94698,1.10108,1.16771,2.20139,-2.75266,-1.32422,1.00895,-1.94565,1.10136,1.16858,2.20139,6.83998e-06,0.00126229,-0.000529741,0.000416421,-0.000361048,-0.000283645,0.00078768,0,0,0,0,0,0,0,-0.204456,26.6867,-24.7128,7.49881,0.841692,2.51882,0.0587866,-0.188959,2.15115,-3.07867,1.90174,0.184053,0.920384,0.0605116
1729395,1,-2.75261,-1.32534,1.01106,-1.94698,1.10108,1.16771,2.20139,-2.75266,-1.32422,1.00895,-1.94565,1.10136,1.16858,2.20139,-0.000645054,-0.000364901,-0.000353161,0.000277614,-0.000240699,0.000285621,0.000762479,0,0,0,0,0,0,0,-0.176685,26.7383,-24.7128,7.49881,0.841692,2.50601,0.0523779,-0.187516,2.15014,-3.07862,1.90304,0.1842,0.920321,0.0610266
1729396,1,-2.75261,-1.32534,1.01106,-1.94698,1.10108,1.16771,2.20139,-2.75266,-1.32422,1.00895,-1.94565,1.10136,1.16858,2.20139,0.000219578,0.000313544,0.000970986,0.000185076,0.000653336,-4.6945e-05,0.000745678,0,0,0,0,0,0,0,-0.204456,26.7144,-24.7643,7.49881,0.819719,2.51242,0.0459692,-0.186348,2.14926,-3.07872,1.90399,0.184317,0.920257,0.0614948
1729397,1,-2.75261,-1.32534,1.01106,-1.94698,1.10108,1.16771,2.20139,-2.75266,-1.32422,1.00895,-1.94565,1.10136,1.16858,2.20139,0.000146385,-0.000347782,-0.000559102,-0.000433428,2.86564e-05,-0.000506015,2.2401e-05,0,0,0,0,0,0,0,-0.204456,26.7383,-24.7128,7.52262,0.830705,2.52523,0.0587866,-0.186007,2.1494,-3.07977,1.9045,0.184405,0.920272,0.0618889
1729398,1,-2.75261,-1.32534,1.01105,-1.94698,1.10108,1.16772,2.20138,-2.75266,-1.32422,1.00895,-1.94565,1.10136,1.16858,2.20139,-0.00110884,-0.000231855,0.000184077,0.00026786,1.91043e-05,0.000374734,-0.000934502,0,0,0,0,0,0,0,-0.152882,26.7383,-24.7366,7.49881,0.830705,2.50601,0.0844213,-0.185765,2.14986,-3.08102,1.90505,0.184496,0.920317,0.0621961
1729399,1,-2.75261,-1.32534,1.01106,-1.94698,1.10108,1.16771,2.20139,-2.75266,-1.32422,1.00895,-1.94565,1.10136,1.16858,2.20139,0.00102401,-0.00015457,0.000122718,0.000828187,0.000216187,1.24636e-05,0.000801152,0,0,0,0,0,0,0,-0.22826,26.7383,-24.7366,7.47104,0.825212,2.51242,0.0459692,-0.18579,2.15073,-3.08234,1.90528,0.184557,0.920361,0.0624312
1729400,1,-2.75261,-1.32534,1.01106,-1.94698,1.10108,1.16772,2.20139,-2.75266,-1.32422,1.00895,-1.94565,1.10136,1.16858,2.20139,-0.00108056,0.00166019,-0.000475,-0.000654301,-0.000262777,-0.000466409,0.00151745,0,0,0,0,0,0,0,-0.152882,26.6629,-24.7128,7.52262,0.836199,2.52523,0.0194189,-0.18616,2.15105,-3.08307,1.90529,0.184573,0.920386,0.06262
1729401,1,-2.75261,-1.32534,1.01106,-1.94698,1.10108,1.16771,2.20139,-2.75266,-1.32422,1.00895,-1.94565,1.10136,1.16858,2.20139,0.00104286,-0.00186287,0.000889759,0.000770225,0.000435167,-7.35803e-05,2.82864e-05,0,0,0,0,0,0,0,-0.22826,26.7898,-24.7643,7.47104,0.819719,2.51882,0.0459692,-0.186393,2.15083,-3.0835,1.90553,0.184588,0.920422,0.0627473
1729402,1,-2.75261,-1.32534,1.01105,-1.94698,1.10108,1.16771,2.20139,-2.75266,-1.32422,1.00895,-1.94565,1.10136,1.16858,2.20139,0.00013843,0.000521325,-0.000613253,-0.000692942,-0.00011679,-4.90535e-05,0.000764843,0,0,0,0,0,0,0,-0.204456,26.7144,-24.7128,7.52262,0.830705,2.51882,0.0258276,-0.187972,2.15216,-3.08477,1.90504,0.184558,0.920543,0.062777
1729403,1,-2.7526,-1.32534,1.01105,-1.94698,1.10108,1.16771,2.20139,-2.75266,-1.32422,1.00895,-1.94565,1.10136,1.16858,2.20139,0.000649099,-0.000209262,0.000147977,0.00130128,-0.00028131,0.000204657,3.51773e-05,0,0,0,0,0,0,0,-0.22826,26.7383,-24.7366,7.44724,0.836199,2.51242,0.038645,-0.190765,2.15405,-3.08584,1.90389,0.184472,0.920684,0.062701
1729404,1,-2.75261,-1.32534,1.01106,-1.94698,1.10108,1.16771,2.20139,-2.75266,-1.32422,1.00895,-1.94565,1.10136,1.16858,2.20139,-0.000124079,-0.000789122,0.000748265,0.000310706,-0.000390991,0.000136438,0.00026081,0,0,0,0,0,0,0,-0.204456,26.766,-24.7643,7.47104,0.841692,2.51242,0.0322363,-0.193988,2.15622,-3.08696,1.90226,0.184345,0.920824,0.0625233
1729405,1,-2.75261,-1.32534,1.01106,-1.94698,1.10108,1.16771,2.20139,-2.75266,-1.32422,1.00895,-1.94565,1.10136,1.16858,2.20139,-0.000732334,0.000680345,0.00105566,-0.000999289,0.000146241,-0.0001464,0.000173874,0,0,0,0,0,0,0,-0.176685,26.7144,-24.7881,7.52262,0.830705,2.51882,0.0322363,-0.195841,2.1586,-3.08929,1.90131,0.184285,0.921027,0.0622574
1729406,1,-2.75261,-1.32534,1.01105,-1.94699,1.10108,1.16771,2.20139,-2.75266,-1.32422,1.00895,-1.94565,1.10136,1.16858,2.20139,-0.000488222,-0.000752863,-0.00105947,-0.000666193,-0.000105957,0.000377118,-0.000392711,0,0,0,0,0,0,0,-0.176685,26.766,-24.7128,7.52262,0.836199,2.50601,0.0459692,-0.194507,2.1593,-3.09157,1.90252,0.184403,0.921226,0.0619191
1729407,1,-2.75261,-1.32534,1.01106,-1.94698,1.10108,1.16771,2.20139,-2.75266,-1.32422,1.00895,-1.94565,1.10136,1.16858,2.20139,0.000880944,0.000147705,0.000500114,0.000112684,0.000132813,1.40528e-05,0.000484178,0,0,0,0,0,0,0,-0.22826,26.7383,-24.7643,7.49881,0.830705,2.51242,0.0258276,-0.192529,2.15897,-3.09272,1.90433,0.184579,0.921356,0.0615174
1729408,1,-2.75261,-1.32534,1.01106,-1.94698,1.10108,1.16771,2.20139,-2.75266,-1.32422,1.00895,-1.94565,1.10136,1.16858,2.20139,-0.00117594,0.000655282,-0.000873016,-0.00048169,0.000291992,-0.00022799,-0.0004232,0,0,0,0,0,0,0,-0.152882,26.7144,-24.7128,7.52262,0.825212,2.51882,0.0459692,-0.191149,2.15805,-3.09278,1.90584,0.184726,0.921418,0.0610682
1729409,1,-2.75261,-1.32534,1.01106,-1.94698,1.10108,1.16771,2.20139,-2.75266,-1.32422,1.00895,-1.94565,1.10136,1.16858,2.20139,-0.000227149,0.000436855,0.000624415,-0.000321126,-8.78899e-06,8.53653e-05,0.000463852,0,0,0,0,0,0,0,-0.176685,26.7144,-24.7643,7.52262,0.830705,2.51242,0.0258276,-0.188571,2.15567,-3.09203,1.90802,0.1849,0.921416,0.0605869
1729410,1,-2.75261,-1.32534,1.01106,-1.94698,1.10108,1.16771,2.20139,-2.75266,-1.32422,1.00895,-1.94565,1.10136,1.16858,2.20139,-0.000151433,-0.000265575,0.000416277,0.000342728,0.000197591,5.69102e-05,-0.000674109,0,0,0,0,0,0,0,-0.176685,26.7383,-24.7643,7.49881,0.825212,2.51242,0.0523779,-0.185673,2.15337,-3.09172,1.91026,0.185064,0.921425,0.0600801
1729411,1,-2.75261,-1.32534,1.01106,-1.94698,1.10108,1.16771,2.20138,-2.75266,-1.32422,1.00895,-1.94565,1.10136,1.16858,2.20139,0.000548659,-0.00017705,0.00083433,0.000228485,0.000131727,-0.000199419,-0.0016362,0,0,0,0,0,0,0,-0.204456,26.7383,-24.7881,7.49881,0.825212,2.51882,0.0844213,-0.184695,2.15308,-3.0928,1.91117,0.185119,0.921518,0.059555
1729412,1,-2.75261,-1.32534,1.01106,-1.94698,1.10108,1.16771,2.20138,-2.75266,-1.32422,1.00895,-1.94565,1.10136,1.16858,2.20139,-0.000283841,-0.000118034,-5.92159e-07,0.000152323,-0.000115632,-0.000132946,-0.000616083,0,0,0,0,0,0,0,-0.176685,26.7383,-24.7643,7.49881,0.830705,2.51882,0.071604,-0.185478,2.15432,-3.09465,1.9109,0.185076,0.921661,0.0590475
1729413,1,-2.75261,-1.32534,1.01106,-1.94698,1.10108,1.16771,2.20139,-2.75266,-1.32422,1.00895,-1.94565,1.10136,1.16858,2.20139,0.00157401,-0.000728303,-0.00120682,-0.000455263,-0.000280539,0.000148728,6.3996e-05,0,0,0,0,0,0,0,-0.252064,26.766,-24.7128,7.52262,0.836199,2.51242,0.0587866,-0.187627,2.15594,-3.09582,1.90997,0.184982,0.921777,0.0586067
1729414,1,-2.75261,-1.32534,1.01106,-1.94698,1.10108,1.16771,2.20139,-2.75266,-1.32422,1.00895,-1.94565,1.10136,1.16858,2.20139,-0.00127071,0.000164079,-0.000247735,0.000253303,0.000219875,-0.000138207,0.000788649,0,0,0,0,0,0,0,-0.152882,26.7383,-24.7366,7.49881,0.825212,2.51882,0.038645,-0.190359,2.15711,-3.09557,1.90887,0.184881,0.921812,0.0582528
1729415,1,-2.75261,-1.32534,1.01106,-1.94698,1.10108,1.16771,2.20138,-2.75266,-1.32422,1.00895,-1.94565,1.10136,1.16858,2.20139,0.000916098,0.000109386,0.000484457,-0.000387943,0.000146584,0.000145221,-0.00188173,0,0,0,0,0,0,0,-0.22826,26.7383,-24.7643,7.52262,0.825212,2.51242,0.103647,-0.191951,2.15747,-3.09499,1.90842,0.184819,0.921815,0.0579739
1729416,1,-2.75261,-1.32534,1.01106,-1.94698,1.10108,1.16771,2.20138,-2.75266,-1.32422,1.00895,-1.94565,1.10136,1.16858,2.20139,5.39201e-05,7.29238e-05,0.000322971,0.000298183,-0.000309179,9.68141e-05,-0.000305052,0,0,0,0,0,0,0,-0.204456,26.7383,-24.7643,7.49881,0.836199,2.51242,0.0780126,-0.193037,2.15778,-3.09513,1.90829,0.184762,0.921872,0.0577628
1729417,1,-2.75261,-1.32534,1.01106,-1.94698,1.10108,1.16771,2.20138,-2.75266,-1.32422,1.00895,-1.94565,1.10136,1.16858,2.20139,-0.00117048,4.86159e-05,0.000772126,0.000198789,-2.66861e-06,6.45427e-05,-0.000203368,0,0,0,0,0,0,0,-0.152882,26.7383,-24.7881,7.49881,0.830705,2.51242,0.0780126,-0.193484,2.15828,-3.09616,1.9084,0.184714,0.921967,0.0576431
1729418,1,-2.75261,-1.32534,1.01105,-1.94698,1.10108,1.16771,2.20139,-2.75266,-1.32422,1.00895,-1.94565,1.10136,1.16858,2.20139,-0.000223507,3.24106e-05,-0.000691675,0.000132526,-1.77908e-06,0.000280387,0.00010178,0,0,0,0,0,0,0,-0.176685,26.7383,-24.7366,7.49881,0.830705,2.50601,0.071604,-0.192201,2.15823,-3.09742,1.90922,0.184723,0.922024,0.0576273
1729419,1,-2.75261,-1.32534,1.01106,-1.94698,1.10108,1.16771,2.20138,-2.75266,-1.32422,1.00895,-1.94565,1.10136,1.16858,2.20139,-0.000149005,2.16071e-05,-0.000461117,0.000737965,-1.18605e-06,-0.000287793,-0.000881582,0,0,0,0,0,0,0,-0.176685,26.7383,-24.7366,7.47104,0.830705,2.51882,0.0972387,-0.190702,2.15759,-3.09774,1.91,0.184735,0.921993,0.0576993
1729420,1,-2.75261,-1.32534,1.01106,-1.94699,1.10108,1.16771,2.20138,-2.75266,-1.32422,1.00895,-1.94565,1.10136,1.16858,2.20139,-9.93367e-05,1.44047e-05,0.000342203,-0.00127126,-0.000204241,-0.000191862,-0.000587722,0,0,0,0,0,0,0,-0.176685,26.7383,-24.7643,7.54642,0.836199,2.51882,0.0972387,-0.189653,2.15678,-3.09747,1.91063,0.184744,0.921936,0.0578525
1729421,1,-2.75261,-1.32534,1.01106,-1.94698,1.10108,1.16771,2.20138,-2.75266,-1.32422,1.00895,-1.94565,1.10136,1.16858,2.20139,-0.000623036,9.60314e-06,-0.000978291,0.00091573,-0.000136161,0.00034681,0.000557621,0,0,0,0,0,0,0,-0.152882,26.7383,-24.7128,7.47104,0.836199,2.50601,0.071604,-0.188287,2.15581,-3.09718,1.91165,0.184794,0.921894,0.0580961
1729422,1,-2.75261,-1.32534,1.01106,-1.94698,1.10107,1.16771,2.20138,-2.75266,-1.32422,1.00895,-1.94565,1.10136,1.16858,2.20139,0.000141454,6.40209e-06,-9.53818e-05,0.000610487,-0.000294224,-6.15233e-06,0.000134389,0,0,0,0,0,0,0,-0.176685,26.7383,-24.7366,7.47104,0.841692,2.51242,0.0780126,-0.187312,2.15488,-3.09646,1.91223,0.184827,0.921811,0.0584232
1729423,1,-2.75261,-1.32534,1.01106,-1.94698,1.10108,1.16771,2.20139,-2.75266,-1.32422,1.00895,-1.94565,1.10136,1.16858,2.20139,9.43029e-05,0.00056108,-0.0006204,-0.000799435,0.000414202,-4.10155e-06,0.00127639,0,0,0,0,0,0,0,-0.176685,26.7144,-24.7128,7.52262,0.825212,2.51242,0.0459692,-0.187142,2.15403,-3.09536,1.91224,0.184832,0.921709,0.0588077
1729424,1,-2.75261,-1.32534,1.01106,-1.94698,1.10108,1.16771,2.20139,-2.75266,-1.32422,1.00895,-1.94565,1.10136,1.16858,2.20139,-0.000493943,-0.000832373,0.000143212,2.38555e-05,7.26841e-05,-0.000240093,0.000850925,0,0,0,0,0,0,0,-0.152882,26.766,-24.7366,7.49881,0.830705,2.51882,0.0459692,-0.186828,2.15324,-3.09451,1.91257,0.184879,0.921647,0.0592143
1729425,1,-2.75261,-1.32534,1.01106,-1.94698,1.10108,1.16771,2.20138,-2.75266,-1.32422,1.00895,-1.94565,1.10136,1.16858,2.20139,0.000227516,9.46989e-05,-0.000461337,1.59037e-05,0.000251907,-0.000160062,-0.000382153,0,0,0,0,0,0,0,-0.176685,26.7383,-24.7128,7.49881,0.825212,2.51882,0.071604,-0.186481,2.15322,-3.09441,1.91293,0.184946,0.92164,0.0595943
1729426,1,-2.75261,-1.32534,1.01106,-1.94698,1.10108,1.16771,2.20139,-2.75266,-1.32422,1.00895,-1.94565,1.10136,1.16858,2.20139,0.000151678,6.31326e-05,0.000249254,1.06024e-05,-3.55128e-05,0.000130651,0.000219949,0,0,0,0,0,0,0,-0.176685,26.7383,-24.7366,7.49881,0.830705,2.51242,0.0587866,-0.186736,2.15384,-3.09471,1.91287,0.184977,0.921675,0.0599202
1729427,1,-2.75261,-1.32534,1.01106,-1.94698,1.10108,1.16771,2.20139,-2.75266,-1.32422,1.00895,-1.94565,1.10136,1.16858,2.20139,-0.000455694,0.00124851,0.000815783,-0.000549744,-0.000227126,-0.000150258,0.000621351,0,0,0,0,0,0,0,-0.152882,26.6867,-24.7643,7.52262,0.836199,2.51882,0.0459692,-0.186538,2.15403,-3.09531,1.91316,0.185009,0.921756,0.0602
1729428,1,-2.75261,-1.32534,1.01106,-1.94698,1.10108,1.16771,2.20139,-2.75266,-1.32422,1.00895,-1.94565,1.10136,1.16858,2.20139,0.000253016,-0.000374083,-0.000105759,-0.000366496,-0.000151417,0.000137187,0.000685501,0,0,0,0,0,0,0,-0.176685,26.7383,-24.7366,7.52262,0.836199,2.51242,0.038645,-0.185208,2.15356,-3.09632,1.91425,0.185084,0.921881,0.0604334
1729429,1,-2.75261,-1.32534,1.01106,-1.94698,1.10108,1.16771,2.20139,-2.75266,-1.32422,1.00895,-1.94565,1.10136,1.16858,2.20139,0.000818291,0.000307423,0.000579108,0.000312481,-0.000304395,0.000328817,0.000185733,0,0,0,0,0,0,0,-0.204456,26.7144,-24.7643,7.49881,0.841692,2.50601,0.0459692,-0.184686,2.15367,-3.09754,1.91492,0.185136,0.922031,0.0605981
1729430,1,-2.75261,-1.32534,1.01105,-1.94698,1.10108,1.16771,2.20139,-2.75266,-1.32422,1.00895,-1.94565,1.10136,1.16858,2.20139,0.00110234,-0.000351863,-0.000263542,0.000857935,0.000203971,0.000219211,0.00039509,0,0,0,0,0,0,0,-0.22826,26.7383,-24.7366,7.47104,0.830705,2.50601,0.038645,-0.186874,2.15528,-3.09881,1.91385,0.185072,0.922183,0.0606772
1729431,1,-2.75261,-1.32534,1.01106,-1.94698,1.10108,1.16771,2.20139,-2.75266,-1.32422,1.00895,-1.94565,1.10136,1.16858,2.20139,-0.000471533,-0.000234575,0.000473919,-7.76573e-05,0.000339431,-9.12182e-05,0.00097547,0,0,0,0,0,0,0,-0.176685,26.7383,-24.7643,7.49881,0.825212,2.51242,0.0194189,-0.190547,2.15782,-3.10009,1.91165,0.18494,0.922307,0.0606712
1729432,1,-2.75261,-1.32534,1.01106,-1.94698,1.10108,1.16771,2.20139,-2.75266,-1.32422,1.00895,-1.94565,1.10136,1.16858,2.20139,0.000335259,0.000400428,0.000315946,0.000597842,-0.000384064,-6.08121e-05,-0.000333031,0,0,0,0,0,0,0,-0.204456,26.7144,-24.7643,7.47104,0.841692,2.51242,0.0459692,-0.193222,2.16013,-3.10155,1.90986,0.18485,0.922398,0.0605795
1729433,1,-2.75261,-1.32534,1.01105,-1.94698,1.10108,1.16771,2.20139,-2.75266,-1.32422,1.00895,-1.94565,1.10136,1.16858,2.20139,-0.000426108,-0.00028986,-0.000995795,-0.000251052,-5.25923e-05,-4.05414e-05,0.000761324,0,0,0,0,0,0,0,-0.176685,26.7383,-24.7128,7.49881,0.836199,2.51242,0.0194189,-0.194397,2.16132,-3.10248,1.90892,0.184827,0.922424,0.0603983
1729434,1,-2.75261,-1.32534,1.01106,-1.94698,1.10108,1.16771,2.20139,-2.75266,-1.32422,1.00895,-1.94565,1.10136,1.16858,2.20139,-0.000840884,0.000363572,-0.000107051,-0.000167368,0.00037184,0.000210331,-0.000475795,0,0,0,0,0,0,0,-0.152882,26.7144,-24.7366,7.49881,0.825212,2.50601,0.0459692,-0.193712,2.16092,-3.10224,1.9091,0.184901,0.922349,0.0601341
1729435,1,-2.75261,-1.32534,1.01106,-1.94698,1.10108,1.16771,2.20139,-2.75266,-1.32422,1.00895,-1.94565,1.10136,1.16858,2.20139,0.000645837,0.000242381,0.000578246,0.000538035,-0.000362459,-0.000571856,0.00019143,0,0,0,0,0,0,0,-0.204456,26.7144,-24.7643,7.47104,0.841692,2.52523,0.0322363,-0.191836,2.1597,-3.10179,1.90999,0.185029,0.92225,0.0597988
1729436,1,-2.75261,-1.32534,1.01106,-1.94698,1.10108,1.16771,2.20139,-2.75266,-1.32422,1.00895,-1.94565,1.10136,1.16858,2.20139,0.000430558,0.000811202,-0.000264116,-0.000847736,0.000165262,9.34806e-05,-0.000109739,0,0,0,0,0,0,0,-0.204456,26.6867,-24.7366,7.52262,0.830705,2.51242,0.038645,-0.190685,2.15857,-3.10164,1.91065,0.185127,0.922205,0.0594087
1729437,1,-2.75261,-1.32534,1.01105,-1.94698,1.10108,1.16771,2.20139,-2.75266,-1.32422,1.00895,-1.94565,1.10136,1.16858,2.20139,-0.000362575,-0.000108813,-0.00193932,-0.000565157,0.000110175,0.000299679,-0.000581786,0,0,0,0,0,0,0,-0.176685,26.7144,-24.6612,7.52262,0.830705,2.50601,0.0523779,-0.189679,2.15653,-3.10039,1.9116,0.185247,0.92213,0.0589781
1729438,1,-2.75261,-1.32534,1.01105,-1.94699,1.10108,1.16771,2.20139,-2.75266,-1.32422,1.00895,-1.94565,1.10136,1.16858,2.20139,0.000407897,0.000577072,-8.64511e-05,-0.000933583,-0.000130001,-3.75727e-05,0.000120769,0,0,0,0,0,0,0,-0.204456,26.6867,-24.7128,7.54642,0.836199,2.51242,0.038645,-0.187998,2.15331,-3.09768,1.91325,0.185425,0.921977,0.0585241
1729439,1,-2.75261,-1.32534,1.01106,-1.94698,1.10108,1.16771,2.20138,-2.75266,-1.32422,1.00895,-1.94565,1.10136,1.16858,2.20139,0.000271931,-0.000821711,0.000499178,-6.5577e-05,0.000116783,0.000449669,-0.00114019,0,0,0,0,0,0,0,-0.204456,26.7383,-24.7366,7.52262,0.830705,2.4996,0.071604,-0.186747,2.15099,-3.09577,1.91476,0.185596,0.921878,0.0580674
1729440,1,-2.75261,-1.32534,1.01105,-1.94699,1.10108,1.16771,2.20138,-2.75266,-1.32422,1.00895,-1.94565,1.10136,1.16858,2.20139,-0.00102514,-0.000547807,0.000332785,-0.00060053,7.78556e-05,-0.000174938,-0.0014722,0,0,0,0,0,0,0,-0.152882,26.7383,-24.7366,7.54642,0.830705,2.51242,0.09083,-0.185946,2.15092,-3.09624,1.91581,0.185744,0.921902,0.0576294
1729441,1,-2.75261,-1.32534,1.01105,-1.94698,1.10108,1.16771,2.20139,-2.75266,-1.32422,1.00895,-1.94565,1.10136,1.16858,2.20139,-0.000683426,-0.000365205,-0.000334955,0.000156459,-0.000151547,-0.000591343,0.000680043,0,0,0,0,0,0,0,-0.152882,26.7383,-24.7128,7.52262,0.836199,2.52523,0.0459692,-0.184263,2.15186,-3.09806,1.91705,0.185911,0.921955,0.0572519
1729442,1,-2.75261,-1.32534,1.01106,-1.94698,1.10108,1.16771,2.20139,-2.75266,-1.32422,1.00895,-1.94565,1.10136,1.16858,2.20139,0.000101195,0.000962956,0.000983122,0.000661118,0.00030587,-0.00015687,-2.13556e-05,0,0,0,0,0,0,0,-0.176685,26.6867,-24.7643,7.49881,0.825212,2.51882,0.0587866,-0.182307,2.1526,-3.09991,1.91817,0.186044,0.921987,0.0569645
1729443,1,-2.75261,-1.32534,1.01106,-1.94698,1.10108,1.16771,2.20138,-2.75266,-1.32422,1.00895,-1.94565,1.10136,1.16858,2.20139,6.74633e-05,-7.64334e-06,0.000655415,-0.000116067,0.000203913,0.000132779,-0.000726314,0,0,0,0,0,0,0,-0.176685,26.7144,-24.7643,7.52262,0.825212,2.51242,0.0780126,-0.181345,2.15329,-3.10184,1.91859,0.18608,0.922049,0.0567538
1729444,1,-2.75261,-1.32534,1.01105,-1.94698,1.10108,1.16771,2.20138,-2.75266,-1.32422,1.00895,-1.94565,1.10136,1.16858,2.20139,-0.000511836,0.000644518,-0.000212671,0.00112905,0.000135942,8.85193e-05,-0.000958927,0,0,0,0,0,0,0,-0.152882,26.6867,-24.7366,7.47104,0.825212,2.51242,0.09083,-0.181116,2.15386,-3.10358,1.9185,0.186044,0.922119,0.0566067
1729445,1,-2.75261,-1.32534,1.01106,-1.94698,1.10108,1.16771,2.20138,-2.75266,-1.32422,1.00895,-1.94565,1.10136,1.16858,2.20139,0.000215588,-0.000776747,0.000507834,0.000103085,9.06281e-05,0.000296372,-0.000639285,0,0,0,0,0,0,0,-0.176685,26.7383,-24.7643,7.49881,0.825212,2.50601,0.09083,-0.181476,2.15445,-3.10477,1.91788,0.185952,0.92215,0.0565361
1729446,1,-2.75261,-1.32534,1.01106,-1.94698,1.10108,1.16771,2.20138,-2.75266,-1.32422,1.00895,-1.94565,1.10136,1.16858,2.20139,0.00135015,-0.000517831,0.000338556,0.000718337,-0.000346482,0.00043494,0.000285887,0,0,0,0,0,0,0,-0.22826,26.7383,-24.7643,7.47104,0.836199,2.4996,0.071604,-0.183773,2.15648,-3.10624,1.91611,0.185777,0.922207,0.0565604
1729447,1,-2.75261,-1.32534,1.01105,-1.94698,1.10108,1.16771,2.20138,-2.75266,-1.32422,1.00895,-1.94565,1.10136,1.16858,2.20139,-0.000306325,-0.000345221,-0.00153753,0.000478891,-2.75377e-05,5.26012e-05,0.00042795,0,0,0,0,0,0,0,-0.176685,26.7383,-24.689,7.47104,0.830705,2.50601,0.0651953,-0.188018,2.15941,-3.10725,1.9133,0.185535,0.922239,0.0566804
1729448,1,-2.75261,-1.32534,1.01106,-1.94698,1.10108,1.16771,2.20139,-2.75266,-1.32422,1.00895,-1.94565,1.10136,1.16858,2.20139,-0.000204217,-0.000230147,0.000738215,-0.000887165,-1.83585e-05,-0.00043965,0.000997377,0,0,0,0,0,0,0,-0.176685,26.7383,-24.7643,7.52262,0.830705,2.51882,0.0459692,-0.19122,2.16117,-3.10707,1.91124,0.185359,0.922176,0.0568775
1729449,1,-2.75261,-1.32534,1.01105,-1.94698,1.10108,1.16771,2.20138,-2.75266,-1.32422,1.00895,-1.94565,1.10136,1.16858,2.20139,-0.000692956,0.00160981,-0.00127109,-3.46314e-05,-0.00041914,0.000181618,-0.000284518,0,0,0,0,0,0,0,-0.152882,26.6629,-24.689,7.49881,0.841692,2.50601,0.071604,-0.191171,2.16043,-3.10604,1.91139,0.185341,0.922054,0.0571185
1729450,1,-2.75261,-1.32534,1.01105,-1.94698,1.10108,1.16771,2.20138,-2.75266,-1.32422,1.00895,-1.94565,1.10136,1.16858,2.20139,9.4841e-05,-0.000133222,-0.000847396,0.00118334,0.000534375,-0.000116281,4.76804e-05,0,0,0,0,0,0,0,-0.176685,26.7144,-24.689,7.44724,0.819719,2.51242,0.0651953,-0.189276,2.15723,-3.10342,1.91262,0.185386,0.921826,0.0573673
1729451,1,-2.7526,-1.32534,1.01105,-1.94698,1.10108,1.16771,2.20139,-2.75266,-1.32422,1.00895,-1.94565,1.10136,1.16858,2.20139,0.00182647,-0.000645626,-8.1189e-06,0.00023208,-0.000254101,-7.75204e-05,0.00101513,0,0,0,0,0,0,0,-0.252064,26.7383,-24.7128,7.47104,0.836199,2.51242,0.038645,-0.189536,2.15489,-3.1004,1.91234,0.185323,0.921579,0.0576057
1729452,1,-2.75261,-1.32534,1.01106,-1.94698,1.10108,1.16771,2.20139,-2.75266,-1.32422,1.00895,-1.94565,1.10136,1.16858,2.20139,-0.000545594,-0.000430418,0.00120101,-0.00105171,0.000440951,0.000185679,-6.92312e-05,0,0,0,0,0,0,0,-0.176685,26.7383,-24.7643,7.52262,0.819719,2.50601,0.0587866,-0.192093,2.1554,-3.09951,1.91084,0.185198,0.921504,0.0578241
1729453,1,-2.75261,-1.32534,1.01106,-1.94698,1.10108,1.16772,2.20139,-2.75266,-1.32422,1.00895,-1.94565,1.10136,1.16858,2.20139,-0.000920542,0.000269867,0.000151062,0.000505289,0.000293967,-0.000350932,-4.61541e-05,0,0,0,0,0,0,0,-0.152882,26.7144,-24.7366,7.47104,0.819719,2.51882,0.0587866,-0.192782,2.15659,-3.1008,1.91051,0.185172,0.921564,0.0580102
1729454,1,-2.75261,-1.32534,1.01105,-1.94698,1.10108,1.16771,2.20138,-2.75266,-1.32422,1.00895,-1.94565,1.10136,1.16858,2.20139,0.00114954,-0.000376901,-0.000456104,-0.000869567,-0.000210923,3.40422e-06,-0.000505487,0,0,0,0,0,0,0,-0.22826,26.7383,-24.7128,7.52262,0.830705,2.51242,0.071604,-0.191659,2.15703,-3.10229,1.91121,0.185209,0.921626,0.0581595
1729455,1,-2.75261,-1.32534,1.01106,-1.94698,1.10108,1.16771,2.20139,-2.75266,-1.32422,1.00895,-1.94565,1.10136,1.16858,2.20139,0.00020955,0.000305545,0.000252742,0.000626715,-0.000344066,2.26948e-06,0.00112107,0,0,0,0,0,0,0,-0.204456,26.7144,-24.7366,7.47104,0.836199,2.51242,0.0322363,-0.191504,2.15729,-3.10297,1.9115,0.185196,0.921665,0.05828
1729456,1,-2.75261,-1.32534,1.01105,-1.94698,1.10108,1.16771,2.20139,-2.75266,-1.32422,1.00895,-1.94565,1.10136,1.16858,2.20139,-0.000509914,-0.000353115,0.000168495,0.00041781,0.000177524,-0.000473205,0.000238754,0,0,0,0,0,0,0,-0.176685,26.7383,-24.7366,7.47104,0.825212,2.52523,0.0459692,-0.191967,2.15769,-3.10347,1.91126,0.185135,0.921694,0.058375
1729457,1,-2.75261,-1.32534,1.01105,-1.94698,1.10108,1.16772,2.20139,-2.75266,-1.32422,1.00895,-1.94565,1.10136,1.16858,2.20139,-0.000339942,0.000971016,-0.000444482,0.00027854,-0.000288552,0.000633966,0.000667796,0,0,0,0,0,0,0,-0.176685,26.6867,-24.7128,7.47104,0.836199,2.4996,0.0322363,-0.191464,2.15743,-3.10365,1.91123,0.185081,0.921677,0.0584286
1729458,1,-2.75261,-1.32534,1.01106,-1.94698,1.10108,1.16771,2.20138,-2.75266,-1.32422,1.00895,-1.94565,1.10136,1.16858,2.20139,0.000979798,-0.000559082,0.000910105,-0.00102073,1.10826e-05,0.000185285,-0.000775506,0,0,0,0,0,0,0,-0.22826,26.7383,-24.7643,7.52262,0.830705,2.50601,0.0651953,-0.190386,2.15648,-3.1035,1.91162,0.185061,0.921651,0.058424
1729459,1,-2.75261,-1.32534,1.01105,-1.94698,1.10108,1.16771,2.20139,-2.75266,-1.32422,1.00895,-1.94565,1.10136,1.16858,2.20139,-0.000553228,0.000833704,-4.28776e-05,0.000525937,-0.000196062,0.000123523,0.00117842,0,0,0,0,0,0,0,-0.176685,26.6867,-24.7366,7.47104,0.836199,2.50601,0.0194189,-0.189577,2.15577,-3.10376,1.91213,0.185061,0.921676,0.0583635
1729460,1,-2.75261,-1.32534,1.01106,-1.94698,1.10108,1.16771,2.20139,-2.75266,-1.32422,1.00895,-1.94565,1.10136,1.16858,2.20139,0.000837608,-9.3811e-05,-2.8585e-05,0.000350625,0.000717002,-0.000392369,0.000548252,0,0,0,0,0,0,0,-0.22826,26.7144,-24.7366,7.47104,0.81331,2.51882,0.0258276,-0.189231,2.15512,-3.10394,1.91231,0.185039,0.921684,0.0582537
1729461,1,-2.75261,-1.32534,1.01106,-1.94698,1.10108,1.16771,2.20139,-2.75266,-1.32422,1.00895,-1.94565,1.10136,1.16858,2.20139,1.59309e-06,0.000587073,0.000630557,-0.000972676,-0.000369709,0.000213139,-0.000109216,0,0,0,0,0,0,0,-0.204456,26.6867,-24.7643,7.52262,0.836199,2.50601,0.038645,-0.189389,2.15441,-3.1039,1.91221,0.184994,0.921677,0.0580813
1729462,1,-2.75261,-1.32534,1.01105,-1.94699,1.10108,1.16771,2.20139,-2.75266,-1.32422,1.00895,-1.94565,1.10136,1.16858,2.20139,-0.00120536,0.000391382,-0.000229242,-0.00120526,0.000363879,0.000142092,0.000164548,0,0,0,0,0,0,0,-0.152882,26.6867,-24.7366,7.54642,0.819719,2.50601,0.0322363,-0.187856,2.15281,-3.10396,1.91344,0.185047,0.921678,0.0578392
1729463,1,-2.75261,-1.32534,1.01105,-1.94698,1.10108,1.16771,2.20138,-2.75266,-1.32422,1.00895,-1.94565,1.10136,1.16858,2.20139,-0.000246764,-0.000945504,-0.00070964,0.000959729,3.91355e-05,-0.00037999,-0.00134836,0,0,0,0,0,0,0,-0.176685,26.7383,-24.7128,7.47104,0.825212,2.51882,0.071604,-0.184441,2.15042,-3.10369,1.91573,0.185184,0.921619,0.0575353
1729464,1,-2.75261,-1.32534,1.01105,-1.94698,1.10108,1.16772,2.20139,-2.75266,-1.32422,1.00895,-1.94565,1.10136,1.16858,2.20139,-0.000721321,-7.35243e-05,8.37185e-05,-9.79429e-06,-0.000380811,0.000221391,0.00103387,0,0,0,0,0,0,0,-0.152882,26.7144,-24.7366,7.49881,0.836199,2.50601,0.0194189,-0.181825,2.14902,-3.10332,1.91708,0.185257,0.921501,0.0571899
1729465,1,-2.75261,-1.32534,1.01105,-1.94698,1.10108,1.16772,2.20139,-2.75266,-1.32422,1.00895,-1.94565,1.10136,1.16858,2.20139,0.000725545,-0.000605828,-0.000501,0.000643084,-0.000253874,0.000384953,-2.28295e-05,0,0,0,0,0,0,0,-0.204456,26.7383,-24.7128,7.47104,0.836199,2.4996,0.038645,-0.181003,2.14895,-3.10311,1.91706,0.185232,0.921374,0.0568281
1729466,1,-2.75261,-1.32534,1.01106,-1.94698,1.10108,1.16771,2.20139,-2.75266,-1.32422,1.00895,-1.94565,1.10136,1.16858,2.20139,0.000483697,0.000152927,0.000222812,-0.000220891,0.000237652,-0.000455441,-0.000286487,0,0,0,0,0,0,0,-0.204456,26.7144,-24.7366,7.49881,0.825212,2.51882,0.0459692,-0.182318,2.14986,-3.10295,1.91587,0.185119,0.921275,0.0564498
1729467,1,-2.75261,-1.32534,1.01105,-1.94698,1.10107,1.16771,2.20138,-2.75266,-1.32422,1.00895,-1.94565,1.10136,1.16858,2.20139,0.000322464,0.000101951,-0.00040827,0.000502353,-0.000451917,0.000408449,-0.00137779,0,0,0,0,0,0,0,-0.204456,26.7144,-24.7128,7.47104,0.841692,2.4996,0.0780126,-0.184928,2.15099,-3.10268,1.91411,0.18496,0.921204,0.0560574
1729468,1,-2.75261,-1.32534,1.01105,-1.94698,1.10108,1.16772,2.20138,-2.75266,-1.32422,1.00895,-1.94565,1.10136,1.16858,2.20139,-0.000434638,6.79673e-05,-0.00027218,0.000334902,0.000105623,0.0002723,-0.00115588,0,0,0,0,0,0,0,-0.176685,26.7144,-24.7128,7.47104,0.830705,2.4996,0.0844213,-0.187212,2.15148,-3.10201,1.91253,0.184814,0.921105,0.0556804
1729469,1,-2.75261,-1.32534,1.01105,-1.94698,1.10108,1.16771,2.20138,-2.75266,-1.32422,1.00895,-1.94565,1.10136,1.16858,2.20139,0.000916667,4.53116e-05,-0.000181454,0.000223268,7.04154e-05,-0.000530544,-0.000295871,0,0,0,0,0,0,0,-0.22826,26.7144,-24.7128,7.47104,0.830705,2.51882,0.071604,-0.189096,2.15154,-3.10107,1.91111,0.18469,0.920975,0.0553658
1729470,1,-2.75261,-1.32534,1.01106,-1.94698,1.10108,1.16771,2.20138,-2.75266,-1.32422,1.00895,-1.94565,1.10136,1.16858,2.20139,-0.00115213,-0.00117622,0.00108546,0.000148845,4.69436e-05,-0.000116337,4.01118e-05,0,0,0,0,0,0,0,-0.152882,26.766,-24.7643,7.47104,0.830705,2.51242,0.0651953,-0.190711,2.15233,-3.10115,1.90981,0.1846,0.920903,0.0551491
1729471,1,-2.75261,-1.32534,1.01106,-1.94698,1.10108,1.16771,2.20138,-2.75266,-1.32422,1.00895,-1.94565,1.10136,1.16858,2.20139,-0.000211272,-0.000134532,7.4024e-05,-0.000550384,-0.000172155,-0.000314917,-0.000447977,0,0,0,0,0,0,0,-0.176685,26.7383,-24.7366,7.49881,0.836199,2.51882,0.0780126,-0.190876,2.15398,-3.10295,1.90927,0.184601,0.920922,0.0550331
1729472,1,-2.75261,-1.32534,1.01105,-1.94698,1.10108,1.16771,2.20138,-2.75266,-1.32422,1.00895,-1.94565,1.10136,1.16858,2.20139,-0.000140848,-8.96877e-05,-0.000507463,0.000282691,-0.00011477,0.000264773,-0.00053601,0,0,0,0,0,0,0,-0.176685,26.7383,-24.7128,7.47104,0.836199,2.50601,0.0844213,-0.18974,2.15508,-3.10471,1.90957,0.184681,0.920945,0.0550068
1729473,1,-2.75261,-1.32534,1.01105,-1.94698,1.10108,1.16772,2.20138,-2.75266,-1.32422,1.00895,-1.94565,1.10136,1.16858,2.20139,0.000555715,-5.97918e-05,-0.000338308,-0.000461153,-7.65132e-05,0.000651233,-0.000832058,0,0,0,0,0,0,0,-0.204456,26.7383,-24.7128,7.49881,0.836199,2.49319,0.0972387,-0.188917,2.15517,-3.105,1.90984,0.184761,0.920905,0.055066
1729474,1,-2.75261,-1.32534,1.01105,-1.94698,1.10108,1.16772,2.20138,-2.75266,-1.32422,1.00895,-1.94565,1.10136,1.16858,2.20139,-0.000835949,-3.98612e-05,-0.000782351,-0.000864247,0.000152442,-0.000277921,0.00039473,0,0,0,0,0,0,0,-0.152882,26.7383,-24.689,7.52262,0.830705,2.51242,0.071604,-0.18803,2.15431,-3.10406,1.9104,0.184869,0.920806,0.0552206
1729475,1,-2.75261,-1.32534,1.01105,-1.94698,1.10108,1.16772,2.20138,-2.75266,-1.32422,1.00895,-1.94565,1.10136,1.16858,2.20139,-4.87446e-07,0.00117985,3.52447e-05,0.00118707,0.000508529,5.20781e-05,2.57947e-05,0,0,0,0,0,0,0,-0.176685,26.6867,-24.7128,7.44724,0.819719,2.50601,0.0780126,-0.186239,2.15221,-3.10224,1.91151,0.185008,0.920643,0.0554737
1729476,1,-2.75261,-1.32534,1.01105,-1.94699,1.10108,1.16771,2.20139,-2.75266,-1.32422,1.00895,-1.94565,1.10136,1.16858,2.20139,-3.24964e-07,0.000136954,2.34965e-05,-0.00152867,0.000135569,3.47188e-05,0.000729273,0,0,0,0,0,0,0,-0.176685,26.7144,-24.7128,7.54642,0.825212,2.50601,0.0587866,-0.184193,2.14943,-3.10019,1.91267,0.18512,0.920462,0.055805
1729477,1,-2.75261,-1.32534,1.01105,-1.94698,1.10108,1.16771,2.20138,-2.75266,-1.32422,1.00895,-1.94565,1.10136,1.16858,2.20139,0.000649397,9.13026e-05,-0.00119076,9.4512e-05,-0.000113071,0.000260505,1.14643e-05,0,0,0,0,0,0,0,-0.204456,26.7144,-24.6612,7.49881,0.830705,2.4996,0.071604,-0.182757,2.14684,-3.09811,1.91373,0.185209,0.920303,0.0561803
1729478,1,-2.75261,-1.32534,1.01105,-1.94698,1.10108,1.16771,2.20138,-2.75266,-1.32422,1.00895,-1.94565,1.10136,1.16858,2.20139,0.000432932,-0.00170237,-0.000793841,0.000712622,-7.53809e-05,-6.36891e-05,-0.000467075,0,0,0,0,0,0,0,-0.204456,26.7898,-24.6612,7.47104,0.830705,2.50601,0.0844213,-0.183533,2.14587,-3.0959,1.9135,0.185207,0.920132,0.0565637
1729479,1,-2.75261,-1.32534,1.01105,-1.94698,1.10108,1.16771,2.20139,-2.75266,-1.32422,1.00895,-1.94565,1.10136,1.16858,2.20139,-0.000917805,0.00127794,0.00123401,-0.000174533,0.000153197,-4.24594e-05,0.00111277,0,0,0,0,0,0,0,-0.152882,26.6867,-24.7366,7.49881,0.825212,2.50601,0.0459692,-0.185483,2.1467,-3.09465,1.91219,0.185127,0.919985,0.0569491
1729480,1,-2.75261,-1.32534,1.01105,-1.94699,1.10108,1.16771,2.20139,-2.75266,-1.32422,1.00895,-1.94565,1.10136,1.16858,2.20139,-0.00061187,0.000202345,0.000265862,-0.00122998,-0.00030477,-0.000265665,0.000504488,0,0,0,0,0,0,0,-0.152882,26.7144,-24.7128,7.54642,0.836199,2.51242,0.0523779,-0.184772,2.14691,-3.09484,1.91243,0.185138,0.919909,0.0573424
1729481,1,-2.75261,-1.32534,1.01105,-1.94699,1.10108,1.16771,2.20139,-2.75266,-1.32422,1.00895,-1.94565,1.10136,1.16858,2.20139,0.000148899,0.000134897,0.000177241,-0.000819986,2.70525e-07,-0.00017711,0.000573684,0,0,0,0,0,0,0,-0.176685,26.7144,-24.7128,7.54642,0.830705,2.51242,0.0459692,-0.181653,2.14597,-3.09561,1.91448,0.185267,0.91989,0.0577143
1729482,1,-2.75261,-1.32534,1.01105,-1.94698,1.10108,1.16771,2.20138,-2.75266,-1.32422,1.00895,-1.94565,1.10136,1.16858,2.20139,0.00074888,-0.00111649,-0.000438651,1.01546e-05,-0.00020327,-0.000355432,-0.00056698,0,0,0,0,0,0,0,-0.204456,26.766,-24.689,7.52262,0.836199,2.51882,0.071604,-0.179776,2.14586,-3.09639,1.91607,0.18537,0.919905,0.0580274
1729483,1,-2.75261,-1.32534,1.01105,-1.94698,1.10108,1.16771,2.20139,-2.75266,-1.32422,1.00895,-1.94565,1.10136,1.16858,2.20139,-0.000707173,-9.47158e-05,-0.000292434,0.000563582,0.000271388,4.04031e-07,0.00131743,0,0,0,0,0,0,0,-0.152882,26.7383,-24.689,7.49881,0.825212,2.51242,0.0258276,-0.180246,2.14726,-3.09693,1.9161,0.185367,0.91991,0.0582732
1729484,1,-2.75261,-1.32534,1.01105,-1.94698,1.10108,1.16771,2.20139,-2.75266,-1.32422,1.00895,-1.94565,1.10136,1.16858,2.20139,8.53635e-05,-6.31439e-05,-0.000194956,0.00102534,-2.25255e-05,0.000237628,0.00135301,0,0,0,0,0,0,0,-0.176685,26.7383,-24.689,7.47104,0.830705,2.50601,0.0130102,-0.181547,2.149,-3.09691,1.91511,0.185285,0.919855,0.0584547
1729485,1,-2.75261,-1.32534,1.01105,-1.94698,1.10108,1.16771,2.20139,-2.75266,-1.32422,1.00895,-1.94565,1.10136,1.16858,2.20139,-0.00114952,-4.20959e-05,0.000426841,3.39428e-05,0.000188434,0.000158419,-4.74307e-05,0,0,0,0,0,0,0,-0.125111,26.7383,-24.7128,7.49881,0.825212,2.50601,0.038645,-0.182338,2.15037,-3.09668,1.91401,0.18518,0.919765,0.0585479
1729486,1,-2.75261,-1.32534,1.01105,-1.94698,1.10108,1.16771,2.20139,-2.75266,-1.32422,1.00895,-1.94565,1.10136,1.16858,2.20139,0.000440081,0.00117836,0.000841373,2.26285e-05,0.000125622,0.000105613,0.000205738,0,0,0,0,0,0,0,-0.176685,26.6867,-24.7366,7.49881,0.825212,2.50601,0.0322363,-0.181874,2.15101,-3.0968,1.91365,0.185109,0.919708,0.0585304
1729487,1,-2.75261,-1.32534,1.01106,-1.94698,1.10108,1.16771,2.20139,-2.75266,-1.32422,1.00895,-1.94565,1.10136,1.16858,2.20139,0.000943001,-0.000420851,0.000560915,0.0006647,-0.000119702,-0.000166951,-0.000608826,0,0,0,0,0,0,0,-0.204456,26.7383,-24.7366,7.47104,0.830705,2.51242,0.0523779,-0.181938,2.15161,-3.09735,1.91324,0.185009,0.919725,0.0584074
1729488,1,-2.75261,-1.32534,1.01105,-1.94698,1.10108,1.16772,2.20139,-2.75266,-1.32422,1.00895,-1.94565,1.10136,1.16858,2.20139,-0.00122737,0.000276244,-0.00073968,0.00155676,0.0003271,0.000363418,-0.000643243,0,0,0,0,0,0,0,-0.125111,26.7144,-24.689,7.42344,0.819719,2.4996,0.0587866,-0.183542,2.15283,-3.09774,1.91178,0.184822,0.919737,0.0581978
1729489,1,-2.75261,-1.32534,1.01105,-1.94698,1.10108,1.16771,2.20139,-2.75266,-1.32422,1.00895,-1.94565,1.10136,1.16858,2.20139,0.0015946,-0.00157907,-0.00114273,-7.57859e-05,-0.000392285,4.9194e-06,-0.00019147,0,0,0,0,0,0,0,-0.22826,26.7898,-24.6612,7.47104,0.836199,2.50601,0.0523779,-0.186014,2.15434,-3.09702,1.90948,0.184592,0.919646,0.057935
1729490,1,-2.75261,-1.32534,1.01105,-1.94698,1.10108,1.16771,2.20139,-2.75266,-1.32422,1.00895,-1.94565,1.10136,1.16858,2.20139,-0.000143357,0.000710521,-0.000112209,-0.000700138,-5.8073e-05,3.2796e-06,0.000109712,0,0,0,0,0,0,0,-0.176685,26.7144,-24.689,7.49881,0.830705,2.50601,0.0459692,-0.189142,2.1559,-3.09535,1.90714,0.184385,0.919518,0.0576566
1729491,1,-2.75261,-1.32534,1.01105,-1.94698,1.10108,1.16772,2.20138,-2.75266,-1.32422,1.00895,-1.94565,1.10136,1.16858,2.20139,0.000554043,0.000473681,-7.48059e-05,0.000739667,0.000368186,2.1864e-06,-0.00111365,0,0,0,0,0,0,0,-0.204456,26.7144,-24.689,7.44724,0.819719,2.50601,0.0780126,-0.191377,2.15639,-3.09335,1.90577,0.184249,0.919405,0.0573869
1729492,1,-2.75261,-1.32534,1.01105,-1.94698,1.10108,1.16771,2.20138,-2.75266,-1.32422,1.00895,-1.94565,1.10136,1.16858,2.20139,-0.000280252,0.000315787,-4.98706e-05,-6.37004e-05,-0.000161444,1.4576e-06,-0.000979794,0,0,0,0,0,0,0,-0.176685,26.7144,-24.689,7.47104,0.830705,2.50601,0.0844213,-0.19225,2.15573,-3.09136,1.90519,0.184151,0.91929,0.057142
1729493,1,-2.75261,-1.32534,1.01105,-1.94698,1.10108,1.16772,2.20138,-2.75266,-1.32422,1.00895,-1.94565,1.10136,1.16858,2.20139,0.000462779,-0.000346287,-3.32471e-05,-0.00124889,9.58213e-05,9.71733e-07,5.88806e-05,0,0,0,0,0,0,0,-0.204456,26.7383,-24.689,7.52262,0.825212,2.50601,0.0651953,-0.192021,2.15481,-3.08984,1.90534,0.184112,0.919204,0.0569524
1729494,1,-2.75261,-1.32534,1.01105,-1.94698,1.10108,1.16771,2.20139,-2.75266,-1.32422,1.00895,-1.94565,1.10136,1.16858,2.20139,-0.000341094,-0.000230858,0.000534647,-0.000275783,-0.00013957,6.47822e-07,0.000276613,0,0,0,0,0,0,0,-0.176685,26.7383,-24.7128,7.49881,0.830705,2.50601,0.0587866,-0.190731,2.15422,-3.08929,1.9064,0.18416,0.919184,0.0568419
1729495,1,-2.75261,-1.32534,1.01105,-1.94698,1.10108,1.16771,2.20138,-2.75266,-1.32422,1.00895,-1.94565,1.10136,1.16858,2.20139,0.000422218,0.000402907,-0.00020038,0.000465758,0.000110404,4.31881e-07,-0.000765027,0,0,0,0,0,0,0,-0.204456,26.7144,-24.689,7.47104,0.825212,2.50601,0.0844213,-0.189289,2.15411,-3.08942,1.90749,0.184213,0.919189,0.0568013
1729496,1,-2.75261,-1.32534,1.01105,-1.94698,1.10108,1.16771,2.20138,-2.75266,-1.32422,1.00895,-1.94565,1.10136,1.16858,2.20139,0.000281478,-0.000288208,-0.000783201,0.000310506,-0.000536749,0.000237647,-0.000272659,0,0,0,0,0,0,0,-0.204456,26.7383,-24.6612,7.47104,0.841692,2.4996,0.0780126,-0.188814,2.15407,-3.08897,1.90772,0.184194,0.919135,0.0568167
1729497,1,-2.75261,-1.32534,1.01105,-1.94698,1.10108,1.16771,2.20138,-2.75266,-1.32422,1.00895,-1.94565,1.10136,1.16858,2.20139,-0.000461962,0.000364674,-0.000522134,0.00132063,-0.000357833,-0.000316287,-0.000181773,0,0,0,0,0,0,0,-0.176685,26.7144,-24.6612,7.42344,0.841692,2.51242,0.0780126,-0.189235,2.15387,-3.08744,1.90707,0.184114,0.91898,0.0568923
1729498,1,-2.75261,-1.32534,1.01105,-1.94698,1.10108,1.16771,2.20139,-2.75266,-1.32422,1.00895,-1.94565,1.10136,1.16858,2.20139,-0.000307974,-0.000313696,0.000301525,-0.00143963,0.000371797,2.65012e-05,-0.000358541,0,0,0,0,0,0,0,-0.176685,26.7383,-24.689,7.52262,0.825212,2.50601,0.0844213,-0.188917,2.15334,-3.08577,1.90665,0.184074,0.918792,0.0570366
1729499,1,-2.75261,-1.32534,1.01105,-1.94698,1.10108,1.16772,2.20138,-2.75266,-1.32422,1.00895,-1.94565,1.10136,1.16858,2.20139,-0.000205316,0.000997295,0.000201016,-0.000402942,0.000451315,0.000255026,-0.000713745,0,0,0,0,0,0,0,-0.176685,26.6867,-24.689,7.49881,0.819719,2.4996,0.0972387,-0.186774,2.15218,-3.08476,1.90761,0.184158,0.918666,0.0572526
1729500,1,-2.75261,-1.32534,1.01105,-1.94698,1.10108,1.16771,2.20138,-2.75266,-1.32422,1.00895,-1.94565,1.10136,1.16858,2.20139,0.000512736,-0.000541563,0.000690823,0.000937798,0.000300877,-0.0003047,-1.11219e-06,0,0,0,0,0,0,0,-0.204456,26.7383,-24.7128,7.44724,0.819719,2.51242,0.0844213,-0.184557,2.1512,-3.08451,1.90878,0.184254,0.91861,0.0575413
1729501,1,-2.75261,-1.32534,1.01105,-1.94699,1.10108,1.16771,2.20138,-2.75266,-1.32422,1.00895,-1.94565,1.10136,1.16858,2.20139,-0.000864602,-0.00156747,0.000460549,-0.00169485,-2.86614e-06,3.42254e-05,-0.000712818,0,0,0,0,0,0,0,-0.152882,26.7898,-24.7128,7.54642,0.825212,2.50601,0.103647,-0.183531,2.15215,-3.08571,1.90913,0.184295,0.918638,0.0579013
1729502,1,-2.75261,-1.32534,1.01105,-1.94698,1.10108,1.16771,2.20138,-2.75266,-1.32422,1.00895,-1.94565,1.10136,1.16858,2.20139,0.000630025,0.000161448,0.000307032,-1.6277e-05,0.000438899,-0.000214542,0.000236865,0,0,0,0,0,0,0,-0.204456,26.7383,-24.7128,7.49881,0.81331,2.51242,0.0844213,-0.182631,2.15449,-3.08806,1.90956,0.184354,0.918741,0.0583328
1729503,1,-2.75261,-1.32534,1.01105,-1.94698,1.10108,1.16772,2.20138,-2.75266,-1.32422,1.00895,-1.94565,1.10136,1.16858,2.20139,0.000976828,0.000107632,-0.000352124,-1.08513e-05,-0.000351661,0.000569049,0.00015791,0,0,0,0,0,0,0,-0.22826,26.7383,-24.689,7.49881,0.830705,2.49319,0.0844213,-0.182806,2.15657,-3.0896,1.90961,0.184348,0.918822,0.0588321
1729504,1,-2.75261,-1.32534,1.01105,-1.94698,1.10108,1.16771,2.20139,-2.75266,-1.32422,1.00895,-1.94565,1.10136,1.16858,2.20139,-0.000555207,0.000628566,0.000322063,0.00064238,-3.099e-05,0.000142007,0.000105273,0,0,0,0,0,0,0,-0.176685,26.7144,-24.7128,7.47104,0.825212,2.4996,0.0844213,-0.184212,2.15769,-3.08957,1.90888,0.184229,0.918805,0.0593825
1729505,1,-2.75261,-1.32534,1.01105,-1.94698,1.10108,1.16771,2.20138,-2.75266,-1.32422,1.00895,-1.94565,1.10136,1.16858,2.20139,0.000279476,0.000419044,0.000214709,-0.000778173,0.00018279,9.46713e-05,0.000307541,0,0,0,0,0,0,0,-0.204456,26.7144,-24.7128,7.52262,0.819719,2.4996,0.0780126,-0.18479,2.1575,-3.08877,1.90853,0.184099,0.918709,0.0599669
1729506,1,-2.75261,-1.32534,1.01105,-1.94698,1.10108,1.16771,2.20138,-2.75266,-1.32422,1.00895,-1.94565,1.10136,1.16858,2.20139,-0.000463297,0.000279363,-0.000413673,0.000687644,-0.000488491,-0.000174245,-0.000507049,0,0,0,0,0,0,0,-0.176685,26.7144,-24.689,7.47104,0.836199,2.50601,0.0972387,-0.184302,2.15631,-3.08756,1.90882,0.183996,0.918559,0.0605683
1729507,1,-2.75261,-1.32534,1.01105,-1.94698,1.10108,1.16772,2.20139,-2.75266,-1.32422,1.00895,-1.94565,1.10136,1.16858,2.20139,-0.000308864,0.000835856,0.00028103,-0.000191185,8.12402e-05,-0.000353522,0.00183211,0,0,0,0,0,0,0,-0.176685,26.6867,-24.7128,7.49881,0.825212,2.51242,0.038645,-0.183143,2.15443,-3.08588,1.90944,0.183909,0.918352,0.0611755
1729508,1,-2.75261,-1.32534,1.01105,-1.94698,1.10108,1.16772,2.20138,-2.75266,-1.32422,1.00895,-1.94565,1.10136,1.16858,2.20139,0.00100052,0.000557237,-0.00157588,0.000522158,0.000257611,0.000476395,7.00822e-07,0,0,0,0,0,0,0,-0.22826,26.6867,-24.6374,7.47104,0.819719,2.49319,0.071604,-0.182275,2.15192,-3.08332,1.90987,0.183802,0.918085,0.0617684
1729509,1,-2.75261,-1.32534,1.01105,-1.94698,1.10108,1.16772,2.20139,-2.75266,-1.32422,1.00895,-1.94565,1.10136,1.16858,2.20139,-0.000539415,0.000371491,-0.00105059,0.000348105,-3.17101e-05,0.000317597,0.000475185,0,0,0,0,0,0,0,-0.176685,26.6867,-24.6374,7.47104,0.825212,2.49319,0.0587866,-0.182659,2.14896,-3.07923,1.90958,0.183642,0.917725,0.0623067
1729510,1,-2.75261,-1.32534,1.01105,-1.94698,1.10108,1.16771,2.20139,-2.75266,-1.32422,1.00895,-1.94565,1.10136,1.16858,2.20139,0.000846816,-0.00160838,-0.000143581,-0.000417544,-0.000224591,-2.56276e-05,0.00177485,0,0,0,0,0,0,0,-0.22826,26.766,-24.6612,7.49881,0.830705,2.4996,0.0194189,-0.183966,2.14708,-3.07524,1.90871,0.183468,0.917355,0.0627692
1729511,1,-2.75261,-1.32534,1.01105,-1.94698,1.10108,1.16771,2.20139,-2.75266,-1.32422,1.00895,-1.94565,1.10136,1.16858,2.20139,0.00112136,0.000134173,-9.57208e-05,0.000371251,5.37235e-05,-0.000254444,0.000471158,0,0,0,0,0,0,0,-0.252064,26.7144,-24.6612,7.47104,0.825212,2.50601,0.038645,-0.186922,2.14792,-3.07324,1.907,0.183271,0.917118,0.0631364
1729512,1,-2.75261,-1.32534,1.01105,-1.94698,1.10108,1.16771,2.20139,-2.75266,-1.32422,1.00895,-1.94565,1.10136,1.16858,2.20139,-0.00101567,-0.00111698,0.00114261,0.000247501,0.000239266,6.77296e-05,0.000788823,0,0,0,0,0,0,0,-0.176685,26.766,-24.7128,7.47104,0.819719,2.4996,0.0258276,-0.190612,2.15076,-3.0734,1.90484,0.183059,0.917017,0.0633778
1729513,1,-2.75261,-1.32534,1.01105,-1.94698,1.10108,1.16771,2.20139,-2.75266,-1.32422,1.00895,-1.94565,1.10136,1.16858,2.20139,-2.74976e-05,-0.000744651,0.000204929,0.00650842,-4.39397e-05,4.51531e-05,5.11642e-05,0,0,0,0,0,0,0,-0.204456,26.766,-24.689,7.47104,0.825212,2.4996,0.038645,-0.194699,2.15558,-3.07555,1.90123,0.182741,0.916948,0.0634743
1729514,1,-2.75261,-1.32534,1.01105,-1.94698,1.10108,1.16771,2.20139,-2.75266,-1.32422,1.00895,-1.94565,1.10136,1.16858,2.20139,-0.000667946,0.000709992,0.00013662,0.00486756,-2.92932e-05,3.0102e-05,0.000746186,0,0,0,0,0,0,0,-0.176685,26.7144,-24.689,7.47104,0.825212,2.4996,0.0194189,-0.20129,2.16216,-3.07801,1.89402,0.182131,0.916754,0.0634228
1729515,1,-2.75261,-1.32534,1.01105,-1.94698,1.10108,1.16771,2.20139,-2.75266,-1.32422,1.00895,-1.94565,1.10136,1.16858,2.20139,0.000204317,0.00112294,-0.00111535,0.00364151,-0.000222979,2.0068e-05,-0.000723246,0,0,0,0,0,0,0,-0.204456,26.6867,-24.6374,7.47104,0.830705,2.4996,0.0523779,-0.20885,2.16727,-3.07835,1.88523,0.181356,0.91637,0.0632394
1729516,1,-2.75261,-1.32534,1.01105,-1.94698,1.10108,1.16771,2.20139,-2.75266,-1.32422,1.00895,-1.94565,1.10136,1.16858,2.20139,-0.00107021,-0.000457798,-0.000186752,0.00272502,5.47977e-05,-0.00022398,-0.000244805,0,0,0,0,0,0,0,-0.152882,26.7383,-24.6612,7.47104,0.825212,2.50601,0.0459692,-0.214593,2.1695,-3.07653,1.87799,0.180679,0.915885,0.0629499
1729517,1,-2.75261,-1.32534,1.01105,-1.94698,1.10108,1.16772,2.20139,-2.75266,-1.32422,1.00895,-1.94565,1.10136,1.16858,2.20139,-0.000156664,-0.000305199,-0.000124501,0.00139008,3.65318e-05,-0.000624038,0.000582782,0,0,0,0,0,0,0,-0.176685,26.7383,-24.6612,7.49881,0.825212,2.51882,0.0258276,-0.217646,2.17047,-3.07463,1.87334,0.180225,0.915459,0.0625904
1729518,1,-2.75261,-1.32534,1.01105,-1.94698,1.10108,1.16771,2.20139,-2.75266,-1.32422,1.00895,-1.94565,1.10136,1.16858,2.20139,0.000545171,0.00100296,0.000566613,0.00109398,2.43545e-05,5.86925e-05,-0.000594823,0,0,0,0,0,0,0,-0.204456,26.6867,-24.689,7.49881,0.825212,2.50601,0.0523779,-0.218502,2.17073,-3.07355,1.87136,0.179994,0.915199,0.0621875
1729519,1,-2.75261,-1.32534,1.01105,-1.94698,1.10108,1.16771,2.20139,-2.75266,-1.32422,1.00895,-1.94565,1.10136,1.16858,2.20139,-0.000842979,0.00066864,0.000377742,0.000854761,-0.000187214,3.91283e-05,-0.00015919,0,0,0,0,0,0,0,-0.152882,26.6867,-24.689,7.49881,0.830705,2.50601,0.0459692,-0.217335,2.16952,-3.07283,1.87188,0.179944,0.915089,0.0617529
1729520,1,-2.75261,-1.32534,1.01105,-1.94698,1.10108,1.16771,2.20139,-2.75266,-1.32422,1.00895,-1.94565,1.10136,1.16858,2.20139,-5.17378e-06,-0.000760666,-0.000954598,0.00131354,-0.000124809,0.000263445,-0.000580844,0,0,0,0,0,0,0,-0.176685,26.7383,-24.6374,7.47104,0.830705,2.4996,0.0587866,-0.214381,2.16729,-3.07207,1.87416,0.180036,0.915036,0.0613011
1729521,1,-2.75261,-1.32534,1.01104,-1.94698,1.10108,1.16771,2.20139,-2.75266,-1.32422,1.00895,-1.94565,1.10136,1.16858,2.20139,-3.44919e-06,4.97014e-05,-0.00184282,0.000946253,0.000561054,-6.17293e-05,-0.000149871,0,0,0,0,0,0,0,-0.176685,26.7144,-24.5858,7.47104,0.81331,2.50601,0.0523779,-0.211538,2.16489,-3.07016,1.87666,0.180177,0.914933,0.0608484
1729522,1,-2.75261,-1.32534,1.01105,-1.94698,1.10108,1.16772,2.20139,-2.75266,-1.32422,1.00895,-1.94565,1.10136,1.16858,2.20139,0.000647314,3.31343e-05,0.0011843,0.00179738,0.000136677,0.000433565,0.000137445,0,0,0,0,0,0,0,-0.204456,26.7144,-24.689,7.42344,0.819719,2.49319,0.0459692,-0.210017,2.16289,-3.06752,1.87849,0.180279,0.91481,0.0604143
1729523,1,-2.75261,-1.32534,1.01105,-1.94698,1.10108,1.16771,2.20138,-2.75266,-1.32422,1.00895,-1.94565,1.10136,1.16858,2.20139,0.000431543,0.000671703,0.000789535,0.000681133,9.11179e-05,-0.000185675,-0.00133252,0,0,0,0,0,0,0,-0.204456,26.6867,-24.689,7.44724,0.819719,2.50601,0.0844213,-0.2096,2.16208,-3.06637,1.87969,0.180314,0.914813,0.0600123
1729524,1,-2.75261,-1.32534,1.01105,-1.94698,1.10108,1.16772,2.20139,-2.75266,-1.32422,1.00895,-1.94565,1.10136,1.16858,2.20139,-0.000918731,-0.000201812,-0.000123257,-7.29548e-05,-0.000549606,0.000588294,0.000535805,0,0,0,0,0,0,0,-0.152882,26.7144,-24.6612,7.47104,0.836199,2.48678,0.0459692,-0.208257,2.16146,-3.06663,1.88155,0.180387,0.914915,0.0596559
1729525,1,-2.75261,-1.32534,1.01105,-1.94698,1.10108,1.16771,2.20138,-2.75266,-1.32422,1.00895,-1.94565,1.10136,1.16858,2.20139,-0.000612487,-0.00134097,0.000567442,0.000530502,0.000243947,-0.000319881,-0.000592233,0,0,0,0,0,0,0,-0.152882,26.766,-24.689,7.44724,0.819719,2.50601,0.071604,-0.204722,2.16068,-3.06757,1.88468,0.180583,0.915021,0.0593584
1729526,1,-2.75261,-1.32534,1.01105,-1.94698,1.10108,1.16772,2.20139,-2.75266,-1.32422,1.00895,-1.94565,1.10136,1.16858,2.20139,0.000798101,0.000962062,-0.000828131,-0.000186399,-0.000244269,-0.000687972,0.000317255,0,0,0,0,0,0,0,-0.204456,26.6867,-24.6374,7.47104,0.830705,2.51882,0.0523779,-0.200776,2.16015,-3.06858,1.88799,0.180819,0.915111,0.059118
1729527,1,-2.75261,-1.32534,1.01105,-1.94698,1.10108,1.16772,2.20139,-2.75266,-1.32422,1.00895,-1.94565,1.10136,1.16858,2.20139,-0.000674358,-0.000565051,0.000654339,-0.000111708,0.000244055,0.000253429,-0.000500573,0,0,0,0,0,0,0,-0.152882,26.7383,-24.689,7.47104,0.819719,2.4996,0.071604,-0.19724,2.15894,-3.0687,1.89121,0.181044,0.915173,0.0589305
1729528,1,-2.75261,-1.32534,1.01105,-1.94698,1.10108,1.16772,2.20138,-2.75266,-1.32422,1.00895,-1.94565,1.10136,1.16858,2.20139,0.000756854,-0.00102631,-0.000213388,-0.000714667,-0.000244198,0.000406312,-0.00152051,0,0,0,0,0,0,0,-0.204456,26.766,-24.6612,7.49881,0.830705,2.49319,0.103647,-0.193975,2.15798,-3.06885,1.89432,0.18127,0.915253,0.0587903
1729529,1,-2.75261,-1.32534,1.01105,-1.94698,1.10108,1.16771,2.20138,-2.75266,-1.32422,1.00895,-1.94565,1.10136,1.16858,2.20139,-0.000145045,-0.00068421,0.000507355,0.000737045,-0.000162799,-0.000441202,-0.000301597,0,0,0,0,0,0,0,-0.176685,26.766,-24.689,7.44724,0.830705,2.51242,0.0844213,-0.191952,2.15853,-3.06973,1.89655,0.181453,0.915372,0.0587105
1729530,1,-2.75261,-1.32534,1.01105,-1.94698,1.10108,1.16771,2.20138,-2.75266,-1.32422,1.00895,-1.94565,1.10136,1.16858,2.20139,-9.66966e-05,0.000750286,0.000338237,0.00105347,-0.000108532,-0.000294135,3.62944e-05,0,0,0,0,0,0,0,-0.176685,26.7144,-24.689,7.42344,0.830705,2.51242,0.0780126,-0.190947,2.15961,-3.07067,1.89768,0.181549,0.91547,0.0587246
1729531,1,-2.75261,-1.32534,1.01105,-1.94698,1.10108,1.16772,2.20138,-2.75266,-1.32422,1.00895,-1.94565,1.10136,1.16858,2.20139,-0.000621276,-5.66213e-05,-0.000980935,-0.00161376,0.000131096,0.000278628,0.000261555,0,0,0,0,0,0,0,-0.152882,26.7383,-24.6374,7.52262,0.825212,2.4996,0.071604,-0.188989,2.1591,-3.07052,1.89908,0.181651,0.915483,0.0588412
1729532,1,-2.75261,-1.32534,1.01105,-1.94698,1.10108,1.16772,2.20138,-2.75266,-1.32422,1.00895,-1.94565,1.10136,1.16858,2.20139,0.000142628,-3.77475e-05,-0.00121077,0.000133566,8.73971e-05,0.000185752,-0.000300348,0,0,0,0,0,0,0,-0.176685,26.7383,-24.6136,7.47104,0.825212,2.4996,0.0844213,-0.185573,2.1564,-3.06834,1.90153,0.181837,0.915379,0.0590381
1729533,1,-2.75261,-1.32534,1.01105,-1.94698,1.10108,1.16772,2.20139,-2.75266,-1.32422,1.00895,-1.94565,1.10136,1.16858,2.20139,9.50852e-05,0.00118126,0.000306445,9.1279e-05,-0.000145186,-0.000113524,0.00149519,0,0,0,0,0,0,0,-0.176685,26.6867,-24.6612,7.47104,0.830705,2.50601,0.038645,-0.182324,2.15278,-3.06483,1.90392,0.182013,0.915202,0.0592928
1729534,1,-2.75261,-1.32534,1.01105,-1.94698,1.10108,1.16772,2.20139,-2.75266,-1.32422,1.00895,-1.94565,1.10136,1.16858,2.20139,0.000713004,0.000137893,0.000853911,6.2529e-05,0.00010666,0.000636394,0.000725525,0,0,0,0,0,0,0,-0.204456,26.7144,-24.689,7.47104,0.825212,2.48678,0.0459692,-0.180294,2.14968,-3.0619,1.90543,0.182104,0.915069,0.0595788
1729535,1,-2.75261,-1.32534,1.01105,-1.94698,1.10108,1.16771,2.20139,-2.75266,-1.32422,1.00895,-1.94565,1.10136,1.16858,2.20139,0.000475336,9.19289e-05,-8.03402e-05,4.29433e-05,-0.000132344,-5.04553e-05,0.00122967,0,0,0,0,0,0,0,-0.204456,26.7144,-24.6612,7.47104,0.830705,2.4996,0.0258276,-0.179832,2.14815,-3.06042,1.90591,0.182117,0.915027,0.0598468
1729536,1,-2.75261,-1.32534,1.01105,-1.94698,1.10108,1.16771,2.20139,-2.75266,-1.32422,1.00895,-1.94565,1.10136,1.16858,2.20139,-0.000889535,6.12859e-05,0.000596054,0.000586384,0.000318672,-0.000270996,0.00058242,0,0,0,0,0,0,0,-0.152882,26.7144,-24.689,7.44724,0.819719,2.50601,0.0322363,-0.179956,2.14779,-3.05988,1.90578,0.1821,0.915005,0.0600496
1729537,1,-2.75261,-1.32534,1.01105,-1.94698,1.10108,1.16771,2.20139,-2.75266,-1.32422,1.00895,-1.94565,1.10136,1.16858,2.20139,-3.62115e-05,4.08573e-05,0.000397369,-0.000165182,-0.000397904,-0.000180664,0.000862998,0,0,0,0,0,0,0,-0.176685,26.7144,-24.689,7.47104,0.836199,2.50601,0.0194189,-0.179176,2.14776,-3.06008,1.90583,0.182106,0.914976,0.0601574
1729538,1,-2.75261,-1.32534,1.01105,-1.94698,1.10108,1.16772,2.20139,-2.75266,-1.32422,1.00895,-1.94565,1.10136,1.16858,2.20139,-2.4141e-05,0.000676852,-0.000384701,0.00100403,-0.000265269,0.000116916,-0.000408012,0,0,0,0,0,0,0,-0.176685,26.6867,-24.6612,7.42344,0.836199,2.4996,0.0459692,-0.178091,2.14762,-3.06026,1.90585,0.182117,0.91492,0.0601495
1729539,1,-2.75261,-1.32534,1.01105,-1.94698,1.10108,1.16772,2.20139,-2.75266,-1.32422,1.00895,-1.94565,1.10136,1.16858,2.20139,-1.6094e-05,-0.000198379,-0.000256467,-0.000443871,0.000230055,0.000315303,0.000236618,0,0,0,0,0,0,0,-0.176685,26.7144,-24.6612,7.47104,0.825212,2.49319,0.0322363,-0.177462,2.147,-3.05949,1.90553,0.182113,0.9148,0.0600249
1729540,1,-2.75261,-1.32534,1.01105,-1.94698,1.10108,1.16772,2.20139,-2.75266,-1.32422,1.00895,-1.94565,1.10136,1.16858,2.20139,-1.07293e-05,-0.000689065,-0.000170978,-0.00094523,-5.00806e-05,-2.71568e-05,-0.000350881,0,0,0,0,0,0,0,-0.176685,26.7383,-24.6612,7.49881,0.830705,2.4996,0.0459692,-0.17687,2.14644,-3.05843,1.90538,0.182153,0.914666,0.059804
1729541,1,-2.75261,-1.32534,1.01105,-1.94698,1.10108,1.16772,2.20139,-2.75266,-1.32422,1.00895,-1.94565,1.10136,1.16858,2.20139,-0.000563965,9.74355e-05,-0.000113986,1.96847e-05,-3.3387e-05,-1.81045e-05,0.000512065,0,0,0,0,0,0,0,-0.152882,26.7144,-24.6612,7.47104,0.830705,2.4996,0.0258276,-0.175786,2.14618,-3.05772,1.90576,0.182265,0.914555,0.0595115
1729542,1,-2.75261,-1.32534,1.01105,-1.94698,1.10108,1.16772,2.20139,-2.75266,-1.32422,1.00895,-1.94565,1.10136,1.16858,2.20139,0.000830449,0.000714571,-0.000632802,-0.000636323,0.000181192,0.000225289,-0.000133341,0,0,0,0,0,0,0,-0.204456,26.6867,-24.6374,7.49881,0.825212,2.49319,0.038645,-0.174536,2.14541,-3.05661,1.90635,0.182389,0.914417,0.059164
1729543,1,-2.75261,-1.32534,1.01105,-1.94698,1.10108,1.16772,2.20139,-2.75266,-1.32422,1.00895,-1.94565,1.10136,1.16858,2.20139,-9.59811e-05,-0.000173233,0.000134944,0.000225524,-0.000489557,-8.71661e-05,-0.000597521,0,0,0,0,0,0,0,-0.176685,26.7144,-24.6612,7.47104,0.841692,2.4996,0.0523779,-0.174016,2.14418,-3.05486,1.90663,0.182474,0.914252,0.0587687
1729544,1,-2.75261,-1.32534,1.01105,-1.94698,1.10108,1.16771,2.20139,-2.75266,-1.32422,1.00895,-1.94565,1.10136,1.16858,2.20139,-6.39874e-05,-0.000115489,-0.000466849,-0.00049917,-0.000122921,-0.00029547,-0.000160988,0,0,0,0,0,0,0,-0.176685,26.7144,-24.6374,7.49881,0.836199,2.50601,0.0459692,-0.174017,2.14338,-3.05334,1.90658,0.182539,0.914093,0.0583414
1729545,1,-2.75261,-1.32534,1.01105,-1.94698,1.10108,1.16772,2.20139,-2.75266,-1.32422,1.00895,-1.94565,1.10136,1.16858,2.20139,0.000606956,-7.69926e-05,-0.000868045,0.000873717,-8.1947e-05,0.000277738,-0.000582043,0,0,0,0,0,0,0,-0.204456,26.7144,-24.6136,7.44724,0.836199,2.49319,0.0587866,-0.174635,2.14308,-3.0518,1.90601,0.182581,0.913917,0.0579064
1729546,1,-2.75261,-1.32534,1.01105,-1.94698,1.10108,1.16772,2.20139,-2.75266,-1.32422,1.00895,-1.94565,1.10136,1.16858,2.20139,0.000404637,-0.00060814,0.00118454,0.000582531,0.00055572,0.000185159,-0.00015067,0,0,0,0,0,0,0,-0.204456,26.7383,-24.689,7.44724,0.819719,2.49319,0.0523779,-0.176947,2.14401,-3.05063,1.90416,0.182543,0.913752,0.0574835
1729547,1,-2.75261,-1.32534,1.01105,-1.94698,1.10108,1.16772,2.20138,-2.75266,-1.32422,1.00895,-1.94565,1.10136,1.16858,2.20139,-0.000379856,-0.00105504,-0.000973544,-0.000818032,-3.64209e-05,0.000123439,-0.00176196,0,0,0,0,0,0,0,-0.176685,26.766,-24.6136,7.49881,0.830705,2.49319,0.0972387,-0.179856,2.14646,-3.0508,1.90179,0.182485,0.913654,0.0570924
1729548,1,-2.75261,-1.32534,1.01105,-1.94698,1.10108,1.16772,2.20139,-2.75266,-1.32422,1.00895,-1.94565,1.10136,1.16858,2.20139,0.000953189,0.00115268,0.00111421,0.000661101,0.00017917,-0.000155066,-0.000462563,0,0,0,0,0,0,0,-0.22826,26.6867,-24.689,7.44724,0.825212,2.4996,0.0780126,-0.181951,2.14879,-3.05138,1.90006,0.182475,0.91358,0.0567642
1729549,1,-2.75261,-1.32534,1.01105,-1.94698,1.10108,1.16771,2.20138,-2.75266,-1.32422,1.00895,-1.94565,1.10136,1.16858,2.20139,-0.000570967,-0.00108759,-0.00046362,-0.000116056,0.000322897,-0.000103377,-0.000308375,0,0,0,0,0,0,0,-0.176685,26.766,-24.6374,7.47104,0.819719,2.4996,0.0780126,-0.183531,2.15042,-3.05185,1.89873,0.182467,0.913502,0.0565371
1729550,1,-2.75261,-1.32534,1.01105,-1.94698,1.10108,1.16772,2.20138,-2.75266,-1.32422,1.00895,-1.94565,1.10136,1.16858,2.20139,-0.00158707,0.000481368,-0.00030908,0.000479458,1.18142e-05,0.000168441,-0.000205583,0,0,0,0,0,0,0,-0.125111,26.7144,-24.6374,7.44724,0.825212,2.49319,0.0780126,-0.183334,2.15109,-3.05199,1.89823,0.182505,0.913362,0.0564255
1729551,1,-2.75261,-1.32534,1.01105,-1.94698,1.10108,1.16771,2.20139,-2.75266,-1.32422,1.00895,-1.94565,1.10136,1.16858,2.20139,0.000148379,-0.0002359,-0.000762865,-0.00023716,7.87616e-06,-0.000362424,0.000575021,0,0,0,0,0,0,0,-0.176685,26.7383,-24.6136,7.47104,0.825212,2.50601,0.0587866,-0.180884,2.15019,-3.05109,1.89887,0.182613,0.913115,0.0564218
1729552,1,-2.75261,-1.32534,1.01105,-1.94698,1.10108,1.16772,2.20138,-2.75266,-1.32422,1.00895,-1.94565,1.10136,1.16858,2.20139,9.89193e-05,-0.000806881,4.82351e-05,0.000398714,0.000208701,0.000233102,-0.00127817,0,0,0,0,0,0,0,-0.176685,26.766,-24.6374,7.44724,0.819719,2.49319,0.103647,-0.178915,2.14927,-3.04968,1.8993,0.182689,0.912854,0.0565039
1729553,1,-2.75261,-1.32534,1.01105,-1.94698,1.10108,1.16772,2.20138,-2.75266,-1.32422,1.00895,-1.94565,1.10136,1.16858,2.20139,-0.000490866,-0.00053792,-0.000524655,-0.000940609,-6.43163e-05,-0.000319317,0.000572044,0,0,0,0,0,0,0,-0.152882,26.766,-24.6136,7.49881,0.825212,2.50601,0.0651953,-0.178125,2.14949,-3.04867,1.89921,0.182721,0.912653,0.0566571
1729554,1,-2.75261,-1.32534,1.01105,-1.94698,1.10108,1.16771,2.20138,-2.75266,-1.32422,1.00895,-1.94565,1.10136,1.16858,2.20139,0.000229568,0.000291,-0.00034977,2.25465e-05,-0.000653229,-0.000212878,0.000144003,0,0,0,0,0,0,0,-0.176685,26.7383,-24.6136,7.47104,0.841692,2.50601,0.071604,-0.177165,2.14965,-3.04761,1.89948,0.182767,0.912484,0.056884
1729555,1,-2.75261,-1.32534,1.01105,-1.94698,1.10108,1.16772,2.20138,-2.75266,-1.32422,1.00895,-1.94565,1.10136,1.16858,2.20139,-0.000403767,0.00140043,0.000880444,1.5035e-05,-2.8585e-05,9.54404e-05,0.000333361,0,0,0,0,0,0,0,-0.152882,26.6867,-24.6612,7.47104,0.830705,2.4996,0.0651953,-0.175718,2.14874,-3.04615,1.9002,0.182814,0.912335,0.0571712
1729556,1,-2.75261,-1.32534,1.01105,-1.94698,1.10108,1.16772,2.20138,-2.75266,-1.32422,1.00895,-1.94565,1.10136,1.16858,2.20139,0.000287634,0.000933617,3.01506e-05,0.000566838,0.000184394,-0.000173732,-0.000727195,0,0,0,0,0,0,0,-0.176685,26.6867,-24.6374,7.44724,0.825212,2.50601,0.09083,-0.174007,2.14683,-3.04464,1.90101,0.182829,0.912215,0.0574935
1729557,1,-2.75261,-1.32534,1.01105,-1.94698,1.10108,1.16772,2.20139,-2.75266,-1.32422,1.00895,-1.94565,1.10136,1.16858,2.20139,0.00084137,-0.00123363,0.000576912,0.000377894,0.00032638,0.000358897,-0.000484797,0,0,0,0,0,0,0,-0.204456,26.766,-24.6612,7.44724,0.819719,2.49319,0.09083,-0.173873,2.14592,-3.04366,1.90071,0.18276,0.912152,0.0578352
1729558,1,-2.75261,-1.32534,1.01105,-1.94698,1.10108,1.16771,2.20139,-2.75266,-1.32422,1.00895,-1.94565,1.10136,1.16858,2.20139,-8.87005e-05,-0.000172805,0.000384608,0.000251931,0.000217586,-0.000235454,0.0020843,0,0,0,0,0,0,0,-0.176685,26.7383,-24.6612,7.44724,0.819719,2.50601,0.0258276,-0.176085,2.14768,-3.04399,1.89884,0.182606,0.912175,0.0582014
1729559,1,-2.75261,-1.32534,1.01105,-1.94698,1.10108,1.16771,2.20138,-2.75266,-1.32422,1.00895,-1.94565,1.10136,1.16858,2.20139,0.00059048,0.000441609,0.000256405,0.000167955,0.000382417,8.03899e-05,-0.000305888,0,0,0,0,0,0,0,-0.204456,26.7144,-24.6612,7.44724,0.81331,2.4996,0.071604,-0.178758,2.15031,-3.04487,1.89664,0.182434,0.91223,0.0585828
1729560,1,-2.75261,-1.32534,1.01105,-1.94698,1.10108,1.16772,2.20138,-2.75266,-1.32422,1.00895,-1.94565,1.10136,1.16858,2.20139,0.000393654,0.000294406,0.000170937,-0.00109445,-0.000592766,0.000290952,3.34339e-05,0,0,0,0,0,0,0,-0.204456,26.7144,-24.6612,7.49881,0.836199,2.49319,0.0651953,-0.180667,2.15185,-3.04514,1.89516,0.182296,0.912269,0.0589405
1729561,1,-2.75261,-1.32534,1.01105,-1.94698,1.10108,1.16772,2.20138,-2.75266,-1.32422,1.00895,-1.94565,1.10136,1.16858,2.20139,0.000262436,0.000196271,0.000113958,-8.00218e-05,-0.000191727,-4.33908e-05,-0.000689788,0,0,0,0,0,0,0,-0.204456,26.7144,-24.6612,7.47104,0.830705,2.4996,0.0844213,-0.181575,2.15221,-3.0448,1.8947,0.182219,0.91229,0.0592604
1729562,1,-2.75261,-1.32534,1.01105,-1.94698,1.10108,1.16772,2.20138,-2.75266,-1.32422,1.00895,-1.94565,1.10136,1.16858,2.20139,-0.000474657,0.000130847,7.5972e-05,0.000503465,0.000279083,0.000208432,0.000252218,0,0,0,0,0,0,0,-0.176685,26.7144,-24.6612,7.44724,0.819719,2.49319,0.0651953,-0.181661,2.15198,-3.04416,1.89469,0.182175,0.912264,0.0595569
1729563,1,-2.75261,-1.32534,1.01105,-1.94698,1.10108,1.16772,2.20139,-2.75266,-1.32422,1.00895,-1.94565,1.10136,1.16858,2.20139,0.000333176,8.72313e-05,-0.000506164,0.000335643,0.000423414,-0.000335763,0.000642864,0,0,0,0,0,0,0,-0.204456,26.7144,-24.6374,7.44724,0.81331,2.50601,0.0523779,-0.181541,2.15153,-3.04313,1.89442,0.182111,0.912161,0.0598429
1729564,1,-2.75261,-1.32534,1.01104,-1.94698,1.10108,1.16772,2.20139,-2.75266,-1.32422,1.00895,-1.94565,1.10136,1.16858,2.20139,-0.000427497,0.000707768,-0.000337443,-0.000333049,-0.000158533,0.000250876,0.000428576,0,0,0,0,0,0,0,-0.176685,26.6867,-24.6374,7.47104,0.825212,2.49319,0.0523779,-0.181204,2.15045,-3.04132,1.89416,0.182037,0.911985,0.0601138
1729565,1,-2.75261,-1.32534,1.01105,-1.94698,1.10108,1.16772,2.20139,-2.75266,-1.32422,1.00895,-1.94565,1.10136,1.16858,2.20139,0.000364616,-0.00073458,0.00033185,0.000891591,-0.000309139,0.00016725,0.000285717,0,0,0,0,0,0,0,-0.204456,26.7383,-24.6612,7.42344,0.830705,2.49319,0.0523779,-0.180764,2.14925,-3.03942,1.89393,0.181959,0.91179,0.0603486
1729566,1,-2.75261,-1.32534,1.01105,-1.94698,1.10108,1.16772,2.20139,-2.75266,-1.32422,1.00895,-1.94565,1.10136,1.16858,2.20139,-0.000963348,0.000716706,-0.000335578,3.75824e-05,-0.000206093,0.0001115,-4.68809e-05,0,0,0,0,0,0,0,-0.152882,26.6867,-24.6374,7.44724,0.830705,2.49319,0.0587866,-0.180422,2.14871,-3.03817,1.89344,0.181868,0.911606,0.0605318
1729567,1,-2.75261,-1.32534,1.01105,-1.94698,1.10108,1.16772,2.20139,-2.75266,-1.32422,1.00895,-1.94565,1.10136,1.16858,2.20139,-8.54203e-05,-0.00017181,0.000333093,0.000581867,6.60553e-05,-0.000163025,0.00118945,0,0,0,0,0,0,0,-0.176685,26.7144,-24.6612,7.42344,0.825212,2.4996,0.0258276,-0.179426,2.14806,-3.03721,1.89315,0.181803,0.911413,0.0606639
1729568,1,-2.75261,-1.32534,1.01105,-1.94698,1.10108,1.16772,2.20139,-2.75266,-1.32422,1.00895,-1.94565,1.10136,1.16858,2.20139,-5.69469e-05,-0.000671352,-0.000891562,-0.000725712,4.40368e-05,0.000128675,0.000555607,0,0,0,0,0,0,0,-0.176685,26.7383,-24.6136,7.47104,0.825212,2.49319,0.0322363,-0.178323,2.14756,-3.03642,1.89297,0.181767,0.911225,0.0607372
1729569,1,-2.75261,-1.32534,1.01105,-1.94698,1.10108,1.16772,2.20139,-2.75266,-1.32422,1.00895,-1.94565,1.10136,1.16858,2.20139,0.00116846,0.000758858,-0.000594375,7.30037e-05,2.93579e-05,-0.000388934,-0.000138222,0,0,0,0,0,0,0,-0.22826,26.6867,-24.6136,7.44724,0.825212,2.50601,0.0459692,-0.178385,2.1473,-3.03512,1.89245,0.181725,0.911042,0.0607288
1729570,1,-2.75261,-1.32534,1.01105,-1.94698,1.10108,1.16771,2.20139,-2.75266,-1.32422,1.00895,-1.94565,1.10136,1.16858,2.20139,-0.000427452,-0.00135013,0.000160562,-0.00115776,0.000460381,-0.00025929,0.000653838,0,0,0,0,0,0,0,-0.176685,26.766,-24.6374,7.49881,0.81331,2.50601,0.0258276,-0.179336,2.14715,-3.03355,1.89183,0.181679,0.910895,0.0606323
1729571,1,-2.75261,-1.32534,1.01104,-1.94697,1.10108,1.16772,2.20139,-2.75266,-1.32422,1.00895,-1.94565,1.10136,1.16858,2.20139,0.000921458,0.000306336,0.000107041,0.00154821,-0.000133889,-0.00017286,-0.000547452,0,0,0,0,0,0,0,-0.22826,26.7144,-24.6374,7.39963,0.825212,2.50601,0.0523779,-0.180898,2.14814,-3.03302,1.89084,0.181607,0.910832,0.0604548
1729572,1,-2.75261,-1.32534,1.01105,-1.94698,1.10108,1.16772,2.20139,-2.75266,-1.32422,1.00895,-1.94565,1.10136,1.16858,2.20139,5.74934e-05,0.000853838,7.1361e-05,-0.000638294,-8.9259e-05,-0.00011524,0.000381017,0,0,0,0,0,0,0,-0.204456,26.6867,-24.6374,7.47104,0.825212,2.50601,0.0322363,-0.183036,2.14938,-3.03283,1.8893,0.181466,0.910806,0.0602069
1729573,1,-2.75261,-1.32534,1.01104,-1.94698,1.10108,1.16772,2.20139,-2.75266,-1.32422,1.00895,-1.94565,1.10136,1.16858,2.20139,-0.0011681,-8.03886e-05,-0.00115885,-0.00107514,0.000143945,0.000160532,1.66523e-05,0,0,0,0,0,0,0,-0.152882,26.7144,-24.5858,7.49881,0.819719,2.4996,0.038645,-0.18329,2.14867,-3.03173,1.88899,0.181392,0.910743,0.0599088
1729574,1,-2.75261,-1.32534,1.01104,-1.94698,1.10108,1.16772,2.20138,-2.75266,-1.32422,1.00895,-1.94565,1.10136,1.16858,2.20139,0.000427695,-0.000610404,-0.000122954,0.000489664,-0.000107488,0.000107022,-0.00215904,0,0,0,0,0,0,0,-0.204456,26.7383,-24.6136,7.44724,0.825212,2.4996,0.0972387,-0.181417,2.14677,-3.02997,1.89004,0.181424,0.910639,0.0595687
1729575,1,-2.75261,-1.32534,1.01105,-1.94698,1.10108,1.16772,2.20139,-2.75266,-1.32422,1.00895,-1.94565,1.10136,1.16858,2.20139,0.00028513,0.000149876,0.00103165,-0.000879984,-7.16583e-05,-0.000166011,0.000222154,0,0,0,0,0,0,0,-0.204456,26.7144,-24.6612,7.49881,0.825212,2.50601,0.0523779,-0.180328,2.14613,-3.02911,1.89058,0.181421,0.910606,0.059215
1729576,1,-2.75261,-1.32534,1.01104,-1.94698,1.10108,1.16772,2.20139,-2.75266,-1.32422,1.00895,-1.94565,1.10136,1.16858,2.20139,-0.00101634,-0.000456895,0.000130958,0.00061977,-0.000251223,-0.000110674,0.000148103,0,0,0,0,0,0,0,-0.152882,26.7383,-24.6374,7.44724,0.830705,2.50601,0.0523779,-0.179721,2.14676,-3.02978,1.89079,0.181391,0.910682,0.0589006
1729577,1,-2.75261,-1.32534,1.01104,-1.94698,1.10108,1.16772,2.20138,-2.75266,-1.32422,1.00895,-1.94565,1.10136,1.16858,2.20139,-0.000120748,-0.000304597,-0.000469507,0.000969992,-0.000167482,0.000400935,-0.0008507,0,0,0,0,0,0,0,-0.176685,26.7383,-24.6136,7.42344,0.830705,2.49319,0.0780126,-0.178947,2.14777,-3.03074,1.89067,0.181342,0.910742,0.0586356
1729578,1,-2.75261,-1.32534,1.01104,-1.94698,1.10108,1.16772,2.20138,-2.75266,-1.32422,1.00895,-1.94565,1.10136,1.16858,2.20139,-8.04984e-05,-0.000203064,-0.000313005,0.000646661,-0.000111655,0.00026729,-0.00127921,0,0,0,0,0,0,0,-0.176685,26.7383,-24.6136,7.42344,0.830705,2.49319,0.0972387,-0.179128,2.14896,-3.03084,1.88954,0.181227,0.91072,0.0584139
1729579,1,-2.75261,-1.32534,1.01105,-1.94698,1.10108,1.16772,2.20138,-2.75266,-1.32422,1.00895,-1.94565,1.10136,1.16858,2.20139,0.000595948,0.000421436,0.000904954,-0.00133213,0.000332465,0.000415552,-0.000852807,0,0,0,0,0,0,0,-0.204456,26.7144,-24.6612,7.49881,0.819719,2.48678,0.0972387,-0.179932,2.14995,-3.03053,1.88822,0.181108,0.910695,0.0582658
1729580,1,-2.75261,-1.32534,1.01105,-1.94698,1.10108,1.16771,2.20138,-2.75266,-1.32422,1.00895,-1.94565,1.10136,1.16858,2.20139,-0.000252315,-0.000925469,4.64909e-05,0.000318339,0.000221643,-0.000435042,0.000618257,0,0,0,0,0,0,0,-0.176685,26.766,-24.6374,7.44724,0.819719,2.50601,0.0651953,-0.180556,2.15092,-3.03078,1.88753,0.181043,0.910739,0.0582298
1729581,1,-2.75261,-1.32534,1.01105,-1.94698,1.10108,1.16771,2.20138,-2.75266,-1.32422,1.00895,-1.94565,1.10136,1.16858,2.20139,-0.000725022,0.00179587,-0.000525818,-0.000344586,-0.000462589,-5.2669e-05,-0.000774624,0,0,0,0,0,0,0,-0.152882,26.6629,-24.6136,7.47104,0.836199,2.4996,0.0972387,-0.180167,2.151,-3.03069,1.88759,0.181033,0.910752,0.0583107
1729582,1,-2.75261,-1.32534,1.01105,-1.94698,1.10108,1.16772,2.20138,-2.75266,-1.32422,1.00895,-1.94565,1.10136,1.16858,2.20139,7.3464e-05,-0.000565989,0.00141269,-0.000229724,-0.000104942,0.000202246,-4.16978e-05,0,0,0,0,0,0,0,-0.176685,26.7383,-24.689,7.47104,0.830705,2.49319,0.0844213,-0.178299,2.14956,-3.0299,1.88853,0.181075,0.910705,0.0584911
1729583,1,-2.75261,-1.32534,1.01104,-1.94698,1.10108,1.16772,2.20138,-2.75266,-1.32422,1.00895,-1.94565,1.10136,1.16858,2.20139,4.8976e-05,0.000179486,-0.000821443,-0.000153149,0.000133489,-0.000339887,-0.000739875,0,0,0,0,0,0,0,-0.176685,26.7144,-24.6136,7.47104,0.825212,2.50601,0.103647,-0.176606,2.14846,-3.02955,1.88945,0.181124,0.910683,0.0587586
1729584,1,-2.75261,-1.32534,1.01104,-1.94698,1.10108,1.16772,2.20138,-2.75266,-1.32422,1.00895,-1.94565,1.10136,1.16858,2.20139,0.000682265,-0.000437155,-0.000547629,0.000454712,-0.000317908,0.000248127,0.000456186,0,0,0,0,0,0,0,-0.204456,26.7383,-24.6136,7.44724,0.836199,2.49319,0.0780126,-0.176703,2.14823,-3.02875,1.88929,0.181117,0.910633,0.0591064
1729585,1,-2.75261,-1.32534,1.01105,-1.94698,1.10108,1.16772,2.20138,-2.75266,-1.32422,1.00895,-1.94565,1.10136,1.16858,2.20139,0.000454843,-0.000291437,0.000191726,-0.00025367,0.000194962,-7.19413e-05,-0.000170594,0,0,0,0,0,0,0,-0.204456,26.7383,-24.6374,7.47104,0.825212,2.4996,0.09083,-0.178719,2.14876,-3.02733,1.88799,0.181044,0.910545,0.0595267
1729586,1,-2.75261,-1.32534,1.01104,-1.94698,1.10108,1.16771,2.20138,-2.75266,-1.32422,1.00895,-1.94565,1.10136,1.16858,2.20139,0.000303229,0.000362521,0.000127817,-0.000169114,0.000129975,-0.00028532,0.000123629,0,0,0,0,0,0,0,-0.204456,26.7144,-24.6374,7.47104,0.825212,2.50601,0.0844213,-0.181368,2.14986,-3.02632,1.88641,0.180961,0.910493,0.0600065
1729587,1,-2.75261,-1.32534,1.01105,-1.94698,1.10108,1.16771,2.20138,-2.75266,-1.32422,1.00895,-1.94565,1.10136,1.16858,2.20139,-0.000447461,-0.000315131,8.52117e-05,0.00044407,-0.000116801,-0.000190213,-0.000154939,0,0,0,0,0,0,0,-0.176685,26.7383,-24.6374,7.44724,0.830705,2.50601,0.09083,-0.183218,2.15069,-3.02568,1.88528,0.180913,0.910461,0.0605316
1729588,1,-2.75261,-1.32534,1.01104,-1.94698,1.10108,1.16772,2.20138,-2.75266,-1.32422,1.00895,-1.94565,1.10136,1.16858,2.20139,-0.000298308,0.000996338,5.68078e-05,0.000296046,0.000329034,0.000347909,-0.000103293,0,0,0,0,0,0,0,-0.176685,26.6867,-24.6374,7.44724,0.819719,2.49319,0.09083,-0.183759,2.15082,-3.02502,1.88467,0.180896,0.910403,0.0610901
1729589,1,-2.75261,-1.32534,1.01105,-1.94698,1.10108,1.16772,2.20138,-2.75266,-1.32422,1.00895,-1.94565,1.10136,1.16858,2.20139,-0.000198872,1.46116e-05,3.78718e-05,0.000197364,0.000219356,0.000231939,-6.88619e-05,0,0,0,0,0,0,0,-0.176685,26.7144,-24.6374,7.44724,0.819719,2.49319,0.09083,-0.183157,2.14998,-3.02404,1.88454,0.180901,0.910307,0.0616753
1729590,1,-2.75261,-1.32534,1.01104,-1.94698,1.10108,1.16771,2.20138,-2.75266,-1.32422,1.00895,-1.94565,1.10136,1.16858,2.20139,-0.000689393,-0.000547071,-0.000531564,-0.00107485,-0.000260664,-0.000557451,0.00042881,0,0,0,0,0,0,0,-0.152882,26.7383,-24.6136,7.49881,0.830705,2.51242,0.0780126,-0.181674,2.14877,-3.02298,1.88501,0.180951,0.910203,0.0622818
1729591,1,-2.75261,-1.32534,1.01105,-1.94698,1.10108,1.16772,2.20138,-2.75266,-1.32422,1.00895,-1.94565,1.10136,1.16858,2.20139,9.72165e-05,0.000192098,0.000202436,-6.69525e-05,0.000233125,-0.000134275,4.85144e-05,0,0,0,0,0,0,0,-0.176685,26.7144,-24.6374,7.47104,0.819719,2.50601,0.0844213,-0.179564,2.1477,-3.02211,1.88611,0.181059,0.910124,0.0628991
1729592,1,-2.75261,-1.32534,1.01105,-1.94698,1.10108,1.16772,2.20138,-2.75266,-1.32422,1.00895,-1.94565,1.10136,1.16858,2.20139,-0.000492001,-0.000428747,0.000134957,-4.4635e-05,-4.80337e-05,-8.95165e-05,-0.000679734,0,0,0,0,0,0,0,-0.152882,26.7383,-24.6374,7.47104,0.825212,2.50601,0.103647,-0.177705,2.14712,-3.02166,1.88714,0.181156,0.910093,0.0635122
1729593,1,-2.75261,-1.32534,1.01105,-1.94698,1.10108,1.16772,2.20138,-2.75266,-1.32422,1.00895,-1.94565,1.10136,1.16858,2.20139,0.000228811,-0.000285831,8.99715e-05,0.000527055,-3.20225e-05,0.00041504,0.00049628,0,0,0,0,0,0,0,-0.176685,26.7383,-24.6374,7.44724,0.825212,2.49319,0.0780126,-0.176865,2.14753,-3.02174,1.88738,0.181183,0.910104,0.0641174
1729594,1,-2.75261,-1.32534,1.01105,-1.94698,1.10108,1.16772,2.20138,-2.75266,-1.32422,1.00895,-1.94565,1.10136,1.16858,2.20139,0.000152541,-0.000190554,0.000616793,0.00035137,-2.13483e-05,3.93345e-05,9.34943e-05,0,0,0,0,0,0,0,-0.176685,26.7383,-24.6612,7.44724,0.825212,2.4996,0.0844213,-0.177466,2.14902,-3.02228,1.88657,0.181122,0.910148,0.0647199
1729595,1,-2.75261,-1.32534,1.01105,-1.94698,1.10108,1.16772,2.20138,-2.75266,-1.32422,1.00895,-1.94565,1.10136,1.16858,2.20139,0.000101694,-0.00077665,0.000411195,-0.000322565,0.000189218,2.6223e-05,0.000299688,0,0,0,0,0,0,0,-0.176685,26.766,-24.6612,7.47104,0.819719,2.4996,0.0780126,-0.179047,2.15143,-3.02346,1.88514,0.181011,0.910239,0.0653139
1729596,1,-2.75261,-1.32534,1.01105,-1.94698,1.10108,1.16771,2.20138,-2.75266,-1.32422,1.00895,-1.94565,1.10136,1.16858,2.20139,-0.000489016,0.000688659,-0.000282682,0.000341769,0.000126146,-0.000219877,-3.75666e-05,0,0,0,0,0,0,0,-0.152882,26.7144,-24.6374,7.44724,0.819719,2.50601,0.0844213,-0.180226,2.15353,-3.02457,1.88404,0.180914,0.910328,0.0658896
1729597,1,-2.75261,-1.32534,1.01105,-1.94698,1.10108,1.16772,2.20139,-2.75266,-1.32422,1.00895,-1.94565,1.10136,1.16858,2.20139,0.000880415,0.000459106,-0.000188454,0.000227846,-0.000526255,0.000328133,0.000924391,0,0,0,0,0,0,0,-0.204456,26.7144,-24.6374,7.44724,0.836199,2.49319,0.0587866,-0.180861,2.15403,-3.02429,1.88332,0.180818,0.910336,0.0664404
1729598,1,-2.75261,-1.32534,1.01105,-1.94698,1.10108,1.16772,2.20139,-2.75266,-1.32422,1.00895,-1.94565,1.10136,1.16858,2.20139,0.00114376,-0.000900355,0.000431176,-0.00105453,-0.000147386,0.000218756,0.00207432,0,0,0,0,0,0,0,-0.22826,26.766,-24.6612,7.49881,0.830705,2.49319,0.0194189,-0.182487,2.15425,-3.02333,1.88233,0.180694,0.91033,0.0669509
1729599,1,-2.75261,-1.32534,1.01105,-1.94698,1.10108,1.16772,2.20139,-2.75266,-1.32422,1.00895,-1.94565,1.10136,1.16858,2.20139,-0.00100073,0.000606189,-0.000826173,-0.00125983,0.000308644,-9.15219e-05,0.000399538,0,0,0,0,0,0,0,-0.152882,26.7144,-24.6136,7.52262,0.819719,2.4996,0.0459692,-0.183872,2.15447,-3.02247,1.88199,0.180642,0.910351,0.0673828
1729600,1,-2.75261,-1.32534,1.01105,-1.94698,1.10108,1.16772,2.20139,-2.75266,-1.32422,1.00895,-1.94565,1.10136,1.16858,2.20139,-0.000110344,-0.0008023,6.02963e-06,-0.000283075,-0.00060804,0.000176344,0.000537626,0,0,0,0,0,0,0,-0.176685,26.766,-24.6374,7.49881,0.841692,2.49319,0.038645,-0.182792,2.15345,-3.02124,1.88332,0.180729,0.910317,0.0676909
1729601,1,-2.75261,-1.32534,1.01105,-1.94698,1.10108,1.16772,2.20139,-2.75266,-1.32422,1.00895,-1.94565,1.10136,1.16858,2.20139,-7.35628e-05,0.000671559,0.000560832,0.00157452,0.000204992,0.000117563,-0.000150209,0,0,0,0,0,0,0,-0.176685,26.7144,-24.6612,7.42344,0.825212,2.49319,0.0523779,-0.181244,2.15255,-3.02027,1.88451,0.180809,0.910239,0.0678562
1729602,1,-2.75261,-1.32534,1.01105,-1.94698,1.10108,1.16772,2.20139,-2.75266,-1.32422,1.00895,-1.94565,1.10136,1.16858,2.20139,-4.90419e-05,0.000447706,0.0010235,0.00104968,-6.67893e-05,7.83753e-05,0.000883205,0,0,0,0,0,0,0,-0.176685,26.7144,-24.689,7.42344,0.830705,2.49319,0.0258276,-0.181093,2.15273,-3.02021,1.88416,0.180759,0.910162,0.0678895
1729603,1,-2.75261,-1.32534,1.01105,-1.94698,1.10108,1.16772,2.20139,-2.75266,-1.32422,1.00895,-1.94565,1.10136,1.16858,2.20139,-0.000589507,-0.000258341,3.27206e-05,-0.000413837,0.000362375,5.22502e-05,0.000588803,0,0,0,0,0,0,0,-0.152882,26.7383,-24.6612,7.47104,0.819719,2.49319,0.0258276,-0.181148,2.15326,-3.02085,1.88334,0.180674,0.91009,0.0678056
1729604,1,-2.75261,-1.32534,1.01104,-1.94698,1.10108,1.16771,2.20139,-2.75266,-1.32422,1.00895,-1.94565,1.10136,1.16858,2.20139,0.000163808,0.0010342,-0.00174142,-0.000275891,3.81327e-05,-0.000677243,-8.21824e-05,0,0,0,0,0,0,0,-0.176685,26.6867,-24.5858,7.47104,0.825212,2.51242,0.038645,-0.180258,2.15261,-3.02045,1.88334,0.180663,0.909953,0.0676047
1729605,1,-2.75261,-1.32534,1.01104,-1.94698,1.10108,1.16771,2.20139,-2.75266,-1.32422,1.00895,-1.94565,1.10136,1.16858,2.20139,0.000109205,-0.00051696,-0.000511335,-0.000183927,-0.000178029,-0.000214137,0.000182571,0,0,0,0,0,0,0,-0.176685,26.7383,-24.6136,7.47104,0.830705,2.50601,0.0322363,-0.179143,2.15034,-3.01789,1.88392,0.1807,0.909711,0.067288
1729606,1,-2.75261,-1.32534,1.01104,-1.94698,1.10108,1.16772,2.20139,-2.75266,-1.32422,1.00895,-1.94565,1.10136,1.16858,2.20139,0.000722417,0.000212172,0.000215922,-0.000772232,-0.000322136,-0.000142758,0.000121714,0,0,0,0,0,0,0,-0.204456,26.7144,-24.6374,7.49881,0.836199,2.50601,0.0322363,-0.178898,2.1485,-3.01517,1.88433,0.180737,0.909509,0.0668719
1729607,1,-2.75261,-1.32534,1.01105,-1.94698,1.10108,1.16772,2.20139,-2.75266,-1.32422,1.00895,-1.94565,1.10136,1.16858,2.20139,0.000481612,-0.000415364,0.00070076,-0.000514822,-0.000418208,0.000142187,0.000318501,0,0,0,0,0,0,0,-0.204456,26.7383,-24.6612,7.49881,0.841692,2.4996,0.0258276,-0.179572,2.14826,-3.01413,1.8845,0.180777,0.909467,0.0663751
1729608,1,-2.75261,-1.32534,1.01105,-1.94698,1.10108,1.16772,2.20139,-2.75266,-1.32422,1.00895,-1.94565,1.10136,1.16858,2.20139,-0.00032854,0.000279903,0.000467173,0.000863212,0.000128096,-0.000142568,-0.000533651,0,0,0,0,0,0,0,-0.176685,26.7144,-24.6612,7.44724,0.830705,2.50601,0.0459692,-0.180618,2.1493,-3.01473,1.88439,0.180816,0.909543,0.0658095
1729609,1,-2.75261,-1.32534,1.01105,-1.94698,1.10108,1.16772,2.20139,-2.75266,-1.32422,1.00895,-1.94565,1.10136,1.16858,2.20139,-0.000219026,0.000186602,-0.000245363,0.00113229,8.53971e-05,-9.5045e-05,0.000390218,0,0,0,0,0,0,0,-0.176685,26.7144,-24.6374,7.42344,0.830705,2.50601,0.0258276,-0.181582,2.15061,-3.01572,1.88374,0.180824,0.909609,0.0651897
1729610,1,-2.75261,-1.32534,1.01105,-1.94698,1.10108,1.16772,2.20139,-2.75266,-1.32422,1.00895,-1.94565,1.10136,1.16858,2.20139,-0.000146018,0.000124401,0.000393236,-0.000358766,0.000463832,-6.33634e-05,-0.00048584,0,0,0,0,0,0,0,-0.176685,26.7144,-24.6612,7.47104,0.819719,2.50601,0.0459692,-0.182173,2.15144,-3.0163,1.88289,0.180822,0.909629,0.064535
1729611,1,-2.75261,-1.32534,1.01105,-1.94698,1.10108,1.16772,2.20139,-2.75266,-1.32422,1.00895,-1.94565,1.10136,1.16858,2.20139,-9.73451e-05,0.000732548,0.000262158,0.000317634,-9.76794e-05,-0.000279601,0.000659451,0,0,0,0,0,0,0,-0.176685,26.6867,-24.6612,7.44724,0.830705,2.51242,0.0194189,-0.18198,2.15157,-3.01671,1.88257,0.180863,0.90966,0.063862
1729612,1,-2.75261,-1.32534,1.01105,-1.94698,1.10108,1.16771,2.20139,-2.75266,-1.32422,1.00895,-1.94565,1.10136,1.16858,2.20139,0.000584717,-0.000161249,0.000174772,-0.000345056,-6.51196e-05,-0.000186401,-0.00054371,0,0,0,0,0,0,0,-0.204456,26.7144,-24.6612,7.47104,0.830705,2.51242,0.0459692,-0.181586,2.1513,-3.01708,1.8826,0.180928,0.909733,0.0631772
1729613,1,-2.75261,-1.32534,1.01105,-1.94698,1.10108,1.16772,2.20139,-2.75266,-1.32422,1.00895,-1.94565,1.10136,1.16858,2.20139,-0.000259802,-0.000107499,-0.000440297,-0.000879651,0.000363488,0.000350451,-0.000362474,0,0,0,0,0,0,0,-0.176685,26.7144,-24.6374,7.49881,0.819719,2.4996,0.0459692,-0.181396,2.15103,-3.01727,1.88283,0.181016,0.909839,0.0624821
1729614,1,-2.75261,-1.32534,1.01105,-1.94698,1.10108,1.16771,2.20139,-2.75266,-1.32422,1.00895,-1.94565,1.10136,1.16858,2.20139,0.000476412,-7.1666e-05,0.00026328,6.31799e-05,0.000242325,-3.72515e-06,0.000741695,0,0,0,0,0,0,0,-0.204456,26.7144,-24.6612,7.47104,0.819719,2.50601,0.0194189,-0.181133,2.15075,-3.01724,1.88333,0.18113,0.909957,0.0617909
1729615,1,-2.75261,-1.32534,1.01104,-1.94698,1.10108,1.16772,2.20139,-2.75266,-1.32422,1.00895,-1.94565,1.10136,1.16858,2.20139,0.000317608,-0.000604589,-0.000381292,0.00115574,0.00016155,0.000234876,-0.000488881,0,0,0,0,0,0,0,-0.204456,26.7383,-24.6374,7.42344,0.819719,2.4996,0.0459692,-0.182014,2.15124,-3.01726,1.88298,0.181167,0.910072,0.0611097
1729616,1,-2.75261,-1.32534,1.01105,-1.94698,1.10108,1.16772,2.20139,-2.75266,-1.32422,1.00895,-1.94565,1.10136,1.16858,2.20139,-0.000437875,0.000153752,-0.000254194,0.000770496,-9.57504e-05,0.000156584,0.000657424,0,0,0,0,0,0,0,-0.176685,26.7144,-24.6374,7.42344,0.825212,2.4996,0.0194189,-0.184172,2.15251,-3.01716,1.88136,0.181088,0.910143,0.0604315
1729617,1,-2.75261,-1.32534,1.01105,-1.94698,1.10108,1.16772,2.20139,-2.75266,-1.32422,1.00895,-1.94565,1.10136,1.16858,2.20139,0.000357697,0.000752116,0.00103696,-0.00180639,-0.000470735,0.000104389,-0.000273794,0,0,0,0,0,0,0,-0.204456,26.6867,-24.689,7.52262,0.836199,2.4996,0.038645,-0.18522,2.15298,-3.01702,1.88041,0.181034,0.910201,0.0597614
1729618,1,-2.75261,-1.32534,1.01105,-1.94698,1.10108,1.16771,2.20139,-2.75266,-1.32422,1.00895,-1.94565,1.10136,1.16858,2.20139,0.000238465,-0.000148204,4.16947e-05,-0.000647445,0.000533887,6.95927e-05,-0.000453797,0,0,0,0,0,0,0,-0.204456,26.7144,-24.6612,7.49881,0.81331,2.4996,0.0459692,-0.184422,2.15232,-3.01741,1.88125,0.181093,0.910332,0.0591013
1729619,1,-2.75261,-1.32534,1.01105,-1.94698,1.10108,1.16771,2.20139,-2.75266,-1.32422,1.00895,-1.94565,1.10136,1.16858,2.20139,0.000715788,0.000550812,0.00123422,0.000774796,0.000118566,4.63952e-05,-0.000302531,0,0,0,0,0,0,0,-0.22826,26.6867,-24.7128,7.44724,0.819719,2.4996,0.0459692,-0.183854,2.15187,-3.01844,1.88225,0.181145,0.910516,0.0584532
1729620,1,-2.75261,-1.32534,1.01104,-1.94698,1.10108,1.16771,2.20139,-2.75266,-1.32422,1.00895,-1.94565,1.10136,1.16858,2.20139,-7.96196e-05,-0.000839218,-0.00149723,-4.02815e-05,-0.000327857,-0.000206429,0.000306939,0,0,0,0,0,0,0,-0.204456,26.7383,-24.6136,7.47104,0.830705,2.50601,0.0322363,-0.184744,2.15217,-3.0194,1.88212,0.181097,0.910659,0.0578287
1729621,1,-2.75261,-1.32534,1.01105,-1.94698,1.10108,1.16772,2.20139,-2.75266,-1.32422,1.00895,-1.94565,1.10136,1.16858,2.20139,-5.30798e-05,-2.66684e-06,0.000115467,-2.68543e-05,-1.51208e-05,-0.000137619,0.000679344,0,0,0,0,0,0,0,-0.204456,26.7144,-24.6612,7.47104,0.825212,2.50601,0.0194189,-0.186003,2.15245,-3.01942,1.88159,0.181021,0.910698,0.0572325
1729622,1,-2.75261,-1.32534,1.01105,-1.94698,1.10108,1.16772,2.20139,-2.75266,-1.32422,1.00895,-1.94565,1.10136,1.16858,2.20139,-0.00124181,0.000647836,0.000726592,0.000538909,-0.000213531,0.000145613,-0.00100517,0,0,0,0,0,0,0,-0.152882,26.6867,-24.689,7.44724,0.830705,2.4996,0.0587866,-0.185847,2.15203,-3.01924,1.8817,0.180991,0.910684,0.0566563
1729623,1,-2.75261,-1.32534,1.01104,-1.94698,1.10108,1.16772,2.20139,-2.75266,-1.32422,1.00895,-1.94565,1.10136,1.16858,2.20139,-0.000827875,-0.000774535,-0.00127884,-0.000197539,-0.000142354,-0.000140284,-0.000432752,0,0,0,0,0,0,0,-0.152882,26.7383,-24.6136,7.47104,0.830705,2.50601,0.0523779,-0.183614,2.15072,-3.0192,1.88274,0.181028,0.910635,0.0560948
1729624,1,-2.75261,-1.32534,1.01104,-1.94698,1.10108,1.16772,2.20139,-2.75266,-1.32422,1.00895,-1.94565,1.10136,1.16858,2.20139,0.000654509,4.04552e-05,-0.000852562,-0.000131693,0.000311998,0.000143836,-5.11423e-05,0,0,0,0,0,0,0,-0.204456,26.7144,-24.6136,7.47104,0.819719,2.4996,0.0459692,-0.181247,2.14899,-3.01823,1.88387,0.181091,0.910523,0.0555631
1729625,1,-2.75261,-1.32534,1.01104,-1.94698,1.10108,1.16772,2.20139,-2.75266,-1.32422,1.00895,-1.94565,1.10136,1.16858,2.20139,0.00043634,-0.000529842,-0.00121799,-8.77952e-05,4.54837e-06,9.5891e-05,0.000474531,0,0,0,0,0,0,0,-0.204456,26.7383,-24.5858,7.47104,0.825212,2.4996,0.0322363,-0.18096,2.14759,-3.01607,1.88409,0.181097,0.91038,0.0550762
1729626,1,-2.75261,-1.32534,1.01105,-1.94698,1.10108,1.16772,2.20138,-2.75266,-1.32422,1.00895,-1.94565,1.10136,1.16858,2.20139,-0.000915533,0.000203584,0.000951245,-5.85301e-05,-0.000200418,-0.000173432,-0.00209114,0,0,0,0,0,0,0,-0.152882,26.7144,-24.6612,7.47104,0.830705,2.50601,0.0972387,-0.18156,2.14673,-3.01414,1.88392,0.181072,0.910279,0.0546326
1729627,1,-2.75261,-1.32534,1.01105,-1.94698,1.10108,1.16772,2.20139,-2.75266,-1.32422,1.00895,-1.94565,1.10136,1.16858,2.20139,0.000596071,-0.0010707,7.73517e-05,-0.000688634,0.000273289,-0.000115621,3.00579e-05,0,0,0,0,0,0,0,-0.204456,26.766,-24.6374,7.49881,0.819719,2.50601,0.0587866,-0.181558,2.14682,-3.01402,1.88412,0.181076,0.910301,0.0542447
1729628,1,-2.75261,-1.32534,1.01105,-1.94698,1.10108,1.16772,2.20139,-2.75266,-1.32422,1.00895,-1.94565,1.10136,1.16858,2.20139,-0.000252234,0.000492624,0.00060838,-0.000459089,-0.000224708,-7.70807e-05,2.00386e-05,0,0,0,0,0,0,0,-0.176685,26.7144,-24.6612,7.49881,0.830705,2.50601,0.0587866,-0.18149,2.14785,-3.01538,1.88455,0.181098,0.910443,0.0539443
1729629,1,-2.75261,-1.32534,1.01105,-1.94698,1.10108,1.16772,2.20139,-2.75266,-1.32422,1.00895,-1.94565,1.10136,1.16858,2.20139,-0.000724968,-0.00087801,-0.000151225,-0.00030606,5.36449e-05,0.000185972,1.33591e-05,0,0,0,0,0,0,0,-0.152882,26.766,-24.6374,7.49881,0.825212,2.4996,0.0587866,-0.180856,2.14882,-3.01707,1.8854,0.181146,0.910615,0.0537371
1729630,1,-2.75261,-1.32534,1.01105,-1.94698,1.10108,1.16771,2.20138,-2.75266,-1.32422,1.00895,-1.94565,1.10136,1.16858,2.20139,0.000723114,0.000621086,0.000455995,0.0015592,0.000239214,-0.000113378,-0.000703171,0,0,0,0,0,0,0,-0.204456,26.7144,-24.6612,7.42344,0.819719,2.50601,0.0780126,-0.180403,2.14977,-3.01855,1.88585,0.181152,0.910753,0.053603
1729631,1,-2.75261,-1.32534,1.01105,-1.94698,1.10108,1.16772,2.20138,-2.75266,-1.32422,1.00895,-1.94565,1.10136,1.16858,2.20139,-0.00072435,-0.000142755,0.000303997,-7.41585e-05,-4.39747e-05,-0.000312944,-0.000706139,0,0,0,0,0,0,0,-0.152882,26.7383,-24.6612,7.47104,0.825212,2.51242,0.0844213,-0.181191,2.15096,-3.01971,1.8852,0.181049,0.910862,0.0535356
1729632,1,-2.75261,-1.32534,1.01105,-1.94698,1.10108,1.16771,2.20138,-2.75266,-1.32422,1.00895,-1.94565,1.10136,1.16858,2.20139,7.39121e-05,0.000461642,-0.000354148,-0.000699053,-2.93164e-05,-0.000208629,3.95825e-06,0,0,0,0,0,0,0,-0.176685,26.7144,-24.6374,7.49881,0.825212,2.51242,0.071604,-0.181428,2.15133,-3.02034,1.88491,0.180959,0.910952,0.0535487
1729633,1,-2.75261,-1.32534,1.01105,-1.94698,1.10108,1.16771,2.20139,-2.75266,-1.32422,1.00895,-1.94565,1.10136,1.16858,2.20139,0.000698889,-0.00145548,0.000320714,0.000740391,-0.000222995,9.82727e-05,0.000477357,0,0,0,0,0,0,0,-0.204456,26.7898,-24.6612,7.44724,0.830705,2.50601,0.0587866,-0.181739,2.15169,-3.02064,1.88483,0.180894,0.911052,0.053646
1729634,1,-2.75261,-1.32534,1.01105,-1.94698,1.10108,1.16772,2.20139,-2.75266,-1.32422,1.00895,-1.94565,1.10136,1.16858,2.20139,0.000465926,0.000236108,-0.000343003,-0.00126964,5.47873e-05,6.55151e-05,-0.000631198,0,0,0,0,0,0,0,-0.204456,26.7383,-24.6374,7.52262,0.825212,2.50601,0.0844213,-0.183664,2.15326,-3.02108,1.88398,0.180792,0.911196,0.0538086
1729635,1,-2.75261,-1.32534,1.01105,-1.94698,1.10108,1.16772,2.20138,-2.75266,-1.32422,1.00895,-1.94565,1.10136,1.16858,2.20139,-0.000338997,0.000157406,-0.000228669,0.000359996,-0.000166926,4.36767e-05,-0.000420799,0,0,0,0,0,0,0,-0.176685,26.7383,-24.6374,7.47104,0.830705,2.50601,0.0844213,-0.185336,2.1543,-3.02096,1.88352,0.180723,0.91133,0.0540234
1729636,1,-2.75261,-1.32534,1.01105,-1.94698,1.10108,1.16772,2.20138,-2.75266,-1.32422,1.00895,-1.94565,1.10136,1.16858,2.20139,0.000423616,0.000661749,0.00161079,0.000239998,9.21668e-05,0.000266477,-0.000280532,0,0,0,0,0,0,0,-0.204456,26.7144,-24.7128,7.47104,0.825212,2.4996,0.0844213,-0.185902,2.15432,-3.02066,1.88367,0.180683,0.911451,0.0542958
1729637,1,-2.75261,-1.32534,1.01105,-1.94698,1.10108,1.16772,2.20138,-2.75266,-1.32422,1.00895,-1.94565,1.10136,1.16858,2.20139,0.000282411,-0.000115646,-0.000132564,-0.000489616,0.000264895,0.000177651,-0.000187022,0,0,0,0,0,0,0,-0.204456,26.7383,-24.6612,7.49881,0.819719,2.4996,0.0844213,-0.186327,2.15449,-3.02119,1.8838,0.180631,0.911615,0.0546314
1729638,1,-2.75261,-1.32534,1.01105,-1.94698,1.10108,1.16772,2.20139,-2.75266,-1.32422,1.00895,-1.94565,1.10136,1.16858,2.20139,-0.00046134,-7.70973e-05,-0.000645188,-0.00032641,-2.68538e-05,0.000118434,0.000824755,0,0,0,0,0,0,0,-0.176685,26.7383,-24.6374,7.49881,0.825212,2.4996,0.0587866,-0.186359,2.15437,-3.02146,1.88427,0.180611,0.911746,0.0550261
1729639,1,-2.75261,-1.32534,1.01105,-1.94698,1.10108,1.16772,2.20139,-2.75266,-1.32422,1.00895,-1.94565,1.10136,1.16858,2.20139,-0.00030756,0.000505414,0.0007763,0.000432007,-1.79026e-05,7.89561e-05,7.51186e-05,0,0,0,0,0,0,0,-0.176685,26.7144,-24.689,7.47104,0.825212,2.4996,0.071604,-0.185402,2.15352,-3.02102,1.88527,0.180633,0.911788,0.0554629
1729640,1,-2.75261,-1.32534,1.01105,-1.94698,1.10108,1.16771,2.20138,-2.75266,-1.32422,1.00895,-1.94565,1.10136,1.16858,2.20139,-0.000761852,0.000336942,-0.00013208,0.000288005,-0.000215386,5.26374e-05,-0.00018728,0,0,0,0,0,0,0,-0.152882,26.7144,-24.6612,7.47104,0.830705,2.4996,0.0780126,-0.183574,2.15227,-3.02066,1.88649,0.180662,0.911782,0.0559151
1729641,1,-2.75261,-1.32534,1.01105,-1.94698,1.10108,1.16772,2.20138,-2.75266,-1.32422,1.00895,-1.94565,1.10136,1.16858,2.20139,4.89106e-05,0.000224628,-8.80536e-05,0.000192003,0.00050067,0.000272451,-0.000362212,0,0,0,0,0,0,0,-0.176685,26.7144,-24.6612,7.47104,0.81331,2.49319,0.0844213,-0.181513,2.15078,-3.02019,1.88763,0.180679,0.91173,0.0563674
1729642,1,-2.75261,-1.32534,1.01105,-1.94698,1.10108,1.16772,2.20139,-2.75266,-1.32422,1.00895,-1.94565,1.10136,1.16858,2.20139,3.26071e-05,0.000149752,0.000590912,0.000128002,-0.00010703,-5.57253e-05,0.00145395,0,0,0,0,0,0,0,-0.176685,26.7144,-24.689,7.47104,0.825212,2.4996,0.038645,-0.180194,2.14967,-3.01974,1.88833,0.180662,0.911666,0.0568222
1729643,1,-2.75261,-1.32534,1.01105,-1.94698,1.10108,1.16771,2.20139,-2.75266,-1.32422,1.00895,-1.94565,1.10136,1.16858,2.20139,0.000671352,9.98348e-05,-0.000812485,-0.00112109,-0.000274804,-0.000749227,0.000223312,0,0,0,0,0,0,0,-0.204456,26.7144,-24.6374,7.52262,0.830705,2.51882,0.0587866,-0.179896,2.14908,-3.01947,1.88875,0.180625,0.911629,0.0572694
1729644,1,-2.75261,-1.32534,1.01105,-1.94698,1.10108,1.16771,2.20138,-2.75266,-1.32422,1.00895,-1.94565,1.10136,1.16858,2.20139,-0.000202046,0.00127298,1.51554e-05,0.00101584,2.02481e-05,0.000212592,-8.84841e-05,0,0,0,0,0,0,0,-0.176685,26.6629,-24.6612,7.44724,0.825212,2.4996,0.0651953,-0.180095,2.14799,-3.01847,1.8892,0.180585,0.911575,0.0576779
1729645,1,-2.75261,-1.32534,1.01105,-1.94698,1.10108,1.16771,2.20138,-2.75266,-1.32422,1.00895,-1.94565,1.10136,1.16858,2.20139,-0.000691509,-0.000914583,1.01036e-05,0.000677229,1.34987e-05,0.000141728,-0.00124578,0,0,0,0,0,0,0,-0.152882,26.7383,-24.6612,7.44724,0.825212,2.4996,0.0972387,-0.180326,2.14676,-3.01725,1.8893,0.180515,0.911485,0.0580315
1729646,1,-2.75261,-1.32534,1.01105,-1.94698,1.10108,1.16772,2.20139,-2.75266,-1.32422,1.00895,-1.94565,1.10136,1.16858,2.20139,-0.00111062,-0.000609722,6.73573e-06,-0.000105326,-0.000397902,-0.000380232,0.00181433,0,0,0,0,0,0,0,-0.125111,26.7383,-24.6612,7.47104,0.836199,2.51242,0.0258276,-0.179949,2.14671,-3.0172,1.88917,0.180462,0.911411,0.05835
1729647,1,-2.75261,-1.32534,1.01105,-1.94698,1.10108,1.16771,2.20139,-2.75266,-1.32422,1.00895,-1.94565,1.10136,1.16858,2.20139,0.00111563,0.000150331,-0.000552321,-7.02172e-05,-6.18174e-05,-0.000490847,0.000226212,0,0,0,0,0,0,0,-0.204456,26.7144,-24.6374,7.47104,0.830705,2.51882,0.0523779,-0.179435,2.14747,-3.01778,1.88911,0.180453,0.91138,0.0586466
1729648,1,-2.75261,-1.32534,1.01105,-1.94698,1.10108,1.16772,2.20139,-2.75266,-1.32422,1.00895,-1.94565,1.10136,1.16858,2.20139,0.000743751,-0.000456592,-0.000368214,-4.68115e-05,0.000162239,0.000384845,-8.65511e-05,0,0,0,0,0,0,0,-0.204456,26.7383,-24.6374,7.47104,0.825212,2.4996,0.0587866,-0.180739,2.14855,-3.01783,1.88835,0.180408,0.911393,0.0588948
1729649,1,-2.75261,-1.32534,1.01105,-1.94698,1.10108,1.16771,2.20139,-2.75266,-1.32422,1.00895,-1.94565,1.10136,1.16858,2.20139,0.000495834,-0.000304394,0.000311336,-0.000680822,-9.52912e-05,-0.000218154,-5.77007e-05,0,0,0,0,0,0,0,-0.204456,26.7383,-24.6612,7.49881,0.830705,2.51242,0.0587866,-0.183641,2.1502,-3.01782,1.887,0.180333,0.911473,0.0590787
1729650,1,-2.75261,-1.32534,1.01105,-1.94698,1.10108,1.16772,2.20139,-2.75266,-1.32422,1.00895,-1.94565,1.10136,1.16858,2.20139,-0.00087587,0.000353882,0.0019708,-0.000453881,0.000343374,9.19227e-05,-3.84671e-05,0,0,0,0,0,0,0,-0.152882,26.7144,-24.7366,7.49881,0.819719,2.50601,0.0587866,-0.185327,2.15202,-3.01925,1.88651,0.180329,0.91167,0.0592163
1729651,1,-2.75261,-1.32534,1.01105,-1.94698,1.10108,1.16771,2.20139,-2.75266,-1.32422,1.00895,-1.94565,1.10136,1.16858,2.20139,0.000622513,-0.00032089,-0.001563,0.000903839,-0.000381436,-0.000176077,0.000957699,0,0,0,0,0,0,0,-0.204456,26.7383,-24.6136,7.44724,0.836199,2.51242,0.0322363,-0.185432,2.1534,-3.02144,1.8868,0.180376,0.911906,0.0593186
1729652,1,-2.75261,-1.32534,1.01105,-1.94698,1.10108,1.16772,2.20138,-2.75266,-1.32422,1.00895,-1.94565,1.10136,1.16858,2.20139,0.00097182,0.000342885,0.00127805,-0.000603867,0.00015261,0.000594692,-0.000582237,0,0,0,0,0,0,0,-0.22826,26.7144,-24.7128,7.49881,0.825212,2.49319,0.0651953,-0.186421,2.15449,-3.02269,1.88643,0.180367,0.912083,0.0593765
1729653,1,-2.75261,-1.32534,1.01105,-1.94698,1.10108,1.16772,2.20139,-2.75266,-1.32422,1.00895,-1.94565,1.10136,1.16858,2.20139,-0.000558546,0.00022859,-0.000354392,0.000247036,0.00010174,0.000159102,0.000595186,0,0,0,0,0,0,0,-0.176685,26.7144,-24.6612,7.47104,0.825212,2.4996,0.038645,-0.187884,2.15521,-3.02343,1.88588,0.180338,0.912238,0.0593861
1729654,1,-2.75261,-1.32534,1.01105,-1.94698,1.10108,1.16771,2.20139,-2.75266,-1.32422,1.00895,-1.94565,1.10136,1.16858,2.20139,-0.000929176,-0.000404419,-0.000793073,-0.000484923,-0.000339074,-0.00036865,0.000871509,0,0,0,0,0,0,0,-0.152882,26.7383,-24.6374,7.49881,0.836199,2.51242,0.0258276,-0.187455,2.15473,-3.0236,1.88636,0.180391,0.912316,0.0593548
1729655,1,-2.75261,-1.32534,1.01105,-1.94698,1.10108,1.16771,2.20139,-2.75266,-1.32422,1.00895,-1.94565,1.10136,1.16858,2.20139,0.000586975,0.000936813,-0.000528716,-0.000880094,0.000621661,0.000228951,0.000106288,0,0,0,0,0,0,0,-0.204456,26.6867,-24.6374,7.52262,0.81331,2.4996,0.038645,-0.18529,2.1527,-3.02249,1.88795,0.180532,0.912285,0.0592737
1729656,1,-2.75261,-1.32534,1.01105,-1.94698,1.10108,1.16772,2.20139,-2.75266,-1.32422,1.00895,-1.94565,1.10136,1.16858,2.20139,-0.000258297,-2.50716e-05,0.000853949,0.000619696,0.000177082,0.000152634,0.000308218,0,0,0,0,0,0,0,-0.176685,26.7144,-24.689,7.47104,0.819719,2.4996,0.0322363,-0.183198,2.15024,-3.02108,1.88969,0.180667,0.912247,0.0591267
1729657,1,-2.75261,-1.32534,1.01105,-1.94698,1.10108,1.16772,2.20139,-2.75266,-1.32422,1.00895,-1.94565,1.10136,1.16858,2.20139,-0.000172198,-0.000573526,0.00112611,0.000413131,-0.000492297,-0.000610321,0.000205478,0,0,0,0,0,0,0,-0.176685,26.7383,-24.7128,7.47104,0.836199,2.51882,0.0322363,-0.182152,2.1495,-3.02145,1.89053,0.180718,0.912301,0.0589099
1729658,1,-2.75261,-1.32534,1.01105,-1.94698,1.10108,1.16772,2.20139,-2.75266,-1.32422,1.00895,-1.94565,1.10136,1.16858,2.20139,-0.000114799,-0.000382351,0.000193929,-0.000374193,-0.000124748,6.78375e-05,0.000611703,0,0,0,0,0,0,0,-0.176685,26.7383,-24.689,7.49881,0.830705,2.50601,0.0194189,-0.181844,2.15084,-3.02382,1.89066,0.180724,0.912457,0.058626
1729659,1,-2.75261,-1.32534,1.01105,-1.94698,1.10108,1.16772,2.20139,-2.75266,-1.32422,1.00895,-1.94565,1.10136,1.16858,2.20139,-0.000633344,-0.000254901,0.000686098,-0.000249462,0.000323736,-0.000192134,-0.000304275,0,0,0,0,0,0,0,-0.152882,26.7383,-24.7128,7.49881,0.819719,2.51242,0.038645,-0.181285,2.15261,-3.0267,1.891,0.180757,0.912645,0.0582761
1729660,1,-2.75261,-1.32534,1.01105,-1.94698,1.10108,1.16772,2.20139,-2.75266,-1.32422,1.00895,-1.94565,1.10136,1.16858,2.20139,0.000784196,0.000386878,-9.94134e-05,-0.000166308,0.000215824,-0.000128089,0.000746586,0,0,0,0,0,0,0,-0.204456,26.7144,-24.689,7.49881,0.819719,2.51242,0.0130102,-0.180542,2.15381,-3.02907,1.89162,0.180804,0.912822,0.0578642
1729661,1,-2.75261,-1.32534,1.01105,-1.94698,1.10108,1.16772,2.20139,-2.75266,-1.32422,1.00895,-1.94565,1.10136,1.16858,2.20139,0.000522798,0.000257919,-0.0012727,-0.000110872,-5.95678e-05,0.000151966,-0.000722979,0,0,0,0,0,0,0,-0.204456,26.7144,-24.6374,7.49881,0.825212,2.50601,0.0459692,-0.18092,2.15394,-3.02962,1.89185,0.180795,0.912928,0.0573942
1729662,1,-2.75261,-1.32534,1.01105,-1.94698,1.10108,1.16772,2.20139,-2.75266,-1.32422,1.00895,-1.94565,1.10136,1.16858,2.20139,0.000348532,0.00082156,0.00091477,-0.000630727,-3.97119e-05,0.000101311,0.000501358,0,0,0,0,0,0,0,-0.204456,26.6867,-24.7128,7.52262,0.825212,2.50601,0.0194189,-0.182049,2.15284,-3.02844,1.89195,0.180745,0.912965,0.0568756
1729663,1,-2.75261,-1.32534,1.01105,-1.94698,1.10108,1.16771,2.20139,-2.75266,-1.32422,1.00895,-1.94565,1.10136,1.16858,2.20139,-0.00162369,-0.000101907,0.000609847,0.000136328,-0.000229925,-0.000407177,-0.000649105,0,0,0,0,0,0,0,-0.125111,26.7144,-24.7128,7.49881,0.830705,2.51882,0.0459692,-0.181715,2.15122,-3.02783,1.89292,0.180743,0.913031,0.0563279
1729664,1,-2.75261,-1.32534,1.01105,-1.94698,1.10108,1.16771,2.20139,-2.75266,-1.32422,1.00895,-1.94565,1.10136,1.16858,2.20139,0.000773583,-0.00062475,-0.000150247,9.0885e-05,-0.000356734,0.000203266,0.000313248,0,0,0,0,0,0,0,-0.204456,26.7383,-24.689,7.49881,0.836199,2.50601,0.0258276,-0.180189,2.15024,-3.02854,1.89429,0.180781,0.91314,0.0557624
1729665,1,-2.75261,-1.32534,1.01105,-1.94698,1.10108,1.16771,2.20139,-2.75266,-1.32422,1.00895,-1.94565,1.10136,1.16858,2.20139,-0.000690704,-0.00106611,-0.000100165,0.00126702,-0.000237823,0.00037287,-0.000265886,0,0,0,0,0,0,0,-0.152882,26.766,-24.689,7.44724,0.836199,2.4996,0.038645,-0.180135,2.15102,-3.02975,1.89438,0.180759,0.913248,0.055183
1729666,1,-2.75261,-1.32534,1.01105,-1.94698,1.10108,1.16772,2.20139,-2.75266,-1.32422,1.00895,-1.94565,1.10136,1.16858,2.20139,9.63427e-05,0.000495683,-6.67766e-05,-0.000918561,0.000451803,0.00024858,0.00053482,0,0,0,0,0,0,0,-0.176685,26.7144,-24.689,7.52262,0.819719,2.4996,0.0194189,-0.181071,2.15256,-3.03083,1.89367,0.180705,0.913326,0.0546007
1729667,1,-2.75261,-1.32534,1.01105,-1.94698,1.10108,1.16771,2.20139,-2.75266,-1.32422,1.00895,-1.94565,1.10136,1.16858,2.20139,0.00127065,0.000330455,0.000512294,0.00115086,-0.000105699,-0.000546357,-0.000118171,0,0,0,0,0,0,0,-0.22826,26.7144,-24.7128,7.44724,0.830705,2.51882,0.0322363,-0.182373,2.15352,-3.03147,1.89295,0.180647,0.913398,0.0540223
1729668,1,-2.75261,-1.32534,1.01105,-1.94698,1.10108,1.16772,2.20139,-2.75266,-1.32422,1.00895,-1.94565,1.10136,1.16858,2.20139,-0.000916135,-0.000986122,-0.000864896,0.000767243,-7.0466e-05,0.00011048,0.000158578,0,0,0,0,0,0,0,-0.152882,26.766,-24.6612,7.44724,0.830705,2.50601,0.0258276,-0.184906,2.15459,-3.03182,1.8915,0.180531,0.913466,0.0534409
1729669,1,-2.75261,-1.32534,1.01105,-1.94698,1.10108,1.16771,2.20139,-2.75266,-1.32422,1.00895,-1.94565,1.10136,1.16858,2.20139,0.000595669,0.00119862,7.30163e-05,-0.000694931,0.000156473,-0.000163706,0.000105719,0,0,0,0,0,0,0,-0.204456,26.6867,-24.689,7.49881,0.825212,2.51242,0.0258276,-0.186979,2.15519,-3.03166,1.89021,0.180438,0.913488,0.0528548
1729670,1,-2.75261,-1.32534,1.01105,-1.94698,1.10108,1.16771,2.20139,-2.75266,-1.32422,1.00895,-1.94565,1.10136,1.16858,2.20139,-0.000252501,-0.000407343,0.00060549,0.000186327,-9.9135e-05,0.000128222,-0.000675506,0,0,0,0,0,0,0,-0.176685,26.7383,-24.7128,7.47104,0.830705,2.50601,0.0459692,-0.187526,2.15464,-3.03135,1.89009,0.180436,0.913526,0.0522698
1729671,1,-2.75261,-1.32534,1.01105,-1.94698,1.10108,1.16771,2.20139,-2.75266,-1.32422,1.00895,-1.94565,1.10136,1.16858,2.20139,-0.000168334,-0.000921176,0.00040366,0.000124218,0.000340811,-0.000151878,0.000533007,0,0,0,0,0,0,0,-0.176685,26.766,-24.7128,7.47104,0.819719,2.51242,0.0194189,-0.187523,2.15473,-3.03229,1.89033,0.180475,0.913647,0.0516903
1729672,1,-2.75261,-1.32534,1.01105,-1.94698,1.10108,1.16771,2.20139,-2.75266,-1.32422,1.00895,-1.94565,1.10136,1.16858,2.20139,0.000537391,0.00124192,-0.000287706,-0.00112361,2.37568e-05,-0.000338611,-0.000356739,0,0,0,0,0,0,0,-0.204456,26.6867,-24.689,7.52262,0.825212,2.51882,0.038645,-0.187215,2.15519,-3.03379,1.89082,0.180543,0.913811,0.0511254
1729673,1,-2.75261,-1.32534,1.01105,-1.94698,1.10108,1.16771,2.20139,-2.75266,-1.32422,1.00895,-1.94565,1.10136,1.16858,2.20139,-0.000848165,0.000827948,-0.000191804,0.00157097,1.58379e-05,0.000248977,0.000236892,0,0,0,0,0,0,0,-0.152882,26.6867,-24.689,7.42344,0.825212,2.50601,0.0258276,-0.186101,2.15383,-3.03397,1.89193,0.180626,0.913914,0.0505776
1729674,1,-2.75261,-1.32534,1.01105,-1.94698,1.10108,1.16771,2.20139,-2.75266,-1.32422,1.00895,-1.94565,1.10136,1.16858,2.20139,0.000640983,-0.00065446,-0.000127869,-6.6308e-05,-0.000396342,-7.1374e-05,-0.000588057,0,0,0,0,0,0,0,-0.204456,26.7383,-24.689,7.47104,0.836199,2.51242,0.0459692,-0.185037,2.15176,-3.03329,1.89267,0.180661,0.913948,0.050042
1729675,1,-2.75261,-1.32534,1.01105,-1.94698,1.10108,1.16772,2.20139,-2.75266,-1.32422,1.00895,-1.94565,1.10136,1.16858,2.20139,-0.000222292,-0.000436307,-0.00073486,-4.42054e-05,-6.07778e-05,-4.75827e-05,-0.000629397,0,0,0,0,0,0,0,-0.176685,26.7383,-24.6612,7.47104,0.830705,2.51242,0.0523779,-0.18511,2.15095,-3.03285,1.89256,0.180659,0.913993,0.0495202
1729676,1,-2.75261,-1.32534,1.01105,-1.94698,1.10108,1.16771,2.20139,-2.75266,-1.32422,1.00895,-1.94565,1.10136,1.16858,2.20139,-0.000148195,-0.000290871,0.00127333,-2.94702e-05,0.000162932,0.000205637,0.000326387,0,0,0,0,0,0,0,-0.176685,26.7383,-24.7366,7.47104,0.825212,2.50601,0.0322363,-0.185413,2.15125,-3.03328,1.89236,0.180682,0.914099,0.0490326
1729677,1,-2.75261,-1.32534,1.01105,-1.94698,1.10108,1.16771,2.20139,-2.75266,-1.32422,1.00895,-1.94565,1.10136,1.16858,2.20139,-9.87966e-05,-0.000193914,-0.000264736,-0.000669261,-9.48292e-05,0.000137091,-0.000291035,0,0,0,0,0,0,0,-0.176685,26.7383,-24.689,7.49881,0.830705,2.50601,0.0459692,-0.185027,2.1521,-3.0349,1.8926,0.180755,0.914283,0.0485955
1729678,1,-2.75261,-1.32534,1.01105,-1.94698,1.10108,1.16771,2.20138,-2.75266,-1.32422,1.00895,-1.94565,1.10136,1.16858,2.20139,0.00058375,0.000427536,-0.000176491,-0.000446174,0.000140231,-0.000383324,-0.0009061,0,0,0,0,0,0,0,-0.204456,26.7144,-24.689,7.49881,0.825212,2.51882,0.0651953,-0.184308,2.15251,-3.03641,1.8933,0.180862,0.914482,0.0482056
1729679,1,-2.75261,-1.32534,1.01105,-1.94698,1.10108,1.16771,2.20139,-2.75266,-1.32422,1.00895,-1.94565,1.10136,1.16858,2.20139,0.000389166,-0.000271788,0.000439151,0.000352165,0.000296938,-0.000492908,-0.000129349,0,0,0,0,0,0,0,-0.204456,26.7383,-24.7128,7.47104,0.819719,2.52523,0.0523779,-0.184322,2.15256,-3.0373,1.89377,0.180936,0.914672,0.0478686
1729680,1,-2.75261,-1.32534,1.01105,-1.94698,1.10108,1.16771,2.20139,-2.75266,-1.32422,1.00895,-1.94565,1.10136,1.16858,2.20139,-0.00039017,0.00037562,-0.000264044,0.000234776,-0.000208942,0.000383471,-0.000323591,0,0,0,0,0,0,0,-0.176685,26.7144,-24.689,7.47104,0.830705,2.50601,0.0587866,-0.184982,2.15281,-3.03815,1.89369,0.180951,0.914862,0.0475992
1729681,1,-2.75261,-1.32534,1.01105,-1.94698,1.10108,1.16771,2.20139,-2.75266,-1.32422,1.00895,-1.94565,1.10136,1.16858,2.20139,-0.000260113,0.000250413,-0.00017603,-0.000493096,-0.000139295,1.82887e-05,2.16313e-05,0,0,0,0,0,0,0,-0.176685,26.7144,-24.689,7.49881,0.830705,2.51242,0.0523779,-0.184746,2.15231,-3.03853,1.89394,0.180981,0.915005,0.0474024
1729682,1,-2.75261,-1.32534,1.01105,-1.94698,1.10108,1.16771,2.20138,-2.75266,-1.32422,1.00895,-1.94565,1.10136,1.16858,2.20139,0.000476205,-0.00038987,0.000439459,0.000320883,-9.28633e-05,1.21925e-05,-0.00164709,0,0,0,0,0,0,0,-0.204456,26.7383,-24.7128,7.47104,0.830705,2.51242,0.0972387,-0.183984,2.15148,-3.03876,1.89451,0.181032,0.915137,0.047274
1729683,1,-2.75261,-1.32534,1.01105,-1.94698,1.10108,1.16771,2.20138,-2.75266,-1.32422,1.00895,-1.94565,1.10136,1.16858,2.20139,-0.000888956,0.000296899,-0.000263839,-0.000435692,0.000141542,8.12832e-06,-0.000623343,0,0,0,0,0,0,0,-0.152882,26.7144,-24.689,7.49881,0.825212,2.51242,0.0844213,-0.183353,2.15114,-3.03942,1.89497,0.181083,0.915296,0.0472234
1729684,1,-2.75261,-1.32534,1.01105,-1.94698,1.10108,1.16771,2.20138,-2.75266,-1.32422,1.00895,-1.94565,1.10136,1.16858,2.20139,-3.58252e-05,0.000197933,0.000937731,0.000359153,9.43611e-05,0.000480137,-0.000415562,0,0,0,0,0,0,0,-0.176685,26.7144,-24.7366,7.47104,0.825212,2.4996,0.0844213,-0.18198,2.15062,-3.04036,1.89577,0.181158,0.915456,0.0472809
1729685,1,-2.75261,-1.32534,1.01105,-1.94698,1.10108,1.16772,2.20139,-2.75266,-1.32422,1.00895,-1.94565,1.10136,1.16858,2.20139,0.00118254,0.000781569,-0.00048847,0.000239435,-0.000140543,8.27322e-05,0.000672394,0,0,0,0,0,0,0,-0.22826,26.6867,-24.689,7.47104,0.830705,2.50601,0.0587866,-0.181243,2.15008,-3.04123,1.89617,0.181191,0.915608,0.0474601
1729686,1,-2.75261,-1.32534,1.01105,-1.94698,1.10108,1.16772,2.20138,-2.75266,-1.32422,1.00895,-1.94565,1.10136,1.16858,2.20139,-0.000974876,-0.00068538,-0.000325647,0.000159623,0.000109755,5.51548e-05,-0.000738532,0,0,0,0,0,0,0,-0.152882,26.7383,-24.689,7.47104,0.825212,2.50601,0.09083,-0.181919,2.14969,-3.04147,1.89576,0.181158,0.915713,0.0477419
1729687,1,-2.75261,-1.32534,1.01105,-1.94698,1.10108,1.16771,2.20138,-2.75266,-1.32422,1.00895,-1.94565,1.10136,1.16858,2.20139,0.00167013,0.000749506,-0.000217098,-0.000543198,-0.000333731,-0.000437948,-1.76367e-05,0,0,0,0,0,0,0,-0.252064,26.6867,-24.689,7.49881,0.836199,2.51882,0.0780126,-0.182999,2.14931,-3.0412,1.89523,0.181126,0.915777,0.0481033
1729688,1,-2.75261,-1.32534,1.01105,-1.94698,1.10108,1.16771,2.20138,-2.75266,-1.32422,1.00895,-1.94565,1.10136,1.16858,2.20139,-0.000649816,-0.000149943,-0.000144732,-0.000362132,0.000184414,-0.000291965,-0.000249117,0,0,0,0,0,0,0,-0.176685,26.7144,-24.689,7.49881,0.825212,2.51882,0.0844213,-0.184246,2.1488,-3.0408,1.89493,0.181118,0.915853,0.0485381
1729689,1,-2.75261,-1.32534,1.01105,-1.94698,1.10108,1.16772,2.20138,-2.75266,-1.32422,1.00895,-1.94565,1.10136,1.16858,2.20139,-0.000433211,-9.99622e-05,0.000460324,-0.000241421,0.000563752,4.27154e-05,-0.000640796,0,0,0,0,0,0,0,-0.176685,26.7144,-24.7128,7.49881,0.81331,2.51242,0.0972387,-0.184395,2.14816,-3.04091,1.89535,0.181169,0.915957,0.0490421
1729690,1,-2.75261,-1.32534,1.01105,-1.94698,1.10108,1.16772,2.20138,-2.75266,-1.32422,1.00895,-1.94565,1.10136,1.16858,2.20139,-0.000288807,-6.66415e-05,0.000306883,-0.000160948,-6.49748e-05,2.84769e-05,0.000759598,0,0,0,0,0,0,0,-0.176685,26.7144,-24.7128,7.49881,0.825212,2.51242,0.0651953,-0.183137,2.14781,-3.04207,1.89639,0.181269,0.916098,0.0496106
1729691,1,-2.75261,-1.32534,1.01105,-1.94698,1.10108,1.16771,2.20138,-2.75266,-1.32422,1.00895,-1.94565,1.10136,1.16858,2.20139,0.000457076,-0.00060124,0.000204588,-0.00066411,-0.000246767,1.89846e-05,-0.000205678,0,0,0,0,0,0,0,-0.204456,26.7383,-24.7128,7.52262,0.830705,2.51242,0.0844213,-0.181993,2.14814,-3.04396,1.89736,0.181356,0.916285,0.0502328
1729692,1,-2.75261,-1.32534,1.01106,-1.94698,1.10108,1.16771,2.20138,-2.75266,-1.32422,1.00895,-1.94565,1.10136,1.16858,2.20139,-0.000344897,0.000155986,0.00134282,0.000114072,-0.000164511,1.26564e-05,0.00010024,0,0,0,0,0,0,0,-0.176685,26.7144,-24.7643,7.49881,0.830705,2.51242,0.0780126,-0.181517,2.14934,-3.04659,1.89805,0.181413,0.91653,0.0508863
1729693,1,-2.75261,-1.32534,1.01105,-1.94698,1.10108,1.16771,2.20138,-2.75266,-1.32422,1.00895,-1.94565,1.10136,1.16858,2.20139,-0.000786743,-0.00110244,-0.000311214,0.00128247,-0.000109674,0.000245797,-0.000170532,0,0,0,0,0,0,0,-0.152882,26.766,-24.7128,7.44724,0.830705,2.50601,0.0844213,-0.181348,2.15128,-3.04986,1.8982,0.181426,0.916781,0.051555
1729694,1,-2.75261,-1.32534,1.01105,-1.94698,1.10108,1.16771,2.20139,-2.75266,-1.32422,1.00895,-1.94565,1.10136,1.16858,2.20139,0.00068193,-0.000734957,-0.000764288,-0.000351443,-0.000480017,-7.34946e-05,0.00131047,0,0,0,0,0,0,0,-0.204456,26.766,-24.689,7.49881,0.841692,2.51242,0.0459692,-0.182058,2.1537,-3.05246,1.89743,0.181385,0.916946,0.0522286
1729695,1,-2.75261,-1.32534,1.01105,-1.94698,1.10108,1.16771,2.20139,-2.75266,-1.32422,1.00895,-1.94565,1.10136,1.16858,2.20139,-0.000751806,0.000716455,4.72868e-05,0.000415318,0.000493791,-4.89964e-05,0.00138227,0,0,0,0,0,0,0,-0.152882,26.7144,-24.7128,7.47104,0.819719,2.51242,0.0322363,-0.183295,2.15536,-3.05351,1.89642,0.181339,0.917015,0.0528913
1729696,1,-2.75261,-1.32534,1.01105,-1.94698,1.10108,1.16772,2.20138,-2.75266,-1.32422,1.00895,-1.94565,1.10136,1.16858,2.20139,-0.00115082,0.00112725,3.15245e-05,-0.000372735,-0.000281158,-3.26643e-05,-0.00101127,0,0,0,0,0,0,0,-0.125111,26.6867,-24.7128,7.49881,0.836199,2.51242,0.0844213,-0.182414,2.15446,-3.05328,1.89681,0.181376,0.917011,0.0535076
1729697,1,-2.75261,-1.32534,1.01105,-1.94698,1.10108,1.16771,2.20139,-2.75266,-1.32422,1.00895,-1.94565,1.10136,1.16858,2.20139,0.000439214,0.000101886,-0.000535796,0.000401124,1.6012e-05,-2.17762e-05,0.000275258,0,0,0,0,0,0,0,-0.176685,26.7144,-24.689,7.47104,0.830705,2.51242,0.0587866,-0.179659,2.15148,-3.0522,1.89839,0.181483,0.916963,0.0540496
1729698,1,-2.75261,-1.32534,1.01105,-1.94698,1.10108,1.16771,2.20139,-2.75266,-1.32422,1.00895,-1.94565,1.10136,1.16858,2.20139,0.000292809,-0.000488888,-0.000357197,-0.000382198,-0.000192776,-0.000251876,0.000658223,0,0,0,0,0,0,0,-0.176685,26.7383,-24.689,7.49881,0.836199,2.51882,0.0459692,-0.178254,2.149,-3.05083,1.89932,0.181557,0.91693,0.0545245
1729699,1,-2.75261,-1.32534,1.01105,-1.94698,1.10108,1.16772,2.20139,-2.75266,-1.32422,1.00895,-1.94565,1.10136,1.16858,2.20139,0.00084482,-0.000975539,-0.000238131,-0.000254799,0.000278384,6.94413e-05,0.0011848,0,0,0,0,0,0,0,-0.204456,26.766,-24.689,7.49881,0.825212,2.51242,0.0258276,-0.179308,2.14859,-3.05006,1.89902,0.181579,0.916974,0.0549353
1729700,1,-2.75261,-1.32534,1.01105,-1.94698,1.10108,1.16771,2.20139,-2.75266,-1.32422,1.00895,-1.94565,1.10136,1.16858,2.20139,-8.64005e-05,-7.45475e-07,-0.000158754,0.000479748,-1.78613e-05,4.62942e-05,4.38819e-05,0,0,0,0,0,0,0,-0.176685,26.7383,-24.689,7.47104,0.830705,2.51242,0.0459692,-0.181856,2.14983,-3.05006,1.89789,0.181567,0.917087,0.055262
1729701,1,-2.75261,-1.32534,1.01105,-1.94698,1.10108,1.16771,2.20139,-2.75266,-1.32422,1.00895,-1.94565,1.10136,1.16858,2.20139,0.000592014,0.000556315,-0.000105836,-0.000329782,-0.000418809,3.08628e-05,-0.000208104,0,0,0,0,0,0,0,-0.204456,26.7144,-24.689,7.49881,0.841692,2.51242,0.0523779,-0.184387,2.15101,-3.05013,1.8967,0.181547,0.917211,0.0554892
1729702,1,-2.75261,-1.32534,1.01105,-1.94698,1.10108,1.16771,2.20139,-2.75266,-1.32422,1.00895,-1.94565,1.10136,1.16858,2.20139,0.000951488,-0.000185935,0.000486255,-0.000776667,0.000331146,-0.000216784,0.00155668,0,0,0,0,0,0,0,-0.22826,26.7383,-24.7128,7.52262,0.825212,2.51882,0.00660151,-0.186493,2.15161,-3.05025,1.89601,0.181554,0.917369,0.0556262
1729703,1,-2.75261,-1.32534,1.01105,-1.94698,1.10108,1.16771,2.20139,-2.75266,-1.32422,1.00895,-1.94565,1.10136,1.16858,2.20139,7.75132e-05,-0.000123957,-0.000232642,0.000688648,1.73134e-05,9.28365e-05,-0.000149005,0,0,0,0,0,0,0,-0.204456,26.7383,-24.689,7.47104,0.830705,2.51242,0.038645,-0.188723,2.1525,-3.05087,1.89542,0.181573,0.917579,0.0556746
1729704,1,-2.75261,-1.32534,1.01105,-1.94698,1.10108,1.16771,2.20139,-2.75266,-1.32422,1.00895,-1.94565,1.10136,1.16858,2.20139,5.16755e-05,0.0016806,0.000401717,0.000459099,1.15422e-05,0.00029925,-9.93366e-05,0,0,0,0,0,0,0,-0.204456,26.6629,-24.7128,7.47104,0.830705,2.50601,0.038645,-0.190406,2.1529,-3.05136,1.89488,0.181582,0.917755,0.0556214
1729705,1,-2.75261,-1.32534,1.01105,-1.94698,1.10108,1.16772,2.20139,-2.75266,-1.32422,1.00895,-1.94565,1.10136,1.16858,2.20139,-0.000615164,-0.000642838,0.000267811,0.000306066,7.69483e-06,-3.7859e-05,-6.62244e-05,0,0,0,0,0,0,0,-0.176685,26.7383,-24.7128,7.47104,0.830705,2.51242,0.038645,-0.190592,2.1522,-3.05163,1.89486,0.181613,0.917875,0.0554764
1729706,1,-2.75261,-1.32534,1.01105,-1.94698,1.10108,1.16771,2.20139,-2.75266,-1.32422,1.00895,-1.94565,1.10136,1.16858,2.20139,-0.00161653,0.000128253,0.000178541,-0.00100238,-0.000198321,-2.52393e-05,0.000905286,0,0,0,0,0,0,0,-0.125111,26.7144,-24.7128,7.52262,0.836199,2.51242,0.0130102,-0.188344,2.15113,-3.05256,1.89609,0.181758,0.917984,0.0552634
1729707,1,-2.75261,-1.32534,1.01105,-1.94698,1.10108,1.16772,2.20139,-2.75266,-1.32422,1.00895,-1.94565,1.10136,1.16858,2.20139,-0.000428076,0.000735116,-0.000437785,0.000538171,7.12368e-05,-1.68262e-05,-0.000108553,0,0,0,0,0,0,0,-0.152882,26.6867,-24.689,7.47104,0.830705,2.51242,0.0322363,-0.183621,2.14921,-3.0535,1.89875,0.18203,0.918054,0.05499
1729708,1,-2.75261,-1.32534,1.01106,-1.94698,1.10108,1.16771,2.20139,-2.75266,-1.32422,1.00895,-1.94565,1.10136,1.16858,2.20139,0.000921042,-0.000159536,0.000821767,0.000358781,0.000250942,0.000226141,-7.23685e-05,0,0,0,0,0,0,0,-0.204456,26.7144,-24.7366,7.47104,0.825212,2.50601,0.0322363,-0.17982,2.14731,-3.05402,1.90084,0.182255,0.918102,0.0546492
1729709,1,-2.75261,-1.32534,1.01105,-1.94698,1.10107,1.16771,2.20139,-2.75266,-1.32422,1.00895,-1.94565,1.10136,1.16858,2.20139,-3.5586e-05,-0.00131278,-8.96698e-06,0.000239187,-0.000443057,0.000150761,-0.000285605,0,0,0,0,0,0,0,-0.176685,26.766,-24.7128,7.47104,0.841692,2.50601,0.038645,-0.1795,2.14782,-3.05533,1.90085,0.182336,0.918218,0.0542443
1729710,1,-2.75261,-1.32534,1.01105,-1.94698,1.10108,1.16771,2.20139,-2.75266,-1.32422,1.00895,-1.94565,1.10136,1.16858,2.20139,-2.3724e-05,-0.000225575,-5.97799e-06,-0.00104697,-9.19209e-05,0.000337866,4.69559e-05,0,0,0,0,0,0,0,-0.176685,26.7383,-24.7128,7.52262,0.836199,2.4996,0.0322363,-0.180726,2.15012,-3.05743,1.90005,0.182391,0.918382,0.0537968
1729711,1,-2.75261,-1.32534,1.01105,-1.94698,1.10108,1.16771,2.20139,-2.75266,-1.32422,1.00895,-1.94565,1.10136,1.16858,2.20139,0.000633798,0.000406429,-0.000560797,0.000508447,0.00014217,-0.000486833,0.000506022,0,0,0,0,0,0,0,-0.204456,26.7144,-24.689,7.47104,0.830705,2.51882,0.0194189,-0.181847,2.15185,-3.0588,1.8996,0.182483,0.918501,0.0533294
1729712,1,-2.75261,-1.32534,1.01105,-1.94698,1.10108,1.16772,2.20139,-2.75266,-1.32422,1.00895,-1.94565,1.10136,1.16858,2.20139,0.000422532,-0.00028586,0.000182947,-0.000310649,-0.000108671,0.000387522,-0.000374729,0,0,0,0,0,0,0,-0.204456,26.7383,-24.7128,7.49881,0.836199,2.4996,0.038645,-0.1835,2.1527,-3.05908,1.89899,0.18255,0.918559,0.0528466
1729713,1,-2.75261,-1.32534,1.01105,-1.94698,1.10108,1.16771,2.20139,-2.75266,-1.32422,1.00895,-1.94565,1.10136,1.16858,2.20139,-0.000924738,-0.000190573,0.000121965,-0.000207099,0.000334454,-0.00021637,0.000224899,0,0,0,0,0,0,0,-0.152882,26.7383,-24.7128,7.49881,0.825212,2.51242,0.0258276,-0.184772,2.15331,-3.05937,1.89858,0.182631,0.918599,0.0523474
1729714,1,-2.75261,-1.32534,1.01105,-1.94698,1.10108,1.16771,2.20139,-2.75266,-1.32422,1.00895,-1.94565,1.10136,1.16858,2.20139,0.000589934,-0.000127049,0.000638122,-0.000694878,-0.000183932,-0.000381606,-0.000324785,0,0,0,0,0,0,0,-0.204456,26.7383,-24.7366,7.52262,0.836199,2.51882,0.038645,-0.1846,2.15375,-3.06036,1.89904,0.182777,0.918661,0.051841
1729715,1,-2.75261,-1.32534,1.01105,-1.94698,1.10108,1.16771,2.20139,-2.75266,-1.32422,1.00895,-1.94565,1.10136,1.16858,2.20139,-0.000256325,-8.46991e-05,0.000425415,9.35598e-05,0.00048773,-1.70448e-05,0.000258194,0,0,0,0,0,0,0,-0.176685,26.7383,-24.7366,7.49881,0.819719,2.51242,0.0258276,-0.184079,2.15435,-3.062,1.89979,0.182936,0.918768,0.0513342
1729716,1,-2.75261,-1.32534,1.01106,-1.94698,1.10108,1.16771,2.20139,-2.75266,-1.32422,1.00895,-1.94565,1.10136,1.16858,2.20139,0.00103554,0.00114996,0.000933224,0.000711987,-8.17474e-05,-0.000248722,-0.000573856,0,0,0,0,0,0,0,-0.22826,26.6867,-24.7643,7.47104,0.830705,2.51882,0.0459692,-0.184313,2.15504,-3.06382,1.90005,0.183023,0.918898,0.0508309
1729717,1,-2.75261,-1.32534,1.01106,-1.94698,1.10108,1.16771,2.20139,-2.75266,-1.32422,1.00895,-1.94565,1.10136,1.16858,2.20139,0.00013355,0.000117026,-2.74649e-05,-0.000731768,0.000148952,0.000308903,-0.000619929,0,0,0,0,0,0,0,-0.204456,26.7144,-24.7366,7.52262,0.825212,2.50601,0.0523779,-0.185327,2.15525,-3.06519,1.89984,0.183032,0.919019,0.0503381
1729718,1,-2.75261,-1.32534,1.01105,-1.94698,1.10108,1.16771,2.20138,-2.75266,-1.32422,1.00895,-1.94565,1.10136,1.16858,2.20139,-0.000560581,7.80173e-05,-1.83099e-05,-0.000487845,0.000302752,-0.000268782,-0.00136272,0,0,0,0,0,0,0,-0.176685,26.7144,-24.7366,7.52262,0.819719,2.51882,0.0780126,-0.185571,2.15456,-3.0659,1.90027,0.183072,0.919105,0.0498743
1729719,1,-2.75261,-1.32534,1.01106,-1.94698,1.10108,1.16771,2.20139,-2.75266,-1.32422,1.00895,-1.94565,1.10136,1.16858,2.20139,0.000275893,0.000701625,0.000637407,0.00143801,-0.000611967,0.00029553,-0.000196405,0,0,0,0,0,0,0,-0.204456,26.6867,-24.7643,7.44724,0.841692,2.50601,0.0587866,-0.184877,2.15339,-3.06631,1.90112,0.183129,0.919144,0.0494717
1729720,1,-2.75261,-1.32534,1.01105,-1.94698,1.10108,1.16772,2.20139,-2.75266,-1.32422,1.00895,-1.94565,1.10136,1.16858,2.20139,-0.000465685,-0.00138829,-0.000781488,-0.000247754,-1.07723e-06,-0.000277698,0.000343782,0,0,0,0,0,0,0,-0.176685,26.766,-24.7128,7.49881,0.830705,2.51882,0.0459692,-0.184807,2.15287,-3.06678,1.90121,0.183128,0.919147,0.0491558
1729721,1,-2.75261,-1.32534,1.01105,-1.94698,1.10108,1.16771,2.20139,-2.75266,-1.32422,1.00895,-1.94565,1.10136,1.16858,2.20139,0.000339157,0.0002809,3.58202e-05,-0.000165169,-7.18154e-07,5.22268e-05,-8.17127e-06,0,0,0,0,0,0,0,-0.204456,26.7144,-24.7366,7.49881,0.830705,2.51242,0.0523779,-0.185268,2.15312,-3.06718,1.90091,0.183123,0.919131,0.0489263
1729722,1,-2.75261,-1.32534,1.01106,-1.94698,1.10108,1.16771,2.20138,-2.75266,-1.32422,1.00895,-1.94565,1.10136,1.16858,2.20139,-0.000423509,-0.000369546,2.38801e-05,0.000539501,-0.00040738,3.48179e-05,-0.000717524,0,0,0,0,0,0,0,-0.176685,26.7383,-24.7366,7.47104,0.841692,2.51242,0.071604,-0.185671,2.15342,-3.06752,1.90075,0.183144,0.919119,0.0487657
1729723,1,-2.75261,-1.32534,1.01106,-1.94698,1.10108,1.16771,2.20139,-2.75266,-1.32422,1.00895,-1.94565,1.10136,1.16858,2.20139,-0.000282339,-0.000246364,0.000665534,0.000359667,-6.8136e-05,0.000260571,-3.63167e-06,0,0,0,0,0,0,0,-0.176685,26.7383,-24.7643,7.47104,0.836199,2.50601,0.0587866,-0.185882,2.15396,-3.06839,1.90055,0.18317,0.919134,0.0486669
1729724,1,-2.75261,-1.32534,1.01105,-1.94698,1.10108,1.16771,2.20139,-2.75266,-1.32422,1.00895,-1.94565,1.10136,1.16858,2.20139,0.0010182,0.00104218,-0.000205925,-0.000966648,0.000158027,-6.3645e-05,-2.42112e-06,0,0,0,0,0,0,0,-0.22826,26.6867,-24.7366,7.52262,0.830705,2.51242,0.0587866,-0.18599,2.1543,-3.0695,1.90053,0.183217,0.919179,0.0486357
1729725,1,-2.75261,-1.32534,1.01106,-1.94698,1.10108,1.16771,2.20139,-2.75266,-1.32422,1.00895,-1.94565,1.10136,1.16858,2.20139,-0.00108444,-0.00116125,-0.000137283,-8.76198e-05,0.000308802,-0.000279789,0.00098173,0,0,0,0,0,0,0,-0.152882,26.766,-24.7366,7.49881,0.825212,2.51882,0.0322363,-0.185792,2.15381,-3.07015,1.90111,0.183313,0.91923,0.0486677
1729726,1,-2.75261,-1.32534,1.01106,-1.94698,1.10108,1.16771,2.20138,-2.75266,-1.32422,1.00895,-1.94565,1.10136,1.16858,2.20139,0.000483467,0.00108187,-9.1522e-05,-0.000615225,0.000646677,5.0833e-05,-0.00222773,0,0,0,0,0,0,0,-0.204456,26.6867,-24.7366,7.52262,0.81331,2.51242,0.110056,-0.184814,2.15283,-3.07052,1.90227,0.183458,0.919264,0.0487385
1729727,1,-2.75261,-1.32534,1.01105,-1.94698,1.10108,1.16771,2.20138,-2.75266,-1.32422,1.00895,-1.94565,1.10136,1.16858,2.20139,-0.000327302,-0.000485178,-0.000617827,-0.00603592,-0.000213142,-0.00020347,-0.000298358,0,0,0,0,0,0,0,-0.176685,26.7383,-24.7128,7.49881,0.830705,2.51882,0.0780126,-0.181737,2.15028,-3.07042,1.90556,0.183747,0.91933,0.0488489
1729728,1,-2.75261,-1.32534,1.01106,-1.94698,1.10108,1.16771,2.20138,-2.75266,-1.32422,1.00895,-1.94565,1.10136,1.16858,2.20139,0.000431412,0.00023336,0.000794541,-0.00388955,-0.000142095,-0.000135647,-0.000673623,0,0,0,0,0,0,0,-0.204456,26.7144,-24.7643,7.47104,0.830705,2.51882,0.09083,-0.175358,2.14584,-3.0704,1.91258,0.184306,0.919518,0.0490376
1729729,1,-2.75261,-1.32534,1.01106,-1.94698,1.10108,1.16771,2.20139,-2.75266,-1.32422,1.00895,-1.94565,1.10136,1.16858,2.20139,-0.000362006,0.000155574,0.000529694,-0.00362906,-0.000501631,-9.04312e-05,0.000737713,0,0,0,0,0,0,0,-0.176685,26.7144,-24.7643,7.49881,0.841692,2.51882,0.0587866,-0.167306,2.14116,-3.07147,1.92145,0.184998,0.919841,0.0493241
1729730,1,-2.75261,-1.32534,1.01106,-1.94698,1.10108,1.16771,2.20138,-2.75266,-1.32422,1.00895,-1.94565,1.10136,1.16858,2.20139,0.000408277,0.000103716,0.00035313,-0.00205957,-0.00013097,0.000177071,-0.000457627,0,0,0,0,0,0,0,-0.204456,26.7144,-24.7643,7.47104,0.836199,2.51242,0.0844213,-0.160071,2.13732,-3.07333,1.9294,0.185617,0.9202,0.0496912
1729731,1,-2.75261,-1.32534,1.01106,-1.94698,1.10108,1.16771,2.20139,-2.75266,-1.32422,1.00895,-1.94565,1.10136,1.16858,2.20139,0.000828996,6.91438e-05,-0.000971006,-0.00279683,0.000319588,-0.000119311,-0.000305085,0,0,0,0,0,0,0,-0.22826,26.7144,-24.7128,7.52262,0.825212,2.51882,0.0844213,-0.155546,2.13456,-3.07467,1.93495,0.186057,0.920498,0.0501118
1729732,1,-2.7526,-1.32534,1.01106,-1.94698,1.10108,1.16772,2.20138,-2.75266,-1.32422,1.00895,-1.94565,1.10136,1.16858,2.20139,0.000552664,4.60959e-05,0.0011159,-0.00147076,-0.000193843,0.000395177,-0.00020339,0,0,0,0,0,0,0,-0.22826,26.7144,-24.7881,7.49881,0.836199,2.50601,0.0844213,-0.154282,2.13304,-3.07538,1.93782,0.186298,0.920728,0.0505764
1729733,1,-2.75261,-1.32534,1.01106,-1.94698,1.10108,1.16771,2.20138,-2.75266,-1.32422,1.00895,-1.94565,1.10136,1.16858,2.20139,-0.000837983,3.07306e-05,-0.0010193,-0.000453153,7.42221e-05,2.60924e-05,-0.000135593,0,0,0,0,0,0,0,-0.176685,26.7144,-24.7128,7.47104,0.830705,2.51242,0.0844213,-0.154926,2.13268,-3.07611,1.9385,0.186375,0.920886,0.0510873
1729734,1,-2.75261,-1.32534,1.01106,-1.94698,1.10108,1.16771,2.20139,-2.75266,-1.32422,1.00895,-1.94565,1.10136,1.16858,2.20139,-0.000558655,2.0487e-05,-0.000679536,-0.00104341,4.94814e-05,-0.000457323,0.00133376,0,0,0,0,0,0,0,-0.176685,26.7144,-24.7128,7.49881,0.830705,2.52523,0.0459692,-0.155795,2.13239,-3.07611,1.93783,0.186353,0.920889,0.0516414
1729735,1,-2.75261,-1.32534,1.01106,-1.94698,1.10108,1.16771,2.20138,-2.75266,-1.32422,1.00895,-1.94565,1.10136,1.16858,2.20139,0.000277177,1.3658e-05,0.00131021,-0.000764382,-0.000170463,-6.7523e-05,-0.0010097,0,0,0,0,0,0,0,-0.204456,26.7144,-24.7881,7.49881,0.836199,2.51882,0.0972387,-0.15683,2.13236,-3.07604,1.93638,0.186275,0.920835,0.052219
1729736,1,-2.75261,-1.32534,1.01106,-1.94698,1.10108,1.16771,2.20138,-2.75266,-1.32422,1.00895,-1.94565,1.10136,1.16858,2.20139,-0.000464829,9.10535e-06,-0.00033295,-0.00111798,0.00049671,0.000192344,-0.000198415,0,0,0,0,0,0,0,-0.176685,26.7144,-24.7366,7.52262,0.819719,2.51242,0.0844213,-0.158527,2.13343,-3.0772,1.9343,0.18615,0.920861,0.0527976
1729737,1,-2.75261,-1.32534,1.01105,-1.94699,1.10108,1.16771,2.20139,-2.75266,-1.32422,1.00895,-1.94565,1.10136,1.16858,2.20139,0.000339728,6.07024e-06,-0.000221967,-0.00134082,0.000127689,0.000365588,0.0018005,0,0,0,0,0,0,0,-0.204456,26.7144,-24.7366,7.54642,0.825212,2.50601,0.0322363,-0.160463,2.13465,-3.07845,1.93213,0.186014,0.920904,0.0533816
1729738,1,-2.75261,-1.32534,1.01105,-1.94698,1.10108,1.16771,2.20139,-2.75266,-1.32422,1.00895,-1.94565,1.10136,1.16858,2.20139,-0.000423129,0.000653661,-0.00070479,0.000190733,8.51262e-05,0.000481084,0.00045435,0,0,0,0,0,0,0,-0.176685,26.6867,-24.7128,7.49881,0.825212,2.4996,0.0523779,-0.162622,2.1352,-3.07863,1.9299,0.185853,0.920874,0.0539588
1729739,1,-2.75261,-1.32534,1.01105,-1.94698,1.10108,1.16771,2.20139,-2.75266,-1.32422,1.00895,-1.94565,1.10136,1.16858,2.20139,0.00092434,-0.000770652,8.69521e-05,0.000105395,-0.0001467,-0.000153995,0.0003029,0,0,0,0,0,0,0,-0.22826,26.7383,-24.7366,7.49881,0.830705,2.51242,0.0523779,-0.166065,2.13602,-3.07824,1.92675,0.185597,0.920782,0.0544816
1729740,1,-2.75261,-1.32534,1.01106,-1.94698,1.10108,1.16771,2.20138,-2.75266,-1.32422,1.00895,-1.94565,1.10136,1.16858,2.20139,-0.000590199,-0.00116338,0.000707582,-0.000502869,-0.00030125,-0.00081474,-0.000984861,0,0,0,0,0,0,0,-0.176685,26.766,-24.7643,7.52262,0.836199,2.53164,0.0844213,-0.171088,2.13889,-3.07912,1.92254,0.185263,0.920752,0.0549241
1729741,1,-2.75261,-1.32534,1.01105,-1.94698,1.10108,1.16771,2.20139,-2.75266,-1.32422,1.00895,-1.94565,1.10136,1.16858,2.20139,0.000256148,-0.000125974,-0.000734705,0.000209326,0.000206067,0.000168917,0.00198828,0,0,0,0,0,0,0,-0.204456,26.7383,-24.7128,7.49881,0.825212,2.51242,0.0130102,-0.17622,2.14317,-3.08132,1.91832,0.18494,0.920799,0.0553004
1729742,1,-2.75261,-1.32534,1.01105,-1.94698,1.10108,1.16772,2.20139,-2.75266,-1.32422,1.00895,-1.94565,1.10136,1.16858,2.20139,0.000170765,-0.000733597,-0.000489803,0.0013368,-6.60722e-05,0.000112611,0.000376086,0,0,0,0,0,0,0,-0.204456,26.766,-24.7128,7.44724,0.830705,2.51242,0.038645,-0.181534,2.14725,-3.08286,1.9139,0.184598,0.9208,0.0556145
1729743,1,-2.75261,-1.32534,1.01105,-1.94698,1.10108,1.16771,2.20139,-2.75266,-1.32422,1.00895,-1.94565,1.10136,1.16858,2.20139,-0.00053577,0.00016055,0.000230277,-0.000322113,0.000362853,-0.000162285,0.000250724,0,0,0,0,0,0,0,-0.176685,26.7383,-24.7366,7.49881,0.819719,2.51882,0.038645,-0.186812,2.15079,-3.08364,1.90938,0.184237,0.920752,0.0558402
1729744,1,-2.75261,-1.32534,1.01106,-1.94698,1.10108,1.16772,2.20139,-2.75266,-1.32422,1.00895,-1.94565,1.10136,1.16858,2.20139,0.000292434,0.000107033,0.000803132,-0.000219906,3.84514e-05,0.000129169,-0.000341477,0,0,0,0,0,0,0,-0.204456,26.7383,-24.7643,7.49881,0.825212,2.51242,0.0523779,-0.190322,2.15335,-3.08473,1.90616,0.183954,0.920754,0.0559678
1729745,1,-2.75261,-1.32534,1.01105,-1.94698,1.10108,1.16771,2.20139,-2.75266,-1.32422,1.00895,-1.94565,1.10136,1.16858,2.20139,-0.000454658,7.13553e-05,-0.000671005,-0.000150477,-0.000177816,0.000323472,0.000518334,0,0,0,0,0,0,0,-0.176685,26.7383,-24.7128,7.49881,0.830705,2.50601,0.0322363,-0.19211,2.15476,-3.08594,1.90442,0.183762,0.920803,0.0560106
1729746,1,-2.75261,-1.32534,1.01105,-1.94698,1.10108,1.16771,2.20139,-2.75266,-1.32422,1.00895,-1.94565,1.10136,1.16858,2.20139,0.000346508,0.000604382,0.000109475,-0.000103223,8.49064e-05,-0.00025907,0.000582915,0,0,0,0,0,0,0,-0.204456,26.7144,-24.7366,7.49881,0.825212,2.51882,0.0258276,-0.19293,2.15491,-3.0863,1.90355,0.183621,0.92082,0.0559813
1729747,1,-2.75261,-1.32534,1.01106,-1.94698,1.10108,1.16771,2.20139,-2.75266,-1.32422,1.00895,-1.94565,1.10136,1.16858,2.20139,-0.000418608,0.000402921,0.00127941,-7.09935e-05,-0.000553747,0.000302004,0.000151251,0,0,0,0,0,0,0,-0.176685,26.7144,-24.7881,7.49881,0.841692,2.50601,0.0322363,-0.193045,2.15435,-3.08658,1.90333,0.183513,0.920847,0.0558814
1729748,1,-2.75261,-1.32534,1.01106,-1.94698,1.10108,1.16771,2.20139,-2.75266,-1.32422,1.00895,-1.94565,1.10136,1.16858,2.20139,-0.000279072,-0.000288198,0.000296128,0.000600651,3.77362e-05,-3.60226e-05,0.000338193,0,0,0,0,0,0,0,-0.176685,26.7383,-24.7643,7.47104,0.830705,2.51242,0.0258276,-0.192685,2.15426,-3.088,1.90334,0.183429,0.920934,0.0557046
1729749,1,-2.75261,-1.32534,1.01106,-1.94698,1.10108,1.16771,2.20139,-2.75266,-1.32422,1.00895,-1.94565,1.10136,1.16858,2.20139,0.000463566,0.00036468,-0.000452195,-0.000250405,-0.000381744,-2.40151e-05,-0.000757882,0,0,0,0,0,0,0,-0.204456,26.7144,-24.7366,7.49881,0.841692,2.51242,0.0523779,-0.192664,2.15463,-3.08953,1.90307,0.18335,0.921013,0.0554507
1729750,1,-2.75261,-1.32534,1.01106,-1.94698,1.10108,1.16772,2.20139,-2.75266,-1.32422,1.00895,-1.94565,1.10136,1.16858,2.20139,0.000309044,-0.000963306,0.00034815,-0.000167856,0.000355856,-0.000253369,0.000715448,0,0,0,0,0,0,0,-0.204456,26.766,-24.7643,7.49881,0.825212,2.51882,0.0194189,-0.193702,2.15532,-3.09048,1.90239,0.183272,0.921068,0.0551347
1729751,1,-2.75261,-1.32534,1.01105,-1.94698,1.10108,1.16771,2.20139,-2.75266,-1.32422,1.00895,-1.94565,1.10136,1.16858,2.20139,-0.000443585,7.4101e-06,-0.000974326,-0.000669405,0.000237237,6.84463e-05,-0.000506379,0,0,0,0,0,0,0,-0.176685,26.7383,-24.7128,7.52262,0.825212,2.51242,0.0459692,-0.194961,2.15626,-3.09116,1.90182,0.183239,0.921117,0.0547771
1729752,1,-2.75261,-1.32534,1.01106,-1.94698,1.10108,1.16771,2.20139,-2.75266,-1.32422,1.00895,-1.94565,1.10136,1.16858,2.20139,0.000910703,0.00121137,0.000556875,0.000110025,-0.000248743,-0.000191728,-6.63184e-05,0,0,0,0,0,0,0,-0.22826,26.6867,-24.7643,7.49881,0.836199,2.51882,0.038645,-0.195591,2.15623,-3.09106,1.90182,0.183249,0.921129,0.05439
1729753,1,-2.75261,-1.32534,1.01106,-1.94699,1.10108,1.16771,2.20139,-2.75266,-1.32422,1.00895,-1.94565,1.10136,1.16858,2.20139,5.03232e-05,-0.000398849,0.00037125,-0.00104066,3.76219e-05,0.00010954,-0.00031548,0,0,0,0,0,0,0,-0.204456,26.7383,-24.7643,7.54642,0.830705,2.51242,0.0459692,-0.196036,2.15544,-3.0908,1.90221,0.18327,0.921164,0.0539884
1729754,1,-2.75261,-1.32534,1.01106,-1.94698,1.10108,1.16771,2.20139,-2.75266,-1.32422,1.00895,-1.94565,1.10136,1.16858,2.20139,-0.00117288,0.000940527,-0.000958926,0.00162598,2.50813e-05,0.000310386,0.000298307,0,0,0,0,0,0,0,-0.152882,26.6867,-24.7128,7.44724,0.830705,2.50601,0.0322363,-0.195854,2.15438,-3.09064,1.90282,0.183306,0.921186,0.0535862
1729755,1,-2.75261,-1.32534,1.01106,-1.94698,1.10108,1.16771,2.20139,-2.75266,-1.32422,1.00895,-1.94565,1.10136,1.16858,2.20139,-0.000225106,-2.25961e-05,-8.24719e-05,-0.000679466,0.000220171,-0.000267794,0.00043623,0,0,0,0,0,0,0,-0.176685,26.7144,-24.7366,7.52262,0.825212,2.51882,0.0258276,-0.194429,2.15241,-3.08969,1.90368,0.18336,0.921096,0.053189
1729756,1,-2.75261,-1.32534,1.01106,-1.94698,1.10108,1.16771,2.20139,-2.75266,-1.32422,1.00895,-1.94565,1.10136,1.16858,2.20139,0.00161317,-0.000571876,-0.000611793,0.0013101,-5.66696e-05,5.88296e-05,5.3461e-05,0,0,0,0,0,0,0,-0.252064,26.7383,-24.7128,7.44724,0.830705,2.51242,0.0322363,-0.194303,2.1512,-3.0886,1.90363,0.183354,0.920993,0.0527872
1729757,1,-2.75261,-1.32534,1.01106,-1.94698,1.10108,1.16772,2.20138,-2.75266,-1.32422,1.00895,-1.94565,1.10136,1.16858,2.20139,-0.000687793,0.000175561,-0.000407862,-0.000889963,-3.77797e-05,3.92197e-05,-0.00118506,0,0,0,0,0,0,0,-0.176685,26.7144,-24.7128,7.52262,0.830705,2.51242,0.0651953,-0.196532,2.15157,-3.08782,1.90233,0.183266,0.920942,0.0523691
1729758,1,-2.75261,-1.32534,1.01106,-1.94698,1.10108,1.16771,2.20139,-2.75266,-1.32422,1.00895,-1.94565,1.10136,1.16858,2.20139,-0.000458529,-0.000439771,0.000934518,-0.0005934,0.000178264,-0.000448571,-7.79648e-05,0,0,0,0,0,0,0,-0.176685,26.7383,-24.7643,7.52262,0.825212,2.52523,0.0459692,-0.197526,2.152,-3.08784,1.90196,0.183257,0.920952,0.0519553
1729759,1,-2.75261,-1.32534,1.01105,-1.94698,1.10108,1.16771,2.20139,-2.75266,-1.32422,1.00895,-1.94565,1.10136,1.16858,2.20139,-0.000305686,0.000263631,-0.000583414,0.000161143,-8.46078e-05,0.00017567,-5.19765e-05,0,0,0,0,0,0,0,-0.176685,26.7144,-24.7128,7.49881,0.830705,2.51242,0.0459692,-0.196337,2.15214,-3.08894,1.90299,0.183353,0.921032,0.0515767
1729760,1,-2.75261,-1.32534,1.01106,-1.94698,1.10108,1.16771,2.20139,-2.75266,-1.32422,1.00895,-1.94565,1.10136,1.16858,2.20139,0.000445823,-0.000381058,0.000167869,0.000107377,-5.64052e-05,-0.000357604,0.000711334,0,0,0,0,0,0,0,-0.204456,26.7383,-24.7366,7.49881,0.830705,2.52523,0.0258276,-0.195354,2.1524,-3.09006,1.90383,0.183427,0.921123,0.0512391
1729761,1,-2.75261,-1.32534,1.01106,-1.94698,1.10108,1.16771,2.20138,-2.75266,-1.32422,1.00895,-1.94565,1.10136,1.16858,2.20139,0.000297216,0.000952387,0.00131834,0.00072116,0.000165847,-1.04397e-06,-0.00169592,0,0,0,0,0,0,0,-0.204456,26.6867,-24.7881,7.47104,0.825212,2.51882,0.0844213,-0.195692,2.15322,-3.09143,1.9038,0.183417,0.921255,0.0509306
1729762,1,-2.75261,-1.32534,1.01106,-1.94698,1.10108,1.16771,2.20139,-2.75266,-1.32422,1.00895,-1.94565,1.10136,1.16858,2.20139,-0.00045147,-1.4689e-05,-0.000884345,0.00103756,0.000110565,-6.95978e-07,5.6184e-05,0,0,0,0,0,0,0,-0.176685,26.7144,-24.7128,7.44724,0.825212,2.51882,0.0523779,-0.196738,2.15415,-3.09298,1.90309,0.18333,0.921413,0.050653
1729763,1,-2.75261,-1.32534,1.01106,-1.94698,1.10108,1.16771,2.20139,-2.75266,-1.32422,1.00895,-1.94565,1.10136,1.16858,2.20139,0.000905446,-9.79269e-06,-0.000589564,0.00013487,0.00027716,0.000236895,-0.000199903,0,0,0,0,0,0,0,-0.22826,26.7144,-24.7128,7.47104,0.819719,2.51242,0.0587866,-0.198232,2.15454,-3.09335,1.90187,0.183198,0.921493,0.0504275
1729764,1,-2.75261,-1.32534,1.01106,-1.94698,1.10108,1.16771,2.20139,-2.75266,-1.32422,1.00895,-1.94565,1.10136,1.16858,2.20139,4.68186e-05,-0.00056334,0.000813384,-0.00111653,-0.000222127,-7.9429e-05,0.00132479,0,0,0,0,0,0,0,-0.204456,26.7383,-24.7643,7.52262,0.830705,2.51882,0.0194189,-0.200091,2.15506,-3.09332,1.90072,0.183082,0.921578,0.0502641
1729765,1,-2.75261,-1.32534,1.01106,-1.94698,1.10108,1.16771,2.20138,-2.75266,-1.32422,1.00895,-1.94565,1.10136,1.16858,2.20139,3.12124e-05,-0.00037556,-0.00066417,-0.000744365,-0.000148085,0.000184406,-0.00199902,0,0,0,0,0,0,0,-0.204456,26.7383,-24.7128,7.52262,0.830705,2.51242,0.0972387,-0.201016,2.15587,-3.0941,1.90063,0.183062,0.921748,0.0501444
1729766,1,-2.75261,-1.32534,1.01106,-1.94698,1.10108,1.16771,2.20139,-2.75266,-1.32422,1.00895,-1.94565,1.10136,1.16858,2.20139,-0.00183523,0.000306438,0.000763646,0.000710173,0.000104727,0.000122938,9.14736e-05,0,0,0,0,0,0,0,-0.125111,26.7144,-24.7643,7.47104,0.825212,2.51242,0.0587866,-0.199764,2.15602,-3.09518,1.9018,0.183139,0.921911,0.0500581
1729767,1,-2.75261,-1.32534,1.01105,-1.94698,1.10108,1.16771,2.20139,-2.75266,-1.32422,1.00895,-1.94565,1.10136,1.16858,2.20139,-1.70618e-05,0.000204292,-0.00125414,-0.000732984,-0.000337083,8.19584e-05,6.09824e-05,0,0,0,0,0,0,0,-0.176685,26.7144,-24.689,7.52262,0.836199,2.51242,0.0587866,-0.196376,2.15477,-3.09571,1.90386,0.18327,0.921986,0.0500277
1729768,1,-2.75261,-1.32534,1.01106,-1.94698,1.10108,1.16771,2.20139,-2.75266,-1.32422,1.00895,-1.94565,1.10136,1.16858,2.20139,0.000638239,0.000136195,-0.000279282,-0.000488661,-0.000224722,-0.000657438,4.06549e-05,0,0,0,0,0,0,0,-0.204456,26.7144,-24.7128,7.52262,0.836199,2.53164,0.0587866,-0.193139,2.15258,-3.09501,1.906,0.183398,0.921995,0.0500595
1729769,1,-2.75261,-1.32534,1.01106,-1.94698,1.10108,1.16771,2.20138,-2.75266,-1.32422,1.00895,-1.94565,1.10136,1.16858,2.20139,0.000425493,0.000740411,0.00102024,0.000880648,5.36359e-05,3.64259e-05,-0.000922332,0,0,0,0,0,0,0,-0.204456,26.6867,-24.7643,7.47104,0.830705,2.51882,0.0844213,-0.192086,2.15093,-3.0941,1.90711,0.183441,0.922045,0.0501376
1729770,1,-2.75261,-1.32534,1.01105,-1.94698,1.10108,1.16771,2.20138,-2.75266,-1.32422,1.00895,-1.94565,1.10136,1.16858,2.20139,-0.000365952,-0.00136243,-0.000526267,-6.25182e-05,3.57573e-05,0.000261643,-0.000614888,0,0,0,0,0,0,0,-0.176685,26.766,-24.7128,7.49881,0.830705,2.51242,0.0844213,-0.192763,2.15088,-3.09431,1.90694,0.183398,0.922173,0.0502603
1729771,1,-2.75261,-1.32534,1.01106,-1.94698,1.10108,1.16771,2.20139,-2.75266,-1.32422,1.00895,-1.94565,1.10136,1.16858,2.20139,-0.000243968,0.000298137,0.000855581,-0.000598493,2.38382e-05,0.000174429,0.00053951,0,0,0,0,0,0,0,-0.176685,26.7144,-24.7643,7.52262,0.830705,2.51242,0.0587866,-0.193404,2.15196,-3.09548,1.90659,0.183373,0.92234,0.0504439
1729772,1,-2.75261,-1.32534,1.01106,-1.94698,1.10108,1.16771,2.20138,-2.75266,-1.32422,1.00895,-1.94565,1.10136,1.16858,2.20139,0.000486969,0.000848372,0.000570387,-0.000398997,1.58921e-05,0.000353645,-0.000589762,0,0,0,0,0,0,0,-0.204456,26.6867,-24.7643,7.52262,0.830705,2.50601,0.0844213,-0.193082,2.15271,-3.09708,1.90701,0.183413,0.922538,0.0506979
1729773,1,-2.75261,-1.32534,1.01106,-1.94698,1.10108,1.16771,2.20138,-2.75266,-1.32422,1.00895,-1.94565,1.10136,1.16858,2.20139,0.000881458,-8.40325e-05,0.000380258,0.000290813,-0.000192856,-1.59583e-06,8.1543e-05,0,0,0,0,0,0,0,-0.22826,26.7144,-24.7643,7.49881,0.836199,2.51242,0.071604,-0.193236,2.15303,-3.0986,1.90739,0.183433,0.922749,0.0510087
1729774,1,-2.75261,-1.32534,1.01106,-1.94699,1.10108,1.16771,2.20138,-2.75266,-1.32422,1.00895,-1.94565,1.10136,1.16858,2.20139,-0.000618787,0.000593592,0.000253506,-0.00091975,7.488e-05,-0.000238423,-0.000182997,0,0,0,0,0,0,0,-0.176685,26.6867,-24.7643,7.54642,0.830705,2.51882,0.0780126,-0.193957,2.15323,-3.09985,1.90756,0.183435,0.922933,0.0513675
1729775,1,-2.75261,-1.32534,1.01105,-1.94698,1.10108,1.16771,2.20138,-2.75266,-1.32422,1.00895,-1.94565,1.10136,1.16858,2.20139,-0.000412525,-0.000810698,-0.00159423,0.000500457,-0.000356981,7.84104e-05,-0.000596716,0,0,0,0,0,0,0,-0.176685,26.7383,-24.689,7.49881,0.841692,2.51242,0.09083,-0.193608,2.15259,-3.10017,1.90829,0.183497,0.923012,0.051769
1729776,1,-2.75261,-1.32534,1.01105,-1.94698,1.10108,1.16771,2.20138,-2.75266,-1.32422,1.00895,-1.94565,1.10136,1.16858,2.20139,-0.000831829,-0.000540465,-0.00171244,0.000333637,-3.45368e-05,5.22736e-05,-0.000160452,0,0,0,0,0,0,0,-0.152882,26.7383,-24.6612,7.49881,0.836199,2.51242,0.0844213,-0.192688,2.15125,-3.09865,1.90901,0.183592,0.922904,0.0522068
1729777,1,-2.75261,-1.32534,1.01105,-1.94698,1.10108,1.16771,2.20139,-2.75266,-1.32422,1.00895,-1.94565,1.10136,1.16858,2.20139,2.25956e-06,0.000196502,-0.00114162,0.000222425,-2.30246e-05,-0.00020251,0.000842468,0,0,0,0,0,0,0,-0.176685,26.7144,-24.6612,7.49881,0.836199,2.51882,0.0587866,-0.191988,2.14951,-3.0955,1.90928,0.183681,0.922651,0.0526876
1729778,1,-2.75261,-1.32534,1.01106,-1.94698,1.10108,1.16771,2.20139,-2.75266,-1.32422,1.00895,-1.94565,1.10136,1.16858,2.20139,0.00065112,0.000131001,0.00165177,0.000148283,0.000595002,0.000102352,0.000561645,0,0,0,0,0,0,0,-0.204456,26.7144,-24.7643,7.49881,0.819719,2.51242,0.0587866,-0.192035,2.14826,-3.09289,1.90914,0.183739,0.922456,0.0532061
1729779,1,-2.75261,-1.32534,1.01106,-1.94699,1.10108,1.16771,2.20138,-2.75266,-1.32422,1.00895,-1.94565,1.10136,1.16858,2.20139,-0.000215534,8.73342e-05,0.00110118,-0.00101477,0.000193217,0.000305594,-0.000337647,0,0,0,0,0,0,0,-0.176685,26.7144,-24.7643,7.54642,0.825212,2.50601,0.0780126,-0.192589,2.14861,-3.09313,1.90896,0.183781,0.922493,0.0537333
1729780,1,-2.75261,-1.32534,1.01106,-1.94698,1.10108,1.16771,2.20138,-2.75266,-1.32422,1.00895,-1.94565,1.10136,1.16858,2.20139,-0.000143689,-0.0011482,-0.000472306,0.000437111,-0.000278089,-3.36297e-05,1.22612e-05,0,0,0,0,0,0,0,-0.176685,26.766,-24.7128,7.49881,0.836199,2.51242,0.071604,-0.192736,2.15012,-3.09539,1.90919,0.183851,0.922669,0.0542441
1729781,1,-2.75261,-1.32534,1.01105,-1.94698,1.10108,1.16771,2.20139,-2.75266,-1.32422,1.00895,-1.94565,1.10136,1.16858,2.20139,0.000553821,-0.000765469,0.000241941,0.000941021,-0.000185393,-2.24198e-05,0.00095761,0,0,0,0,0,0,0,-0.204456,26.766,-24.7366,7.47104,0.836199,2.51242,0.0459692,-0.193857,2.1528,-3.09781,1.90864,0.183871,0.922822,0.0547312
1729782,1,-2.75261,-1.32534,1.01105,-1.94698,1.10108,1.16771,2.20139,-2.75266,-1.32422,1.00895,-1.94565,1.10136,1.16858,2.20139,0.000926026,0.000696113,-0.00095233,-2.22666e-05,7.98552e-05,0.000222412,-0.000311029,0,0,0,0,0,0,0,-0.22826,26.7144,-24.689,7.49881,0.830705,2.50601,0.071604,-0.196863,2.15582,-3.0992,1.90682,0.183791,0.922902,0.0551879
1729783,1,-2.75261,-1.32534,1.01105,-1.94698,1.10108,1.16771,2.20139,-2.75266,-1.32422,1.00895,-1.94565,1.10136,1.16858,2.20139,6.05388e-05,0.000464076,0.000478737,-1.48444e-05,0.000460138,-8.9084e-05,0.000742083,0,0,0,0,0,0,0,-0.204456,26.7144,-24.7366,7.49881,0.819719,2.51242,0.0459692,-0.19994,2.15718,-3.09898,1.90521,0.183697,0.922903,0.0556061
1729784,1,-2.75261,-1.32534,1.01106,-1.94698,1.10108,1.16771,2.20138,-2.75266,-1.32422,1.00895,-1.94565,1.10136,1.16858,2.20139,4.03592e-05,-0.000247428,0.000968772,0.000639718,-0.000303593,-5.93893e-05,-0.000929432,0,0,0,0,0,0,0,-0.204456,26.7383,-24.7643,7.47104,0.836199,2.51242,0.0844213,-0.201768,2.15758,-3.09884,1.90441,0.18364,0.922906,0.0559824
1729785,1,-2.75261,-1.32534,1.01105,-1.94698,1.10108,1.16771,2.20139,-2.75266,-1.32422,1.00895,-1.94565,1.10136,1.16858,2.20139,-0.00117952,0.00039186,-0.001767,-0.000223136,0.000204506,0.000197766,0.0010758,0,0,0,0,0,0,0,-0.152882,26.7144,-24.6612,7.49881,0.825212,2.50601,0.038645,-0.201792,2.1574,-3.09892,1.90446,0.183644,0.922881,0.0563181
1729786,1,-2.75261,-1.32534,1.01105,-1.94698,1.10108,1.16771,2.20139,-2.75266,-1.32422,1.00895,-1.94565,1.10136,1.16858,2.20139,-0.000229535,0.00026124,2.84234e-05,-0.000705569,0.000136337,-0.000105515,-2.87853e-05,0,0,0,0,0,0,0,-0.176685,26.7144,-24.7128,7.52262,0.825212,2.51242,0.0587866,-0.19933,2.15523,-3.09755,1.90599,0.183758,0.922731,0.0566195
1729787,1,-2.75261,-1.32534,1.01105,-1.94698,1.10108,1.16771,2.20139,-2.75266,-1.32422,1.00895,-1.94565,1.10136,1.16858,2.20139,-0.000153023,0.00017416,0.000575761,8.64326e-05,-0.000112559,-0.000307702,0.000455528,0,0,0,0,0,0,0,-0.176685,26.7144,-24.7366,7.49881,0.830705,2.51882,0.0459692,-0.195712,2.15235,-3.09602,1.90839,0.18393,0.922576,0.0568795
1729788,1,-2.75261,-1.32534,1.01105,-1.94699,1.10108,1.16771,2.20138,-2.75266,-1.32422,1.00895,-1.94565,1.10136,1.16858,2.20139,-0.000102015,0.00132253,-0.000172971,-0.001056,0.000128411,0.000269583,-0.000645751,0,0,0,0,0,0,0,-0.176685,26.6629,-24.7128,7.54642,0.825212,2.50601,0.071604,-0.192153,2.14968,-3.09523,1.91095,0.184094,0.922496,0.0570897
1729789,1,-2.75261,-1.32534,1.01106,-1.94698,1.10108,1.16771,2.20139,-2.75266,-1.32422,1.00895,-1.94565,1.10136,1.16858,2.20139,0.000581604,-0.000324738,0.00109111,0.00105924,8.56074e-05,0.000417081,0.00102756,0,0,0,0,0,0,0,-0.204456,26.7144,-24.7643,7.47104,0.825212,2.4996,0.0322363,-0.189457,2.14739,-3.09485,1.91306,0.184201,0.922462,0.0572536
1729790,1,-2.75261,-1.32534,1.01105,-1.94698,1.10108,1.16771,2.20139,-2.75266,-1.32422,1.00895,-1.94565,1.10136,1.16858,2.20139,0.000387736,-0.000216492,-0.000479018,5.65436e-05,0.000260522,4.06951e-05,0.0009224,0,0,0,0,0,0,0,-0.204456,26.7144,-24.7128,7.49881,0.819719,2.50601,0.0258276,-0.18933,2.14712,-3.0953,1.91341,0.184173,0.922465,0.0573703
1729791,1,-2.75261,-1.32534,1.01105,-1.94698,1.10108,1.16771,2.20139,-2.75266,-1.32422,1.00895,-1.94565,1.10136,1.16858,2.20139,0.000815302,-0.00070114,-0.000319345,0.00068731,-0.00043667,-0.000447588,-0.00060577,0,0,0,0,0,0,0,-0.22826,26.7383,-24.7128,7.47104,0.836199,2.51882,0.0587866,-0.191828,2.14875,-3.09592,1.91199,0.18402,0.922455,0.0574196
1729792,1,-2.75261,-1.32534,1.01106,-1.94698,1.10108,1.16771,2.20139,-2.75266,-1.32422,1.00895,-1.94565,1.10136,1.16858,2.20139,-0.000662891,0.000738999,-0.000212897,-0.000191407,-0.000291113,-0.000298392,0.000816857,0,0,0,0,0,0,0,-0.176685,26.6867,-24.7128,7.49881,0.836199,2.51882,0.0258276,-0.194777,2.15042,-3.09595,1.91026,0.183848,0.922397,0.0573938
1729793,1,-2.75261,-1.32534,1.01105,-1.94698,1.10108,1.16771,2.20139,-2.75266,-1.32422,1.00895,-1.94565,1.10136,1.16858,2.20139,0.000764499,-0.00071376,-0.000141931,-0.000127605,9.3749e-06,3.8431e-05,6.98532e-05,0,0,0,0,0,0,0,-0.22826,26.7383,-24.7128,7.49881,0.830705,2.51242,0.038645,-0.19651,2.1512,-3.09562,1.90932,0.18374,0.922319,0.0573057
1729794,1,-2.75261,-1.32534,1.01105,-1.94698,1.10108,1.16771,2.20139,-2.75266,-1.32422,1.00895,-1.94565,1.10136,1.16858,2.20139,-4.71462e-05,8.09722e-05,-0.000651433,-8.507e-05,0.00065051,-0.000211738,0.000758646,0,0,0,0,0,0,0,-0.204456,26.7144,-24.689,7.49881,0.81331,2.51882,0.0194189,-0.197801,2.15169,-3.09512,1.90877,0.183675,0.922248,0.0571545
1729795,1,-2.75261,-1.32534,1.01105,-1.94698,1.10108,1.16771,2.20139,-2.75266,-1.32422,1.00895,-1.94565,1.10136,1.16858,2.20139,-0.000681045,5.39815e-05,-0.000434289,-0.000613525,-7.13618e-06,-0.000141159,3.10459e-05,0,0,0,0,0,0,0,-0.176685,26.7144,-24.689,7.52262,0.825212,2.51882,0.0322363,-0.198139,2.15148,-3.09418,1.90886,0.183659,0.922163,0.0569353
1729796,1,-2.75261,-1.32534,1.01105,-1.94698,1.10108,1.16771,2.20139,-2.75266,-1.32422,1.00895,-1.94565,1.10136,1.16858,2.20139,-0.00045403,3.59876e-05,0.000824098,0.000797409,-0.000208208,0.000380612,-0.000487929,0,0,0,0,0,0,0,-0.176685,26.7144,-24.7366,7.47104,0.830705,2.50601,0.0459692,-0.196636,2.15047,-3.09342,1.9099,0.1837,0.922085,0.0566471
1729797,1,-2.75261,-1.32534,1.01105,-1.94698,1.10108,1.16771,2.20139,-2.75266,-1.32422,1.00895,-1.94565,1.10136,1.16858,2.20139,-0.000302687,2.39918e-05,-0.000564225,-0.00067482,6.46452e-05,0.000253741,0.000658058,0,0,0,0,0,0,0,-0.176685,26.7144,-24.689,7.52262,0.825212,2.50601,0.0194189,-0.194397,2.14958,-3.09339,1.91115,0.183744,0.922044,0.0562999
1729798,1,-2.75261,-1.32534,1.01105,-1.94698,1.10108,1.16771,2.20139,-2.75266,-1.32422,1.00895,-1.94565,1.10136,1.16858,2.20139,-0.000758603,-0.000540817,0.000737474,-0.00044988,-0.000363804,0.000169161,-0.00101936,0,0,0,0,0,0,0,-0.152882,26.7383,-24.7366,7.52262,0.836199,2.50601,0.0587866,-0.191676,2.14885,-3.09379,1.91274,0.183813,0.922033,0.0559105
1729799,1,-2.75261,-1.32534,1.01105,-1.94698,1.10108,1.16772,2.20139,-2.75266,-1.32422,1.00895,-1.94565,1.10136,1.16858,2.20139,0.000700691,-0.00101016,-0.000621975,0.000256892,-0.000242536,0.000587492,-0.000204853,0,0,0,0,0,0,0,-0.204456,26.766,-24.689,7.49881,0.836199,2.49319,0.0459692,-0.189575,2.14912,-3.09473,1.91403,0.183879,0.922052,0.0554898
1729800,1,-2.75261,-1.32534,1.01105,-1.94698,1.10108,1.16771,2.20139,-2.75266,-1.32422,1.00895,-1.94565,1.10136,1.16858,2.20139,-0.000182487,-0.000673439,0.000698974,0.000820875,-0.000161691,-8.30567e-05,-0.000611287,0,0,0,0,0,0,0,-0.176685,26.766,-24.7366,7.47104,0.836199,2.50601,0.0587866,-0.189907,2.15124,-3.09608,1.91371,0.183847,0.92208,0.0550608
1729801,1,-2.75261,-1.32534,1.01105,-1.94698,1.10108,1.16771,2.20138,-2.75266,-1.32422,1.00895,-1.94565,1.10136,1.16858,2.20139,-0.000121658,0.000757466,0.000465983,-0.000102364,0.000299107,-0.00029273,-0.00183168,0,0,0,0,0,0,0,-0.176685,26.7144,-24.7366,7.49881,0.825212,2.51242,0.0972387,-0.19128,2.15387,-3.09764,1.9126,0.183756,0.922099,0.0546576
1729802,1,-2.75261,-1.32534,1.01105,-1.94698,1.10108,1.16771,2.20139,-2.75266,-1.32422,1.00895,-1.94565,1.10136,1.16858,2.20139,-8.11053e-05,0.000504978,-0.000246157,0.00113818,0.000402855,-0.000195153,-0.000271683,0,0,0,0,0,0,0,-0.176685,26.7144,-24.7128,7.44724,0.819719,2.51242,0.071604,-0.191972,2.15506,-3.09852,1.91182,0.183668,0.92207,0.0543218
1729803,1,-2.75261,-1.32534,1.01105,-1.94698,1.10108,1.16771,2.20138,-2.75266,-1.32422,1.00895,-1.94565,1.10136,1.16858,2.20139,-0.000610882,-0.000869774,-0.00137053,-0.00100445,6.51197e-05,-0.000367461,-0.000893199,0,0,0,0,0,0,0,-0.152882,26.766,-24.6612,7.52262,0.825212,2.51882,0.09083,-0.191969,2.15468,-3.09781,1.91146,0.183603,0.921937,0.0540906
1729804,1,-2.75261,-1.32534,1.01105,-1.94698,1.10108,1.16771,2.20138,-2.75266,-1.32422,1.00895,-1.94565,1.10136,1.16858,2.20139,0.000149557,-0.000579849,0.000849551,-0.000669633,-0.000363488,0.000229744,0.00035397,0,0,0,0,0,0,0,-0.176685,26.766,-24.7366,7.52262,0.836199,2.50601,0.0651953,-0.19118,2.15408,-3.09662,1.91185,0.183617,0.921785,0.0539793
1729805,1,-2.75261,-1.32534,1.01105,-1.94698,1.10108,1.16771,2.20138,-2.75266,-1.32422,1.00895,-1.94565,1.10136,1.16858,2.20139,0.000749319,0.00081986,9.55531e-06,0.00131682,-0.000242325,-8.41964e-05,-0.000950815,0,0,0,0,0,0,0,-0.204456,26.7144,-24.7128,7.44724,0.836199,2.51242,0.0972387,-0.190921,2.15424,-3.09612,1.9121,0.183627,0.92171,0.0539848
1729806,1,-2.75261,-1.32534,1.01105,-1.94698,1.10108,1.16771,2.20138,-2.75266,-1.32422,1.00895,-1.94565,1.10136,1.16858,2.20139,0.000499546,0.000546573,6.37021e-06,0.000321065,0.000245351,0.000181228,0.000552918,0,0,0,0,0,0,0,-0.204456,26.7144,-24.7128,7.47104,0.825212,2.50601,0.0651953,-0.1924,2.15458,-3.09546,1.91117,0.183523,0.921647,0.0540972
1729807,1,-2.75261,-1.32534,1.01105,-1.94698,1.10108,1.16771,2.20138,-2.75266,-1.32422,1.00895,-1.94565,1.10136,1.16858,2.20139,0.000333031,0.001014,4.24681e-06,-0.000992382,-3.98833e-05,0.000120819,-0.000580824,0,0,0,0,0,0,0,-0.204456,26.6867,-24.7128,7.52262,0.830705,2.50601,0.09083,-0.194015,2.15389,-3.094,1.91025,0.183406,0.921559,0.0543084
1729808,1,-2.75261,-1.32534,1.01106,-1.94698,1.10108,1.16771,2.20139,-2.75266,-1.32422,1.00895,-1.94565,1.10136,1.16858,2.20139,-0.000427594,-0.000530429,0.00120926,-0.000661588,0.000176862,-0.000394172,0.000799579,0,0,0,0,0,0,0,-0.176685,26.7383,-24.7643,7.52262,0.825212,2.51882,0.0587866,-0.193913,2.15252,-3.09304,1.9107,0.183402,0.921517,0.0546051
1729809,1,-2.75261,-1.32534,1.01106,-1.94699,1.10108,1.16771,2.20138,-2.75266,-1.32422,1.00895,-1.94565,1.10136,1.16858,2.20139,0.000364552,0.000203193,0.000156557,-0.000997871,-0.000492444,-2.54225e-05,-0.000891101,0,0,0,0,0,0,0,-0.204456,26.7144,-24.7366,7.54642,0.841692,2.51242,0.0972387,-0.192406,2.15177,-3.09361,1.9122,0.183502,0.921569,0.0549647
1729810,1,-2.75261,-1.32534,1.01106,-1.94698,1.10108,1.16771,2.20138,-2.75266,-1.32422,1.00895,-1.94565,1.10136,1.16858,2.20139,0.000243034,-0.00107096,-0.00045244,0.0016548,7.86052e-05,-1.69483e-05,-0.000119349,0,0,0,0,0,0,0,-0.204456,26.766,-24.7128,7.44724,0.830705,2.51242,0.0844213,-0.191737,2.15222,-3.09463,1.91304,0.183577,0.921629,0.0553641
1729811,1,-2.75261,-1.32534,1.01106,-1.94698,1.10108,1.16771,2.20138,-2.75266,-1.32422,1.00895,-1.94565,1.10136,1.16858,2.20139,-0.00169402,-6.4362e-05,0.000255185,0.00054639,5.24035e-05,-1.12989e-05,-7.95663e-05,0,0,0,0,0,0,0,-0.125111,26.7383,-24.7366,7.47104,0.830705,2.51242,0.0844213,-0.192109,2.15362,-3.09532,1.91251,0.183571,0.921603,0.0558014
1729812,1,-2.75261,-1.32534,1.01105,-1.94698,1.10108,1.16771,2.20138,-2.75266,-1.32422,1.00895,-1.94565,1.10136,1.16858,2.20139,7.70813e-05,0.000513904,-0.000386689,0.00036426,0.000441837,0.000229826,0.000184315,0,0,0,0,0,0,0,-0.176685,26.7144,-24.7128,7.47104,0.819719,2.50601,0.0780126,-0.191357,2.1544,-3.09557,1.91204,0.183575,0.921492,0.0562848
1729813,1,-2.75261,-1.32534,1.01105,-1.94698,1.10108,1.16771,2.20138,-2.75266,-1.32422,1.00895,-1.94565,1.10136,1.16858,2.20139,-0.000505424,-0.000214209,-0.000257792,0.000799652,-0.000112343,0.000153218,-0.000114482,0,0,0,0,0,0,0,-0.152882,26.7383,-24.7128,7.44724,0.830705,2.50601,0.0844213,-0.190002,2.15403,-3.09492,1.91183,0.183586,0.921324,0.056805
1729814,1,-2.75261,-1.32534,1.01106,-1.94698,1.10108,1.16771,2.20138,-2.75266,-1.32422,1.00895,-1.94565,1.10136,1.16858,2.20139,0.000869476,0.000414006,0.00038495,0.00507106,-7.48955e-05,0.000102145,-0.00055104,0,0,0,0,0,0,0,-0.204456,26.7144,-24.7366,7.52262,0.830705,2.50601,0.0972387,-0.191198,2.15456,-3.09393,1.90951,0.183424,0.921119,0.0573434
1729815,1,-2.75261,-1.32534,1.01105,-1.94698,1.10108,1.16771,2.20138,-2.75266,-1.32422,1.00895,-1.94565,1.10136,1.16858,2.20139,0.000579651,0.000276004,-0.00085699,0.00446262,0.00059433,-0.000406621,0.000819435,0,0,0,0,0,0,0,-0.204456,26.7144,-24.689,7.49881,0.81331,2.51882,0.0651953,-0.197376,2.15728,-3.09274,1.90296,0.182917,0.920855,0.0578939
1729816,1,-2.75261,-1.32534,1.01105,-1.94698,1.10108,1.16771,2.20138,-2.75266,-1.32422,1.00895,-1.94565,1.10136,1.16858,2.20139,-0.000819992,-0.000372809,-1.45149e-05,0.0033689,-4.45897e-05,0.000203637,0.000308931,0,0,0,0,0,0,0,-0.152882,26.7383,-24.7128,7.49881,0.825212,2.50601,0.071604,-0.206162,2.16107,-3.09114,1.89406,0.182212,0.920526,0.0584565
1729817,1,-2.75261,-1.32534,1.01105,-1.94698,1.10108,1.16771,2.20139,-2.75266,-1.32422,1.00895,-1.94565,1.10136,1.16858,2.20139,0.000659765,0.000308272,-9.67662e-06,0.0025413,-0.000233177,-0.00033896,0.000680672,0,0,0,0,0,0,0,-0.204456,26.7144,-24.7128,7.49881,0.830705,2.51882,0.0587866,-0.213715,2.16464,-3.08986,1.88611,0.181572,0.920221,0.0590158
1729818,1,-2.75261,-1.32534,1.01105,-1.94698,1.10108,1.16771,2.20139,-2.75266,-1.32422,1.00895,-1.94565,1.10136,1.16858,2.20139,0.000439843,-0.000351297,-6.45108e-06,0.00256534,0.00025145,-0.000225973,0.000453781,0,0,0,0,0,0,0,-0.204456,26.7383,-24.7128,7.47104,0.819719,2.51882,0.0587866,-0.219974,2.16787,-3.08921,1.8798,0.181047,0.92002,0.0595482
1729819,1,-2.75261,-1.32534,1.01105,-1.94698,1.10108,1.16771,2.20138,-2.75266,-1.32422,1.00895,-1.94565,1.10136,1.16858,2.20139,0.000850041,-0.000234198,-0.000561113,0.00122676,-0.000442718,8.67101e-05,-0.000646915,0,0,0,0,0,0,0,-0.22826,26.7383,-24.689,7.49881,0.836199,2.51242,0.0844213,-0.225449,2.17076,-3.08879,1.87504,0.180639,0.919924,0.0600319
1729820,1,-2.75261,-1.32534,1.01105,-1.94698,1.10108,1.16771,2.20138,-2.75266,-1.32422,1.00895,-1.94565,1.10136,1.16858,2.20139,0.000566694,0.00105029,0.000182737,0.000942448,-9.16951e-05,5.78068e-05,-0.000431277,0,0,0,0,0,0,0,-0.22826,26.6867,-24.7128,7.49881,0.830705,2.51242,0.0844213,-0.22916,2.17226,-3.0881,1.87251,0.180398,0.919906,0.0604664
1729821,1,-2.75261,-1.32534,1.01105,-1.94698,1.10108,1.16771,2.20139,-2.75266,-1.32422,1.00895,-1.94565,1.10136,1.16858,2.20139,-0.00082863,-0.00050623,0.000678637,0.00192818,0.00014232,0.000275897,0.000661918,0,0,0,0,0,0,0,-0.176685,26.7383,-24.7366,7.44724,0.825212,2.50601,0.0587866,-0.230038,2.17217,-3.08767,1.87241,0.180337,0.919953,0.0608763
1729822,1,-2.75261,-1.32534,1.01106,-1.94698,1.10108,1.16771,2.20139,-2.75266,-1.32422,1.00895,-1.94565,1.10136,1.16858,2.20139,9.71939e-05,-0.000987101,0.00110204,0.000149121,9.48803e-05,-5.34278e-05,0.000915997,0,0,0,0,0,0,0,-0.204456,26.766,-24.7643,7.49881,0.825212,2.51242,0.0459692,-0.228366,2.17233,-3.08909,1.87399,0.180428,0.9201,0.0612712
1729823,1,-2.75261,-1.32534,1.01105,-1.94698,1.10108,1.16771,2.20138,-2.75266,-1.32422,1.00895,-1.94565,1.10136,1.16858,2.20139,6.47959e-05,0.000548359,-0.000471734,0.000801597,0.000266704,-3.56185e-05,-0.000101412,0,0,0,0,0,0,0,-0.204456,26.7144,-24.7128,7.47104,0.819719,2.51242,0.0651953,-0.225296,2.17281,-3.0916,1.87671,0.180629,0.920318,0.0616304
1729824,1,-2.75261,-1.32534,1.01105,-1.94698,1.10108,1.16771,2.20138,-2.75266,-1.32422,1.00895,-1.94565,1.10136,1.16858,2.20139,4.31973e-05,-0.000191239,-0.00152092,-0.00633045,-2.56478e-05,-2.37457e-05,-6.76083e-05,0,0,0,0,0,0,0,-0.204456,26.7383,-24.6612,7.49881,0.825212,2.51242,0.0651953,-0.219498,2.17043,-3.09234,1.88238,0.181052,0.920502,0.0619383
1729825,1,-2.75261,-1.32534,1.01106,-1.94698,1.10108,1.16771,2.20139,-2.75266,-1.32422,1.00895,-1.94565,1.10136,1.16858,2.20139,2.87982e-05,0.00107893,0.000192483,-0.00471195,-0.000220549,0.000221528,0.00117563,0,0,0,0,0,0,0,-0.204456,26.6867,-24.7128,7.49881,0.830705,2.50601,0.0322363,-0.208571,2.1634,-3.09082,1.89342,0.181875,0.920681,0.0622035
1729826,1,-2.75261,-1.32534,1.01105,-1.94698,1.10108,1.16771,2.20139,-2.75266,-1.32422,1.00895,-1.94565,1.10136,1.16858,2.20139,-0.000630415,6.96747e-05,0.000128322,-0.00286043,0.000259868,0.000147686,0.000275128,0,0,0,0,0,0,0,-0.176685,26.7144,-24.7128,7.47104,0.819719,2.50601,0.0459692,-0.194271,2.15399,-3.08899,1.90764,0.182928,0.920907,0.0624208
1729827,1,-2.75261,-1.32534,1.01105,-1.94698,1.10108,1.16771,2.20139,-2.75266,-1.32422,1.00895,-1.94565,1.10136,1.16858,2.20139,-0.000420277,0.000696064,8.55478e-05,-0.00218351,-0.000233655,9.84571e-05,0.00116676,0,0,0,0,0,0,0,-0.176685,26.6867,-24.7128,7.47104,0.830705,2.50601,0.0194189,-0.180269,2.14515,-3.08785,1.92099,0.1839,0.921119,0.0625609
1729828,1,-2.75261,-1.32534,1.01106,-1.94698,1.10108,1.16771,2.20139,-2.75266,-1.32422,1.00895,-1.94565,1.10136,1.16858,2.20139,0.000369429,-0.000742383,0.000613844,-0.0023127,-0.00015577,6.56381e-05,-0.000442861,0,0,0,0,0,0,0,-0.204456,26.7383,-24.7366,7.49881,0.830705,2.50601,0.0523779,-0.16901,2.13856,-3.08763,1.9315,0.184656,0.921305,0.0625989
1729829,1,-2.75261,-1.32534,1.01105,-1.94698,1.10108,1.16771,2.20139,-2.75266,-1.32422,1.00895,-1.94565,1.10136,1.16858,2.20139,-0.00096014,-0.000494922,-0.000704395,-0.00104775,-0.000307297,4.37587e-05,0.000450744,0,0,0,0,0,0,0,-0.152882,26.7383,-24.689,7.47104,0.836199,2.50601,0.0322363,-0.161375,2.13499,-3.0883,1.93862,0.185178,0.921463,0.0625259
1729830,1,-2.75261,-1.32534,1.01105,-1.94698,1.10108,1.16772,2.20139,-2.75266,-1.32422,1.00895,-1.94565,1.10136,1.16858,2.20139,-0.000640093,-0.000329948,8.72155e-05,-0.00146478,0.000202036,-0.000208186,0.000300496,0,0,0,0,0,0,0,-0.152882,26.7383,-24.7128,7.49881,0.825212,2.51242,0.0322363,-0.156151,2.13336,-3.08904,1.94301,0.185516,0.921522,0.062355
1729831,1,-2.75261,-1.32534,1.01105,-1.94698,1.10108,1.16771,2.20139,-2.75266,-1.32422,1.00895,-1.94565,1.10136,1.16858,2.20139,0.000130083,0.00098646,-0.000498668,-0.000414412,-6.87598e-05,-0.000138791,-3.70281e-05,0,0,0,0,0,0,0,-0.176685,26.6867,-24.689,7.47104,0.830705,2.51242,0.038645,-0.15273,2.13225,-3.0891,1.94531,0.185695,0.921474,0.0621013
1729832,1,-2.75261,-1.32534,1.01105,-1.94698,1.10108,1.16771,2.20139,-2.75266,-1.32422,1.00895,-1.94565,1.10136,1.16858,2.20139,8.67222e-05,8.02635e-06,0.000224366,0.00021491,-0.00024929,0.000382191,0.000687391,0,0,0,0,0,0,0,-0.176685,26.7144,-24.7128,7.44724,0.836199,2.4996,0.0194189,-0.151995,2.13153,-3.08836,1.94524,0.185674,0.921353,0.0617711
1729833,1,-2.75261,-1.32534,1.01105,-1.94698,1.10108,1.16772,2.20139,-2.75266,-1.32422,1.00895,-1.94565,1.10136,1.16858,2.20139,0.000707429,5.3509e-06,-0.000407234,-0.00166919,0.000240707,0.000254794,-1.64569e-05,0,0,0,0,0,0,0,-0.204456,26.7144,-24.689,7.52262,0.825212,2.4996,0.0322363,-0.153924,2.13185,-3.08743,1.94313,0.1855,0.921211,0.0613691
1729834,1,-2.75261,-1.32534,1.01105,-1.94698,1.10108,1.16771,2.20139,-2.75266,-1.32422,1.00895,-1.94565,1.10136,1.16858,2.20139,-0.000177995,0.00120999,0.000285322,5.672e-05,0.000160472,-0.000304855,0.000226388,0,0,0,0,0,0,0,-0.176685,26.6629,-24.7128,7.47104,0.825212,2.51242,0.0258276,-0.156959,2.13247,-3.08643,1.94034,0.185281,0.921073,0.0609011
1729835,1,-2.75261,-1.32534,1.01105,-1.94698,1.10108,1.16771,2.20139,-2.75266,-1.32422,1.00895,-1.94565,1.10136,1.16858,2.20139,0.00108776,-0.000399764,0.000190215,-0.000639487,-9.64694e-05,3.4122e-05,-0.00059506,0,0,0,0,0,0,0,-0.22826,26.7144,-24.7128,7.49881,0.830705,2.50601,0.0459692,-0.160589,2.13319,-3.08558,1.93714,0.185022,0.920945,0.0603753
1729836,1,-2.75261,-1.32534,1.01105,-1.94699,1.10108,1.16772,2.20139,-2.75266,-1.32422,1.00895,-1.94565,1.10136,1.16858,2.20139,-0.00103806,-0.000823321,0.00012681,-0.00156071,0.000139138,0.000497466,0.000349278,0,0,0,0,0,0,0,-0.152882,26.7383,-24.7128,7.54642,0.825212,2.49319,0.0258276,-0.164403,2.13497,-3.08569,1.93384,0.184775,0.920862,0.0598057
1729837,1,-2.75261,-1.32534,1.01105,-1.94698,1.10108,1.16771,2.20138,-2.75266,-1.32422,1.00895,-1.94565,1.10136,1.16858,2.20139,-0.00013523,-0.00119849,8.454e-05,5.75744e-05,9.27584e-05,-0.000143074,-0.00146257,0,0,0,0,0,0,0,-0.176685,26.766,-24.7128,7.49881,0.825212,2.50601,0.071604,-0.16714,2.13787,-3.08698,1.93113,0.184608,0.920804,0.0592108
1729838,1,-2.75261,-1.32534,1.01105,-1.94698,1.10108,1.16771,2.20139,-2.75266,-1.32422,1.00895,-1.94565,1.10136,1.16858,2.20139,0.000559461,0.000407429,-0.00115007,-0.000530109,-0.000141612,0.000141976,-0.000500328,0,0,0,0,0,0,0,-0.204456,26.7144,-24.6612,7.52262,0.830705,2.4996,0.0587866,-0.169813,2.14104,-3.08805,1.92836,0.18444,0.920693,0.058615
1729839,1,-2.75261,-1.32534,1.01105,-1.94699,1.10108,1.16771,2.20139,-2.75266,-1.32422,1.00895,-1.94565,1.10136,1.16858,2.20139,-0.00027664,-0.000285192,-0.000117097,-0.000918978,-9.44077e-05,-0.000142708,0.000412433,0,0,0,0,0,0,0,-0.176685,26.7383,-24.689,7.54642,0.830705,2.50601,0.038645,-0.172755,2.14309,-3.0876,1.92567,0.184253,0.920491,0.0580589
1729840,1,-2.7526,-1.32534,1.01105,-1.94698,1.10108,1.16772,2.20139,-2.75266,-1.32422,1.00895,-1.94565,1.10136,1.16858,2.20139,0.00157881,-0.000839742,-0.000727678,0.000494401,-6.29385e-05,-0.000332498,-0.000233671,0,0,0,0,0,0,0,-0.252064,26.766,-24.6612,7.49881,0.830705,2.51242,0.0523779,-0.176322,2.14487,-3.08648,1.92291,0.184044,0.920262,0.0575608
1729841,1,-2.75261,-1.32534,1.01105,-1.94698,1.10108,1.16772,2.20139,-2.75266,-1.32422,1.00895,-1.94565,1.10136,1.16858,2.20139,-0.000710697,0.00129621,-0.000485119,0.000324673,-4.1959e-05,0.000253053,-0.000393139,0,0,0,0,0,0,0,-0.176685,26.6867,-24.6612,7.49881,0.830705,2.4996,0.0587866,-0.181018,2.14677,-3.08491,1.91949,0.183768,0.920012,0.0571109
1729842,1,-2.75261,-1.32534,1.01105,-1.94698,1.10108,1.16771,2.20138,-2.75266,-1.32422,1.00895,-1.94565,1.10136,1.16858,2.20139,-0.000473798,0.000214527,-0.000323413,0.00141918,0.000378928,-0.000306016,-0.000736811,0,0,0,0,0,0,0,-0.176685,26.7144,-24.6612,7.44724,0.819719,2.51242,0.071604,-0.184495,2.14713,-3.08249,1.91647,0.183489,0.919682,0.0567125
1729843,1,-2.75261,-1.32534,1.01105,-1.94698,1.10108,1.16771,2.20139,-2.75266,-1.32422,1.00895,-1.94565,1.10136,1.16858,2.20139,-0.000315865,0.000143018,-0.000215608,0.000943348,0.000489978,-0.000204011,0.000458229,0,0,0,0,0,0,0,-0.176685,26.7144,-24.6612,7.44724,0.81331,2.51242,0.0459692,-0.186508,2.14672,-3.08008,1.91384,0.183218,0.91932,0.0563779
1729844,1,-2.75261,-1.32534,1.01105,-1.94698,1.10108,1.16771,2.20139,-2.75266,-1.32422,1.00895,-1.94565,1.10136,1.16858,2.20139,-0.000210577,-0.000461467,-0.000143739,-0.00113642,8.9293e-05,0.000338711,0.000576753,0,0,0,0,0,0,0,-0.176685,26.7383,-24.6612,7.52262,0.819719,2.4996,0.038645,-0.187813,2.14673,-3.07844,1.91165,0.182984,0.91902,0.0561098
1729845,1,-2.75261,-1.32534,1.01105,-1.94698,1.10108,1.16771,2.20138,-2.75266,-1.32422,1.00895,-1.94565,1.10136,1.16858,2.20139,-0.000140385,0.000249168,0.000553788,-0.000202359,-0.000347372,-0.000248911,-0.00178564,0,0,0,0,0,0,0,-0.176685,26.7144,-24.689,7.49881,0.830705,2.51242,0.0972387,-0.18784,2.14698,-3.07784,1.91079,0.182854,0.918842,0.0558903
1729846,1,-2.75261,-1.32534,1.01105,-1.94698,1.10108,1.16771,2.20138,-2.75266,-1.32422,1.00895,-1.94565,1.10136,1.16858,2.20139,-9.35897e-05,0.000166112,0.000369192,0.00107035,-0.000638483,0.000308777,-0.000240989,0,0,0,0,0,0,0,-0.176685,26.7144,-24.689,7.44724,0.841692,2.4996,0.071604,-0.187415,2.14757,-3.07819,1.91048,0.182757,0.918764,0.0557136
1729847,1,-2.75261,-1.32534,1.01105,-1.94698,1.10108,1.16772,2.20138,-2.75266,-1.32422,1.00895,-1.94565,1.10136,1.16858,2.20139,-0.000619205,0.000110741,0.00135975,-0.000493736,0.000184696,0.000443211,-0.000635377,0,0,0,0,0,0,0,-0.152882,26.7144,-24.7366,7.49881,0.825212,2.49319,0.0844213,-0.18695,2.14863,-3.07946,1.91007,0.182652,0.918746,0.0556072
1729848,1,-2.75261,-1.32534,1.01105,-1.94698,1.10108,1.16771,2.20139,-2.75266,-1.32422,1.00895,-1.94565,1.10136,1.16858,2.20139,0.000144009,0.000723441,-0.000207123,0.000319799,0.000123131,-0.000416603,0.000288492,0,0,0,0,0,0,0,-0.176685,26.6867,-24.689,7.47104,0.825212,2.51242,0.0651953,-0.185921,2.14951,-3.08113,1.91005,0.182586,0.918757,0.0555919
1729849,1,-2.75261,-1.32534,1.01105,-1.94698,1.10108,1.16771,2.20138,-2.75266,-1.32422,1.00895,-1.94565,1.10136,1.16858,2.20139,-0.000460806,0.000482294,-0.000787696,-0.000436908,0.000285538,0.000196982,-0.00123183,0,0,0,0,0,0,0,-0.152882,26.6867,-24.6612,7.49881,0.819719,2.4996,0.103647,-0.184543,2.149,-3.08141,1.91045,0.182552,0.918691,0.0556637
1729850,1,-2.75261,-1.32534,1.01105,-1.94698,1.10108,1.16771,2.20138,-2.75266,-1.32422,1.00895,-1.94565,1.10136,1.16858,2.20139,0.000899222,0.00032153,-0.00052513,-0.000291642,-0.000216542,-0.000106037,0.000128219,0,0,0,0,0,0,0,-0.204456,26.6867,-24.6612,7.49881,0.830705,2.50601,0.0780126,-0.18352,2.14721,-3.0797,1.91092,0.182525,0.918523,0.0558171
1729851,1,-2.75261,-1.32534,1.01105,-1.94698,1.10108,1.16771,2.20138,-2.75266,-1.32422,1.00895,-1.94565,1.10136,1.16858,2.20139,0.000599481,-0.000435261,0.000856339,0.000454908,0.000262539,-0.00030805,-0.000626598,0,0,0,0,0,0,0,-0.204456,26.7144,-24.7128,7.47104,0.819719,2.51242,0.0972387,-0.184279,2.14627,-3.07788,1.91054,0.182442,0.918376,0.0560556
1729852,1,-2.75261,-1.32534,1.01105,-1.94698,1.10108,1.16771,2.20138,-2.75266,-1.32422,1.00895,-1.94565,1.10136,1.16858,2.20139,0.000399654,-0.000290174,1.40807e-05,0.000303064,-2.84243e-05,0.000269351,5.69861e-05,0,0,0,0,0,0,0,-0.204456,26.7144,-24.689,7.47104,0.825212,2.4996,0.0844213,-0.187105,2.14753,-3.07749,1.90881,0.182271,0.918324,0.0563774
1729853,1,-2.75261,-1.32534,1.01105,-1.94698,1.10108,1.16771,2.20138,-2.75266,-1.32422,1.00895,-1.94565,1.10136,1.16858,2.20139,0.000266436,-0.000193449,-0.00119704,0.000758699,-0.0002224,0.000179567,0.00027535,0,0,0,0,0,0,0,-0.204456,26.7144,-24.6374,7.44724,0.830705,2.4996,0.0780126,-0.190736,2.14962,-3.07726,1.90634,0.182055,0.918259,0.0567747
1729854,1,-2.75261,-1.32534,1.01105,-1.94698,1.10108,1.16771,2.20138,-2.75266,-1.32422,1.00895,-1.94565,1.10136,1.16858,2.20139,-0.00047199,0.000520648,-0.000798026,-5.11299e-05,0.000258634,-0.000117647,-0.000291151,0,0,0,0,0,0,0,-0.176685,26.6867,-24.6374,7.47104,0.819719,2.50601,0.09083,-0.193594,2.15043,-3.07549,1.90415,0.181862,0.918069,0.0572343
1729855,1,-2.75261,-1.32534,1.01105,-1.94698,1.10108,1.16771,2.20139,-2.75266,-1.32422,1.00895,-1.94565,1.10136,1.16858,2.20139,-0.000871472,-0.000859327,0.00123122,0.000522638,-0.000437929,0.000158927,0.000992694,0,0,0,0,0,0,0,-0.152882,26.7383,-24.7128,7.44724,0.836199,2.4996,0.0587866,-0.19428,2.15025,-3.0737,1.90307,0.181758,0.917844,0.0577419
1729856,1,-2.75261,-1.32534,1.01105,-1.94698,1.10108,1.16772,2.20138,-2.75266,-1.32422,1.00895,-1.94565,1.10136,1.16858,2.20139,-0.000580981,0.000633541,-0.000385612,-0.000858067,0.000114949,0.000105952,-0.000762358,0,0,0,0,0,0,0,-0.152882,26.6867,-24.6612,7.49881,0.825212,2.4996,0.0972387,-0.19262,2.15005,-3.07345,1.90326,0.181765,0.917691,0.0582789
1729857,1,-2.75261,-1.32534,1.01105,-1.94698,1.10108,1.16771,2.20139,-2.75266,-1.32422,1.00895,-1.94565,1.10136,1.16858,2.20139,0.000169491,-0.000227253,-0.000257075,7.75201e-05,7.66324e-05,-0.000404084,0.00115327,0,0,0,0,0,0,0,-0.176685,26.7144,-24.6612,7.47104,0.825212,2.51242,0.0523779,-0.189816,2.1492,-3.07332,1.90434,0.181845,0.91756,0.0588253
1729859,0.98,-2.75261,-1.32534,1.01105,-1.94698,1.10108,1.16771,2.20138,-2.75266,-1.32422,1.00895,-1.94565,1.10136,1.16858,2.20139,-0.000698021,8.46025e-05,7.13485e-05,0.000220005,3.40588e-05,-0.000337832,0.000591686,0,0,0,0,0,0,0,-0.152882,26.7144,-24.6612,7.44724,0.825212,2.51242,0.0651953,-0.190002,2.14948,-3.07149,1.90294,0.181753,0.917258,0.0598786
1729860,0.98,-2.75261,-1.32534,1.01105,-1.94698,1.10108,1.16771,2.20139,-2.75266,-1.32422,1.00895,-1.94565,1.10136,1.16858,2.20139,-0.000465347,0.000706016,0.00125399,0.000146649,2.27059e-05,-0.000225221,0.000869175,0,0,0,0,0,0,0,-0.152882,26.6867,-24.7128,7.44724,0.825212,2.51242,0.0523779,-0.190265,2.14997,-3.07107,1.90182,0.181673,0.917145,0.0603825
1729861,0.98,-2.75261,-1.32534,1.01105,-1.94698,1.10108,1.16771,2.20139,-2.75266,-1.32422,1.00895,-1.94565,1.10136,1.16858,2.20139,0.000896195,-0.000178937,0.000279182,0.000654562,0.000455947,0.00032457,0.00057945,0,0,0,0,0,0,0,-0.204456,26.7144,-24.689,7.42344,0.81331,2.4996,0.0523779,-0.189685,2.15026,-3.07166,1.90119,0.181613,0.91712,0.0608619
1729862,0.98,-2.75261,-1.32534,1.01105,-1.94698,1.10108,1.16771,2.20139,-2.75266,-1.32422,1.00895,-1.94565,1.10136,1.16858,2.20139,0.000597463,-0.000676103,-0.000463492,-0.000677261,-0.000340295,0.00021638,0.000894926,0,0,0,0,0,0,0,-0.204456,26.7383,-24.6612,7.47104,0.830705,2.4996,0.038645,-0.190657,2.15135,-3.07237,1.89981,0.181501,0.917146,0.0612785
1729863,0.98,-2.75261,-1.32534,1.01105,-1.94698,1.10108,1.16771,2.20139,-2.75266,-1.32422,1.00895,-1.94565,1.10136,1.16858,2.20139,0.000398309,0.000106076,-0.000308995,-0.00110113,-0.000226864,-9.31055e-05,8.79913e-05,0,0,0,0,0,0,0,-0.204456,26.7144,-24.6612,7.49881,0.830705,2.50601,0.0523779,-0.192275,2.15241,-3.07227,1.89853,0.181411,0.917162,0.0616082
1729864,0.98,-2.75261,-1.32534,1.01105,-1.94698,1.10108,1.16772,2.20139,-2.75266,-1.32422,1.00895,-1.94565,1.10136,1.16858,2.20139,-0.000384075,0.00127714,-0.000205997,0.000472333,5.22081e-05,-0.000299429,0.000804646,0,0,0,0,0,0,0,-0.176685,26.6629,-24.6612,7.44724,0.825212,2.51242,0.0322363,-0.192492,2.15173,-3.07101,1.89841,0.1814,0.91712,0.0618443
1729865,0.98,-2.75261,-1.32534,1.01105,-1.94698,1.10108,1.16772,2.20139,-2.75266,-1.32422,1.00895,-1.94565,1.10136,1.16858,2.20139,0.000393564,-0.000354997,-0.000137331,-0.000241928,-0.000168645,0.000275098,0.000536431,0,0,0,0,0,0,0,-0.204456,26.7144,-24.6612,7.47104,0.830705,2.4996,0.0322363,-0.191562,2.14962,-3.06895,1.89884,0.181412,0.917015,0.0619826
1729866,0.98,-2.75261,-1.32534,1.01105,-1.94698,1.10108,1.16771,2.20139,-2.75266,-1.32422,1.00895,-1.94565,1.10136,1.16858,2.20139,0.000262376,-0.000236665,-0.000648366,-0.000810903,-0.00011243,0.000183399,-0.000151006,0,0,0,0,0,0,0,-0.204456,26.7144,-24.6374,7.49881,0.830705,2.4996,0.0459692,-0.190813,2.14779,-3.0669,1.8991,0.181426,0.916902,0.0620119
1729867,0.98,-2.75261,-1.32534,1.01105,-1.94698,1.10108,1.16771,2.20139,-2.75266,-1.32422,1.00895,-1.94565,1.10136,1.16858,2.20139,-0.000474697,-0.000714588,-0.000432244,0.000109009,0.000569307,-0.000115093,0.000645315,0,0,0,0,0,0,0,-0.176685,26.7383,-24.6374,7.47104,0.81331,2.50601,0.0258276,-0.190272,2.14673,-3.06508,1.89927,0.18146,0.91679,0.0619328
1729868,0.98,-2.75261,-1.32534,1.01105,-1.94698,1.10108,1.16771,2.20139,-2.75266,-1.32422,1.00895,-1.94565,1.10136,1.16858,2.20139,-0.00152289,0.000730034,0.000268649,-0.000576943,-0.000264722,0.00016063,0.000192851,0,0,0,0,0,0,0,-0.125111,26.6867,-24.6612,7.49881,0.830705,2.4996,0.0322363,-0.188219,2.14552,-3.06363,1.9001,0.18155,0.916657,0.0617613
1729869,0.98,-2.75261,-1.32534,1.01105,-1.94698,1.10108,1.16772,2.20139,-2.75266,-1.32422,1.00895,-1.94565,1.10136,1.16858,2.20139,0.00139759,-0.000719737,0.0001791,-0.000941442,-0.000176482,0.000344446,0.000128567,0,0,0,0,0,0,0,-0.22826,26.7383,-24.6612,7.52262,0.830705,2.49319,0.0322363,-0.184971,2.14411,-3.06286,1.90166,0.181683,0.916552,0.0615039
1729870,0.98,-2.75261,-1.32534,1.01105,-1.94698,1.10108,1.16772,2.20139,-2.75266,-1.32422,1.00895,-1.94565,1.10136,1.16858,2.20139,-0.000274698,-0.000479825,-0.000437412,0.000578796,0.000289247,0.000229631,8.57115e-05,0,0,0,0,0,0,0,-0.176685,26.7383,-24.6374,7.47104,0.819719,2.49319,0.0322363,-0.183592,2.14402,-3.06264,1.90233,0.181746,0.916497,0.0611609
1729871,0.98,-2.75261,-1.32534,1.01105,-1.94698,1.10108,1.16772,2.20139,-2.75266,-1.32422,1.00895,-1.94565,1.10136,1.16858,2.20139,0.000466482,-0.000319883,0.000265204,0.000385863,0.000192831,-0.00055899,-0.000926203,0,0,0,0,0,0,0,-0.204456,26.7383,-24.6612,7.47104,0.819719,2.51242,0.0587866,-0.184552,2.14541,-3.06259,1.90145,0.181686,0.916435,0.0607441
1729872,0.98,-2.75261,-1.32534,1.01105,-1.94698,1.10108,1.16772,2.20139,-2.75266,-1.32422,1.00895,-1.94565,1.10136,1.16858,2.20139,-0.000338626,-0.000213255,-0.000380009,0.000257242,-7.48964e-05,0.000102058,0.000365875,0,0,0,0,0,0,0,-0.176685,26.7383,-24.6374,7.47104,0.825212,2.4996,0.0322363,-0.186264,2.1472,-3.06252,1.89987,0.181555,0.916345,0.0602813
1729873,0.98,-2.75261,-1.32534,1.01105,-1.94698,1.10108,1.16771,2.20138,-2.75266,-1.32422,1.00895,-1.94565,1.10136,1.16858,2.20139,0.000423863,-0.00014217,-0.00025334,0.00128512,0.00015352,6.80387e-05,-0.00216358,0,0,0,0,0,0,0,-0.204456,26.7383,-24.6374,7.42344,0.819719,2.4996,0.0972387,-0.188271,2.14885,-3.06201,1.89794,0.181375,0.916212,0.0598013
1729874,0.98,-2.75261,-1.32534,1.01105,-1.94698,1.10108,1.16772,2.20139,-2.75266,-1.32422,1.00895,-1.94565,1.10136,1.16858,2.20139,-0.000367038,0.000462032,-0.000168893,-0.000906493,-0.000101104,4.53591e-05,-1.82336e-05,0,0,0,0,0,0,0,-0.176685,26.7144,-24.6374,7.49881,0.825212,2.4996,0.0587866,-0.189969,2.14976,-3.06084,1.89616,0.181186,0.916036,0.05934
1729875,0.98,-2.75261,-1.32534,1.01104,-1.94698,1.10108,1.16772,2.20139,-2.75266,-1.32422,1.00895,-1.94565,1.10136,1.16858,2.20139,-0.000801504,-0.000248791,-0.000112595,4.5285e-05,-6.74028e-05,3.02394e-05,0.000225203,0,0,0,0,0,0,0,-0.152882,26.7383,-24.6374,7.47104,0.825212,2.4996,0.0523779,-0.189681,2.14932,-3.05935,1.89581,0.181093,0.915847,0.0589453
1729876,0.98,-2.75261,-1.32534,1.01105,-1.94698,1.10108,1.16771,2.20139,-2.75266,-1.32422,1.00895,-1.94565,1.10136,1.16858,2.20139,2.24758e-05,-0.000815474,0.00113136,-0.000619424,-0.000451836,-0.000217199,0.000150135,0,0,0,0,0,0,0,-0.176685,26.766,-24.689,7.49881,0.836199,2.50601,0.0523779,-0.187753,2.14889,-3.05878,1.89661,0.181099,0.915711,0.0586282
1729877,0.98,-2.75261,-1.32534,1.01105,-1.94698,1.10108,1.16771,2.20138,-2.75266,-1.32422,1.00895,-1.94565,1.10136,1.16858,2.20139,-0.000541828,0.00131239,-0.000452184,0.000793476,-9.77736e-05,9.25594e-05,-0.000611987,0,0,0,0,0,0,0,-0.152882,26.6867,-24.6374,7.44724,0.830705,2.4996,0.071604,-0.185665,2.14897,-3.05905,1.89752,0.181122,0.915632,0.0583684
1729878,0.98,-2.75261,-1.32534,1.01105,-1.94698,1.10108,1.16772,2.20138,-2.75266,-1.32422,1.00895,-1.94565,1.10136,1.16858,2.20139,0.00140202,-0.000331499,-0.000301456,-2.78279e-05,-6.51824e-05,6.17063e-05,-0.00135743,0,0,0,0,0,0,0,-0.22826,26.7383,-24.6374,7.47104,0.830705,2.4996,0.0972387,-0.18464,2.14848,-3.05829,1.89782,0.181092,0.91551,0.0581568
1729879,0.98,-2.75261,-1.32534,1.01105,-1.94698,1.10108,1.16772,2.20139,-2.75266,-1.32422,1.00895,-1.94565,1.10136,1.16858,2.20139,0.000377867,0.000335813,0.00100546,0.00053826,0.000363446,4.11375e-05,0.00099392,0,0,0,0,0,0,0,-0.204456,26.7144,-24.689,7.44724,0.819719,2.4996,0.0459692,-0.185983,2.14858,-3.05703,1.89682,0.180971,0.915392,0.0580098
1729880,0.98,-2.75261,-1.32534,1.01105,-1.94698,1.10108,1.16772,2.20138,-2.75266,-1.32422,1.00895,-1.94565,1.10136,1.16858,2.20139,0.000251912,-0.000332937,-0.00109293,-0.000197972,0.000242297,2.7425e-05,-4.94633e-05,0,0,0,0,0,0,0,-0.204456,26.7383,-24.6136,7.47104,0.819719,2.4996,0.0651953,-0.188516,2.14951,-3.0561,1.89516,0.180819,0.915305,0.0579413
1729881,0.98,-2.75261,-1.32534,1.01105,-1.94698,1.10108,1.16772,2.20138,-2.75266,-1.32422,1.00895,-1.94565,1.10136,1.16858,2.20139,-0.00103848,0.000334854,0.000385001,-0.000131981,-4.19189e-05,1.82833e-05,-0.000270334,0,0,0,0,0,0,0,-0.152882,26.7144,-24.6612,7.47104,0.825212,2.4996,0.071604,-0.189672,2.14973,-3.05478,1.89427,0.180738,0.915169,0.0579318
1729882,0.98,-2.75261,-1.32534,1.01105,-1.94698,1.10108,1.16772,2.20139,-2.75266,-1.32422,1.00895,-1.94565,1.10136,1.16858,2.20139,0.00107091,-0.000333576,-0.000300145,0.000468824,-2.79459e-05,1.21889e-05,0.000294495,0,0,0,0,0,0,0,-0.22826,26.7383,-24.6374,7.44724,0.825212,2.4996,0.0587866,-0.189585,2.14946,-3.05337,1.89407,0.180713,0.915003,0.0579632
1729883,0.98,-2.75261,-1.32534,1.01105,-1.94698,1.10108,1.16771,2.20138,-2.75266,-1.32422,1.00895,-1.94565,1.10136,1.16858,2.20139,0.000157131,0.000334428,0.000356716,-0.000244262,-0.000222081,-0.000229233,-0.0019399,0,0,0,0,0,0,0,-0.204456,26.7144,-24.6612,7.47104,0.830705,2.50601,0.116465,-0.190258,2.1497,-3.05225,1.89344,0.180654,0.914867,0.0580287
1729884,0.98,-2.75261,-1.32534,1.01105,-1.94698,1.10108,1.16772,2.20138,-2.75266,-1.32422,1.00895,-1.94565,1.10136,1.16858,2.20139,0.000661566,-0.00033386,-0.000875814,-0.000162842,5.53964e-05,-0.000152822,-0.000106472,0,0,0,0,0,0,0,-0.22826,26.7383,-24.6136,7.47104,0.825212,2.50601,0.0844213,-0.191619,2.15013,-3.05103,1.8926,0.180581,0.914751,0.0581405
1729885,0.98,-2.75261,-1.32534,1.01105,-1.94698,1.10108,1.16772,2.20138,-2.75266,-1.32422,1.00895,-1.94565,1.10136,1.16858,2.20139,-0.00132219,-0.000222573,0.00173617,-0.000758175,-0.00016652,0.000135478,0.000403736,0,0,0,0,0,0,0,-0.152882,26.7383,-24.7128,7.49881,0.830705,2.4996,0.071604,-0.191842,2.15048,-3.05036,1.89254,0.180582,0.91467,0.0583317
1729886,0.98,-2.75261,-1.32534,1.01105,-1.94698,1.10108,1.16772,2.20138,-2.75266,-1.32422,1.00895,-1.94565,1.10136,1.16858,2.20139,-0.000324651,-0.000797996,0.000600637,0.000700976,0.000533247,9.03184e-05,3.17986e-05,0,0,0,0,0,0,0,-0.176685,26.766,-24.689,7.44724,0.81331,2.4996,0.0780126,-0.190137,2.1515,-3.05161,1.89338,0.180668,0.914673,0.0586056
1729887,0.98,-2.75261,-1.32534,1.01105,-1.94698,1.10108,1.16772,2.20138,-2.75266,-1.32422,1.00895,-1.94565,1.10136,1.16858,2.20139,0.00043318,0.000674428,-0.000806001,-0.000739109,-8.53115e-05,0.000297571,-0.000690878,0,0,0,0,0,0,0,-0.204456,26.7144,-24.6374,7.49881,0.825212,2.49319,0.0972387,-0.188175,2.1527,-3.0532,1.89418,0.18075,0.914674,0.0589343
1729888,0.98,-2.75261,-1.32534,1.01105,-1.94698,1.10108,1.16772,2.20138,-2.75266,-1.32422,1.00895,-1.94565,1.10136,1.16858,2.20139,0.00140241,0.000449619,1.9478e-05,-0.000492739,-0.000463775,-3.89781e-05,-0.000223226,0,0,0,0,0,0,0,-0.252064,26.7144,-24.6612,7.49881,0.836199,2.4996,0.09083,-0.187636,2.15268,-3.05273,1.89458,0.180772,0.914591,0.0593065
1729889,0.98,-2.75261,-1.32534,1.01105,-1.94698,1.10108,1.16771,2.20139,-2.75266,-1.32422,1.00895,-1.94565,1.10136,1.16858,2.20139,-0.000828297,0.000299746,-0.000543827,0.000877933,0.000301168,-2.59854e-05,0.00202132,0,0,0,0,0,0,0,-0.176685,26.7144,-24.6374,7.44724,0.819719,2.4996,0.0322363,-0.188178,2.15166,-3.05075,1.89463,0.180744,0.914437,0.0597284
1729890,0.98,-2.75261,-1.32534,1.01105,-1.94698,1.10108,1.16772,2.20139,-2.75266,-1.32422,1.00895,-1.94565,1.10136,1.16858,2.20139,9.74157e-05,-0.000356981,0.000194261,2.84768e-05,0.000200779,-0.000254683,0.000126844,0,0,0,0,0,0,0,-0.204456,26.7383,-24.6612,7.47104,0.819719,2.50601,0.0651953,-0.188629,2.15063,-3.0486,1.89437,0.180693,0.914226,0.0601756
1729891,0.98,-2.75261,-1.32534,1.01105,-1.94698,1.10108,1.16772,2.20139,-2.75266,-1.32422,1.00895,-1.94565,1.10136,1.16858,2.20139,-0.00058467,-0.000237988,0.000129507,0.000575796,-0.000273049,6.75706e-05,0.00079664,0,0,0,0,0,0,0,-0.176685,26.7383,-24.6612,7.44724,0.830705,2.4996,0.0459692,-0.188701,2.15034,-3.04726,1.89398,0.180641,0.914023,0.0605957
1729892,0.98,-2.75261,-1.32534,1.01105,-1.94698,1.10108,1.16772,2.20139,-2.75266,-1.32422,1.00895,-1.94565,1.10136,1.16858,2.20139,0.000259834,-0.000158658,-0.00102729,0.000940676,-0.000182032,0.000757124,5.63753e-05,0,0,0,0,0,0,0,-0.204456,26.7383,-24.6136,7.42344,0.830705,2.48037,0.0587866,-0.18907,2.15069,-3.0462,1.89314,0.180566,0.913814,0.0609541
1729893,0.98,-2.75261,-1.32534,1.01105,-1.94698,1.10108,1.16772,2.20139,-2.75266,-1.32422,1.00895,-1.94565,1.10136,1.16858,2.20139,-0.000476391,0.00110065,0.000428767,7.03056e-05,8.20956e-05,-0.000207328,0.00149565,0,0,0,0,0,0,0,-0.176685,26.6867,-24.6612,7.44724,0.825212,2.4996,0.0194189,-0.189531,2.15051,-3.04445,1.8921,0.180477,0.913547,0.0612407
1729894,0.98,-2.75261,-1.32534,1.01105,-1.94698,1.10108,1.16772,2.20139,-2.75266,-1.32422,1.00895,-1.94565,1.10136,1.16858,2.20139,0.000888832,8.41552e-05,0.000285844,-0.000509942,5.47304e-05,9.91406e-05,0.00028502,0,0,0,0,0,0,0,-0.22826,26.7144,-24.6612,7.47104,0.825212,2.49319,0.038645,-0.189498,2.14958,-3.04275,1.89163,0.180424,0.913305,0.0614456
1729895,0.98,-2.75261,-1.32534,1.01105,-1.94698,1.10108,1.16772,2.20139,-2.75266,-1.32422,1.00895,-1.94565,1.10136,1.16858,2.20139,3.57425e-05,5.61034e-05,-0.000366249,-0.000339961,0.000239937,6.60937e-05,-0.000318613,0,0,0,0,0,0,0,-0.204456,26.7144,-24.6374,7.47104,0.819719,2.49319,0.0523779,-0.189565,2.14875,-3.0416,1.89157,0.180408,0.913135,0.0615455
1729896,0.98,-2.75261,-1.32534,1.01105,-1.94698,1.10108,1.16772,2.20139,-2.75266,-1.32422,1.00895,-1.94565,1.10136,1.16858,2.20139,-0.000625786,-0.00051941,0.00096226,-0.000876255,-0.000246943,0.000281421,-0.000212409,0,0,0,0,0,0,0,-0.176685,26.7383,-24.689,7.49881,0.830705,2.48678,0.0523779,-0.18921,2.14841,-3.0412,1.892,0.180449,0.913011,0.0615392
1729897,0.98,-2.75261,-1.32534,1.01105,-1.94698,1.10108,1.16771,2.20139,-2.75266,-1.32422,1.00895,-1.94565,1.10136,1.16858,2.20139,0.000232424,0.000210539,-0.000564919,-0.00058417,3.8822e-05,-0.000287104,0.000367021,0,0,0,0,0,0,0,-0.204456,26.7144,-24.6374,7.49881,0.825212,2.4996,0.038645,-0.187717,2.14831,-3.0416,1.89321,0.180562,0.912913,0.0614547
1729898,0.98,-2.75261,-1.32534,1.01105,-1.94698,1.10108,1.16771,2.20139,-2.75266,-1.32422,1.00895,-1.94565,1.10136,1.16858,2.20139,0.000154949,-0.000416453,0.000180199,-0.000389447,-0.000177569,-0.000428761,0.000719398,0,0,0,0,0,0,0,-0.204456,26.7383,-24.6612,7.49881,0.830705,2.50601,0.0258276,-0.186393,2.14826,-3.04187,1.89445,0.18068,0.912799,0.0613105
1729899,0.98,-2.75261,-1.32534,1.01105,-1.94698,1.10108,1.16772,2.20139,-2.75266,-1.32422,1.00895,-1.94565,1.10136,1.16858,2.20139,-0.000546315,-0.000277635,0.000769747,0.000389983,8.50711e-05,-4.8482e-05,0.000479599,0,0,0,0,0,0,0,-0.176685,26.7383,-24.689,7.47104,0.825212,2.4996,0.0258276,-0.18581,2.14883,-3.04239,1.89514,0.180756,0.912689,0.061104
1729900,0.98,-2.75261,-1.32534,1.01105,-1.94698,1.10108,1.16772,2.20139,-2.75266,-1.32422,1.00895,-1.94565,1.10136,1.16858,2.20139,-0.000921022,0.00102134,0.000513164,0.000259989,-0.000553638,-3.23213e-05,8.23736e-05,0,0,0,0,0,0,0,-0.152882,26.6867,-24.689,7.47104,0.841692,2.4996,0.0322363,-0.184716,2.14953,-3.04354,1.8957,0.180815,0.912586,0.0608255
1729901,0.98,-2.75261,-1.32534,1.01105,-1.94698,1.10108,1.16772,2.20139,-2.75266,-1.32422,1.00895,-1.94565,1.10136,1.16858,2.20139,-5.72025e-05,-0.000525535,-0.000307504,0.000173326,3.78094e-05,-0.000258906,5.49158e-05,0,0,0,0,0,0,0,-0.176685,26.7383,-24.6612,7.47104,0.830705,2.50601,0.0322363,-0.182885,2.1494,-3.04432,1.89641,0.180877,0.912442,0.060472
1729902,0.98,-2.75261,-1.32534,1.01105,-1.94698,1.10108,1.16772,2.20139,-2.75266,-1.32422,1.00895,-1.94565,1.10136,1.16858,2.20139,0.000611479,0.000856069,-0.000205003,0.000672362,0.000228657,0.000302114,3.66105e-05,0,0,0,0,0,0,0,-0.204456,26.6867,-24.6612,7.44724,0.825212,2.49319,0.0322363,-0.182277,2.14906,-3.04406,1.89635,0.18089,0.912255,0.0600489
1729903,0.98,-2.75261,-1.32534,1.01105,-1.94698,1.10108,1.16771,2.20139,-2.75266,-1.32422,1.00895,-1.94565,1.10136,1.16858,2.20139,-0.000241961,-0.00128533,-0.000136669,-0.000758184,0.000152438,-3.59499e-05,2.4407e-05,0,0,0,0,0,0,0,-0.176685,26.766,-24.6612,7.49881,0.825212,2.4996,0.0322363,-0.183335,2.14913,-3.04318,1.89541,0.180854,0.912063,0.0595684
1729904,0.98,-2.75261,-1.32534,1.01105,-1.94698,1.10108,1.16772,2.20139,-2.75266,-1.32422,1.00895,-1.94565,1.10136,1.16858,2.20139,-0.000161308,0.000349541,-0.000647924,0.00070097,0.000101625,-0.000261326,1.62713e-05,0,0,0,0,0,0,0,-0.176685,26.7144,-24.6374,7.44724,0.825212,2.50601,0.0322363,-0.184656,2.14962,-3.04224,1.8944,0.180835,0.911882,0.0590444
1729905,0.98,-2.75261,-1.32534,1.01105,-1.94698,1.10108,1.16771,2.20139,-2.75266,-1.32422,1.00895,-1.94565,1.10136,1.16858,2.20139,0.000542076,-0.000973398,0.000124862,-0.00129592,-0.000339151,-0.000174217,-0.000735138,0,0,0,0,0,0,0,-0.204456,26.766,-24.6612,7.52262,0.836199,2.50601,0.0523779,-0.185917,2.15027,-3.0413,1.89357,0.180841,0.911723,0.0584892
1729906,0.98,-2.75261,-1.32534,1.01105,-1.94698,1.10108,1.16771,2.20139,-2.75266,-1.32422,1.00895,-1.94565,1.10136,1.16858,2.20139,0.000361384,6.81617e-07,-0.00047357,0.000899288,0.0001808,-0.000116145,-0.000490092,0,0,0,0,0,0,0,-0.204456,26.7383,-24.6374,7.44724,0.825212,2.50601,0.0523779,-0.187778,2.15138,-3.04057,1.89262,0.180842,0.911624,0.0579208
1729907,0.98,-2.75261,-1.32534,1.01105,-1.94698,1.10108,1.16771,2.20139,-2.75266,-1.32422,1.00895,-1.94565,1.10136,1.16858,2.20139,-0.000408691,4.54411e-07,0.000241098,0.000599525,-8.29169e-05,0.000159929,-0.000326728,0,0,0,0,0,0,0,-0.176685,26.7383,-24.6612,7.44724,0.830705,2.4996,0.0523779,-0.190066,2.15273,-3.03993,1.89124,0.180803,0.911543,0.0573672
1729908,0.98,-2.75261,-1.32534,1.01105,-1.94698,1.10108,1.16772,2.20139,-2.75266,-1.32422,1.00895,-1.94565,1.10136,1.16858,2.20139,0.000377153,-0.000649311,-0.00039608,0.000399684,0.000351623,-0.00013074,0.000765526,0,0,0,0,0,0,0,-0.204456,26.766,-24.6374,7.44724,0.819719,2.50601,0.0258276,-0.192187,2.15404,-3.03937,1.88958,0.180736,0.911458,0.056852
1729909,0.98,-2.75261,-1.32534,1.01105,-1.94698,1.10108,1.16772,2.20138,-2.75266,-1.32422,1.00895,-1.94565,1.10136,1.16858,2.20139,0.000251435,0.00142317,-0.000264053,0.000266456,3.09649e-05,0.000150199,-0.00165979,0,0,0,0,0,0,0,-0.204456,26.6867,-24.6374,7.44724,0.825212,2.4996,0.0844213,-0.194077,2.15481,-3.03843,1.88803,0.180664,0.911371,0.0563772
1729910,0.98,-2.75261,-1.32534,1.01105,-1.94698,1.10108,1.16771,2.20139,-2.75266,-1.32422,1.00895,-1.94565,1.10136,1.16858,2.20139,-0.00048199,-0.000257649,-0.000176035,-0.000379175,-0.000386258,-0.000611944,-0.00015709,0,0,0,0,0,0,0,-0.176685,26.7383,-24.6374,7.47104,0.836199,2.51882,0.0587866,-0.194808,2.15403,-3.03672,1.88735,0.180633,0.911272,0.0559473
1729911,0.98,-2.75261,-1.32534,1.01105,-1.94698,1.10108,1.16771,2.20139,-2.75266,-1.32422,1.00895,-1.94565,1.10136,1.16858,2.20139,-0.000878139,0.00103466,-0.000117357,-0.000252783,0.000149396,6.67552e-05,0.000878618,0,0,0,0,0,0,0,-0.152882,26.6867,-24.6374,7.47104,0.825212,2.50601,0.0322363,-0.193153,2.15186,-3.03491,1.88823,0.180714,0.911185,0.0555879
1729912,0.98,-2.75261,-1.32534,1.01104,-1.94698,1.10108,1.16772,2.20139,-2.75266,-1.32422,1.00895,-1.94565,1.10136,1.16858,2.20139,-2.8614e-05,0.000689773,-0.00063505,-0.000168522,9.95972e-05,0.000519221,7.71188e-05,0,0,0,0,0,0,0,-0.176685,26.6867,-24.6136,7.47104,0.825212,2.49319,0.0459692,-0.189631,2.14849,-3.03282,1.89026,0.180881,0.911094,0.0552972
1729913,0.98,-2.75261,-1.32534,1.01105,-1.94698,1.10108,1.16772,2.20138,-2.75266,-1.32422,1.00895,-1.94565,1.10136,1.16858,2.20139,-0.000575888,-0.00139619,0.000133445,0.000444464,6.63982e-05,0.000108789,-0.0016101,0,0,0,0,0,0,0,-0.152882,26.766,-24.6374,7.44724,0.825212,2.4996,0.09083,-0.186413,2.14566,-3.0309,1.89197,0.181034,0.911017,0.0550398
1729914,0.98,-2.75261,-1.32534,1.01104,-1.94698,1.10108,1.16772,2.20138,-2.75266,-1.32422,1.00895,-1.94565,1.10136,1.16858,2.20139,-0.000383925,0.000275632,-0.000467848,0.000853121,-0.000159185,7.25258e-05,-0.000598682,0,0,0,0,0,0,0,-0.152882,26.7144,-24.6136,7.42344,0.830705,2.4996,0.0780126,-0.184705,2.1451,-3.03011,1.89236,0.181114,0.910985,0.0548139
1729915,0.98,-2.75261,-1.32534,1.01105,-1.94698,1.10108,1.16772,2.20139,-2.75266,-1.32422,1.00895,-1.94565,1.10136,1.16858,2.20139,0.000300862,-0.000373057,0.000801725,0.000568747,9.73271e-05,0.000285709,0.000787673,0,0,0,0,0,0,0,-0.176685,26.7383,-24.6612,7.42344,0.825212,2.49319,0.0459692,-0.184428,2.1461,-3.03015,1.89154,0.18111,0.910988,0.0546573
1729916,0.98,-2.75261,-1.32534,1.01105,-1.94698,1.10108,1.16772,2.20138,-2.75266,-1.32422,1.00895,-1.94565,1.10136,1.16858,2.20139,0.000200575,0.000308107,0.000534483,-0.00138407,6.48848e-05,-0.000284245,-0.00042432,0,0,0,0,0,0,0,-0.176685,26.7144,-24.6612,7.49881,0.825212,2.50601,0.071604,-0.184929,2.14782,-3.03109,1.89044,0.181083,0.911075,0.0545836
1729917,0.98,-2.75261,-1.32534,1.01105,-1.94698,1.10108,1.16772,2.20139,-2.75266,-1.32422,1.00895,-1.94565,1.10136,1.16858,2.20139,0.000133716,0.000205405,0.00100594,0.000283711,-0.000160194,4.78623e-05,-0.000757598,0,0,0,0,0,0,0,-0.176685,26.7144,-24.689,7.44724,0.830705,2.4996,0.0844213,-0.185123,2.14951,-3.03284,1.89001,0.1811,0.911256,0.0545751
1729918,0.98,-2.75261,-1.32534,1.01105,-1.94698,1.10108,1.16771,2.20138,-2.75266,-1.32422,1.00895,-1.94565,1.10136,1.16858,2.20139,0.000738758,-0.00106949,-0.000535802,-0.000367672,0.000300105,-0.000205451,-0.0014545,0,0,0,0,0,0,0,-0.204456,26.766,-24.6374,7.47104,0.819719,2.50601,0.110056,-0.185793,2.15144,-3.03473,1.88949,0.181109,0.911459,0.0546254
1729919,0.98,-2.75261,-1.32534,1.01105,-1.94698,1.10108,1.16771,2.20139,-2.75266,-1.32422,1.00895,-1.94565,1.10136,1.16858,2.20139,-0.000157108,0.000493433,0.000199611,-0.000245114,-3.3805e-06,-0.000136967,0.000929204,0,0,0,0,0,0,0,-0.176685,26.7144,-24.6612,7.47104,0.825212,2.50601,0.0587866,-0.187297,2.15355,-3.03596,1.8885,0.181087,0.911618,0.0547568
1729920,0.98,-2.75261,-1.32534,1.01105,-1.94698,1.10108,1.16772,2.20138,-2.75266,-1.32422,1.00895,-1.94565,1.10136,1.16858,2.20139,0.000544875,0.000978569,0.000782688,0.000393402,-0.000205704,0.000146048,-0.000567325,0,0,0,0,0,0,0,-0.204456,26.6867,-24.689,7.44724,0.830705,2.4996,0.09083,-0.188342,2.15455,-3.03636,1.8878,0.181063,0.91172,0.0549864
1729921,0.98,-2.75261,-1.32534,1.01105,-1.94698,1.10108,1.16772,2.20138,-2.75266,-1.32422,1.00895,-1.94565,1.10136,1.16858,2.20139,-0.000286364,2.76555e-06,-0.000127822,-0.000944158,6.63144e-05,9.7365e-05,-0.000378217,0,0,0,0,0,0,0,-0.176685,26.7144,-24.6612,7.49881,0.825212,2.4996,0.09083,-0.188464,2.15427,-3.0363,1.88765,0.181051,0.911788,0.0552977
1729922,0.98,-2.75261,-1.32534,1.01105,-1.94698,1.10108,1.16772,2.20139,-2.75266,-1.32422,1.00895,-1.94565,1.10136,1.16858,2.20139,-0.000190909,-0.000554968,0.00112121,-0.000629438,0.00024766,6.491e-05,0.00140937,0,0,0,0,0,0,0,-0.176685,26.7383,-24.7128,7.49881,0.819719,2.4996,0.0459692,-0.187475,2.15377,-3.03658,1.88827,0.181102,0.911859,0.0556773
1729923,0.98,-2.75261,-1.32534,1.01105,-1.94698,1.10108,1.16772,2.20138,-2.75266,-1.32422,1.00895,-1.94565,1.10136,1.16858,2.20139,-0.000127273,-0.00101959,-0.00101576,0.0007868,-0.000241794,-0.000194086,0.000227502,0,0,0,0,0,0,0,-0.176685,26.766,-24.6374,7.44724,0.830705,2.50601,0.0651953,-0.186412,2.15427,-3.03748,1.88879,0.181168,0.911925,0.0561026
1729924,0.98,-2.75261,-1.32534,1.01105,-1.94698,1.10108,1.16772,2.20139,-2.75266,-1.32422,1.00895,-1.94565,1.10136,1.16858,2.20139,-8.48486e-05,-3.01146e-05,0.00052925,-0.000681892,-0.000161196,-0.000366749,0.00184709,0,0,0,0,0,0,0,-0.176685,26.7383,-24.689,7.49881,0.830705,2.51242,0.0194189,-0.1862,2.15551,-3.03813,1.88855,0.181186,0.911938,0.0565287
1729925,0.98,-2.75261,-1.32534,1.01105,-1.94698,1.10108,1.16772,2.20139,-2.75266,-1.32422,1.00895,-1.94565,1.10136,1.16858,2.20139,-5.65657e-05,0.000536736,-0.000853593,-0.000454595,9.59864e-05,0.000230218,1.06895e-05,0,0,0,0,0,0,0,-0.176685,26.7144,-24.6374,7.49881,0.825212,2.4996,0.0523779,-0.185689,2.1558,-3.03784,1.88864,0.181216,0.911901,0.0569147
1729926,0.98,-2.75261,-1.32534,1.01105,-1.94698,1.10108,1.16772,2.20138,-2.75266,-1.32422,1.00895,-1.94565,1.10136,1.16858,2.20139,-3.77105e-05,-0.000198988,-0.00112587,0.000903363,6.39909e-05,-8.38801e-05,-0.000467592,0,0,0,0,0,0,0,-0.176685,26.7383,-24.6136,7.44724,0.825212,2.50601,0.0651953,-0.184931,2.15457,-3.03595,1.88898,0.181242,0.91178,0.0572219
1729927,0.98,-2.75261,-1.32534,1.01104,-1.94698,1.10108,1.16772,2.20138,-2.75266,-1.32422,1.00895,-1.94565,1.10136,1.16858,2.20139,0.000624474,-0.000132659,-0.0014002,0.000602242,-0.00016079,0.000418798,-0.000549087,0,0,0,0,0,0,0,-0.204456,26.7383,-24.5858,7.44724,0.830705,2.49319,0.071604,-0.185604,2.15302,-3.03245,1.88824,0.181175,0.911553,0.0574426
1729928,0.98,-2.75261,-1.32534,1.01105,-1.94698,1.10108,1.16771,2.20139,-2.75266,-1.32422,1.00895,-1.94565,1.10136,1.16858,2.20139,-0.00079011,-8.84392e-05,0.000829774,-0.000804931,9.62573e-05,-0.000195519,0.001092,0,0,0,0,0,0,0,-0.152882,26.7383,-24.6612,7.49881,0.825212,2.50601,0.0322363,-0.186856,2.15196,-3.02902,1.88708,0.181079,0.911333,0.0576104
1729929,0.98,-2.75261,-1.32534,1.01105,-1.94698,1.10108,1.16771,2.20139,-2.75266,-1.32422,1.00895,-1.94565,1.10136,1.16858,2.20139,0.000679686,-5.89595e-05,0.000553182,0.000112993,0.000267622,-0.000130346,0.000965362,0,0,0,0,0,0,0,-0.204456,26.7383,-24.6612,7.47104,0.819719,2.50601,0.0258276,-0.187087,2.15166,-3.02764,1.88672,0.181047,0.911259,0.0577456
1729930,0.98,-2.75261,-1.32534,1.01105,-1.94698,1.10108,1.16771,2.20139,-2.75266,-1.32422,1.00895,-1.94565,1.10136,1.16858,2.20139,-0.00019649,0.00116712,-0.000744836,-0.000574285,-0.000228486,0.000150461,-0.000577129,0,0,0,0,0,0,0,-0.176685,26.6867,-24.6136,7.49881,0.830705,2.4996,0.0587866,-0.186749,2.1514,-3.02726,1.88695,0.181044,0.911278,0.0578258
1729931,0.98,-2.75261,-1.32534,1.01105,-1.94698,1.10108,1.16772,2.20139,-2.75266,-1.32422,1.00895,-1.94565,1.10136,1.16858,2.20139,-0.000130993,0.000128466,0.00126668,0.000266757,-0.000152324,0.000337667,-0.000147393,0,0,0,0,0,0,0,-0.176685,26.7144,-24.689,7.47104,0.830705,2.49319,0.0523779,-0.185748,2.15023,-3.02665,1.8877,0.181058,0.911296,0.0578338
1729932,0.98,-2.75261,-1.32534,1.01105,-1.94698,1.10108,1.16772,2.20139,-2.75266,-1.32422,1.00895,-1.94565,1.10136,1.16858,2.20139,0.000562285,8.56438e-05,-0.000918784,0.00073465,0.000305352,-0.000249607,0.000647723,0,0,0,0,0,0,0,-0.204456,26.7144,-24.6136,7.44724,0.819719,2.50601,0.0322363,-0.185069,2.14945,-3.02641,1.88812,0.181041,0.911321,0.0577843
1729933,0.98,-2.75261,-1.32534,1.01105,-1.94698,1.10108,1.16772,2.20139,-2.75266,-1.32422,1.00895,-1.94565,1.10136,1.16858,2.20139,-0.000274757,-0.000499716,0.000501101,0.00104658,-0.000203333,7.09544e-05,0.000431815,0,0,0,0,0,0,0,-0.176685,26.7383,-24.6612,7.42344,0.830705,2.4996,0.0322363,-0.186097,2.15001,-3.02639,1.88714,0.180934,0.911328,0.0576861
1729934,0.98,-2.75261,-1.32534,1.01105,-1.94698,1.10108,1.16772,2.20139,-2.75266,-1.32422,1.00895,-1.94565,1.10136,1.16858,2.20139,-0.0013896,-0.000333144,-0.000222744,-0.000415905,-0.000135556,-0.000190056,-0.000458108,0,0,0,0,0,0,0,-0.125111,26.7383,-24.6374,7.47104,0.830705,2.50601,0.0523779,-0.186766,2.15121,-3.02677,1.88604,0.180841,0.911316,0.0575342
1729935,0.98,-2.75261,-1.32534,1.01105,-1.94698,1.10108,1.16772,2.20139,-2.75266,-1.32422,1.00895,-1.94565,1.10136,1.16858,2.20139,0.000929642,0.000334716,-0.000148496,0.000279542,0.000316531,0.000110655,0.000203221,0,0,0,0,0,0,0,-0.204456,26.7144,-24.6374,7.44724,0.819719,2.4996,0.038645,-0.18599,2.15199,-3.02726,1.88581,0.180833,0.911302,0.0573326
1729936,0.98,-2.75261,-1.32534,1.01105,-1.94698,1.10108,1.16772,2.20139,-2.75266,-1.32422,1.00895,-1.94565,1.10136,1.16858,2.20139,-2.98529e-05,0.000872758,0.000457814,-0.000370451,0.00021102,7.377e-05,0.000847557,0,0,0,0,0,0,0,-0.176685,26.6867,-24.6612,7.47104,0.819719,2.4996,0.0194189,-0.185403,2.15199,-3.02715,1.88581,0.180832,0.911294,0.0570962
1729937,0.98,-2.75261,-1.32534,1.01105,-1.94698,1.10108,1.16772,2.20139,-2.75266,-1.32422,1.00895,-1.94565,1.10136,1.16858,2.20139,-0.000576714,-6.77753e-05,-0.000808414,-0.000246967,-6.27702e-05,-0.000188179,-0.000147039,0,0,0,0,0,0,0,-0.152882,26.7144,-24.6136,7.47104,0.825212,2.50601,0.038645,-0.184516,2.15103,-3.02651,1.88627,0.180848,0.911282,0.056825
1729938,0.98,-2.75261,-1.32534,1.01105,-1.94698,1.10108,1.16772,2.20139,-2.75266,-1.32422,1.00895,-1.94565,1.10136,1.16858,2.20139,0.000172336,-4.51836e-05,0.000574681,-0.000164645,-4.18468e-05,0.000111906,-9.80257e-05,0,0,0,0,0,0,0,-0.176685,26.7144,-24.6612,7.47104,0.825212,2.4996,0.038645,-0.182886,2.14971,-3.02573,1.88722,0.1809,0.911259,0.0565066
1729939,0.98,-2.75261,-1.32534,1.01105,-1.94698,1.10108,1.16772,2.20139,-2.75266,-1.32422,1.00895,-1.94565,1.10136,1.16858,2.20139,0.00132132,-0.000586934,0.000383121,0.000447049,-2.78979e-05,7.46042e-05,0.000172008,0,0,0,0,0,0,0,-0.22826,26.7383,-24.6612,7.44724,0.825212,2.4996,0.0322363,-0.182868,2.14998,-3.02582,1.88721,0.180886,0.911303,0.0561432
1729940,0.98,-2.75261,-1.32534,1.01105,-1.94698,1.10108,1.16772,2.20139,-2.75266,-1.32422,1.00895,-1.94565,1.10136,1.16858,2.20139,-0.000325548,0.000165522,0.000905028,-0.00146521,-1.85986e-05,-0.000187623,-0.000868672,0,0,0,0,0,0,0,-0.176685,26.7144,-24.689,7.52262,0.825212,2.50601,0.0587866,-0.184492,2.15186,-3.02714,1.88638,0.180814,0.911448,0.0557491
1729941,0.98,-2.75261,-1.32534,1.01105,-1.94698,1.10108,1.16771,2.20139,-2.75266,-1.32422,1.00895,-1.94565,1.10136,1.16858,2.20139,0.000432582,0.000110348,-0.00115989,0.000229622,-1.23991e-05,0.000112277,0.000166871,0,0,0,0,0,0,0,-0.204456,26.7144,-24.6136,7.47104,0.825212,2.4996,0.038645,-0.185388,2.15316,-3.0283,1.88623,0.180788,0.911592,0.0553437
1729942,0.97,-2.75261,-1.32534,1.01105,-1.94698,1.10108,1.16772,2.20139,-2.75266,-1.32422,1.00895,-1.94565,1.10136,1.16858,2.20139,-0.000361226,0.00127999,-0.000216445,0.000153082,0.000432543,7.48514e-05,0.000585965,0,0,0,0,0,0,0,-0.176685,26.6629,-24.6374,7.47104,0.81331,2.4996,0.0258276,-0.185317,2.15245,-3.02758,1.88662,0.180777,0.911597,0.0549465
1729944,0.95,-2.75261,-1.32534,1.01105,-1.94698,1.10108,1.16772,2.20138,-2.75266,-1.32422,1.00895,-1.94565,1.10136,1.16858,2.20139,8.69271e-05,-0.000235399,0.000460614,0.000624848,-0.000305082,-0.000441451,-0.00238443,0,0,0,0,0,0,0,-0.204456,26.7144,-24.6612,7.44724,0.830705,2.51242,0.0972387,-0.186644,2.15011,-3.02431,1.88604,0.180592,0.911444,0.054152
1729945,0.95,-2.75261,-1.32534,1.01105,-1.94698,1.10108,1.16772,2.20139,-2.75266,-1.32422,1.00895,-1.94565,1.10136,1.16858,2.20139,0.000614763,-0.00136336,-0.000249736,0.000416565,0.000203513,0.000180417,0.000309253,0,0,0,0,0,0,0,-0.22826,26.766,-24.6374,7.44724,0.819719,2.4996,0.0459692,-0.189421,2.15175,-3.02445,1.8842,0.180401,0.91146,0.0537505
1729946,0.95,-2.75261,-1.32534,1.01105,-1.94698,1.10108,1.16772,2.20139,-2.75266,-1.32422,1.00895,-1.94565,1.10136,1.16858,2.20139,-0.0013534,0.00029752,-0.000166491,-0.000279102,0.000135675,0.000357637,0.000206169,0,0,0,0,0,0,0,-0.152882,26.7144,-24.6374,7.47104,0.819719,2.49319,0.0459692,-0.19167,2.15401,-3.02514,1.88248,0.180242,0.911481,0.0533999
1729947,0.95,-2.75261,-1.32534,1.01105,-1.94698,1.10108,1.16772,2.20139,-2.75266,-1.32422,1.00895,-1.94565,1.10136,1.16858,2.20139,-0.000345452,0.000198347,0.00109543,-0.000186068,-0.000519901,0.000238425,0.000883431,0,0,0,0,0,0,0,-0.176685,26.7144,-24.689,7.47104,0.836199,2.49319,0.0258276,-0.190946,2.15479,-3.02588,1.88251,0.180213,0.911474,0.0531153
1729948,0.95,-2.75261,-1.32534,1.01105,-1.94698,1.10108,1.16772,2.20138,-2.75266,-1.32422,1.00895,-1.94565,1.10136,1.16858,2.20139,0.000419313,0.000781845,8.06741e-05,0.000432767,6.03002e-05,-0.000553127,-0.00229326,0,0,0,0,0,0,0,-0.204456,26.6867,-24.6612,7.44724,0.825212,2.51242,0.103647,-0.188646,2.15434,-3.0268,1.88359,0.180244,0.911479,0.052871
1729949,0.95,-2.75261,-1.32534,1.01105,-1.94698,1.10108,1.16772,2.20138,-2.75266,-1.32422,1.00895,-1.94565,1.10136,1.16858,2.20139,-0.000370072,-0.000685196,5.37828e-05,0.000288511,4.02001e-05,-0.000131392,-0.00105412,0,0,0,0,0,0,0,-0.176685,26.7383,-24.6612,7.44724,0.825212,2.50601,0.09083,-0.18726,2.15382,-3.0275,1.88417,0.180231,0.911488,0.0526621
1729950,0.95,-2.75261,-1.32534,1.01104,-1.94698,1.10108,1.16772,2.20138,-2.75266,-1.32422,1.00895,-1.94565,1.10136,1.16858,2.20139,-0.000246715,-0.000456797,-0.00172738,-0.000364471,-0.00017665,0.000387123,9.32798e-06,0,0,0,0,0,0,0,-0.176685,26.7383,-24.5858,7.47104,0.830705,2.49319,0.071604,-0.186506,2.15334,-3.02727,1.88436,0.180214,0.911436,0.0525312
1729951,0.95,-2.75261,-1.32534,1.01105,-1.94698,1.10108,1.16772,2.20139,-2.75266,-1.32422,1.00895,-1.94565,1.10136,1.16858,2.20139,0.000485137,-0.000304531,-0.000501975,0.000313831,0.000289134,2.0723e-05,0.000955654,0,0,0,0,0,0,0,-0.204456,26.7383,-24.6136,7.44724,0.819719,2.4996,0.0459692,-0.186287,2.15262,-3.0256,1.88429,0.180211,0.911293,0.0525096
1729952,0.95,-2.75261,-1.32534,1.01105,-1.94698,1.10108,1.16771,2.20138,-2.75266,-1.32422,1.00895,-1.94565,1.10136,1.16858,2.20139,0.000323425,-0.000203021,0.000222162,0.000209221,-1.06945e-05,-0.000460903,-0.00102441,0,0,0,0,0,0,0,-0.204456,26.7383,-24.6374,7.44724,0.825212,2.51242,0.09083,-0.187313,2.15235,-3.02365,1.88357,0.180165,0.911154,0.0525794
1729953,0.95,-2.75261,-1.32534,1.01105,-1.94698,1.10108,1.16772,2.20138,-2.75266,-1.32422,1.00895,-1.94565,1.10136,1.16858,2.20139,-0.000433997,-0.000135347,0.00070492,-0.000417331,-7.12965e-06,-6.99094e-05,-0.000920299,0,0,0,0,0,0,0,-0.176685,26.7383,-24.6612,7.47104,0.825212,2.50601,0.0972387,-0.188518,2.15289,-3.02303,1.88276,0.18011,0.911123,0.0527183
1729954,0.95,-2.75261,-1.32534,1.01104,-1.94698,1.10108,1.16771,2.20138,-2.75266,-1.32422,1.00895,-1.94565,1.10136,1.16858,2.20139,0.000360282,0.00046658,-0.000643677,-0.000278221,0.000198697,-4.66063e-05,0.000573262,0,0,0,0,0,0,0,-0.204456,26.7144,-24.6136,7.47104,0.819719,2.50601,0.0651953,-0.188594,2.15312,-3.02311,1.88275,0.180106,0.911162,0.0529364
1729955,0.95,-2.75261,-1.32534,1.01105,-1.94698,1.10108,1.16771,2.20139,-2.75266,-1.32422,1.00895,-1.94565,1.10136,1.16858,2.20139,-0.000409426,-0.000895372,0.000127694,-0.00139191,-0.000274436,-3.10708e-05,0.00136552,0,0,0,0,0,0,0,-0.176685,26.766,-24.6374,7.52262,0.830705,2.50601,0.038645,-0.187692,2.15259,-3.02289,1.88361,0.180163,0.911209,0.0532388
1729956,0.95,-2.75261,-1.32534,1.01105,-1.94698,1.10108,1.16772,2.20138,-2.75266,-1.32422,1.00895,-1.94565,1.10136,1.16858,2.20139,0.000376663,0.00125912,0.000641941,0.000278488,-0.000386408,0.000216645,-0.00102243,0,0,0,0,0,0,0,-0.204456,26.6867,-24.6612,7.47104,0.836199,2.4996,0.09083,-0.186172,2.15181,-3.02279,1.88505,0.180264,0.911287,0.0535882
1729957,0.95,-2.75261,-1.32534,1.01105,-1.94698,1.10108,1.16771,2.20138,-2.75266,-1.32422,1.00895,-1.94565,1.10136,1.16858,2.20139,-0.000398505,-0.000367009,0.000427961,-0.000463955,0.000149296,-9.29289e-05,-0.000681623,0,0,0,0,0,0,0,-0.176685,26.7383,-24.6612,7.49881,0.825212,2.50601,0.09083,-0.184546,2.15098,-3.02313,1.88651,0.180352,0.911398,0.0539493
1729958,0.96,-2.75261,-1.32534,1.01105,-1.94698,1.10108,1.16771,2.20138,-2.75266,-1.32422,1.00895,-1.94565,1.10136,1.16858,2.20139,0.000383944,0.000312139,-0.000271505,0.000897122,9.95305e-05,0.000175406,-0.000217056,0,0,0,0,0,0,0,-0.204456,26.7144,-24.6374,7.44724,0.825212,2.4996,0.0844213,-0.18361,2.1505,-3.02351,1.88731,0.180389,0.911497,0.0543301
1729959,0.97,-2.75261,-1.32534,1.01105,-1.94698,1.10108,1.16772,2.20139,-2.75266,-1.32422,1.00895,-1.94565,1.10136,1.16858,2.20139,-0.000393651,-0.000348719,0.000375809,4.12697e-05,-0.000137097,-0.000120421,0.00178808,0,0,0,0,0,0,0,-0.176685,26.7383,-24.6612,7.47104,0.830705,2.50601,0.0322363,-0.183737,2.15063,-3.02366,1.88717,0.180365,0.911555,0.0547488
1729960,0.97,-2.75261,-1.32534,1.01105,-1.94698,1.10108,1.16772,2.20138,-2.75266,-1.32422,1.00895,-1.94565,1.10136,1.16858,2.20139,-0.000262434,-0.000232479,-0.000306273,2.75131e-05,0.000112053,-8.02809e-05,-0.00145281,0,0,0,0,0,0,0,-0.176685,26.7383,-24.6374,7.47104,0.825212,2.50601,0.103647,-0.184047,2.15113,-3.0238,1.88675,0.180336,0.911588,0.0551887
1729961,0.97,-2.75261,-1.32534,1.01105,-1.94698,1.10108,1.16772,2.20138,-2.75266,-1.32422,1.00895,-1.94565,1.10136,1.16858,2.20139,-0.000174956,0.000401826,0.00035263,0.000575154,0.000278152,-5.35206e-05,-0.000256461,0,0,0,0,0,0,0,-0.176685,26.7144,-24.6612,7.44724,0.819719,2.50601,0.0844213,-0.184016,2.15153,-3.02385,1.88647,0.180324,0.911607,0.0556247
1729962,0.97,-2.75261,-1.32534,1.01105,-1.94698,1.10108,1.16772,2.20138,-2.75266,-1.32422,1.00895,-1.94565,1.10136,1.16858,2.20139,-0.000673449,-0.000288928,-0.000878537,-0.000173376,-0.000221466,0.000201679,-0.000883051,0,0,0,0,0,0,0,-0.152882,26.7383,-24.6136,7.47104,0.830705,2.4996,0.103647,-0.183615,2.15137,-3.02337,1.88633,0.180319,0.91159,0.0560712
1729963,0.97,-2.75261,-1.32534,1.01104,-1.94698,1.10108,1.16772,2.20139,-2.75266,-1.32422,1.00895,-1.94565,1.10136,1.16858,2.20139,0.00131427,0.000364193,-2.88795e-05,-0.000115584,-0.000147644,0.000134452,0.000835453,0,0,0,0,0,0,0,-0.22826,26.7144,-24.6374,7.47104,0.830705,2.4996,0.0651953,-0.183464,2.15081,-3.02216,1.88622,0.180316,0.911544,0.0565534
1729964,0.97,-2.75261,-1.32534,1.01104,-1.94698,1.10108,1.16772,2.20138,-2.75266,-1.32422,1.00895,-1.94565,1.10136,1.16858,2.20139,-0.000330245,0.000242795,-0.000576065,-0.00072667,-9.84294e-05,8.96349e-05,-0.000392467,0,0,0,0,0,0,0,-0.176685,26.7144,-24.6136,7.49881,0.830705,2.4996,0.09083,-0.184132,2.15003,-3.02039,1.88605,0.18031,0.911504,0.0570752
1729965,0.97,-2.75261,-1.32534,1.01105,-1.94698,1.10108,1.16772,2.20138,-2.75266,-1.32422,1.00895,-1.94565,1.10136,1.16858,2.20139,-0.000220163,0.000161864,0.000172769,-0.000484447,-0.000472521,5.97566e-05,0.000687791,0,0,0,0,0,0,0,-0.176685,26.7144,-24.6374,7.49881,0.841692,2.4996,0.0651953,-0.184078,2.14872,-3.01858,1.88659,0.180365,0.911473,0.0576244
1729966,0.97,-2.75261,-1.32534,1.01105,-1.94698,1.10108,1.16772,2.20139,-2.75266,-1.32422,1.00895,-1.94565,1.10136,1.16858,2.20139,-0.000146775,0.000107909,0.000115179,-0.000879776,0.000295338,3.98377e-05,0.000695886,0,0,0,0,0,0,0,-0.176685,26.7144,-24.6374,7.52262,0.825212,2.4996,0.0587866,-0.182666,2.1472,-3.01738,1.88806,0.180507,0.911466,0.0581849
1729967,0.97,-2.75261,-1.32534,1.01105,-1.94698,1.10108,1.16772,2.20139,-2.75266,-1.32422,1.00895,-1.94565,1.10136,1.16858,2.20139,-9.78503e-05,0.000721553,7.67861e-05,0.00117672,-0.000210009,0.000263917,0.000463924,0,0,0,0,0,0,0,-0.176685,26.6867,-24.6374,7.44724,0.836199,2.49319,0.0587866,-0.181163,2.14594,-3.01673,1.88946,0.180652,0.911469,0.0587303
1729968,0.97,-2.75261,-1.32534,1.01104,-1.94698,1.10108,1.16772,2.20139,-2.75266,-1.32422,1.00895,-1.94565,1.10136,1.16858,2.20139,0.00058438,0.000481036,5.11907e-05,0.000227668,6.34444e-05,-0.000298773,0.00129263,0,0,0,0,0,0,0,-0.204456,26.6867,-24.6374,7.47104,0.830705,2.50601,0.0322363,-0.180899,2.14507,-3.01606,1.88977,0.18071,0.91144,0.0592287
1729969,0.97,-2.75261,-1.32534,1.01104,-1.94698,1.10108,1.16772,2.20139,-2.75266,-1.32422,1.00895,-1.94565,1.10136,1.16858,2.20139,-0.000260027,-0.000885736,3.41271e-05,-0.000497835,4.22963e-05,-0.000436541,0.000624392,0,0,0,0,0,0,0,-0.176685,26.7383,-24.6374,7.49881,0.830705,2.51242,0.038645,-0.181838,2.14508,-3.0157,1.88926,0.180721,0.911421,0.0596521
1729970,0.97,-2.75261,-1.32534,1.01105,-1.94698,1.10108,1.16772,2.20139,-2.75266,-1.32422,1.00895,-1.94565,1.10136,1.16858,2.20139,0.000476263,-0.00059049,0.00122918,0.000317724,0.000231648,0.000183691,-0.000329724,0,0,0,0,0,0,0,-0.204456,26.7383,-24.689,7.47104,0.825212,2.4996,0.0587866,-0.183339,2.14681,-3.01679,1.88847,0.180748,0.911494,0.0599709
1729971,0.97,-2.75261,-1.32534,1.01105,-1.94698,1.10108,1.16772,2.20139,-2.75266,-1.32422,1.00895,-1.94565,1.10136,1.16858,2.20139,-0.000332106,0.000163152,0.000169838,-0.000437798,0.000357883,0.00012246,0.000254902,0,0,0,0,0,0,0,-0.176685,26.7144,-24.6612,7.49881,0.819719,2.4996,0.0459692,-0.184953,2.14971,-3.01919,1.88759,0.180783,0.911648,0.0601802
1729972,0.97,-2.75261,-1.32534,1.01105,-1.94698,1.10108,1.16772,2.20139,-2.75266,-1.32422,1.00895,-1.94565,1.10136,1.16858,2.20139,-0.000221404,-0.000448044,-0.000443587,-0.000291865,-0.000371763,8.16403e-05,-6.74242e-05,0,0,0,0,0,0,0,-0.176685,26.7383,-24.6374,7.49881,0.836199,2.4996,0.0523779,-0.185602,2.15178,-3.02115,1.88737,0.180857,0.911768,0.060299
1729973,0.97,-2.75261,-1.32534,1.01105,-1.94698,1.10108,1.16771,2.20139,-2.75266,-1.32422,1.00895,-1.94565,1.10136,1.16858,2.20139,-0.000147602,0.000258116,-0.000295725,0.00156866,-0.000247842,-0.000420291,0.000938395,0,0,0,0,0,0,0,-0.176685,26.7144,-24.6374,7.42344,0.836199,2.51242,0.0258276,-0.185742,2.15269,-3.0217,1.88733,0.180931,0.911777,0.0603407
1729974,0.97,-2.75261,-1.32534,1.01105,-1.94698,1.10108,1.16771,2.20139,-2.75266,-1.32422,1.00895,-1.94565,1.10136,1.16858,2.20139,-9.84016e-05,-0.00103435,0.00100928,0.000488962,0.000682482,0.000194524,-0.000120389,0,0,0,0,0,0,0,-0.176685,26.766,-24.689,7.44724,0.81331,2.4996,0.0459692,-0.186741,2.15397,-3.022,1.88633,0.180926,0.911744,0.0603069
1729975,0.97,-2.75261,-1.32534,1.01105,-1.94698,1.10108,1.16772,2.20139,-2.75266,-1.32422,1.00895,-1.94565,1.10136,1.16858,2.20139,0.00114082,-3.99518e-05,0.000672851,-0.000230837,-0.000189272,0.000367042,0.000428367,0,0,0,0,0,0,0,-0.22826,26.7383,-24.689,7.47104,0.830705,2.49319,0.0322363,-0.188887,2.15658,-3.02346,1.88456,0.180864,0.911795,0.0601956
1729976,0.97,-2.75261,-1.32534,1.01105,-1.94698,1.10108,1.16772,2.20139,-2.75266,-1.32422,1.00895,-1.94565,1.10136,1.16858,2.20139,-0.00100269,-2.66346e-05,-0.000757859,0.00040292,0.00028072,7.3354e-06,4.82191e-05,0,0,0,0,0,0,0,-0.152882,26.7383,-24.6374,7.44724,0.819719,2.4996,0.038645,-0.191016,2.15898,-3.02491,1.88307,0.180814,0.911868,0.0600123
1729977,0.97,-2.75261,-1.32534,1.01105,-1.94698,1.10108,1.16772,2.20139,-2.75266,-1.32422,1.00895,-1.94565,1.10136,1.16858,2.20139,-0.000668459,-1.77564e-05,5.15728e-05,0.000268614,-1.63039e-05,-0.000469828,0.000744223,0,0,0,0,0,0,0,-0.152882,26.7383,-24.6612,7.44724,0.825212,2.51242,0.0194189,-0.191185,2.15941,-3.02498,1.8827,0.180829,0.91183,0.0597658
1729978,0.97,-2.75261,-1.32534,1.01105,-1.94698,1.10108,1.16771,2.20139,-2.75266,-1.32422,1.00895,-1.94565,1.10136,1.16858,2.20139,0.000111173,-1.18376e-05,3.43819e-05,-0.00102735,-0.000621221,-7.58595e-05,-0.000215928,0,0,0,0,0,0,0,-0.176685,26.7383,-24.6612,7.49881,0.841692,2.50601,0.038645,-0.189478,2.15845,-3.02441,1.8835,0.18092,0.911746,0.0594572
1729979,0.97,-2.75261,-1.32534,1.01105,-1.94698,1.10108,1.16772,2.20139,-2.75266,-1.32422,1.00895,-1.94565,1.10136,1.16858,2.20139,7.41152e-05,-7.89172e-06,2.29213e-05,-3.52862e-05,0.000196204,-0.000525291,9.34068e-05,0,0,0,0,0,0,0,-0.176685,26.7383,-24.6612,7.47104,0.825212,2.51882,0.0322363,-0.18744,2.15715,-3.02385,1.88489,0.181052,0.911709,0.059086
1729980,0.97,-2.75261,-1.32534,1.01105,-1.94698,1.10108,1.16772,2.20139,-2.75266,-1.32422,1.00895,-1.94565,1.10136,1.16858,2.20139,0.00181265,-5.26115e-06,0.00122171,-0.000673138,-0.000276098,-0.000112835,0.00029963,0,0,0,0,0,0,0,-0.252064,26.7383,-24.7128,7.49881,0.836199,2.51242,0.0258276,-0.186915,2.15665,-3.02383,1.88574,0.181144,0.911778,0.0586605
1729981,0.97,-2.75261,-1.32534,1.01105,-1.94698,1.10108,1.16772,2.20139,-2.75266,-1.32422,1.00895,-1.94565,1.10136,1.16858,2.20139,-0.00111162,-3.50743e-06,-0.000391955,-0.000448759,1.93851e-05,0.000162136,-0.000546232,0,0,0,0,0,0,0,-0.152882,26.7383,-24.6612,7.49881,0.830705,2.50601,0.0459692,-0.187565,2.15694,-3.02447,1.88613,0.181203,0.911942,0.0581907
1729982,0.97,-2.75261,-1.32534,1.01105,-1.94698,1.10108,1.16771,2.20139,-2.75266,-1.32422,1.00895,-1.94565,1.10136,1.16858,2.20139,0.000465347,-2.33829e-06,0.000388311,0.000350441,1.29234e-05,0.00010809,-9.28872e-05,0,0,0,0,0,0,0,-0.204456,26.7383,-24.689,7.47104,0.830705,2.50601,0.038645,-0.187419,2.15683,-3.02492,1.88683,0.181294,0.912086,0.057687
1729983,0.97,-2.75261,-1.32534,1.01105,-1.94698,1.10108,1.16772,2.20139,-2.75266,-1.32422,1.00895,-1.94565,1.10136,1.16858,2.20139,0.000310232,0.000555253,0.000258874,-0.000415986,8.61559e-06,-0.000165299,-0.00080791,0,0,0,0,0,0,0,-0.204456,26.7144,-24.689,7.49881,0.830705,2.51242,0.0587866,-0.187103,2.15639,-3.02504,1.88742,0.181375,0.912196,0.0571692
1729984,0.97,-2.75261,-1.32534,1.01105,-1.94698,1.10108,1.16772,2.20139,-2.75266,-1.32422,1.00895,-1.94565,1.10136,1.16858,2.20139,-0.00164922,0.00101978,-0.00103384,0.00037229,-0.000197707,-0.000110199,-0.000301248,0,0,0,0,0,0,0,-0.125111,26.6867,-24.6374,7.47104,0.836199,2.51242,0.0523779,-0.185939,2.15468,-3.02428,1.8884,0.181473,0.912244,0.0566638
1729985,0.97,-2.75261,-1.32534,1.01105,-1.94698,1.10108,1.16772,2.20139,-2.75266,-1.32422,1.00895,-1.94565,1.10136,1.16858,2.20139,-0.000449865,-0.00117618,-0.000132417,0.000248193,7.1646e-05,0.000163893,0.000307794,0,0,0,0,0,0,0,-0.152882,26.766,-24.6612,7.47104,0.830705,2.50601,0.038645,-0.182952,2.15168,-3.02252,1.89008,0.181634,0.912182,0.0561924
1729986,0.97,-2.75261,-1.32534,1.01105,-1.94698,1.10108,1.16771,2.20139,-2.75266,-1.32422,1.00895,-1.94565,1.10136,1.16858,2.20139,0.000256902,0.000422303,-8.8278e-05,-0.000484152,4.7764e-05,0.000109262,0.000442555,0,0,0,0,0,0,0,-0.176685,26.7144,-24.6612,7.49881,0.830705,2.50601,0.0322363,-0.180347,2.1497,-3.02118,1.89134,0.181794,0.912132,0.0557592
1729987,0.97,-2.75261,-1.32534,1.01105,-1.94698,1.10108,1.16772,2.20139,-2.75266,-1.32422,1.00895,-1.94565,1.10136,1.16858,2.20139,-0.000385544,0.000281535,-0.000615664,-0.000322768,0.000235293,0.0003102,0.000769755,0,0,0,0,0,0,0,-0.152882,26.7144,-24.6374,7.49881,0.825212,2.4996,0.0194189,-0.178719,2.14836,-3.0201,1.89226,0.181939,0.912132,0.0553526
1729988,0.97,-2.75261,-1.32534,1.01105,-1.94698,1.10108,1.16772,2.20139,-2.75266,-1.32422,1.00895,-1.94565,1.10136,1.16858,2.20139,-0.000257029,-0.000369122,0.000795983,0.000434435,0.000156862,-0.000505277,-0.000944892,0,0,0,0,0,0,0,-0.152882,26.7383,-24.689,7.47104,0.825212,2.51882,0.0587866,-0.177382,2.14722,-3.01929,1.8931,0.18207,0.912163,0.0549496
1729989,0.97,-2.75261,-1.32534,1.01105,-1.94698,1.10108,1.16771,2.20139,-2.75266,-1.32422,1.00895,-1.94565,1.10136,1.16858,2.20139,0.000385459,-0.000246081,-0.000118958,0.000846436,-9.88758e-05,-9.94922e-05,0.000590775,0,0,0,0,0,0,0,-0.176685,26.7383,-24.6612,7.44724,0.830705,2.51242,0.0258276,-0.177356,2.1477,-3.01971,1.8929,0.182118,0.912267,0.0545381
1729990,0.97,-2.75261,-1.32534,1.01105,-1.94698,1.10108,1.16771,2.20139,-2.75266,-1.32422,1.00895,-1.94565,1.10136,1.16858,2.20139,0.000256973,-0.000164054,0.000570308,0.0011211,0.000137533,-6.63281e-05,-0.000352135,0,0,0,0,0,0,0,-0.176685,26.7383,-24.689,7.42344,0.825212,2.51242,0.0459692,-0.179484,2.14992,-3.02098,1.89111,0.182038,0.912429,0.0541246
1729991,0.97,-2.75261,-1.32534,1.01105,-1.94698,1.10108,1.16771,2.20139,-2.75266,-1.32422,1.00895,-1.94565,1.10136,1.16858,2.20139,0.000171315,0.00109706,-0.00082622,-0.000366222,-0.000111762,0.00019314,0.000273869,0,0,0,0,0,0,0,-0.176685,26.6867,-24.6374,7.47104,0.830705,2.50601,0.0322363,-0.182306,2.15192,-3.02178,1.88886,0.181906,0.912584,0.053715
1729992,0.97,-2.75261,-1.32534,1.01105,-1.94698,1.10108,1.16771,2.20139,-2.75266,-1.32422,1.00895,-1.94565,1.10136,1.16858,2.20139,0.00011421,8.1757e-05,5.99839e-06,-0.000244148,0.000128943,0.000366119,-0.000800765,0,0,0,0,0,0,0,-0.176685,26.7144,-24.6612,7.47104,0.825212,2.4996,0.0587866,-0.183922,2.152,-3.02129,1.88766,0.181835,0.912691,0.053313
1729993,0.97,-2.75261,-1.32534,1.01105,-1.94698,1.10108,1.16771,2.20139,-2.75266,-1.32422,1.00895,-1.94565,1.10136,1.16858,2.20139,0.00128257,0.000704119,-0.000552813,-0.000812379,8.59618e-05,6.72044e-06,-0.000296484,0,0,0,0,0,0,0,-0.22826,26.6867,-24.6374,7.49881,0.825212,2.50601,0.0523779,-0.184859,2.15091,-3.02001,1.88736,0.181824,0.912786,0.0529261
1729994,0.97,-2.75261,-1.32534,1.01105,-1.94698,1.10108,1.16772,2.20139,-2.75266,-1.32422,1.00895,-1.94565,1.10136,1.16858,2.20139,0.000855044,-0.000737013,-0.000368542,-0.000541586,-0.000146143,4.48029e-06,3.97029e-05,0,0,0,0,0,0,0,-0.22826,26.7383,-24.6374,7.49881,0.830705,2.50601,0.0459692,-0.186628,2.1501,-3.01863,1.88705,0.181815,0.91291,0.0525691
1729995,0.97,-2.75261,-1.32534,1.01105,-1.94698,1.10108,1.16772,2.20139,-2.75266,-1.32422,1.00895,-1.94565,1.10136,1.16858,2.20139,-0.000636397,6.54696e-05,-0.000245695,0.000288556,0.000106022,0.000240346,-0.000448249,0,0,0,0,0,0,0,-0.176685,26.7144,-24.6374,7.47104,0.825212,2.4996,0.0587866,-0.188599,2.15004,-3.01767,1.88665,0.181811,0.913038,0.0522515
1729996,0.97,-2.75261,-1.32534,1.01105,-1.94698,1.10108,1.16771,2.20138,-2.75266,-1.32422,1.00895,-1.94565,1.10136,1.16858,2.20139,0.000782162,4.36464e-05,0.00104263,-0.000457243,-0.000132769,-7.71284e-05,-0.00124827,0,0,0,0,0,0,0,-0.22826,26.7144,-24.689,7.49881,0.830705,2.50601,0.0844213,-0.189584,2.1505,-3.0178,1.88654,0.181828,0.913179,0.0519783
1729997,0.97,-2.75261,-1.32534,1.01105,-1.94698,1.10108,1.16772,2.20138,-2.75266,-1.32422,1.00895,-1.94565,1.10136,1.16858,2.20139,-3.53709e-05,2.90976e-05,0.0012519,0.000344785,0.000114938,-0.000288778,-0.000120102,0,0,0,0,0,0,0,-0.204456,26.7144,-24.7128,7.47104,0.825212,2.51242,0.0651953,-0.190122,2.15177,-3.01969,1.88656,0.181841,0.913402,0.0517694
1729998,0.97,-2.75261,-1.32534,1.01105,-1.94698,1.10108,1.16771,2.20139,-2.75266,-1.32422,1.00895,-1.94565,1.10136,1.16858,2.20139,-2.35806e-05,1.93984e-05,0.000834599,-0.000419757,-0.000126825,4.48404e-05,0.000632009,0,0,0,0,0,0,0,-0.204456,26.7144,-24.7128,7.49881,0.830705,2.50601,0.0459692,-0.190295,2.15371,-3.0231,1.88669,0.181854,0.913697,0.0516472
1729999,0.97,-2.75261,-1.32534,1.01105,-1.94698,1.10108,1.16772,2.20138,-2.75266,-1.32422,1.00895,-1.94565,1.10136,1.16858,2.20139,-1.57204e-05,-0.00054388,-4.12731e-07,-0.00083665,-8.45502e-05,0.000267253,-0.000290738,0,0,0,0,0,0,0,-0.204456,26.7383,-24.689,7.52262,0.830705,2.4996,0.0651953,-0.189596,2.15539,-3.02667,1.88741,0.181916,0.913975,0.0516026
1730000,0.97,-2.75261,-1.32534,1.01105,-1.94698,1.10108,1.16772,2.20138,-2.75266,-1.32422,1.00895,-1.94565,1.10136,1.16858,2.20139,0.000546332,0.000194225,-2.75154e-07,0.000648659,-0.000259817,-0.00029655,-0.00114326,0,0,0,0,0,0,0,-0.22826,26.7144,-24.689,7.47104,0.836199,2.51242,0.09083,-0.188973,2.15655,-3.02926,1.88823,0.181991,0.914175,0.0516088
1730001,0.97,-2.75261,-1.32534,1.01105,-1.94698,1.10108,1.16772,2.20139,-2.75266,-1.32422,1.00895,-1.94565,1.10136,1.16858,2.20139,-0.000192591,0.000779098,-0.000649797,-0.000217174,0.000233689,3.96592e-05,0.000424621,0,0,0,0,0,0,0,-0.204456,26.6867,-24.6612,7.49881,0.825212,2.50601,0.0587866,-0.188939,2.1566,-3.03009,1.88868,0.182027,0.91425,0.0516685
1730002,0.97,-2.75261,-1.32534,1.01105,-1.94698,1.10108,1.16771,2.20138,-2.75266,-1.32422,1.00895,-1.94565,1.10136,1.16858,2.20139,-0.000778008,-0.000130216,0.000216416,-0.000144783,-4.76575e-05,2.64395e-05,-0.00114107,0,0,0,0,0,0,0,-0.176685,26.7144,-24.689,7.49881,0.830705,2.50601,0.0972387,-0.188042,2.15501,-3.02951,1.8896,0.182087,0.914215,0.0517972
1730003,0.97,-2.75261,-1.32534,1.01105,-1.94698,1.10108,1.16771,2.20139,-2.75266,-1.32422,1.00895,-1.94565,1.10136,1.16858,2.20139,0.000130942,-0.00129324,0.000144277,-9.6522e-05,-3.17717e-05,-0.000219733,0.000900797,0,0,0,0,0,0,0,-0.204456,26.766,-24.689,7.49881,0.830705,2.51242,0.0523779,-0.186445,2.1537,-3.02934,1.89086,0.182191,0.91418,0.0519948
1730004,0.97,-2.75261,-1.32534,1.01105,-1.94698,1.10108,1.16772,2.20138,-2.75266,-1.32422,1.00895,-1.94565,1.10136,1.16858,2.20139,8.72947e-05,-0.000212544,0.000652997,-6.4348e-05,0.000182269,9.08705e-05,-0.00106098,0,0,0,0,0,0,0,-0.204456,26.7383,-24.7128,7.49881,0.825212,2.50601,0.0972387,-0.185898,2.15432,-3.03058,1.89148,0.182272,0.914228,0.0522541
1730005,0.97,-2.75261,-1.32534,1.01105,-1.94698,1.10108,1.16772,2.20138,-2.75266,-1.32422,1.00895,-1.94565,1.10136,1.16858,2.20139,-0.000591417,0.000415116,-0.000771095,0.000606715,0.000121513,-0.000414138,-0.000232603,0,0,0,0,0,0,0,-0.176685,26.7144,-24.6612,7.47104,0.825212,2.51882,0.0844213,-0.185957,2.15524,-3.0319,1.8917,0.182317,0.914287,0.0525687
1730006,0.97,-2.75261,-1.32534,1.01105,-1.94698,1.10108,1.16772,2.20138,-2.75266,-1.32422,1.00895,-1.94565,1.10136,1.16858,2.20139,-0.00095109,-0.000929682,0.000135551,-0.000801949,8.10086e-05,0.000198626,-0.000392428,0,0,0,0,0,0,0,-0.152882,26.766,-24.689,7.52262,0.825212,2.50601,0.09083,-0.185017,2.15499,-3.03233,1.89243,0.182382,0.914286,0.0529443
1730007,0.97,-2.75261,-1.32534,1.01105,-1.94698,1.10108,1.16771,2.20138,-2.75266,-1.32422,1.00895,-1.94565,1.10136,1.16858,2.20139,0.000572366,2.98261e-05,9.03672e-05,0.000671793,5.40057e-05,-0.000104941,-0.000261618,0,0,0,0,0,0,0,-0.204456,26.7383,-24.689,7.47104,0.825212,2.51242,0.09083,-0.183704,2.15466,-3.03272,1.89341,0.182461,0.914291,0.0533864
1730008,0.97,-2.75261,-1.32534,1.01105,-1.94698,1.10108,1.16771,2.20138,-2.75266,-1.32422,1.00895,-1.94565,1.10136,1.16858,2.20139,-0.000268037,1.98841e-05,-0.000589369,0.000447862,-0.000167447,-6.9961e-05,-0.000411771,0,0,0,0,0,0,0,-0.176685,26.7383,-24.6612,7.47104,0.830705,2.51242,0.0972387,-0.183712,2.15477,-3.03295,1.89361,0.182462,0.914314,0.0538923
1730009,0.97,-2.75261,-1.32534,1.01105,-1.94698,1.10108,1.16771,2.20139,-2.75266,-1.32422,1.00895,-1.94565,1.10136,1.16858,2.20139,-0.000735503,1.32561e-05,0.000813513,-0.000351039,-0.000111631,-4.66407e-05,-3.71552e-05,0,0,0,0,0,0,0,-0.152882,26.7383,-24.7128,7.49881,0.830705,2.51242,0.09083,-0.183886,2.15457,-3.03288,1.89365,0.182433,0.914337,0.0544634
1730010,0.97,-2.75261,-1.32534,1.01105,-1.94698,1.10108,1.16771,2.20138,-2.75266,-1.32422,1.00895,-1.94565,1.10136,1.16858,2.20139,0.00071609,8.83737e-06,-0.000664084,0.0009724,-7.44208e-05,-3.10938e-05,0.000212589,0,0,0,0,0,0,0,-0.204456,26.7383,-24.6612,7.44724,0.830705,2.51242,0.0844213,-0.183752,2.15427,-3.033,1.89388,0.182413,0.914389,0.055097
1730011,0.97,-2.75261,-1.32534,1.01105,-1.94698,1.10108,1.16771,2.20138,-2.75266,-1.32422,1.00895,-1.94565,1.10136,1.16858,2.20139,-0.00137865,0.000562704,0.000763703,-0.000558159,-4.96138e-05,0.00021663,0.000141726,0,0,0,0,0,0,0,-0.125111,26.7144,-24.7128,7.49881,0.830705,2.50601,0.0844213,-0.183635,2.15377,-3.03304,1.89406,0.182389,0.914454,0.0557793
1730012,0.97,-2.75261,-1.32534,1.01105,-1.94698,1.10108,1.16772,2.20138,-2.75266,-1.32422,1.00895,-1.94565,1.10136,1.16858,2.20139,0.000287328,0.000375136,-4.76764e-05,-0.000372106,-3.30759e-05,-0.000330298,9.44839e-05,0,0,0,0,0,0,0,-0.176685,26.7144,-24.689,7.49881,0.830705,2.51882,0.0844213,-0.182117,2.15241,-3.03312,1.89518,0.182436,0.914537,0.0564944
1730013,0.97,-2.75261,-1.32535,1.01105,-1.94698,1.10108,1.16771,2.20138,-2.75266,-1.32422,1.00895,-1.94565,1.10136,1.16858,2.20139,0.00139798,-0.00151315,-0.000681398,-0.000248071,-2.20506e-05,0.000254519,-0.000649088,0,0,0,0,0,0,0,-0.22826,26.7898,-24.6612,7.49881,0.830705,2.50601,0.103647,-0.181528,2.15166,-3.0333,1.89607,0.182485,0.914669,0.0572204
1730014,0.97,-2.75261,-1.32534,1.01105,-1.94698,1.10108,1.16771,2.20138,-2.75266,-1.32422,1.00895,-1.94565,1.10136,1.16858,2.20139,-0.00027444,0.000197661,0.00130897,0.000484233,0.00018875,-6.76795e-05,0.000516711,0,0,0,0,0,0,0,-0.176685,26.7383,-24.7366,7.47104,0.825212,2.51242,0.0780126,-0.183809,2.15312,-3.03403,1.89536,0.182442,0.914866,0.0579487
1730015,0.97,-2.75261,-1.32534,1.01105,-1.94698,1.10108,1.16771,2.20138,-2.75266,-1.32422,1.00895,-1.94565,1.10136,1.16858,2.20139,-0.00018296,0.000688586,0.000872648,-0.000883604,-0.000484518,0.000192239,-0.000604962,0,0,0,0,0,0,0,-0.176685,26.7144,-24.7366,7.52262,0.841692,2.50601,0.103647,-0.185657,2.15504,-3.03594,1.89478,0.182409,0.915127,0.0586899
1730016,0.97,-2.75261,-1.32534,1.01105,-1.94698,1.10108,1.16771,2.20138,-2.75266,-1.32422,1.00895,-1.94565,1.10136,1.16858,2.20139,0.00108445,0.00110867,2.49536e-05,0.000617357,0.000287339,0.00012816,0.00102085,0,0,0,0,0,0,0,-0.22826,26.6867,-24.7128,7.47104,0.825212,2.50601,0.0651953,-0.186094,2.15551,-3.03774,1.89511,0.182421,0.915381,0.0594437
1730017,0.97,-2.75261,-1.32534,1.01105,-1.94698,1.10108,1.16771,2.20138,-2.75266,-1.32422,1.00895,-1.94565,1.10136,1.16858,2.20139,0.000722968,8.95002e-05,1.66357e-05,-0.000238043,-1.18909e-05,8.54397e-05,-0.00074359,0,0,0,0,0,0,0,-0.22826,26.7144,-24.7128,7.49881,0.830705,2.50601,0.103647,-0.187426,2.15508,-3.03832,1.89502,0.182388,0.915565,0.0601945
1730018,0.97,-2.75261,-1.32534,1.01105,-1.94698,1.10108,1.16771,2.20138,-2.75266,-1.32422,1.00895,-1.94565,1.10136,1.16858,2.20139,-7.48331e-05,0.000709281,1.10905e-05,0.000490919,-0.000211378,0.000294319,0.00021635,0,0,0,0,0,0,0,-0.204456,26.6867,-24.7128,7.47104,0.836199,2.4996,0.0844213,-0.189452,2.15442,-3.03813,1.89448,0.182326,0.915675,0.0609289
1730019,0.97,-2.75261,-1.32534,1.01105,-1.94698,1.10108,1.16771,2.20139,-2.75266,-1.32422,1.00895,-1.94565,1.10136,1.16858,2.20139,-4.98887e-05,-0.00017676,0.000564206,-0.000879147,0.000265983,-0.000278505,0.000144234,0,0,0,0,0,0,0,-0.204456,26.7144,-24.7366,7.52262,0.825212,2.51242,0.0844213,-0.190423,2.15353,-3.03809,1.89447,0.182322,0.915745,0.061651
1730020,0.97,-2.75261,-1.32534,1.01105,-1.94698,1.10108,1.16771,2.20139,-2.75266,-1.32422,1.00895,-1.94565,1.10136,1.16858,2.20139,-0.000682873,-0.00011784,0.000376137,-2.92859e-05,-2.61288e-05,5.16887e-05,0.000570874,0,0,0,0,0,0,0,-0.176685,26.7144,-24.7366,7.49881,0.830705,2.50601,0.071604,-0.189785,2.15279,-3.03899,1.89538,0.182413,0.915825,0.0623624
1730021,0.97,-2.75261,-1.32534,1.01105,-1.94698,1.10108,1.16772,2.20138,-2.75266,-1.32422,1.00895,-1.94565,1.10136,1.16858,2.20139,-0.000455249,-7.856e-05,-0.000306054,-1.95239e-05,0.000186031,-0.0002029,0.000143223,0,0,0,0,0,0,0,-0.176685,26.7144,-24.7128,7.49881,0.825212,2.51242,0.0780126,-0.187961,2.15222,-3.04042,1.89685,0.182564,0.915888,0.0630477
1730022,0.97,-2.75261,-1.32534,1.01105,-1.94698,1.10108,1.16771,2.20138,-2.75266,-1.32422,1.00895,-1.94565,1.10136,1.16858,2.20139,0.000346115,-5.23734e-05,-0.000760848,-1.30159e-05,-0.00028288,0.000102092,0.000332841,0,0,0,0,0,0,0,-0.204456,26.7144,-24.689,7.49881,0.836199,2.50601,0.071604,-0.186283,2.15144,-3.04115,1.89811,0.182703,0.915878,0.0636895
1730023,0.97,-2.75261,-1.32534,1.01105,-1.94698,1.10108,1.16771,2.20138,-2.75266,-1.32422,1.00895,-1.94565,1.10136,1.16858,2.20139,0.000230743,0.000614698,4.958e-05,-8.67729e-06,1.48637e-05,6.80616e-05,-0.000490183,0,0,0,0,0,0,0,-0.204456,26.6867,-24.7128,7.49881,0.830705,2.50601,0.09083,-0.185745,2.1504,-3.04088,1.8988,0.182789,0.915815,0.0642792
1730024,0.97,-2.75261,-1.32534,1.01105,-1.94698,1.10108,1.16771,2.20139,-2.75266,-1.32422,1.00895,-1.94565,1.10136,1.16858,2.20139,-0.000495785,-0.000239815,3.30533e-05,-5.78486e-06,0.00021336,0.000282733,0.00133472,0,0,0,0,0,0,0,-0.176685,26.7144,-24.7128,7.49881,0.825212,2.4996,0.0459692,-0.185651,2.1493,-3.04054,1.89927,0.182849,0.915753,0.0648221
1730025,0.97,-2.75261,-1.32534,1.01105,-1.94698,1.10108,1.16771,2.20139,-2.75266,-1.32422,1.00895,-1.94565,1.10136,1.16858,2.20139,-0.000330523,-0.000159877,2.20356e-05,-3.85657e-06,-6.12107e-05,-0.000523588,0.000415098,0,0,0,0,0,0,0,-0.176685,26.7144,-24.7128,7.49881,0.830705,2.51882,0.0587866,-0.185149,2.14856,-3.0409,1.89987,0.182921,0.915713,0.0653169
1730026,0.97,-2.75261,-1.32534,1.01105,-1.94698,1.10108,1.16771,2.20139,-2.75266,-1.32422,1.00895,-1.94565,1.10136,1.16858,2.20139,0.000429265,-0.000663396,1.46904e-05,0.000647043,-0.000244258,0.000125659,0.00075145,0,0,0,0,0,0,0,-0.204456,26.7383,-24.7128,7.47104,0.836199,2.50601,0.0459692,-0.185172,2.14883,-3.04198,1.90002,0.182967,0.915706,0.0657389
1730027,0.97,-2.75261,-1.32534,1.01105,-1.94698,1.10108,1.16771,2.20138,-2.75266,-1.32422,1.00895,-1.94565,1.10136,1.16858,2.20139,-0.000363437,0.000764162,0.000566606,-0.000775064,-0.000162838,-0.000153586,-0.00021111,0,0,0,0,0,0,0,-0.176685,26.6867,-24.7366,7.52262,0.836199,2.51242,0.0651953,-0.185872,2.14971,-3.04355,1.89979,0.182987,0.915744,0.0660683
1730028,0.97,-2.75261,-1.32534,1.01105,-1.94698,1.10108,1.16771,2.20139,-2.75266,-1.32422,1.00895,-1.94565,1.10136,1.16858,2.20139,-0.000799103,-0.000140173,-0.000179075,4.01026e-05,-0.000108559,-0.000102391,0.00155468,0,0,0,0,0,0,0,-0.152882,26.7144,-24.7128,7.49881,0.836199,2.51242,0.0194189,-0.185312,2.1497,-3.04516,1.90046,0.18307,0.915801,0.0663066
1730029,0.97,-2.75261,-1.32534,1.01105,-1.94698,1.10108,1.16771,2.20139,-2.75266,-1.32422,1.00895,-1.94565,1.10136,1.16858,2.20139,2.40763e-05,0.000556165,-0.000676195,0.000676349,0.000131078,-6.82605e-05,0.000324377,0,0,0,0,0,0,0,-0.176685,26.6867,-24.689,7.47104,0.830705,2.51242,0.038645,-0.183778,2.1486,-3.04603,1.90162,0.183193,0.915808,0.066447
1730030,0.97,-2.75261,-1.32534,1.01105,-1.94698,1.10108,1.16771,2.20139,-2.75266,-1.32422,1.00895,-1.94565,1.10136,1.16858,2.20139,0.000665665,-0.00148526,0.000106015,0.00100771,0.000494286,-4.5507e-05,0.000690969,0,0,0,0,0,0,0,-0.204456,26.766,-24.7128,7.44724,0.819719,2.51242,0.0258276,-0.184137,2.14831,-3.04638,1.90136,0.18322,0.915787,0.0664653
1730031,0.97,-2.75261,-1.32534,1.01105,-1.94698,1.10108,1.16771,2.20139,-2.75266,-1.32422,1.00895,-1.94565,1.10136,1.16858,2.20139,0.000443777,-0.000340561,7.06768e-05,0.000114996,-7.73768e-05,-0.000267697,-0.000522698,0,0,0,0,0,0,0,-0.204456,26.7383,-24.7128,7.47104,0.830705,2.51882,0.0523779,-0.187355,2.15036,-3.04751,1.89922,0.183125,0.91584,0.0663512
1730032,0.97,-2.75261,-1.32534,1.01105,-1.94698,1.10108,1.16772,2.20139,-2.75266,-1.32422,1.00895,-1.94565,1.10136,1.16858,2.20139,0.000295851,0.000329771,-0.000509694,-0.00057295,-5.15846e-05,5.88943e-05,0.00039752,0,0,0,0,0,0,0,-0.204456,26.7144,-24.689,7.49881,0.830705,2.51242,0.0322363,-0.191064,2.1528,-3.04885,1.89701,0.183024,0.915955,0.0661239
1730033,0.97,-2.75261,-1.32534,1.01105,-1.94698,1.10108,1.16771,2.20139,-2.75266,-1.32422,1.00895,-1.94565,1.10136,1.16858,2.20139,-0.00100919,-0.000336965,0.000773828,0.000824459,-0.00023784,3.92629e-05,-0.000243613,0,0,0,0,0,0,0,-0.152882,26.7383,-24.7366,7.44724,0.836199,2.51242,0.0459692,-0.192899,2.15384,-3.04986,1.89608,0.183005,0.916076,0.0658116
1730034,0.97,-2.75261,-1.32534,1.01105,-1.94698,1.10108,1.16771,2.20139,-2.75266,-1.32422,1.00895,-1.94565,1.10136,1.16858,2.20139,-0.000115983,-0.000224643,-4.09267e-05,-7.17256e-06,0.000451791,-0.000211184,0.000583577,0,0,0,0,0,0,0,-0.176685,26.7383,-24.7128,7.47104,0.819719,2.51882,0.0258276,-0.192866,2.15441,-3.0514,1.89597,0.183046,0.916212,0.0654324
1730035,0.97,-2.75261,-1.32534,1.01105,-1.94698,1.10108,1.16771,2.20139,-2.75266,-1.32422,1.00895,-1.94565,1.10136,1.16858,2.20139,0.0011291,0.00040705,-2.72845e-05,-4.78171e-06,9.77438e-05,0.000333929,0.000151692,0,0,0,0,0,0,0,-0.22826,26.7144,-24.7128,7.47104,0.825212,2.50601,0.0322363,-0.192794,2.15486,-3.05292,1.89587,0.18308,0.916368,0.0649952
1730036,0.97,-2.75261,-1.32534,1.01105,-1.94698,1.10108,1.16771,2.20139,-2.75266,-1.32422,1.00895,-1.94565,1.10136,1.16858,2.20139,-0.00045369,0.000920981,-1.81897e-05,0.000553624,0.000268613,-1.47398e-05,-0.000407498,0,0,0,0,0,0,0,-0.176685,26.6867,-24.7128,7.44724,0.819719,2.51242,0.0459692,-0.193344,2.15447,-3.05347,1.89559,0.18307,0.916507,0.0645029
1730037,0.97,-2.75261,-1.32534,1.01105,-1.94698,1.10108,1.16771,2.20139,-2.75266,-1.32422,1.00895,-1.94565,1.10136,1.16858,2.20139,-0.00030246,-3.56269e-05,-0.00121855,-0.00139416,-0.000227826,-0.000247185,0.000236961,0,0,0,0,0,0,0,-0.176685,26.7144,-24.6612,7.52262,0.830705,2.51882,0.0322363,-0.192667,2.1524,-3.05282,1.89616,0.183095,0.91658,0.0639667
1730038,0.97,-2.75261,-1.32534,1.01105,-1.94698,1.10108,1.16771,2.20139,-2.75266,-1.32422,1.00895,-1.94565,1.10136,1.16858,2.20139,-0.00020164,-0.00123018,-0.000162754,-0.000372625,-0.000151884,7.25686e-05,-7.93851e-05,0,0,0,0,0,0,0,-0.176685,26.766,-24.689,7.49881,0.830705,2.51242,0.038645,-0.190517,2.14979,-3.0517,1.89781,0.183213,0.916625,0.0634011
1730039,0.97,-2.75261,-1.32534,1.01105,-1.94698,1.10108,1.16771,2.20139,-2.75266,-1.32422,1.00895,-1.94565,1.10136,1.16858,2.20139,-0.000134427,0.00103592,0.00100512,-0.000248417,-0.000101256,4.83791e-05,0.000659153,0,0,0,0,0,0,0,-0.176685,26.6867,-24.7366,7.49881,0.830705,2.51242,0.0194189,-0.188223,2.14827,-3.05164,1.89961,0.183355,0.916739,0.0628142
1730040,0.97,-2.75261,-1.32534,1.01105,-1.94698,1.10108,1.16771,2.20139,-2.75266,-1.32422,1.00895,-1.94565,1.10136,1.16858,2.20139,-8.96177e-05,-0.000515811,-0.000443543,-0.000165611,0.000135947,-0.000205106,-0.00101863,0,0,0,0,0,0,0,-0.176685,26.7383,-24.689,7.49881,0.825212,2.51882,0.0587866,-0.186133,2.14741,-3.0526,1.90116,0.183463,0.91692,0.0622084
1730041,0.97,-2.75261,-1.32534,1.01105,-1.94698,1.10108,1.16771,2.20139,-2.75266,-1.32422,1.00895,-1.94565,1.10136,1.16858,2.20139,-5.97452e-05,0.000212938,-0.000295695,0.000539207,-0.000112819,0.00033798,-0.000204366,0,0,0,0,0,0,0,-0.176685,26.7144,-24.689,7.47104,0.830705,2.50601,0.0459692,-0.184784,2.14682,-3.05339,1.9021,0.183513,0.917086,0.0615867
1730042,0.98,-2.75261,-1.32534,1.01105,-1.94698,1.10108,1.16771,2.20139,-2.75266,-1.32422,1.00895,-1.94565,1.10136,1.16858,2.20139,-3.98301e-05,0.000141958,0.000359682,-0.000846955,-7.5213e-05,0.00022532,0.000372382,0,0,0,0,0,0,0,-0.176685,26.7144,-24.7128,7.52262,0.830705,2.50601,0.0322363,-0.184077,2.14641,-3.05384,1.90252,0.18352,0.917223,0.0609722
1730043,0.99,-2.75261,-1.32534,1.01106,-1.94698,1.10108,1.16771,2.20138,-2.75266,-1.32422,1.00895,-1.94565,1.10136,1.16858,2.20139,0.000623061,-0.00111179,0.00200303,-0.000564637,-0.000253592,-0.000561863,-0.00144717,0,0,0,0,0,0,0,-0.204456,26.766,-24.7881,7.52262,0.836199,2.52523,0.0780126,-0.183765,2.14716,-3.05573,1.90291,0.183531,0.917463,0.0603824
1730044,1,-2.75261,-1.32534,1.01105,-1.94698,1.10108,1.16771,2.20139,-2.75266,-1.32422,1.00895,-1.94565,1.10136,1.16858,2.20139,-0.00023424,-9.15773e-05,0.000128925,-0.000376424,-0.000169062,0.000100142,-0.000252701,0,0,0,0,0,0,0,-0.176685,26.7383,-24.7366,7.52262,0.836199,2.51242,0.0587866,-0.184132,2.14983,-3.05973,1.9031,0.183546,0.91785,0.059827
1730045,1,-2.75261,-1.32534,1.01105,-1.94698,1.10108,1.16771,2.20138,-2.75266,-1.32422,1.00895,-1.94565,1.10136,1.16858,2.20139,-0.00015616,-0.000710666,8.59497e-05,0.000955476,0.000294193,0.000304121,-0.0011179,0,0,0,0,0,0,0,-0.176685,26.766,-24.7366,7.47104,0.825212,2.50601,0.0844213,-0.184855,2.15285,-3.06366,1.9029,0.183543,0.918205,0.0593313
1730046,1,-2.75261,-1.32534,1.01105,-1.94698,1.10108,1.16771,2.20138,-2.75266,-1.32422,1.00895,-1.94565,1.10136,1.16858,2.20139,0.00110232,0.000732649,5.72998e-05,-1.26297e-05,0.000196129,0.000202747,-0.00050791,0,0,0,0,0,0,0,-0.22826,26.7144,-24.7366,7.49881,0.825212,2.50601,0.0780126,-0.18643,2.15521,-3.06606,1.90192,0.183474,0.918431,0.0589197
1730047,1,-2.75261,-1.32534,1.01105,-1.94699,1.10108,1.16771,2.20139,-2.75266,-1.32422,1.00895,-1.94565,1.10136,1.16858,2.20139,0.000734879,-6.83794e-05,-0.000518612,-0.00112204,-0.000276148,-0.000102194,-0.000338606,0,0,0,0,0,0,0,-0.22826,26.7383,-24.7128,7.54642,0.836199,2.51242,0.0780126,-0.188947,2.15641,-3.06677,1.90071,0.183367,0.91857,0.0586147
1730048,1,-2.75261,-1.32534,1.01105,-1.94698,1.10108,1.16771,2.20138,-2.75266,-1.32422,1.00895,-1.94565,1.10136,1.16858,2.20139,-6.68923e-05,0.000511226,0.000211071,0.000365595,-0.000184099,0.000169229,-0.000700456,0,0,0,0,0,0,0,-0.204456,26.7144,-24.7366,7.49881,0.836199,2.50601,0.09083,-0.191038,2.15621,-3.06627,1.90023,0.183305,0.918646,0.0584274
1730049,1,-2.75261,-1.32534,1.01105,-1.94698,1.10108,1.16771,2.20139,-2.75266,-1.32422,1.00895,-1.94565,1.10136,1.16858,2.20139,0.00106903,0.000340817,0.000140714,0.00024373,0.000487619,-0.000361898,-0.00046697,0,0,0,0,0,0,0,-0.252064,26.7144,-24.7366,7.49881,0.819719,2.51882,0.09083,-0.192741,2.15549,-3.06553,1.89998,0.183252,0.918682,0.0583572
1730050,1,-2.75261,-1.32534,1.01105,-1.94698,1.10108,1.16771,2.20138,-2.75266,-1.32422,1.00895,-1.94565,1.10136,1.16858,2.20139,-0.000400938,-0.000329601,9.38091e-05,0.000162487,0.000121629,-3.90657e-06,-0.000548673,0,0,0,0,0,0,0,-0.204456,26.7383,-24.7366,7.49881,0.825212,2.51242,0.0972387,-0.194635,2.15508,-3.06516,1.89944,0.183174,0.918712,0.0584055
1730051,1,-2.75261,-1.32534,1.01105,-1.94698,1.10108,1.16771,2.20138,-2.75266,-1.32422,1.00895,-1.94565,1.10136,1.16858,2.20139,-0.000916906,0.000337078,-0.0017007,-0.000448488,-0.000325815,-2.60438e-06,0.000346295,0,0,0,0,0,0,0,-0.176685,26.7144,-24.6612,7.52262,0.836199,2.51242,0.0780126,-0.195014,2.15405,-3.06444,1.89967,0.183162,0.918676,0.0585723
1730052,0.99,-2.75261,-1.32534,1.01105,-1.94698,1.10108,1.16771,2.20138,-2.75266,-1.32422,1.00895,-1.94565,1.10136,1.16858,2.20139,3.83434e-05,0.000224719,0.000629439,-0.000298992,-1.37596e-05,-0.000239095,-6.4955e-06,0,0,0,0,0,0,0,-0.204456,26.7144,-24.7366,7.52262,0.830705,2.51882,0.0844213,-0.193081,2.15158,-3.0629,1.9013,0.183259,0.918559,0.0588477
1730053,0.99,-2.75261,-1.32534,1.01106,-1.94698,1.10108,1.16771,2.20138,-2.75266,-1.32422,1.00895,-1.94565,1.10136,1.16858,2.20139,2.55622e-05,0.000149813,0.00162605,-0.000199328,-9.17308e-06,7.79621e-05,-0.000241689,0,0,0,0,0,0,0,-0.204456,26.7144,-24.7881,7.52262,0.830705,2.51242,0.09083,-0.19067,2.14962,-3.06272,1.90336,0.183386,0.918543,0.0592087
1730054,0.99,-2.75261,-1.32534,1.01105,-1.94698,1.10108,1.16771,2.20138,-2.75266,-1.32422,1.00895,-1.94565,1.10136,1.16858,2.20139,-0.000632572,-0.000456937,-0.000122391,0.000423927,0.000197335,-0.000185384,-0.000398485,0,0,0,0,0,0,0,-0.176685,26.7383,-24.7366,7.49881,0.825212,2.51882,0.0972387,-0.188806,2.14941,-3.06477,1.90501,0.183485,0.918676,0.0596335
1730055,0.99,-2.75261,-1.32534,1.01105,-1.94698,1.10108,1.16771,2.20138,-2.75266,-1.32422,1.00895,-1.94565,1.10136,1.16858,2.20139,0.000227899,0.000252187,-8.15942e-05,-0.000274194,0.000335007,0.000351128,0.000209061,0,0,0,0,0,0,0,-0.204456,26.7144,-24.7366,7.52262,0.819719,2.50601,0.0844213,-0.187495,2.1498,-3.06703,1.90618,0.183552,0.918812,0.0601131
1730056,0.99,-2.75261,-1.32534,1.01105,-1.94698,1.10108,1.16771,2.20138,-2.75266,-1.32422,1.00895,-1.94565,1.10136,1.16858,2.20139,0.000151933,-0.0010383,-0.000611208,0.00102363,-0.000183563,-3.27332e-06,0.000376733,0,0,0,0,0,0,0,-0.204456,26.766,-24.7128,7.47104,0.830705,2.51242,0.0780126,-0.187549,2.15048,-3.06837,1.90646,0.18355,0.918889,0.0606386
1730057,0.99,-2.75261,-1.32534,1.01105,-1.94698,1.10108,1.16771,2.20138,-2.75266,-1.32422,1.00895,-1.94565,1.10136,1.16858,2.20139,0.000101288,0.000514225,-0.0016139,0.00123923,-0.000122375,0.000235177,-0.000223563,0,0,0,0,0,0,0,-0.204456,26.7144,-24.6612,7.44724,0.830705,2.50601,0.09083,-0.189544,2.15142,-3.06828,1.90535,0.183438,0.918862,0.0611898
1730058,0.99,-2.75261,-1.32534,1.01106,-1.94698,1.10108,1.16771,2.20138,-2.75266,-1.32422,1.00895,-1.94565,1.10136,1.16858,2.20139,6.75256e-05,-0.000213995,0.000687306,-0.000380271,-8.15835e-05,-0.000317933,8.83173e-05,0,0,0,0,0,0,0,-0.204456,26.7383,-24.7366,7.49881,0.830705,2.51882,0.0844213,-0.192127,2.15184,-3.06704,1.90375,0.183279,0.91876,0.0617539
1730059,0.99,-2.75261,-1.32534,1.01105,-1.94699,1.10108,1.16771,2.20138,-2.75266,-1.32422,1.00895,-1.94565,1.10136,1.16858,2.20139,-0.000604597,0.000414149,0.000458204,-0.00136714,0.000149062,-0.000211956,-0.000890558,0,0,0,0,0,0,0,-0.176685,26.7144,-24.7366,7.54642,0.825212,2.51882,0.110056,-0.192888,2.15163,-3.06671,1.90363,0.183229,0.918751,0.0623344
1730060,0.99,-2.75261,-1.32534,1.01105,-1.94698,1.10108,1.16771,2.20138,-2.75266,-1.32422,1.00895,-1.94565,1.10136,1.16858,2.20139,-0.000403065,-0.000930327,0.000305469,-0.000354613,-0.000307527,-0.000378663,0.00059309,0,0,0,0,0,0,0,-0.176685,26.766,-24.7366,7.52262,0.836199,2.52523,0.0780126,-0.191207,2.15123,-3.06799,1.90542,0.183333,0.91888,0.0629367
1730061,0.99,-2.75261,-1.32534,1.01106,-1.94698,1.10108,1.16771,2.20138,-2.75266,-1.32422,1.00895,-1.94565,1.10136,1.16858,2.20139,-0.000825522,-0.000620218,0.00085326,0.000320403,0.000201883,-1.50828e-05,0.000870111,0,0,0,0,0,0,0,-0.152882,26.766,-24.7643,7.49881,0.825212,2.51882,0.0651953,-0.188781,2.15177,-3.0706,1.90755,0.183484,0.91909,0.0635585
1730062,0.99,-2.75261,-1.32534,1.01105,-1.94698,1.10108,1.16771,2.20138,-2.75266,-1.32422,1.00895,-1.94565,1.10136,1.16858,2.20139,6.46417e-06,0.000792947,-0.000637586,-0.00034321,0.000134589,0.000227304,0.000105356,0,0,0,0,0,0,0,-0.176685,26.7144,-24.7128,7.52262,0.825212,2.51242,0.0780126,-0.18659,2.15268,-3.07335,1.90926,0.183603,0.919304,0.0641767
1730063,0.99,-2.75261,-1.32534,1.01106,-1.94698,1.10108,1.16771,2.20138,-2.75266,-1.32422,1.00895,-1.94565,1.10136,1.16858,2.20139,-0.000552503,0.00117825,0.000131755,-0.000228807,-0.000113725,0.000151536,7.02374e-05,0,0,0,0,0,0,0,-0.152882,26.6867,-24.7366,7.52262,0.830705,2.51242,0.0780126,-0.184128,2.15166,-3.0743,1.9112,0.183704,0.919433,0.0647643
1730064,0.99,-2.75261,-1.32534,1.01105,-1.94698,1.10108,1.16771,2.20139,-2.75266,-1.32422,1.00895,-1.94565,1.10136,1.16858,2.20139,0.000838091,0.000135883,-0.000468975,0.000404274,0.000127634,0.000101024,0.000758902,0,0,0,0,0,0,0,-0.204456,26.7144,-24.7128,7.49881,0.825212,2.51242,0.0587866,-0.182174,2.14923,-3.07365,1.91295,0.183756,0.919492,0.06531
1730065,0.99,-2.75261,-1.32534,1.01106,-1.94698,1.10108,1.16771,2.20138,-2.75266,-1.32422,1.00895,-1.94565,1.10136,1.16858,2.20139,0.00111554,9.05887e-05,0.000244162,0.000269516,-0.000118361,6.73492e-05,0.000268576,0,0,0,0,0,0,0,-0.22826,26.7144,-24.7366,7.49881,0.830705,2.51242,0.0651953,-0.183027,2.14791,-3.07274,1.91305,0.183677,0.919559,0.0658011
1730066,0.99,-2.75261,-1.32534,1.01106,-1.94698,1.10108,1.16771,2.20138,-2.75266,-1.32422,1.00895,-1.94565,1.10136,1.16858,2.20139,0.000186881,6.03925e-05,0.000812388,0.000179677,-7.89074e-05,0.000282258,-0.000533026,0,0,0,0,0,0,0,-0.204456,26.7144,-24.7643,7.49881,0.830705,2.50601,0.0844213,-0.186359,2.14849,-3.07272,1.91166,0.183493,0.919695,0.0662247
1730067,0.99,-2.75261,-1.32534,1.01105,-1.94698,1.10108,1.16771,2.20138,-2.75266,-1.32422,1.00895,-1.94565,1.10136,1.16858,2.20139,-0.00108184,4.02616e-05,-0.000664834,0.000119785,-5.26049e-05,0.000188172,0.000119367,0,0,0,0,0,0,0,-0.152882,26.7144,-24.7128,7.49881,0.830705,2.50601,0.071604,-0.188918,2.14948,-3.07351,1.91054,0.183345,0.919842,0.0665874
1730068,0.99,-2.75261,-1.32534,1.01106,-1.94698,1.10108,1.16771,2.20139,-2.75266,-1.32422,1.00895,-1.94565,1.10136,1.16858,2.20139,-0.000721226,-0.000529971,-0.000443222,-0.000476955,-3.507e-05,-0.00034927,0.000554296,0,0,0,0,0,0,0,-0.152882,26.7383,-24.7128,7.52262,0.830705,2.51882,0.0587866,-0.18884,2.1495,-3.07401,1.91075,0.183322,0.9199,0.0669076
1730069,0.99,-2.75261,-1.32534,1.01105,-1.94699,1.10108,1.16771,2.20139,-2.75266,-1.32422,1.00895,-1.94565,1.10136,1.16858,2.20139,0.000725609,0.000203498,-0.000295482,-0.000874782,-2.338e-05,-0.000232846,0.000844248,0,0,0,0,0,0,0,-0.204456,26.7144,-24.7128,7.54642,0.830705,2.51882,0.0459692,-0.187493,2.1489,-3.07407,1.91187,0.183391,0.919914,0.0671889
1730070,0.99,-2.75261,-1.32534,1.01105,-1.94698,1.10108,1.16771,2.20138,-2.75266,-1.32422,1.00895,-1.94565,1.10136,1.16858,2.20139,-0.000165875,0.000135665,0.000359824,0.000530436,-1.55866e-05,0.000319487,-0.000623962,0,0,0,0,0,0,0,-0.176685,26.7144,-24.7366,7.49881,0.830705,2.50601,0.0780126,-0.186815,2.14848,-3.07416,1.91287,0.183453,0.91996,0.0674143
1730071,0.99,-2.75261,-1.32534,1.01106,-1.94698,1.10108,1.16771,2.20138,-2.75266,-1.32422,1.00895,-1.94565,1.10136,1.16858,2.20139,0.00109584,0.000740058,0.000889497,0.00100324,0.000633869,0.000212991,-0.000653334,0,0,0,0,0,0,0,-0.22826,26.6867,-24.7643,7.47104,0.81331,2.50601,0.0844213,-0.187705,2.1488,-3.07482,1.91277,0.183411,0.920049,0.0675757
1730072,0.99,-2.75261,-1.32534,1.01106,-1.94698,1.10108,1.16771,2.20139,-2.75266,-1.32422,1.00895,-1.94565,1.10136,1.16858,2.20139,-0.00103268,-0.000713054,0.000592998,-0.000537601,-0.000425131,-9.53648e-05,0.000988598,0,0,0,0,0,0,0,-0.152882,26.7383,-24.7643,7.52262,0.836199,2.51242,0.0459692,-0.189378,2.15004,-3.07657,1.91192,0.183299,0.920187,0.0676974
1730073,0.99,-2.75261,-1.32534,1.01105,-1.94699,1.10108,1.16771,2.20139,-2.75266,-1.32422,1.00895,-1.94565,1.10136,1.16858,2.20139,-0.000131639,-0.000475369,-0.000254282,-0.000915212,-7.99703e-05,-6.35765e-05,0.000184347,0,0,0,0,0,0,0,-0.176685,26.7383,-24.7366,7.54642,0.830705,2.51242,0.0587866,-0.189592,2.15145,-3.07907,1.912,0.183275,0.920342,0.0677974
1730074,0.99,-2.75261,-1.32534,1.01105,-1.94698,1.10108,1.16771,2.20138,-2.75266,-1.32422,1.00895,-1.94565,1.10136,1.16858,2.20139,-8.77592e-05,0.000239899,-0.000169521,-5.33297e-05,-0.000256764,-0.000517102,-0.00035182,0,0,0,0,0,0,0,-0.176685,26.7144,-24.7366,7.52262,0.836199,2.52523,0.071604,-0.188449,2.15217,-3.0811,1.91312,0.183348,0.920456,0.0678633
1730075,0.99,-2.75261,-1.32534,1.01105,-1.94698,1.10108,1.16771,2.20138,-2.75266,-1.32422,1.00895,-1.94565,1.10136,1.16858,2.20139,0.000591108,-0.000396879,-0.000113014,-3.55531e-05,3.22745e-05,0.000129983,-0.000471905,0,0,0,0,0,0,0,-0.204456,26.7383,-24.7366,7.52262,0.830705,2.51242,0.0780126,-0.187891,2.15243,-3.08217,1.91402,0.183401,0.920527,0.0678899
1730076,0.99,-2.75261,-1.32534,1.01105,-1.94698,1.10108,1.16771,2.20139,-2.75266,-1.32422,1.00895,-1.94565,1.10136,1.16858,2.20139,0.000394072,0.000292226,-7.53428e-05,-2.37021e-05,2.15163e-05,8.66554e-05,0.00114346,0,0,0,0,0,0,0,-0.204456,26.7144,-24.7366,7.52262,0.830705,2.51242,0.038645,-0.188709,2.15286,-3.0827,1.91413,0.183392,0.920584,0.0678942
1730077,0.99,-2.75261,-1.32534,1.01105,-1.94699,1.10108,1.16771,2.20139,-2.75266,-1.32422,1.00895,-1.94565,1.10136,1.16858,2.20139,-0.000386899,0.000194817,-0.000607041,-0.000572613,-0.000392557,0.000295129,1.63204e-05,0,0,0,0,0,0,0,-0.176685,26.7144,-24.7128,7.54642,0.841692,2.50601,0.0587866,-0.189611,2.15271,-3.08257,1.91426,0.183385,0.920608,0.0678833
1730078,0.99,-2.75261,-1.32534,1.01106,-1.94698,1.10108,1.16771,2.20139,-2.75266,-1.32422,1.00895,-1.94565,1.10136,1.16858,2.20139,-0.000257933,-0.000426934,0.000152118,0.00017507,0.000145196,-4.06061e-05,0.000485598,0,0,0,0,0,0,0,-0.176685,26.7383,-24.7366,7.52262,0.830705,2.51242,0.0459692,-0.189376,2.1518,-3.08206,1.91503,0.183435,0.920588,0.0678414
1730079,0.99,-2.75261,-1.32534,1.01106,-1.94699,1.10108,1.16771,2.20139,-2.75266,-1.32422,1.00895,-1.94565,1.10136,1.16858,2.20139,-0.000171955,-0.000284623,0.000101412,-0.000440099,9.67977e-05,-0.00026443,0.000832358,0,0,0,0,0,0,0,-0.176685,26.7383,-24.7366,7.54642,0.830705,2.51882,0.0322363,-0.188627,2.15133,-3.08218,1.91599,0.183519,0.920585,0.0677557
1730080,0.99,-2.75261,-1.32534,1.01105,-1.94699,1.10108,1.16771,2.20139,-2.75266,-1.32422,1.00895,-1.94565,1.10136,1.16858,2.20139,-0.000114637,0.000367064,6.76081e-05,-0.000293399,0.000267982,0.000298431,4.62793e-05,0,0,0,0,0,0,0,-0.176685,26.7144,-24.7366,7.54642,0.825212,2.50601,0.0459692,-0.187686,2.15119,-3.08289,1.91707,0.183619,0.920615,0.0676155
1730081,0.99,-2.75261,-1.32534,1.01105,-1.94699,1.10108,1.16771,2.20139,-2.75266,-1.32422,1.00895,-1.94565,1.10136,1.16858,2.20139,0.000573189,0.000244709,4.50721e-05,-0.000195599,-2.47957e-05,-3.84047e-05,-0.000443865,0,0,0,0,0,0,0,-0.204456,26.7144,-24.7366,7.54642,0.830705,2.51242,0.0587866,-0.186878,2.15074,-3.08344,1.91823,0.183708,0.920654,0.0674086
1730082,0.99,-2.75261,-1.32534,1.01105,-1.94698,1.10108,1.16771,2.20139,-2.75266,-1.32422,1.00895,-1.94565,1.10136,1.16858,2.20139,-0.000267488,-0.000393673,-0.000526764,0.00163284,0.00018692,-2.56031e-05,0.000178808,0,0,0,0,0,0,0,-0.176685,26.7383,-24.7128,7.47104,0.825212,2.51242,0.0459692,-0.187311,2.15059,-3.08366,1.91852,0.183713,0.920667,0.0671405
1730083,0.99,-2.75261,-1.32534,1.01106,-1.94698,1.10108,1.16771,2.20139,-2.75266,-1.32422,1.00895,-1.94565,1.10136,1.16858,2.20139,-0.000178325,0.000294364,0.00085525,0.00164537,0.000124613,-1.70687e-05,0.00086519,0,0,0,0,0,0,0,-0.176685,26.7144,-24.7643,7.44724,0.825212,2.51242,0.0258276,-0.189141,2.15146,-3.08399,1.91729,0.183592,0.920638,0.0668289
1730084,0.99,-2.75261,-1.32534,1.01106,-1.94698,1.10108,1.16771,2.20139,-2.75266,-1.32422,1.00895,-1.94565,1.10136,1.16858,2.20139,-0.000675695,-0.00101018,-7.94473e-05,-0.000109512,-0.000120375,-1.13792e-05,0.000576794,0,0,0,0,0,0,0,-0.152882,26.766,-24.7366,7.49881,0.830705,2.51242,0.0258276,-0.190975,2.15318,-3.08517,1.91553,0.183431,0.920619,0.066477
1730085,0.99,-2.75261,-1.32534,1.01106,-1.94698,1.10108,1.16771,2.20139,-2.75266,-1.32422,1.00895,-1.94565,1.10136,1.16858,2.20139,0.000755962,0.00053297,0.000596649,-0.00062982,-0.0002837,-0.000244945,0.000621888,0,0,0,0,0,0,0,-0.204456,26.7144,-24.7643,7.52262,0.836199,2.51882,0.0194189,-0.191822,2.15493,-3.08697,1.91462,0.183349,0.920662,0.0660702
1730086,0.99,-2.75261,-1.32534,1.01106,-1.94698,1.10108,1.16771,2.20139,-2.75266,-1.32422,1.00895,-1.94565,1.10136,1.16858,2.20139,0.000503975,0.000355313,0.000954578,0.000786546,1.43169e-05,7.40622e-05,-0.000806111,0,0,0,0,0,0,0,-0.204456,26.7144,-24.7881,7.47104,0.830705,2.51242,0.0523779,-0.192571,2.15628,-3.08893,1.91433,0.183309,0.92078,0.0655944
1730087,0.99,-2.75261,-1.32534,1.01106,-1.94698,1.10108,1.16771,2.20139,-2.75266,-1.32422,1.00895,-1.94565,1.10136,1.16858,2.20139,0.000335983,0.000236876,-0.000570041,-0.00012525,9.54458e-06,4.93748e-05,0.000445937,0,0,0,0,0,0,0,-0.204456,26.7144,-24.7366,7.49881,0.830705,2.51242,0.0258276,-0.193889,2.15715,-3.09054,1.91389,0.183249,0.920915,0.0650533
1730088,0.99,-2.75261,-1.32534,1.01105,-1.94698,1.10108,1.16771,2.20139,-2.75266,-1.32422,1.00895,-1.94565,1.10136,1.16858,2.20139,-0.000425625,0.000157917,-0.00149365,-8.35e-05,6.36305e-06,0.000270275,5.99323e-05,0,0,0,0,0,0,0,-0.176685,26.7144,-24.689,7.49881,0.830705,2.50601,0.0322363,-0.194664,2.15658,-3.09038,1.9138,0.183227,0.920936,0.0644658
1730089,0.99,-2.75261,-1.32534,1.01105,-1.94698,1.10108,1.16771,2.20139,-2.75266,-1.32422,1.00895,-1.94565,1.10136,1.16858,2.20139,0.000365864,0.000105278,-0.000438955,-0.000612479,4.24204e-06,0.000180184,0.000277314,0,0,0,0,0,0,0,-0.204456,26.7144,-24.7128,7.52262,0.830705,2.50601,0.0258276,-0.194222,2.15434,-3.08831,1.91455,0.183285,0.920823,0.0638427
1730090,0.99,-2.75261,-1.32534,1.01106,-1.94698,1.10108,1.16771,2.20139,-2.75266,-1.32422,1.00895,-1.94565,1.10136,1.16858,2.20139,0.000243909,-0.00169305,0.000264175,0.000148493,2.82802e-06,0.000120122,-0.000561109,0,0,0,0,0,0,0,-0.204456,26.7898,-24.7366,7.49881,0.830705,2.50601,0.0459692,-0.193934,2.15292,-3.0867,1.91526,0.183367,0.920731,0.0631843
1730091,0.99,-2.75261,-1.32534,1.01106,-1.94698,1.10108,1.16771,2.20139,-2.75266,-1.32422,1.00895,-1.94565,1.10136,1.16858,2.20139,-0.00104382,-0.0011287,0.000825731,0.00130542,-0.000201565,-0.000631995,-0.000374073,0,0,0,0,0,0,0,-0.152882,26.7898,-24.7643,7.44724,0.836199,2.52523,0.0459692,-0.194595,2.15459,-3.08774,1.91495,0.183412,0.920758,0.0624996
1730092,0.99,-2.75261,-1.32534,1.01106,-1.94698,1.10108,1.16771,2.20139,-2.75266,-1.32422,1.00895,-1.94565,1.10136,1.16858,2.20139,0.000510546,0.00101077,0.000550487,0.000313469,-0.000134377,5.33878e-05,0.000496603,0,0,0,0,0,0,0,-0.204456,26.7144,-24.7643,7.47104,0.836199,2.51242,0.0258276,-0.195242,2.15768,-3.09055,1.91405,0.18342,0.920853,0.0618152
1730093,0.99,-2.75261,-1.32534,1.01105,-1.94698,1.10108,1.16771,2.20139,-2.75266,-1.32422,1.00895,-1.94565,1.10136,1.16858,2.20139,0.000340364,-0.000532579,-0.00139625,-0.000440635,0.000113866,0.000272951,-0.000414916,0,0,0,0,0,0,0,-0.204456,26.766,-24.689,7.49881,0.830705,2.50601,0.0459692,-0.195654,2.15937,-3.09238,1.91337,0.183429,0.920914,0.0611467
1730094,0.99,-2.75261,-1.32534,1.01105,-1.94698,1.10108,1.16771,2.20139,-2.75266,-1.32422,1.00895,-1.94565,1.10136,1.16858,2.20139,0.000783721,0.000294561,0.000182793,-0.000850568,0.000482812,-0.000292751,0.000944092,0,0,0,0,0,0,0,-0.22826,26.7383,-24.7366,7.52262,0.819719,2.51882,0.0130102,-0.196187,2.15948,-3.09233,1.91319,0.183475,0.920916,0.060491
1730095,0.99,-2.75261,-1.32534,1.01106,-1.94698,1.10108,1.16771,2.20139,-2.75266,-1.32422,1.00895,-1.94565,1.10136,1.16858,2.20139,-0.00124076,0.000196374,0.000771476,-1.02337e-05,-0.000288477,-0.000195167,-0.000591308,0,0,0,0,0,0,0,-0.152882,26.7383,-24.7643,7.49881,0.836199,2.51882,0.0459692,-0.195668,2.15877,-3.09216,1.91395,0.183585,0.920939,0.0598457
1730096,0.99,-2.75261,-1.32534,1.01106,-1.94698,1.10108,1.16771,2.20139,-2.75266,-1.32422,1.00895,-1.94565,1.10136,1.16858,2.20139,-0.000270359,0.00189415,-0.000692109,-6.82245e-06,0.000214583,0.000107248,0.00035178,0,0,0,0,0,0,0,-0.176685,26.6629,-24.7128,7.49881,0.825212,2.51242,0.0258276,-0.192712,2.15648,-3.092,1.91601,0.183764,0.920949,0.0592057
1730097,0.99,-2.75261,-1.32534,1.01106,-1.94698,1.10108,1.16771,2.20139,-2.75266,-1.32422,1.00895,-1.94565,1.10136,1.16858,2.20139,-0.00018024,5.63434e-05,0.00074502,0.000645066,-6.03952e-05,7.14983e-05,-0.000511465,0,0,0,0,0,0,0,-0.176685,26.7144,-24.7643,7.47104,0.830705,2.51242,0.0459692,-0.188741,2.15276,-3.09106,1.9184,0.183933,0.920897,0.0585692
1730098,0.99,-2.75261,-1.32534,1.01105,-1.94699,1.10108,1.16771,2.20139,-2.75266,-1.32422,1.00895,-1.94565,1.10136,1.16858,2.20139,0.00108627,-0.00051925,-0.000152934,-0.00133319,0.000163187,0.000285025,0.000167649,0,0,0,0,0,0,0,-0.22826,26.7383,-24.7366,7.54642,0.825212,2.50601,0.0322363,-0.186414,2.15032,-3.09063,1.91982,0.184033,0.920894,0.0579373
1730099,0.99,-2.75261,-1.32534,1.01105,-1.94698,1.10108,1.16771,2.20139,-2.75266,-1.32422,1.00895,-1.94565,1.10136,1.16858,2.20139,0.000167366,-0.000346166,-0.00121558,-0.000331984,-9.46592e-05,-0.000284702,0.000586484,0,0,0,0,0,0,0,-0.204456,26.7383,-24.689,7.52262,0.830705,2.51882,0.0194189,-0.186257,2.14975,-3.09061,1.92032,0.184091,0.920947,0.0573143
1730100,0.99,-2.75261,-1.32534,1.01106,-1.94698,1.10108,1.16771,2.20138,-2.75266,-1.32422,1.00895,-1.94565,1.10136,1.16858,2.20139,-0.000538037,0.000975648,0.000303237,-0.000221323,-6.31061e-05,0.000284917,-0.00201651,0,0,0,0,0,0,0,-0.176685,26.6867,-24.7366,7.52262,0.830705,2.50601,0.0844213,-0.186332,2.14906,-3.08987,1.92085,0.184153,0.920958,0.0567006
1730101,0.99,-2.75261,-1.32534,1.01106,-1.94698,1.10108,1.16771,2.20139,-2.75266,-1.32422,1.00895,-1.94565,1.10136,1.16858,2.20139,0.000290923,8.18225e-07,0.000202158,0.00161569,0.00016138,-4.74144e-05,0.000588441,0,0,0,0,0,0,0,-0.204456,26.7144,-24.7366,7.44724,0.825212,2.51242,0.0322363,-0.186044,2.14811,-3.0892,1.9212,0.184175,0.920935,0.0561088
1730102,0.99,-2.75261,-1.32534,1.01106,-1.94698,1.10108,1.16771,2.20138,-2.75266,-1.32422,1.00895,-1.94565,1.10136,1.16858,2.20139,0.000193948,-0.000556266,0.0013412,-0.0001293,-0.000299315,-0.000506327,-0.000828409,0,0,0,0,0,0,0,-0.204456,26.7383,-24.7881,7.49881,0.836199,2.52523,0.0651953,-0.186991,2.14885,-3.09006,1.92032,0.184095,0.920978,0.0555673
1730103,0.99,-2.75261,-1.32534,1.01106,-1.94698,1.10108,1.16771,2.20138,-2.75266,-1.32422,1.00895,-1.94565,1.10136,1.16858,2.20139,0.000686111,0.000185968,-0.000312294,-0.000643012,0.000410809,-0.000100193,-0.00126435,0,0,0,0,0,0,0,-0.22826,26.7144,-24.7366,7.52262,0.819719,2.51882,0.0844213,-0.188943,2.15115,-3.09236,1.91891,0.183987,0.92113,0.0550895
1730104,0.99,-2.75261,-1.32534,1.01106,-1.94698,1.10108,1.16771,2.20138,-2.75266,-1.32422,1.00895,-1.94565,1.10136,1.16858,2.20139,-0.000749019,-0.000432834,-0.000208196,0.000128137,7.04218e-05,0.000407923,-0.000368182,0,0,0,0,0,0,0,-0.176685,26.7383,-24.7366,7.49881,0.825212,2.50601,0.071604,-0.190356,2.15298,-3.0943,1.91813,0.18393,0.921284,0.0546938
1730105,0.99,-2.75261,-1.32534,1.01105,-1.94699,1.10108,1.16771,2.20138,-2.75266,-1.32422,1.00895,-1.94565,1.10136,1.16858,2.20139,-0.000499346,0.000268256,-0.00125242,-0.0010282,-0.000156503,3.45896e-05,-0.00119489,0,0,0,0,0,0,0,-0.176685,26.7144,-24.689,7.54642,0.830705,2.51242,0.0972387,-0.189986,2.15312,-3.09475,1.91848,0.183956,0.921327,0.0544075
1730106,0.99,-2.75261,-1.32534,1.01105,-1.94698,1.10108,1.16771,2.20138,-2.75266,-1.32422,1.00895,-1.94565,1.10136,1.16858,2.20139,0.000873529,0.000828451,-0.000278135,0.00107777,-0.000104335,0.000260419,0.000152842,0,0,0,0,0,0,0,-0.22826,26.6867,-24.7128,7.47104,0.830705,2.50601,0.071604,-0.188808,2.1516,-3.0935,1.91938,0.184003,0.921258,0.0542471
1730107,0.99,-2.75261,-1.32534,1.01105,-1.94698,1.10108,1.16771,2.20138,-2.75266,-1.32422,1.00895,-1.94565,1.10136,1.16858,2.20139,2.55405e-05,-9.7313e-05,-0.000185424,6.89007e-05,-0.000476458,0.000173612,-0.000610182,0,0,0,0,0,0,0,-0.204456,26.7144,-24.7128,7.49881,0.841692,2.50601,0.09083,-0.189045,2.14994,-3.09155,1.91938,0.183961,0.92115,0.0542161
1730108,0.99,-2.75261,-1.32534,1.01106,-1.94698,1.10108,1.16771,2.20138,-2.75266,-1.32422,1.00895,-1.94565,1.10136,1.16858,2.20139,-0.000632587,-0.000621687,0.00108281,4.59338e-05,-0.000114188,0.000115742,-0.000169429,0,0,0,0,0,0,0,-0.176685,26.7383,-24.7643,7.49881,0.836199,2.50601,0.0844213,-0.189822,2.14959,-3.09097,1.91887,0.183897,0.921106,0.0543065
1730109,0.99,-2.75261,-1.32534,1.01106,-1.94698,1.10108,1.16771,2.20139,-2.75266,-1.32422,1.00895,-1.94565,1.10136,1.16858,2.20139,0.000784701,0.000791968,7.22595e-05,-0.000526189,0.000771585,-0.000397557,-0.000112953,0,0,0,0,0,0,0,-0.22826,26.6867,-24.7366,7.52262,0.81331,2.51882,0.0844213,-0.19001,2.15024,-3.09214,1.91875,0.183887,0.921157,0.0545115
1730110,0.99,-2.75261,-1.32534,1.01106,-1.94698,1.10108,1.16771,2.20138,-2.75266,-1.32422,1.00895,-1.94565,1.10136,1.16858,2.20139,0.000523134,-0.000678447,4.8173e-05,0.000855633,7.35807e-05,-0.000265038,-0.000312661,0,0,0,0,0,0,0,-0.22826,26.7383,-24.7366,7.47104,0.825212,2.51882,0.09083,-0.191045,2.15128,-3.09363,1.91829,0.183851,0.921247,0.054818
1730111,0.99,-2.75261,-1.32534,1.01105,-1.94698,1.10108,1.16771,2.20138,-2.75266,-1.32422,1.00895,-1.94565,1.10136,1.16858,2.20139,-0.000208056,-0.00110191,-0.00108151,-0.000636004,4.90538e-05,0.000535385,0.000503636,0,0,0,0,0,0,0,-0.204456,26.766,-24.689,7.52262,0.825212,2.4996,0.071604,-0.193327,2.15296,-3.09468,1.91708,0.183766,0.921306,0.0552055
1730112,0.99,-2.75261,-1.32534,1.01106,-1.94698,1.10108,1.16771,2.20138,-2.75266,-1.32422,1.00895,-1.94565,1.10136,1.16858,2.20139,-0.000788318,0.000471818,0.00104223,0.00133924,3.27025e-05,-0.000355154,0.000335758,0,0,0,0,0,0,0,-0.176685,26.7144,-24.7643,7.44724,0.825212,2.51882,0.071604,-0.194956,2.15473,-3.09556,1.91601,0.183698,0.921315,0.0556577
1730113,0.99,-2.75261,-1.32534,1.01106,-1.94698,1.10108,1.16771,2.20138,-2.75266,-1.32422,1.00895,-1.94565,1.10136,1.16858,2.20139,0.000680881,0.000964159,-0.000511604,-0.000313602,-0.000385099,5.89908e-07,-1.35206e-05,0,0,0,0,0,0,0,-0.22826,26.6867,-24.7128,7.49881,0.836199,2.51242,0.0780126,-0.195296,2.15532,-3.09618,1.91552,0.183642,0.921293,0.0561532
1730114,0.99,-2.75261,-1.32534,1.01106,-1.94698,1.10108,1.16771,2.20138,-2.75266,-1.32422,1.00895,-1.94565,1.10136,1.16858,2.20139,-0.000752505,-0.000563653,-0.00034107,-0.000209068,0.000150168,-0.000236966,-0.000721091,0,0,0,0,0,0,0,-0.176685,26.7383,-24.7128,7.49881,0.825212,2.51882,0.0972387,-0.1949,2.1545,-3.09597,1.91565,0.183607,0.921244,0.0566678
1730115,0.99,-2.75261,-1.32534,1.01106,-1.94698,1.10108,1.16771,2.20138,-2.75266,-1.32422,1.00895,-1.94565,1.10136,1.16858,2.20139,-0.00105848,-0.000375769,0.000979046,-0.000696191,0.000303563,-0.000157977,0.000468709,0,0,0,0,0,0,0,-0.152882,26.7383,-24.7643,7.52262,0.819719,2.51882,0.071604,-0.193025,2.15339,-3.09605,1.9168,0.183665,0.921221,0.0571981
1730116,0.99,-2.75261,-1.32534,1.01105,-1.94698,1.10108,1.16771,2.20138,-2.75266,-1.32422,1.00895,-1.94565,1.10136,1.16858,2.20139,-0.000148843,0.000955913,3.08347e-06,0.00129911,-1.07545e-06,0.000132041,0.000312472,0,0,0,0,0,0,0,-0.176685,26.6867,-24.7366,7.44724,0.825212,2.51242,0.071604,-0.189992,2.15254,-3.0971,1.91845,0.183761,0.921251,0.0577483
1730117,0.99,-2.75261,-1.32534,1.01106,-1.94698,1.10108,1.16771,2.20138,-2.75266,-1.32422,1.00895,-1.94565,1.10136,1.16858,2.20139,-9.92286e-05,-0.00056915,0.00065167,0.000309262,-0.000204167,0.000325386,0.000445674,0,0,0,0,0,0,0,-0.176685,26.7383,-24.7643,7.47104,0.830705,2.50601,0.0651953,-0.187946,2.15202,-3.09823,1.91918,0.183766,0.921288,0.058301
1730118,0.99,-2.75261,-1.32534,1.01105,-1.94698,1.10108,1.16771,2.20139,-2.75266,-1.32422,1.00895,-1.94565,1.10136,1.16858,2.20139,-6.61524e-05,0.000177378,-0.000771979,0.000206175,-0.000136112,0.000216924,0.00128046,0,0,0,0,0,0,0,-0.176685,26.7144,-24.7128,7.47104,0.830705,2.50601,0.038645,-0.18744,2.15211,-3.09905,1.91887,0.183693,0.921311,0.0588311
1730119,0.99,-2.75261,-1.32534,1.01105,-1.94698,1.10108,1.16771,2.20139,-2.75266,-1.32422,1.00895,-1.94565,1.10136,1.16858,2.20139,0.000605512,-0.00043856,4.2159e-05,-0.00106898,-0.000497642,-0.000330102,0.000345014,0,0,0,0,0,0,0,-0.204456,26.7383,-24.7366,7.52262,0.841692,2.51882,0.0523779,-0.187731,2.15224,-3.09919,1.91838,0.183627,0.921318,0.0593123
1730120,0.99,-2.75261,-1.32534,1.01106,-1.94698,1.10108,1.16771,2.20138,-2.75266,-1.32422,1.00895,-1.94565,1.10136,1.16858,2.20139,-0.000802751,-0.000292373,2.8106e-05,-0.000155839,0.00027859,1.72911e-05,-0.000482068,0,0,0,0,0,0,0,-0.152882,26.7383,-24.7366,7.49881,0.825212,2.51242,0.071604,-0.187964,2.15232,-3.09918,1.91833,0.183618,0.921346,0.0597169
1730121,0.99,-2.75261,-1.32534,1.01105,-1.94698,1.10108,1.16772,2.20138,-2.75266,-1.32422,1.00895,-1.94565,1.10136,1.16858,2.20139,-0.000535167,0.00101151,1.87373e-05,0.000545721,-1.77238e-05,1.15274e-05,-0.000796096,0,0,0,0,0,0,0,-0.152882,26.6867,-24.7366,7.47104,0.830705,2.51242,0.0844213,-0.187079,2.15186,-3.09921,1.91884,0.183659,0.921367,0.060044
1730122,0.99,-2.75261,-1.32534,1.01106,-1.94698,1.10108,1.16771,2.20138,-2.75266,-1.32422,1.00895,-1.94565,1.10136,1.16858,2.20139,0.000849648,-0.000532086,1.24915e-05,-0.000842612,-0.000215266,7.68492e-06,-0.000293372,0,0,0,0,0,0,0,-0.204456,26.7383,-24.7366,7.52262,0.836199,2.51242,0.0780126,-0.185936,2.15081,-3.09893,1.91936,0.183696,0.921365,0.0603222
1730123,0.99,-2.75261,-1.32534,1.01106,-1.94698,1.10108,1.16771,2.20139,-2.75266,-1.32422,1.00895,-1.94565,1.10136,1.16858,2.20139,0.000566432,-0.00100434,-0.000548484,-0.000561741,0.000466841,5.12328e-06,0.00197456,0,0,0,0,0,0,0,-0.204456,26.766,-24.7128,7.52262,0.819719,2.51242,0.0194189,-0.186478,2.1508,-3.09876,1.91918,0.183701,0.921404,0.060581
1730124,0.99,-2.75261,-1.32534,1.01105,-1.94698,1.10108,1.16771,2.20139,-2.75266,-1.32422,1.00895,-1.94565,1.10136,1.16858,2.20139,0.000377621,0.000536867,0.000191156,0.000182318,-9.56739e-05,3.41552e-06,0.000604295,0,0,0,0,0,0,0,-0.204456,26.7144,-24.7366,7.49881,0.830705,2.51242,0.038645,-0.188546,2.15188,-3.09872,1.91828,0.183671,0.92147,0.0608141
1730125,0.99,-2.75261,-1.32534,1.01106,-1.94699,1.10108,1.16771,2.20139,-2.75266,-1.32422,1.00895,-1.94565,1.10136,1.16858,2.20139,0.000251747,0.000357912,0.000127437,-0.000992079,0.000139668,2.27701e-06,0.000402863,0,0,0,0,0,0,0,-0.204456,26.7144,-24.7366,7.54642,0.825212,2.51242,0.038645,-0.190403,2.15246,-3.09852,1.91756,0.183632,0.921527,0.060983
1730126,0.99,-2.75261,-1.32534,1.01106,-1.94699,1.10108,1.16771,2.20139,-2.75266,-1.32422,1.00895,-1.94565,1.10136,1.16858,2.20139,0.000167832,0.000238608,8.49581e-05,-0.000661386,-0.000313789,1.51801e-06,-0.00047741,0,0,0,0,0,0,0,-0.204456,26.7144,-24.7366,7.54642,0.836199,2.51242,0.0587866,-0.191025,2.15202,-3.09826,1.91778,0.18364,0.921588,0.0610627
1730127,0.99,-2.75261,-1.32534,1.01105,-1.94698,1.10108,1.16771,2.20139,-2.75266,-1.32422,1.00895,-1.94565,1.10136,1.16858,2.20139,-0.00109454,0.000159072,5.66387e-05,0.0006727,-5.74222e-06,1.01201e-06,0.00113979,0,0,0,0,0,0,0,-0.152882,26.7144,-24.7366,7.49881,0.830705,2.51242,0.0194189,-0.190305,2.15099,-3.09808,1.9187,0.183689,0.921623,0.0610577
1730128,0.99,-2.75261,-1.32534,1.01105,-1.94698,1.10108,1.16772,2.20139,-2.75266,-1.32422,1.00895,-1.94565,1.10136,1.16858,2.20139,0.000476734,0.000106048,-0.000519053,-0.000108345,-3.82815e-06,0.000238034,0.000759859,0,0,0,0,0,0,0,-0.204456,26.7144,-24.7128,7.52262,0.830705,2.50601,0.0194189,-0.18901,2.14982,-3.09775,1.91952,0.183728,0.921591,0.0609741
1730129,0.99,-2.75261,-1.32534,1.01105,-1.94698,1.10108,1.16771,2.20139,-2.75266,-1.32422,1.00895,-1.94565,1.10136,1.16858,2.20139,-0.000331791,-0.00113573,-0.000902847,-7.22302e-05,-2.5521e-06,-7.86699e-05,3.1855e-05,0,0,0,0,0,0,0,-0.176685,26.766,-24.689,7.52262,0.830705,2.51242,0.0322363,-0.188492,2.14915,-3.09697,1.91974,0.183736,0.921506,0.0607955
1730130,0.99,-2.75261,-1.32534,1.01105,-1.94699,1.10108,1.16771,2.20138,-2.75266,-1.32422,1.00895,-1.94565,1.10136,1.16858,2.20139,-0.000778006,0.000449274,-4.50861e-05,-0.000604965,0.000201749,0.000184912,-0.00119947,0,0,0,0,0,0,0,-0.152882,26.7144,-24.7128,7.54642,0.825212,2.50601,0.0651953,-0.187971,2.14883,-3.09604,1.92,0.183765,0.921398,0.0605144
1730131,0.99,-2.75261,-1.32534,1.01105,-1.94698,1.10108,1.16771,2.20139,-2.75266,-1.32422,1.00895,-1.94565,1.10136,1.16858,2.20139,-0.000518671,0.000299516,-0.00123648,0.00135993,-6.89511e-05,0.000123275,0.000658418,0,0,0,0,0,0,0,-0.152882,26.7144,-24.6612,7.47104,0.830705,2.50601,0.0258276,-0.186401,2.14773,-3.09466,1.92077,0.183819,0.921238,0.0601609
1730132,0.99,-2.75261,-1.32534,1.01106,-1.94699,1.10108,1.16771,2.20139,-2.75266,-1.32422,1.00895,-1.94565,1.10136,1.16858,2.20139,0.000211031,0.000849291,0.000382104,-0.000856619,-4.59674e-05,8.21833e-05,0.000438945,0,0,0,0,0,0,0,-0.176685,26.6867,-24.7128,7.54642,0.830705,2.50601,0.0258276,-0.184761,2.14582,-3.09261,1.92147,0.183841,0.921031,0.0597703
1730133,0.99,-2.75261,-1.32534,1.01106,-1.94698,1.10108,1.16771,2.20139,-2.75266,-1.32422,1.00895,-1.94565,1.10136,1.16858,2.20139,0.00134711,-8.34197e-05,0.00146116,-1.42677e-05,-3.06449e-05,5.47888e-05,0.000529989,0,0,0,0,0,0,0,-0.22826,26.7144,-24.7643,7.52262,0.830705,2.50601,0.0194189,-0.184421,2.14478,-3.09168,1.92176,0.183817,0.920941,0.0593469
1730134,0.99,-2.75261,-1.32534,1.01105,-1.94698,1.10108,1.16771,2.20139,-2.75266,-1.32422,1.00895,-1.94565,1.10136,1.16858,2.20139,-0.00030835,-5.56131e-05,0.000324494,0.0005473,-0.000427331,-0.000200833,-0.000358751,0,0,0,0,0,0,0,-0.176685,26.7144,-24.7366,7.49881,0.841692,2.51242,0.038645,-0.185931,2.14593,-3.09298,1.92121,0.183734,0.921025,0.0588758
1730135,0.99,-2.75261,-1.32534,1.01105,-1.94698,1.10108,1.16771,2.20139,-2.75266,-1.32422,1.00895,-1.94565,1.10136,1.16858,2.20139,-0.000205567,-0.000593887,-0.00154691,-0.000191945,-8.14368e-05,0.00010347,0.00047291,0,0,0,0,0,0,0,-0.176685,26.7383,-24.6612,7.52262,0.836199,2.50601,0.0194189,-0.187812,2.14779,-3.09442,1.92028,0.18365,0.921087,0.0583531
1730136,0.99,-2.75261,-1.32534,1.01105,-1.94698,1.10108,1.16771,2.20139,-2.75266,-1.32422,1.00895,-1.94565,1.10136,1.16858,2.20139,0.00106938,-0.000395925,-0.000381658,0.000428848,0.00035261,-0.000168379,0.000315273,0,0,0,0,0,0,0,-0.22826,26.7383,-24.689,7.49881,0.825212,2.51242,0.0194189,-0.18987,2.14926,-3.09433,1.91917,0.183587,0.921027,0.0577864
1730137,0.99,-2.75261,-1.32534,1.01105,-1.94698,1.10108,1.16771,2.20139,-2.75266,-1.32422,1.00895,-1.94565,1.10136,1.16858,2.20139,-0.000493505,-0.00026395,-0.000254439,-0.000270913,0.000235073,-0.000112253,-0.00101052,0,0,0,0,0,0,0,-0.176685,26.7383,-24.689,7.52262,0.825212,2.51242,0.0523779,-0.192536,2.15081,-3.0936,1.91778,0.183521,0.920934,0.0571799
1730138,0.99,-2.75261,-1.32534,1.01106,-1.94698,1.10108,1.16771,2.20139,-2.75266,-1.32422,1.00895,-1.94565,1.10136,1.16858,2.20139,-0.000329003,0.000380845,0.000387186,-0.000180609,0.000156715,-7.4835e-05,0.000547022,0,0,0,0,0,0,0,-0.176685,26.7144,-24.7128,7.52262,0.825212,2.51242,0.0194189,-0.19375,2.1518,-3.09322,1.91727,0.183516,0.920866,0.0565503
1730139,0.99,-2.75261,-1.32534,1.01105,-1.94699,1.10108,1.16771,2.20139,-2.75266,-1.32422,1.00895,-1.94565,1.10136,1.16858,2.20139,0.000430278,0.000903511,0.000258124,-0.000677218,-9.89735e-05,-4.989e-05,-0.000856022,0,0,0,0,0,0,0,-0.204456,26.6867,-24.7128,7.54642,0.830705,2.51242,0.0523779,-0.19295,2.15153,-3.0931,1.91814,0.183586,0.920833,0.0559223
1730140,0.99,-2.75261,-1.32534,1.01105,-1.94698,1.10108,1.16771,2.20139,-2.75266,-1.32422,1.00895,-1.94565,1.10136,1.16858,2.20139,0.000286852,-4.72734e-05,0.000728895,0.00131176,-6.59824e-05,-0.000270619,0.000887381,0,0,0,0,0,0,0,-0.204456,26.7144,-24.7366,7.47104,0.830705,2.51882,0.0130102,-0.192209,2.15097,-3.09329,1.91906,0.18363,0.920849,0.0553053
1730141,0.99,-2.75261,-1.32534,1.01105,-1.94698,1.10108,1.16771,2.20139,-2.75266,-1.32422,1.00895,-1.94565,1.10136,1.16858,2.20139,-0.000458379,-0.000588328,0.00048593,0.000874506,-0.000247439,5.69463e-05,-0.000357848,0,0,0,0,0,0,0,-0.176685,26.7383,-24.7366,7.47104,0.836199,2.51242,0.038645,-0.192752,2.1518,-3.09438,1.91878,0.183581,0.920906,0.0546977
1730142,0.99,-2.75261,-1.32534,1.01105,-1.94698,1.10108,1.16771,2.20139,-2.75266,-1.32422,1.00895,-1.94565,1.10136,1.16858,2.20139,-0.000862398,0.000814208,-0.000232859,0.000583004,3.84913e-05,3.79642e-05,-0.000509833,0,0,0,0,0,0,0,-0.152882,26.6867,-24.7128,7.47104,0.830705,2.51242,0.0459692,-0.193064,2.1531,-3.09575,1.91807,0.183515,0.920941,0.0540952
1730143,0.99,-2.75261,-1.32534,1.01106,-1.94698,1.10108,1.16771,2.20138,-2.75266,-1.32422,1.00895,-1.94565,1.10136,1.16858,2.20139,-1.81201e-05,-0.000106809,0.000401573,-0.000260944,0.000229111,-0.000212049,-0.00128932,0,0,0,0,0,0,0,-0.176685,26.7144,-24.7366,7.49881,0.825212,2.51882,0.071604,-0.191891,2.15312,-3.09637,1.91817,0.183516,0.920928,0.0535094
1730144,0.99,-2.75261,-1.32534,1.01105,-1.94698,1.10108,1.16772,2.20139,-2.75266,-1.32422,1.00895,-1.94565,1.10136,1.16858,2.20139,0.000637534,-7.12059e-05,-0.000289097,0.000475651,0.000356191,0.000808069,-0.000384832,0,0,0,0,0,0,0,-0.204456,26.7144,-24.7128,7.47104,0.819719,2.49319,0.0587866,-0.190926,2.1528,-3.09652,1.91836,0.183534,0.920922,0.0529691
1730145,0.99,-2.75261,-1.32534,1.01106,-1.94698,1.10108,1.16771,2.20139,-2.75266,-1.32422,1.00895,-1.94565,1.10136,1.16858,2.20139,0.000425023,-4.74706e-05,0.00222012,-0.000332513,3.40105e-05,-0.000173364,0.000218163,0,0,0,0,0,0,0,-0.204456,26.7144,-24.8159,7.49881,0.825212,2.51242,0.0459692,-0.191471,2.1536,-3.09736,1.91789,0.183505,0.920995,0.0525054
1730146,0.99,-2.75261,-1.32534,1.01106,-1.94698,1.10108,1.16771,2.20139,-2.75266,-1.32422,1.00895,-1.94565,1.10136,1.16858,2.20139,0.000283348,-3.16471e-05,-0.000932771,0.000427938,2.26736e-05,-0.000115576,-0.000329276,0,0,0,0,0,0,0,-0.204456,26.7144,-24.7128,7.47104,0.825212,2.51242,0.0587866,-0.192782,2.15519,-3.0991,1.9171,0.183448,0.921137,0.0521281
1730148,0.97,-2.75261,-1.32534,1.01105,-1.94698,1.10108,1.16772,2.20139,-2.75266,-1.32422,1.00895,-1.94565,1.10136,1.16858,2.20139,-0.000307143,0.000171539,-1.24231e-05,0.000406733,-0.000329007,0.000106872,9.10142e-05,0,0,0,0,0,0,0,-0.176685,26.7144,-24.7128,7.47104,0.836199,2.50601,0.0587866,-0.193841,2.15476,-3.09713,1.91642,0.183406,0.921002,0.0515941
1730149,0.97,-2.75261,-1.32534,1.01105,-1.94698,1.10108,1.16772,2.20139,-2.75266,-1.32422,1.00895,-1.94565,1.10136,1.16858,2.20139,-0.000204762,0.000114359,-8.28206e-06,-0.000935271,0.000391014,7.12482e-05,0.000298035,0,0,0,0,0,0,0,-0.176685,26.7144,-24.7128,7.52262,0.819719,2.50601,0.0523779,-0.192582,2.15301,-3.09492,1.91706,0.183461,0.920821,0.0514534
1730150,0.97,-2.75261,-1.32534,1.01105,-1.94698,1.10108,1.16771,2.20139,-2.75266,-1.32422,1.00895,-1.94565,1.10136,1.16858,2.20139,0.00106992,-0.000480573,0.000551291,0.00113972,-0.000146225,-0.000427219,0.000436049,0,0,0,0,0,0,0,-0.22826,26.7383,-24.7366,7.44724,0.830705,2.51882,0.0459692,-0.191757,2.15201,-3.09386,1.91749,0.183494,0.920722,0.0513895
1730151,0.97,-2.75261,-1.32534,1.01105,-1.94698,1.10108,1.16771,2.20138,-2.75266,-1.32422,1.00895,-1.94565,1.10136,1.16858,2.20139,0.000156467,0.00023643,-0.000189285,-0.00100342,-9.74836e-05,0.000189905,-0.00113345,0,0,0,0,0,0,0,-0.204456,26.7144,-24.7128,7.52262,0.830705,2.50601,0.0844213,-0.192666,2.15239,-3.09377,1.91692,0.18345,0.920706,0.0513725
1730152,0.98,-2.75261,-1.32534,1.01105,-1.94698,1.10108,1.16771,2.20139,-2.75266,-1.32422,1.00895,-1.94565,1.10136,1.16858,2.20139,-0.000545303,0.000807234,-0.00012619,-0.000112136,-6.4989e-05,0.000126603,0.0001938,0,0,0,0,0,0,0,-0.176685,26.6867,-24.7128,7.49881,0.830705,2.50601,0.0587866,-0.192943,2.15203,-3.09348,1.91687,0.183435,0.92069,0.0513958
1730153,0.98,-2.75261,-1.32534,1.01105,-1.94698,1.10108,1.16771,2.20138,-2.75266,-1.32422,1.00895,-1.94565,1.10136,1.16858,2.20139,0.000286079,-0.000111458,-0.000640939,0.000574857,-4.3326e-05,0.000321761,-0.000108159,0,0,0,0,0,0,0,-0.204456,26.7144,-24.689,7.47104,0.830705,2.4996,0.0651953,-0.191814,2.15023,-3.09232,1.9176,0.183471,0.920599,0.0514686
1730154,0.98,-2.75261,-1.32534,1.01105,-1.94698,1.10108,1.16771,2.20139,-2.75266,-1.32422,1.00895,-1.94565,1.10136,1.16858,2.20139,0.000190719,0.000575309,-0.000427292,0.000383238,0.000174567,-0.00026021,0.00138596,0,0,0,0,0,0,0,-0.204456,26.6867,-24.689,7.47104,0.825212,2.51242,0.0258276,-0.191356,2.14837,-3.09052,1.91766,0.183457,0.920439,0.0515848
1730155,0.98,-2.75261,-1.32534,1.01105,-1.94698,1.10108,1.16771,2.20138,-2.75266,-1.32422,1.00895,-1.94565,1.10136,1.16858,2.20139,0.000683958,-0.000266075,0.00027195,-0.000950934,0.000116378,6.38853e-05,-0.00148353,0,0,0,0,0,0,0,-0.22826,26.7144,-24.7128,7.52262,0.825212,2.50601,0.09083,-0.191819,2.14703,-3.08883,1.91723,0.183411,0.920291,0.0517205
1730156,0.98,-2.75261,-1.32534,1.01105,-1.94698,1.10108,1.16771,2.20139,-2.75266,-1.32422,1.00895,-1.94565,1.10136,1.16858,2.20139,-0.00010084,-0.000734195,0.0001813,0.00057247,7.75851e-05,4.25902e-05,0.000197777,0,0,0,0,0,0,0,-0.204456,26.7383,-24.7128,7.47104,0.825212,2.50601,0.0587866,-0.19275,2.14696,-3.08839,1.91667,0.183371,0.920233,0.0518591
1730157,0.98,-2.7526,-1.32534,1.01105,-1.94698,1.10108,1.16771,2.20138,-2.75266,-1.32422,1.00895,-1.94565,1.10136,1.16858,2.20139,0.000489585,6.73485e-05,0.000120867,0.000938459,-0.000355178,2.83935e-05,-0.000580226,0,0,0,0,0,0,0,-0.22826,26.7144,-24.7128,7.44724,0.836199,2.50601,0.0780126,-0.194439,2.14842,-3.08911,1.91542,0.183289,0.920222,0.0520113
1730158,0.98,-2.75261,-1.32534,1.01105,-1.94698,1.10108,1.16771,2.20139,-2.75266,-1.32422,1.00895,-1.94565,1.10136,1.16858,2.20139,-0.000880036,4.4899e-05,0.00063739,6.88271e-05,0.000170116,1.8929e-05,0.000799978,0,0,0,0,0,0,0,-0.176685,26.7144,-24.7366,7.47104,0.825212,2.50601,0.0459692,-0.195976,2.15016,-3.09027,1.91389,0.183184,0.920202,0.0521936
1730159,0.98,-2.75261,-1.32534,1.01105,-1.94698,1.10108,1.16771,2.20138,-2.75266,-1.32422,1.00895,-1.94565,1.10136,1.16858,2.20139,-0.00058669,-0.000526879,-0.000131885,-0.000603729,0.00055422,-0.00022474,-0.000416117,0,0,0,0,0,0,0,-0.176685,26.7383,-24.7128,7.49881,0.81331,2.51242,0.071604,-0.195495,2.15111,-3.0917,1.91349,0.183167,0.920173,0.052405
1730160,0.98,-2.75261,-1.32534,1.01105,-1.94698,1.10108,1.16771,2.20139,-2.75266,-1.32422,1.00895,-1.94565,1.10136,1.16858,2.20139,-0.000947939,0.000855173,-8.79236e-05,-0.000402486,0.000132121,-0.000387185,0.000672024,0,0,0,0,0,0,0,-0.152882,26.6867,-24.7128,7.49881,0.819719,2.51882,0.0459692,-0.192573,2.15059,-3.09271,1.91471,0.183267,0.920115,0.0526336
1730161,0.98,-2.75261,-1.32534,1.01105,-1.94698,1.10108,1.16772,2.20138,-2.75266,-1.32422,1.00895,-1.94565,1.10136,1.16858,2.20139,-7.51473e-05,-0.000636311,-0.000615428,-0.000268324,8.80807e-05,0.000691312,-0.000976138,0,0,0,0,0,0,0,-0.176685,26.7383,-24.689,7.49881,0.819719,2.49319,0.0844213,-0.188577,2.1487,-3.09264,1.91675,0.183403,0.920005,0.0528652
1730162,0.98,-2.75261,-1.32534,1.01105,-1.94698,1.10108,1.16771,2.20138,-2.75266,-1.32422,1.00895,-1.94565,1.10136,1.16858,2.20139,0.000599516,-0.000424207,0.000146527,-0.000178883,5.87205e-05,-0.000251202,-0.000888117,0,0,0,0,0,0,0,-0.204456,26.7383,-24.7128,7.49881,0.819719,2.51242,0.09083,-0.186049,2.14736,-3.09213,1.91805,0.183465,0.919894,0.0530933
1730163,0.98,-2.75261,-1.32534,1.01105,-1.94698,1.10108,1.16771,2.20138,-2.75266,-1.32422,1.00895,-1.94565,1.10136,1.16858,2.20139,-0.000249937,-0.000282805,-0.000459127,0.000530359,-0.000164304,6.98909e-05,-0.000592078,0,0,0,0,0,0,0,-0.176685,26.7383,-24.689,7.47104,0.825212,2.50601,0.09083,-0.185901,2.1475,-3.09176,1.91795,0.183404,0.919813,0.0533406
1730164,0.98,-2.75261,-1.32534,1.01105,-1.94698,1.10108,1.16771,2.20138,-2.75266,-1.32422,1.00895,-1.94565,1.10136,1.16858,2.20139,0.000482989,-0.000188536,0.000807539,-0.000852853,-0.000516437,4.65939e-05,-0.000869437,0,0,0,0,0,0,0,-0.204456,26.7383,-24.7366,7.52262,0.836199,2.50601,0.103647,-0.186753,2.14834,-3.09172,1.91725,0.183278,0.919764,0.0536426
1730165,0.98,-2.75261,-1.32534,1.01105,-1.94698,1.10108,1.16771,2.20138,-2.75266,-1.32422,1.00895,-1.94565,1.10136,1.16858,2.20139,-0.000327621,-0.000125691,-0.000575265,-1.1757e-05,6.26099e-05,-0.000443655,-0.000104907,0,0,0,0,0,0,0,-0.176685,26.7383,-24.689,7.49881,0.825212,2.51882,0.09083,-0.187488,2.14923,-3.09199,1.91678,0.183161,0.919751,0.0540234
1730166,0.98,-2.75261,-1.32534,1.01105,-1.94698,1.10108,1.16772,2.20138,-2.75266,-1.32422,1.00895,-1.94565,1.10136,1.16858,2.20139,-0.00142484,-8.3794e-05,-0.00038351,0.00119859,4.17399e-05,0.000653666,0.000167421,0,0,0,0,0,0,0,-0.125111,26.7383,-24.689,7.44724,0.825212,2.49319,0.0844213,-0.18728,2.14945,-3.09177,1.91662,0.183067,0.919678,0.0544923
1730167,0.98,-2.75261,-1.32534,1.01105,-1.94698,1.10108,1.16771,2.20138,-2.75266,-1.32422,1.00895,-1.94565,1.10136,1.16858,2.20139,0.000256533,0.000500949,-0.000905287,-0.000964179,2.78266e-05,-3.89408e-05,-0.000600463,0,0,0,0,0,0,0,-0.176685,26.7144,-24.6612,7.52262,0.825212,2.50601,0.103647,-0.18589,2.1484,-3.09033,1.91678,0.182993,0.919488,0.0550393
1730168,0.98,-2.75261,-1.32534,1.01105,-1.94698,1.10108,1.16771,2.20138,-2.75266,-1.32422,1.00895,-1.94565,1.10136,1.16858,2.20139,0.00193426,0.000333966,0.000602901,0.00056364,0.000459361,-0.000500678,7.44094e-05,0,0,0,0,0,0,0,-0.252064,26.7144,-24.7128,7.47104,0.81331,2.51882,0.09083,-0.185708,2.14709,-3.08824,1.91654,0.182875,0.919305,0.0556519
1730169,0.98,-2.75261,-1.32534,1.01105,-1.94698,1.10108,1.16771,2.20138,-2.75266,-1.32422,1.00895,-1.94565,1.10136,1.16858,2.20139,-0.000473731,0.000222644,-0.000154878,-0.000830666,-0.000134569,-0.000571145,-0.000187753,0,0,0,0,0,0,0,-0.176685,26.7144,-24.689,7.52262,0.825212,2.52523,0.0972387,-0.187694,2.14667,-3.08664,1.91547,0.182678,0.919231,0.0563252
1730170,0.98,-2.75261,-1.32534,1.01105,-1.94698,1.10108,1.16772,2.20138,-2.75266,-1.32422,1.00895,-1.94565,1.10136,1.16858,2.20139,-0.000315821,-0.001058,0.00045356,-0.000553777,-0.000293163,0.000568673,0.00106163,0,0,0,0,0,0,0,-0.176685,26.766,-24.7128,7.52262,0.830705,2.4996,0.0651953,-0.188893,2.14686,-3.08616,1.915,0.182534,0.919243,0.0570499
1730171,0.98,-2.75261,-1.32534,1.01105,-1.94698,1.10108,1.16771,2.20138,-2.75266,-1.32422,1.00895,-1.94565,1.10136,1.16858,2.20139,-0.000210547,0.000501095,0.000302373,0.000837241,-0.000195442,-9.56027e-05,-0.000241685,0,0,0,0,0,0,0,-0.176685,26.7144,-24.7128,7.47104,0.830705,2.51242,0.09083,-0.188689,2.14763,-3.08675,1.91515,0.182458,0.919294,0.0578002
1730172,0.98,-2.75261,-1.32534,1.01105,-1.94698,1.10108,1.16771,2.20138,-2.75266,-1.32422,1.00895,-1.94565,1.10136,1.16858,2.20139,0.000509249,-0.000222749,0.000758394,-9.14533e-05,0.000276606,-6.37352e-05,0.000313595,0,0,0,0,0,0,0,-0.204456,26.7383,-24.7366,7.49881,0.819719,2.51242,0.0780126,-0.188799,2.14897,-3.08789,1.91481,0.182346,0.919367,0.0585476
1730173,0.98,-2.75261,-1.32534,1.01105,-1.94698,1.10108,1.16771,2.20138,-2.75266,-1.32422,1.00895,-1.94565,1.10136,1.16858,2.20139,-0.000866927,-0.000148499,-5.12158e-05,0.00114546,-0.000629398,-4.24901e-05,-0.000265655,0,0,0,0,0,0,0,-0.152882,26.7383,-24.7128,7.44724,0.841692,2.51242,0.09083,-0.189378,2.15062,-3.08919,1.91396,0.182198,0.919442,0.0592783
1730174,0.98,-2.75261,-1.32534,1.01105,-1.94698,1.10108,1.16771,2.20138,-2.75266,-1.32422,1.00895,-1.94565,1.10136,1.16858,2.20139,-0.000577951,0.00166424,-0.00124057,0.000206826,0.000631562,0.000209032,0.000297615,0,0,0,0,0,0,0,-0.152882,26.6629,-24.6612,7.47104,0.81331,2.50601,0.0780126,-0.188982,2.15079,-3.0891,1.91339,0.182073,0.919405,0.0599903
1730175,0.98,-2.75261,-1.32534,1.01105,-1.94698,1.10108,1.16772,2.20138,-2.75266,-1.32422,1.00895,-1.94565,1.10136,1.16858,2.20139,0.000171511,0.00110949,0.000379379,0.000694696,0.000183683,0.000139355,-0.000751026,0,0,0,0,0,0,0,-0.176685,26.6629,-24.7128,7.44724,0.819719,2.50601,0.103647,-0.187283,2.14814,-3.08666,1.91352,0.181979,0.919221,0.0606859
1730176,0.98,-2.75261,-1.32534,1.01105,-1.94698,1.10108,1.16772,2.20138,-2.75266,-1.32422,1.00895,-1.94565,1.10136,1.16858,2.20139,0.000114341,-0.00167319,0.000809732,-0.000743295,-0.000894797,0.000330262,0.000211393,0,0,0,0,0,0,0,-0.176685,26.766,-24.7366,7.49881,0.847185,2.4996,0.0844213,-0.18604,2.14589,-3.0847,1.91356,0.181891,0.919094,0.0613667
1730177,0.98,-2.75261,-1.32534,1.01105,-1.94698,1.10108,1.16771,2.20138,-2.75266,-1.32422,1.00895,-1.94565,1.10136,1.16858,2.20139,0.000725841,0.00074058,-0.000573803,-0.00049553,0.00021727,0.000220175,0.000853005,0,0,0,0,0,0,0,-0.204456,26.6867,-24.689,7.49881,0.825212,2.4996,0.0651953,-0.186069,2.14603,-3.08461,1.9132,0.181829,0.919105,0.0620384
1730178,0.98,-2.75261,-1.32534,1.01105,-1.94698,1.10108,1.16771,2.20138,-2.75266,-1.32422,1.00895,-1.94565,1.10136,1.16858,2.20139,-0.00016572,-0.000712706,-0.000382535,-0.000330353,0.000144847,0.000146783,9.39524e-05,0,0,0,0,0,0,0,-0.176685,26.7383,-24.689,7.49881,0.825212,2.4996,0.0780126,-0.18667,2.14654,-3.08439,1.91286,0.181806,0.919114,0.0626942
1730179,0.98,-2.75261,-1.32534,1.01105,-1.94698,1.10108,1.16771,2.20139,-2.75266,-1.32422,1.00895,-1.94565,1.10136,1.16858,2.20139,-0.00011048,-0.000475137,-0.000904637,0.00098619,9.65646e-05,9.78554e-05,0.000774712,0,0,0,0,0,0,0,-0.176685,26.7383,-24.6612,7.44724,0.825212,2.4996,0.0587866,-0.187532,2.14702,-3.08347,1.91222,0.181783,0.919037,0.0633102
1730180,0.98,-2.75261,-1.32534,1.01105,-1.94698,1.10108,1.16771,2.20138,-2.75266,-1.32422,1.00895,-1.94565,1.10136,1.16858,2.20139,-0.000630465,0.000240054,0.000603334,-0.00110578,0.000267827,6.5237e-05,-0.000432961,0,0,0,0,0,0,0,-0.152882,26.7144,-24.7128,7.52262,0.819719,2.4996,0.0844213,-0.187891,2.14757,-3.08259,1.91158,0.181769,0.918906,0.0638722
1730181,0.98,-2.75261,-1.32534,1.01105,-1.94698,1.10108,1.16772,2.20138,-2.75266,-1.32422,1.00895,-1.94565,1.10136,1.16858,2.20139,-0.00042031,-0.00104639,-0.000154589,0.00102605,-0.0004318,-0.000193868,0.000186077,0,0,0,0,0,0,0,-0.152882,26.766,-24.689,7.44724,0.836199,2.50601,0.071604,-0.187053,2.1481,-3.08249,1.91152,0.181797,0.918787,0.0643781
1730182,0.98,-2.75261,-1.32534,1.01105,-1.94698,1.10108,1.16771,2.20138,-2.75266,-1.32422,1.00895,-1.94565,1.10136,1.16858,2.20139,-0.000280207,-4.79795e-05,0.000453753,-0.000522391,-8.44163e-05,-0.000129245,-0.000350667,0,0,0,0,0,0,0,-0.152882,26.7383,-24.7128,7.49881,0.830705,2.50601,0.0844213,-0.185959,2.14931,-3.08331,1.91144,0.181827,0.918697,0.0648332
1730183,0.98,-2.75261,-1.32534,1.01105,-1.94698,1.10108,1.16772,2.20138,-2.75266,-1.32422,1.00895,-1.94565,1.10136,1.16858,2.20139,0.000370007,-3.19863e-05,-0.00025431,0.000301353,0.000147173,0.000388554,0.000478299,0,0,0,0,0,0,0,-0.176685,26.7383,-24.689,7.47104,0.825212,2.49319,0.0651953,-0.185279,2.15066,-3.08421,1.91112,0.181838,0.918614,0.0652497
1730184,0.98,-2.75261,-1.32534,1.01105,-1.94698,1.10108,1.16771,2.20139,-2.75266,-1.32422,1.00895,-1.94565,1.10136,1.16858,2.20139,0.000896286,0.0011851,-0.00016954,-0.00100552,9.81153e-05,-0.000215682,0.000793584,0,0,0,0,0,0,0,-0.204456,26.6867,-24.689,7.52262,0.825212,2.50601,0.0523779,-0.185232,2.151,-3.08407,1.91082,0.181831,0.918507,0.0656351
1730185,0.98,-2.75261,-1.32534,1.01105,-1.94698,1.10108,1.16771,2.20138,-2.75266,-1.32422,1.00895,-1.94565,1.10136,1.16858,2.20139,0.000597524,-0.00106597,-0.000113027,0.000536077,-0.000341491,9.35712e-05,-0.00042038,0,0,0,0,0,0,0,-0.204456,26.766,-24.689,7.47104,0.836199,2.4996,0.0780126,-0.186316,2.15081,-3.08304,1.91023,0.181787,0.918383,0.0659766
1730186,0.98,-2.75261,-1.32534,1.01105,-1.94698,1.10108,1.16771,2.20138,-2.75266,-1.32422,1.00895,-1.94565,1.10136,1.16858,2.20139,0.000955161,0.000495778,-0.000724965,-0.000292229,-2.421e-05,-0.000174978,-0.000280253,0,0,0,0,0,0,0,-0.22826,26.7144,-24.6612,7.49881,0.830705,2.50601,0.0780126,-0.188842,2.15133,-3.08181,1.90886,0.181692,0.918251,0.0662599
1730187,0.98,-2.75261,-1.32534,1.01105,-1.94698,1.10108,1.16772,2.20139,-2.75266,-1.32422,1.00895,-1.94565,1.10136,1.16858,2.20139,-0.000569652,-0.000226293,0.000723116,0.000454794,-1.614e-05,0.000595425,0.000525241,0,0,0,0,0,0,0,-0.176685,26.7383,-24.7128,7.47104,0.830705,2.48678,0.0587866,-0.191447,2.15204,-3.0806,1.90732,0.181595,0.918099,0.0665002
1730188,0.98,-2.75261,-1.32534,1.01105,-1.94699,1.10108,1.16771,2.20139,-2.75266,-1.32422,1.00895,-1.94565,1.10136,1.16858,2.20139,0.000269846,0.00040595,-7.47347e-05,-0.00146004,-1.076e-05,-0.000552486,0.000350161,0,0,0,0,0,0,0,-0.204456,26.7144,-24.689,7.54642,0.830705,2.51242,0.0587866,-0.192152,2.15219,-3.08,1.90687,0.181588,0.917953,0.0667146
1730189,0.98,-2.75261,-1.32534,1.01105,-1.94698,1.10108,1.16771,2.20138,-2.75266,-1.32422,1.00895,-1.94565,1.10136,1.16858,2.20139,0.000179897,0.000270633,-0.000699437,0.000789877,0.000196277,0.000106394,-0.000478636,0,0,0,0,0,0,0,-0.204456,26.7144,-24.6612,7.47104,0.825212,2.4996,0.0780126,-0.191495,2.15152,-3.07929,1.90738,0.181657,0.917793,0.0668955
1730190,0.98,-2.75261,-1.32534,1.01105,-1.94698,1.10108,1.16772,2.20138,-2.75266,-1.32422,1.00895,-1.94565,1.10136,1.16858,2.20139,-0.000529682,-0.00037639,-0.000466291,0.000526585,0.000571661,-0.00016643,-8.17319e-05,0,0,0,0,0,0,0,-0.176685,26.7383,-24.6612,7.47104,0.81331,2.50601,0.071604,-0.190959,2.15049,-3.07776,1.90761,0.1817,0.917557,0.0670368
1730191,0.98,-2.75261,-1.32534,1.01105,-1.94698,1.10108,1.16772,2.20139,-2.75266,-1.32422,1.00895,-1.94565,1.10136,1.16858,2.20139,-0.000353122,-0.000900541,0.000338753,0.00146468,-5.97022e-05,0.000363765,0.00042023,0,0,0,0,0,0,0,-0.176685,26.766,-24.689,7.42344,0.825212,2.49319,0.0587866,-0.190941,2.15059,-3.07665,1.90687,0.181674,0.917289,0.0671496
1730192,0.98,-2.75261,-1.32534,1.01105,-1.94698,1.10108,1.16772,2.20139,-2.75266,-1.32422,1.00895,-1.94565,1.10136,1.16858,2.20139,-0.000235414,-0.00060036,-0.000980591,-0.00013717,-0.000243252,0.00024251,0.000280153,0,0,0,0,0,0,0,-0.176685,26.766,-24.6374,7.47104,0.830705,2.49319,0.0587866,-0.19133,2.15209,-3.07637,1.90546,0.181607,0.917035,0.0672406
1730193,0.98,-2.75261,-1.32534,1.01105,-1.94698,1.10108,1.16772,2.20138,-2.75266,-1.32422,1.00895,-1.94565,1.10136,1.16858,2.20139,-0.000156943,0.000806186,0.00110951,-9.14469e-05,-0.000162168,-0.000313045,-0.000525308,0,0,0,0,0,0,0,-0.176685,26.7144,-24.7128,7.47104,0.830705,2.50601,0.0780126,-0.191148,2.15339,-3.07624,1.90455,0.181572,0.916803,0.0673078
1730194,0.98,-2.75261,-1.32534,1.01105,-1.94698,1.10108,1.16772,2.20138,-2.75266,-1.32422,1.00895,-1.94565,1.10136,1.16858,2.20139,0.000544985,0.000537457,-0.000466752,-0.00126739,0.000298789,2.86625e-05,-0.000824923,0,0,0,0,0,0,0,-0.204456,26.7144,-24.6612,7.52262,0.819719,2.4996,0.09083,-0.189765,2.15325,-3.07601,1.90498,0.181612,0.916628,0.0673589
1730195,0.98,-2.75261,-1.32534,1.01105,-1.94698,1.10108,1.16772,2.20139,-2.75266,-1.32422,1.00895,-1.94565,1.10136,1.16858,2.20139,0.000363324,-0.000198507,-0.00086798,-0.000844927,-4.25782e-06,0.000256467,0.00209491,0,0,0,0,0,0,0,-0.204456,26.7383,-24.6374,7.52262,0.825212,2.49319,0.0194189,-0.188092,2.15187,-3.07494,1.90631,0.181703,0.916468,0.0674118
1730196,0.98,-2.75261,-1.32534,1.01105,-1.94698,1.10108,1.16771,2.20138,-2.75266,-1.32422,1.00895,-1.94565,1.10136,1.16858,2.20139,0.000242216,0.0016309,-2.18414e-05,0.000643141,0.000200612,-0.00030374,-0.000773534,0,0,0,0,0,0,0,-0.204456,26.6629,-24.6612,7.47104,0.819719,2.50601,0.0780126,-0.186912,2.14971,-3.07266,1.90764,0.181775,0.916255,0.0674621
1730197,0.98,-2.75261,-1.32534,1.01105,-1.94698,1.10108,1.16772,2.20138,-2.75266,-1.32422,1.00895,-1.94565,1.10136,1.16858,2.20139,0.000161477,-0.000675971,0.00119186,0.000985573,-6.97092e-05,3.48658e-05,-0.000515689,0,0,0,0,0,0,0,-0.204456,26.7383,-24.7128,7.44724,0.825212,2.4996,0.0780126,-0.186732,2.14813,-3.07081,1.90797,0.181743,0.916051,0.0674819
1730198,0.98,-2.75261,-1.32534,1.01105,-1.94699,1.10108,1.16771,2.20138,-2.75266,-1.32422,1.00895,-1.94565,1.10136,1.16858,2.20139,0.000664463,0.000106164,0.000237765,-0.001663,-0.000453374,-0.000214115,-0.000818511,0,0,0,0,0,0,0,-0.22826,26.7144,-24.689,7.54642,0.836199,2.50601,0.09083,-0.187538,2.14852,-3.0709,1.9075,0.181651,0.915959,0.067477
1730199,0.98,-2.75261,-1.32534,1.01105,-1.94698,1.10108,1.16772,2.20139,-2.75266,-1.32422,1.00895,-1.94565,1.10136,1.16858,2.20139,-0.000113836,7.07762e-05,-0.000491104,0.00065457,0.000104652,0.000331975,0.00186182,0,0,0,0,0,0,0,-0.204456,26.7144,-24.6612,7.47104,0.825212,2.49319,0.0258276,-0.188354,2.14953,-3.07156,1.90726,0.181595,0.915915,0.0674806
1730200,0.98,-2.75261,-1.32534,1.01105,-1.94698,1.10108,1.16771,2.20139,-2.75266,-1.32422,1.00895,-1.94565,1.10136,1.16858,2.20139,-0.000725505,4.71842e-05,-0.000884215,-0.000213234,6.97679e-05,-0.000253402,0.00124122,0,0,0,0,0,0,0,-0.176685,26.7144,-24.6374,7.49881,0.825212,2.50601,0.0258276,-0.188357,2.14954,-3.07099,1.90742,0.181581,0.915766,0.0674921
1730201,0.98,-2.75261,-1.32534,1.01105,-1.94698,1.10108,1.16771,2.20139,-2.75266,-1.32422,1.00895,-1.94565,1.10136,1.16858,2.20139,-0.00048367,3.14561e-05,0.000616949,0.00106427,4.65119e-05,-0.000168934,0.00035276,0,0,0,0,0,0,0,-0.176685,26.7144,-24.689,7.44724,0.825212,2.50601,0.038645,-0.187413,2.14895,-3.0698,1.90772,0.181583,0.915529,0.0674634
1730202,0.98,-2.75261,-1.32534,1.01105,-1.94698,1.10108,1.16771,2.20139,-2.75266,-1.32422,1.00895,-1.94565,1.10136,1.16858,2.20139,-0.000322447,-0.00118546,-0.000238314,0.000709513,-0.000172443,-0.000349982,0.000472532,0,0,0,0,0,0,0,-0.176685,26.766,-24.6612,7.44724,0.830705,2.51242,0.0322363,-0.186696,2.14937,-3.06944,1.90741,0.181552,0.915318,0.0673491
1730203,0.98,-2.75261,-1.32534,1.01105,-1.94698,1.10108,1.16771,2.20139,-2.75266,-1.32422,1.00895,-1.94565,1.10136,1.16858,2.20139,-0.000214964,0.000416122,-0.000158876,0.000473009,8.84888e-05,0.000241397,0.00055238,0,0,0,0,0,0,0,-0.176685,26.7144,-24.6612,7.44724,0.825212,2.4996,0.0258276,-0.186869,2.15093,-3.06964,1.90629,0.181477,0.915148,0.067137
1730204,0.98,-2.75261,-1.32534,1.01105,-1.94698,1.10108,1.16771,2.20139,-2.75266,-1.32422,1.00895,-1.94565,1.10136,1.16858,2.20139,-0.00014331,0.000277415,-0.00121954,-0.000891087,5.89925e-05,0.000160931,0.000368253,0,0,0,0,0,0,0,-0.176685,26.7144,-24.6136,7.49881,0.825212,2.4996,0.0258276,-0.18672,2.15138,-3.06875,1.90559,0.181434,0.914956,0.0668291
1730205,0.98,-2.75261,-1.32534,1.01105,-1.94698,1.10108,1.16771,2.20139,-2.75266,-1.32422,1.00895,-1.94565,1.10136,1.16858,2.20139,-9.55397e-05,0.000184943,-0.000256216,-0.000594058,3.93284e-05,0.000107287,-0.000737842,0,0,0,0,0,0,0,-0.176685,26.7144,-24.6374,7.49881,0.825212,2.4996,0.0523779,-0.185499,2.14991,-3.06641,1.90608,0.181475,0.914737,0.0664273
1730206,0.98,-2.75261,-1.32534,1.01105,-1.94698,1.10108,1.16772,2.20139,-2.75266,-1.32422,1.00895,-1.94565,1.10136,1.16858,2.20139,-0.000620505,0.000123296,-0.000727622,0.000810387,2.62189e-05,-0.000165834,0.00049145,0,0,0,0,0,0,0,-0.152882,26.7144,-24.6136,7.44724,0.825212,2.50601,0.0258276,-0.183808,2.1478,-3.06362,1.90704,0.181546,0.914521,0.0659453
1730207,0.98,-2.75261,-1.32534,1.01105,-1.94698,1.10108,1.16772,2.20139,-2.75266,-1.32422,1.00895,-1.94565,1.10136,1.16858,2.20139,0.00134957,0.00128862,-0.000485082,-0.000666168,0.00022093,0.000126803,9.02741e-05,0,0,0,0,0,0,0,-0.22826,26.6629,-24.6136,7.49881,0.819719,2.4996,0.0322363,-0.182863,2.1456,-3.06053,1.90752,0.181563,0.914311,0.0654073
1730208,0.98,-2.75261,-1.32534,1.01105,-1.94698,1.10108,1.16772,2.20139,-2.75266,-1.32422,1.00895,-1.94565,1.10136,1.16858,2.20139,-0.000863526,-0.000904156,0.00143985,0.000205502,-0.000259615,0.000321894,0.000297542,0,0,0,0,0,0,0,-0.152882,26.7383,-24.689,7.47104,0.830705,2.49319,0.0258276,-0.182882,2.14412,-3.05822,1.90753,0.181531,0.914185,0.0648241
1730209,0.98,-2.75261,-1.32534,1.01105,-1.94698,1.10108,1.16772,2.20139,-2.75266,-1.32422,1.00895,-1.94565,1.10136,1.16858,2.20139,0.000630742,-0.000602771,0.000310286,0.000137001,3.03742e-05,-0.000260122,0.000198361,0,0,0,0,0,0,0,-0.204456,26.7383,-24.6612,7.47104,0.825212,2.50601,0.0258276,-0.183484,2.14512,-3.05859,1.90702,0.181481,0.914217,0.0641957
1730210,0.98,-2.75261,-1.32534,1.01105,-1.94698,1.10108,1.16772,2.20139,-2.75266,-1.32422,1.00895,-1.94565,1.10136,1.16858,2.20139,-0.000229119,0.000154965,0.000856471,0.000648146,-0.000386652,6.39445e-05,-0.000613744,0,0,0,0,0,0,0,-0.176685,26.7144,-24.689,7.44724,0.836199,2.4996,0.0459692,-0.184883,2.14807,-3.06069,1.90575,0.181391,0.914333,0.0635239
1730211,0.98,-2.75261,-1.32534,1.01105,-1.94698,1.10108,1.16772,2.20139,-2.75266,-1.32422,1.00895,-1.94565,1.10136,1.16858,2.20139,-0.000152746,0.00010331,0.00112779,-0.000774328,0.000149133,-0.000194729,0.000336822,0,0,0,0,0,0,0,-0.176685,26.7144,-24.7128,7.49881,0.825212,2.50601,0.0258276,-0.185956,2.15099,-3.06322,1.9046,0.181311,0.91447,0.0628244
1730212,0.98,-2.75261,-1.32534,1.01105,-1.94698,1.10108,1.16772,2.20139,-2.75266,-1.32422,1.00895,-1.94565,1.10136,1.16858,2.20139,-0.000101831,0.000718487,-0.000454564,-0.000516219,0.000302873,-0.00012982,-0.000521437,0,0,0,0,0,0,0,-0.176685,26.6867,-24.6612,7.49881,0.819719,2.50601,0.0459692,-0.185441,2.15241,-3.06525,1.90463,0.181317,0.914586,0.0621182
1730213,0.98,-2.75261,-1.32534,1.01105,-1.94698,1.10108,1.16772,2.20139,-2.75266,-1.32422,1.00895,-1.94565,1.10136,1.16858,2.20139,-6.78872e-05,0.000478991,-0.000303043,0.000305468,-0.000408436,0.000150813,0.000398361,0,0,0,0,0,0,0,-0.176685,26.6867,-24.6612,7.47104,0.836199,2.4996,0.0258276,-0.184036,2.15174,-3.06532,1.90541,0.181368,0.914589,0.0614135
1730214,0.98,-2.75261,-1.32534,1.01105,-1.94698,1.10108,1.16772,2.20139,-2.75266,-1.32422,1.00895,-1.94565,1.10136,1.16858,2.20139,-4.52581e-05,-0.000330286,-0.00075884,0.000760457,-6.88404e-05,-0.000136817,-0.000480412,0,0,0,0,0,0,0,-0.176685,26.7144,-24.6374,7.44724,0.830705,2.50601,0.0459692,-0.183221,2.1502,-3.06361,1.90564,0.181378,0.914462,0.0607119
1730215,0.98,-2.75261,-1.32534,1.01105,-1.94698,1.10108,1.16772,2.20139,-2.75266,-1.32422,1.00895,-1.94565,1.10136,1.16858,2.20139,-3.01721e-05,0.000429423,-0.000505894,-4.98404e-05,-0.000249344,0.000383506,-0.000557633,0,0,0,0,0,0,0,-0.176685,26.6867,-24.6374,7.47104,0.836199,2.49319,0.0523779,-0.183386,2.14884,-3.06103,1.90502,0.181342,0.91426,0.0600178
1730216,0.98,-2.75261,-1.32534,1.01105,-1.94698,1.10108,1.16772,2.20139,-2.75266,-1.32422,1.00895,-1.94565,1.10136,1.16858,2.20139,-0.000576927,-0.000920144,0.00021955,0.0010804,3.72211e-05,0.000255671,0.00037423,0,0,0,0,0,0,0,-0.152882,26.7383,-24.6612,7.42344,0.830705,2.49319,0.0322363,-0.183865,2.14803,-3.05859,1.90397,0.181303,0.914044,0.0593477
1730217,0.98,-2.75261,-1.32534,1.01105,-1.94698,1.10108,1.16772,2.20139,-2.75266,-1.32422,1.00895,-1.94565,1.10136,1.16858,2.20139,-0.000384618,-5.66173e-05,0.000146366,-0.00104297,2.48141e-05,0.000170447,-0.000496499,0,0,0,0,0,0,0,-0.152882,26.7144,-24.6612,7.49881,0.830705,2.49319,0.0523779,-0.183902,2.14819,-3.05739,1.903,0.181307,0.913878,0.0587161
1730218,0.98,-2.75261,-1.32534,1.01105,-1.94698,1.10108,1.16771,2.20139,-2.75266,-1.32422,1.00895,-1.94565,1.10136,1.16858,2.20139,0.000950014,-0.000594557,0.001304,-0.000695315,0.000423444,-0.000361086,-0.000330999,0,0,0,0,0,0,0,-0.204456,26.7383,-24.7128,7.49881,0.819719,2.50601,0.0523779,-0.183578,2.14922,-3.05777,1.90259,0.18138,0.91383,0.058127
1730219,0.98,-2.75261,-1.32534,1.01105,-1.94698,1.10108,1.16771,2.20139,-2.75266,-1.32422,1.00895,-1.94565,1.10136,1.16858,2.20139,0.000633343,0.000160441,-0.000893902,0.000742882,0.000282296,-3.3653e-06,-0.000458025,0,0,0,0,0,0,0,-0.204456,26.7144,-24.6374,7.44724,0.819719,2.4996,0.0587866,-0.184593,2.15103,-3.05881,1.90181,0.18142,0.913867,0.057585
1730220,0.98,-2.75261,-1.32534,1.01105,-1.94698,1.10108,1.16771,2.20138,-2.75266,-1.32422,1.00895,-1.94565,1.10136,1.16858,2.20139,-0.000227385,0.000756574,-3.91228e-05,0.000495255,-1.52533e-05,-2.24353e-06,-0.000780068,0,0,0,0,0,0,0,-0.176685,26.6867,-24.6612,7.44724,0.825212,2.4996,0.071604,-0.186775,2.1522,-3.05857,1.90022,0.181368,0.913823,0.0570997
1730221,0.98,-2.75261,-1.32534,1.01105,-1.94698,1.10108,1.16772,2.20138,-2.75266,-1.32422,1.00895,-1.94565,1.10136,1.16858,2.20139,-0.00015159,-0.000145231,-2.60819e-05,0.00033017,-0.00041707,-0.000238855,-0.000757404,0,0,0,0,0,0,0,-0.176685,26.7144,-24.6612,7.44724,0.836199,2.50601,0.0780126,-0.188163,2.15194,-3.05715,1.89884,0.181298,0.913676,0.0566876
1730222,0.98,-2.75261,-1.32534,1.01105,-1.94698,1.10108,1.16771,2.20138,-2.75266,-1.32422,1.00895,-1.94565,1.10136,1.16858,2.20139,0.000548554,-9.68207e-05,0.000632226,0.000776925,0.000332305,-0.000396595,-3.02183e-05,0,0,0,0,0,0,0,-0.204456,26.7144,-24.689,7.42344,0.819719,2.51242,0.0651953,-0.189197,2.15183,-3.05617,1.89746,0.181224,0.913544,0.0563675
1730223,0.98,-2.75261,-1.32534,1.01105,-1.94698,1.10108,1.16771,2.20138,-2.75266,-1.32422,1.00895,-1.94565,1.10136,1.16858,2.20139,-0.000283911,-0.000621359,-0.000784942,-0.000595674,1.80861e-05,-2.7038e-05,-0.000732222,0,0,0,0,0,0,0,-0.176685,26.7383,-24.6374,7.47104,0.825212,2.50601,0.0844213,-0.190507,2.15247,-3.05577,1.89589,0.181147,0.913461,0.0561479
1730224,0.98,-2.75261,-1.32534,1.01105,-1.94698,1.10108,1.16771,2.20138,-2.75266,-1.32422,1.00895,-1.94565,1.10136,1.16858,2.20139,0.00046034,0.000142573,-0.00108011,-0.000397116,0.000215508,0.000219334,-0.000962866,0,0,0,0,0,0,0,-0.204456,26.7144,-24.6136,7.47104,0.819719,2.4996,0.0972387,-0.191202,2.15251,-3.05459,1.89494,0.181127,0.913357,0.056028
1730225,0.98,-2.75261,-1.32534,1.01105,-1.94698,1.10108,1.16771,2.20138,-2.75266,-1.32422,1.00895,-1.94565,1.10136,1.16858,2.20139,0.000863705,0.00130147,-0.000720071,0.000292068,-0.000263229,-9.11365e-05,0.000307525,0,0,0,0,0,0,0,-0.22826,26.6629,-24.6136,7.44724,0.830705,2.50601,0.071604,-0.191621,2.15091,-3.05161,1.89449,0.181125,0.913185,0.0560176
1730226,0.98,-2.75261,-1.32534,1.01105,-1.94698,1.10108,1.16771,2.20138,-2.75266,-1.32422,1.00895,-1.94565,1.10136,1.16858,2.20139,1.89914e-05,0.000310838,7.67646e-05,0.000194712,-0.000378937,-6.07577e-05,-3.23423e-05,0,0,0,0,0,0,0,-0.204456,26.6867,-24.6374,7.44724,0.836199,2.50601,0.0780126,-0.19225,2.14822,-3.04776,1.89403,0.181087,0.912993,0.0561221
1730227,0.98,-2.75261,-1.32534,1.01105,-1.94698,1.10108,1.16772,2.20139,-2.75266,-1.32422,1.00895,-1.94565,1.10136,1.16858,2.20139,0.000569473,-0.000442389,5.11764e-05,-0.000427004,-0.000252624,-4.05051e-05,-0.00025892,0,0,0,0,0,0,0,-0.22826,26.7144,-24.6374,7.47104,0.836199,2.50601,0.0844213,-0.192788,2.14614,-3.04495,1.89357,0.181057,0.912878,0.0563218
1730228,0.98,-2.75261,-1.32534,1.01105,-1.94698,1.10108,1.16772,2.20139,-2.75266,-1.32422,1.00895,-1.94565,1.10136,1.16858,2.20139,0.000379649,-0.000851738,0.00059093,0.000272143,0.000238485,0.000210356,-0.000647332,0,0,0,0,0,0,0,-0.22826,26.7383,-24.6612,7.44724,0.825212,2.4996,0.0972387,-0.193787,2.14618,-3.0442,1.89278,0.181044,0.912895,0.0565942
1730229,0.98,-2.75261,-1.32534,1.01105,-1.94698,1.10108,1.16771,2.20139,-2.75266,-1.32422,1.00895,-1.94565,1.10136,1.16858,2.20139,-0.000303713,-1.10133e-05,-0.000162859,-0.000375384,-4.44607e-05,-9.71219e-05,0.000280522,0,0,0,0,0,0,0,-0.204456,26.7144,-24.6374,7.47104,0.830705,2.50601,0.0780126,-0.194908,2.1477,-3.04492,1.89181,0.181053,0.912994,0.0569365
1730230,0.98,-2.75261,-1.32534,1.01105,-1.94697,1.10108,1.16772,2.20139,-2.75266,-1.32422,1.00895,-1.94565,1.10136,1.16858,2.20139,-0.000202475,-7.3422e-06,0.000448239,0.00142018,-2.96404e-05,0.00040997,0.000424374,0,0,0,0,0,0,0,-0.204456,26.7144,-24.6612,7.39963,0.830705,2.49319,0.071604,-0.195195,2.14908,-3.04587,1.89106,0.18109,0.913074,0.0573478
1730231,0.98,-2.75261,-1.32534,1.01105,-1.94698,1.10108,1.16772,2.20138,-2.75266,-1.32422,1.00895,-1.94565,1.10136,1.16858,2.20139,-0.000134984,-4.8948e-06,-0.000814798,-0.000166837,-1.97603e-05,3.59543e-05,4.5557e-05,0,0,0,0,0,0,0,-0.204456,26.7144,-24.6136,7.44724,0.830705,2.4996,0.0780126,-0.194988,2.14978,-3.04623,1.89026,0.181123,0.913079,0.0578067
1730232,0.98,-2.75261,-1.32534,1.01105,-1.94698,1.10108,1.16772,2.20138,-2.75266,-1.32422,1.00895,-1.94565,1.10136,1.16858,2.20139,-0.000739603,-0.000560075,1.36135e-05,-0.00131765,0.000393728,-0.000213389,-0.000444347,0,0,0,0,0,0,0,-0.176685,26.7383,-24.6374,7.49881,0.819719,2.50601,0.09083,-0.193698,2.14952,-3.04586,1.89026,0.181225,0.913031,0.0582897
1730233,0.98,-2.75261,-1.32534,1.01105,-1.94698,1.10108,1.16772,2.20138,-2.75266,-1.32422,1.00895,-1.94565,1.10136,1.16858,2.20139,0.000156545,0.000183429,0.000565888,-0.00022882,0.000499844,0.000332458,0.000178487,0,0,0,0,0,0,0,-0.204456,26.7144,-24.6612,7.47104,0.81331,2.49319,0.0780126,-0.190982,2.14864,-3.0456,1.89153,0.181429,0.913008,0.058791
1730234,0.98,-2.75261,-1.32534,1.01105,-1.94698,1.10108,1.16772,2.20138,-2.75266,-1.32422,1.00895,-1.94565,1.10136,1.16858,2.20139,-0.00054525,0.0007719,-0.000179554,0.000404265,-0.00010758,-1.57201e-05,0.000118991,0,0,0,0,0,0,0,-0.176685,26.6867,-24.6374,7.44724,0.825212,2.4996,0.0780126,-0.188111,2.14746,-3.04548,1.893,0.181614,0.912998,0.0593101
1730235,0.98,-2.75261,-1.32534,1.01105,-1.94698,1.10108,1.16772,2.20139,-2.75266,-1.32422,1.00895,-1.94565,1.10136,1.16858,2.20139,-0.00156993,-0.000691826,0.00043711,-0.000287302,-0.000275171,-1.04801e-05,-0.00039539,0,0,0,0,0,0,0,-0.125111,26.7383,-24.6612,7.47104,0.830705,2.4996,0.09083,-0.184756,2.14579,-3.04516,1.89451,0.181766,0.912942,0.0598382
1730236,0.98,-2.75261,-1.32534,1.01104,-1.94698,1.10108,1.16772,2.20138,-2.75266,-1.32422,1.00895,-1.94565,1.10136,1.16858,2.20139,0.000809422,-0.000461217,-0.000822218,0.000365277,0.000223454,-6.9867e-06,0.000211124,0,0,0,0,0,0,0,-0.204456,26.7383,-24.6136,7.44724,0.819719,2.4996,0.0780126,-0.181593,2.14469,-3.04492,1.8957,0.181888,0.912857,0.060367
1730237,0.98,-2.75261,-1.32534,1.01105,-1.94698,1.10108,1.16772,2.20139,-2.75266,-1.32422,1.00895,-1.94565,1.10136,1.16858,2.20139,0.000539615,0.000249334,8.66695e-06,-0.000962908,-5.44812e-05,-4.6578e-06,0.000615467,0,0,0,0,0,0,0,-0.204456,26.7144,-24.6374,7.49881,0.825212,2.4996,0.0651953,-0.180851,2.14456,-3.04418,1.89568,0.181913,0.912771,0.0608953
1730238,0.98,-2.75261,-1.32534,1.01105,-1.94698,1.10108,1.16772,2.20138,-2.75266,-1.32422,1.00895,-1.94565,1.10136,1.16858,2.20139,0.000359743,-0.00039059,0.00056259,7.67557e-06,-0.000239771,-3.1052e-06,-0.000301765,0,0,0,0,0,0,0,-0.204456,26.7383,-24.6612,7.47104,0.830705,2.4996,0.0844213,-0.181987,2.14496,-3.0433,1.895,0.181867,0.912726,0.0614156
1730239,0.98,-2.75261,-1.32534,1.01104,-1.94698,1.10108,1.16772,2.20138,-2.75266,-1.32422,1.00895,-1.94565,1.10136,1.16858,2.20139,-0.000409785,0.000296419,-0.000738564,5.11705e-06,4.3603e-05,-2.07013e-06,-0.000201177,0,0,0,0,0,0,0,-0.176685,26.7144,-24.6136,7.47104,0.825212,2.4996,0.0844213,-0.183339,2.14552,-3.04263,1.89425,0.181803,0.912698,0.0619156
1730240,0.98,-2.75261,-1.32534,1.01104,-1.94698,1.10108,1.16772,2.20138,-2.75266,-1.32422,1.00895,-1.94565,1.10136,1.16858,2.20139,-0.00027319,0.000197613,-0.000492376,3.41136e-06,2.90686e-05,-0.000238739,-0.000371477,0,0,0,0,0,0,0,-0.176685,26.7144,-24.6136,7.47104,0.825212,2.50601,0.09083,-0.183913,2.14515,-3.04111,1.8938,0.181747,0.912592,0.0623992
1730241,0.98,-2.75261,-1.32534,1.01105,-1.94698,1.10108,1.16772,2.20138,-2.75266,-1.32422,1.00895,-1.94565,1.10136,1.16858,2.20139,-0.000738939,-0.00042507,0.000785373,2.27424e-06,0.000460189,-0.000159159,-0.000247651,0,0,0,0,0,0,0,-0.152882,26.7383,-24.6612,7.47104,0.81331,2.50601,0.09083,-0.183437,2.14427,-3.03944,1.8938,0.181716,0.912455,0.0628805
1730242,0.98,-2.75261,-1.32534,1.01105,-1.94698,1.10108,1.16771,2.20138,-2.75266,-1.32422,1.00895,-1.94565,1.10136,1.16858,2.20139,0.00127061,0.000273432,0.000523582,0.000558328,6.94334e-05,-0.000106106,-0.00040246,0,0,0,0,0,0,0,-0.22826,26.7144,-24.6612,7.44724,0.819719,2.50601,0.0972387,-0.183452,2.14455,-3.03907,1.89337,0.181642,0.912405,0.0633703
1730243,0.98,-2.75261,-1.32534,1.01105,-1.94698,1.10108,1.16771,2.20138,-2.75266,-1.32422,1.00895,-1.94565,1.10136,1.16858,2.20139,0.000290263,-0.000374524,0.000349055,-0.000184593,-0.000360612,0.000166621,0.000206411,0,0,0,0,0,0,0,-0.204456,26.7383,-24.6612,7.47104,0.830705,2.4996,0.0844213,-0.185435,2.14621,-3.03956,1.89184,0.181468,0.912448,0.0638761
1730244,0.98,-2.75261,-1.32534,1.01104,-1.94698,1.10108,1.16771,2.20138,-2.75266,-1.32422,1.00895,-1.94565,1.10136,1.16858,2.20139,0.00075032,-0.000249683,-0.000324109,-0.000123062,0.000166493,0.000111081,-0.00033711,0,0,0,0,0,0,0,-0.22826,26.7383,-24.6374,7.47104,0.819719,2.4996,0.0972387,-0.188568,2.14838,-3.03997,1.88985,0.181255,0.912516,0.0644007
1730245,0.98,-2.75261,-1.32534,1.01104,-1.94698,1.10108,1.16771,2.20138,-2.75266,-1.32422,1.00895,-1.94565,1.10136,1.16858,2.20139,0.000500214,0.000390357,-0.0014225,0.000474771,0.000110995,-0.000400664,0.000487337,0,0,0,0,0,0,0,-0.22826,26.7144,-24.5858,7.44724,0.819719,2.51242,0.0780126,-0.191972,2.14982,-3.039,1.88786,0.181037,0.912508,0.0649418
1730246,0.98,-2.75261,-1.32534,1.01105,-1.94698,1.10108,1.16772,2.20138,-2.75266,-1.32422,1.00895,-1.94565,1.10136,1.16858,2.20139,-0.00087295,0.000260238,0.000814906,0.000873326,-0.000129454,-0.000267109,-0.000624545,0,0,0,0,0,0,0,-0.176685,26.7144,-24.6612,7.42344,0.825212,2.51242,0.103647,-0.194655,2.14994,-3.03671,1.88611,0.180821,0.912402,0.0654957
1730247,0.99,-2.75261,-1.32534,1.01105,-1.94698,1.10108,1.16772,2.20138,-2.75266,-1.32422,1.00895,-1.94565,1.10136,1.16858,2.20139,0.000624459,0.000173492,-1.35416e-05,-0.000531407,-8.63024e-05,0.000771363,0.00100779,0,0,0,0,0,0,0,-0.22826,26.7144,-24.6374,7.47104,0.825212,2.48678,0.0651953,-0.195659,2.14948,-3.0349,1.88511,0.180652,0.91231,0.0660593
1730248,1,-2.75261,-1.32534,1.01105,-1.94698,1.10108,1.16771,2.20139,-2.75266,-1.32422,1.00895,-1.94565,1.10136,1.16858,2.20139,-0.000140506,0.000765275,-9.02771e-06,-0.00100389,-5.7535e-05,-0.000197835,0.0016552,0,0,0,0,0,0,0,-0.204456,26.6867,-24.6374,7.49881,0.825212,2.50601,0.038645,-0.195254,2.14843,-3.03359,1.88526,0.180574,0.912271,0.0666245
1730249,0.99,-2.75261,-1.32534,1.01105,-1.94698,1.10108,1.16772,2.20138,-2.75266,-1.32422,1.00895,-1.94565,1.10136,1.16858,2.20139,0.000463141,-0.000696242,-6.01847e-06,-1.96428e-05,0.000165094,-0.00013189,-0.000117233,0,0,0,0,0,0,0,-0.22826,26.7383,-24.6374,7.47104,0.819719,2.50601,0.071604,-0.194202,2.147,-3.03234,1.88622,0.180566,0.91226,0.0671521
1730250,0.98,-2.75261,-1.32534,1.01105,-1.94698,1.10108,1.16772,2.20139,-2.75266,-1.32422,1.00895,-1.94565,1.10136,1.16858,2.20139,-0.000897665,-0.000464162,-0.000560824,0.000543717,-0.000500289,0.000386791,0.000633921,0,0,0,0,0,0,0,-0.176685,26.7383,-24.6136,7.44724,0.836199,2.49319,0.0523779,-0.193453,2.14646,-3.03149,1.88684,0.180555,0.912249,0.0675948
1730252,0.96,-2.75261,-1.32534,1.01105,-1.94698,1.10108,1.16772,2.20139,-2.75266,-1.32422,1.00895,-1.94565,1.10136,1.16858,2.20139,-0.00117231,-5.16241e-05,0.000678765,8.69819e-05,-8.6717e-05,-0.000144571,0.000858186,0,0,0,0,0,0,0,-0.152882,26.7144,-24.6612,7.47104,0.830705,2.50601,0.0322363,-0.189723,2.14471,-3.02991,1.88896,0.180634,0.912152,0.068196
1730253,0.96,-2.75261,-1.32534,1.01105,-1.94698,1.10108,1.16771,2.20139,-2.75266,-1.32422,1.00895,-1.94565,1.10136,1.16858,2.20139,-0.000224729,-0.000591228,0.00110212,0.0006148,0.00034909,-9.63809e-05,0.000334765,0,0,0,0,0,0,0,-0.176685,26.7383,-24.689,7.44724,0.819719,2.50601,0.038645,-0.186685,2.14413,-3.03063,1.89053,0.180728,0.912178,0.0683309
1730254,0.96,-2.75261,-1.32534,1.01105,-1.94698,1.10108,1.16772,2.20139,-2.75266,-1.32422,1.00895,-1.94565,1.10136,1.16858,2.20139,-0.00014982,0.00016266,8.51352e-05,-0.000146945,2.9276e-05,0.000410464,-0.000522809,0,0,0,0,0,0,0,-0.176685,26.7144,-24.6612,7.47104,0.825212,2.49319,0.0587866,-0.184753,2.14509,-3.03252,1.89115,0.18077,0.912264,0.068333
1730255,0.96,-2.75261,-1.32534,1.01105,-1.94698,1.10108,1.16772,2.20139,-2.75266,-1.32422,1.00895,-1.94565,1.10136,1.16858,2.20139,0.00110655,0.00010844,-0.000500055,0.000458848,1.95173e-05,0.000273643,0.000634805,0,0,0,0,0,0,0,-0.22826,26.7144,-24.6374,7.44724,0.825212,2.49319,0.0322363,-0.184769,2.14628,-3.03359,1.89072,0.180733,0.912322,0.0682155
1730256,0.96,-2.75261,-1.32534,1.01105,-1.94698,1.10108,1.16772,2.20139,-2.75266,-1.32422,1.00895,-1.94565,1.10136,1.16858,2.20139,0.000180885,-0.000484519,0.000873056,-0.000900527,1.30115e-05,-0.000529648,0.000423203,0,0,0,0,0,0,0,-0.204456,26.7383,-24.689,7.49881,0.825212,2.51242,0.0322363,-0.186663,2.14752,-3.03371,1.88954,0.180637,0.912354,0.0680034
1730257,0.96,-2.75261,-1.32534,1.01105,-1.94698,1.10108,1.16771,2.20139,-2.75266,-1.32422,1.00895,-1.94565,1.10136,1.16858,2.20139,-0.000529024,-0.000972626,-0.000624389,4.92626e-05,-0.000194776,-0.000353099,0.000282136,0,0,0,0,0,0,0,-0.176685,26.766,-24.6374,7.47104,0.830705,2.51242,0.0322363,-0.188691,2.14924,-3.03414,1.8885,0.18057,0.912412,0.0677059
1730258,0.96,-2.75261,-1.32534,1.01105,-1.94698,1.10108,1.16772,2.20139,-2.75266,-1.32422,1.00895,-1.94565,1.10136,1.16858,2.20139,-0.000352682,-0.000648418,-0.000973071,3.28417e-05,0.00027705,0.000239319,-0.000320536,0,0,0,0,0,0,0,-0.176685,26.766,-24.6136,7.47104,0.819719,2.4996,0.0459692,-0.189771,2.15079,-3.03416,1.88791,0.180558,0.912416,0.0673213
1730259,0.96,-2.75261,-1.32534,1.01105,-1.94698,1.10108,1.16771,2.20138,-2.75266,-1.32422,1.00895,-1.94565,1.10136,1.16858,2.20139,0.000414492,-0.00098909,-9.19021e-05,0.000578706,-1.87503e-05,-7.78132e-05,-0.00140049,0,0,0,0,0,0,0,-0.204456,26.7898,-24.6374,7.44724,0.825212,2.50601,0.0780126,-0.191029,2.15228,-3.0333,1.88697,0.180525,0.912347,0.0668604
1730260,0.96,-2.75261,-1.32534,1.01105,-1.94698,1.10108,1.16772,2.20139,-2.75266,-1.32422,1.00895,-1.94565,1.10136,1.16858,2.20139,-0.000930098,0.00110384,0.000495544,0.000385804,-1.25002e-05,-5.18755e-05,0.000253138,0,0,0,0,0,0,0,-0.152882,26.7144,-24.6612,7.44724,0.825212,2.50601,0.0459692,-0.192327,2.15362,-3.03242,1.8858,0.180455,0.91228,0.0663662
1730261,0.96,-2.75261,-1.32534,1.01105,-1.94698,1.10108,1.16772,2.20138,-2.75266,-1.32422,1.00895,-1.94565,1.10136,1.16858,2.20139,0.000586361,-0.00047053,-0.000226449,-0.000949223,-0.000415235,0.000440134,-0.00101804,0,0,0,0,0,0,0,-0.204456,26.766,-24.6374,7.49881,0.836199,2.49319,0.0780126,-0.192332,2.15377,-3.03159,1.88548,0.180418,0.912237,0.0658861
1730262,0.96,-2.75261,-1.32534,1.01105,-1.94698,1.10108,1.16772,2.20139,-2.75266,-1.32422,1.00895,-1.94565,1.10136,1.16858,2.20139,0.000390907,0.000335927,0.000405846,1.67986e-05,-7.33725e-05,-0.000181295,0.000779371,0,0,0,0,0,0,0,-0.204456,26.7383,-24.6612,7.47104,0.830705,2.50601,0.038645,-0.192035,2.15338,-3.03074,1.88575,0.18042,0.912234,0.0654405
1730263,0.96,-2.75261,-1.32534,1.01105,-1.94698,1.10108,1.16772,2.20138,-2.75266,-1.32422,1.00895,-1.94565,1.10136,1.16858,2.20139,0.000817417,0.000223952,0.000270564,1.11991e-05,0.000357986,-0.000120863,-0.00165056,0,0,0,0,0,0,0,-0.22826,26.7383,-24.6612,7.47104,0.819719,2.50601,0.0972387,-0.19281,2.15339,-3.03011,1.88564,0.180395,0.912279,0.0650362
1730264,0.96,-2.75261,-1.32534,1.01104,-1.94698,1.10108,1.16772,2.20138,-2.75266,-1.32422,1.00895,-1.94565,1.10136,1.16858,2.20139,-1.18675e-05,0.000706113,-0.000376436,0.00112109,0.000238657,0.000156783,-0.000863013,0,0,0,0,0,0,0,-0.204456,26.7144,-24.6374,7.42344,0.819719,2.4996,0.09083,-0.194455,2.15336,-3.02923,1.8849,0.180309,0.91231,0.0646817
1730265,0.96,-2.75261,-1.32534,1.01104,-1.94698,1.10108,1.16772,2.20138,-2.75266,-1.32422,1.00895,-1.94565,1.10136,1.16858,2.20139,-0.00186395,-0.000735684,-0.000250957,-0.000366231,-0.000247796,-0.000132837,-0.000100624,0,0,0,0,0,0,0,-0.125111,26.766,-24.6374,7.47104,0.830705,2.50601,0.0780126,-0.194884,2.15266,-3.02788,1.88446,0.180246,0.912258,0.0644073
1730266,0.96,-2.75261,-1.32534,1.01105,-1.94698,1.10108,1.16772,2.20138,-2.75266,-1.32422,1.00895,-1.94565,1.10136,1.16858,2.20139,-3.62084e-05,-0.000490456,0.00103912,0.000312658,3.82531e-05,-8.85578e-05,-0.000304442,0,0,0,0,0,0,0,-0.176685,26.766,-24.689,7.44724,0.825212,2.50601,0.0844213,-0.192965,2.15211,-3.0274,1.88505,0.180287,0.912199,0.0642383
1730267,0.96,-2.75261,-1.32534,1.01105,-1.94698,1.10108,1.16772,2.20138,-2.75266,-1.32422,1.00895,-1.94565,1.10136,1.16858,2.20139,0.000625475,-0.000326971,4.31334e-05,-0.000348373,-0.000381399,0.00017832,-0.000202961,0,0,0,0,0,0,0,-0.204456,26.766,-24.6612,7.47104,0.836199,2.4996,0.0844213,-0.191323,2.15303,-3.02837,1.88552,0.180345,0.912237,0.0641693
1730268,0.96,-2.75261,-1.32534,1.01105,-1.94698,1.10108,1.16772,2.20138,-2.75266,-1.32422,1.00895,-1.94565,1.10136,1.16858,2.20139,-0.000232631,-0.00021798,2.87556e-05,-0.000232249,0.000356086,0.00011888,-0.000847384,0,0,0,0,0,0,0,-0.176685,26.766,-24.6612,7.47104,0.819719,2.4996,0.103647,-0.191092,2.15466,-3.0295,1.88543,0.180371,0.912321,0.064191
1730269,0.96,-2.75261,-1.32534,1.01105,-1.94698,1.10108,1.16772,2.20138,-2.75266,-1.32422,1.00895,-1.94565,1.10136,1.16858,2.20139,-0.000711899,0.000504294,-0.00109445,0.000401979,3.39399e-05,0.000553971,0.000147154,0,0,0,0,0,0,0,-0.152882,26.7383,-24.6136,7.44724,0.825212,2.48678,0.0844213,-0.190527,2.15521,-3.02937,1.88561,0.180414,0.912322,0.0643042
1730270,0.96,-2.75261,-1.32534,1.01105,-1.94698,1.10108,1.16772,2.20138,-2.75266,-1.32422,1.00895,-1.94565,1.10136,1.16858,2.20139,-0.00112421,0.000893008,0.000383988,-0.00149525,-0.000180824,0.000131955,9.81027e-05,0,0,0,0,0,0,0,-0.125111,26.7144,-24.6612,7.52262,0.830705,2.49319,0.0844213,-0.187753,2.15338,-3.02771,1.88708,0.180537,0.912193,0.0645131
1730271,0.96,-2.75261,-1.32534,1.01105,-1.94698,1.10108,1.16772,2.20138,-2.75266,-1.32422,1.00895,-1.94565,1.10136,1.16858,2.20139,0.00045695,3.85265e-05,-0.00030082,0.00132322,-0.000120549,8.79702e-05,6.54018e-05,0,0,0,0,0,0,0,-0.176685,26.7383,-24.6374,7.42344,0.830705,2.49319,0.0844213,-0.183788,2.15042,-3.02567,1.88932,0.180704,0.912019,0.0648026
1730272,0.96,-2.75261,-1.32534,1.01105,-1.94698,1.10108,1.16772,2.20138,-2.75266,-1.32422,1.00895,-1.94565,1.10136,1.16858,2.20139,-0.000252178,2.56844e-05,0.000356265,-0.00023148,0.000123084,-0.000178712,-0.000193758,0,0,0,0,0,0,0,-0.152882,26.7383,-24.6612,7.47104,0.825212,2.4996,0.09083,-0.181688,2.14876,-3.02422,1.89027,0.180775,0.911864,0.0651449
1730273,0.96,-2.75261,-1.32534,1.01105,-1.94698,1.10108,1.16772,2.20138,-2.75266,-1.32422,1.00895,-1.94565,1.10136,1.16858,2.20139,0.000388693,0.000573935,0.00023751,0.000402492,0.000285507,0.000118218,0.000108187,0,0,0,0,0,0,0,-0.176685,26.7144,-24.6612,7.44724,0.819719,2.49319,0.0844213,-0.181433,2.14851,-3.0235,1.89001,0.180758,0.911746,0.0655265
1730274,0.96,-2.75261,-1.32534,1.01105,-1.94698,1.10108,1.16772,2.20138,-2.75266,-1.32422,1.00895,-1.94565,1.10136,1.16858,2.20139,0.000908743,0.000382623,-0.000398472,-0.000288484,-0.000216563,-0.000395906,-0.000165234,0,0,0,0,0,0,0,-0.204456,26.7144,-24.6374,7.47104,0.830705,2.50601,0.09083,-0.182384,2.14867,-3.02289,1.88919,0.180693,0.91165,0.0659409
1730275,0.96,-2.75261,-1.32534,1.01105,-1.94698,1.10108,1.16772,2.20138,-2.75266,-1.32422,1.00895,-1.94565,1.10136,1.16858,2.20139,0.000605828,-0.00030173,-0.000265648,0.000921301,5.9075e-05,0.00021078,-0.000584874,0,0,0,0,0,0,0,-0.204456,26.7383,-24.6374,7.42344,0.825212,2.49319,0.103647,-0.185095,2.14937,-3.02189,1.88746,0.180559,0.911547,0.0663774
1730276,0.96,-2.75261,-1.32534,1.01105,-1.94698,1.10108,1.16772,2.20138,-2.75266,-1.32422,1.00895,-1.94565,1.10136,1.16858,2.20139,0.000403886,0.000355659,0.000379713,5.73888e-05,0.000242834,0.000377879,0.000322161,0,0,0,0,0,0,0,-0.204456,26.7144,-24.6612,7.44724,0.819719,2.48678,0.0844213,-0.188879,2.1509,-3.02108,1.88495,0.180377,0.911444,0.0668368
1730277,0.96,-2.75261,-1.32534,1.01105,-1.94698,1.10108,1.16771,2.20138,-2.75266,-1.32422,1.00895,-1.94565,1.10136,1.16858,2.20139,-0.000380357,0.00088672,0.000253142,-0.000518553,-0.000448462,-0.000697516,-0.000497303,0,0,0,0,0,0,0,-0.176685,26.6867,-24.6612,7.47104,0.836199,2.51242,0.103647,-0.1914,2.15202,-3.02077,1.88318,0.180249,0.911355,0.0673288
1730278,0.96,-2.75261,-1.32534,1.01105,-1.94698,1.10108,1.16772,2.20138,-2.75266,-1.32422,1.00895,-1.94565,1.10136,1.16858,2.20139,0.000396043,-5.84674e-05,0.000168762,-0.000995316,-9.55244e-05,9.70702e-06,0.000380542,0,0,0,0,0,0,0,-0.204456,26.7144,-24.6612,7.49881,0.830705,2.4996,0.0844213,-0.191453,2.15186,-3.02078,1.88317,0.180254,0.911289,0.0678533
1730279,0.96,-2.75261,-1.32534,1.01105,-1.94698,1.10108,1.16772,2.20138,-2.75266,-1.32422,1.00895,-1.94565,1.10136,1.16858,2.20139,0.000264028,-3.89783e-05,-0.000444304,-1.39299e-05,0.000139768,6.47135e-06,1.63354e-05,0,0,0,0,0,0,0,-0.204456,26.7144,-24.6374,7.47104,0.825212,2.4996,0.09083,-0.190729,2.15144,-3.02087,1.88388,0.180332,0.911239,0.0683994
1730280,0.96,-2.75261,-1.32534,1.01105,-1.94698,1.10108,1.16772,2.20139,-2.75266,-1.32422,1.00895,-1.94565,1.10136,1.16858,2.20139,0.000176019,-2.59855e-05,-0.000853015,0.00110434,-0.000313723,0.000241673,0.0016724,0,0,0,0,0,0,0,-0.204456,26.7144,-24.6136,7.42344,0.836199,2.49319,0.0459692,-0.190971,2.15142,-3.0204,1.88382,0.180371,0.911135,0.0689495
1730281,0.96,-2.75261,-1.32534,1.01105,-1.94698,1.10108,1.16771,2.20139,-2.75266,-1.32422,1.00895,-1.94565,1.10136,1.16858,2.20139,-0.000532268,-0.00178056,0.00119456,-0.000377399,-5.6979e-06,-7.62435e-05,0.00162356,0,0,0,0,0,0,0,-0.176685,26.7898,-24.689,7.47104,0.830705,2.4996,0.0322363,-0.192004,2.15265,-3.02038,1.8828,0.180368,0.911012,0.0694732
1730282,0.96,-2.75261,-1.32534,1.01105,-1.94698,1.10108,1.16772,2.20139,-2.75266,-1.32422,1.00895,-1.94565,1.10136,1.16858,2.20139,0.000294769,1.93849e-05,-0.000410052,-0.000251599,0.000199652,-0.000525547,9.90302e-05,0,0,0,0,0,0,0,-0.204456,26.7383,-24.6374,7.47104,0.825212,2.51242,0.0587866,-0.192806,2.15544,-3.02205,1.88178,0.180404,0.910976,0.0699196
1730283,0.96,-2.75261,-1.32534,1.01105,-1.94698,1.10108,1.16772,2.20139,-2.75266,-1.32422,1.00895,-1.94565,1.10136,1.16858,2.20139,0.000196512,1.29233e-05,-0.000273368,-0.000167733,-7.03492e-05,0.000361712,0.00104936,0,0,0,0,0,0,0,-0.204456,26.7383,-24.6374,7.47104,0.830705,2.49319,0.0322363,-0.193221,2.15778,-3.02358,1.88123,0.180477,0.910961,0.0702481
1730284,0.96,-2.75261,-1.32534,1.01105,-1.94698,1.10108,1.16772,2.20139,-2.75266,-1.32422,1.00895,-1.94565,1.10136,1.16858,2.20139,0.000131008,0.000565427,-0.000182245,0.0010018,0.000156551,3.78255e-06,0.00019095,0,0,0,0,0,0,0,-0.204456,26.7144,-24.6374,7.42344,0.825212,2.4996,0.0459692,-0.193681,2.15861,-3.02366,1.88074,0.180527,0.910882,0.0704459
1730285,0.96,-2.75261,-1.32534,1.01105,-1.94698,1.10108,1.16772,2.20139,-2.75266,-1.32422,1.00895,-1.94565,1.10136,1.16858,2.20139,-0.000562275,0.000376952,0.000435315,0.000667868,0.000545177,2.5217e-06,0.000873285,0,0,0,0,0,0,0,-0.176685,26.7144,-24.6612,7.42344,0.81331,2.4996,0.0258276,-0.19397,2.15851,-3.02311,1.88005,0.180531,0.910757,0.0705107
1730286,0.96,-2.75261,-1.32534,1.01105,-1.94698,1.10108,1.16772,2.20139,-2.75266,-1.32422,1.00895,-1.94565,1.10136,1.16858,2.20139,0.000274764,-0.000305511,-0.000266602,-0.000111567,0.000126092,1.68113e-06,-0.000163795,0,0,0,0,0,0,0,-0.204456,26.7383,-24.6374,7.44724,0.819719,2.4996,0.0459692,-0.193789,2.1581,-3.02271,1.87945,0.180521,0.910635,0.0704427
1730287,0.96,-2.75261,-1.32534,1.01105,-1.94698,1.10108,1.16772,2.20139,-2.75266,-1.32422,1.00895,-1.94565,1.10136,1.16858,2.20139,-0.000466438,-0.000203674,-0.000177735,0.000482434,-0.000119389,0.00023848,0.000162071,0,0,0,0,0,0,0,-0.176685,26.7383,-24.6374,7.42344,0.825212,2.49319,0.038645,-0.193454,2.15791,-3.02245,1.87899,0.180517,0.910529,0.0702465
1730288,0.96,-2.75261,-1.32534,1.01105,-1.94698,1.10108,1.16772,2.20139,-2.75266,-1.32422,1.00895,-1.94565,1.10136,1.16858,2.20139,-0.000310959,-0.000785397,-0.00011849,-0.000792001,-0.000283043,-0.00055309,0.00105748,0,0,0,0,0,0,0,-0.176685,26.766,-24.6374,7.47104,0.830705,2.51242,0.0130102,-0.192709,2.15798,-3.02236,1.87886,0.180541,0.910438,0.0699401
1730289,0.96,-2.75261,-1.32534,1.01105,-1.94698,1.10108,1.16772,2.20139,-2.75266,-1.32422,1.00895,-1.94565,1.10136,1.16858,2.20139,0.000442308,0.000682828,0.000477819,0.000585623,-0.000392146,0.000105991,-0.000753074,0,0,0,0,0,0,0,-0.204456,26.7144,-24.6612,7.42344,0.836199,2.4996,0.0523779,-0.191685,2.15822,-3.02262,1.87908,0.180592,0.910393,0.0695354
1730290,0.96,-2.75261,-1.32534,1.01105,-1.94698,1.10108,1.16772,2.20139,-2.75266,-1.32422,1.00895,-1.94565,1.10136,1.16858,2.20139,0.000294872,-0.000101593,0.00096816,-0.000166397,-5.79801e-05,0.000545379,0.000718654,0,0,0,0,0,0,0,-0.204456,26.7383,-24.689,7.44724,0.830705,2.48678,0.0194189,-0.191345,2.15871,-3.02338,1.87901,0.18061,0.910416,0.0690388
1730291,0.96,-2.75261,-1.32534,1.01105,-1.94698,1.10107,1.16772,2.20139,-2.75266,-1.32422,1.00895,-1.94565,1.10136,1.16858,2.20139,-0.00100984,0.000489083,-4.17407e-06,-0.00131736,-0.000649005,-0.000348491,-0.000232974,0,0,0,0,0,0,0,-0.152882,26.7144,-24.6612,7.49881,0.847185,2.50601,0.038645,-0.190339,2.1588,-3.02453,1.87951,0.180677,0.91048,0.0684704
1730292,0.96,-2.75261,-1.32534,1.01105,-1.94698,1.10108,1.16772,2.20139,-2.75266,-1.32422,1.00895,-1.94565,1.10136,1.16858,2.20139,-0.000116418,0.000975669,0.00120364,0.000328188,0.000381132,-0.000232327,0.00079412,0,0,0,0,0,0,0,-0.176685,26.6867,-24.7128,7.44724,0.825212,2.50601,0.0130102,-0.187219,2.15749,-3.02559,1.88144,0.180865,0.910535,0.0678465
1730293,0.96,-2.75261,-1.32534,1.01104,-1.94698,1.10108,1.16771,2.20139,-2.75266,-1.32422,1.00895,-1.94565,1.10136,1.16858,2.20139,0.000572002,8.32322e-07,-0.000960809,-0.000987634,0.000457539,-0.000392244,-0.000420023,0,0,0,0,0,0,0,-0.204456,26.7144,-24.6374,7.49881,0.819719,2.51242,0.038645,-0.184073,2.15544,-3.02606,1.88348,0.181066,0.910567,0.0671681
1730294,0.96,-2.75261,-1.32534,1.01105,-1.94698,1.10108,1.16771,2.20139,-2.75266,-1.32422,1.00895,-1.94565,1.10136,1.16858,2.20139,-0.000825091,0.000650169,-0.000640539,-0.000658423,0.000101575,-0.000261496,-4.26561e-05,0,0,0,0,0,0,0,-0.152882,26.6867,-24.6374,7.49881,0.825212,2.51242,0.0322363,-0.181772,2.15284,-3.02511,1.88521,0.18125,0.910538,0.0664361
1730295,0.96,-2.75261,-1.32534,1.01104,-1.94698,1.10108,1.16772,2.20139,-2.75266,-1.32422,1.00895,-1.94565,1.10136,1.16858,2.20139,6.75119e-06,0.000433446,-0.000983838,0.000210666,0.000271167,0.000300387,-2.84374e-05,0,0,0,0,0,0,0,-0.176685,26.6867,-24.6136,7.47104,0.819719,2.4996,0.0322363,-0.179349,2.14926,-3.02254,1.88702,0.181433,0.910415,0.0656655
1730296,0.96,-2.75261,-1.32534,1.01105,-1.94698,1.10108,1.16772,2.20139,-2.75266,-1.32422,1.00895,-1.94565,1.10136,1.16858,2.20139,0.00121093,0.000288964,0.000457732,0.000697256,-0.000633024,0.000200258,-0.000527585,0,0,0,0,0,0,0,-0.22826,26.6867,-24.6612,7.44724,0.841692,2.4996,0.0459692,-0.178677,2.14637,-3.01965,1.88753,0.1815,0.910276,0.0648713
1730297,0.96,-2.75261,-1.32534,1.01105,-1.94698,1.10108,1.16772,2.20139,-2.75266,-1.32422,1.00895,-1.94565,1.10136,1.16858,2.20139,0.000807284,-0.000456971,0.000954768,-9.19749e-05,-1.51149e-05,0.000133505,0.000631621,0,0,0,0,0,0,0,-0.22826,26.7144,-24.689,7.47104,0.830705,2.4996,0.0194189,-0.181374,2.14627,-3.01842,1.88591,0.181405,0.910268,0.0640681
1730298,0.96,-2.75261,-1.32534,1.01105,-1.94698,1.10108,1.16772,2.20139,-2.75266,-1.32422,1.00895,-1.94565,1.10136,1.16858,2.20139,-1.86223e-05,-0.000304648,-1.31016e-05,0.000495495,-1.00766e-05,-0.000148355,-0.000562263,0,0,0,0,0,0,0,-0.204456,26.7144,-24.6612,7.44724,0.830705,2.50601,0.0459692,-0.185678,2.1486,-3.01932,1.88326,0.181253,0.910395,0.0632698
1730299,0.96,-2.75261,-1.32534,1.01105,-1.94698,1.10108,1.16771,2.20139,-2.75266,-1.32422,1.00895,-1.94565,1.10136,1.16858,2.20139,-1.24149e-05,-0.00140952,0.00064088,-0.000226482,0.000196733,-0.000573621,0.000371143,0,0,0,0,0,0,0,-0.204456,26.766,-24.689,7.47104,0.825212,2.51882,0.0258276,-0.189604,2.15211,-3.02148,1.88068,0.181139,0.910573,0.06248
1730300,0.96,-2.75261,-1.32534,1.01105,-1.94698,1.10108,1.16772,2.20139,-2.75266,-1.32422,1.00895,-1.94565,1.10136,1.16858,2.20139,-0.000657891,0.000266743,-0.000222361,-0.000150988,0.000334606,0.000567021,1.00697e-05,0,0,0,0,0,0,0,-0.176685,26.7144,-24.6612,7.47104,0.819719,2.49319,0.0322363,-0.192007,2.15559,-3.02411,1.87894,0.181106,0.910758,0.0617047
1730301,0.96,-2.75261,-1.32534,1.01105,-1.94698,1.10108,1.16772,2.20139,-2.75266,-1.32422,1.00895,-1.94565,1.10136,1.16858,2.20139,0.00021102,-0.000378983,-0.000705053,0.000456153,-0.000387281,-9.67036e-05,-0.000976631,0,0,0,0,0,0,0,-0.204456,26.7383,-24.6374,7.44724,0.836199,2.50601,0.0587866,-0.192795,2.15752,-3.02567,1.87816,0.181136,0.910864,0.0609441
1730302,0.96,-2.75261,-1.32534,1.01105,-1.94698,1.10108,1.16771,2.20138,-2.75266,-1.32422,1.00895,-1.94565,1.10136,1.16858,2.20139,-0.00106575,0.00095377,-0.000470035,-0.00025271,0.000148714,-0.000301828,-0.00112581,0,0,0,0,0,0,0,-0.152882,26.6867,-24.6374,7.47104,0.825212,2.51242,0.071604,-0.192313,2.15725,-3.02536,1.87815,0.181195,0.910851,0.0602079
1730303,0.96,-2.75261,-1.32534,1.01105,-1.94698,1.10108,1.16772,2.20138,-2.75266,-1.32422,1.00895,-1.94565,1.10136,1.16858,2.20139,0.00105274,-1.3767e-05,0.000243455,0.000388339,0.000302593,-0.000201219,-0.00146261,0,0,0,0,0,0,0,-0.22826,26.7144,-24.6612,7.44724,0.819719,2.51242,0.09083,-0.191141,2.15553,-3.02409,1.87867,0.181263,0.910804,0.0595334
1730304,0.96,-2.75261,-1.32534,1.01105,-1.94698,1.10108,1.16772,2.20138,-2.75266,-1.32422,1.00895,-1.94565,1.10136,1.16858,2.20139,-0.000504599,-9.17801e-06,0.000811917,-0.000947533,-1.72188e-06,0.000340572,-0.000262999,0,0,0,0,0,0,0,-0.176685,26.7144,-24.689,7.49881,0.825212,2.4996,0.071604,-0.190429,2.15418,-3.02352,1.87913,0.181309,0.910847,0.0589643
1730305,0.96,-2.75261,-1.32534,1.01104,-1.94698,1.10108,1.16771,2.20138,-2.75266,-1.32422,1.00895,-1.94565,1.10136,1.16858,2.20139,0.000313215,-0.000562931,-0.000665148,0.00113155,0.000202303,0.000227048,-0.000650051,0,0,0,0,0,0,0,-0.204456,26.7383,-24.6374,7.42344,0.819719,2.4996,0.0844213,-0.190263,2.1539,-3.02394,1.87931,0.181332,0.910965,0.0585283
1730306,0.96,-2.75261,-1.32534,1.01105,-1.94698,1.10108,1.16771,2.20138,-2.75266,-1.32422,1.00895,-1.94565,1.10136,1.16858,2.20139,0.00020881,-0.0010249,0.00011338,0.000754366,-0.000272033,0.000151365,4.13509e-05,0,0,0,0,0,0,0,-0.204456,26.766,-24.6612,7.42344,0.830705,2.4996,0.071604,-0.19155,2.15497,-3.02453,1.87829,0.181269,0.911065,0.0582263
1730307,0.96,-2.75261,-1.32534,1.01105,-1.94698,1.10108,1.16772,2.20138,-2.75266,-1.32422,1.00895,-1.94565,1.10136,1.16858,2.20139,0.000139207,0.000523159,7.55868e-05,-0.00181714,2.20954e-05,-0.000373808,-0.000447151,0,0,0,0,0,0,0,-0.204456,26.7144,-24.6612,7.52262,0.825212,2.51242,0.0844213,-0.193498,2.15662,-3.0252,1.87691,0.18118,0.911168,0.058054
1730308,0.96,-2.75261,-1.32534,1.01105,-1.94698,1.10108,1.16772,2.20138,-2.75266,-1.32422,1.00895,-1.94565,1.10136,1.16858,2.20139,-0.00111362,0.000998386,-0.000506421,-0.000654614,1.47303e-05,0.000462872,-0.000772818,0,0,0,0,0,0,0,-0.152882,26.6867,-24.6374,7.49881,0.825212,2.49319,0.0972387,-0.192651,2.15591,-3.02516,1.87781,0.18124,0.911256,0.0580089
1730309,0.96,-2.75261,-1.32534,1.01105,-1.94698,1.10108,1.16771,2.20138,-2.75266,-1.32422,1.00895,-1.94565,1.10136,1.16858,2.20139,0.000464012,0.000665591,-0.000337614,-0.000436409,0.000213271,-0.000403496,-4.04943e-05,0,0,0,0,0,0,0,-0.204456,26.6867,-24.6374,7.49881,0.819719,2.51242,0.0844213,-0.189198,2.15236,-3.0237,1.88061,0.181405,0.911264,0.0580847
1730310,0.96,-2.75261,-1.32534,1.01105,-1.94698,1.10108,1.16771,2.20139,-2.75266,-1.32422,1.00895,-1.94565,1.10136,1.16858,2.20139,-0.000340273,-0.000762699,0.00098135,-0.000847752,-0.000264721,0.000205721,0.0011598,0,0,0,0,0,0,0,-0.176685,26.7383,-24.689,7.52262,0.830705,2.4996,0.0523779,-0.185978,2.14901,-3.02244,1.88333,0.18155,0.911283,0.0582727
1730311,0.96,-2.75261,-1.32534,1.01105,-1.94698,1.10108,1.16771,2.20138,-2.75266,-1.32422,1.00895,-1.94565,1.10136,1.16858,2.20139,-0.000783661,-0.000508466,0.000654233,0.000641258,2.69701e-05,0.000137147,-0.000176237,0,0,0,0,0,0,0,-0.152882,26.7383,-24.689,7.47104,0.825212,2.4996,0.0780126,-0.1837,2.1481,-3.02332,1.88525,0.181649,0.911404,0.0585408
1730312,0.96,-2.75261,-1.32534,1.01105,-1.94698,1.10108,1.16771,2.20138,-2.75266,-1.32422,1.00895,-1.94565,1.10136,1.16858,2.20139,3.43716e-05,0.000217835,-0.000213458,0.000984317,1.79801e-05,-0.000145927,-0.000592209,0,0,0,0,0,0,0,-0.176685,26.7144,-24.6612,7.44724,0.825212,2.50601,0.09083,-0.18247,2.14894,-3.02531,1.88596,0.181659,0.911535,0.0588461
1730313,0.96,-2.75261,-1.32534,1.01105,-1.94698,1.10108,1.16771,2.20138,-2.75266,-1.32422,1.00895,-1.94565,1.10136,1.16858,2.20139,0.000672528,0.000145223,-0.000699118,9.93997e-05,-0.000394914,0.000140074,7.99118e-05,0,0,0,0,0,0,0,-0.204456,26.7144,-24.6374,7.47104,0.836199,2.4996,0.0780126,-0.183131,2.14987,-3.02614,1.88526,0.181547,0.911577,0.0591758
1730314,0.96,-2.75261,-1.32534,1.01105,-1.94698,1.10108,1.16772,2.20139,-2.75266,-1.32422,1.00895,-1.94565,1.10136,1.16858,2.20139,-0.000201262,9.68155e-05,-0.000466078,-0.000583348,0.000584434,9.33826e-05,0.00124007,0,0,0,0,0,0,0,-0.176685,26.7144,-24.6374,7.49881,0.81331,2.4996,0.0459692,-0.18483,2.15002,-3.02537,1.8842,0.181404,0.911541,0.0595372
1730315,0.96,-2.75261,-1.32534,1.01105,-1.94698,1.10108,1.16771,2.20138,-2.75266,-1.32422,1.00895,-1.94565,1.10136,1.16858,2.20139,0.000515439,0.000714158,0.000246093,-0.00094571,-0.000254637,-0.000175104,-0.000122723,0,0,0,0,0,0,0,-0.204456,26.6867,-24.6612,7.52262,0.830705,2.50601,0.071604,-0.185827,2.14915,-3.02397,1.88405,0.181327,0.911497,0.0599162
1730316,0.96,-2.75261,-1.32534,1.01105,-1.94698,1.10108,1.16771,2.20138,-2.75266,-1.32422,1.00895,-1.94565,1.10136,1.16858,2.20139,-0.0008628,-0.000730321,-0.00039275,0.000575952,3.36924e-05,-0.000116736,0.000155544,0,0,0,0,0,0,0,-0.152882,26.7383,-24.6374,7.47104,0.825212,2.50601,0.0651953,-0.185911,2.14799,-3.0229,1.88465,0.181305,0.911478,0.06028
1730317,0.96,-2.75261,-1.32534,1.01105,-1.94698,1.10108,1.16772,2.20138,-2.75266,-1.32422,1.00895,-1.94565,1.10136,1.16858,2.20139,0.00118804,-0.000486881,0.0015014,-0.000822458,-0.000180989,-7.78239e-05,-0.000608381,0,0,0,0,0,0,0,-0.22826,26.7383,-24.7128,7.52262,0.830705,2.50601,0.0844213,-0.18632,2.14829,-3.02324,1.88494,0.181272,0.911535,0.0606127
1730318,0.96,-2.75261,-1.32534,1.01105,-1.94698,1.10108,1.16772,2.20139,-2.75266,-1.32422,1.00895,-1.94565,1.10136,1.16858,2.20139,-0.0004144,0.000232225,0.00100094,0.000658121,-0.000120659,-0.000289242,0.00200191,0,0,0,0,0,0,0,-0.176685,26.7144,-24.7128,7.47104,0.830705,2.51242,0.0194189,-0.187655,2.1505,-3.02561,1.88464,0.181205,0.911727,0.0609226
1730319,0.96,-2.75261,-1.32534,1.01105,-1.94698,1.10108,1.16771,2.20139,-2.75266,-1.32422,1.00895,-1.94565,1.10136,1.16858,2.20139,0.000930159,0.000804431,0.000110479,-0.000210867,-0.00028389,-0.000430187,0.00062253,0,0,0,0,0,0,0,-0.22826,26.6867,-24.689,7.49881,0.836199,2.51882,0.038645,-0.189223,2.15268,-3.0284,1.88421,0.181117,0.911959,0.0612026
1730320,0.96,-2.75261,-1.32534,1.01105,-1.94698,1.10108,1.16771,2.20138,-2.75266,-1.32422,1.00895,-1.94565,1.10136,1.16858,2.20139,-0.00114313,-0.000670139,7.36526e-05,0.000509036,1.41905e-05,-4.94322e-05,-0.00104304,0,0,0,0,0,0,0,-0.152882,26.7383,-24.689,7.47104,0.830705,2.51242,0.0780126,-0.190299,2.15371,-3.03014,1.88398,0.181046,0.912128,0.0614109
1730321,0.96,-2.75261,-1.32534,1.01105,-1.94698,1.10108,1.16771,2.20139,-2.75266,-1.32422,1.00895,-1.94565,1.10136,1.16858,2.20139,-0.000762088,0.000110053,-0.000600512,0.000339357,0.000416361,0.000204404,0.000762701,0,0,0,0,0,0,0,-0.152882,26.7144,-24.6612,7.47104,0.819719,2.50601,0.038645,-0.190021,2.15384,-3.03093,1.88422,0.181035,0.912205,0.061534
1730322,0.96,-2.75261,-1.32534,1.01105,-1.94698,1.10108,1.16772,2.20139,-2.75266,-1.32422,1.00895,-1.94565,1.10136,1.16858,2.20139,0.000698367,7.33685e-05,0.000806084,0.000226238,-0.000129327,0.000136269,-1.59131e-07,0,0,0,0,0,0,0,-0.204456,26.7144,-24.7128,7.47104,0.830705,2.50601,0.0523779,-0.18916,2.15351,-3.03114,1.88458,0.18105,0.912234,0.0615947
1730323,0.96,-2.75261,-1.32534,1.01105,-1.94698,1.10108,1.16772,2.20139,-2.75266,-1.32422,1.00895,-1.94565,1.10136,1.16858,2.20139,-0.000740848,0.000698526,0.0010942,0.000150826,-0.000289668,0.000328205,0.0012206,0,0,0,0,0,0,0,-0.152882,26.6867,-24.7366,7.47104,0.836199,2.4996,0.0194189,-0.188666,2.15328,-3.03178,1.8848,0.181052,0.912319,0.0616011
1730324,0.96,-2.75261,-1.32534,1.01105,-1.94698,1.10108,1.16771,2.20139,-2.75266,-1.32422,1.00895,-1.94565,1.10136,1.16858,2.20139,0.000712527,-0.000740742,-0.00103377,0.000657362,0.000213789,-1.85554e-05,-0.000406972,0,0,0,0,0,0,0,-0.204456,26.7383,-24.6612,7.44724,0.825212,2.50601,0.0523779,-0.188537,2.15322,-3.03268,1.88483,0.181046,0.912427,0.0615408
1730325,0.96,-2.75261,-1.32534,1.01105,-1.94698,1.10108,1.16772,2.20139,-2.75266,-1.32422,1.00895,-1.94565,1.10136,1.16858,2.20139,-0.000174596,6.29841e-05,0.000517246,-0.000768184,-6.09247e-05,0.000224989,0.00071203,0,0,0,0,0,0,0,-0.176685,26.7144,-24.7128,7.49881,0.830705,2.4996,0.0258276,-0.189243,2.15335,-3.03298,1.88445,0.181034,0.912499,0.0614019
1730326,0.96,-2.75261,-1.32534,1.01105,-1.94698,1.10108,1.16772,2.20139,-2.75266,-1.32422,1.00895,-1.94565,1.10136,1.16858,2.20139,0.000533217,4.19894e-05,-0.000211981,-0.00106893,0.000603644,-0.000324725,-0.000508658,0,0,0,0,0,0,0,-0.204456,26.7144,-24.689,7.52262,0.81331,2.51242,0.0523779,-0.189765,2.15321,-3.03307,1.88462,0.181078,0.912583,0.0611923
1730327,0.96,-2.75261,-1.32534,1.01105,-1.94698,1.10108,1.16772,2.20139,-2.75266,-1.32422,1.00895,-1.94565,1.10136,1.16858,2.20139,0.000355478,-0.000528819,-0.000141321,0.000493803,0.00016507,2.08753e-05,0.000169521,0,0,0,0,0,0,0,-0.204456,26.7383,-24.689,7.47104,0.819719,2.50601,0.038645,-0.190205,2.15288,-3.03313,1.88518,0.181144,0.912684,0.0609228
1730328,0.96,-2.75261,-1.32534,1.01105,-1.94698,1.10108,1.16771,2.20139,-2.75266,-1.32422,1.00895,-1.94565,1.10136,1.16858,2.20139,0.000793797,0.000204266,0.000462598,-0.000320412,-9.34038e-05,-0.000460801,0.000825091,0,0,0,0,0,0,0,-0.22826,26.7144,-24.7128,7.49881,0.825212,2.51882,0.0194189,-0.191804,2.15321,-3.03332,1.88502,0.181136,0.912794,0.0606048
1730329,0.96,-2.75261,-1.32534,1.01105,-1.94698,1.10108,1.16771,2.20139,-2.75266,-1.32422,1.00895,-1.94565,1.10136,1.16858,2.20139,-2.76138e-05,0.000785791,0.000308399,0.000436006,0.000141181,0.000167517,0.000550061,0,0,0,0,0,0,0,-0.204456,26.6867,-24.7128,7.47104,0.819719,2.50601,0.0194189,-0.193695,2.15354,-3.03376,1.88461,0.181073,0.91292,0.0602441
1730330,0.96,-2.75261,-1.32534,1.01105,-1.94698,1.10108,1.16772,2.20139,-2.75266,-1.32422,1.00895,-1.94565,1.10136,1.16858,2.20139,-0.000668023,-0.000125753,-0.00100083,-0.000358943,9.41209e-05,0.000111678,0.000129348,0,0,0,0,0,0,0,-0.176685,26.7144,-24.6612,7.49881,0.819719,2.50601,0.0258276,-0.194215,2.15262,-3.03367,1.88487,0.181026,0.912993,0.0598263
1730331,0.96,-2.75261,-1.32534,1.01105,-1.94698,1.10108,1.16771,2.20139,-2.75266,-1.32422,1.00895,-1.94565,1.10136,1.16858,2.20139,-0.00100216,-0.000640647,-1.76039e-05,0.00096713,-0.000344154,7.44521e-05,-0.000659753,0,0,0,0,0,0,0,-0.152882,26.7383,-24.689,7.44724,0.830705,2.50601,0.0459692,-0.192981,2.15092,-3.03302,1.88579,0.181023,0.912975,0.0593396
1730332,0.96,-2.75261,-1.32534,1.01105,-1.94698,1.10108,1.16772,2.20139,-2.75266,-1.32422,1.00895,-1.94565,1.10136,1.16858,2.20139,-0.000111295,0.000129714,-0.00066135,-0.000561672,-0.000229436,4.96347e-05,0.000780868,0,0,0,0,0,0,0,-0.176685,26.7144,-24.6612,7.49881,0.830705,2.50601,0.0130102,-0.190936,2.14943,-3.03246,1.88688,0.18104,0.912921,0.0587975
1730333,0.96,-2.75261,-1.32534,1.01105,-1.94698,1.10108,1.16771,2.20139,-2.75266,-1.32422,1.00895,-1.94565,1.10136,1.16858,2.20139,0.00113223,0.00073609,0.000765526,-0.00093126,-0.000356408,-0.000204269,-0.000700125,0,0,0,0,0,0,0,-0.22826,26.6867,-24.7128,7.52262,0.836199,2.51242,0.0459692,-0.189227,2.14796,-3.03208,1.88812,0.181066,0.912919,0.0582219
1730334,0.96,-2.75261,-1.32534,1.01105,-1.94698,1.10108,1.16771,2.20139,-2.75266,-1.32422,1.00895,-1.94565,1.10136,1.16858,2.20139,-0.000451606,-0.000715699,0.000510351,-6.40282e-05,-3.41547e-05,0.00010118,-0.00046675,0,0,0,0,0,0,0,-0.176685,26.7383,-24.7128,7.49881,0.830705,2.50601,0.0459692,-0.188378,2.14702,-3.03258,1.88939,0.181095,0.913039,0.0576232
1730335,0.96,-2.75261,-1.32534,1.01105,-1.94698,1.10108,1.16771,2.20139,-2.75266,-1.32422,1.00895,-1.94565,1.10136,1.16858,2.20139,-0.000301071,-0.00112675,-0.000866192,-4.26855e-05,-2.27698e-05,0.000304812,-0.000311167,0,0,0,0,0,0,0,-0.176685,26.766,-24.6612,7.49881,0.830705,2.4996,0.0459692,-0.188021,2.14745,-3.03413,1.89026,0.181129,0.913211,0.0570176
1730336,0.96,-2.75261,-1.32534,1.01105,-1.94698,1.10108,1.16772,2.20139,-2.75266,-1.32422,1.00895,-1.94565,1.10136,1.16858,2.20139,-0.000200714,-0.000101551,7.21525e-05,-2.8457e-05,0.000391721,-3.4151e-05,6.3823e-05,0,0,0,0,0,0,0,-0.176685,26.7383,-24.689,7.49881,0.819719,2.50601,0.038645,-0.187842,2.14857,-3.03556,1.89073,0.181167,0.91333,0.0564293
1730337,0.96,-2.75261,-1.32534,1.01105,-1.94698,1.10108,1.16771,2.20139,-2.75266,-1.32422,1.00895,-1.94565,1.10136,1.16858,2.20139,-0.000690621,-6.77004e-05,-0.000601512,0.000630643,5.76969e-05,-0.000260126,0.000279908,0,0,0,0,0,0,0,-0.152882,26.7383,-24.6612,7.47104,0.825212,2.51242,0.0322363,-0.187514,2.14927,-3.03636,1.89107,0.181195,0.913382,0.0558735
1730338,0.96,-2.75261,-1.32534,1.01105,-1.94698,1.10108,1.16771,2.20139,-2.75266,-1.32422,1.00895,-1.94565,1.10136,1.16858,2.20139,9.63978e-05,0.000511678,0.000248606,-0.000229186,-0.000571887,6.39414e-05,-0.000796739,0,0,0,0,0,0,0,-0.176685,26.7144,-24.689,7.49881,0.841692,2.50601,0.0587866,-0.186762,2.14908,-3.03654,1.89154,0.181212,0.913389,0.0553488
1730339,0.96,-2.75261,-1.32534,1.01105,-1.94698,1.10108,1.16771,2.20139,-2.75266,-1.32422,1.00895,-1.94565,1.10136,1.16858,2.20139,6.42652e-05,0.000990733,0.000165737,0.000496824,0.000229094,-0.000194731,0.000214826,0,0,0,0,0,0,0,-0.176685,26.6867,-24.689,7.47104,0.825212,2.51242,0.038645,-0.185932,2.14805,-3.03635,1.89216,0.181218,0.913401,0.054856
1730340,0.96,-2.75261,-1.32534,1.01105,-1.94698,1.10108,1.16771,2.20139,-2.75266,-1.32422,1.00895,-1.94565,1.10136,1.16858,2.20139,4.28434e-05,1.08746e-05,0.000110491,0.000331216,-5.07214e-05,0.000107538,-0.000602768,0,0,0,0,0,0,0,-0.176685,26.7144,-24.689,7.47104,0.830705,2.50601,0.0587866,-0.185548,2.14674,-3.03613,1.89255,0.181198,0.913437,0.0544031
1730341,0.96,-2.75261,-1.32534,1.01105,-1.94698,1.10108,1.16771,2.20139,-2.75266,-1.32422,1.00895,-1.94565,1.10136,1.16858,2.20139,2.85623e-05,-0.000549562,7.3661e-05,-0.000428803,-0.000237265,7.1692e-05,0.000581499,0,0,0,0,0,0,0,-0.176685,26.7383,-24.689,7.49881,0.836199,2.50601,0.0322363,-0.185736,2.14621,-3.03637,1.89259,0.181174,0.91351,0.0539921
1730342,0.96,-2.75261,-1.32534,1.01105,-1.94698,1.10108,1.16772,2.20138,-2.75266,-1.32422,1.00895,-1.94565,1.10136,1.16858,2.20139,0.000668655,0.000840051,0.000605919,0.000920557,0.000452175,-0.000426923,-0.00154511,0,0,0,0,0,0,0,-0.204456,26.6867,-24.7128,7.44724,0.819719,2.51882,0.0844213,-0.186648,2.14668,-3.03725,1.89224,0.181148,0.913637,0.0536215
1730343,0.96,-2.75261,-1.32534,1.01105,-1.94698,1.10108,1.16771,2.20138,-2.75266,-1.32422,1.00895,-1.94565,1.10136,1.16858,2.20139,-0.000203844,-0.000646392,0.000960758,-0.00114953,-0.000308902,-4.72565e-05,-0.00103008,0,0,0,0,0,0,0,-0.176685,26.7383,-24.7366,7.52262,0.836199,2.51242,0.0844213,-0.18791,2.14774,-3.03894,1.89176,0.181121,0.913838,0.0533005
1730344,0.96,-2.75261,-1.32534,1.01105,-1.94698,1.10108,1.16771,2.20138,-2.75266,-1.32422,1.00895,-1.94565,1.10136,1.16858,2.20139,-0.000692708,-0.000430928,0.00504006,-0.000209544,0.000200967,0.000205855,-0.000449358,0,0,0,0,0,0,0,-0.152882,26.7383,-24.6612,7.49881,0.825212,2.50601,0.0780126,-0.187856,2.15041,-3.0439,1.89212,0.181179,0.914251,0.0530649
1730345,0.96,-2.75261,-1.32534,1.01105,-1.94698,1.10108,1.16771,2.20138,-2.75266,-1.32422,1.00895,-1.94565,1.10136,1.16858,2.20139,0.000744621,0.000269527,0.00452322,0.00106673,-0.000272923,0.000137236,-0.000536931,0,0,0,0,0,0,0,-0.204456,26.7144,-24.689,7.44724,0.836199,2.50601,0.0844213,-0.187007,2.15615,-3.05419,1.89272,0.181267,0.914983,0.0529463
1730346,0.96,-2.75261,-1.32534,1.01105,-1.94698,1.10108,1.16771,2.20138,-2.75266,-1.32422,1.00895,-1.94565,1.10136,1.16858,2.20139,-0.0001532,-0.000377127,0.00340065,0.000711153,-0.000181949,9.14909e-05,-0.000357954,0,0,0,0,0,0,0,-0.176685,26.7383,-24.689,7.44724,0.836199,2.50601,0.0844213,-0.187399,2.16407,-3.06726,1.89213,0.18126,0.915874,0.0529466
1730347,0.96,-2.75261,-1.32534,1.01105,-1.94698,1.10108,1.16771,2.20138,-2.75266,-1.32422,1.00895,-1.94565,1.10136,1.16858,2.20139,-0.000102133,-0.000251418,-0.0036358,-0.000732324,0.000285602,-0.000176365,-0.000713354,0,0,0,0,0,0,0,-0.176685,26.7383,-24.689,7.49881,0.825212,2.51242,0.0972387,-0.18833,2.17003,-3.07644,1.89117,0.181241,0.916509,0.0530571
1730348,0.96,-2.75261,-1.32534,1.01105,-1.94698,1.10108,1.16771,2.20138,-2.75266,-1.32422,1.00895,-1.94565,1.10136,1.16858,2.20139,0.000581525,-0.000167612,0.00405222,0.00071821,-1.30493e-05,-0.000117577,-0.00023821,0,0,0,0,0,0,0,-0.204456,26.7383,-24.7128,7.44724,0.830705,2.51242,0.09083,-0.18914,2.17232,-3.07938,1.89056,0.181269,0.916758,0.0532755
1730349,0.97,-2.75261,-1.32534,1.01105,-1.94698,1.10108,1.16772,2.20138,-2.75266,-1.32422,1.00895,-1.94565,1.10136,1.16858,2.20139,-0.000261931,0.00044507,0.00243839,-0.000727619,0.000194751,0.000871051,7.8552e-05,0,0,0,0,0,0,0,-0.176685,26.7144,-24.689,7.49881,0.825212,2.48678,0.0844213,-0.189806,2.17388,-3.08154,1.89017,0.181314,0.91697,0.0536081
1730350,0.98,-2.75261,-1.32534,1.01105,-1.94698,1.10108,1.16771,2.20138,-2.75266,-1.32422,1.00895,-1.94565,1.10136,1.16858,2.20139,0.000474994,-0.000260098,0.0024027,-0.000485079,-0.000277067,-0.000368735,-0.00042235,0,0,0,0,0,0,0,-0.204456,26.7383,-24.7128,7.49881,0.836199,2.51242,0.0972387,-0.189538,2.17549,-3.08499,1.89052,0.181408,0.917267,0.0540466
1730351,0.99,-2.75261,-1.32534,1.01105,-1.94698,1.10108,1.16772,2.20138,-2.75266,-1.32422,1.00895,-1.94565,1.10136,1.16858,2.20139,-0.000889764,-0.000173399,0.000560596,-0.000323386,1.87392e-05,-0.000245823,0.000193151,0,0,0,0,0,0,0,-0.152882,26.7383,-24.6612,7.49881,0.830705,2.51242,0.0844213,-0.188316,2.17611,-3.08748,1.89165,0.181564,0.91749,0.0545702
1730352,1,-2.75261,-1.32534,1.01105,-1.94698,1.10108,1.16772,2.20138,-2.75266,-1.32422,1.00895,-1.94565,1.10136,1.16858,2.20139,-0.000593176,0.000441213,0.000497646,0.000434023,0.000419394,0.000310836,-0.00034595,0,0,0,0,0,0,0,-0.152882,26.7144,-24.6612,7.47104,0.819719,2.4996,0.0972387,-0.186054,2.1749,-3.08748,1.89324,0.181756,0.917513,0.0551624
1730353,1,-2.75261,-1.32534,1.01105,-1.94699,1.10108,1.16771,2.20138,-2.75266,-1.32422,1.00895,-1.94565,1.10136,1.16858,2.20139,0.000161361,-0.000912284,0.00107431,-0.00147389,7.61454e-05,-3.01351e-05,0.000244084,0,0,0,0,0,0,0,-0.176685,26.766,-24.689,7.54642,0.825212,2.50601,0.0844213,-0.183319,2.17236,-3.08536,1.89503,0.181957,0.91738,0.0558089
1730354,1,-2.75261,-1.32534,1.01105,-1.94698,1.10108,1.16771,2.20138,-2.75266,-1.32422,1.00895,-1.94565,1.10136,1.16858,2.20139,-0.000449238,0.000598237,0.00134272,-0.000425781,0.000491573,0.000217269,-7.46361e-05,0,0,0,0,0,0,0,-0.152882,26.7144,-24.7128,7.52262,0.81331,2.4996,0.09083,-0.180741,2.16982,-3.08292,1.89703,0.182161,0.917239,0.0564989
1730355,1,-2.75261,-1.32534,1.01105,-1.94698,1.10108,1.16771,2.20138,-2.75266,-1.32422,1.00895,-1.94565,1.10136,1.16858,2.20139,0.00025732,-0.000157988,0.000390614,0.000272958,-0.000519995,-9.2513e-05,0.000187602,0,0,0,0,0,0,0,-0.176685,26.7383,-24.689,7.49881,0.836199,2.50601,0.0844213,-0.178605,2.16728,-3.08027,1.89886,0.182319,0.917087,0.0572187
1730356,1,-2.75261,-1.32534,1.01105,-1.94699,1.10108,1.16772,2.20138,-2.75266,-1.32422,1.00895,-1.94565,1.10136,1.16858,2.20139,0.00193478,0.000451487,0.00141324,-0.000931652,6.02376e-05,-0.000299034,-0.00034965,0,0,0,0,0,0,0,-0.252064,26.7144,-24.7366,7.54642,0.825212,2.51242,0.0972387,-0.17868,2.16524,-3.07717,1.89952,0.182347,0.916926,0.0579523
1730357,1,-2.75261,-1.32534,1.01105,-1.94698,1.10108,1.16771,2.20138,-2.75266,-1.32422,1.00895,-1.94565,1.10136,1.16858,2.20139,-0.00103019,-0.000255821,0.000414754,0.000492523,0.000243609,-0.000199356,0.000478977,0,0,0,0,0,0,0,-0.152882,26.7383,-24.7128,7.49881,0.819719,2.51242,0.0780126,-0.180673,2.16397,-3.07416,1.89926,0.182279,0.916796,0.0586935
1730358,1,-2.75261,-1.32534,1.01105,-1.94698,1.10108,1.16771,2.20138,-2.75266,-1.32422,1.00895,-1.94565,1.10136,1.16858,2.20139,-0.000686796,-0.000170547,-0.000907869,-0.000228464,-4.10446e-05,-0.000370263,-0.0001554,0,0,0,0,0,0,0,-0.152882,26.7383,-24.6612,7.52262,0.825212,2.51882,0.09083,-0.181623,2.16218,-3.07065,1.89932,0.182224,0.916588,0.059437
1730359,1,-2.75261,-1.32534,1.01105,-1.94698,1.10108,1.16771,2.20138,-2.75266,-1.32422,1.00895,-1.94565,1.10136,1.16858,2.20139,0.00130537,-0.000763312,0.000617721,0.000404503,-2.7363e-05,0.000465235,0.000608477,0,0,0,0,0,0,0,-0.22826,26.766,-24.7128,7.49881,0.825212,2.4996,0.071604,-0.182231,2.16027,-3.06641,1.89932,0.182162,0.916301,0.0601692
1730360,1,-2.75261,-1.32534,1.01105,-1.94698,1.10108,1.16771,2.20138,-2.75266,-1.32422,1.00895,-1.94565,1.10136,1.16858,2.20139,-0.000892988,0.00134717,-0.000132593,0.000269669,-1.8242e-05,-0.000164561,0.00064301,0,0,0,0,0,0,0,-0.152882,26.6867,-24.689,7.49881,0.825212,2.51242,0.0651953,-0.183816,2.15877,-3.06217,1.89871,0.182037,0.916028,0.0608797
1730361,1,-2.75261,-1.32534,1.01105,-1.94699,1.10108,1.16771,2.20138,-2.75266,-1.32422,1.00895,-1.94565,1.10136,1.16858,2.20139,-3.85137e-05,0.00089811,0.000477721,-0.000933845,-1.21614e-05,0.000127651,-0.000520762,0,0,0,0,0,0,0,-0.176685,26.6867,-24.7128,7.54642,0.825212,2.50601,0.09083,-0.183812,2.1557,-3.05775,1.89914,0.181951,0.915755,0.0615575
1730362,1,-2.75261,-1.32534,1.01105,-1.94698,1.10108,1.16771,2.20138,-2.75266,-1.32422,1.00895,-1.94565,1.10136,1.16858,2.20139,0.000623938,-0.000607686,0.000882271,0.000491061,-0.000415009,-0.000389617,-0.000109816,0,0,0,0,0,0,0,-0.204456,26.7383,-24.7366,7.49881,0.836199,2.51882,0.0844213,-0.182737,2.1522,-3.05407,1.90044,0.181915,0.915551,0.0621906
1730363,1,-2.75261,-1.32534,1.01105,-1.94698,1.10108,1.16771,2.20139,-2.75266,-1.32422,1.00895,-1.94565,1.10136,1.16858,2.20139,-0.000233655,-0.000405124,3.66021e-05,0.000327374,-7.32219e-05,0.000452332,0.000876225,0,0,0,0,0,0,0,-0.176685,26.7383,-24.7128,7.49881,0.830705,2.4996,0.0587866,-0.183195,2.15098,-3.0522,1.90076,0.18183,0.915466,0.0627817
1730364,1,-2.75261,-1.32534,1.01105,-1.94698,1.10108,1.16771,2.20139,-2.75266,-1.32422,1.00895,-1.94565,1.10136,1.16858,2.20139,0.000493844,-0.000270083,0.000585139,0.000867863,0.000358086,6.41958e-05,0.00133014,0,0,0,0,0,0,0,-0.204456,26.7383,-24.7366,7.47104,0.819719,2.50601,0.038645,-0.185025,2.15159,-3.0514,1.89994,0.181691,0.915422,0.0633309
1730365,1,-2.75261,-1.32534,1.01105,-1.94698,1.10108,1.16771,2.20138,-2.75266,-1.32422,1.00895,-1.94565,1.10136,1.16858,2.20139,-0.000877197,0.000376757,-0.000163776,-0.00062785,-0.000371627,-0.000431921,-9.65873e-05,0,0,0,0,0,0,0,-0.152882,26.7144,-24.7128,7.52262,0.836199,2.51882,0.0651953,-0.186571,2.15222,-3.05084,1.89918,0.181569,0.915375,0.0638144
1730366,1,-2.75261,-1.32534,1.01105,-1.94698,1.10108,1.16771,2.20139,-2.75266,-1.32422,1.00895,-1.94565,1.10136,1.16858,2.20139,0.00117844,0.000251171,-0.000106976,0.000787859,-4.4301e-05,-0.000525306,0.00115631,0,0,0,0,0,0,0,-0.22826,26.7144,-24.7128,7.47104,0.830705,2.52523,0.0322363,-0.187268,2.15181,-3.04981,1.89908,0.1815,0.915314,0.0642075
1730367,1,-2.75261,-1.32534,1.01105,-1.94698,1.10108,1.16771,2.20139,-2.75266,-1.32422,1.00895,-1.94565,1.10136,1.16858,2.20139,-0.000420799,-0.000389364,0.000487151,-0.000681187,-0.000232985,0.000361873,0.000533515,0,0,0,0,0,0,0,-0.176685,26.7383,-24.7366,7.52262,0.836199,2.50601,0.038645,-0.188193,2.1512,-3.04866,1.89903,0.181446,0.915282,0.0644972
1730368,1,-2.75261,-1.32534,1.01105,-1.94698,1.10108,1.16771,2.20138,-2.75266,-1.32422,1.00895,-1.94565,1.10136,1.16858,2.20139,0.000369081,0.000297236,-0.000230803,0.00130911,4.81275e-05,0.000241249,-0.000627667,0,0,0,0,0,0,0,-0.204456,26.7144,-24.7128,7.44724,0.830705,2.50601,0.0651953,-0.189249,2.15099,-3.048,1.89886,0.181407,0.915293,0.0646699
1730369,1,-2.75261,-1.32534,1.01105,-1.94698,1.10108,1.16771,2.20139,-2.75266,-1.32422,1.00895,-1.94565,1.10136,1.16858,2.20139,-0.000960372,0.000198157,-0.000152937,0.00031593,3.2085e-05,-7.65266e-05,5.62731e-05,0,0,0,0,0,0,0,-0.152882,26.7144,-24.7128,7.47104,0.830705,2.51242,0.0523779,-0.189782,2.15044,-3.04723,1.89867,0.181384,0.915275,0.0647312
1730370,1,-2.75261,-1.32534,1.01105,-1.94698,1.10108,1.16772,2.20139,-2.75266,-1.32422,1.00895,-1.94565,1.10136,1.16858,2.20139,0.000566178,0.000132105,-0.000101259,0.00021062,2.139e-05,-0.000288377,-0.000199844,0,0,0,0,0,0,0,-0.204456,26.7144,-24.7128,7.47104,0.830705,2.51882,0.0587866,-0.189655,2.14931,-3.04621,1.89867,0.181389,0.915231,0.0647122
1730371,1,-2.75261,-1.32534,1.01105,-1.94698,1.10108,1.16771,2.20139,-2.75266,-1.32422,1.00895,-1.94565,1.10136,1.16858,2.20139,0.000934264,-0.000468742,-0.000623794,0.000140413,-0.000189191,4.51078e-05,0.000850115,0,0,0,0,0,0,0,-0.22826,26.7383,-24.689,7.47104,0.836199,2.51242,0.0322363,-0.190324,2.14854,-3.04521,1.89838,0.181396,0.915223,0.0646354
1730372,1,-2.75261,-1.32534,1.01105,-1.94698,1.10108,1.16771,2.20139,-2.75266,-1.32422,1.00895,-1.94565,1.10136,1.16858,2.20139,-0.000583583,0.000244317,0.000698154,-0.000556005,0.000280774,-0.000444646,-0.000179242,0,0,0,0,0,0,0,-0.176685,26.7144,-24.7366,7.49881,0.825212,2.52523,0.0523779,-0.191709,2.14839,-3.04464,1.89791,0.181416,0.915286,0.0645077
1730373,1,-2.75261,-1.32534,1.01105,-1.94698,1.10108,1.16771,2.20138,-2.75266,-1.32422,1.00895,-1.94565,1.10136,1.16858,2.20139,-0.000389055,0.000162878,-9.10812e-05,0.000278944,-1.62678e-05,0.000415646,-0.000594212,0,0,0,0,0,0,0,-0.176685,26.7144,-24.7128,7.47104,0.830705,2.50601,0.0651953,-0.191425,2.1479,-3.04488,1.89846,0.181524,0.915409,0.0643311
1730374,1,-2.75261,-1.32534,1.01105,-1.94698,1.10108,1.16771,2.20139,-2.75266,-1.32422,1.00895,-1.94565,1.10136,1.16858,2.20139,0.000390244,0.000758199,-6.04998e-05,-0.00102046,0.000192605,-0.00019762,7.85763e-05,0,0,0,0,0,0,0,-0.204456,26.6867,-24.7128,7.52262,0.825212,2.51882,0.0523779,-0.189646,2.14649,-3.0452,1.89993,0.181697,0.915549,0.0641189
1730375,1,-2.75261,-1.32534,1.01105,-1.94698,1.10108,1.16771,2.20139,-2.75266,-1.32422,1.00895,-1.94565,1.10136,1.16858,2.20139,-0.000389452,-0.000144148,-4.01674e-05,0.000526117,-0.000278498,0.000105612,0.00127309,0,0,0,0,0,0,0,-0.176685,26.7144,-24.7128,7.47104,0.836199,2.51242,0.0194189,-0.18769,2.14456,-3.04522,1.90162,0.181879,0.915688,0.0638913
1730376,1,-2.75261,-1.32534,1.01105,-1.94698,1.10108,1.16771,2.20139,-2.75266,-1.32422,1.00895,-1.94565,1.10136,1.16858,2.20139,-0.000816446,-9.60985e-05,-2.66539e-05,0.000907557,1.77855e-05,0.000307767,-0.000134619,0,0,0,0,0,0,0,-0.152882,26.7144,-24.7128,7.44724,0.830705,2.50601,0.0459692,-0.18593,2.14313,-3.04549,1.90281,0.18203,0.915813,0.0636396
1730377,1,-2.75261,-1.32534,1.01105,-1.94698,1.10108,1.16771,2.20139,-2.75266,-1.32422,1.00895,-1.94565,1.10136,1.16858,2.20139,-0.000544298,-0.000620878,-1.7676e-05,4.82258e-05,-0.000191594,-3.2181e-05,-0.000564464,0,0,0,0,0,0,0,-0.152882,26.7383,-24.7128,7.47104,0.836199,2.51242,0.0587866,-0.18426,2.14266,-3.04633,1.90335,0.182151,0.915919,0.0633416
1730378,1,-2.75261,-1.32534,1.01105,-1.94698,1.10108,1.16771,2.20139,-2.75266,-1.32422,1.00895,-1.94565,1.10136,1.16858,2.20139,0.000193947,0.000142894,-0.000568526,-0.000617463,7.57215e-05,-2.1454e-05,0.000844394,0,0,0,0,0,0,0,-0.176685,26.7144,-24.689,7.49881,0.830705,2.51242,0.0258276,-0.182731,2.1426,-3.0473,1.9038,0.182284,0.91603,0.0630054
1730379,1,-2.75261,-1.32534,1.01105,-1.94698,1.10108,1.16771,2.20139,-2.75266,-1.32422,1.00895,-1.94565,1.10136,1.16858,2.20139,0.000778912,9.52624e-05,-0.00102858,-0.000968454,0.000253932,0.000223056,8.82113e-05,0,0,0,0,0,0,0,-0.204456,26.7144,-24.6612,7.52262,0.825212,2.50601,0.038645,-0.181906,2.14204,-3.04731,1.90437,0.182432,0.916132,0.0626458
1730380,1,-2.75261,-1.32534,1.01105,-1.94698,1.10108,1.16771,2.20139,-2.75266,-1.32422,1.00895,-1.94565,1.10136,1.16858,2.20139,-0.00133677,6.35082e-05,0.000520746,0.0011176,-3.41628e-05,-8.86548e-05,-0.000449819,0,0,0,0,0,0,0,-0.125111,26.7144,-24.7128,7.44724,0.830705,2.51242,0.0523779,-0.181458,2.14102,-3.04667,1.90491,0.182568,0.916214,0.0622567
1730381,1,-2.75261,-1.32534,1.01105,-1.94698,1.10108,1.16771,2.20139,-2.75266,-1.32422,1.00895,-1.94565,1.10136,1.16858,2.20139,0.00152167,4.23388e-05,0.000904005,-0.00101817,-2.27752e-05,-5.91032e-05,-6.25203e-05,0,0,0,0,0,0,0,-0.22826,26.7144,-24.7366,7.52262,0.830705,2.51242,0.0459692,-0.181201,2.14081,-3.0472,1.90513,0.182664,0.916354,0.0618414
1730382,1,-2.75261,-1.32534,1.01105,-1.94698,1.10108,1.16772,2.20139,-2.75266,-1.32422,1.00895,-1.94565,1.10136,1.16858,2.20139,-0.000191976,2.82259e-05,4.58805e-05,0.000527646,-1.51835e-05,-0.000276761,0.000704305,0,0,0,0,0,0,0,-0.176685,26.7144,-24.7128,7.47104,0.830705,2.51882,0.0258276,-0.182059,2.14181,-3.04906,1.90477,0.182706,0.916598,0.0614165
1730383,1,-2.75261,-1.32534,1.01105,-1.94698,1.10108,1.16771,2.20139,-2.75266,-1.32422,1.00895,-1.94565,1.10136,1.16858,2.20139,-0.000127984,-0.000537995,0.000587416,-0.000854662,-0.000417023,5.28516e-05,-0.000276449,0,0,0,0,0,0,0,-0.176685,26.7383,-24.7366,7.52262,0.841692,2.51242,0.0459692,-0.183179,2.14332,-3.05139,1.90432,0.182741,0.916874,0.0609835
1730384,1,-2.75261,-1.32534,1.01106,-1.94698,1.10108,1.16771,2.20139,-2.75266,-1.32422,1.00895,-1.94565,1.10136,1.16858,2.20139,0.000564291,0.000847763,0.00104124,-0.000569775,-7.45651e-05,-0.000202125,0.000561686,0,0,0,0,0,0,0,-0.204456,26.6867,-24.7643,7.52262,0.836199,2.51882,0.0258276,-0.183422,2.14469,-3.05417,1.90449,0.18283,0.917176,0.0605366
1730385,1,-2.75261,-1.32534,1.01105,-1.94698,1.10108,1.16771,2.20139,-2.75266,-1.32422,1.00895,-1.94565,1.10136,1.16858,2.20139,-0.00027342,-8.44388e-05,4.45532e-05,0.000826576,0.00015374,0.000102609,0.000137099,0,0,0,0,0,0,0,-0.176685,26.7144,-24.7366,7.47104,0.830705,2.51242,0.0322363,-0.183441,2.14563,-3.05693,1.90486,0.182926,0.917481,0.0600731
1730386,1,-2.75261,-1.32534,1.01105,-1.94698,1.10108,1.16771,2.20139,-2.75266,-1.32422,1.00895,-1.94565,1.10136,1.16858,2.20139,0.000467334,-5.62925e-05,-0.000527103,-9.85632e-05,-0.000100957,0.000305765,9.1399e-05,0,0,0,0,0,0,0,-0.204456,26.7144,-24.7128,7.49881,0.836199,2.50601,0.0322363,-0.184017,2.14621,-3.05871,1.90462,0.18298,0.917696,0.0595829
1730387,1,-2.75261,-1.32534,1.01106,-1.94698,1.10108,1.16771,2.20139,-2.75266,-1.32422,1.00895,-1.94565,1.10136,1.16858,2.20139,0.000868368,-3.75283e-05,0.000205415,0.000583905,0.000339596,-0.000270874,0.000535651,0,0,0,0,0,0,0,-0.22826,26.7144,-24.7366,7.47104,0.825212,2.51882,0.0194189,-0.185854,2.14687,-3.05943,1.90352,0.182977,0.917828,0.0590609
1730388,1,-2.75261,-1.32534,1.01105,-1.94698,1.10108,1.16772,2.20139,-2.75266,-1.32422,1.00895,-1.94565,1.10136,1.16858,2.20139,2.21001e-05,0.000624595,-0.000419864,-0.000260344,0.000226398,5.6776e-05,-0.000626244,0,0,0,0,0,0,0,-0.204456,26.6867,-24.7128,7.49881,0.825212,2.51242,0.0459692,-0.188448,2.14734,-3.05952,1.90206,0.182943,0.917926,0.0585096
1730389,1,-2.75261,-1.32534,1.01106,-1.94698,1.10108,1.16771,2.20139,-2.75266,-1.32422,1.00895,-1.94565,1.10136,1.16858,2.20139,1.47334e-05,-0.000790029,0.000926519,-0.000173563,-5.25188e-05,0.00027521,0.000565848,0,0,0,0,0,0,0,-0.204456,26.7383,-24.7643,7.49881,0.830705,2.50601,0.0194189,-0.190185,2.14743,-3.05975,1.90119,0.182946,0.918025,0.0579344
1730390,1,-2.75261,-1.32534,1.01105,-1.94698,1.10108,1.16771,2.20139,-2.75266,-1.32422,1.00895,-1.94565,1.10136,1.16858,2.20139,-0.000639792,3.01258e-05,-0.000588744,-0.00067252,-3.50125e-05,0.000183473,-0.000843471,0,0,0,0,0,0,0,-0.176685,26.7144,-24.7128,7.52262,0.830705,2.50601,0.0523779,-0.190304,2.14753,-3.06074,1.90134,0.183032,0.918143,0.0573445
1730391,1,-2.75261,-1.32534,1.01106,-1.94698,1.10108,1.16772,2.20139,-2.75266,-1.32422,1.00895,-1.94565,1.10136,1.16858,2.20139,-0.00098334,-0.000536728,0.000813931,0.000108465,-0.000226792,-0.000352403,0.000183671,0,0,0,0,0,0,0,-0.152882,26.7383,-24.7643,7.49881,0.836199,2.51882,0.0322363,-0.188507,2.14731,-3.06218,1.90258,0.183204,0.918244,0.0567511
1730392,1,-2.75261,-1.32534,1.01105,-1.94698,1.10108,1.16771,2.20139,-2.75266,-1.32422,1.00895,-1.94565,1.10136,1.16858,2.20139,0.00110768,0.000848607,-0.00122062,0.000721924,0.000459157,2.42393e-06,0.000359806,0,0,0,0,0,0,0,-0.22826,26.6867,-24.689,7.47104,0.819719,2.51242,0.0258276,-0.186552,2.14669,-3.06321,1.90379,0.183357,0.918296,0.0561673
1730393,1,-2.75261,-1.32534,1.01106,-1.94698,1.10108,1.16771,2.20139,-2.75266,-1.32422,1.00895,-1.94565,1.10136,1.16858,2.20139,-0.000467974,0.000565738,0.000299881,-0.000168331,-0.000100797,0.000238975,-0.000234847,0,0,0,0,0,0,0,-0.176685,26.6867,-24.7366,7.49881,0.830705,2.50601,0.038645,-0.186029,2.14537,-3.06288,1.90415,0.18341,0.918278,0.0555945
1730394,1,-2.75261,-1.32534,1.01106,-1.94698,1.10108,1.16771,2.20139,-2.75266,-1.32422,1.00895,-1.94565,1.10136,1.16858,2.20139,-0.000311983,-0.000272455,0.000849535,0.00109421,0.000136253,-7.80423e-05,-0.000427832,0,0,0,0,0,0,0,-0.176685,26.7144,-24.7643,7.44724,0.825212,2.51242,0.0459692,-0.185746,2.14395,-3.06261,1.90427,0.183421,0.91826,0.0550281
1730396,0.98,-2.75261,-1.32534,1.01105,-1.94698,1.10108,1.16771,2.20139,-2.75266,-1.32422,1.00895,-1.94565,1.10136,1.16858,2.20139,-0.000138659,0.000714127,-0.000426712,-0.000317971,-0.000142894,-0.000272044,0.000793197,0,0,0,0,0,0,0,-0.176685,26.6867,-24.7128,7.49881,0.830705,2.51882,0.0194189,-0.185004,2.14366,-3.06454,1.90428,0.183445,0.918331,0.0539497
1730397,0.97,-2.75261,-1.32534,1.01105,-1.94698,1.10108,1.16771,2.20139,-2.75266,-1.32422,1.00895,-1.94565,1.10136,1.16858,2.20139,-0.000649251,-0.000730341,-0.0014909,0.000437634,-0.000502164,0.000530714,-0.000454546,0,0,0,0,0,0,0,-0.152882,26.7383,-24.6612,7.47104,0.841692,2.4996,0.0459692,-0.183989,2.14241,-3.06402,1.90493,0.183504,0.918285,0.0534523
1730398,0.97,-2.75261,-1.32534,1.01105,-1.94698,1.10108,1.16771,2.20139,-2.75266,-1.32422,1.00895,-1.94565,1.10136,1.16858,2.20139,0.000773592,-0.000486894,-0.000344319,0.000291756,0.000479026,0.00011645,-3.17636e-05,0,0,0,0,0,0,0,-0.204456,26.7383,-24.689,7.47104,0.819719,2.50601,0.038645,-0.183767,2.14135,-3.06269,1.90498,0.183529,0.918181,0.0529664
1730399,0.97,-2.75261,-1.32534,1.01105,-1.94698,1.10108,1.16771,2.20139,-2.75266,-1.32422,1.00895,-1.94565,1.10136,1.16858,2.20139,0.000515728,0.00088183,0.000884078,0.000194504,0.000319351,-0.000397084,-0.000529802,0,0,0,0,0,0,0,-0.204456,26.6867,-24.7366,7.47104,0.819719,2.51882,0.0523779,-0.185314,2.14151,-3.062,1.90397,0.18347,0.918142,0.0524972
1730400,0.97,-2.75261,-1.32534,1.01105,-1.94698,1.10108,1.16772,2.20139,-2.75266,-1.32422,1.00895,-1.94565,1.10136,1.16858,2.20139,-0.000305795,-6.17275e-05,3.25734e-05,0.000129669,-0.000194,-0.000264723,0.00110486,0,0,0,0,0,0,0,-0.176685,26.7144,-24.7128,7.47104,0.830705,2.51882,0.0130102,-0.187133,2.14203,-3.06251,1.9029,0.183378,0.918212,0.0520615
1730401,0.97,-2.75261,-1.32534,1.01105,-1.94698,1.10108,1.16771,2.20139,-2.75266,-1.32422,1.00895,-1.94565,1.10136,1.16858,2.20139,-0.000203864,0.000608462,-0.000535096,8.64461e-05,-0.000332784,6.0877e-05,-0.000484129,0,0,0,0,0,0,0,-0.176685,26.6867,-24.689,7.47104,0.836199,2.51242,0.0459692,-0.187698,2.14188,-3.06319,1.90253,0.183323,0.918296,0.0516532
1730402,0.97,-2.75261,-1.32534,1.01105,-1.94698,1.10108,1.16771,2.20138,-2.75266,-1.32422,1.00895,-1.94565,1.10136,1.16858,2.20139,0.00107052,0.000405642,0.000200081,5.76308e-05,-0.000425307,4.05847e-05,-0.00198427,0,0,0,0,0,0,0,-0.22826,26.6867,-24.7128,7.47104,0.841692,2.51242,0.09083,-0.187851,2.14103,-3.06327,1.90246,0.183288,0.91836,0.0512541
1730403,0.97,-2.75261,-1.32534,1.01105,-1.94698,1.10108,1.16771,2.20138,-2.75266,-1.32422,1.00895,-1.94565,1.10136,1.16858,2.20139,-0.000492748,-0.000935998,0.000133388,-0.00116801,0.000530264,-0.000447661,-0.000373408,0,0,0,0,0,0,0,-0.176685,26.7383,-24.7128,7.52262,0.819719,2.52523,0.0651953,-0.188314,2.1406,-3.0637,1.90242,0.183277,0.918482,0.0508862
1730404,0.97,-2.75261,-1.32534,1.01105,-1.94698,1.10108,1.16771,2.20138,-2.75266,-1.32422,1.00895,-1.94565,1.10136,1.16858,2.20139,-0.000328499,-0.000623999,0.000645737,-0.000221858,-5.33915e-05,0.000413636,-0.000723656,0,0,0,0,0,0,0,-0.176685,26.7383,-24.7366,7.49881,0.830705,2.50601,0.0780126,-0.187987,2.14133,-3.06556,1.90296,0.18335,0.918698,0.0505996
1730405,0.97,-2.75261,-1.32534,1.01105,-1.94698,1.10108,1.16771,2.20139,-2.75266,-1.32422,1.00895,-1.94565,1.10136,1.16858,2.20139,-0.000218999,-0.000415999,-0.000126321,-0.000704717,0.000167856,0.000275757,0.000975624,0,0,0,0,0,0,0,-0.176685,26.7383,-24.7128,7.52262,0.825212,2.50601,0.038645,-0.186688,2.14271,-3.06832,1.90398,0.183484,0.918949,0.0504172
1730406,0.97,-2.75261,-1.32534,1.01105,-1.94699,1.10108,1.16771,2.20138,-2.75266,-1.32422,1.00895,-1.94565,1.10136,1.16858,2.20139,-0.000145999,-0.000277333,-8.42137e-05,-0.000469812,-9.15464e-05,-5.35208e-05,-0.00151972,0,0,0,0,0,0,0,-0.176685,26.7383,-24.7128,7.52262,0.830705,2.51242,0.0972387,-0.1851,2.14384,-3.07071,1.90518,0.183628,0.919163,0.050329
1730407,0.97,-2.75261,-1.32534,1.01105,-1.94698,1.10108,1.16771,2.20139,-2.75266,-1.32422,1.00895,-1.94565,1.10136,1.16858,2.20139,0.000552281,0.000371923,0.000500669,0.000243604,-6.10309e-05,-0.000273039,0.000411005,0,0,0,0,0,0,0,-0.204456,26.7144,-24.7366,7.49881,0.830705,2.51882,0.0587866,-0.184025,2.14457,-3.07242,1.90613,0.183728,0.919335,0.050322
1730408,0.97,-2.75261,-1.32534,1.01106,-1.94698,1.10108,1.16771,2.20139,-2.75266,-1.32422,1.00895,-1.94565,1.10136,1.16858,2.20139,-0.000281427,0.000247949,0.000983394,0.000162403,0.000162763,0.000530051,-0.000200714,0,0,0,0,0,0,0,-0.176685,26.7144,-24.7643,7.49881,0.825212,2.4996,0.071604,-0.183854,2.14526,-3.07407,1.90644,0.183745,0.919503,0.050399
1730409,0.97,-2.75261,-1.32534,1.01106,-1.94698,1.10108,1.16771,2.20139,-2.75266,-1.32422,1.00895,-1.94565,1.10136,1.16858,2.20139,-0.000187618,0.000165299,5.98181e-06,0.000757882,-9.49417e-05,0.000116008,0.000578267,0,0,0,0,0,0,0,-0.176685,26.7144,-24.7366,7.47104,0.830705,2.50601,0.0523779,-0.183896,2.14586,-3.0758,1.90635,0.183709,0.919644,0.0505515
1730410,0.97,-2.75261,-1.32534,1.01106,-1.94698,1.10108,1.16771,2.20138,-2.75266,-1.32422,1.00895,-1.94565,1.10136,1.16858,2.20139,-0.000125078,-0.000446612,0.000653602,-0.000144359,-0.000266745,-0.000397379,-0.000801283,0,0,0,0,0,0,0,-0.176685,26.7383,-24.7643,7.49881,0.836199,2.51882,0.0844213,-0.183964,2.1465,-3.0774,1.90602,0.183651,0.919736,0.0507555
1730411,0.97,-2.75261,-1.32534,1.01105,-1.94698,1.10108,1.16771,2.20138,-2.75266,-1.32422,1.00895,-1.94565,1.10136,1.16858,2.20139,-8.33857e-05,0.00025907,-0.000770691,-0.000653051,0.000229071,-2.75605e-05,-0.000771548,0,0,0,0,0,0,0,-0.176685,26.7144,-24.7128,7.52262,0.825212,2.51242,0.09083,-0.183847,2.14689,-3.07857,1.90595,0.183623,0.919793,0.050999
1730412,0.97,-2.75261,-1.32534,1.01105,-1.94698,1.10108,1.16771,2.20138,-2.75266,-1.32422,1.00895,-1.94565,1.10136,1.16858,2.20139,0.00115084,-0.000384098,-0.000513794,-0.000435368,0.000152714,-1.83737e-05,0.000197712,0,0,0,0,0,0,0,-0.22826,26.7383,-24.7128,7.52262,0.825212,2.51242,0.071604,-0.184021,2.14658,-3.07849,1.90617,0.183622,0.919801,0.0512922
1730413,0.97,-2.75261,-1.32534,1.01105,-1.94699,1.10108,1.16771,2.20138,-2.75266,-1.32422,1.00895,-1.94565,1.10136,1.16858,2.20139,-0.000996014,0.000300746,0.000214282,-0.000847057,-0.000101641,-0.000486967,-0.000105551,0,0,0,0,0,0,0,-0.152882,26.7144,-24.7366,7.54642,0.830705,2.52523,0.0780126,-0.184421,2.14582,-3.07764,1.90663,0.183639,0.919788,0.0516471
1730414,0.97,-2.75261,-1.32534,1.01106,-1.94698,1.10108,1.16771,2.20138,-2.75266,-1.32422,1.00895,-1.94565,1.10136,1.16858,2.20139,0.000542416,-0.000356314,0.000142855,0.000548919,0.00013569,0.000387432,-7.03674e-05,0,0,0,0,0,0,0,-0.204456,26.7383,-24.7366,7.49881,0.825212,2.50601,0.0780126,-0.184132,2.14506,-3.07723,1.9075,0.183677,0.919798,0.0520564
1730415,0.97,-2.75261,-1.32534,1.01106,-1.94698,1.10108,1.16771,2.20138,-2.75266,-1.32422,1.00895,-1.94565,1.10136,1.16858,2.20139,-0.000844815,0.000319269,0.000744851,0.00101556,-0.000112991,-0.00021643,-0.000758988,0,0,0,0,0,0,0,-0.152882,26.7144,-24.7643,7.47104,0.830705,2.51882,0.0972387,-0.184016,2.14504,-3.07766,1.90782,0.183662,0.919831,0.052506
1730416,0.97,-2.75261,-1.32534,1.01105,-1.94698,1.10108,1.16771,2.20138,-2.75266,-1.32422,1.00895,-1.94565,1.10136,1.16858,2.20139,-6.39801e-06,-0.000343966,-0.000153047,0.00067704,-0.000482228,9.30724e-05,0.000443443,0,0,0,0,0,0,0,-0.176685,26.7383,-24.7366,7.47104,0.841692,2.51242,0.071604,-0.184321,2.14571,-3.07868,1.90735,0.183579,0.919866,0.0529953
1730417,0.97,-2.75261,-1.32534,1.01106,-1.94698,1.10107,1.16771,2.20138,-2.75266,-1.32422,1.00895,-1.94565,1.10136,1.16858,2.20139,-4.26534e-06,-0.000229311,-0.000102031,-0.000198254,-0.000321485,-0.000175311,-0.000416448,0,0,0,0,0,0,0,-0.176685,26.7383,-24.7366,7.49881,0.841692,2.51882,0.09083,-0.184806,2.14659,-3.07962,1.90664,0.183494,0.919891,0.0535259
1730418,0.97,-2.75261,-1.32534,1.01105,-1.94698,1.10108,1.16771,2.20138,-2.75266,-1.32422,1.00895,-1.94565,1.10136,1.16858,2.20139,-0.000559656,0.000403938,-0.000624833,-0.000688981,0.000599478,-0.000116874,-0.000277632,0,0,0,0,0,0,0,-0.152882,26.7144,-24.7128,7.52262,0.819719,2.51882,0.09083,-0.184733,2.14673,-3.07986,1.90658,0.183484,0.919904,0.0540928
1730419,0.97,-2.75261,-1.32534,1.01106,-1.94698,1.10108,1.16771,2.20139,-2.75266,-1.32422,1.00895,-1.94565,1.10136,1.16858,2.20139,0.000833322,0.000918906,0.000789871,-0.000459321,-7.24874e-06,-7.79158e-05,0.00147642,0,0,0,0,0,0,0,-0.204456,26.6867,-24.7643,7.52262,0.830705,2.51882,0.0459692,-0.183597,2.14544,-3.07943,1.90762,0.183559,0.919927,0.0546969
1730420,0.97,-2.75261,-1.32534,1.01106,-1.94698,1.10108,1.16771,2.20138,-2.75266,-1.32422,1.00895,-1.94565,1.10136,1.16858,2.20139,0.00166917,-3.70099e-05,-0.000679845,-0.000306214,0.000198618,-5.19439e-05,-0.000914588,0,0,0,0,0,0,0,-0.252064,26.7144,-24.7128,7.52262,0.825212,2.51882,0.0972387,-0.183771,2.14408,-3.07882,1.90837,0.183599,0.920013,0.0553185
1730421,0.97,-2.75261,-1.32534,1.01106,-1.94698,1.10108,1.16772,2.20138,-2.75266,-1.32422,1.00895,-1.94565,1.10136,1.16858,2.20139,-0.000650456,-0.000581485,0.000753196,-0.000204143,0.000132412,0.00020273,0.000577069,0,0,0,0,0,0,0,-0.176685,26.7383,-24.7643,7.52262,0.825212,2.51242,0.0651953,-0.18581,2.14396,-3.07864,1.9082,0.183572,0.920164,0.0559264
1730422,0.97,-2.75261,-1.32534,1.01106,-1.94698,1.10108,1.16771,2.20139,-2.75266,-1.32422,1.00895,-1.94565,1.10136,1.16858,2.20139,0.000772788,-0.000387657,-0.000147484,0.000420717,-0.000115176,-0.000339565,0.000859431,0,0,0,0,0,0,0,-0.22826,26.7383,-24.7366,7.49881,0.830705,2.52523,0.0523779,-0.18797,2.14517,-3.07954,1.90769,0.183532,0.920352,0.056516
1730423,0.97,-2.75261,-1.32534,1.01105,-1.94698,1.10108,1.16771,2.20139,-2.75266,-1.32422,1.00895,-1.94565,1.10136,1.16858,2.20139,-4.16198e-05,0.000298374,-9.83224e-05,-0.000276334,-7.67839e-05,0.0004857,0.000810313,0,0,0,0,0,0,0,-0.204456,26.7144,-24.7366,7.52262,0.830705,2.50601,0.0459692,-0.189962,2.14674,-3.08073,1.90706,0.183481,0.920531,0.0570748
1730424,0.97,-2.75261,-1.32534,1.01105,-1.94698,1.10108,1.16771,2.20138,-2.75266,-1.32422,1.00895,-1.94565,1.10136,1.16858,2.20139,-0.00123417,-0.000357896,-6.55482e-05,0.000372589,-5.11893e-05,8.64413e-05,-0.000171868,0,0,0,0,0,0,0,-0.152882,26.7383,-24.7366,7.49881,0.830705,2.51242,0.0651953,-0.190603,2.14742,-3.08147,1.90706,0.183468,0.920649,0.0575727
1730425,0.97,-2.75261,-1.32534,1.01105,-1.94698,1.10108,1.16772,2.20138,-2.75266,-1.32422,1.00895,-1.94565,1.10136,1.16858,2.20139,0.000383644,-0.000238597,-0.000600511,0.000248393,-0.000237577,5.76275e-05,-0.000351938,0,0,0,0,0,0,0,-0.204456,26.7383,-24.7128,7.49881,0.836199,2.51242,0.071604,-0.189719,2.14741,-3.08193,1.90769,0.183505,0.9207,0.0579932
1730426,0.97,-2.75261,-1.32534,1.01106,-1.94698,1.10108,1.16771,2.20139,-2.75266,-1.32422,1.00895,-1.94565,1.10136,1.16858,2.20139,-0.000950663,0.000397747,0.000806085,-0.000391217,4.50661e-05,-0.000198941,0.00122344,0,0,0,0,0,0,0,-0.152882,26.7144,-24.7643,7.52262,0.830705,2.51882,0.0322363,-0.188372,2.14717,-3.08235,1.90854,0.18356,0.920734,0.0583484
1730427,0.97,-2.75261,-1.32534,1.01106,-1.94699,1.10108,1.16771,2.20139,-2.75266,-1.32422,1.00895,-1.94565,1.10136,1.16858,2.20139,0.000572651,0.000265165,0.00053739,-0.000817623,3.0044e-05,0.000342091,6.96393e-05,0,0,0,0,0,0,0,-0.204456,26.7144,-24.7643,7.54642,0.830705,2.50601,0.0523779,-0.18626,2.14656,-3.08335,1.91014,0.183666,0.920824,0.0586484
1730428,0.97,-2.75261,-1.32534,1.01106,-1.94698,1.10108,1.16771,2.20139,-2.75266,-1.32422,1.00895,-1.94565,1.10136,1.16858,2.20139,-0.000824659,0.000176776,0.00035826,0.00121816,0.00022348,-0.000246657,0.000283785,0,0,0,0,0,0,0,-0.152882,26.7144,-24.7643,7.47104,0.825212,2.51882,0.0459692,-0.184161,2.146,-3.0849,1.91184,0.183773,0.920958,0.0588773
1730429,0.97,-2.75261,-1.32534,1.01105,-1.94698,1.10108,1.16771,2.20139,-2.75266,-1.32422,1.00895,-1.94565,1.10136,1.16858,2.20139,0.000656653,0.000767465,-0.000410774,0.00016249,-0.000461365,7.29207e-05,-4.81688e-05,0,0,0,0,0,0,0,-0.204456,26.6867,-24.7366,7.49881,0.841692,2.51242,0.0523779,-0.183106,2.14548,-3.08598,1.91268,0.183804,0.921046,0.0590257
1730430,0.97,-2.75261,-1.32534,1.01105,-1.94698,1.10108,1.16771,2.20139,-2.75266,-1.32422,1.00895,-1.94565,1.10136,1.16858,2.20139,0.000437769,0.000511643,-0.000273849,0.000108327,9.93244e-05,4.86138e-05,0.000713873,0,0,0,0,0,0,0,-0.204456,26.6867,-24.7366,7.49881,0.830705,2.51242,0.0322363,-0.18335,2.14447,-3.0858,1.91276,0.183772,0.921063,0.0591011
1730431,0.97,-2.75261,-1.32534,1.01106,-1.94698,1.10108,1.16771,2.20139,-2.75266,-1.32422,1.00895,-1.94565,1.10136,1.16858,2.20139,-0.000357768,0.000341096,0.000467048,-0.000484594,0.000473117,-0.000442309,-3.27112e-05,0,0,0,0,0,0,0,-0.176685,26.6867,-24.7643,7.52262,0.819719,2.52523,0.0459692,-0.183961,2.14311,-3.08514,1.91287,0.183749,0.921073,0.0591098
1730432,0.97,-2.75261,-1.32534,1.01105,-1.94698,1.10108,1.16771,2.20139,-2.75266,-1.32422,1.00895,-1.94565,1.10136,1.16858,2.20139,-0.000238512,-0.000422217,-0.000895061,0.000233749,-9.14895e-05,0.000417204,-0.000496525,0,0,0,0,0,0,0,-0.176685,26.7144,-24.7128,7.49881,0.830705,2.50601,0.0587866,-0.183833,2.14185,-3.08484,1.91345,0.183777,0.921097,0.059051
1730433,0.97,-2.75261,-1.32534,1.01106,-1.94698,1.10108,1.16771,2.20139,-2.75266,-1.32422,1.00895,-1.94565,1.10136,1.16858,2.20139,0.000490606,-0.00083829,-3.98952e-05,0.000155833,-6.0993e-05,4.07773e-05,0.000143701,0,0,0,0,0,0,0,-0.204456,26.7383,-24.7366,7.49881,0.830705,2.51242,0.0459692,-0.184152,2.1416,-3.0848,1.9136,0.183798,0.921116,0.0589319
1730434,0.97,-2.75261,-1.32534,1.01106,-1.94698,1.10108,1.16771,2.20139,-2.75266,-1.32422,1.00895,-1.94565,1.10136,1.16858,2.20139,0.000883883,-2.04798e-06,-0.000583409,0.000753502,0.000162789,-0.000447533,0.000367068,0,0,0,0,0,0,0,-0.22826,26.7144,-24.7128,7.47104,0.825212,2.52523,0.038645,-0.186507,2.14291,-3.085,1.91243,0.183732,0.921151,0.058773
1730435,0.97,-2.75261,-1.32534,1.01105,-1.94698,1.10107,1.16771,2.20139,-2.75266,-1.32422,1.00895,-1.94565,1.10136,1.16858,2.20139,0.000589255,-0.000558177,0.000167873,-0.000147279,-0.000705276,-0.000298355,0.00071943,0,0,0,0,0,0,0,-0.22826,26.7383,-24.7366,7.49881,0.847185,2.52523,0.0258276,-0.19052,2.14514,-3.0854,1.9103,0.183595,0.921223,0.0585842
1730436,0.97,-2.75261,-1.32534,1.01106,-1.94698,1.10108,1.16771,2.20139,-2.75266,-1.32422,1.00895,-1.94565,1.10136,1.16858,2.20139,-0.0013704,-0.00157854,0.000761529,-0.000654998,0.000140167,0.000275814,-0.000503724,0,0,0,0,0,0,0,-0.152882,26.7898,-24.7643,7.52262,0.830705,2.51242,0.0523779,-0.193535,2.14797,-3.08701,1.9088,0.183527,0.921378,0.0583583
1730437,0.97,-2.75261,-1.32534,1.01105,-1.94698,1.10108,1.16771,2.20139,-2.75266,-1.32422,1.00895,-1.94565,1.10136,1.16858,2.20139,-0.000356789,0.000710875,-0.00069874,0.000769761,9.34449e-05,-5.34827e-05,0.000410169,0,0,0,0,0,0,0,-0.176685,26.7144,-24.7128,7.47104,0.830705,2.51882,0.0322363,-0.193661,2.15039,-3.08956,1.90882,0.1836,0.921563,0.0580926
1730438,0.97,-2.75261,-1.32534,1.01106,-1.94698,1.10108,1.16771,2.20139,-2.75266,-1.32422,1.00895,-1.94565,1.10136,1.16858,2.20139,-0.000237859,-8.28952e-05,9.09854e-05,-0.000693252,6.22966e-05,-3.56552e-05,-0.00023518,0,0,0,0,0,0,0,-0.176685,26.7383,-24.7366,7.52262,0.830705,2.51882,0.0459692,-0.191959,2.1509,-3.09102,1.90981,0.183733,0.921676,0.0577964
1730439,0.97,-2.75261,-1.32534,1.01106,-1.94698,1.10108,1.16771,2.20139,-2.75266,-1.32422,1.00895,-1.94565,1.10136,1.16858,2.20139,-0.001365,0.00115116,6.06569e-05,-0.000462168,4.1531e-05,0.000213589,0.000114481,0,0,0,0,0,0,0,-0.125111,26.6867,-24.7366,7.52262,0.830705,2.51242,0.038645,-0.18857,2.14924,-3.09134,1.91196,0.183927,0.92174,0.0574793
1730440,0.97,-2.75261,-1.32534,1.01106,-1.94698,1.10108,1.16771,2.20139,-2.75266,-1.32422,1.00895,-1.94565,1.10136,1.16858,2.20139,0.000296427,0.000117828,-0.000516374,0.0002487,2.76874e-05,0.000142393,0.000788397,0,0,0,0,0,0,0,-0.176685,26.7144,-24.7128,7.49881,0.830705,2.51242,0.0194189,-0.1839,2.14607,-3.09093,1.91496,0.184166,0.92177,0.0571456
1730441,0.97,-2.75261,-1.32534,1.01106,-1.94698,1.10108,1.16771,2.20139,-2.75266,-1.32422,1.00895,-1.94565,1.10136,1.16858,2.20139,0.000197618,-0.00047826,0.000212563,-0.000391012,0.000425359,9.49284e-05,-0.000457746,0,0,0,0,0,0,0,-0.176685,26.7383,-24.7366,7.52262,0.819719,2.51242,0.0459692,-0.180831,2.14352,-3.09026,1.91703,0.184329,0.9218,0.0567854
1730442,0.97,-2.75261,-1.32534,1.01105,-1.94698,1.10107,1.16771,2.20139,-2.75266,-1.32422,1.00895,-1.94565,1.10136,1.16858,2.20139,0.000781359,-0.000968454,-0.000415104,-0.000260675,-0.000530229,0.000300645,-0.000305164,0,0,0,0,0,0,0,-0.204456,26.766,-24.7128,7.52262,0.841692,2.50601,0.0459692,-0.18065,2.14331,-3.09029,1.9175,0.184386,0.921894,0.0563886
1730443,0.97,-2.75261,-1.32534,1.01106,-1.94698,1.10108,1.16771,2.20139,-2.75266,-1.32422,1.00895,-1.94565,1.10136,1.16858,2.20139,0.000520906,0.00056079,0.0014865,0.00103264,-0.000150036,0.00020043,-0.000203443,0,0,0,0,0,0,0,-0.204456,26.7144,-24.7881,7.47104,0.836199,2.50601,0.0459692,-0.182821,2.14515,-3.09134,1.91657,0.184342,0.922055,0.0559705
1730444,0.97,-2.75261,-1.32534,1.01106,-1.94698,1.10108,1.16771,2.20139,-2.75266,-1.32422,1.00895,-1.94565,1.10136,1.16858,2.20139,-0.000302343,-0.000182952,-0.000215424,0.000688429,0.000306877,-0.000341098,0.000135639,0,0,0,0,0,0,0,-0.176685,26.7383,-24.7366,7.47104,0.825212,2.51882,0.038645,-0.185936,2.14777,-3.09313,1.91475,0.184217,0.922229,0.0555555
1730445,0.97,-2.75261,-1.32534,1.01106,-1.94698,1.10108,1.16771,2.20139,-2.75266,-1.32422,1.00895,-1.94565,1.10136,1.16858,2.20139,-0.000758374,-0.000121968,0.000505998,-0.000747474,-0.000405767,9.96021e-06,0.000565144,0,0,0,0,0,0,0,-0.152882,26.7383,-24.7643,7.52262,0.841692,2.51242,0.0258276,-0.187599,2.1497,-3.09494,1.91354,0.18414,0.922355,0.0551549
1730446,0.97,-2.75261,-1.32534,1.01106,-1.94698,1.10108,1.16771,2.20138,-2.75266,-1.32422,1.00895,-1.94565,1.10136,1.16858,2.20139,-0.000505583,-8.1312e-05,-0.000312282,5.84962e-05,0.00013639,6.64014e-06,-0.00155602,0,0,0,0,0,0,0,-0.152882,26.7383,-24.7366,7.49881,0.830705,2.51242,0.0780126,-0.186781,2.15037,-3.09638,1.91386,0.184196,0.922426,0.0547625
1730447,0.97,-2.75261,-1.32534,1.01106,-1.94698,1.10108,1.16771,2.20139,-2.75266,-1.32422,1.00895,-1.94565,1.10136,1.16858,2.20139,0.000869371,0.00115222,0.000998238,3.89975e-05,-0.000315974,4.42676e-06,0.00014945,0,0,0,0,0,0,0,-0.204456,26.6867,-24.7881,7.49881,0.841692,2.51242,0.0459692,-0.18524,2.15011,-3.09734,1.91476,0.184295,0.922471,0.0543828
1730448,0.97,-2.75261,-1.32534,1.01106,-1.94698,1.10108,1.16771,2.20139,-2.75266,-1.32422,1.00895,-1.94565,1.10136,1.16858,2.20139,-0.000626845,-0.000438281,-0.000540934,2.59983e-05,-0.00021065,0.00024031,-0.000375085,0,0,0,0,0,0,0,-0.152882,26.7383,-24.7366,7.49881,0.841692,2.50601,0.0587866,-0.184356,2.14946,-3.09783,1.91539,0.184372,0.922501,0.0540406
1730449,0.97,-2.75261,-1.32534,1.01105,-1.94698,1.10108,1.16771,2.20139,-2.75266,-1.32422,1.00895,-1.94565,1.10136,1.16858,2.20139,-0.000417897,-0.000941801,-0.000360623,-0.00053948,0.000469918,-0.000314511,0.00144536,0,0,0,0,0,0,0,-0.152882,26.766,-24.7366,7.52262,0.825212,2.51882,0.0130102,-0.183418,2.14898,-3.09804,1.916,0.184483,0.922488,0.053745
1730450,0.97,-2.75261,-1.32534,1.01105,-1.94698,1.10108,1.16771,2.20138,-2.75266,-1.32422,1.00895,-1.94565,1.10136,1.16858,2.20139,0.000278214,0.000578559,-0.00135404,0.000846773,0.000109828,0.000502403,-0.00168128,0,0,0,0,0,0,0,-0.176685,26.7144,-24.689,7.47104,0.830705,2.4996,0.0844213,-0.18265,2.14857,-3.09739,1.9164,0.18461,0.922391,0.0534775
1730451,0.97,-2.75261,-1.32534,1.01106,-1.94698,1.10108,1.16771,2.20139,-2.75266,-1.32422,1.00895,-1.94565,1.10136,1.16858,2.20139,0.00083509,-0.00082072,-0.000345881,-0.000641911,7.3219e-05,0.000334935,6.59411e-05,0,0,0,0,0,0,0,-0.204456,26.766,-24.7128,7.52262,0.830705,2.4996,0.0523779,-0.183343,2.14812,-3.09555,1.91594,0.184669,0.922224,0.0532248
1730452,0.97,-2.75261,-1.32534,1.01105,-1.94698,1.10108,1.16771,2.20139,-2.75266,-1.32422,1.00895,-1.94565,1.10136,1.16858,2.20139,0.000556727,0.00130889,-0.000230587,0.000128871,4.88127e-05,-0.000488787,-0.000193398,0,0,0,0,0,0,0,-0.204456,26.6867,-24.7128,7.49881,0.830705,2.51882,0.0587866,-0.185282,2.14781,-3.09344,1.91501,0.184675,0.922066,0.053009
1730453,0.97,-2.75261,-1.32534,1.01106,-1.94698,1.10108,1.16772,2.20139,-2.75266,-1.32422,1.00895,-1.94565,1.10136,1.16858,2.20139,-0.00148489,0.000222981,0.000403087,0.000735528,-0.000170909,0.00014886,0.000345786,0,0,0,0,0,0,0,-0.125111,26.7144,-24.7366,7.47104,0.836199,2.50601,0.0459692,-0.18621,2.14689,-3.0918,1.91463,0.184694,0.921927,0.0528485
1730454,0.97,-2.75261,-1.32534,1.01106,-1.94698,1.10108,1.16771,2.20138,-2.75266,-1.32422,1.00895,-1.94565,1.10136,1.16858,2.20139,-0.000340312,-0.000408158,-0.000288087,-0.000716074,8.95114e-05,-0.000375478,-0.000956271,0,0,0,0,0,0,0,-0.152882,26.7383,-24.7128,7.52262,0.830705,2.51882,0.0780126,-0.184734,2.14554,-3.09111,1.91529,0.184784,0.921794,0.0527333
1730455,0.97,-2.75261,-1.32534,1.01105,-1.94698,1.10108,1.16771,2.20138,-2.75266,-1.32422,1.00895,-1.94565,1.10136,1.16858,2.20139,0.000329937,0.000284707,-0.00074887,-0.000477382,-0.000143776,0.000224399,-0.00134959,0,0,0,0,0,0,0,-0.176685,26.7144,-24.689,7.52262,0.836199,2.50601,0.0972387,-0.182368,2.1444,-3.09085,1.91655,0.184935,0.921687,0.0526582
1730456,0.97,-2.75261,-1.32534,1.01106,-1.94698,1.10108,1.16771,2.20138,-2.75266,-1.32422,1.00895,-1.94565,1.10136,1.16858,2.20139,0.000219958,-0.000367007,0.000614377,-0.000318255,-9.58509e-05,-8.77594e-05,0.000287068,0,0,0,0,0,0,0,-0.176685,26.7383,-24.7366,7.52262,0.836199,2.51242,0.0651953,-0.180893,2.14377,-3.09062,1.91762,0.185077,0.921623,0.0526468
1730457,0.97,-2.75261,-1.32534,1.01105,-1.94698,1.10108,1.16771,2.20138,-2.75266,-1.32422,1.00895,-1.94565,1.10136,1.16858,2.20139,0.000146639,-0.000244672,-0.000704039,0.000344642,0.000343,-0.000295865,-0.000520698,0,0,0,0,0,0,0,-0.176685,26.7383,-24.689,7.49881,0.825212,2.51882,0.0844213,-0.180716,2.14428,-3.09096,1.91794,0.185167,0.921612,0.052723
1730458,0.97,-2.75261,-1.32534,1.01105,-1.94698,1.10108,1.16771,2.20139,-2.75266,-1.32422,1.00895,-1.94565,1.10136,1.16858,2.20139,0.000747373,0.00104331,0.000644264,0.000879375,0.000228667,0.000277474,0.000839662,0,0,0,0,0,0,0,-0.204456,26.6867,-24.7366,7.47104,0.825212,2.50601,0.0523779,-0.181914,2.14542,-3.09136,1.91724,0.185164,0.92161,0.0528833
1730459,0.97,-2.75261,-1.32534,1.01105,-1.94698,1.10108,1.16771,2.20138,-2.75266,-1.32422,1.00895,-1.94565,1.10136,1.16858,2.20139,0.00105506,-0.000510885,0.00042951,0.00058625,0.000355895,-5.2376e-05,-0.00062702,0,0,0,0,0,0,0,-0.22826,26.7383,-24.7366,7.47104,0.819719,2.51242,0.0844213,-0.184857,2.14716,-3.09193,1.9153,0.185036,0.921634,0.0531095
1730460,0.97,-2.75261,-1.32534,1.01106,-1.94698,1.10108,1.16771,2.20138,-2.75266,-1.32422,1.00895,-1.94565,1.10136,1.16858,2.20139,-0.00105986,0.000216222,0.00149277,-0.00025878,-0.000169638,0.000202442,-0.000892731,0,0,0,0,0,0,0,-0.152882,26.7144,-24.7881,7.49881,0.830705,2.50601,0.0972387,-0.187916,2.14979,-3.0938,1.91318,0.184878,0.921738,0.0533834
1730461,0.97,-2.75261,-1.32534,1.01105,-1.94698,1.10108,1.16771,2.20138,-2.75266,-1.32422,1.00895,-1.94565,1.10136,1.16858,2.20139,0.00105666,0.000144148,-0.000211249,-0.000729332,-0.000113092,-0.000102398,0.000591641,0,0,0,0,0,0,0,-0.22826,26.7144,-24.7366,7.52262,0.830705,2.51242,0.0651953,-0.18894,2.152,-3.0965,1.91242,0.184816,0.921884,0.0537118
1730462,0.97,-2.75261,-1.32534,1.01105,-1.94698,1.10108,1.16771,2.20138,-2.75266,-1.32422,1.00895,-1.94565,1.10136,1.16858,2.20139,-0.0010588,0.000745713,-0.000697644,0.00127702,-0.000278845,-6.82652e-05,-0.000792368,0,0,0,0,0,0,0,-0.152882,26.6867,-24.7128,7.44724,0.836199,2.51242,0.0972387,-0.188626,2.15252,-3.09788,1.9126,0.184811,0.921937,0.0541
1730463,0.97,-2.75261,-1.32534,1.01105,-1.94698,1.10108,1.16771,2.20139,-2.75266,-1.32422,1.00895,-1.94565,1.10136,1.16858,2.20139,-0.000705864,0.00105395,-0.00102191,-0.000911894,0.000221004,0.000191849,0.00113327,0,0,0,0,0,0,0,-0.152882,26.6629,-24.689,7.52262,0.825212,2.50601,0.0523779,-0.186621,2.15038,-3.09671,1.91362,0.184851,0.921795,0.0545387
1730464,0.97,-2.75261,-1.32534,1.01105,-1.94698,1.10108,1.16771,2.20138,-2.75266,-1.32422,1.00895,-1.94565,1.10136,1.16858,2.20139,8.62357e-05,-0.0010606,-0.000681272,-0.000607929,-5.61143e-05,-0.00010946,0.000280794,0,0,0,0,0,0,0,-0.176685,26.7383,-24.689,7.52262,0.830705,2.51242,0.0651953,-0.183015,2.14659,-3.09409,1.91568,0.184977,0.921547,0.0550131
1730465,0.97,-2.75261,-1.32534,1.01106,-1.94698,1.10108,1.16771,2.20138,-2.75266,-1.32422,1.00895,-1.94565,1.10136,1.16858,2.20139,0.000707104,-0.000150256,0.00130906,-0.000405286,0.000166041,0.000401745,-0.000287522,0,0,0,0,0,0,0,-0.204456,26.7144,-24.7643,7.52262,0.825212,2.4996,0.0780126,-0.180634,2.1446,-3.09264,1.91732,0.185099,0.921399,0.0554899
1730466,0.97,-2.75261,-1.32534,1.01105,-1.94698,1.10108,1.16771,2.20139,-2.75266,-1.32422,1.00895,-1.94565,1.10136,1.16858,2.20139,-0.000178211,-0.000100171,-0.000890534,0.000286621,-9.27565e-05,0.00026783,0.00197846,0,0,0,0,0,0,0,-0.176685,26.7144,-24.689,7.49881,0.830705,2.4996,0.0194189,-0.180263,2.14491,-3.09291,1.91781,0.18514,0.92137,0.0559484
1730467,0.97,-2.75261,-1.32534,1.01106,-1.94699,1.10108,1.16771,2.20139,-2.75266,-1.32422,1.00895,-1.94565,1.10136,1.16858,2.20139,-0.000118807,-0.00127321,0.00116955,-0.000922543,-6.18377e-05,-5.88057e-05,0.000606895,0,0,0,0,0,0,0,-0.176685,26.766,-24.7643,7.54642,0.830705,2.50601,0.038645,-0.180491,2.14626,-3.09402,1.91785,0.185149,0.921368,0.0563694
1730468,0.97,-2.75261,-1.32534,1.01105,-1.94698,1.10108,1.16771,2.20139,-2.75266,-1.32422,1.00895,-1.94565,1.10136,1.16858,2.20139,0.000570409,0.000357622,-0.000426727,-5.82168e-05,0.000162225,-3.92038e-05,0.000133329,0,0,0,0,0,0,0,-0.204456,26.7144,-24.7128,7.52262,0.825212,2.50601,0.0459692,-0.180881,2.14836,-3.09588,1.91787,0.185157,0.921394,0.056711
1730469,0.97,-2.75261,-1.32534,1.01105,-1.94698,1.10108,1.16771,2.20138,-2.75266,-1.32422,1.00895,-1.94565,1.10136,1.16858,2.20139,-0.000269341,-0.000318398,-0.000841296,0.000518001,0.00010815,-0.000263495,-0.00086055,0,0,0,0,0,0,0,-0.176685,26.7383,-24.689,7.49881,0.825212,2.51242,0.071604,-0.181777,2.14998,-3.09691,1.9176,0.18512,0.921362,0.0569501
1730470,0.97,-2.75261,-1.32534,1.01105,-1.94698,1.10108,1.16771,2.20139,-2.75266,-1.32422,1.00895,-1.94565,1.10136,1.16858,2.20139,-0.000179561,0.000344547,-4.05233e-06,0.000345334,-0.00013135,6.16957e-05,0.000884362,0,0,0,0,0,0,0,-0.176685,26.7144,-24.7128,7.49881,0.830705,2.50601,0.0322363,-0.182701,2.15046,-3.09644,1.91708,0.185032,0.92121,0.0571044
1730471,0.97,-2.75261,-1.32534,1.01105,-1.94698,1.10108,1.16771,2.20139,-2.75266,-1.32422,1.00895,-1.94565,1.10136,1.16858,2.20139,0.00108672,0.000229698,-2.70155e-06,0.000230223,0.000319334,4.11305e-05,-0.000393769,0,0,0,0,0,0,0,-0.22826,26.7144,-24.7128,7.49881,0.819719,2.50601,0.0587866,-0.183839,2.15051,-3.09555,1.91634,0.184901,0.92103,0.0571979
1730472,0.97,-2.75261,-1.32534,1.01105,-1.94698,1.10108,1.16771,2.20139,-2.75266,-1.32422,1.00895,-1.94565,1.10136,1.16858,2.20139,-0.000481947,-0.00040368,-1.80103e-06,-0.00040333,-0.000194012,2.74203e-05,0.000483472,0,0,0,0,0,0,0,-0.176685,26.7383,-24.7128,7.52262,0.830705,2.50601,0.038645,-0.185412,2.15071,-3.09488,1.9155,0.184747,0.920885,0.057237
1730473,0.97,-2.75261,-1.32534,1.01105,-1.94698,1.10108,1.16771,2.20139,-2.75266,-1.32422,1.00895,-1.94565,1.10136,1.16858,2.20139,0.000328316,-0.000918734,0.000555611,0.000937539,-0.000332792,-0.000219079,-0.00042367,0,0,0,0,0,0,0,-0.204456,26.766,-24.7366,7.47104,0.836199,2.51242,0.0587866,-0.186861,2.15179,-3.09515,1.91471,0.184608,0.920793,0.0572249
1730474,0.97,-2.75261,-1.32534,1.01105,-1.94698,1.10108,1.16771,2.20139,-2.75266,-1.32422,1.00895,-1.94565,1.10136,1.16858,2.20139,0.000218877,0.00124355,-0.000186404,-0.0005814,0.00018504,-0.000146052,0.000700897,0,0,0,0,0,0,0,-0.204456,26.6867,-24.7128,7.52262,0.825212,2.51242,0.0322363,-0.188151,2.15325,-3.09596,1.91397,0.184477,0.920734,0.0571717
1730475,0.97,-2.75261,-1.32534,1.01105,-1.94698,1.10108,1.16771,2.20139,-2.75266,-1.32422,1.00895,-1.94565,1.10136,1.16858,2.20139,0.000145918,-0.000377392,-0.00012427,-0.0003876,-8.00905e-05,0.000139991,0.00117934,0,0,0,0,0,0,0,-0.204456,26.7383,-24.7128,7.52262,0.830705,2.50601,0.0130102,-0.188669,2.15339,-3.09602,1.91397,0.184392,0.920658,0.0570848
1730476,0.97,-2.75261,-1.32534,1.01105,-1.94698,1.10108,1.16771,2.20139,-2.75266,-1.32422,1.00895,-1.94565,1.10136,1.16858,2.20139,9.72788e-05,0.000305217,0.000473966,0.00150484,0.000150057,-0.000144032,-0.000434475,0,0,0,0,0,0,0,-0.204456,26.7144,-24.7366,7.44724,0.825212,2.51242,0.0459692,-0.188887,2.15303,-3.09573,1.91418,0.184323,0.920569,0.0569449
1730477,0.97,-2.75261,-1.32534,1.01105,-1.94698,1.10108,1.16771,2.20139,-2.75266,-1.32422,1.00895,-1.94565,1.10136,1.16858,2.20139,-0.000584761,-0.000353334,0.000315977,0.00100323,-0.000306863,-9.60212e-05,-0.00028965,0,0,0,0,0,0,0,-0.176685,26.7383,-24.7366,7.44724,0.836199,2.51242,0.0459692,-0.18965,2.15355,-3.09603,1.91349,0.184193,0.920484,0.056732
1730478,0.97,-2.75261,-1.32534,1.01106,-1.94698,1.10108,1.16772,2.20139,-2.75266,-1.32422,1.00895,-1.94565,1.10136,1.16858,2.20139,0.000259773,-0.000235556,0.000210651,0.000668817,-1.12492e-06,0.000648063,0.000552885,0,0,0,0,0,0,0,-0.204456,26.7383,-24.7366,7.44724,0.830705,2.49319,0.0258276,-0.190575,2.15476,-3.09685,1.91223,0.184038,0.920403,0.0564609
1730479,0.97,-2.75261,-1.32534,1.01105,-1.94698,1.10108,1.16772,2.20139,-2.75266,-1.32422,1.00895,-1.94565,1.10136,1.16858,2.20139,0.000729994,0.000399775,-0.000416378,-0.000110934,0.000406151,0.000432042,0.00036859,0,0,0,0,0,0,0,-0.22826,26.7144,-24.7128,7.47104,0.819719,2.49319,0.0258276,-0.191854,2.15591,-3.09733,1.91084,0.183896,0.92031,0.0561494
1730480,0.97,-2.75261,-1.32534,1.01105,-1.94698,1.10108,1.16771,2.20139,-2.75266,-1.32422,1.00895,-1.94565,1.10136,1.16858,2.20139,-7.01493e-05,-0.000939909,-0.000277585,-7.3956e-05,0.000270767,-0.00018669,-0.000228991,0,0,0,0,0,0,0,-0.204456,26.766,-24.7128,7.47104,0.819719,2.50601,0.038645,-0.193368,2.15653,-3.09699,1.90968,0.183787,0.920189,0.0557958
1730481,0.97,-2.75261,-1.32534,1.01105,-1.94698,1.10108,1.16771,2.20139,-2.75266,-1.32422,1.00895,-1.94565,1.10136,1.16858,2.20139,-0.00190281,2.30077e-05,-0.000185057,-0.00125573,-0.00042984,-0.000361819,8.46982e-05,0,0,0,0,0,0,0,-0.125111,26.7383,-24.7128,7.52262,0.836199,2.51242,0.0322363,-0.192708,2.15628,-3.09651,1.91005,0.183811,0.920041,0.0554028
1730482,0.97,-2.75261,-1.32534,1.01105,-1.94698,1.10108,1.16771,2.20139,-2.75266,-1.32422,1.00895,-1.94565,1.10136,1.16858,2.20139,-6.21115e-05,1.53384e-05,-0.000123371,0.000369273,0.000120341,-3.8537e-06,0.000293824,0,0,0,0,0,0,0,-0.176685,26.7383,-24.7128,7.47104,0.825212,2.50601,0.0258276,-0.188825,2.15469,-3.09608,1.91237,0.183987,0.919866,0.0549833
1730483,0.97,-2.75261,-1.32534,1.01105,-1.94698,1.10108,1.16771,2.20139,-2.75266,-1.32422,1.00895,-1.94565,1.10136,1.16858,2.20139,-0.00059822,1.02256e-05,-8.22475e-05,-0.000403432,-0.000123223,-0.000239928,-0.000550102,0,0,0,0,0,0,0,-0.152882,26.7383,-24.7128,7.49881,0.830705,2.51242,0.0459692,-0.184418,2.15263,-3.09551,1.91493,0.184171,0.919683,0.0545397
1730484,0.97,-2.75261,-1.32534,1.01105,-1.94698,1.10108,1.16771,2.20139,-2.75266,-1.32422,1.00895,-1.94565,1.10136,1.16858,2.20139,0.000157999,0.000563629,-5.48316e-05,-0.000268955,-8.21488e-05,7.74069e-05,-0.000366735,0,0,0,0,0,0,0,-0.176685,26.7144,-24.7128,7.49881,0.830705,2.50601,0.0459692,-0.180916,2.15067,-3.09477,1.91698,0.184303,0.919519,0.0540772
1730485,0.97,-2.75261,-1.32534,1.01105,-1.94698,1.10108,1.16771,2.20139,-2.75266,-1.32422,1.00895,-1.94565,1.10136,1.16858,2.20139,0.000754947,-0.000181059,-3.65544e-05,-0.000179303,-5.47658e-05,0.000288964,-0.000481849,0,0,0,0,0,0,0,-0.204456,26.7383,-24.7128,7.49881,0.830705,2.4996,0.0523779,-0.178929,2.14906,-3.09388,1.9183,0.18437,0.919389,0.0536148
1730486,0.97,-2.75261,-1.32534,1.01105,-1.94698,1.10108,1.16771,2.20138,-2.75266,-1.32422,1.00895,-1.94565,1.10136,1.16858,2.20139,0.000503298,-0.000120706,-2.43696e-05,-0.000119535,0.00016694,-4.47166e-05,-0.00150803,0,0,0,0,0,0,0,-0.204456,26.7383,-24.7128,7.49881,0.825212,2.50601,0.0844213,-0.179334,2.14868,-3.09316,1.91831,0.184341,0.919307,0.0531729
1730487,0.97,-2.75261,-1.32534,1.01105,-1.94698,1.10108,1.16771,2.20138,-2.75266,-1.32422,1.00895,-1.94565,1.10136,1.16858,2.20139,-0.000314082,0.000476341,-0.000573058,-0.000636502,-0.000295608,-0.000504529,-0.000530634,0,0,0,0,0,0,0,-0.176685,26.7144,-24.689,7.52262,0.836199,2.51882,0.071604,-0.180519,2.14868,-3.09238,1.91792,0.184284,0.919233,0.0527853
1730488,0.97,-2.75261,-1.32534,1.01105,-1.94698,1.10108,1.16771,2.20138,-2.75266,-1.32422,1.00895,-1.94565,1.10136,1.16858,2.20139,-0.000209388,-0.000888865,0.000174773,0.000132477,0.000209829,0.000375724,-0.000116397,0,0,0,0,0,0,0,-0.176685,26.766,-24.7128,7.49881,0.825212,2.4996,0.0651953,-0.180894,2.14844,-3.09153,1.91795,0.184265,0.919141,0.0524907
1730489,0.97,-2.75261,-1.32534,1.01105,-1.94698,1.10108,1.16771,2.20139,-2.75266,-1.32422,1.00895,-1.94565,1.10136,1.16858,2.20139,0.00106683,0.000613849,0.000116515,8.83181e-05,0.000343337,-0.000224235,0.000159761,0,0,0,0,0,0,0,-0.22826,26.7144,-24.7128,7.49881,0.819719,2.51242,0.0587866,-0.181673,2.14896,-3.0912,1.91757,0.184222,0.919073,0.0523003
1730490,0.97,-2.75261,-1.32534,1.01105,-1.94698,1.10108,1.16771,2.20138,-2.75266,-1.32422,1.00895,-1.94565,1.10136,1.16858,2.20139,-0.00105202,-0.000147579,7.76769e-05,5.88787e-05,-0.00017801,0.000325228,-0.00108029,0,0,0,0,0,0,0,-0.152882,26.7383,-24.7128,7.49881,0.830705,2.4996,0.09083,-0.182961,2.14985,-3.09118,1.91677,0.184133,0.919025,0.0522034
1730491,0.97,-2.75261,-1.32534,1.01105,-1.94698,1.10108,1.16771,2.20138,-2.75266,-1.32422,1.00895,-1.94565,1.10136,1.16858,2.20139,0.000505082,0.000458426,5.17846e-05,0.00124568,8.47772e-05,0.000216819,-0.000245474,0,0,0,0,0,0,0,-0.204456,26.7144,-24.7128,7.44724,0.825212,2.4996,0.0780126,-0.183727,2.15042,-3.09111,1.91599,0.18403,0.918944,0.0521931
1730492,0.97,-2.75261,-1.32534,1.01105,-1.94698,1.10108,1.16771,2.20138,-2.75266,-1.32422,1.00895,-1.94565,1.10136,1.16858,2.20139,0.000336722,-0.000900809,3.45231e-05,-0.000375974,-0.000146932,0.000144546,7.37098e-05,0,0,0,0,0,0,0,-0.204456,26.766,-24.7128,7.49881,0.830705,2.4996,0.071604,-0.185119,2.15151,-3.09115,1.91462,0.18388,0.918848,0.0522744
1730493,0.97,-2.75261,-1.32534,1.01105,-1.94698,1.10108,1.16771,2.20139,-2.75266,-1.32422,1.00895,-1.94565,1.10136,1.16858,2.20139,-0.000425133,0.0012555,-0.000533797,-0.000250649,-9.79549e-05,-0.000615713,0.00126984,0,0,0,0,0,0,0,-0.176685,26.6867,-24.689,7.49881,0.830705,2.51882,0.038645,-0.186484,2.15243,-3.09096,1.91347,0.183752,0.918743,0.0524466
1730494,0.97,-2.75261,-1.32534,1.01105,-1.94698,1.10108,1.16771,2.20138,-2.75266,-1.32422,1.00895,-1.94565,1.10136,1.16858,2.20139,-0.000840234,0.000187387,0.00075776,0.000482515,0.000138147,6.42425e-05,-0.00132358,0,0,0,0,0,0,0,-0.152882,26.7144,-24.7366,7.47104,0.825212,2.50601,0.0972387,-0.185759,2.15171,-3.09027,1.91368,0.183719,0.918605,0.052683
1730495,0.98,-2.75261,-1.32534,1.01105,-1.94698,1.10108,1.16771,2.20138,-2.75266,-1.32422,1.00895,-1.94565,1.10136,1.16858,2.20139,-0.000560156,-0.000431888,-0.000608451,-0.00088475,9.20982e-05,0.000280187,6.70512e-05,0,0,0,0,0,0,0,-0.152882,26.7383,-24.689,7.52262,0.825212,2.4996,0.071604,-0.183274,2.15033,-3.08981,1.91484,0.183759,0.918465,0.0529538
1730496,0.99,-2.75261,-1.32534,1.01106,-1.94698,1.10108,1.16771,2.20139,-2.75266,-1.32422,1.00895,-1.94565,1.10136,1.16858,2.20139,0.000183375,0.000918501,0.00070799,-3.30211e-05,6.13988e-05,0.000186792,0.000519419,0,0,0,0,0,0,0,-0.176685,26.6867,-24.7366,7.49881,0.825212,2.4996,0.0587866,-0.180401,2.14909,-3.08965,1.91633,0.183836,0.918349,0.0532613
1730497,1,-2.75261,-1.32534,1.01105,-1.94698,1.10108,1.16771,2.20139,-2.75266,-1.32422,1.00895,-1.94565,1.10136,1.16858,2.20139,0.000771864,-3.72801e-05,-0.000641631,-2.2014e-05,4.09325e-05,0.000124528,0.000346279,0,0,0,0,0,0,0,-0.204456,26.7144,-24.689,7.49881,0.825212,2.4996,0.0587866,-0.178852,2.14806,-3.08924,1.91727,0.183859,0.918246,0.0536016
1730498,1,-2.75261,-1.32534,1.01105,-1.94698,1.10108,1.16771,2.20138,-2.75266,-1.32422,1.00895,-1.94565,1.10136,1.16858,2.20139,0.000514576,-0.00123128,-0.00107737,-1.4676e-05,-0.000379613,8.30185e-05,-0.000481224,0,0,0,0,0,0,0,-0.204456,26.766,-24.6612,7.49881,0.836199,2.4996,0.0780126,-0.179934,2.14813,-3.0883,1.91676,0.183777,0.918123,0.0539442
1730499,1,-2.75261,-1.32534,1.01105,-1.94698,1.10108,1.16771,2.20138,-2.75266,-1.32422,1.00895,-1.94565,1.10136,1.16858,2.20139,0.000343051,-0.000820853,-6.86312e-05,0.00063983,0.000153826,-0.000182013,-0.000795534,0,0,0,0,0,0,0,-0.204456,26.766,-24.689,7.47104,0.825212,2.50601,0.09083,-0.183274,2.15002,-3.08731,1.9148,0.183617,0.91798,0.0542759
1730500,1,-2.75261,-1.32534,1.01105,-1.94698,1.10108,1.16771,2.20138,-2.75266,-1.32422,1.00895,-1.94565,1.10136,1.16858,2.20139,-0.000420914,0.000102379,-0.000695368,0.000426553,-0.0001009,0.000116017,0.00041908,0,0,0,0,0,0,0,-0.176685,26.7383,-24.6612,7.47104,0.830705,2.4996,0.0651953,-0.186964,2.15266,-3.08662,1.91234,0.183432,0.917824,0.0546171
1730501,1,-2.75261,-1.32534,1.01105,-1.94698,1.10108,1.16771,2.20138,-2.75266,-1.32422,1.00895,-1.94565,1.10136,1.16858,2.20139,-0.000280609,6.82525e-05,0.000186035,0.000284369,0.000136184,-0.000160014,-0.00043269,0,0,0,0,0,0,0,-0.176685,26.7383,-24.689,7.47104,0.825212,2.50601,0.0844213,-0.189083,2.15432,-3.08583,1.91057,0.183288,0.917635,0.0549879
1730502,1,-2.75261,-1.32534,1.01105,-1.94698,1.10108,1.16772,2.20138,-2.75266,-1.32422,1.00895,-1.94565,1.10136,1.16858,2.20139,0.00101935,0.00125193,0.000124023,0.000189579,9.07893e-05,-0.000344035,0.000186258,0,0,0,0,0,0,0,-0.22826,26.6867,-24.689,7.47104,0.825212,2.51242,0.071604,-0.190026,2.15472,-3.08493,1.90956,0.183178,0.917457,0.0553882
1730503,1,-2.75261,-1.32534,1.01105,-1.94698,1.10108,1.16772,2.20138,-2.75266,-1.32422,1.00895,-1.94565,1.10136,1.16858,2.20139,0.000679569,-0.000371808,0.000639494,-0.00108004,-0.000346375,8.00211e-06,-0.000587905,0,0,0,0,0,0,0,-0.22826,26.7383,-24.7128,7.52262,0.836199,2.50601,0.09083,-0.191113,2.15468,-3.08435,1.90891,0.183076,0.917366,0.0558131
1730504,1,-2.75261,-1.32534,1.01105,-1.94698,1.10108,1.16771,2.20138,-2.75266,-1.32422,1.00895,-1.94565,1.10136,1.16858,2.20139,-0.00075338,0.00030894,0.00042633,0.000486399,0.000175984,-0.000232024,-0.000391937,0,0,0,0,0,0,0,-0.176685,26.7144,-24.7128,7.47104,0.825212,2.51242,0.09083,-0.191683,2.15488,-3.08468,1.90887,0.183029,0.917369,0.0562617
1730505,1,-2.75261,-1.32534,1.01105,-1.94698,1.10108,1.16771,2.20139,-2.75266,-1.32422,1.00895,-1.94565,1.10136,1.16858,2.20139,0.000147361,0.00020596,0.00028422,0.000881078,-8.61275e-05,-0.000154683,0.00140022,0,0,0,0,0,0,0,-0.204456,26.7144,-24.7128,7.44724,0.830705,2.51242,0.0459692,-0.191269,2.1552,-3.08559,1.90908,0.183014,0.917383,0.05674
1730506,1,-2.75261,-1.32534,1.01105,-1.94698,1.10108,1.16771,2.20138,-2.75266,-1.32422,1.00895,-1.94565,1.10136,1.16858,2.20139,-0.0017578,0.000786921,0.00018948,-0.00061904,-5.74184e-05,0.000134237,-0.000728032,0,0,0,0,0,0,0,-0.125111,26.6867,-24.7128,7.49881,0.830705,2.50601,0.09083,-0.189387,2.15465,-3.08623,1.90975,0.183038,0.917349,0.0572394
1730507,1,-2.75261,-1.32534,1.01105,-1.94698,1.10108,1.16771,2.20138,-2.75266,-1.32422,1.00895,-1.94565,1.10136,1.16858,2.20139,3.45596e-05,-0.000125,-0.000430492,0.00023692,0.000165172,0.00032685,0.000226722,0,0,0,0,0,0,0,-0.176685,26.7144,-24.689,7.47104,0.825212,2.4996,0.071604,-0.185536,2.15274,-3.08618,1.91151,0.183154,0.917261,0.0577352
1730508,1,-2.75261,-1.32534,1.01105,-1.94698,1.10108,1.16771,2.20138,-2.75266,-1.32422,1.00895,-1.94565,1.10136,1.16858,2.20139,2.30397e-05,-0.00128976,-0.000286995,-0.000491667,0.000313565,-0.000256818,-0.000560929,0,0,0,0,0,0,0,-0.176685,26.766,-24.689,7.49881,0.819719,2.51242,0.09083,-0.182364,2.15135,-3.08578,1.91292,0.183272,0.917164,0.0582183
1730509,1,-2.75261,-1.32534,1.01105,-1.94698,1.10108,1.16772,2.20139,-2.75266,-1.32422,1.00895,-1.94565,1.10136,1.16858,2.20139,-0.000541452,0.000346586,-0.00019133,-0.00088459,5.59277e-06,0.000540865,0.0010502,0,0,0,0,0,0,0,-0.152882,26.7144,-24.689,7.52262,0.825212,2.49319,0.0523779,-0.180627,2.15119,-3.08548,1.9137,0.183365,0.917098,0.058696
1730510,1,-2.75261,-1.32534,1.01105,-1.94698,1.10108,1.16772,2.20138,-2.75266,-1.32422,1.00895,-1.94565,1.10136,1.16858,2.20139,0.00140227,0.000880672,0.000986071,-3.29147e-05,-0.000199722,-0.000114141,-0.000486661,0,0,0,0,0,0,0,-0.22826,26.6867,-24.7366,7.49881,0.830705,2.50601,0.0844213,-0.179423,2.15091,-3.08518,1.91452,0.183438,0.91707,0.0591697
1730511,1,-2.75261,-1.32534,1.01105,-1.94698,1.10108,1.16772,2.20138,-2.75266,-1.32422,1.00895,-1.94565,1.10136,1.16858,2.20139,-0.000271579,0.000587114,-0.000456243,0.00118448,0.000511112,-7.60941e-05,-8.70814e-05,0,0,0,0,0,0,0,-0.176685,26.6867,-24.689,7.44724,0.81331,2.50601,0.0780126,-0.179848,2.15049,-3.08468,1.91441,0.183392,0.917056,0.0596268
1730512,1,-2.75261,-1.32534,1.01105,-1.94698,1.10108,1.16771,2.20138,-2.75266,-1.32422,1.00895,-1.94565,1.10136,1.16858,2.20139,-0.000181053,-0.00146463,-0.000304162,0.000232843,-0.000100068,-0.000288088,-0.000532772,0,0,0,0,0,0,0,-0.176685,26.766,-24.689,7.47104,0.825212,2.51242,0.09083,-0.18159,2.15069,-3.08398,1.91307,0.183237,0.916997,0.0600641
1730513,1,-2.75261,-1.32534,1.01105,-1.94698,1.10108,1.16771,2.20139,-2.75266,-1.32422,1.00895,-1.94565,1.10136,1.16858,2.20139,0.000528912,0.00087962,0.000910849,-0.000494385,-0.000270163,4.53e-05,0.00181496,0,0,0,0,0,0,0,-0.204456,26.6867,-24.7366,7.49881,0.830705,2.50601,0.0322363,-0.183469,2.1518,-3.0838,1.91147,0.183072,0.916946,0.0604955
1730514,1,-2.75261,-1.32534,1.01105,-1.94698,1.10108,1.16771,2.20138,-2.75266,-1.32422,1.00895,-1.94565,1.10136,1.16858,2.20139,-0.000853818,-6.32008e-05,5.04207e-05,0.000320024,-0.000180108,3.02e-05,-0.000960167,0,0,0,0,0,0,0,-0.152882,26.7144,-24.7128,7.47104,0.830705,2.50601,0.09083,-0.184417,2.1527,-3.08424,1.91058,0.182955,0.916946,0.060917
1730515,1,-2.75261,-1.32534,1.01105,-1.94698,1.10108,1.16771,2.20138,-2.75266,-1.32422,1.00895,-1.94565,1.10136,1.16858,2.20139,0.00119403,0.00116429,-0.000523198,-0.000993077,8.33782e-05,0.000257492,7.19653e-05,0,0,0,0,0,0,0,-0.22826,26.6629,-24.689,7.52262,0.825212,2.4996,0.071604,-0.184282,2.15221,-3.08404,1.91054,0.182887,0.916922,0.0613064
1730516,1,-2.75261,-1.32534,1.01105,-1.94698,1.10108,1.16771,2.20139,-2.75266,-1.32422,1.00895,-1.94565,1.10136,1.16858,2.20139,0.000239205,-0.000987043,-0.000348799,0.000544375,-0.000147865,-0.000303056,-0.000426741,0,0,0,0,0,0,0,-0.204456,26.7383,-24.689,7.47104,0.830705,2.51242,0.0844213,-0.184821,2.15114,-3.08276,1.91039,0.182812,0.916857,0.0616647
1730517,1,-2.75261,-1.32534,1.01105,-1.94698,1.10108,1.16771,2.20138,-2.75266,-1.32422,1.00895,-1.94565,1.10136,1.16858,2.20139,0.000716282,0.000548397,-0.000882146,0.00147654,0.000104874,-0.000202038,-0.000284494,0,0,0,0,0,0,0,-0.22826,26.6867,-24.6612,7.42344,0.825212,2.51242,0.0844213,-0.187341,2.15096,-3.08101,1.90887,0.182646,0.916756,0.0620058
1730518,1,-2.75261,-1.32534,1.01105,-1.94698,1.10108,1.16771,2.20139,-2.75266,-1.32422,1.00895,-1.94565,1.10136,1.16858,2.20139,-7.92905e-05,-0.000284016,6.15163e-05,-0.000129264,-0.000336985,0.000102667,0.000759773,0,0,0,0,0,0,0,-0.204456,26.7144,-24.689,7.47104,0.836199,2.50601,0.0587866,-0.190827,2.15133,-3.07908,1.90637,0.182419,0.916622,0.0623441
1730519,1,-2.75261,-1.32534,1.01105,-1.94698,1.10108,1.16771,2.20138,-2.75266,-1.32422,1.00895,-1.94565,1.10136,1.16858,2.20139,-0.000702474,0.00046027,-0.000608603,-0.00073579,-2.12062e-05,6.84448e-05,0.000269156,0,0,0,0,0,0,0,-0.176685,26.6867,-24.6612,7.49881,0.830705,2.50601,0.0651953,-0.192451,2.15092,-3.07733,1.905,0.182295,0.916496,0.0626866
1730520,1,-2.75261,-1.32534,1.01105,-1.94698,1.10108,1.16772,2.20139,-2.75266,-1.32422,1.00895,-1.94565,1.10136,1.16858,2.20139,-0.000468316,-0.000342767,0.000243879,-0.000490526,-0.000217588,4.56299e-05,0.00116278,0,0,0,0,0,0,0,-0.176685,26.7144,-24.689,7.49881,0.836199,2.50601,0.038645,-0.191016,2.14941,-3.07605,1.90567,0.182355,0.9164,0.0630166
1730521,1,-2.75261,-1.32534,1.01105,-1.94698,1.10108,1.16771,2.20139,-2.75266,-1.32422,1.00895,-1.94565,1.10136,1.16858,2.20139,0.000337403,-0.000785323,0.000162586,-0.00088383,-0.000145059,-0.000206939,2.92026e-05,0,0,0,0,0,0,0,-0.204456,26.7383,-24.689,7.52262,0.836199,2.51242,0.0587866,-0.188547,2.14832,-3.07585,1.90717,0.182511,0.916383,0.0633046
1730522,1,-2.75261,-1.32534,1.01105,-1.94698,1.10108,1.16771,2.20139,-2.75266,-1.32422,1.00895,-1.94565,1.10136,1.16858,2.20139,-0.000424679,0.000682877,0.00010839,-3.24078e-05,0.000310195,-0.000137959,0.000494186,0,0,0,0,0,0,0,-0.176685,26.6867,-24.689,7.49881,0.825212,2.51242,0.0459692,-0.186525,2.14812,-3.07656,1.90856,0.182681,0.916449,0.0635267
1730523,1,-2.75261,-1.32534,1.01105,-1.94698,1.10108,1.16772,2.20139,-2.75266,-1.32422,1.00895,-1.94565,1.10136,1.16858,2.20139,-0.000283119,0.000455251,7.22603e-05,0.00118482,0.000410247,0.000382745,0.000838084,0,0,0,0,0,0,0,-0.176685,26.6867,-24.689,7.44724,0.819719,2.4996,0.0322363,-0.184797,2.14755,-3.07697,1.90954,0.182806,0.916494,0.0636753
1730524,1,-2.75261,-1.32534,1.01105,-1.94698,1.10108,1.16772,2.20139,-2.75266,-1.32422,1.00895,-1.94565,1.10136,1.16858,2.20139,-0.000188746,-0.000902925,4.81735e-05,-0.000973357,0.000510857,0.000255163,0.000558723,0,0,0,0,0,0,0,-0.176685,26.7383,-24.689,7.52262,0.81331,2.4996,0.0322363,-0.183545,2.14699,-3.07716,1.9099,0.182868,0.916505,0.0637402
1730525,1,-2.75261,-1.32534,1.01105,-1.94698,1.10108,1.16771,2.20139,-2.75266,-1.32422,1.00895,-1.94565,1.10136,1.16858,2.20139,0.000523783,0.000604476,0.000588928,0.000557521,-0.000100238,-6.72501e-05,-0.000610862,0,0,0,0,0,0,0,-0.204456,26.6867,-24.7128,7.47104,0.825212,2.50601,0.0587866,-0.183144,2.14726,-3.07775,1.90981,0.182886,0.916546,0.0637062
1730526,1,-2.75261,-1.32534,1.01105,-1.94698,1.10108,1.16771,2.20139,-2.75266,-1.32422,1.00895,-1.94565,1.10136,1.16858,2.20139,0.000349189,0.000402984,0.00094943,0.000928493,0.000136625,-0.000282192,-0.000407242,0,0,0,0,0,0,0,-0.204456,26.6867,-24.7366,7.44724,0.819719,2.51242,0.0587866,-0.18411,2.14815,-3.07877,1.90894,0.182805,0.916629,0.0635805
1730527,1,-2.75261,-1.32534,1.01105,-1.94698,1.10108,1.16771,2.20139,-2.75266,-1.32422,1.00895,-1.94565,1.10136,1.16858,2.20139,-0.000416821,-0.00093777,-0.00048067,-0.000587431,9.10835e-05,-0.000188128,0.000203223,0,0,0,0,0,0,0,-0.176685,26.7383,-24.689,7.49881,0.819719,2.51242,0.0459692,-0.185815,2.14939,-3.07997,1.90753,0.182654,0.91672,0.0633936
1730528,1,-2.75261,-1.32534,1.01105,-1.94698,1.10108,1.16771,2.20139,-2.75266,-1.32422,1.00895,-1.94565,1.10136,1.16858,2.20139,0.000371733,-0.00062518,-0.000970061,0.000257993,-0.000142728,0.00011194,0.00040675,0,0,0,0,0,0,0,-0.204456,26.7383,-24.6612,7.47104,0.825212,2.50601,0.038645,-0.187346,2.15065,-3.08049,1.9063,0.182524,0.916759,0.0631689
1730529,1,-2.75261,-1.32534,1.01105,-1.94698,1.10108,1.16771,2.20138,-2.75266,-1.32422,1.00895,-1.94565,1.10136,1.16858,2.20139,0.000247822,-0.000416787,-0.000646707,-0.000477618,-0.000502053,7.46268e-05,-0.0011869,0,0,0,0,0,0,0,-0.204456,26.7383,-24.6612,7.49881,0.836199,2.50601,0.0780126,-0.189092,2.15158,-3.0797,1.90513,0.182403,0.916723,0.0629101
1730530,1,-2.75261,-1.32534,1.01105,-1.94698,1.10108,1.16771,2.20139,-2.75266,-1.32422,1.00895,-1.94565,1.10136,1.16858,2.20139,-0.000484399,0.000928568,0.000218476,-0.000318412,7.21989e-05,4.97512e-05,-7.91869e-05,0,0,0,0,0,0,0,-0.176685,26.6867,-24.689,7.49881,0.825212,2.50601,0.0587866,-0.19005,2.15141,-3.07811,1.90464,0.182321,0.916655,0.0626342
1730531,1,-2.75261,-1.32534,1.01105,-1.94698,1.10108,1.16771,2.20139,-2.75266,-1.32422,1.00895,-1.94565,1.10136,1.16858,2.20139,0.000326681,-3.05685e-05,0.000702462,-0.000212275,0.000251583,0.000270526,-5.27913e-05,0,0,0,0,0,0,0,-0.204456,26.7144,-24.7128,7.49881,0.819719,2.4996,0.0587866,-0.189423,2.15014,-3.07681,1.90522,0.182296,0.916617,0.062375
1730532,1,-2.75261,-1.32534,1.01105,-1.94698,1.10108,1.16771,2.20139,-2.75266,-1.32422,1.00895,-1.94565,1.10136,1.16858,2.20139,0.000217787,-0.000577191,-0.000738118,0.00106491,-0.000239179,0.000180351,0.000439524,0,0,0,0,0,0,0,-0.204456,26.7383,-24.6612,7.44724,0.830705,2.4996,0.0459692,-0.189248,2.14943,-3.07619,1.90539,0.182234,0.916607,0.0621414
1730533,1,-2.75261,-1.32534,1.01105,-1.94698,1.10108,1.16771,2.20138,-2.75266,-1.32422,1.00895,-1.94565,1.10136,1.16858,2.20139,-0.00106123,-0.000384794,-0.00104889,0.000153128,0.000484807,-0.000117125,-0.000893779,0,0,0,0,0,0,0,-0.152882,26.7383,-24.6374,7.47104,0.81331,2.50601,0.0780126,-0.189948,2.14942,-3.07518,1.90464,0.182116,0.916527,0.0619223
1730534,1,-2.75261,-1.32534,1.01105,-1.94698,1.10108,1.16771,2.20139,-2.75266,-1.32422,1.00895,-1.94565,1.10136,1.16858,2.20139,-0.000150678,0.000949897,-0.00069926,0.000102085,-0.000117605,-7.80833e-05,0.000353583,0,0,0,0,0,0,0,-0.176685,26.6867,-24.6374,7.47104,0.825212,2.50601,0.0523779,-0.189541,2.14828,-3.07294,1.90432,0.182026,0.91633,0.0617221
1730535,1,-2.75261,-1.32534,1.01105,-1.94698,1.10108,1.16772,2.20139,-2.75266,-1.32422,1.00895,-1.94565,1.10136,1.16858,2.20139,-0.000657264,0.000633264,9.06385e-05,-0.000581557,-0.000281854,0.000422662,-1.63684e-06,0,0,0,0,0,0,0,-0.152882,26.6867,-24.6612,7.49881,0.830705,2.49319,0.0587866,-0.187379,2.14537,-3.06996,1.90522,0.182004,0.916094,0.0615545
1730536,1,-2.75261,-1.32534,1.01105,-1.94698,1.10108,1.16771,2.20139,-2.75266,-1.32422,1.00895,-1.94565,1.10136,1.16858,2.20139,0.000118636,0.000422176,0.00126685,0.000818721,1.55481e-05,-0.000192943,0.000473627,0,0,0,0,0,0,0,-0.176685,26.6867,-24.7128,7.44724,0.825212,2.50601,0.0459692,-0.184592,2.1424,-3.06798,1.9066,0.182003,0.915937,0.0614159
1730537,1,-2.75261,-1.32534,1.01105,-1.94698,1.10108,1.16771,2.20138,-2.75266,-1.32422,1.00895,-1.94565,1.10136,1.16858,2.20139,0.00184233,-0.000924975,-0.000361858,-0.000660612,1.03654e-05,0.00010873,-0.000871044,0,0,0,0,0,0,0,-0.252064,26.7383,-24.6612,7.49881,0.825212,2.4996,0.0780126,-0.184083,2.14176,-3.06784,1.90671,0.18192,0.915921,0.0612869
1730538,1,-2.75261,-1.32534,1.01105,-1.94698,1.10108,1.16771,2.20138,-2.75266,-1.32422,1.00895,-1.94565,1.10136,1.16858,2.20139,0.000671407,-5.98381e-05,-0.000241239,-0.000440408,6.91029e-06,7.24869e-05,-0.00129277,0,0,0,0,0,0,0,-0.22826,26.7144,-24.6612,7.49881,0.825212,2.4996,0.0972387,-0.186968,2.14339,-3.06826,1.90523,0.181745,0.91599,0.0611618
1730539,1,-2.75261,-1.32534,1.01105,-1.94698,1.10108,1.16772,2.20139,-2.75266,-1.32422,1.00895,-1.94565,1.10136,1.16858,2.20139,-0.000758821,-3.98921e-05,0.000488788,0.000356009,4.60686e-06,-0.000426393,0.000799664,0,0,0,0,0,0,0,-0.176685,26.7144,-24.689,7.47104,0.825212,2.51242,0.0523779,-0.1901,2.14527,-3.06856,1.90375,0.181585,0.916047,0.061073
1730540,1,-2.75261,-1.32534,1.01105,-1.94698,1.10108,1.16772,2.20138,-2.75266,-1.32422,1.00895,-1.94565,1.10136,1.16858,2.20139,-0.000505881,-0.000583407,-0.000323755,0.00135096,3.07124e-06,0.000427815,-0.0011284,0,0,0,0,0,0,0,-0.176685,26.7383,-24.6612,7.42344,0.825212,2.49319,0.0972387,-0.191514,2.14677,-3.06906,1.90271,0.181464,0.916042,0.0610452
1730541,1,-2.75261,-1.32534,1.01105,-1.94698,1.10108,1.16772,2.20138,-2.75266,-1.32422,1.00895,-1.94565,1.10136,1.16858,2.20139,-0.000337254,-0.000388938,-0.000215837,0.000900642,-0.000201403,0.00028521,0.000197167,0,0,0,0,0,0,0,-0.176685,26.7383,-24.6612,7.42344,0.830705,2.49319,0.071604,-0.192317,2.14838,-3.06944,1.90127,0.181327,0.915947,0.0610722
1730542,1,-2.75261,-1.32534,1.01105,-1.94698,1.10108,1.16772,2.20138,-2.75266,-1.32422,1.00895,-1.94565,1.10136,1.16858,2.20139,0.000424778,-0.000259292,0.000505723,-0.00116281,0.000272632,-4.72191e-05,-0.00105535,0,0,0,0,0,0,0,-0.204456,26.7383,-24.689,7.49881,0.819719,2.4996,0.103647,-0.192971,2.14999,-3.0697,1.89985,0.181206,0.91583,0.0611598
1730543,1,-2.75261,-1.32534,1.01105,-1.94698,1.10108,1.16772,2.20138,-2.75266,-1.32422,1.00895,-1.94565,1.10136,1.16858,2.20139,-0.000366429,-0.000172861,-0.000869277,-0.000775207,-0.000428597,-3.14794e-05,0.000245869,0,0,0,0,0,0,0,-0.176685,26.7383,-24.6374,7.49881,0.836199,2.4996,0.0780126,-0.192655,2.15079,-3.06979,1.89964,0.181189,0.91574,0.0613208
1730544,1,-2.75261,-1.32534,1.01105,-1.94698,1.10108,1.16772,2.20138,-2.75266,-1.32422,1.00895,-1.94565,1.10136,1.16858,2.20139,0.000405328,0.00109119,-2.27063e-05,0.000689622,-0.000285731,-0.000258345,-7.34462e-05,0,0,0,0,0,0,0,-0.204456,26.6867,-24.6612,7.44724,0.836199,2.50601,0.0844213,-0.191495,2.15005,-3.06877,1.90034,0.181237,0.915604,0.0615585
1730545,1,-2.75261,-1.32534,1.01105,-1.94698,1.10108,1.16772,2.20138,-2.75266,-1.32422,1.00895,-1.94565,1.10136,1.16858,2.20139,-0.000936207,0.000727457,-0.000571949,0.000459748,0.000216414,6.51288e-05,-0.000523682,0,0,0,0,0,0,0,-0.152882,26.6867,-24.6374,7.44724,0.825212,2.4996,0.0972387,-0.19,2.14776,-3.06644,1.90106,0.18127,0.915379,0.0618632
1730546,1,-2.75261,-1.32534,1.01105,-1.94698,1.10108,1.16772,2.20138,-2.75266,-1.32422,1.00895,-1.94565,1.10136,1.16858,2.20139,-0.000624138,-0.000164643,0.000175512,0.000306498,0.000144276,4.34192e-05,0.000362955,0,0,0,0,0,0,0,-0.152882,26.7144,-24.6612,7.44724,0.825212,2.4996,0.0780126,-0.18774,2.14481,-3.06383,1.90184,0.181311,0.915105,0.0622243
1730547,1,-2.75261,-1.32534,1.01105,-1.94698,1.10108,1.16771,2.20139,-2.75266,-1.32422,1.00895,-1.94565,1.10136,1.16858,2.20139,0.000790334,-0.00131619,-0.000439804,0.000204332,0.000299634,-0.000445772,0.00024197,0,0,0,0,0,0,0,-0.204456,26.766,-24.6374,7.44724,0.819719,2.51242,0.0780126,-0.186226,2.14345,-3.06219,1.90193,0.181338,0.914882,0.0626317
1730548,1,-2.75261,-1.32534,1.01105,-1.94698,1.10108,1.16771,2.20138,-2.75266,-1.32422,1.00895,-1.94565,1.10136,1.16858,2.20139,-0.000122725,-0.000877459,0.000263609,0.000136222,0.000199756,-5.98222e-05,-7.60454e-05,0,0,0,0,0,0,0,-0.176685,26.766,-24.6612,7.44724,0.819719,2.50601,0.0844213,-0.18716,2.14494,-3.06193,1.90057,0.181296,0.914771,0.063065
1730549,1,-2.75261,-1.32534,1.01105,-1.94698,1.10108,1.16771,2.20138,-2.75266,-1.32422,1.00895,-1.94565,1.10136,1.16858,2.20139,0.000567797,0.000621454,0.00017574,-0.00111561,0.000133171,0.000197477,-0.000762774,0,0,0,0,0,0,0,-0.204456,26.7144,-24.6612,7.49881,0.819719,2.4996,0.103647,-0.188774,2.14733,-3.06236,1.89905,0.181244,0.914751,0.0635129
1730550,1,-2.75261,-1.32534,1.01105,-1.94698,1.10108,1.16772,2.20138,-2.75266,-1.32422,1.00895,-1.94565,1.10136,1.16858,2.20139,-0.000271082,0.000414302,0.00011716,0.0010195,-0.00011467,0.000369011,0.00044092,0,0,0,0,0,0,0,-0.176685,26.7144,-24.6612,7.42344,0.825212,2.49319,0.0780126,-0.189476,2.14847,-3.06242,1.89832,0.181214,0.914748,0.0639819
1730551,1,-2.75261,-1.32534,1.01105,-1.94698,1.10108,1.16772,2.20139,-2.75266,-1.32422,1.00895,-1.94565,1.10136,1.16858,2.20139,-0.000180722,0.000276202,-0.00103552,0.000122853,-0.000483348,8.64811e-06,5.65877e-05,0,0,0,0,0,0,0,-0.176685,26.7144,-24.6136,7.44724,0.836199,2.4996,0.0844213,-0.189486,2.14816,-3.06134,1.89783,0.181167,0.914661,0.0644747
1730552,1,-2.75261,-1.32534,1.01105,-1.94698,1.10108,1.16772,2.20139,-2.75266,-1.32422,1.00895,-1.94565,1.10136,1.16858,2.20139,0.000529133,-0.00102229,-0.000133533,8.19017e-05,0.00028812,5.76541e-06,0.000512443,0,0,0,0,0,0,0,-0.204456,26.766,-24.6374,7.44724,0.819719,2.4996,0.071604,-0.189691,2.14763,-3.05944,1.89702,0.181099,0.914499,0.064978
1730553,1,-2.75261,-1.32534,1.01105,-1.94698,1.10108,1.16772,2.20138,-2.75266,-1.32422,1.00895,-1.94565,1.10136,1.16858,2.20139,0.000909567,-3.19137e-05,0.0011174,-0.00115182,-0.000214821,3.84361e-06,-0.00108252,0,0,0,0,0,0,0,-0.22826,26.7383,-24.689,7.49881,0.830705,2.4996,0.110056,-0.190903,2.14847,-3.05844,1.89587,0.181027,0.914417,0.0654761
1730554,1,-2.75261,-1.32534,1.01105,-1.94698,1.10108,1.16772,2.20138,-2.75266,-1.32422,1.00895,-1.94565,1.10136,1.16858,2.20139,-0.000600048,0.000535536,-0.00046149,-0.000118269,0.000263687,0.000239921,0.000465111,0,0,0,0,0,0,0,-0.176685,26.7144,-24.6374,7.47104,0.819719,2.49319,0.0780126,-0.191788,2.14965,-3.05847,1.89528,0.180999,0.914427,0.0659724
1730555,1,-2.75261,-1.32534,1.01105,-1.94698,1.10108,1.16772,2.20138,-2.75266,-1.32422,1.00895,-1.94565,1.10136,1.16858,2.20139,0.000249582,-0.000199788,-0.00030766,-0.00128527,0.000175791,0.000159948,-0.000164644,0,0,0,0,0,0,0,-0.204456,26.7383,-24.6374,7.52262,0.819719,2.49319,0.09083,-0.19092,2.14933,-3.05787,1.89591,0.181048,0.914383,0.0664784
1730556,1,-2.75261,-1.32534,1.01105,-1.94698,1.10108,1.16771,2.20139,-2.75266,-1.32422,1.00895,-1.94565,1.10136,1.16858,2.20139,-0.000483226,0.00042362,-0.000205107,0.00090639,-0.000289707,-0.000368086,-0.000109762,0,0,0,0,0,0,0,-0.176685,26.7144,-24.6374,7.44724,0.830705,2.50601,0.09083,-0.189181,2.14807,-3.05643,1.89701,0.181121,0.914254,0.0669905
1730557,1,-2.75261,-1.32534,1.01105,-1.94698,1.10108,1.16772,2.20138,-2.75266,-1.32422,1.00895,-1.94565,1.10136,1.16858,2.20139,-0.000322151,-0.000924013,-0.00069355,4.74479e-05,1.03126e-05,0.000229327,-7.31749e-05,0,0,0,0,0,0,0,-0.176685,26.766,-24.6136,7.47104,0.825212,2.49319,0.09083,-0.18771,2.14708,-3.05475,1.89758,0.181145,0.91406,0.0675015
1730558,1,-2.75261,-1.32534,1.01105,-1.94698,1.10108,1.16772,2.20138,-2.75266,-1.32422,1.00895,-1.94565,1.10136,1.16858,2.20139,-0.000771579,0.000590418,9.44455e-05,0.00114526,0.000210326,0.000152885,-0.00076086,0,0,0,0,0,0,0,-0.152882,26.7144,-24.6374,7.42344,0.819719,2.49319,0.110056,-0.186546,2.14664,-3.05305,1.89745,0.181118,0.913812,0.068013
1730559,1,-2.75261,-1.32534,1.01105,-1.94698,1.10108,1.16771,2.20138,-2.75266,-1.32422,1.00895,-1.94565,1.10136,1.16858,2.20139,4.24259e-05,-0.0001632,0.000619776,-0.00035012,-0.000266684,-0.000372795,0.000204837,0,0,0,0,0,0,0,-0.176685,26.7383,-24.6612,7.47104,0.830705,2.50601,0.09083,-0.185356,2.14653,-3.05189,1.89709,0.181064,0.913578,0.0685376
1730560,1,-2.75261,-1.32534,1.01105,-1.94698,1.10108,1.16771,2.20138,-2.75266,-1.32422,1.00895,-1.94565,1.10136,1.16858,2.20139,2.8284e-05,0.000448012,0.000413184,-0.000233413,2.56612e-05,-1.11709e-05,0.000373917,0,0,0,0,0,0,0,-0.176685,26.7144,-24.6612,7.47104,0.825212,2.4996,0.0844213,-0.184222,2.14674,-3.05163,1.8969,0.181018,0.91343,0.069088
1730561,1,-2.75261,-1.32534,1.01105,-1.94698,1.10108,1.16772,2.20139,-2.75266,-1.32422,1.00895,-1.94565,1.10136,1.16858,2.20139,-0.000537956,0.000298675,-0.000281356,-0.000805223,0.000220558,-0.000244806,0.00119871,0,0,0,0,0,0,0,-0.152882,26.7144,-24.6374,7.49881,0.819719,2.50601,0.0587866,-0.182705,2.14656,-3.05148,1.89736,0.181019,0.91333,0.0696556
1730562,1,-2.75261,-1.32534,1.01105,-1.94698,1.10108,1.16772,2.20138,-2.75266,-1.32422,1.00895,-1.94565,1.10136,1.16858,2.20139,0.000198175,-0.00100731,0.000369241,0.000669611,-0.000259862,-0.000163204,0.000324425,0,0,0,0,0,0,0,-0.176685,26.766,-24.6612,7.44724,0.830705,2.50601,0.071604,-0.181201,2.1464,-3.05119,1.89794,0.181038,0.913238,0.0702063
1730563,1,-2.75261,-1.32534,1.01105,-1.94698,1.10108,1.16772,2.20138,-2.75266,-1.32422,1.00895,-1.94565,1.10136,1.16858,2.20139,0.00078173,0.0011845,0.000246161,0.000446407,3.02089e-05,0.000128556,0.000216283,0,0,0,0,0,0,0,-0.204456,26.6867,-24.6612,7.44724,0.825212,2.4996,0.071604,-0.181518,2.1474,-3.0511,1.8973,0.18097,0.913174,0.0707014
1730564,1,-2.75261,-1.32534,1.01105,-1.94698,1.10108,1.16771,2.20138,-2.75266,-1.32422,1.00895,-1.94565,1.10136,1.16858,2.20139,0.000521154,0.000140053,-0.000949517,0.000297605,2.01393e-05,8.57041e-05,-0.000330529,0,0,0,0,0,0,0,-0.204456,26.7144,-24.6136,7.44724,0.825212,2.4996,0.0844213,-0.183672,2.1483,-3.05013,1.89555,0.180803,0.913089,0.071127
1730565,1,-2.75261,-1.32534,1.01104,-1.94698,1.10108,1.16772,2.20138,-2.75266,-1.32422,1.00895,-1.94565,1.10136,1.16858,2.20139,-0.000302178,0.000742982,-0.00128263,0.000755215,0.000216877,5.71361e-05,0.000491724,0,0,0,0,0,0,0,-0.176685,26.6867,-24.5858,7.42344,0.819719,2.4996,0.0651953,-0.186102,2.14779,-3.04718,1.89362,0.180613,0.912891,0.0714897
1730566,1,-2.75261,-1.32534,1.01105,-1.94698,1.10108,1.16772,2.20139,-2.75266,-1.32422,1.00895,-1.94565,1.10136,1.16858,2.20139,0.000448162,-0.000154292,0.000351343,0.000503477,0.000144584,3.80907e-05,0.00103989,0,0,0,0,0,0,0,-0.204456,26.7144,-24.6374,7.42344,0.819719,2.4996,0.0459692,-0.188129,2.14662,-3.04336,1.89172,0.18043,0.912623,0.0717987
1730567,1,-2.75261,-1.32534,1.01105,-1.94698,1.10108,1.16771,2.20138,-2.75266,-1.32422,1.00895,-1.94565,1.10136,1.16858,2.20139,0.000855586,-0.000659673,0.00079104,-0.000777973,9.63897e-05,2.53938e-05,-0.000493533,0,0,0,0,0,0,0,-0.22826,26.7383,-24.6612,7.47104,0.819719,2.4996,0.0780126,-0.190404,2.1469,-3.04125,1.88971,0.180256,0.912476,0.0720448
1730568,1,-2.75261,-1.32534,1.01105,-1.94698,1.10108,1.16772,2.20138,-2.75266,-1.32422,1.00895,-1.94565,1.10136,1.16858,2.20139,-0.00119285,0.00011703,0.00052736,-0.000518648,6.42598e-05,0.000254288,0.000145696,0,0,0,0,0,0,0,-0.152882,26.7144,-24.6612,7.47104,0.819719,2.49319,0.0651953,-0.191779,2.14855,-3.04152,1.88851,0.180162,0.912496,0.0722195
1730569,1,-2.75261,-1.32534,1.01105,-1.94698,1.10108,1.16772,2.20139,-2.75266,-1.32422,1.00895,-1.94565,1.10136,1.16858,2.20139,-0.00144485,-0.000478792,-0.000205238,-0.000345766,-0.000160611,-6.78335e-05,0.000571849,0,0,0,0,0,0,0,-0.125111,26.7383,-24.6374,7.47104,0.825212,2.4996,0.0523779,-0.189757,2.14936,-3.04264,1.88931,0.180223,0.912529,0.0723362
1730570,1,-2.75261,-1.32534,1.01105,-1.94698,1.10108,1.16772,2.20139,-2.75266,-1.32422,1.00895,-1.94565,1.10136,1.16858,2.20139,0.00089281,-0.000319195,0.000419986,-0.00023051,-0.000107074,-0.000282581,0.000381232,0,0,0,0,0,0,0,-0.204456,26.7383,-24.6612,7.47104,0.825212,2.50601,0.0523779,-0.186139,2.14958,-3.04369,1.89094,0.180346,0.91252,0.0723986
1730571,1,-2.75261,-1.32534,1.01104,-1.94698,1.10108,1.16771,2.20138,-2.75266,-1.32422,1.00895,-1.94565,1.10136,1.16858,2.20139,-5.44075e-05,0.000344015,-0.000833633,-0.000153674,-7.13825e-05,-0.000188388,-0.000457922,0,0,0,0,0,0,0,-0.176685,26.7144,-24.6136,7.47104,0.825212,2.50601,0.071604,-0.184176,2.15,-3.04407,1.89176,0.180395,0.912498,0.0723956
1730572,1,-2.75261,-1.32534,1.01105,-1.94698,1.10108,1.16772,2.20138,-2.75266,-1.32422,1.00895,-1.94565,1.10136,1.16858,2.20139,0.000613342,0.000229344,0.000557869,0.00101117,-4.75883e-05,0.000349126,-0.000305281,0,0,0,0,0,0,0,-0.204456,26.7144,-24.6612,7.42344,0.825212,2.49319,0.071604,-0.184095,2.15021,-3.04336,1.89148,0.180338,0.912437,0.072331
1730573,1,-2.75261,-1.32534,1.01105,-1.94698,1.10108,1.16772,2.20139,-2.75266,-1.32422,1.00895,-1.94565,1.10136,1.16858,2.20139,-0.000240719,0.000152896,0.00102153,0.000117305,-3.17256e-05,-0.000241967,0.000745915,0,0,0,0,0,0,0,-0.176685,26.7144,-24.689,7.44724,0.825212,2.50601,0.0459692,-0.18509,2.15078,-3.04287,1.89031,0.180199,0.912388,0.0722279
1730574,1,-2.75261,-1.32534,1.01105,-1.94698,1.10108,1.16771,2.20139,-2.75266,-1.32422,1.00895,-1.94565,1.10136,1.16858,2.20139,-0.000160479,0.00010193,-0.000525408,-0.000478609,0.0001823,-0.000161311,2.25587e-05,0,0,0,0,0,0,0,-0.176685,26.7144,-24.6374,7.47104,0.819719,2.50601,0.0587866,-0.185688,2.15143,-3.04299,1.88932,0.180076,0.912376,0.0721005
1730575,1,-2.75261,-1.32534,1.01105,-1.94698,1.10108,1.16772,2.20138,-2.75266,-1.32422,1.00895,-1.94565,1.10136,1.16858,2.20139,0.00109944,6.79537e-05,-0.000350272,0.000237739,-0.000285368,0.000367177,-0.000697038,0,0,0,0,0,0,0,-0.22826,26.7144,-24.6374,7.44724,0.830705,2.49319,0.0780126,-0.186076,2.15141,-3.04233,1.88867,0.179986,0.912331,0.07194
1730576,1,-2.75261,-1.32534,1.01105,-1.94698,1.10108,1.16772,2.20138,-2.75266,-1.32422,1.00895,-1.94565,1.10136,1.16858,2.20139,0.000176148,4.53024e-05,-0.000233515,-0.000398319,0.000216656,0.000244785,-0.000464692,0,0,0,0,0,0,0,-0.204456,26.7144,-24.6374,7.47104,0.819719,2.49319,0.0780126,-0.187514,2.15121,-3.04072,1.88762,0.179873,0.912249,0.0717511
1730577,1,-2.75261,-1.32534,1.01105,-1.94698,1.10108,1.16772,2.20139,-2.75266,-1.32422,1.00895,-1.94565,1.10136,1.16858,2.20139,-0.000532182,3.02016e-05,0.00160756,0.000291266,-5.90132e-05,0.000400549,0.00114827,0,0,0,0,0,0,0,-0.176685,26.7144,-24.7128,7.44724,0.825212,2.48678,0.038645,-0.188635,2.15126,-3.03973,1.88675,0.17978,0.912188,0.0715638
1730578,1,-2.75261,-1.32534,1.01105,-1.94698,1.10108,1.16772,2.20139,-2.75266,-1.32422,1.00895,-1.94565,1.10136,1.16858,2.20139,-0.000354788,-0.000536678,-0.00124834,0.000194177,-0.000242793,-0.000207685,1.95265e-05,0,0,0,0,0,0,0,-0.176685,26.7383,-24.6136,7.44724,0.830705,2.4996,0.0587866,-0.18845,2.1516,-3.03979,1.88638,0.179739,0.912134,0.0713848
1730579,1,-2.75261,-1.32534,1.01105,-1.94698,1.10108,1.16772,2.20139,-2.75266,-1.32422,1.00895,-1.94565,1.10136,1.16858,2.20139,0.000413089,-0.000357785,0.00093101,-0.00042736,-0.000161862,9.8902e-05,0.000996362,0,0,0,0,0,0,0,-0.204456,26.7383,-24.689,7.47104,0.830705,2.49319,0.0322363,-0.188049,2.15218,-3.03991,1.88604,0.179721,0.912042,0.0711902
1730580,1,-2.75261,-1.32534,1.01105,-1.94698,1.10108,1.16772,2.20139,-2.75266,-1.32422,1.00895,-1.94565,1.10136,1.16858,2.20139,-0.000374222,0.000318289,-0.000585753,-0.000934521,0.000536352,6.59347e-05,-8.1744e-05,0,0,0,0,0,0,0,-0.176685,26.7144,-24.6374,7.49881,0.81331,2.49319,0.0523779,-0.187487,2.15253,-3.03988,1.88609,0.179746,0.911942,0.070962
1730581,1,-2.75261,-1.32534,1.01105,-1.94698,1.10108,1.16772,2.20139,-2.75266,-1.32422,1.00895,-1.94565,1.10136,1.16858,2.20139,-0.000249481,-0.00034462,0.00016631,0.000583412,0.000120209,4.39564e-05,0.000182863,0,0,0,0,0,0,0,-0.176685,26.7383,-24.6612,7.44724,0.819719,2.49319,0.0459692,-0.186227,2.15211,-3.03949,1.88672,0.179808,0.911811,0.070688
1730582,1,-2.75261,-1.32534,1.01105,-1.94698,1.10108,1.16772,2.20139,-2.75266,-1.32422,1.00895,-1.94565,1.10136,1.16858,2.20139,-0.000166321,0.00097668,-0.00100275,0.000388941,-0.000123311,2.93043e-05,0.00110525,0,0,0,0,0,0,0,-0.176685,26.6867,-24.6136,7.44724,0.825212,2.49319,0.0194189,-0.184956,2.15095,-3.03817,1.88715,0.179833,0.911587,0.0703642
1730583,1,-2.75261,-1.32534,1.01104,-1.94698,1.10108,1.16772,2.20139,-2.75266,-1.32422,1.00895,-1.94565,1.10136,1.16858,2.20139,-0.00131731,1.50574e-06,-0.00131811,0.000259294,0.000358602,0.000256895,-0.000483868,0,0,0,0,0,0,0,-0.125111,26.7144,-24.5858,7.44724,0.81331,2.48678,0.0523779,-0.183305,2.14843,-3.03525,1.88752,0.179827,0.911225,0.0699852
1730584,1,-2.75261,-1.32534,1.01105,-1.94698,1.10108,1.16772,2.20139,-2.75266,-1.32422,1.00895,-1.94565,1.10136,1.16858,2.20139,0.000328222,1.00383e-06,-0.000229129,-0.000383949,-0.000405192,-6.60955e-05,0.000660766,0,0,0,0,0,0,0,-0.176685,26.7144,-24.6136,7.47104,0.830705,2.49319,0.0258276,-0.180986,2.14512,-3.03144,1.88823,0.179837,0.910784,0.0695431
1730585,1,-2.75261,-1.32534,1.01105,-1.94698,1.10108,1.16772,2.20139,-2.75266,-1.32422,1.00895,-1.94565,1.10136,1.16858,2.20139,0.000868428,6.69219e-07,0.000960871,-0.00090558,0.000136773,-0.000756141,0.000203151,0,0,0,0,0,0,0,-0.204456,26.7144,-24.6612,7.49881,0.819719,2.51242,0.0322363,-0.17971,2.14319,-3.02896,1.8887,0.179829,0.910472,0.0690445
1730586,1,-2.75261,-1.32534,1.01105,-1.94698,1.10108,1.16772,2.20139,-2.75266,-1.32422,1.00895,-1.94565,1.10136,1.16858,2.20139,0.00169258,-0.000556366,8.37689e-05,-0.00060372,-0.00051917,-2.93758e-05,0.000610152,0,0,0,0,0,0,0,-0.252064,26.7383,-24.6374,7.49881,0.836199,2.4996,0.0194189,-0.181025,2.14374,-3.02863,1.88829,0.179759,0.910387,0.0684911
1730587,1,-2.75261,-1.32534,1.01105,-1.94698,1.10108,1.16772,2.20139,-2.75266,-1.32422,1.00895,-1.94565,1.10136,1.16858,2.20139,-0.000634854,-0.000370911,0.000612658,0.000247134,6.0788e-05,-1.95839e-05,-0.000576576,0,0,0,0,0,0,0,-0.176685,26.7383,-24.6612,7.47104,0.825212,2.4996,0.0459692,-0.184117,2.14617,-3.02969,1.88705,0.179637,0.910434,0.0678752
1730588,1,-2.75261,-1.32534,1.01105,-1.94698,1.10108,1.16772,2.20139,-2.75266,-1.32422,1.00895,-1.94565,1.10136,1.16858,2.20139,-0.000423236,0.00151596,0.000408439,0.000164756,-0.000162925,-1.30559e-05,-0.000384384,0,0,0,0,0,0,0,-0.176685,26.6629,-24.6612,7.47104,0.830705,2.4996,0.0459692,-0.185872,2.1481,-3.03101,1.88625,0.179547,0.910468,0.0672074
1730589,1,-2.75261,-1.32534,1.01105,-1.94698,1.10108,1.16772,2.20139,-2.75266,-1.32422,1.00895,-1.94565,1.10136,1.16858,2.20139,-0.000838969,-0.000752595,0.000272292,-0.000539777,9.48337e-05,0.000228655,0.00025237,0,0,0,0,0,0,0,-0.152882,26.7383,-24.6612,7.49881,0.825212,2.49319,0.0322363,-0.184885,2.14824,-3.03197,1.88675,0.179546,0.910442,0.0665155
1730590,1,-2.75261,-1.32534,1.01104,-1.94698,1.10108,1.16772,2.20139,-2.75266,-1.32422,1.00895,-1.94565,1.10136,1.16858,2.20139,0.000647113,5.50819e-05,-0.00158171,0.000289763,-0.000140228,-8.49223e-05,0.000168247,0,0,0,0,0,0,0,-0.204456,26.7144,-24.5858,7.47104,0.830705,2.4996,0.0322363,-0.18329,2.14772,-3.03202,1.88757,0.179588,0.910345,0.0658144
1730591,1,-2.75261,-1.32534,1.01105,-1.94698,1.10108,1.16772,2.20139,-2.75266,-1.32422,1.00895,-1.94565,1.10136,1.16858,2.20139,-0.000218205,3.67213e-05,0.000708765,0.000749987,0.000109965,-5.66148e-05,-0.000125194,0,0,0,0,0,0,0,-0.176685,26.7144,-24.6612,7.44724,0.825212,2.4996,0.038645,-0.183187,2.14744,-3.03096,1.88743,0.179576,0.910179,0.0651031
1730592,1,-2.75261,-1.32534,1.01105,-1.94698,1.10108,1.16772,2.20139,-2.75266,-1.32422,1.00895,-1.94565,1.10136,1.16858,2.20139,0.000504144,-0.00118195,-8.43021e-05,-5.68205e-05,-0.00013014,-3.77432e-05,-0.000592089,0,0,0,0,0,0,0,-0.204456,26.766,-24.6374,7.47104,0.830705,2.4996,0.0523779,-0.18457,2.14832,-3.0303,1.88626,0.179501,0.910046,0.0643844
1730593,1,-2.75261,-1.32534,1.01105,-1.94698,1.10108,1.16772,2.20139,-2.75266,-1.32422,1.00895,-1.94565,1.10136,1.16858,2.20139,0.000336096,0.00106808,0.000500611,0.000518932,0.00011669,-2.51622e-05,0.000588618,0,0,0,0,0,0,0,-0.204456,26.6867,-24.6612,7.44724,0.825212,2.4996,0.0258276,-0.186785,2.15021,-3.03053,1.88462,0.179405,0.909988,0.0636734
1730594,1,-2.7526,-1.32534,1.01105,-1.94698,1.10108,1.16772,2.20139,-2.75266,-1.32422,1.00895,-1.94565,1.10136,1.16858,2.20139,0.000780876,6.2437e-05,-0.000223072,0.000345954,0.000518603,-1.67748e-05,-0.000353573,0,0,0,0,0,0,0,-0.22826,26.7144,-24.6374,7.44724,0.81331,2.4996,0.0459692,-0.189393,2.15157,-3.03042,1.88288,0.179288,0.909942,0.0629829
1730595,1,-2.75261,-1.32534,1.01105,-1.94698,1.10108,1.16772,2.20139,-2.75266,-1.32422,1.00895,-1.94565,1.10136,1.16858,2.20139,-3.6228e-05,-0.000515187,-0.000705526,0.000787448,-9.50742e-05,0.000226176,0.000747629,0,0,0,0,0,0,0,-0.204456,26.7383,-24.6136,7.42344,0.825212,2.49319,0.0194189,-0.19233,2.15242,-3.02956,1.88093,0.179147,0.909858,0.0623079
1730596,1,-2.75261,-1.32534,1.01105,-1.94698,1.10108,1.16772,2.20139,-2.75266,-1.32422,1.00895,-1.94565,1.10136,1.16858,2.20139,0.00053266,0.000213354,8.64611e-05,-0.000588658,-0.000470284,0.000625502,-0.000484925,0,0,0,0,0,0,0,-0.22826,26.7144,-24.6374,7.47104,0.836199,2.48037,0.0459692,-0.194992,2.1531,-3.02826,1.87914,0.179029,0.909736,0.0616396
1730597,1,-2.75261,-1.32534,1.01105,-1.94698,1.10108,1.16772,2.20138,-2.75266,-1.32422,1.00895,-1.94565,1.10136,1.16858,2.20139,-0.000851319,-0.00106419,0.000614453,0.000721185,9.33785e-05,-0.000295076,-0.00103536,0,0,0,0,0,0,0,-0.176685,26.766,-24.6612,7.42344,0.825212,2.4996,0.0651953,-0.196384,2.15384,-3.02765,1.87814,0.178987,0.909638,0.0609766
1730598,1,-2.75261,-1.32534,1.01105,-1.94698,1.10108,1.16771,2.20139,-2.75266,-1.32422,1.00895,-1.94565,1.10136,1.16858,2.20139,-0.00112436,0.000496966,-0.000703989,-0.000632834,-0.000141198,-0.000434076,2.18367e-05,0,0,0,0,0,0,0,-0.152882,26.7144,-24.6136,7.47104,0.830705,2.50601,0.0459692,-0.195447,2.15426,-3.02787,1.87837,0.179057,0.909548,0.0603395
1730599,1,-2.75261,-1.32534,1.01105,-1.94698,1.10108,1.16771,2.20139,-2.75266,-1.32422,1.00895,-1.94565,1.10136,1.16858,2.20139,0.00101367,0.000331311,8.74861e-05,-0.0010715,0.000109318,-5.20251e-05,-0.00046016,0,0,0,0,0,0,0,-0.22826,26.7144,-24.6374,7.49881,0.825212,2.4996,0.0587866,-0.192504,2.15307,-3.02745,1.88004,0.179236,0.909428,0.0597573
1730600,1,-2.75261,-1.32534,1.01105,-1.94698,1.10108,1.16772,2.20139,-2.75266,-1.32422,1.00895,-1.94565,1.10136,1.16858,2.20139,0.000118965,-0.000985552,-0.000498488,-6.47215e-05,7.28789e-05,0.000202676,0.000439212,0,0,0,0,0,0,0,-0.204456,26.766,-24.6136,7.47104,0.825212,2.49319,0.038645,-0.190307,2.15157,-3.02645,1.8818,0.179423,0.909332,0.0592344
1730601,1,-2.75261,-1.32534,1.01105,-1.94698,1.10108,1.16772,2.20138,-2.75266,-1.32422,1.00895,-1.94565,1.10136,1.16858,2.20139,0.000636122,-7.42084e-06,-0.000332325,0.000513664,0.000252036,0.000135117,-0.00187733,0,0,0,0,0,0,0,-0.22826,26.7383,-24.6136,7.44724,0.819719,2.49319,0.0972387,-0.190354,2.1514,-3.02547,1.88222,0.179516,0.909254,0.0587618
1730602,1,-2.75261,-1.32534,1.01105,-1.94698,1.10108,1.16771,2.20139,-2.75266,-1.32422,1.00895,-1.94565,1.10136,1.16858,2.20139,-0.000132731,-0.000654561,0.000335262,-0.000214369,-3.54262e-05,-0.000147281,0.0001726,0,0,0,0,0,0,0,-0.204456,26.766,-24.6374,7.47104,0.825212,2.4996,0.0587866,-0.191701,2.15223,-3.02473,1.88163,0.179526,0.909179,0.0583504
1730603,1,-2.75261,-1.32534,1.01105,-1.94698,1.10108,1.16772,2.20138,-2.75266,-1.32422,1.00895,-1.94565,1.10136,1.16858,2.20139,-0.000738101,0.00141967,0.000223508,-0.000142913,-0.000227068,-0.000335546,-0.00059701,0,0,0,0,0,0,0,-0.176685,26.6867,-24.6374,7.47104,0.830705,2.50601,0.0780126,-0.191953,2.15258,-3.02436,1.88159,0.179557,0.909119,0.0580321
1730604,1,-2.75261,-1.32534,1.01105,-1.94698,1.10108,1.16771,2.20138,-2.75266,-1.32422,1.00895,-1.94565,1.10136,1.16858,2.20139,-0.00169849,0.00029683,0.000705817,0.000461537,-0.000151379,-0.000223697,7.6711e-05,0,0,0,0,0,0,0,-0.125111,26.7144,-24.6612,7.44724,0.830705,2.50601,0.0651953,-0.189119,2.15105,-3.02408,1.88319,0.17968,0.909041,0.0578189
1730605,1,-2.75261,-1.32534,1.01105,-1.94698,1.10108,1.16772,2.20139,-2.75266,-1.32422,1.00895,-1.94565,1.10136,1.16858,2.20139,0.00128052,-0.000358925,-0.000643079,-0.000249121,-0.000100919,-0.000149132,-0.000898295,0,0,0,0,0,0,0,-0.22826,26.7383,-24.6136,7.47104,0.830705,2.50601,0.09083,-0.185439,2.14907,-3.02381,1.8851,0.179823,0.908961,0.0576972
1730606,1,-2.75261,-1.32534,1.01105,-1.94698,1.10108,1.16772,2.20138,-2.75266,-1.32422,1.00895,-1.94565,1.10136,1.16858,2.20139,-0.000352744,-0.000239284,0.000684904,-0.000166081,-6.72794e-05,0.000375297,-0.00107358,0,0,0,0,0,0,0,-0.176685,26.7383,-24.6612,7.47104,0.830705,2.49319,0.103647,-0.184036,2.14854,-3.02365,1.88582,0.179902,0.908935,0.0576582
1730607,1,-2.75261,-1.32534,1.01105,-1.94698,1.10108,1.16772,2.20138,-2.75266,-1.32422,1.00895,-1.94565,1.10136,1.16858,2.20139,-0.000791975,-0.000809136,0.000456603,-0.00011072,0.000158598,1.28389e-05,0.000471074,0,0,0,0,0,0,0,-0.152882,26.766,-24.6612,7.47104,0.825212,2.4996,0.071604,-0.183579,2.14936,-3.02429,1.88603,0.179972,0.90898,0.0577181
1730608,1,-2.75261,-1.32534,1.01105,-1.94698,1.10108,1.16772,2.20138,-2.75266,-1.32422,1.00895,-1.94565,1.10136,1.16858,2.20139,2.88289e-05,0.000667002,-0.00025241,0.00103981,0.000309182,8.55927e-06,-0.000635387,0,0,0,0,0,0,0,-0.176685,26.7144,-24.6374,7.42344,0.819719,2.4996,0.0972387,-0.182901,2.15056,-3.02531,1.8861,0.180043,0.909027,0.0578871
1730609,1,-2.75261,-1.32534,1.01105,-1.94698,1.10108,1.16772,2.20138,-2.75266,-1.32422,1.00895,-1.94565,1.10136,1.16858,2.20139,-0.000537593,-0.000112144,-0.000168273,-0.000420417,-0.00020078,5.70618e-06,0.000288486,0,0,0,0,0,0,0,-0.152882,26.7383,-24.6374,7.47104,0.830705,2.4996,0.0780126,-0.182472,2.15103,-3.0253,1.88585,0.180076,0.909005,0.0581514
1730610,1,-2.75261,-1.32534,1.01105,-1.94698,1.10108,1.16772,2.20138,-2.75266,-1.32422,1.00895,-1.94565,1.10136,1.16858,2.20139,0.000198417,-7.47628e-05,-0.000112182,-0.000280278,-0.000133853,-0.000233555,-0.000519753,0,0,0,0,0,0,0,-0.176685,26.7383,-24.6374,7.47104,0.830705,2.50601,0.0972387,-0.181959,2.1508,-3.0245,1.88582,0.180119,0.908954,0.0584969
1730611,1,-2.75261,-1.32534,1.01105,-1.94698,1.10108,1.16771,2.20138,-2.75266,-1.32422,1.00895,-1.94565,1.10136,1.16858,2.20139,0.000781892,-4.98419e-05,0.000482024,0.00036996,-8.92354e-05,-0.000155703,-0.000346502,0,0,0,0,0,0,0,-0.204456,26.7383,-24.6612,7.44724,0.830705,2.50601,0.0972387,-0.182344,2.15102,-3.02381,1.8855,0.180144,0.908949,0.058911
1730612,1,-2.75261,-1.32534,1.01105,-1.94698,1.10108,1.16771,2.20138,-2.75266,-1.32422,1.00895,-1.94565,1.10136,1.16858,2.20139,0.000521261,0.000523584,0.000321349,-0.000310172,0.000347411,-0.000103802,0.000481076,0,0,0,0,0,0,0,-0.204456,26.7144,-24.6612,7.47104,0.819719,2.50601,0.0780126,-0.184315,2.15198,-3.02351,1.88439,0.180106,0.909014,0.0593895
1730613,1,-2.75261,-1.32534,1.01105,-1.94698,1.10108,1.16772,2.20139,-2.75266,-1.32422,1.00895,-1.94565,1.10136,1.16858,2.20139,0.000904319,0.000349056,-0.000899391,0.000350031,-0.000175294,0.000405516,0.000558076,0,0,0,0,0,0,0,-0.22826,26.7144,-24.6136,7.44724,0.830705,2.49319,0.071604,-0.187102,2.15265,-3.02271,1.88294,0.18003,0.909081,0.0599239
1730614,1,-2.75261,-1.32534,1.01105,-1.94698,1.10108,1.16771,2.20139,-2.75266,-1.32422,1.00895,-1.94565,1.10136,1.16858,2.20139,-0.00116036,-0.000324108,-0.000599594,0.000233354,-0.000116863,3.29854e-05,0.000846769,0,0,0,0,0,0,0,-0.152882,26.7383,-24.6136,7.44724,0.830705,2.4996,0.0587866,-0.189469,2.15242,-3.02074,1.88163,0.179967,0.909056,0.0604838
1730615,1,-2.75261,-1.32534,1.01105,-1.94698,1.10108,1.16772,2.20138,-2.75266,-1.32422,1.00895,-1.94565,1.10136,1.16858,2.20139,-0.00021676,-0.000216072,0.000157083,-0.000401243,0.000566352,2.19902e-05,-0.000384923,0,0,0,0,0,0,0,-0.176685,26.7383,-24.6374,7.47104,0.81331,2.4996,0.0844213,-0.189922,2.15175,-3.01873,1.88115,0.179983,0.908975,0.0610344
1730616,1,-2.75261,-1.32534,1.01105,-1.94698,1.10108,1.16772,2.20138,-2.75266,-1.32422,1.00895,-1.94565,1.10136,1.16858,2.20139,0.00106192,0.000412764,0.000104722,-0.000267495,0.000140209,1.46602e-05,0.000218102,0,0,0,0,0,0,0,-0.22826,26.7144,-24.6374,7.47104,0.819719,2.4996,0.071604,-0.189543,2.15133,-3.01757,1.88122,0.180042,0.908945,0.061556
1730617,1,-2.75261,-1.32534,1.01105,-1.94698,1.10108,1.16772,2.20139,-2.75266,-1.32422,1.00895,-1.94565,1.10136,1.16858,2.20139,-0.00049848,0.00092479,0.000626626,-0.000827944,-0.000516879,9.77344e-06,0.00109484,0,0,0,0,0,0,0,-0.176685,26.6867,-24.6612,7.49881,0.836199,2.4996,0.0459692,-0.189203,2.15078,-3.01695,1.88164,0.180097,0.908984,0.0620484
1730618,1,-2.75261,-1.32534,1.01105,-1.94697,1.10108,1.16771,2.20139,-2.75266,-1.32422,1.00895,-1.94565,1.10136,1.16858,2.20139,0.000317294,0.000616527,-0.000139061,0.00121128,-0.000141135,-0.000230843,0.000255174,0,0,0,0,0,0,0,-0.204456,26.6867,-24.6374,7.42344,0.830705,2.50601,0.0587866,-0.18824,2.14951,-3.01643,1.88248,0.180154,0.909031,0.0625005
1730619,1,-2.75261,-1.32534,1.01105,-1.94698,1.10108,1.16772,2.20139,-2.75266,-1.32422,1.00895,-1.94565,1.10136,1.16858,2.20139,0.000211529,-0.000238596,0.00111372,0.000250705,0.00010936,0.000320822,0.000170116,0,0,0,0,0,0,0,-0.204456,26.7144,-24.689,7.44724,0.825212,2.49319,0.0587866,-0.188009,2.14886,-3.01637,1.88252,0.180145,0.909077,0.0628834
1730620,1,-2.75261,-1.32534,1.01105,-1.94698,1.10108,1.16772,2.20139,-2.75266,-1.32422,1.00895,-1.94565,1.10136,1.16858,2.20139,-0.000508594,0.00049055,9.28651e-05,0.000167137,0.000276357,0.000451241,0.000588128,0,0,0,0,0,0,0,-0.176685,26.6867,-24.6612,7.44724,0.819719,2.48678,0.0459692,-0.188448,2.14934,-3.01723,1.88187,0.180098,0.909148,0.0631868
1730621,1,-2.75261,-1.32534,1.01105,-1.94698,1.10108,1.16772,2.20139,-2.75266,-1.32422,1.00895,-1.94565,1.10136,1.16858,2.20139,-0.000339063,0.000327033,6.19101e-05,0.000111424,-0.000222663,-0.000648609,0.00137543,0,0,0,0,0,0,0,-0.176685,26.6867,-24.6612,7.44724,0.830705,2.51242,0.0194189,-0.187907,2.14941,-3.01811,1.88171,0.180098,0.909187,0.0634133
1730622,1,-2.75261,-1.32534,1.01105,-1.94698,1.10108,1.16772,2.20139,-2.75266,-1.32422,1.00895,-1.94565,1.10136,1.16858,2.20139,-0.000782854,-0.000431592,-0.000515539,7.42829e-05,-0.000351892,-0.000195047,0.000204876,0,0,0,0,0,0,0,-0.152882,26.7144,-24.6374,7.44724,0.836199,2.50601,0.038645,-0.186377,2.14874,-3.01837,1.8821,0.180151,0.909159,0.0635453
1730623,1,-2.75261,-1.32534,1.01105,-1.94698,1.10107,1.16772,2.20139,-2.75266,-1.32422,1.00895,-1.94565,1.10136,1.16858,2.20139,3.49094e-05,-0.000287728,-0.000900504,-0.0011569,-0.000438045,0.000107328,0.000373943,0,0,0,0,0,0,0,-0.176685,26.7144,-24.6136,7.49881,0.841692,2.4996,0.0322363,-0.184411,2.14778,-3.01794,1.88289,0.180268,0.909088,0.0635585
1730624,1,-2.75261,-1.32534,1.01105,-1.94698,1.10108,1.16772,2.20139,-2.75266,-1.32422,1.00895,-1.94565,1.10136,1.16858,2.20139,-0.000533539,0.000457795,0.000513288,0.000435157,-8.85798e-05,7.15518e-05,0.000249295,0,0,0,0,0,0,0,-0.152882,26.6867,-24.6612,7.44724,0.836199,2.4996,0.0322363,-0.182362,2.14657,-3.01706,1.88397,0.180437,0.909014,0.0634526
1730625,1,-2.75261,-1.32534,1.01105,-1.94698,1.10108,1.16772,2.20139,-2.75266,-1.32422,1.00895,-1.94565,1.10136,1.16858,2.20139,0.000850733,-0.000344417,-0.000771432,-0.000266708,0.000551298,-0.000189658,0.000166197,0,0,0,0,0,0,0,-0.204456,26.7144,-24.6136,7.47104,0.819719,2.50601,0.0322363,-0.181264,2.14567,-3.01627,1.88453,0.18058,0.908971,0.0632392
1730626,1,-2.75261,-1.32534,1.01105,-1.94698,1.10108,1.16771,2.20139,-2.75266,-1.32422,1.00895,-1.94565,1.10136,1.16858,2.20139,-8.24585e-05,0.000420003,0.00124895,-0.000177805,0.000164082,-0.000126439,0.000110798,0,0,0,0,0,0,0,-0.176685,26.6867,-24.689,7.47104,0.825212,2.50601,0.0322363,-0.181691,2.14559,-3.01598,1.88424,0.180663,0.908995,0.0629294
1730627,1,-2.75261,-1.32534,1.01105,-1.94698,1.10108,1.16771,2.20139,-2.75266,-1.32422,1.00895,-1.94565,1.10136,1.16858,2.20139,-5.49723e-05,-0.000369612,0.000183019,-0.000118537,0.000109388,-0.000321651,-0.00067212,0,0,0,0,0,0,0,-0.176685,26.7144,-24.6612,7.47104,0.825212,2.51242,0.0523779,-0.182464,2.14623,-3.01681,1.8838,0.180728,0.909116,0.0625393
1730628,1,-2.75261,-1.32534,1.01105,-1.94698,1.10108,1.16772,2.20139,-2.75266,-1.32422,1.00895,-1.94565,1.10136,1.16858,2.20139,-3.66482e-05,-0.000246408,0.000122013,-7.90245e-05,0.000276376,0.000260284,0.000772623,0,0,0,0,0,0,0,-0.176685,26.7144,-24.6612,7.47104,0.819719,2.4996,0.0194189,-0.183049,2.14733,-3.01834,1.88338,0.180789,0.909283,0.0620892
1730629,1,-2.75261,-1.32534,1.01105,-1.94698,1.10108,1.16772,2.20139,-2.75266,-1.32422,1.00895,-1.94565,1.10136,1.16858,2.20139,0.00173881,-0.000164272,8.13419e-05,0.00106094,-1.92e-05,0.000173522,-0.000468262,0,0,0,0,0,0,0,-0.252064,26.7144,-24.6612,7.42344,0.825212,2.4996,0.0459692,-0.18519,2.14911,-3.01965,1.88194,0.180759,0.909447,0.0615943
1730630,1,-2.75261,-1.32534,1.01105,-1.94698,1.10108,1.16771,2.20139,-2.75266,-1.32422,1.00895,-1.94565,1.10136,1.16858,2.20139,-0.000604034,-0.000666327,5.42279e-05,0.000150482,-0.000216251,0.000115682,0.000433811,0,0,0,0,0,0,0,-0.176685,26.7383,-24.6612,7.44724,0.830705,2.4996,0.0258276,-0.18931,2.15173,-3.02068,1.87919,0.180614,0.909596,0.0610609
1730631,1,-2.75261,-1.32534,1.01105,-1.94698,1.10108,1.16772,2.20139,-2.75266,-1.32422,1.00895,-1.94565,1.10136,1.16858,2.20139,-0.000959501,-0.000444218,3.61519e-05,-0.000456491,5.92835e-05,0.00031448,-0.000185511,0,0,0,0,0,0,0,-0.152882,26.7383,-24.6612,7.47104,0.825212,2.49319,0.038645,-0.191912,2.15392,-3.02173,1.87718,0.180526,0.909707,0.0605015
1730632,1,-2.75261,-1.32534,1.01105,-1.94698,1.10108,1.16771,2.20139,-2.75266,-1.32422,1.00895,-1.94565,1.10136,1.16858,2.20139,-0.000639668,-0.000296145,-0.000532711,-0.000304327,-0.000570829,-2.77056e-05,0.000351044,0,0,0,0,0,0,0,-0.152882,26.7383,-24.6374,7.47104,0.841692,2.4996,0.0258276,-0.191104,2.15454,-3.02248,1.87719,0.180597,0.909751,0.0599264
1730633,1,-2.75261,-1.32534,1.01105,-1.94698,1.10108,1.16771,2.20139,-2.75266,-1.32422,1.00895,-1.94565,1.10136,1.16858,2.20139,0.000130367,0.000359382,-0.00035514,-0.000852499,2.63482e-05,-0.000493188,-0.000511956,0,0,0,0,0,0,0,-0.176685,26.7144,-24.6374,7.49881,0.830705,2.51242,0.0459692,-0.188596,2.15355,-3.02225,1.87848,0.180761,0.909732,0.0593385
1730634,1,-2.75261,-1.32534,1.01105,-1.94698,1.10108,1.16771,2.20139,-2.75266,-1.32422,1.00895,-1.94565,1.10136,1.16858,2.20139,8.69113e-05,-0.000317224,-0.00023676,0.000638093,0.000221016,-9.14332e-05,-0.000341304,0,0,0,0,0,0,0,-0.176685,26.7383,-24.6374,7.44724,0.825212,2.50601,0.0459692,-0.186473,2.15189,-3.02122,1.8798,0.180917,0.909694,0.0587433
1730635,1,-2.75261,-1.32534,1.01105,-1.94698,1.10108,1.16772,2.20139,-2.75266,-1.32422,1.00895,-1.94565,1.10136,1.16858,2.20139,5.79409e-05,-0.000211483,0.0016054,-0.000131416,-5.61065e-05,0.000176403,0.000518449,0,0,0,0,0,0,0,-0.176685,26.7383,-24.7128,7.47104,0.830705,2.4996,0.0258276,-0.185716,2.1513,-3.02097,1.88022,0.181,0.909722,0.058155
1730636,1,-2.75261,-1.32534,1.01105,-1.94698,1.10108,1.16771,2.20138,-2.75266,-1.32422,1.00895,-1.94565,1.10136,1.16858,2.20139,3.86272e-05,0.000415823,-0.000692973,0.000469201,-3.74043e-05,-0.000594475,-0.00134979,0,0,0,0,0,0,0,-0.176685,26.7144,-24.6374,7.44724,0.830705,2.51882,0.071604,-0.185754,2.15173,-3.02183,1.88001,0.181032,0.909828,0.0575839
1730637,1,-2.75261,-1.32534,1.01105,-1.94698,1.10108,1.16771,2.20139,-2.75266,-1.32422,1.00895,-1.94565,1.10136,1.16858,2.20139,0.00123218,-0.000279596,-0.000461982,-0.000244011,-2.49362e-05,7.84015e-05,4.9577e-05,0,0,0,0,0,0,0,-0.22826,26.7383,-24.6374,7.47104,0.830705,2.50601,0.0459692,-0.186757,2.15193,-3.02191,1.87933,0.181021,0.909917,0.0570371
1730638,1,-2.75261,-1.32534,1.01105,-1.94698,1.10108,1.16771,2.20138,-2.75266,-1.32422,1.00895,-1.94565,1.10136,1.16858,2.20139,-0.000941786,0.000370414,0.000248824,-0.0013691,-1.66242e-05,5.22677e-05,-0.00186582,0,0,0,0,0,0,0,-0.152882,26.7144,-24.6612,7.52262,0.830705,2.50601,0.0972387,-0.187797,2.15147,-3.02105,1.87896,0.181037,0.909989,0.056538
1730639,1,-2.75261,-1.32534,1.01105,-1.94698,1.10108,1.16771,2.20139,-2.75266,-1.32422,1.00895,-1.94565,1.10136,1.16858,2.20139,-7.10456e-05,0.000246943,-0.000390929,-0.000355921,-0.000214533,3.48451e-05,0.00116362,0,0,0,0,0,0,0,-0.176685,26.7144,-24.6374,7.49881,0.836199,2.50601,0.0322363,-0.186573,2.14983,-3.02012,1.88024,0.181182,0.910072,0.0561196
1730640,1,-2.75261,-1.32534,1.01105,-1.94698,1.10108,1.16772,2.20139,-2.75266,-1.32422,1.00895,-1.94565,1.10136,1.16858,2.20139,0.00060225,0.000164629,0.000296192,0.00152596,6.04283e-05,0.000260589,0.000267119,0,0,0,0,0,0,0,-0.204456,26.7144,-24.6612,7.42344,0.830705,2.4996,0.0459692,-0.18511,2.14807,-3.01917,1.88148,0.181323,0.910138,0.0557918
1730641,1,-2.75261,-1.32534,1.01105,-1.94698,1.10108,1.16772,2.20138,-2.75266,-1.32422,1.00895,-1.94565,1.10136,1.16858,2.20139,0.0004015,-0.00044706,-0.00035935,-0.000745933,4.02856e-05,0.000411085,-0.00148343,0,0,0,0,0,0,0,-0.204456,26.7383,-24.6374,7.49881,0.830705,2.49319,0.09083,-0.185893,2.14771,-3.01846,1.88106,0.181343,0.910204,0.0555258
1730642,1,-2.7526,-1.32534,1.01105,-1.94698,1.10108,1.16772,2.20138,-2.75266,-1.32422,1.00895,-1.94565,1.10136,1.16858,2.20139,0.000824479,0.000258772,0.000317245,0.000152325,-0.000176593,3.66977e-05,-0.000276879,0,0,0,0,0,0,0,-0.22826,26.7144,-24.6612,7.47104,0.836199,2.4996,0.071604,-0.187916,2.14832,-3.01811,1.87999,0.181329,0.910296,0.0553116
1730643,1,-2.75261,-1.32534,1.01105,-1.94698,1.10108,1.16771,2.20138,-2.75266,-1.32422,1.00895,-1.94565,1.10136,1.16858,2.20139,-0.000656773,0.000172515,-0.000345315,0.00010155,-0.000117729,2.44651e-05,-0.000421945,0,0,0,0,0,0,0,-0.176685,26.7144,-24.6374,7.47104,0.836199,2.4996,0.0780126,-0.189639,2.1488,-3.01785,1.87924,0.181344,0.910381,0.0551763
1730644,1,-2.75261,-1.32534,1.01105,-1.94698,1.10108,1.16772,2.20139,-2.75266,-1.32422,1.00895,-1.94565,1.10136,1.16858,2.20139,0.000768577,0.00011501,-0.00023021,6.77001e-05,0.000531866,1.63101e-05,0.000668139,0,0,0,0,0,0,0,-0.22826,26.7144,-24.6374,7.47104,0.819719,2.4996,0.0523779,-0.190539,2.14868,-3.01733,1.87889,0.181393,0.910412,0.0551327
1730645,1,-2.75261,-1.32534,1.01105,-1.94698,1.10108,1.16771,2.20138,-2.75266,-1.32422,1.00895,-1.94565,1.10136,1.16858,2.20139,-0.000694041,7.66733e-05,0.000403339,0.000601945,0.000151127,-0.000226486,-0.00121609,0,0,0,0,0,0,0,-0.176685,26.7144,-24.6612,7.44724,0.825212,2.50601,0.0972387,-0.191091,2.14845,-3.01685,1.87864,0.18145,0.910416,0.0551677
1730646,1,-2.75261,-1.32534,1.01105,-1.94698,1.10108,1.16771,2.20138,-2.75266,-1.32422,1.00895,-1.94565,1.10136,1.16858,2.20139,-0.000462694,-0.00115531,0.000918506,-0.000805129,0.000100751,8.63686e-05,-9.86475e-05,0,0,0,0,0,0,0,-0.176685,26.766,-24.689,7.49881,0.825212,2.4996,0.0780126,-0.190767,2.14898,-3.01771,1.87876,0.181538,0.910471,0.0552701
1730647,1,-2.75261,-1.32534,1.01105,-1.94698,1.10108,1.16771,2.20138,-2.75266,-1.32422,1.00895,-1.94565,1.10136,1.16858,2.20139,0.000341151,0.000436219,0.000612338,0.000112861,0.000507977,5.7579e-05,-6.5765e-05,0,0,0,0,0,0,0,-0.204456,26.7144,-24.689,7.47104,0.81331,2.4996,0.0780126,-0.189616,2.15043,-3.02015,1.87942,0.181668,0.910609,0.0554466
1730648,1,-2.75261,-1.32534,1.01105,-1.94698,1.10108,1.16771,2.20139,-2.75266,-1.32422,1.00895,-1.94565,1.10136,1.16858,2.20139,-0.00042218,0.000290813,0.000408225,7.52408e-05,-0.000305609,-0.000198973,0.00114295,0,0,0,0,0,0,0,-0.176685,26.7144,-24.689,7.47104,0.830705,2.50601,0.0459692,-0.188482,2.15165,-3.02268,1.88022,0.181774,0.910759,0.0556974
1730649,1,-2.75261,-1.32534,1.01105,-1.94698,1.10108,1.16771,2.20138,-2.75266,-1.32422,1.00895,-1.94565,1.10136,1.16858,2.20139,0.000368161,-0.000362937,0.00027215,0.00116378,-2.88665e-07,0.00010471,-0.000899545,0,0,0,0,0,0,0,-0.204456,26.7383,-24.689,7.42344,0.825212,2.4996,0.09083,-0.187928,2.15248,-3.02457,1.88054,0.181807,0.910856,0.055993
1730650,1,-2.75261,-1.32534,1.01105,-1.94698,1.10108,1.16771,2.20138,-2.75266,-1.32422,1.00895,-1.94565,1.10136,1.16858,2.20139,-0.000404173,-0.000891572,0.000738245,-0.000987382,-1.92443e-07,-0.000404911,0.000349739,0,0,0,0,0,0,0,-0.176685,26.766,-24.7128,7.49881,0.825212,2.51242,0.0651953,-0.188225,2.15399,-3.02655,1.88023,0.181785,0.910947,0.0563058
1730651,1,-2.75261,-1.32534,1.01105,-1.94698,1.10108,1.16772,2.20138,-2.75266,-1.32422,1.00895,-1.94565,1.10136,1.16858,2.20139,0.000380165,5.52327e-05,-0.00127107,0.000548172,-1.28295e-07,0.000442136,-4.19954e-06,0,0,0,0,0,0,0,-0.204456,26.7383,-24.6374,7.44724,0.825212,2.49319,0.071604,-0.188692,2.15558,-3.02814,1.87997,0.18177,0.911019,0.0566337
1730652,1,-2.75261,-1.32534,1.01105,-1.94698,1.10108,1.16772,2.20138,-2.75266,-1.32422,1.00895,-1.94565,1.10136,1.16858,2.20139,-0.000396171,0.000593634,0.000915855,-0.000191364,-8.55303e-08,5.73985e-05,0.000234559,0,0,0,0,0,0,0,-0.176685,26.7144,-24.7128,7.47104,0.825212,2.4996,0.0651953,-0.188867,2.15587,-3.02828,1.88,0.181758,0.911007,0.0569747
1730653,1,-2.75261,-1.32534,1.01105,-1.94698,1.10108,1.16772,2.20138,-2.75266,-1.32422,1.00895,-1.94565,1.10136,1.16858,2.20139,0.0003855,0.000395756,5.3758e-05,-0.000127576,-0.000406958,-0.000436452,-8.09861e-05,0,0,0,0,0,0,0,-0.204456,26.7144,-24.689,7.47104,0.836199,2.51242,0.071604,-0.188445,2.15496,-3.02788,1.88048,0.181751,0.910971,0.0573212
1730654,1,-2.75261,-1.32534,1.01105,-1.94698,1.10108,1.16772,2.20138,-2.75266,-1.32422,1.00895,-1.94565,1.10136,1.16858,2.20139,-0.000949426,-0.000942589,-0.00117059,-0.000734665,-6.78549e-05,0.000421109,-0.00100343,0,0,0,0,0,0,0,-0.152882,26.766,-24.6374,7.49881,0.830705,2.49319,0.0972387,-0.187293,2.1535,-3.02726,1.88155,0.18179,0.910925,0.0576648
1730655,1,-2.75261,-1.32534,1.01105,-1.94698,1.10108,1.16772,2.20139,-2.75266,-1.32422,1.00895,-1.94565,1.10136,1.16858,2.20139,-0.000632951,2.12215e-05,0.000426034,-0.000489776,-0.000248687,-0.000193979,0.000517844,0,0,0,0,0,0,0,-0.152882,26.7383,-24.689,7.49881,0.836199,2.50601,0.0651953,-0.185014,2.15181,-3.02632,1.88333,0.181914,0.910841,0.058012
1730656,1,-2.75261,-1.32534,1.01105,-1.94698,1.10108,1.16772,2.20139,-2.75266,-1.32422,1.00895,-1.94565,1.10136,1.16858,2.20139,0.000134845,0.00057096,-0.000922403,-0.000326518,3.76591e-05,0.00010804,0.000345229,0,0,0,0,0,0,0,-0.176685,26.7144,-24.6374,7.49881,0.830705,2.4996,0.0651953,-0.182028,2.14978,-3.02528,1.88555,0.182084,0.910745,0.0583792
1730657,1,-2.75261,-1.32534,1.01105,-1.94698,1.10108,1.16771,2.20139,-2.75266,-1.32422,1.00895,-1.94565,1.10136,1.16858,2.20139,8.98966e-05,0.00038064,-0.00117175,0.000431936,0.000228557,-0.000165332,-0.000481924,0,0,0,0,0,0,0,-0.176685,26.7144,-24.6136,7.47104,0.825212,2.50601,0.0844213,-0.180017,2.14712,-3.0231,1.88723,0.182202,0.910596,0.0587553
1730660,0.97,-2.75261,-1.32534,1.01105,-1.94698,1.10108,1.16771,2.20138,-2.75266,-1.32422,1.00895,-1.94565,1.10136,1.16858,2.20139,2.6636e-05,0.000514924,-0.000213137,-0.000305095,-2.2702e-05,-7.53606e-05,0.000490165,0,0,0,0,0,0,0,-0.176685,26.7144,-24.6612,7.49881,0.830705,2.50601,0.071604,-0.180926,2.14597,-3.02168,1.88744,0.182208,0.910557,0.0599106
1730661,0.96,-2.75261,-1.32534,1.01105,-1.94698,1.10108,1.16772,2.20139,-2.75266,-1.32422,1.00895,-1.94565,1.10136,1.16858,2.20139,1.77574e-05,-0.000213529,-0.000142091,-0.000760209,0.000391766,0.000424477,-0.0003853,0,0,0,0,0,0,0,-0.176685,26.7383,-24.6612,7.52262,0.819719,2.49319,0.09083,-0.181298,2.14699,-3.02289,1.88766,0.182243,0.910679,0.0603447
1730662,0.96,-2.75261,-1.32534,1.01105,-1.94698,1.10108,1.16771,2.20138,-2.75266,-1.32422,1.00895,-1.94565,1.10136,1.16858,2.20139,1.18382e-05,-0.000791967,0.000554886,0.00069962,5.77271e-05,-0.000429092,-0.000256867,0,0,0,0,0,0,0,-0.176685,26.766,-24.689,7.47104,0.825212,2.51242,0.09083,-0.181714,2.14809,-3.024,1.88787,0.182274,0.910792,0.0608021
1730663,0.96,-2.75261,-1.32534,1.01105,-1.94698,1.10108,1.16771,2.20138,-2.75266,-1.32422,1.00895,-1.94565,1.10136,1.16858,2.20139,0.000657506,0.00132806,-0.00027969,0.000466413,3.84847e-05,-4.87023e-05,-0.000408603,0,0,0,0,0,0,0,-0.204456,26.6867,-24.6612,7.47104,0.825212,2.50601,0.0972387,-0.183136,2.14978,-3.02523,1.88727,0.182224,0.910903,0.0612811
1730664,0.96,-2.75261,-1.32534,1.01105,-1.94698,1.10108,1.16771,2.20138,-2.75266,-1.32422,1.00895,-1.94565,1.10136,1.16858,2.20139,-0.000211277,0.000885375,0.00101997,0.000867754,0.000229107,-3.24682e-05,0.000439674,0,0,0,0,0,0,0,-0.176685,26.6867,-24.7128,7.44724,0.819719,2.50601,0.0780126,-0.184937,2.15054,-3.02577,1.88626,0.182093,0.910975,0.061793
1730665,0.96,-2.75261,-1.32534,1.01105,-1.94698,1.10108,1.16772,2.20138,-2.75266,-1.32422,1.00895,-1.94565,1.10136,1.16858,2.20139,-0.000140851,-5.93642e-05,0.000123165,0.00113531,-0.000457614,-0.000259004,0.000293116,0,0,0,0,0,0,0,-0.176685,26.7144,-24.689,7.42344,0.836199,2.51242,0.0780126,-0.186323,2.15068,-3.02627,1.8852,0.181929,0.911031,0.0623353
1730666,0.96,-2.75261,-1.32534,1.01105,-1.94698,1.10108,1.16772,2.20138,-2.75266,-1.32422,1.00895,-1.94565,1.10136,1.16858,2.20139,-9.39007e-05,-0.000596388,-0.000567504,-0.000356747,-0.000101625,-0.00017267,-0.000279307,0,0,0,0,0,0,0,-0.176685,26.7383,-24.6612,7.47104,0.830705,2.51242,0.09083,-0.187455,2.15128,-3.02702,1.88406,0.181779,0.911086,0.0628863
1730667,0.96,-2.75261,-1.32534,1.01105,-1.94698,1.10108,1.16772,2.20138,-2.75266,-1.32422,1.00895,-1.94565,1.10136,1.16858,2.20139,-6.26005e-05,0.00015922,-0.000378336,0.00031898,0.000339151,0.000596964,-0.000186205,0,0,0,0,0,0,0,-0.176685,26.7144,-24.6612,7.44724,0.819719,2.49319,0.09083,-0.188201,2.15183,-3.02723,1.88328,0.181692,0.911118,0.0634323
1730668,0.96,-2.75261,-1.32534,1.01105,-1.94698,1.10108,1.16771,2.20138,-2.75266,-1.32422,1.00895,-1.94565,1.10136,1.16858,2.20139,0.00060788,0.000106147,0.00039739,-0.000993772,-0.0001808,-7.6742e-05,-0.000124136,0,0,0,0,0,0,0,-0.204456,26.7144,-24.689,7.49881,0.830705,2.50601,0.09083,-0.188496,2.15191,-3.02708,1.88308,0.181666,0.91116,0.0639792
1730669,0.96,-2.75261,-1.32534,1.01105,-1.94698,1.10108,1.16771,2.20139,-2.75266,-1.32422,1.00895,-1.94565,1.10136,1.16858,2.20139,-0.000801172,-0.000486048,0.000264927,-0.000662515,8.29169e-05,-0.00028852,0.00039196,0,0,0,0,0,0,0,-0.152882,26.7383,-24.689,7.49881,0.825212,2.51242,0.0780126,-0.187943,2.15184,-3.02753,1.88378,0.181715,0.91127,0.0645355
1730670,0.96,-2.75261,-1.32534,1.01105,-1.94698,1.10107,1.16772,2.20138,-2.75266,-1.32422,1.00895,-1.94565,1.10136,1.16858,2.20139,-0.00118373,-0.000324032,0.000176618,0.000207937,-0.000555074,-0.000192347,-0.00045077,0,0,0,0,0,0,0,-0.125111,26.7383,-24.689,7.47104,0.841692,2.51242,0.0972387,-0.185628,2.15178,-3.0289,1.8855,0.181857,0.911421,0.065097
1730671,0.96,-2.75261,-1.32534,1.01105,-1.94698,1.10108,1.16772,2.20138,-2.75266,-1.32422,1.00895,-1.94565,1.10136,1.16858,2.20139,0.00218051,0.000340791,0.000117745,-0.000510989,0.000240302,0.000109128,0.000411563,0,0,0,0,0,0,0,-0.252064,26.7144,-24.689,7.49881,0.825212,2.50601,0.0780126,-0.183559,2.15196,-3.0304,1.88697,0.181985,0.911579,0.0656543
1730672,0.96,-2.75261,-1.32534,1.01105,-1.94698,1.10108,1.16771,2.20138,-2.75266,-1.32422,1.00895,-1.94565,1.10136,1.16858,2.20139,0.00034005,0.000227194,-0.000571117,0.000308955,-4.32489e-05,-0.000164607,3.70167e-05,0,0,0,0,0,0,0,-0.204456,26.7144,-24.6612,7.47104,0.830705,2.51242,0.0844213,-0.184442,2.15246,-3.031,1.88696,0.181989,0.911745,0.0662038
1730673,0.96,-2.75261,-1.32534,1.01105,-1.94698,1.10108,1.16772,2.20138,-2.75266,-1.32422,1.00895,-1.94565,1.10136,1.16858,2.20139,0.0002267,0.000801077,-0.000380745,-0.000443644,0.000378068,-0.000109738,0.000262037,0,0,0,0,0,0,0,-0.204456,26.6867,-24.6612,7.49881,0.819719,2.51242,0.0780126,-0.186505,2.1522,-3.03027,1.8864,0.181936,0.911859,0.0667411
1730674,0.96,-2.75261,-1.32534,1.01105,-1.94698,1.10108,1.16772,2.20138,-2.75266,-1.32422,1.00895,-1.94565,1.10136,1.16858,2.20139,-0.000498481,-0.00132199,0.000395784,0.000910663,4.85951e-05,0.0001642,-0.00148682,0,0,0,0,0,0,0,-0.176685,26.766,-24.689,7.44724,0.825212,2.50601,0.122873,-0.187766,2.15162,-3.02944,1.88605,0.181898,0.911943,0.0672588
1730675,0.96,-2.75261,-1.32534,1.01105,-1.94698,1.10108,1.16772,2.20138,-2.75266,-1.32422,1.00895,-1.94565,1.10136,1.16858,2.20139,0.000874106,0.0003251,0.000263856,5.02968e-05,-0.000171054,0.000109467,0.000670298,0,0,0,0,0,0,0,-0.22826,26.7144,-24.689,7.47104,0.830705,2.50601,0.0780126,-0.189146,2.15245,-3.0299,1.88523,0.181836,0.912075,0.067766
1730676,0.96,-2.75261,-1.32534,1.01105,-1.94698,1.10108,1.16772,2.20138,-2.75266,-1.32422,1.00895,-1.94565,1.10136,1.16858,2.20139,2.59251e-05,0.000216733,0.000175904,3.35312e-05,0.000292865,-0.00040174,0.000446866,0,0,0,0,0,0,0,-0.204456,26.7144,-24.689,7.47104,0.819719,2.51882,0.0780126,-0.190881,2.1538,-3.03097,1.88417,0.18175,0.912248,0.0682865
1730677,0.96,-2.75261,-1.32534,1.01105,-1.94698,1.10108,1.16772,2.20139,-2.75266,-1.32422,1.00895,-1.94565,1.10136,1.16858,2.20139,-0.00118914,-0.000412323,-0.000532345,0.000579166,-8.20706e-06,-0.000267827,0.00124735,0,0,0,0,0,0,0,-0.152882,26.7383,-24.6612,7.44724,0.825212,2.51882,0.0523779,-0.191474,2.15429,-3.03173,1.88376,0.181702,0.912397,0.0688135
1730678,0.96,-2.75261,-1.32534,1.01105,-1.94698,1.10108,1.16772,2.20139,-2.75266,-1.32422,1.00895,-1.94565,1.10136,1.16858,2.20139,-0.00023595,0.00028193,-0.000354896,-0.000170701,0.000197979,0.000296167,0.00157755,0,0,0,0,0,0,0,-0.176685,26.7144,-24.6612,7.47104,0.819719,2.50601,0.0322363,-0.190194,2.15374,-3.0319,1.88421,0.181718,0.912478,0.0693093
1730679,0.96,-2.75261,-1.32534,1.01105,-1.94698,1.10108,1.16771,2.20138,-2.75266,-1.32422,1.00895,-1.94565,1.10136,1.16858,2.20139,0.000492314,-0.00101847,0.000969828,0.000443011,0.000131986,-3.99144e-05,-0.000643721,0,0,0,0,0,0,0,-0.204456,26.766,-24.7128,7.44724,0.819719,2.51242,0.0780126,-0.188855,2.15345,-3.03228,1.88467,0.18173,0.912583,0.0697246
1730680,0.96,-2.75261,-1.32534,1.01105,-1.94698,1.10108,1.16771,2.20139,-2.75266,-1.32422,1.00895,-1.94565,1.10136,1.16858,2.20139,0.000328209,-0.000678982,8.97403e-05,-0.000261471,-0.00031891,-0.000263969,0.000282929,0,0,0,0,0,0,0,-0.204456,26.766,-24.689,7.47104,0.830705,2.51882,0.0587866,-0.189257,2.15511,-3.03404,1.88422,0.181677,0.912816,0.0700296
1730681,0.96,-2.75261,-1.32534,1.01105,-1.94698,1.10108,1.16771,2.20139,-2.75266,-1.32422,1.00895,-1.94565,1.10136,1.16858,2.20139,0.000218806,0.000196959,-0.000589787,-0.000823928,-0.000619508,0.000298739,0.000425978,0,0,0,0,0,0,0,-0.204456,26.7383,-24.6612,7.49881,0.841692,2.50601,0.0523779,-0.19031,2.15717,-3.03591,1.88371,0.181619,0.913097,0.0702381
1730682,0.96,-2.75261,-1.32534,1.01105,-1.94698,1.10108,1.16771,2.20139,-2.75266,-1.32422,1.00895,-1.94565,1.10136,1.16858,2.20139,0.000145871,0.000688118,0.000256423,0.000657141,0.000197346,0.000436518,0.000792612,0,0,0,0,0,0,0,-0.204456,26.7144,-24.689,7.44724,0.825212,2.4996,0.038645,-0.190675,2.15755,-3.03638,1.88389,0.181601,0.913317,0.070366
1730683,0.96,-2.75261,-1.32534,1.01105,-1.94698,1.10108,1.16771,2.20138,-2.75266,-1.32422,1.00895,-1.94565,1.10136,1.16858,2.20139,-0.00110918,-9.80665e-05,0.000170948,-0.000768332,-0.000275337,-0.000421065,-0.000454936,0,0,0,0,0,0,0,-0.152882,26.7383,-24.689,7.49881,0.836199,2.51882,0.0651953,-0.189728,2.15652,-3.03625,1.88478,0.181629,0.913482,0.0704094
1730684,0.96,-2.75261,-1.32534,1.01105,-1.94698,1.10108,1.16771,2.20139,-2.75266,-1.32422,1.00895,-1.94565,1.10136,1.16858,2.20139,-0.000739452,0.000491434,-0.000535648,-0.000512221,0.000223343,0.000431367,0.00115477,0,0,0,0,0,0,0,-0.152882,26.7144,-24.6612,7.49881,0.825212,2.4996,0.0258276,-0.186492,2.15432,-3.03602,1.88695,0.181764,0.913607,0.0703692
1730685,0.96,-2.75261,-1.32534,1.01105,-1.94698,1.10108,1.16771,2.20139,-2.75266,-1.32422,1.00895,-1.94565,1.10136,1.16858,2.20139,6.38437e-05,-0.000229189,0.000292515,-0.000341481,-5.45551e-05,5.02191e-05,0.000532489,0,0,0,0,0,0,0,-0.176685,26.7383,-24.689,7.49881,0.830705,2.50601,0.0322363,-0.182252,2.15155,-3.03554,1.88977,0.181963,0.913697,0.0702476
1730686,0.96,-2.75261,-1.32534,1.01105,-1.94698,1.10108,1.16771,2.20139,-2.75266,-1.32422,1.00895,-1.94565,1.10136,1.16858,2.20139,0.00124899,0.000404019,0.00019501,0.00042196,0.00016708,3.34794e-05,-0.000153634,0,0,0,0,0,0,0,-0.22826,26.7144,-24.689,7.47104,0.825212,2.50601,0.0459692,-0.180222,2.14999,-3.03534,1.89134,0.182072,0.913815,0.0700307
1730687,0.96,-2.75261,-1.32534,1.01105,-1.94698,1.10108,1.16771,2.20139,-2.75266,-1.32422,1.00895,-1.94565,1.10136,1.16858,2.20139,0.000275847,0.000269346,0.000686819,-0.000925119,0.000111387,0.000259679,0.000406204,0,0,0,0,0,0,0,-0.204456,26.7144,-24.7128,7.52262,0.825212,2.4996,0.0322363,-0.180966,2.14988,-3.0357,1.89143,0.182062,0.913991,0.0697162
1730688,0.96,-2.75261,-1.32534,1.01105,-1.94698,1.10108,1.16772,2.20139,-2.75266,-1.32422,1.00895,-1.94565,1.10136,1.16858,2.20139,0.00074071,-0.000377248,-9.89329e-05,0.00058968,7.4258e-05,0.000173119,0.000508161,0,0,0,0,0,0,0,-0.22826,26.7383,-24.689,7.47104,0.825212,2.4996,0.0258276,-0.182972,2.1506,-3.03651,1.8909,0.182001,0.91419,0.0693183
1730689,0.96,-2.75261,-1.32534,1.01105,-1.94698,1.10108,1.16772,2.20139,-2.75266,-1.32422,1.00895,-1.94565,1.10136,1.16858,2.20139,-6.30053e-05,-0.000251499,0.000490857,0.00039312,-0.000153945,0.000115413,0.000576133,0,0,0,0,0,0,0,-0.204456,26.7383,-24.7128,7.47104,0.830705,2.4996,0.0194189,-0.1858,2.15228,-3.0377,1.88966,0.181893,0.914359,0.0688399
1730690,0.96,-2.75261,-1.32534,1.01105,-1.94698,1.10108,1.16772,2.20139,-2.75266,-1.32422,1.00895,-1.94565,1.10136,1.16858,2.20139,0.000514808,-0.00081728,0.000327238,-0.000387534,0.000304271,-0.000635135,0.00014673,0,0,0,0,0,0,0,-0.22826,26.766,-24.7128,7.49881,0.819719,2.51882,0.0258276,-0.188899,2.15485,-3.03947,1.88807,0.181767,0.914508,0.0682782
1730691,0.96,-2.75261,-1.32534,1.01105,-1.94698,1.10108,1.16772,2.20139,-2.75266,-1.32422,1.00895,-1.94565,1.10136,1.16858,2.20139,-0.00142003,0.000104761,0.000218159,-0.000258356,-6.03249e-07,-0.000186064,-0.000139539,0,0,0,0,0,0,0,-0.152882,26.7383,-24.7128,7.49881,0.825212,2.51242,0.0322363,-0.190482,2.1572,-3.04166,1.88739,0.181713,0.914649,0.0676377
1730692,0.96,-2.75261,-1.32534,1.01105,-1.94698,1.10108,1.16772,2.20139,-2.75266,-1.32422,1.00895,-1.94565,1.10136,1.16858,2.20139,0.000259738,6.98406e-05,-0.000411373,-0.000729049,-0.000203853,0.000350675,0.000381692,0,0,0,0,0,0,0,-0.204456,26.7383,-24.689,7.52262,0.830705,2.4996,0.0194189,-0.18951,2.15786,-3.04322,1.88833,0.18177,0.914726,0.0669314
1730693,0.96,-2.75261,-1.32534,1.01105,-1.94698,1.10108,1.16771,2.20139,-2.75266,-1.32422,1.00895,-1.94565,1.10136,1.16858,2.20139,-0.000476455,-0.000603054,0.000282563,0.000720393,-0.000135902,-0.000240935,-0.000220257,0,0,0,0,0,0,0,-0.176685,26.766,-24.7128,7.47104,0.830705,2.51242,0.0322363,-0.187786,2.15756,-3.04397,1.88977,0.181851,0.914742,0.0661703
1730694,0.96,-2.75261,-1.32534,1.01105,-1.94698,1.10108,1.16771,2.20139,-2.75266,-1.32422,1.00895,-1.94565,1.10136,1.16858,2.20139,-0.000317637,0.001454,-0.00101805,-0.000726164,-0.000294052,7.67359e-05,9.05212e-05,0,0,0,0,0,0,0,-0.176685,26.6867,-24.6612,7.52262,0.836199,2.50601,0.0258276,-0.186159,2.15656,-3.04382,1.89111,0.181913,0.914699,0.0653648
1730695,0.96,-2.75261,-1.32534,1.01105,-1.94698,1.10108,1.16771,2.20139,-2.75266,-1.32422,1.00895,-1.94565,1.10136,1.16858,2.20139,0.00155148,-0.00023709,-2.90863e-05,0.000722317,7.41604e-06,-0.000186202,-0.00041437,0,0,0,0,0,0,0,-0.252064,26.7383,-24.689,7.47104,0.830705,2.51242,0.038645,-0.18525,2.15451,-3.04231,1.8922,0.181937,0.9146,0.0645293
1730696,0.96,-2.75261,-1.32534,1.01105,-1.94698,1.10108,1.16771,2.20139,-2.75266,-1.32422,1.00895,-1.94565,1.10136,1.16858,2.20139,-0.00128573,0.000398752,0.00109423,-0.00016807,0.000208395,-0.000124134,0.00043583,0,0,0,0,0,0,0,-0.152882,26.7144,-24.7366,7.49881,0.825212,2.51242,0.0194189,-0.185812,2.15318,-3.04117,1.89247,0.181902,0.914553,0.0636791
1730697,0.96,-2.75261,-1.32534,1.01105,-1.94699,1.10108,1.16772,2.20139,-2.75266,-1.32422,1.00895,-1.94565,1.10136,1.16858,2.20139,0.000906085,0.000265835,-0.000384135,-0.00122567,-6.45208e-05,0.000154603,-0.000421524,0,0,0,0,0,0,0,-0.22826,26.7144,-24.689,7.54642,0.830705,2.50601,0.038645,-0.185805,2.15246,-3.04137,1.89314,0.181911,0.914601,0.0628284
1730698,0.96,-2.75261,-1.32534,1.01105,-1.94698,1.10108,1.16771,2.20139,-2.75266,-1.32422,1.00895,-1.94565,1.10136,1.16858,2.20139,4.72444e-05,-0.0010292,0.000300722,0.000946124,-0.000246464,0.000103068,-4.36568e-05,0,0,0,0,0,0,0,-0.204456,26.766,-24.7128,7.47104,0.836199,2.50601,0.0322363,-0.185919,2.15227,-3.04203,1.89394,0.181948,0.914693,0.061979
1730699,0.96,-2.75261,-1.32534,1.01105,-1.94698,1.10108,1.16771,2.20139,-2.75266,-1.32422,1.00895,-1.94565,1.10136,1.16858,2.20139,-0.000618118,0.000520291,-0.000356331,0.00063075,3.91409e-05,6.87123e-05,-0.000537731,0,0,0,0,0,0,0,-0.176685,26.7144,-24.689,7.47104,0.830705,2.50601,0.0459692,-0.187196,2.15322,-3.0429,1.89372,0.181931,0.914769,0.0611362
1730700,0.96,-2.75261,-1.32534,1.01105,-1.94698,1.10108,1.16772,2.20139,-2.75266,-1.32422,1.00895,-1.94565,1.10136,1.16858,2.20139,-0.000412078,0.00034686,-0.000237554,0.0004205,0.000229544,-0.000191551,-0.000833205,0,0,0,0,0,0,0,-0.176685,26.7144,-24.689,7.47104,0.825212,2.51242,0.0587866,-0.187818,2.15359,-3.04325,1.89342,0.181911,0.914768,0.0603201
1730701,0.96,-2.75261,-1.32534,1.01106,-1.94698,1.10108,1.16771,2.20139,-2.75266,-1.32422,1.00895,-1.94565,1.10136,1.16858,2.20139,0.000931707,-0.000325572,0.000955255,0.000280333,-5.04209e-05,0.000109658,0.000427874,0,0,0,0,0,0,0,-0.22826,26.7383,-24.7366,7.47104,0.830705,2.50601,0.0322363,-0.188332,2.15367,-3.04353,1.89312,0.18189,0.914766,0.0595539
1730702,0.96,-2.75261,-1.32534,1.01105,-1.94698,1.10108,1.16771,2.20139,-2.75266,-1.32422,1.00895,-1.94565,1.10136,1.16858,2.20139,6.4326e-05,0.000339764,-0.000476787,0.000186889,-0.000237064,-0.000164253,0.000285249,0,0,0,0,0,0,0,-0.204456,26.7144,-24.689,7.47104,0.836199,2.51242,0.0322363,-0.190047,2.15466,-3.04447,1.89228,0.181838,0.914838,0.0588493
1730703,0.96,-2.75261,-1.32534,1.01105,-1.94698,1.10108,1.16772,2.20139,-2.75266,-1.32422,1.00895,-1.94565,1.10136,1.16858,2.20139,4.2884e-05,-0.00153673,-0.000317858,-0.000525021,-0.000361493,-0.000109502,0.000664884,0,0,0,0,0,0,0,-0.204456,26.7898,-24.689,7.49881,0.841692,2.51242,0.0194189,-0.192052,2.15599,-3.04541,1.89145,0.181816,0.914927,0.0581929
1730704,0.96,-2.75261,-1.32534,1.01105,-1.94698,1.10108,1.16772,2.20139,-2.75266,-1.32422,1.00895,-1.94565,1.10136,1.16858,2.20139,2.85893e-05,0.000738752,0.000344906,0.000856412,0.000369356,0.000401716,-0.00101481,0,0,0,0,0,0,0,-0.204456,26.7144,-24.7128,7.44724,0.825212,2.4996,0.0587866,-0.193668,2.15748,-3.04634,1.89087,0.181847,0.915011,0.0575603
1730705,0.96,-2.75261,-1.32534,1.01105,-1.94698,1.10108,1.16771,2.20139,-2.75266,-1.32422,1.00895,-1.94565,1.10136,1.16858,2.20139,1.90596e-05,0.000492502,0.000229938,1.41291e-05,-0.000160664,-0.000206907,6.94479e-05,0,0,0,0,0,0,0,-0.204456,26.7144,-24.7128,7.47104,0.836199,2.51242,0.038645,-0.194714,2.15834,-3.04721,1.89051,0.181893,0.915091,0.0569475
1730706,0.96,-2.75261,-1.32534,1.01105,-1.94698,1.10108,1.16771,2.20139,-2.75266,-1.32422,1.00895,-1.94565,1.10136,1.16858,2.20139,-0.00119372,0.000977948,0.000153292,-0.000640195,0.000299792,9.9421e-05,0.000521017,0,0,0,0,0,0,0,-0.152882,26.6867,-24.7128,7.49881,0.825212,2.50601,0.0258276,-0.193751,2.15732,-3.04764,1.89135,0.182012,0.915143,0.0563723
1730707,0.96,-2.75261,-1.32534,1.01105,-1.94698,1.10108,1.16771,2.20139,-2.75266,-1.32422,1.00895,-1.94565,1.10136,1.16858,2.20139,-0.000795813,2.35158e-06,-0.000454617,0.00077963,0.000199861,-0.000171078,0.000109985,0,0,0,0,0,0,0,-0.152882,26.7144,-24.689,7.44724,0.825212,2.51242,0.0322363,-0.190302,2.1546,-3.04759,1.8936,0.182235,0.915142,0.0558327
1730708,0.96,-2.75261,-1.32534,1.01105,-1.94698,1.10108,1.16771,2.20138,-2.75266,-1.32422,1.00895,-1.94565,1.10136,1.16858,2.20139,2.62699e-05,1.56772e-06,0.000253734,-3.70589e-05,-7.02097e-05,-0.000351411,-0.00185946,0,0,0,0,0,0,0,-0.176685,26.7144,-24.7128,7.47104,0.830705,2.51882,0.0844213,-0.186741,2.15199,-3.04743,1.89565,0.182446,0.915115,0.0553061
1730709,0.96,-2.75261,-1.32534,1.01105,-1.94698,1.10108,1.16771,2.20139,-2.75266,-1.32422,1.00895,-1.94565,1.10136,1.16858,2.20139,0.000667127,1.04515e-06,-0.000387656,-2.47059e-05,-4.68065e-05,0.000240444,0.000455783,0,0,0,0,0,0,0,-0.204456,26.7144,-24.689,7.47104,0.830705,2.50601,0.038645,-0.185211,2.15073,-3.04753,1.89651,0.182574,0.915138,0.0548027
1730710,0.96,-2.75261,-1.32534,1.01106,-1.94698,1.10108,1.16771,2.20139,-2.75266,-1.32422,1.00895,-1.94565,1.10136,1.16858,2.20139,-0.000204862,6.96764e-07,0.0015048,-1.64706e-05,0.000172246,-7.70631e-05,0.000778574,0,0,0,0,0,0,0,-0.176685,26.7144,-24.7643,7.47104,0.825212,2.51242,0.0258276,-0.185411,2.15078,-3.04838,1.89651,0.182639,0.915251,0.0543553
1730711,0.96,-2.75261,-1.32534,1.01105,-1.94698,1.10108,1.16771,2.20139,-2.75266,-1.32422,1.00895,-1.94565,1.10136,1.16858,2.20139,-0.000693387,-0.000556347,-0.000203226,-0.00121741,-0.00029207,0.000423342,0.000519049,0,0,0,0,0,0,0,-0.152882,26.7383,-24.7128,7.52262,0.836199,2.4996,0.0258276,-0.185259,2.15161,-3.05049,1.89678,0.182734,0.91545,0.0539586
1730712,0.96,-2.75261,-1.32534,1.01106,-1.94698,1.10108,1.16772,2.20139,-2.75266,-1.32422,1.00895,-1.94565,1.10136,1.16858,2.20139,9.4554e-05,-0.000370898,0.00107094,0.000951634,0.000415638,-0.00019249,-0.000637312,0,0,0,0,0,0,0,-0.176685,26.7383,-24.7643,7.44724,0.819719,2.51242,0.0523779,-0.18438,2.1529,-3.05337,1.89743,0.182867,0.915678,0.0535762
1730713,0.96,-2.75261,-1.32534,1.01106,-1.94698,1.10108,1.16772,2.20139,-2.75266,-1.32422,1.00895,-1.94565,1.10136,1.16858,2.20139,0.00071265,-0.000247266,0.000713961,7.76105e-05,0.000277092,-0.000128326,-0.00184903,0,0,0,0,0,0,0,-0.204456,26.7383,-24.7643,7.47104,0.819719,2.51242,0.09083,-0.184957,2.15532,-3.05678,1.89699,0.182906,0.915929,0.0531929
1730714,0.96,-2.75261,-1.32534,1.01105,-1.94698,1.10108,1.16771,2.20139,-2.75266,-1.32422,1.00895,-1.94565,1.10136,1.16858,2.20139,0.0004751,0.000391968,-0.00017364,0.000608552,-0.000222173,-0.00032291,0.000428827,0,0,0,0,0,0,0,-0.204456,26.7144,-24.7366,7.44724,0.830705,2.51882,0.0459692,-0.187487,2.15818,-3.05988,1.8953,0.182818,0.916175,0.0528403
1730715,0.96,-2.75261,-1.32534,1.01106,-1.94698,1.10108,1.16771,2.20139,-2.75266,-1.32422,1.00895,-1.94565,1.10136,1.16858,2.20139,-0.000332881,-0.0002955,0.000533854,0.000405702,-0.000148115,2.20857e-05,0.000285885,0,0,0,0,0,0,0,-0.176685,26.7383,-24.7643,7.44724,0.830705,2.51242,0.0459692,-0.190332,2.16018,-3.06186,1.89336,0.182686,0.91635,0.0525575
1730716,0.96,-2.75261,-1.32534,1.01105,-1.94698,1.10108,1.16771,2.20139,-2.75266,-1.32422,1.00895,-1.94565,1.10136,1.16858,2.20139,0.000984505,0.000359812,-0.000850523,-0.000286344,0.000104707,1.47238e-05,-0.000284128,0,0,0,0,0,0,0,-0.22826,26.7144,-24.7128,7.47104,0.825212,2.51242,0.0587866,-0.192669,2.16115,-3.0628,1.89171,0.182565,0.916458,0.0523401
1730717,0.96,-2.75261,-1.32534,1.01105,-1.94698,1.10108,1.16771,2.20138,-2.75266,-1.32422,1.00895,-1.94565,1.10136,1.16858,2.20139,-0.000550089,0.000239875,-0.00112383,-0.00084051,-0.000133646,9.81587e-06,-0.00137621,0,0,0,0,0,0,0,-0.176685,26.7144,-24.689,7.49881,0.830705,2.51242,0.09083,-0.194039,2.16031,-3.06195,1.89096,0.182508,0.916478,0.0521706
1730718,0.96,-2.75261,-1.32534,1.01105,-1.94698,1.10108,1.16771,2.20139,-2.75266,-1.32422,1.00895,-1.94565,1.10136,1.16858,2.20139,-0.000366726,-0.000396895,-0.000192406,-0.00056034,-0.000292548,0.000243903,0.000506678,0,0,0,0,0,0,0,-0.176685,26.7383,-24.7128,7.49881,0.836199,2.50601,0.0523779,-0.193377,2.15772,-3.05986,1.8917,0.182567,0.916424,0.0520606
1730719,0.96,-2.75261,-1.32534,1.01105,-1.94698,1.10108,1.16771,2.20138,-2.75266,-1.32422,1.00895,-1.94565,1.10136,1.16858,2.20139,0.000961942,0.000941829,0.000428541,0.000276054,8.41867e-06,-0.000312116,-0.000136933,0,0,0,0,0,0,0,-0.22826,26.6867,-24.7366,7.47104,0.830705,2.51882,0.0651953,-0.191959,2.15514,-3.0583,1.89291,0.182667,0.916399,0.0520265
1730720,0.96,-2.75261,-1.32534,1.01105,-1.94698,1.10108,1.16771,2.20138,-2.75266,-1.32422,1.00895,-1.94565,1.10136,1.16858,2.20139,8.44827e-05,-2.1728e-05,0.000285694,0.000740848,5.61245e-06,-0.000445436,-0.00127808,0,0,0,0,0,0,0,-0.204456,26.7144,-24.7366,7.44724,0.830705,2.52523,0.0972387,-0.191954,2.15363,-3.05783,1.89313,0.182682,0.916457,0.0520591
1730721,0.96,-2.75261,-1.32534,1.01105,-1.94698,1.10108,1.16771,2.20138,-2.75266,-1.32422,1.00895,-1.94565,1.10136,1.16858,2.20139,0.000613134,-1.44853e-05,0.000190463,-0.000712527,0.000207192,0.00017776,-0.000139979,0,0,0,0,0,0,0,-0.22826,26.7144,-24.7366,7.49881,0.825212,2.51242,0.0780126,-0.193061,2.15321,-3.05832,1.89255,0.182637,0.91659,0.0521567
1730722,0.96,-2.75261,-1.32534,1.01105,-1.94698,1.10108,1.16771,2.20138,-2.75266,-1.32422,1.00895,-1.94565,1.10136,1.16858,2.20139,-0.00135448,-0.000566469,0.000126975,-0.000475018,-6.53224e-05,-0.000356211,0.00014404,0,0,0,0,0,0,0,-0.152882,26.7383,-24.7366,7.49881,0.830705,2.52523,0.071604,-0.193266,2.15322,-3.05964,1.89253,0.182658,0.916775,0.0523377
1730723,0.96,-2.75261,-1.32534,1.01105,-1.94698,1.10108,1.16771,2.20138,-2.75266,-1.32422,1.00895,-1.94565,1.10136,1.16858,2.20139,0.00086025,-0.000377646,8.46501e-05,0.000332935,-0.000246999,-1.15036e-07,0.000333386,0,0,0,0,0,0,0,-0.22826,26.7383,-24.7366,7.47104,0.836199,2.51882,0.0651953,-0.192366,2.15353,-3.06154,1.89313,0.182748,0.916986,0.0525988
1730724,0.96,-2.75261,-1.32534,1.01106,-1.94698,1.10108,1.16771,2.20138,-2.75266,-1.32422,1.00895,-1.94565,1.10136,1.16858,2.20139,-0.000632926,-0.000901378,0.000706047,-0.000984469,-0.000164666,0.000474641,-0.000964538,0,0,0,0,0,0,0,-0.176685,26.766,-24.7643,7.52262,0.836199,2.50601,0.0972387,-0.191844,2.15477,-3.06406,1.89346,0.182836,0.917241,0.0529151
1730725,0.96,-2.75261,-1.32534,1.01105,-1.94698,1.10108,1.16771,2.20138,-2.75266,-1.32422,1.00895,-1.94565,1.10136,1.16858,2.20139,-0.000421951,0.000605507,-0.000735728,0.000550113,0.000500574,7.90685e-05,-0.000405666,0,0,0,0,0,0,0,-0.176685,26.7144,-24.7128,7.47104,0.819719,2.51242,0.09083,-0.190981,2.15588,-3.06652,1.89401,0.182946,0.917491,0.053278
1730726,0.96,-2.75261,-1.32534,1.01105,-1.94698,1.10108,1.16771,2.20139,-2.75266,-1.32422,1.00895,-1.94565,1.10136,1.16858,2.20139,0.000368313,0.000403672,-0.0010473,0.000923554,0.000130266,0.000290071,0.000441633,0,0,0,0,0,0,0,-0.204456,26.7144,-24.689,7.44724,0.825212,2.50601,0.071604,-0.190011,2.15537,-3.06705,1.89442,0.18302,0.9176,0.0536983
1730727,0.96,-2.75261,-1.32534,1.01105,-1.94699,1.10108,1.16771,2.20139,-2.75266,-1.32422,1.00895,-1.94565,1.10136,1.16858,2.20139,0.000245542,-0.000287698,-0.000141386,-0.00170435,-0.000116607,0.000193381,0.000531781,0,0,0,0,0,0,0,-0.204456,26.7383,-24.7128,7.54642,0.830705,2.50601,0.0651953,-0.189942,2.15384,-3.06583,1.89439,0.183035,0.917605,0.0541749
1730728,0.96,-2.75261,-1.32534,1.01105,-1.94698,1.10108,1.16771,2.20139,-2.75266,-1.32422,1.00895,-1.94565,1.10136,1.16858,2.20139,-0.000485919,0.000365014,-9.42574e-05,0.00118382,-7.77378e-05,-0.000583156,-0.000832274,0,0,0,0,0,0,0,-0.176685,26.7144,-24.7128,7.44724,0.830705,2.52523,0.0972387,-0.18982,2.15233,-3.06474,1.8947,0.183069,0.917632,0.0546852
1730729,0.96,-2.75261,-1.32534,1.01105,-1.94698,1.10108,1.16771,2.20139,-2.75266,-1.32422,1.00895,-1.94565,1.10136,1.16858,2.20139,-0.000880758,-0.000963084,0.000493974,-0.000417214,0.000592435,0.000323306,-0.000554849,0,0,0,0,0,0,0,-0.152882,26.766,-24.7366,7.49881,0.81331,2.50601,0.0972387,-0.189034,2.15153,-3.06483,1.8952,0.183112,0.917702,0.0552136
1730730,0.96,-2.75261,-1.32534,1.01105,-1.94698,1.10108,1.16771,2.20139,-2.75266,-1.32422,1.00895,-1.94565,1.10136,1.16858,2.20139,0.000619254,0.00056437,-0.000784308,-0.000834954,-0.000249303,-2.18216e-05,0.000816895,0,0,0,0,0,0,0,-0.204456,26.7144,-24.689,7.52262,0.830705,2.51242,0.0651953,-0.187801,2.15126,-3.06568,1.89591,0.183166,0.917808,0.055771
1730731,0.96,-2.7526,-1.32534,1.01106,-1.94698,1.10108,1.16771,2.20138,-2.75266,-1.32422,1.00895,-1.94565,1.10136,1.16858,2.20139,0.00152646,0.00102586,0.000590752,-0.000556636,-0.000166202,-1.45477e-05,6.98788e-05,0,0,0,0,0,0,0,-0.252064,26.6867,-24.7366,7.52262,0.830705,2.51242,0.0780126,-0.187469,2.15057,-3.06598,1.89672,0.183196,0.91794,0.0563609
1730732,0.96,-2.75261,-1.32534,1.01105,-1.94698,1.10108,1.16771,2.20138,-2.75266,-1.32422,1.00895,-1.94565,1.10136,1.16858,2.20139,-0.000745598,0.000683907,-0.000719789,0.000835335,9.2649e-05,0.00022766,4.65859e-05,0,0,0,0,0,0,0,-0.176685,26.6867,-24.689,7.47104,0.825212,2.50601,0.0780126,-0.188317,2.1492,-3.06548,1.89714,0.183154,0.918058,0.0569609
1730733,0.96,-2.75261,-1.32534,1.01105,-1.94698,1.10108,1.16772,2.20138,-2.75266,-1.32422,1.00895,-1.94565,1.10136,1.16858,2.20139,-0.000497065,-0.000193676,0.000633764,-0.000649536,-0.000548586,-8.55853e-05,-0.000918379,0,0,0,0,0,0,0,-0.176685,26.7144,-24.7366,7.52262,0.841692,2.51242,0.103647,-0.188352,2.14754,-3.06502,1.89772,0.183112,0.91813,0.057554
1730734,0.96,-2.75261,-1.32534,1.01105,-1.94698,1.10108,1.16771,2.20139,-2.75266,-1.32422,1.00895,-1.94565,1.10136,1.16858,2.20139,-0.000331377,0.000520497,-0.000134302,0.000123788,0.000888888,-0.000294416,0.00104926,0,0,0,0,0,0,0,-0.176685,26.6867,-24.7128,7.49881,0.807817,2.51882,0.0587866,-0.18699,2.14614,-3.06535,1.89888,0.183128,0.918202,0.0581473
1730735,0.96,-2.75261,-1.32534,1.01105,-1.94698,1.10108,1.16771,2.20138,-2.75266,-1.32422,1.00895,-1.94565,1.10136,1.16858,2.20139,0.000428696,0.00090381,-8.95349e-05,0.00128895,-0.000255119,4.10817e-05,-0.000724647,0,0,0,0,0,0,0,-0.204456,26.6629,-24.7128,7.44724,0.830705,2.51242,0.0972387,-0.186001,2.14499,-3.06581,1.89964,0.183107,0.918267,0.0587444
1730736,0.96,-2.75261,-1.32534,1.01105,-1.94698,1.10108,1.16771,2.20139,-2.75266,-1.32422,1.00895,-1.94565,1.10136,1.16858,2.20139,-0.000363817,-0.0011607,0.000497122,-0.000347125,-0.000170079,0.000264747,0.000941056,0,0,0,0,0,0,0,-0.176685,26.7383,-24.7366,7.49881,0.830705,2.50601,0.0587866,-0.186426,2.14472,-3.06639,1.89931,0.183,0.918329,0.0593322
1730737,0.96,-2.75261,-1.32534,1.01105,-1.94698,1.10108,1.16771,2.20139,-2.75266,-1.32422,1.00895,-1.94565,1.10136,1.16858,2.20139,-0.000242544,-0.000773799,0.000331415,-0.000231417,-0.000316837,-6.08611e-05,0.000627371,0,0,0,0,0,0,0,-0.176685,26.7383,-24.7366,7.49881,0.836199,2.51242,0.0587866,-0.187271,2.14633,-3.06843,1.8987,0.18291,0.918468,0.0599015
1730738,0.96,-2.75261,-1.32534,1.01105,-1.94698,1.10108,1.16771,2.20139,-2.75266,-1.32422,1.00895,-1.94565,1.10136,1.16858,2.20139,0.000487918,-0.00116548,-0.000892681,-0.000154278,-7.77386e-06,-0.000277933,0.000418247,0,0,0,0,0,0,0,-0.204456,26.766,-24.689,7.49881,0.830705,2.51882,0.0587866,-0.188419,2.14924,-3.07119,1.89807,0.182866,0.918649,0.0604321
1730739,0.96,-2.75261,-1.32534,1.01105,-1.94699,1.10108,1.16771,2.20138,-2.75266,-1.32422,1.00895,-1.94565,1.10136,1.16858,2.20139,-0.000324335,-0.000127373,-3.83086e-05,-0.00121648,-0.000208633,-0.000185289,4.14724e-05,0,0,0,0,0,0,0,-0.176685,26.7383,-24.7128,7.54642,0.836199,2.51882,0.0651953,-0.189803,2.15198,-3.07319,1.89761,0.182858,0.918808,0.0609013
1730740,0.96,-2.75261,-1.32534,1.01105,-1.94698,1.10108,1.16771,2.20139,-2.75266,-1.32422,1.00895,-1.94565,1.10136,1.16858,2.20139,-0.000773036,-8.4915e-05,0.000531273,-0.000254172,-0.000342539,0.000113833,0.00101099,0,0,0,0,0,0,0,-0.152882,26.7383,-24.7366,7.52262,0.841692,2.51242,0.038645,-0.189575,2.1534,-3.07471,1.89841,0.182948,0.918959,0.0613067
1730741,0.96,-2.75261,-1.32534,1.01105,-1.94698,1.10108,1.16771,2.20139,-2.75266,-1.32422,1.00895,-1.94565,1.10136,1.16858,2.20139,0.000691069,0.000500202,0.000354182,-0.000169448,0.000178542,0.000313248,0.000402728,0,0,0,0,0,0,0,-0.204456,26.7144,-24.7366,7.52262,0.830705,2.50601,0.0459692,-0.188134,2.15375,-3.07624,1.89997,0.183086,0.91912,0.061642
1730742,0.96,-2.75261,-1.32534,1.01105,-1.94698,1.10108,1.16771,2.20139,-2.75266,-1.32422,1.00895,-1.94565,1.10136,1.16858,2.20139,0.000460713,0.000983082,-0.000320691,0.000443847,0.000322478,-2.85271e-05,0.000777111,0,0,0,0,0,0,0,-0.204456,26.6867,-24.7128,7.49881,0.825212,2.51242,0.0322363,-0.187728,2.15338,-3.07697,1.90092,0.183154,0.919251,0.0618886
1730743,0.96,-2.75261,-1.32534,1.01105,-1.94699,1.10108,1.16771,2.20139,-2.75266,-1.32422,1.00895,-1.94565,1.10136,1.16858,2.20139,0.000307142,-0.000551038,0.000343018,-0.000817726,0.000214985,-1.90181e-05,-0.00046527,0,0,0,0,0,0,0,-0.204456,26.7383,-24.7366,7.54642,0.825212,2.51242,0.0587866,-0.18853,2.15259,-3.07683,1.90123,0.183157,0.919344,0.0620325
1730744,0.96,-2.75261,-1.32534,1.01106,-1.94698,1.10108,1.16771,2.20139,-2.75266,-1.32422,1.00895,-1.94565,1.10136,1.16858,2.20139,0.000761573,0.000189453,0.000878293,0.000568473,-6.01269e-05,-1.26787e-05,0.00114788,0,0,0,0,0,0,0,-0.22826,26.7144,-24.7643,7.49881,0.830705,2.51242,0.0194189,-0.190149,2.15272,-3.07732,1.90112,0.183131,0.919474,0.0620753
1730745,0.96,-2.75261,-1.32534,1.01105,-1.94698,1.10108,1.16771,2.20139,-2.75266,-1.32422,1.00895,-1.94565,1.10136,1.16858,2.20139,-4.90966e-05,0.000126302,-6.40855e-05,0.000378982,-4.00846e-05,0.000466265,-0.000218089,0,0,0,0,0,0,0,-0.204456,26.7144,-24.7366,7.49881,0.830705,2.4996,0.0459692,-0.192491,2.1538,-3.07854,1.90044,0.183059,0.919628,0.062024
1730746,0.96,-2.75261,-1.32534,1.01105,-1.94698,1.10108,1.16771,2.20139,-2.75266,-1.32422,1.00895,-1.94565,1.10136,1.16858,2.20139,-0.000682345,-0.00047261,-4.27236e-05,-0.000304157,-2.67231e-05,-0.000163874,0.000600592,0,0,0,0,0,0,0,-0.176685,26.7383,-24.7366,7.52262,0.830705,2.51242,0.0258276,-0.194059,2.15459,-3.07956,1.89998,0.183004,0.919717,0.0618803
1730747,0.96,-2.75261,-1.32534,1.01105,-1.94698,1.10108,1.16771,2.20139,-2.75266,-1.32422,1.00895,-1.94565,1.10136,1.16858,2.20139,0.000751529,0.000241738,-2.84824e-05,0.00156047,0.000185635,-0.00010925,0.000163036,0,0,0,0,0,0,0,-0.22826,26.7144,-24.7366,7.44724,0.825212,2.51242,0.0322363,-0.194947,2.15509,-3.08021,1.89972,0.182971,0.919733,0.0616487
1730748,0.96,-2.75261,-1.32534,1.01106,-1.94698,1.10108,1.16771,2.20139,-2.75266,-1.32422,1.00895,-1.94565,1.10136,1.16858,2.20139,-5.57925e-05,0.000161159,0.000630626,-0.000166115,0.000123757,-7.2833e-05,0.000108691,0,0,0,0,0,0,0,-0.204456,26.7144,-24.7643,7.49881,0.825212,2.51242,0.0322363,-0.19655,2.15578,-3.08077,1.89887,0.182883,0.919727,0.0613356
1730749,0.96,-2.75261,-1.32534,1.01105,-1.94698,1.10108,1.16771,2.20139,-2.75266,-1.32422,1.00895,-1.94565,1.10136,1.16858,2.20139,-0.000686809,-0.000449373,-0.000229197,-0.000110743,8.25045e-05,-0.000285914,0.000547178,0,0,0,0,0,0,0,-0.176685,26.7383,-24.7366,7.49881,0.825212,2.51882,0.0194189,-0.19746,2.15622,-3.08155,1.89849,0.182827,0.919733,0.0609503
1730750,0.95,-2.75261,-1.32534,1.01105,-1.94698,1.10108,1.16771,2.20139,-2.75266,-1.32422,1.00895,-1.94565,1.10136,1.16858,2.20139,-0.00101468,0.000906844,-0.00070961,-7.38289e-05,-0.000148448,-0.00019061,-0.000855918,0,0,0,0,0,0,0,-0.152882,26.6867,-24.7128,7.49881,0.830705,2.51882,0.0523779,-0.195917,2.15521,-3.08181,1.89966,0.182887,0.919695,0.0605013
1730751,0.95,-2.75261,-1.32534,1.01106,-1.94698,1.10108,1.16771,2.20139,-2.75266,-1.32422,1.00895,-1.94565,1.10136,1.16858,2.20139,0.00108678,-4.50512e-05,0.000733353,0.000600395,-0.000505866,-0.000127073,0.000412732,0,0,0,0,0,0,0,-0.22826,26.7144,-24.7643,7.47104,0.841692,2.51882,0.0258276,-0.193598,2.15312,-3.0813,1.90133,0.182973,0.919624,0.0599993
1730752,0.95,-2.75261,-1.32534,1.01105,-1.94698,1.10108,1.16771,2.20139,-2.75266,-1.32422,1.00895,-1.94565,1.10136,1.16858,2.20139,-0.00103872,-3.00341e-05,-0.00127434,-0.000806163,6.9657e-05,0.000152644,-0.000708189,0,0,0,0,0,0,0,-0.152882,26.7144,-24.689,7.52262,0.830705,2.51242,0.0523779,-0.19222,2.15132,-3.08071,1.90255,0.183032,0.919587,0.0594637
1730753,0.95,-2.75261,-1.32534,1.01106,-1.94698,1.10108,1.16771,2.20139,-2.75266,-1.32422,1.00895,-1.94565,1.10136,1.16858,2.20139,0.00107076,-2.00228e-05,0.00091368,-0.000537442,0.000249889,0.000101762,0.000511218,0,0,0,0,0,0,0,-0.22826,26.7144,-24.7643,7.52262,0.825212,2.51242,0.0258276,-0.191096,2.1498,-3.0802,1.90387,0.183122,0.919593,0.0589135
1730754,0.95,-2.75261,-1.32534,1.01105,-1.94698,1.10108,1.16771,2.20139,-2.75266,-1.32422,1.00895,-1.94565,1.10136,1.16858,2.20139,-0.0010494,-0.00057016,-0.00115412,-0.000358295,-0.000443759,6.78416e-05,-0.000405173,0,0,0,0,0,0,0,-0.152882,26.7383,-24.689,7.52262,0.841692,2.51242,0.0459692,-0.190081,2.14875,-3.08008,1.90533,0.183243,0.919649,0.058361
1730755,0.95,-2.75261,-1.32534,1.01105,-1.94698,1.10108,1.16771,2.20139,-2.75266,-1.32422,1.00895,-1.94565,1.10136,1.16858,2.20139,-0.000699599,-0.000380107,-0.0002126,0.000317949,0.000111062,0.000519946,0.000238511,0,0,0,0,0,0,0,-0.152882,26.7383,-24.7128,7.49881,0.830705,2.4996,0.0322363,-0.188665,2.14799,-3.08,1.90679,0.183386,0.919677,0.0578091
1730756,0.95,-2.75261,-1.32534,1.01105,-1.94698,1.10108,1.16771,2.20139,-2.75266,-1.32422,1.00895,-1.94565,1.10136,1.16858,2.20139,-0.000466399,0.000303407,-0.00134816,0.000211966,0.000277492,0.000109271,-7.83517e-05,0,0,0,0,0,0,0,-0.152882,26.7144,-24.6612,7.49881,0.825212,2.50601,0.038645,-0.186694,2.14683,-3.07921,1.90817,0.183532,0.919612,0.057262
1730757,0.94,-2.75261,-1.32534,1.01106,-1.94698,1.10108,1.16771,2.20139,-2.75266,-1.32422,1.00895,-1.94565,1.10136,1.16858,2.20139,0.00145231,-0.00035454,0.00151408,-0.000415501,-1.84561e-05,7.28476e-05,-0.00079822,0,0,0,0,0,0,0,-0.22826,26.7383,-24.7643,7.52262,0.830705,2.50601,0.0587866,-0.18599,2.14615,-3.07849,1.90878,0.183609,0.91956,0.0567239
1730758,0.95,-2.75261,-1.32534,1.01106,-1.94698,1.10108,1.16771,2.20139,-2.75266,-1.32422,1.00895,-1.94565,1.10136,1.16858,2.20139,-0.00144465,-0.00023636,-0.00019704,0.000929425,0.000394597,-0.000426153,-5.74286e-05,0,0,0,0,0,0,0,-0.125111,26.7383,-24.7128,7.47104,0.819719,2.51882,0.0459692,-0.186821,2.14708,-3.07932,1.90854,0.183609,0.919625,0.0562062
1730759,0.96,-2.75261,-1.32534,1.01105,-1.94698,1.10108,1.16771,2.20139,-2.75266,-1.32422,1.00895,-1.94565,1.10136,1.16858,2.20139,-0.000963099,-0.000157574,-0.00013136,-2.99973e-05,-0.000143836,0.000190616,-0.000513004,0,0,0,0,0,0,0,-0.125111,26.7383,-24.7128,7.49881,0.830705,2.50601,0.0587866,-0.186671,2.14828,-3.08093,1.90848,0.183616,0.919693,0.0557281
1730760,0.97,-2.75261,-1.32534,1.01106,-1.94698,1.10108,1.16771,2.20139,-2.75266,-1.32422,1.00895,-1.94565,1.10136,1.16858,2.20139,0.00121397,-0.000105049,0.00167566,-0.00057681,-0.000299341,-0.000110282,-0.000579361,0,0,0,0,0,0,0,-0.204456,26.7383,-24.7881,7.52262,0.836199,2.51242,0.0651953,-0.185638,2.14934,-3.08287,1.9089,0.183648,0.919773,0.0553012
1730761,0.98,-2.75261,-1.32534,1.01106,-1.94698,1.10108,1.16771,2.20138,-2.75266,-1.32422,1.00895,-1.94565,1.10136,1.16858,2.20139,-0.00039711,0.000486779,0.000560298,-0.00038454,0.000410791,-7.35211e-05,-0.000860959,0,0,0,0,0,0,0,-0.152882,26.7144,-24.7643,7.52262,0.819719,2.51242,0.0780126,-0.185388,2.151,-3.08582,1.9093,0.183664,0.919972,0.0549387
1730762,0.98,-2.75261,-1.32534,1.01106,-1.94698,1.10108,1.16771,2.20139,-2.75266,-1.32422,1.00895,-1.94565,1.10136,1.16858,2.20139,0.000292072,-0.000881906,-0.000276082,-0.00025636,-0.000336491,-4.9014e-05,0.000138104,0,0,0,0,0,0,0,-0.176685,26.766,-24.7366,7.52262,0.836199,2.51242,0.0587866,-0.1854,2.15253,-3.08864,1.9098,0.183678,0.920184,0.0546569
1730763,0.98,-2.75261,-1.32534,1.01105,-1.94698,1.10108,1.16771,2.20139,-2.75266,-1.32422,1.00895,-1.94565,1.10136,1.16858,2.20139,-0.000362097,-0.000587938,-0.00129768,0.00103552,0.000182574,-3.2676e-05,0.000329428,0,0,0,0,0,0,0,-0.152882,26.766,-24.689,7.47104,0.825212,2.51242,0.0523779,-0.186017,2.1539,-3.08997,1.90974,0.18366,0.920274,0.0544587
1730764,0.98,-2.75261,-1.32534,1.01106,-1.94698,1.10108,1.16771,2.20138,-2.75266,-1.32422,1.00895,-1.94565,1.10136,1.16858,2.20139,0.00152184,0.00202089,-0.000308307,0.000690346,-0.000285185,0.000215575,-0.00120453,0,0,0,0,0,0,0,-0.22826,26.6629,-24.7128,7.47104,0.836199,2.50601,0.09083,-0.188038,2.15442,-3.089,1.90856,0.183543,0.920203,0.0543311
1730765,0.98,-2.75261,-1.32534,1.01105,-1.94698,1.10108,1.16771,2.20138,-2.75266,-1.32422,1.00895,-1.94565,1.10136,1.16858,2.20139,-0.000191866,0.000140836,-0.00076235,-0.000746195,0.000216778,-9.36423e-05,-9.09463e-05,0,0,0,0,0,0,0,-0.176685,26.7144,-24.689,7.52262,0.825212,2.51242,0.071604,-0.190444,2.15299,-3.08605,1.9073,0.183383,0.920042,0.0542726
1730766,0.98,-2.75261,-1.32534,1.01106,-1.94699,1.10108,1.16771,2.20138,-2.75266,-1.32422,1.00895,-1.94565,1.10136,1.16858,2.20139,0.000521703,9.38909e-05,0.00181182,-0.00105428,-5.89322e-05,-6.24282e-05,-0.00029799,0,0,0,0,0,0,0,-0.204456,26.7144,-24.7881,7.54642,0.830705,2.51242,0.0780126,-0.191506,2.15105,-3.08381,1.90726,0.183315,0.919958,0.054298
1730767,0.98,-2.75261,-1.32534,1.01106,-1.94699,1.10108,1.16771,2.20139,-2.75266,-1.32422,1.00895,-1.94565,1.10136,1.16858,2.20139,0.000347802,-0.000494218,0.000651066,-0.00070285,-3.92881e-05,-4.16188e-05,0.000513417,0,0,0,0,0,0,0,-0.204456,26.7383,-24.7643,7.54642,0.830705,2.51242,0.0587866,-0.191464,2.15074,-3.08448,1.90821,0.183349,0.92007,0.0544079
1730768,0.98,-2.75261,-1.32534,1.01106,-1.94698,1.10108,1.16771,2.20138,-2.75266,-1.32422,1.00895,-1.94565,1.10136,1.16858,2.20139,-0.000417746,-0.000979093,0.000434044,0.000645057,0.000380709,-0.000502464,-0.00131923,0,0,0,0,0,0,0,-0.176685,26.766,-24.7643,7.49881,0.819719,2.52523,0.103647,-0.191515,2.15239,-3.08726,1.90898,0.183394,0.920291,0.0545826
1730769,0.98,-2.75261,-1.32534,1.01105,-1.94698,1.10108,1.16771,2.20138,-2.75266,-1.32422,1.00895,-1.94565,1.10136,1.16858,2.20139,0.000927929,0.000553697,-0.000360251,-0.000126774,0.000253806,-9.76169e-05,6.9946e-05,0,0,0,0,0,0,0,-0.22826,26.7144,-24.7366,7.52262,0.819719,2.51882,0.0780126,-0.192178,2.15472,-3.08998,1.90903,0.183384,0.920476,0.0548125
1730770,0.98,-2.75261,-1.32534,1.01105,-1.94698,1.10108,1.16771,2.20138,-2.75266,-1.32422,1.00895,-1.94565,1.10136,1.16858,2.20139,6.18072e-05,0.00101875,-0.00079698,0.00112191,-0.000441148,0.000172281,-0.000190728,0,0,0,0,0,0,0,-0.204456,26.6867,-24.7128,7.47104,0.836199,2.51242,0.0844213,-0.193462,2.15561,-3.09063,1.90856,0.183297,0.920534,0.0551089
1730771,0.98,-2.75261,-1.32534,1.01106,-1.94698,1.10108,1.16771,2.20139,-2.75266,-1.32422,1.00895,-1.94565,1.10136,1.16858,2.20139,4.12048e-05,-0.000527262,2.54922e-05,9.8326e-05,-9.06479e-05,0.000352213,0.00105964,0,0,0,0,0,0,0,-0.204456,26.7383,-24.7366,7.49881,0.830705,2.50601,0.0523779,-0.194739,2.15498,-3.08947,1.90794,0.18317,0.920473,0.0554706
1730772,0.98,-2.75261,-1.32534,1.01106,-1.94698,1.10108,1.16772,2.20138,-2.75266,-1.32422,1.00895,-1.94565,1.10136,1.16858,2.20139,-0.000622144,-0.000351508,0.00122342,-0.000491261,-0.000263882,-2.55031e-06,-0.000717725,0,0,0,0,0,0,0,-0.176685,26.7383,-24.7881,7.52262,0.836199,2.51242,0.09083,-0.195018,2.15474,-3.08921,1.9078,0.183099,0.920446,0.0558753
1730773,0.98,-2.75261,-1.32534,1.01106,-1.94698,1.10108,1.16771,2.20138,-2.75266,-1.32422,1.00895,-1.94565,1.10136,1.16858,2.20139,0.000234851,-0.000883953,-0.000390812,0.000878918,0.000230979,-1.70021e-06,0.000233593,0,0,0,0,0,0,0,-0.204456,26.766,-24.7366,7.47104,0.825212,2.51242,0.071604,-0.194545,2.15577,-3.09074,1.90807,0.183093,0.920513,0.0562996
1730774,0.98,-2.75261,-1.32534,1.01106,-1.94698,1.10108,1.16771,2.20138,-2.75266,-1.32422,1.00895,-1.94565,1.10136,1.16858,2.20139,0.000713379,0.000617124,-0.000260541,-6.36684e-05,0.000357437,-0.000475851,0.000393088,0,0,0,0,0,0,0,-0.22826,26.7144,-24.7366,7.49881,0.819719,2.52523,0.0651953,-0.194982,2.15722,-3.09215,1.90778,0.183057,0.920576,0.0567362
1730775,0.98,-2.75261,-1.32534,1.01105,-1.94698,1.10108,1.16771,2.20138,-2.75266,-1.32422,1.00895,-1.94565,1.10136,1.16858,2.20139,-8.12257e-05,0.000411416,-0.000730506,-0.000599258,3.48407e-05,0.000157484,-0.000924736,0,0,0,0,0,0,0,-0.204456,26.7144,-24.7128,7.52262,0.825212,2.51242,0.0972387,-0.195761,2.15729,-3.09196,1.9076,0.18301,0.920582,0.0571811
1730776,0.98,-2.75261,-1.32534,1.01105,-1.94698,1.10108,1.16771,2.20138,-2.75266,-1.32422,1.00895,-1.94565,1.10136,1.16858,2.20139,-0.00126058,0.000274277,6.98078e-05,-0.000399505,2.32271e-05,0.000342348,9.5586e-05,0,0,0,0,0,0,0,-0.152882,26.7144,-24.7366,7.52262,0.825212,2.50601,0.0780126,-0.19442,2.15527,-3.09072,1.90897,0.183058,0.920537,0.0576327
1730777,0.98,-2.75261,-1.32534,1.01105,-1.94698,1.10108,1.16771,2.20138,-2.75266,-1.32422,1.00895,-1.94565,1.10136,1.16858,2.20139,-0.000283572,-0.00037396,-0.000510273,-0.000266337,-0.000187966,-9.12692e-06,-0.000410994,0,0,0,0,0,0,0,-0.176685,26.7383,-24.7128,7.52262,0.830705,2.51242,0.09083,-0.190842,2.1524,-3.08957,1.9116,0.1832,0.920475,0.0581007
1730778,0.98,-2.75261,-1.32534,1.01105,-1.94699,1.10108,1.16771,2.20138,-2.75266,-1.32422,1.00895,-1.94565,1.10136,1.16858,2.20139,0.000460566,0.000307505,-0.000340182,-0.00073437,-0.000328761,0.000231274,-3.6637e-05,0,0,0,0,0,0,0,-0.204456,26.7144,-24.7128,7.54642,0.836199,2.50601,0.0844213,-0.187414,2.14994,-3.08866,1.91422,0.183343,0.920425,0.0585888
1730779,0.98,-2.75261,-1.32534,1.01105,-1.94698,1.10108,1.16771,2.20138,-2.75266,-1.32422,1.00895,-1.94565,1.10136,1.16858,2.20139,0.000863856,0.000205003,-0.0007836,6.72321e-05,-0.000219174,-0.000320535,0.000212934,0,0,0,0,0,0,0,-0.22826,26.7144,-24.689,7.52262,0.836199,2.51882,0.0780126,-0.186022,2.14809,-3.08739,1.91592,0.183415,0.920389,0.0590975
1730780,0.98,-2.75261,-1.32534,1.01106,-1.94698,1.10108,1.16771,2.20138,-2.75266,-1.32422,1.00895,-1.94565,1.10136,1.16858,2.20139,-0.00118733,0.000786283,0.000591224,0.000601633,5.73345e-05,2.36689e-05,0.000616674,0,0,0,0,0,0,0,-0.152882,26.6867,-24.7366,7.49881,0.830705,2.51242,0.0651953,-0.185815,2.14653,-3.08605,1.91685,0.183423,0.920354,0.0596242
1730781,0.98,-2.75261,-1.32534,1.01106,-1.94698,1.10108,1.16771,2.20139,-2.75266,-1.32422,1.00895,-1.94565,1.10136,1.16858,2.20139,-0.000791556,-0.00133185,0.000394149,0.0010507,0.000445124,1.57793e-05,-6.36018e-05,0,0,0,0,0,0,0,-0.152882,26.766,-24.7366,7.47104,0.819719,2.51242,0.0780126,-0.185102,2.14593,-3.08608,1.9174,0.183415,0.920346,0.060152
1730782,0.98,-2.75261,-1.32534,1.01105,-1.94698,1.10108,1.16771,2.20138,-2.75266,-1.32422,1.00895,-1.94565,1.10136,1.16858,2.20139,0.000678722,-0.000238287,-0.000850858,5.08546e-05,0.000534108,-0.000226839,-0.000517119,0,0,0,0,0,0,0,-0.204456,26.7383,-24.689,7.49881,0.81331,2.51882,0.09083,-0.185046,2.1472,-3.08742,1.91702,0.183364,0.920381,0.0606587
1730783,0.98,-2.75261,-1.32534,1.01106,-1.94698,1.10108,1.16771,2.20139,-2.75266,-1.32422,1.00895,-1.94565,1.10136,1.16858,2.20139,0.00156611,-0.000158858,0.000546385,3.39031e-05,-8.47373e-05,-0.000151226,0.000842049,0,0,0,0,0,0,0,-0.252064,26.7383,-24.7366,7.49881,0.825212,2.51882,0.0587866,-0.18757,2.14976,-3.08867,1.91537,0.183217,0.920464,0.0611447
1730784,0.98,-2.75261,-1.32534,1.01105,-1.94698,1.10108,1.16771,2.20139,-2.75266,-1.32422,1.00895,-1.94565,1.10136,1.16858,2.20139,-6.95538e-05,0.00110052,-0.000749367,2.26021e-05,-0.000259942,0.0003739,0.000798725,0,0,0,0,0,0,0,-0.204456,26.6867,-24.689,7.49881,0.830705,2.50601,0.0523779,-0.191442,2.15191,-3.08917,1.91342,0.183017,0.920577,0.0616168
1730785,0.98,-2.75261,-1.32534,1.01105,-1.94698,1.10108,1.16771,2.20139,-2.75266,-1.32422,1.00895,-1.94565,1.10136,1.16858,2.20139,0.000510443,-0.00112236,5.7234e-05,0.000664682,3.01558e-05,0.000249267,0.00104111,0,0,0,0,0,0,0,-0.22826,26.766,-24.7128,7.47104,0.825212,2.50601,0.038645,-0.19475,2.15306,-3.08895,1.91189,0.182829,0.920652,0.0620524
1730786,0.98,-2.75261,-1.32534,1.01106,-1.94698,1.10108,1.16771,2.20138,-2.75266,-1.32422,1.00895,-1.94565,1.10136,1.16858,2.20139,-0.00142294,0.000458186,3.8156e-05,0.000443121,-0.000386797,-7.1181e-05,-0.000763989,0,0,0,0,0,0,0,-0.152882,26.7144,-24.7128,7.47104,0.836199,2.51242,0.0780126,-0.196693,2.15405,-3.08893,1.91081,0.182684,0.920693,0.0624166
1730787,0.98,-2.75261,-1.32534,1.01105,-1.94698,1.10108,1.16771,2.20138,-2.75266,-1.32422,1.00895,-1.94565,1.10136,1.16858,2.20139,-0.000948628,-0.000251354,2.54373e-05,-0.000911012,-5.44142e-05,-4.7454e-05,-0.000271967,0,0,0,0,0,0,0,-0.152882,26.7383,-24.7128,7.52262,0.830705,2.51242,0.071604,-0.195514,2.15412,-3.08941,1.91133,0.182675,0.920713,0.0627034
1730788,0.98,-2.75261,-1.32534,1.01105,-1.94698,1.10108,1.16771,2.20139,-2.75266,-1.32422,1.00895,-1.94565,1.10136,1.16858,2.20139,-7.5607e-05,-0.00016757,1.69582e-05,-5.05292e-05,-0.000443177,0.000205723,0.000768124,0,0,0,0,0,0,0,-0.176685,26.7383,-24.7128,7.49881,0.841692,2.50601,0.0459692,-0.191898,2.15317,-3.09004,1.91342,0.182804,0.920732,0.0629356
1730789,0.98,-2.75261,-1.32534,1.01106,-1.94698,1.10108,1.16771,2.20139,-2.75266,-1.32422,1.00895,-1.94565,1.10136,1.16858,2.20139,-5.04047e-05,0.000445099,1.13055e-05,-3.36861e-05,0.00011145,-0.00010021,0.000512083,0,0,0,0,0,0,0,-0.176685,26.7144,-24.7128,7.49881,0.830705,2.51242,0.0459692,-0.188706,2.15231,-3.09058,1.91541,0.182945,0.920763,0.0631241
1730790,0.98,-2.75261,-1.32534,1.01105,-1.94698,1.10108,1.16771,2.20138,-2.75266,-1.32422,1.00895,-1.94565,1.10136,1.16858,2.20139,0.000616011,0.000296733,0.000564349,0.000627157,7.42997e-05,-6.68069e-05,-0.000370688,0,0,0,0,0,0,0,-0.204456,26.7144,-24.7366,7.47104,0.830705,2.51242,0.0651953,-0.187183,2.15178,-3.09094,1.91642,0.183018,0.920804,0.0632567
1730791,0.98,-2.75261,-1.32534,1.01105,-1.94698,1.10108,1.16771,2.20138,-2.75266,-1.32422,1.00895,-1.94565,1.10136,1.16858,2.20139,-0.00023894,0.000847436,-0.000737391,0.000418104,0.000252984,-0.000281897,-0.000484484,0,0,0,0,0,0,0,-0.176685,26.6867,-24.689,7.47104,0.825212,2.51882,0.071604,-0.187174,2.15129,-3.09083,1.91642,0.183011,0.92083,0.0633291
1730792,0.98,-2.75261,-1.32534,1.01105,-1.94698,1.10108,1.16771,2.20139,-2.75266,-1.32422,1.00895,-1.94565,1.10136,1.16858,2.20139,0.000490321,0.00112177,6.52178e-05,-0.000370878,0.000168656,4.94277e-05,0.00113507,0,0,0,0,0,0,0,-0.204456,26.6629,-24.7128,7.49881,0.825212,2.51242,0.0322363,-0.187377,2.14975,-3.08958,1.9163,0.182987,0.920801,0.0633621
1730793,0.98,-2.75261,-1.32534,1.01105,-1.94698,1.10108,1.16771,2.20139,-2.75266,-1.32422,1.00895,-1.94565,1.10136,1.16858,2.20139,0.00032688,-0.00045858,4.34785e-05,-0.000247252,-0.000294464,3.29518e-05,0.000756715,0,0,0,0,0,0,0,-0.204456,26.7144,-24.7128,7.49881,0.836199,2.51242,0.0322363,-0.187555,2.1478,-3.08801,1.91641,0.182985,0.920777,0.0633643
1730794,0.98,-2.75261,-1.32534,1.01106,-1.94698,1.10108,1.16771,2.20139,-2.75266,-1.32422,1.00895,-1.94565,1.10136,1.16858,2.20139,0.00021792,-0.00030572,0.00123541,0.00104159,0.000210592,0.000259327,0.000504477,0,0,0,0,0,0,0,-0.204456,26.7144,-24.7643,7.44724,0.825212,2.50601,0.0322363,-0.188722,2.14776,-3.08797,1.91584,0.182963,0.920845,0.063309
1730795,0.98,-2.75261,-1.32534,1.01105,-1.94698,1.10108,1.16771,2.20138,-2.75266,-1.32422,1.00895,-1.94565,1.10136,1.16858,2.20139,0.00014528,-0.000203813,-0.000382818,0.000137582,0.000140395,-6.44744e-05,-0.000884385,0,0,0,0,0,0,0,-0.204456,26.7144,-24.7128,7.47104,0.825212,2.51242,0.0651953,-0.190899,2.14971,-3.08943,1.91427,0.182889,0.920974,0.0631722
1730796,0.98,-2.75261,-1.32534,1.01105,-1.94698,1.10108,1.16771,2.20139,-2.75266,-1.32422,1.00895,-1.94565,1.10136,1.16858,2.20139,9.68534e-05,-0.000692687,0.0003016,-0.000557892,9.35964e-05,-4.29829e-05,0.000868472,0,0,0,0,0,0,0,-0.204456,26.7383,-24.7366,7.49881,0.825212,2.51242,0.0258276,-0.193003,2.15202,-3.09108,1.91266,0.182827,0.921096,0.0629631
1730797,0.98,-2.75261,-1.32534,1.01105,-1.94698,1.10108,1.16771,2.20139,-2.75266,-1.32422,1.00895,-1.94565,1.10136,1.16858,2.20139,-0.00114186,9.50203e-05,-0.000355745,0.000277686,0.000265848,-0.000266014,0.00081634,0,0,0,0,0,0,0,-0.152882,26.7144,-24.7128,7.47104,0.819719,2.51882,0.0194189,-0.193628,2.1536,-3.09237,1.912,0.182842,0.921179,0.0627031
1730798,0.98,-2.75261,-1.32534,1.01105,-1.94698,1.10108,1.16771,2.20139,-2.75266,-1.32422,1.00895,-1.94565,1.10136,1.16858,2.20139,-0.000204426,6.33469e-05,0.000319648,-0.00046449,-0.00063657,6.00161e-05,-0.000439117,0,0,0,0,0,0,0,-0.176685,26.7144,-24.7366,7.49881,0.841692,2.51242,0.0459692,-0.192173,2.15381,-3.09317,1.91248,0.182931,0.921206,0.0623871
1730799,0.98,-2.75261,-1.32534,1.01105,-1.94698,1.10108,1.16771,2.20139,-2.75266,-1.32422,1.00895,-1.94565,1.10136,1.16858,2.20139,-0.000136284,-0.00116419,-0.000343713,-0.00030966,-1.7479e-05,0.000514729,0.000690599,0,0,0,0,0,0,0,-0.176685,26.766,-24.7128,7.49881,0.830705,2.4996,0.0194189,-0.190033,2.15358,-3.09374,1.91342,0.18305,0.92122,0.0620029
1730800,0.98,-2.75261,-1.32534,1.01106,-1.94698,1.10108,1.16771,2.20139,-2.75266,-1.32422,1.00895,-1.94565,1.10136,1.16858,2.20139,0.000558758,0.00163672,0.00032767,-0.00020644,-1.16526e-05,-0.000131565,-0.000997663,0,0,0,0,0,0,0,-0.204456,26.6629,-24.7366,7.49881,0.830705,2.51242,0.0587866,-0.188608,2.15332,-3.09401,1.91414,0.18315,0.921237,0.0615584
1730801,0.98,-2.75261,-1.32534,1.01106,-1.94698,1.10108,1.16771,2.20139,-2.75266,-1.32422,1.00895,-1.94565,1.10136,1.16858,2.20139,0.000372505,-0.00187852,0.000218447,-0.000137627,-0.000414669,-8.77103e-05,0.000555595,0,0,0,0,0,0,0,-0.204456,26.7898,-24.7366,7.49881,0.841692,2.51242,0.0258276,-0.188422,2.15318,-3.09414,1.91431,0.183198,0.921269,0.0610703
1730802,0.98,-2.75261,-1.32534,1.01106,-1.94698,1.10108,1.16771,2.20139,-2.75266,-1.32422,1.00895,-1.94565,1.10136,1.16858,2.20139,0.000248337,-4.59179e-05,-0.000411181,-9.17511e-05,0.000130455,-5.84735e-05,-0.000104321,0,0,0,0,0,0,0,-0.204456,26.7383,-24.7128,7.49881,0.830705,2.51242,0.038645,-0.18973,2.15435,-3.09474,1.91361,0.183204,0.92133,0.0605548
1730803,0.98,-2.75261,-1.32534,1.01105,-1.94698,1.10108,1.16771,2.20139,-2.75266,-1.32422,1.00895,-1.94565,1.10136,1.16858,2.20139,0.000165558,-3.06119e-05,-0.000274121,-0.000617979,8.69698e-05,0.000435736,0.00040517,0,0,0,0,0,0,0,-0.204456,26.7383,-24.7128,7.52262,0.830705,2.4996,0.0258276,-0.191342,2.15558,-3.09494,1.91276,0.183216,0.921356,0.0600212
1730804,0.98,-2.75261,-1.32534,1.01106,-1.94698,1.10108,1.16771,2.20139,-2.75266,-1.32422,1.00895,-1.94565,1.10136,1.16858,2.20139,-0.00109605,0.000536404,0.000374065,0.000144826,5.79799e-05,5.31314e-05,-0.000204604,0,0,0,0,0,0,0,-0.152882,26.7144,-24.7366,7.49881,0.830705,2.50601,0.038645,-0.191374,2.15527,-3.09442,1.91287,0.183287,0.921315,0.0594732
1730805,0.98,-2.75261,-1.32534,1.01106,-1.94698,1.10108,1.16771,2.20139,-2.75266,-1.32422,1.00895,-1.94565,1.10136,1.16858,2.20139,-0.000730703,-0.000848823,-0.000307435,9.65505e-05,0.000242104,-0.000201938,-0.00040767,0,0,0,0,0,0,0,-0.152882,26.766,-24.7128,7.49881,0.825212,2.51242,0.0459692,-0.189423,2.15409,-3.09401,1.91386,0.183418,0.921225,0.0589123
1730806,0.98,-2.75261,-1.32534,1.01105,-1.94698,1.10108,1.16771,2.20139,-2.75266,-1.32422,1.00895,-1.94565,1.10136,1.16858,2.20139,0.000719291,8.37318e-05,0.000351855,0.000713981,-0.000448949,-0.000134625,-5.12815e-07,0,0,0,0,0,0,0,-0.204456,26.7383,-24.7366,7.47104,0.841692,2.51242,0.038645,-0.187774,2.1536,-3.09399,1.91438,0.183513,0.921125,0.058345
1730807,0.98,-2.75261,-1.32534,1.01105,-1.94698,1.10108,1.16771,2.20139,-2.75266,-1.32422,1.00895,-1.94565,1.10136,1.16858,2.20139,-0.000726899,0.000612633,-0.000879054,-0.000730439,-9.58488e-05,0.000147609,-3.41877e-07,0,0,0,0,0,0,0,-0.152882,26.7144,-24.689,7.52262,0.836199,2.50601,0.038645,-0.187224,2.15327,-3.0936,1.91432,0.183558,0.921016,0.0577867
1730808,0.98,-2.75261,-1.32534,1.01105,-1.94698,1.10108,1.16771,2.20139,-2.75266,-1.32422,1.00895,-1.94565,1.10136,1.16858,2.20139,7.22128e-05,0.00105804,0.000527588,6.98529e-05,-0.00026735,9.84058e-05,-0.000508854,0,0,0,0,0,0,0,-0.176685,26.6867,-24.7366,7.49881,0.841692,2.50601,0.0523779,-0.18586,2.15137,-3.0922,1.915,0.183647,0.920866,0.0572481
1730809,0.98,-2.75261,-1.32534,1.01105,-1.94698,1.10108,1.16771,2.20139,-2.75266,-1.32422,1.00895,-1.94565,1.10136,1.16858,2.20139,4.81419e-05,5.57434e-05,-0.00141151,4.65686e-05,0.000635569,-0.000171755,-0.000101877,0,0,0,0,0,0,0,-0.176685,26.7144,-24.6612,7.49881,0.819719,2.51242,0.0459692,-0.18418,2.14848,-3.09005,1.91602,0.183758,0.920684,0.0567341
1730810,0.98,-2.75261,-1.32534,1.01105,-1.94698,1.10108,1.16771,2.20139,-2.75266,-1.32422,1.00895,-1.94565,1.10136,1.16858,2.20139,3.20946e-05,0.000686776,-0.000291394,0.00068066,1.68116e-05,0.000122856,0.000678067,0,0,0,0,0,0,0,-0.176685,26.6867,-24.689,7.47104,0.830705,2.50601,0.0258276,-0.183606,2.14574,-3.08721,1.9163,0.183817,0.92046,0.0562506
1730811,0.98,-2.75261,-1.32534,1.01106,-1.94698,1.10108,1.16771,2.20139,-2.75266,-1.32422,1.00895,-1.94565,1.10136,1.16858,2.20139,-0.000535416,-0.000191763,0.00156897,-0.000752653,-0.000192243,-0.000155455,-0.000293941,0,0,0,0,0,0,0,-0.152882,26.7144,-24.7643,7.52262,0.836199,2.51242,0.0459692,-0.183288,2.14395,-3.08534,1.91631,0.183864,0.920291,0.0557957
1730812,0.98,-2.75261,-1.32534,1.01105,-1.94698,1.10108,1.16771,2.20139,-2.75266,-1.32422,1.00895,-1.94565,1.10136,1.16858,2.20139,0.000199868,0.000521772,-0.000717255,0.000704657,0.000278739,0.000133722,0.000787384,0,0,0,0,0,0,0,-0.176685,26.6867,-24.689,7.47104,0.825212,2.50601,0.0194189,-0.182626,2.14342,-3.08543,1.91648,0.183932,0.920245,0.0553572
1730813,0.98,-2.75261,-1.32534,1.01105,-1.94698,1.10108,1.16771,2.20139,-2.75266,-1.32422,1.00895,-1.94565,1.10136,1.16858,2.20139,0.000782859,-0.000858578,7.86422e-05,0.000469772,-1.76244e-05,8.91481e-05,-0.000458422,0,0,0,0,0,0,0,-0.204456,26.7383,-24.7128,7.47104,0.830705,2.50601,0.0459692,-0.183386,2.14407,-3.08588,1.91571,0.183936,0.920223,0.0549187
1730814,0.98,-2.75261,-1.32534,1.01105,-1.94698,1.10108,1.16771,2.20139,-2.75266,-1.32422,1.00895,-1.94565,1.10136,1.16858,2.20139,-0.000127708,-1.55734e-05,5.24282e-05,-0.000336433,-1.17496e-05,0.000296791,0.00067773,0,0,0,0,0,0,0,-0.176685,26.7144,-24.7128,7.49881,0.830705,2.4996,0.0194189,-0.185853,2.14595,-3.08643,1.91388,0.183872,0.920208,0.0544708
1730815,0.98,-2.75261,-1.32534,1.01105,-1.94698,1.10108,1.16771,2.20139,-2.75266,-1.32422,1.00895,-1.94565,1.10136,1.16858,2.20139,-8.51384e-05,-0.000567194,-0.00052186,-0.000224289,-7.83307e-06,-3.94983e-05,-0.000531524,0,0,0,0,0,0,0,-0.176685,26.7383,-24.689,7.49881,0.830705,2.50601,0.0459692,-0.187828,2.14797,-3.08715,1.91245,0.183849,0.920198,0.0540148
1730816,0.98,-2.75261,-1.32534,1.01105,-1.94698,1.10108,1.16771,2.20138,-2.75266,-1.32422,1.00895,-1.94565,1.10136,1.16858,2.20139,0.000592855,0.000178682,0.000208905,-0.000706338,0.000198228,-2.63322e-05,-0.00225322,0,0,0,0,0,0,0,-0.204456,26.7144,-24.7128,7.52262,0.825212,2.50601,0.0972387,-0.188865,2.14936,-3.0876,1.91181,0.183882,0.920171,0.0535544
1730817,0.98,-2.75261,-1.32534,1.01105,-1.94698,1.10108,1.16771,2.20138,-2.75266,-1.32422,1.00895,-1.94565,1.10136,1.16858,2.20139,-0.000254377,-0.0010873,-0.000417542,0.000735534,-0.000274749,-0.000254914,-0.000552712,0,0,0,0,0,0,0,-0.176685,26.766,-24.689,7.47104,0.836199,2.51242,0.071604,-0.189915,2.15078,-3.08803,1.91126,0.183911,0.920147,0.0531229
1730818,0.98,-2.75261,-1.32534,1.01105,-1.94698,1.10108,1.16771,2.20138,-2.75266,-1.32422,1.00895,-1.94565,1.10136,1.16858,2.20139,0.000480029,-7.52555e-05,-0.000278361,0.00104717,0.000223735,6.74165e-05,-0.000605833,0,0,0,0,0,0,0,-0.204456,26.7383,-24.689,7.44724,0.825212,2.50601,0.0780126,-0.191737,2.1528,-3.08842,1.9099,0.183874,0.920091,0.0527762
1730819,0.98,-2.75261,-1.32534,1.01105,-1.94698,1.10108,1.16771,2.20139,-2.75266,-1.32422,1.00895,-1.94565,1.10136,1.16858,2.20139,0.000320019,0.000506642,-0.000185574,-0.00106513,-5.42937e-05,4.49443e-05,0.00105417,0,0,0,0,0,0,0,-0.204456,26.7144,-24.689,7.52262,0.830705,2.50601,0.038645,-0.193827,2.15441,-3.08823,1.90826,0.183798,0.919995,0.0525459
1730820,0.98,-2.75261,-1.32534,1.01105,-1.94698,1.10108,1.16771,2.20138,-2.75266,-1.32422,1.00895,-1.94565,1.10136,1.16858,2.20139,0.000213346,0.000987375,-0.000123716,0.000496342,0.000608064,2.99629e-05,-0.00123,0,0,0,0,0,0,0,-0.204456,26.6867,-24.689,7.47104,0.81331,2.50601,0.09083,-0.194774,2.15418,-3.08714,1.90764,0.183765,0.919878,0.0524248
1730821,0.98,-2.75261,-1.32534,1.01105,-1.94698,1.10108,1.16772,2.20138,-2.75266,-1.32422,1.00895,-1.94565,1.10136,1.16858,2.20139,-0.000507383,8.63606e-06,-8.24774e-05,0.000330895,-0.000238884,0.000257334,-0.000819999,0,0,0,0,0,0,0,-0.176685,26.7144,-24.689,7.47104,0.830705,2.4996,0.09083,-0.194456,2.1526,-3.08559,1.90778,0.183754,0.919731,0.05239
1730822,0.98,-2.75261,-1.32534,1.01105,-1.94698,1.10108,1.16771,2.20138,-2.75266,-1.32422,1.00895,-1.94565,1.10136,1.16858,2.20139,-0.000338255,-0.000551055,-0.000704599,-0.000985829,-0.000159256,-6.58028e-05,-7.19478e-05,0,0,0,0,0,0,0,-0.176685,26.7383,-24.6612,7.52262,0.830705,2.50601,0.0780126,-0.19302,2.15089,-3.08419,1.90845,0.183778,0.919564,0.0524462
1730823,0.98,-2.75261,-1.32534,1.01105,-1.94698,1.10108,1.16771,2.20138,-2.75266,-1.32422,1.00895,-1.94565,1.10136,1.16858,2.20139,-0.000225504,-0.00036737,0.000736693,-0.00065722,9.72799e-05,-4.38685e-05,0.000189394,0,0,0,0,0,0,0,-0.176685,26.7383,-24.7128,7.52262,0.825212,2.50601,0.071604,-0.190566,2.14973,-3.08357,1.90991,0.183881,0.919437,0.052607
1730824,0.98,-2.75261,-1.32534,1.01105,-1.94698,1.10108,1.16771,2.20138,-2.75266,-1.32422,1.00895,-1.94565,1.10136,1.16858,2.20139,-0.000150336,0.000311899,0.000491129,0.000768279,6.48533e-05,-0.000266605,-0.000823173,0,0,0,0,0,0,0,-0.176685,26.7144,-24.7128,7.47104,0.825212,2.51242,0.0972387,-0.188101,2.14952,-3.08418,1.91141,0.183985,0.919388,0.0528609
1730825,0.98,-2.75261,-1.32534,1.01106,-1.94698,1.10108,1.16771,2.20138,-2.75266,-1.32422,1.00895,-1.94565,1.10136,1.16858,2.20139,0.00054939,0.000207933,0.000884231,0.00162581,4.32355e-05,0.000296981,0.000163295,0,0,0,0,0,0,0,-0.204456,26.7144,-24.7366,7.42344,0.825212,2.4996,0.0780126,-0.18728,2.15043,-3.0856,1.9115,0.183954,0.919378,0.0531918
1730826,0.98,-2.75261,-1.32534,1.01105,-1.94698,1.10108,1.16771,2.20138,-2.75266,-1.32422,1.00895,-1.94565,1.10136,1.16858,2.20139,-0.000283354,-0.00041819,0.000589487,-2.97504e-05,2.88237e-05,0.000197988,0.000346222,0,0,0,0,0,0,0,-0.176685,26.7383,-24.7366,7.47104,0.825212,2.4996,0.071604,-0.188306,2.15241,-3.08747,1.91008,0.183791,0.919381,0.0535937
1730827,0.98,-2.75261,-1.32534,1.01105,-1.94698,1.10108,1.16771,2.20138,-2.75266,-1.32422,1.00895,-1.94565,1.10136,1.16858,2.20139,0.000460711,-0.000278794,-0.00016382,-0.00122626,-0.000184235,-0.000105367,-6.54425e-06,0,0,0,0,0,0,0,-0.204456,26.7383,-24.7128,7.52262,0.830705,2.50601,0.0780126,-0.189314,2.15451,-3.08937,1.90888,0.183656,0.919393,0.054053
1730828,0.98,-2.75261,-1.32534,1.01105,-1.94698,1.10108,1.16771,2.20138,-2.75266,-1.32422,1.00895,-1.94565,1.10136,1.16858,2.20139,-0.000899285,0.00037095,-0.000666025,-0.000817506,-0.000122823,-0.000307604,-4.36284e-06,0,0,0,0,0,0,0,-0.152882,26.7144,-24.689,7.52262,0.830705,2.51242,0.0780126,-0.188655,2.155,-3.09007,1.90929,0.183654,0.919354,0.0545493
1730829,0.98,-2.75261,-1.32534,1.01106,-1.94698,1.10108,1.16771,2.20138,-2.75266,-1.32422,1.00895,-1.94565,1.10136,1.16858,2.20139,-4.27114e-05,0.0002473,0.000669607,1.18077e-05,0.000121568,-0.000205069,-0.000952344,0,0,0,0,0,0,0,-0.176685,26.7144,-24.7366,7.49881,0.825212,2.51242,0.103647,-0.186245,2.15363,-3.08956,1.91102,0.183745,0.919245,0.0550703
1730830,0.98,-2.75261,-1.32534,1.01105,-1.94698,1.10108,1.16771,2.20139,-2.75266,-1.32422,1.00895,-1.94565,1.10136,1.16858,2.20139,0.00062114,-0.00104156,-0.000667219,7.87182e-06,8.10456e-05,0.000100646,0.00031454,0,0,0,0,0,0,0,-0.204456,26.766,-24.689,7.49881,0.825212,2.50601,0.0780126,-0.184512,2.15259,-3.08896,1.91224,0.183794,0.919133,0.0556142
1730831,0.98,-2.75261,-1.32534,1.01105,-1.94698,1.10108,1.16772,2.20138,-2.75266,-1.32422,1.00895,-1.94565,1.10136,1.16858,2.20139,0.000414093,0.000512053,-0.000444813,0.00121167,5.40304e-05,0.000541815,-0.000265025,0,0,0,0,0,0,0,-0.204456,26.7144,-24.689,7.44724,0.825212,2.49319,0.09083,-0.185454,2.15286,-3.08804,1.91164,0.183709,0.919003,0.0561844
1730832,0.98,-2.75261,-1.32534,1.01105,-1.94698,1.10108,1.16771,2.20138,-2.75266,-1.32422,1.00895,-1.94565,1.10136,1.16858,2.20139,0.000832874,-0.000865057,0.00026027,-0.000398643,-0.00016743,-0.000113508,6.06757e-05,0,0,0,0,0,0,0,-0.22826,26.766,-24.7128,7.49881,0.830705,2.50601,0.0844213,-0.18838,2.15389,-3.08675,1.90968,0.183515,0.918847,0.0567798
1730833,0.98,-2.75261,-1.32534,1.01105,-1.94698,1.10108,1.16771,2.20138,-2.75266,-1.32422,1.00895,-1.94565,1.10136,1.16858,2.20139,-0.000651177,0.000629721,-0.000383299,0.000383852,-0.000518521,-0.000313031,4.04505e-05,0,0,0,0,0,0,0,-0.176685,26.7144,-24.689,7.47104,0.841692,2.51242,0.0844213,-0.191188,2.155,-3.08574,1.90783,0.183331,0.918708,0.057399
1730834,0.98,-2.75261,-1.32534,1.01105,-1.94698,1.10108,1.16771,2.20139,-2.75266,-1.32422,1.00895,-1.94565,1.10136,1.16858,2.20139,-0.000434118,0.000419814,0.00030128,0.000255901,6.12202e-05,-0.000208687,2.6967e-05,0,0,0,0,0,0,0,-0.176685,26.7144,-24.7128,7.47104,0.830705,2.51242,0.0844213,-0.191867,2.15486,-3.0847,1.90718,0.183239,0.91855,0.0580395
1730835,0.98,-2.75261,-1.32534,1.01105,-1.94698,1.10108,1.16771,2.20138,-2.75266,-1.32422,1.00895,-1.94565,1.10136,1.16858,2.20139,-0.000289412,0.000279876,-0.000355959,0.000170601,0.000447715,-0.000139125,0.000255337,0,0,0,0,0,0,0,-0.176685,26.7144,-24.689,7.47104,0.819719,2.51242,0.0780126,-0.190682,2.15347,-3.0835,1.90747,0.183222,0.918373,0.0586921
1730836,0.98,-2.75261,-1.32534,1.01105,-1.94698,1.10108,1.16771,2.20139,-2.75266,-1.32422,1.00895,-1.94565,1.10136,1.16858,2.20139,-0.000192941,-0.000370228,-0.00088692,-0.00053588,9.50258e-05,-9.27498e-05,0.000882301,0,0,0,0,0,0,0,-0.176685,26.7383,-24.6612,7.49881,0.825212,2.51242,0.0587866,-0.188937,2.1517,-3.08201,1.90814,0.183249,0.918194,0.0593431
1730837,0.98,-2.75261,-1.32534,1.01105,-1.94698,1.10108,1.16771,2.20139,-2.75266,-1.32422,1.00895,-1.94565,1.10136,1.16858,2.20139,0.000520986,-0.000246819,0.00117196,-0.000357253,-0.0001401,0.000412885,0.00082556,0,0,0,0,0,0,0,-0.204456,26.7383,-24.7366,7.49881,0.830705,2.4996,0.0523779,-0.187545,2.15059,-3.08089,1.90882,0.183298,0.918075,0.0599698
1730838,0.98,-2.75261,-1.32534,1.01105,-1.94698,1.10108,1.16771,2.20138,-2.75266,-1.32422,1.00895,-1.94565,1.10136,1.16858,2.20139,-0.00030229,-0.000164546,-0.000332319,-0.000238169,-9.34e-05,3.78975e-05,-0.000161704,0,0,0,0,0,0,0,-0.176685,26.7383,-24.689,7.49881,0.830705,2.50601,0.071604,-0.186822,2.15077,-3.08104,1.9093,0.183342,0.918068,0.0605415
1730839,0.98,-2.75261,-1.32534,1.01105,-1.94698,1.10108,1.16771,2.20138,-2.75266,-1.32422,1.00895,-1.94565,1.10136,1.16858,2.20139,-0.000201526,0.000447115,-0.00087116,-0.000158779,-6.22667e-05,-0.000212094,-0.00058252,0,0,0,0,0,0,0,-0.176685,26.7144,-24.6612,7.49881,0.830705,2.51242,0.0844213,-0.185964,2.15073,-3.08097,1.90988,0.183391,0.918052,0.0610407
1730840,0.98,-2.75261,-1.32534,1.01105,-1.94698,1.10108,1.16771,2.20139,-2.75266,-1.32422,1.00895,-1.94565,1.10136,1.16858,2.20139,-0.000691163,0.00094769,6.88408e-05,-0.000105853,-0.000244962,-0.000141396,0.00154443,0,0,0,0,0,0,0,-0.152882,26.6867,-24.689,7.49881,0.836199,2.51242,0.0322363,-0.184094,2.14905,-3.07955,1.91104,0.183467,0.91795,0.0614815
1730841,0.98,-2.75261,-1.32534,1.01105,-1.94698,1.10108,1.16771,2.20139,-2.75266,-1.32422,1.00895,-1.94565,1.10136,1.16858,2.20139,0.000745651,-0.000574632,0.00115952,0.000579045,0.000243593,-9.4264e-05,0.000283637,0,0,0,0,0,0,0,-0.204456,26.7383,-24.7366,7.47104,0.825212,2.51242,0.0523779,-0.182335,2.14748,-3.07853,1.912,0.183523,0.917879,0.061869
1730842,0.98,-2.75261,-1.32534,1.01105,-1.94698,1.10108,1.16771,2.20139,-2.75266,-1.32422,1.00895,-1.94565,1.10136,1.16858,2.20139,-0.000152514,0.000173724,0.0002162,0.00038603,-4.1055e-05,0.000411875,0.00042645,0,0,0,0,0,0,0,-0.176685,26.7144,-24.7128,7.47104,0.830705,2.4996,0.0459692,-0.182458,2.14806,-3.07921,1.91162,0.183489,0.917925,0.0621763
1730843,0.98,-2.75261,-1.32534,1.01105,-1.94698,1.10108,1.16771,2.20138,-2.75266,-1.32422,1.00895,-1.94565,1.10136,1.16858,2.20139,-0.000101676,-0.000440996,-0.00106229,-0.00039226,0.000176081,3.72245e-05,-0.00113985,0,0,0,0,0,0,0,-0.176685,26.7383,-24.6612,7.49881,0.825212,2.50601,0.0844213,-0.183458,2.14939,-3.07999,1.91061,0.183424,0.917973,0.0623887
1730844,0.98,-2.75261,-1.32534,1.01105,-1.94698,1.10108,1.16771,2.20139,-2.75266,-1.32422,1.00895,-1.94565,1.10136,1.16858,2.20139,0.00113864,0.000262815,0.000498231,-0.000818319,-0.000289514,2.48164e-05,0.00188495,0,0,0,0,0,0,0,-0.22826,26.7144,-24.7128,7.52262,0.836199,2.50601,0.0130102,-0.184476,2.15015,-3.07978,1.90992,0.183393,0.917978,0.0625254
1730845,0.97,-2.75261,-1.32534,1.01105,-1.94698,1.10108,1.16771,2.20139,-2.75266,-1.32422,1.00895,-1.94565,1.10136,1.16858,2.20139,-0.000447331,-0.000381602,0.000332154,0.00066088,0.000213892,0.000253903,-0.000201426,0,0,0,0,0,0,0,-0.176685,26.7383,-24.7128,7.47104,0.825212,2.4996,0.0523779,-0.185927,2.15112,-3.07974,1.90925,0.183366,0.918011,0.0626005
1730846,0.97,-2.75261,-1.32534,1.01105,-1.94698,1.10108,1.16771,2.20139,-2.75266,-1.32422,1.00895,-1.94565,1.10136,1.16858,2.20139,0.000351393,-0.000254401,0.000221436,0.000440587,-6.08561e-05,0.000169269,0.000611701,0,0,0,0,0,0,0,-0.204456,26.7383,-24.7128,7.47104,0.830705,2.4996,0.0322363,-0.1876,2.15279,-3.08043,1.90817,0.183311,0.918053,0.0625981
1730847,0.97,-2.75261,-1.32534,1.01105,-1.94698,1.10108,1.16771,2.20138,-2.75266,-1.32422,1.00895,-1.94565,1.10136,1.16858,2.20139,0.000234262,-0.000169601,0.000147624,0.000293724,-0.000244021,-0.000361872,-0.00105026,0,0,0,0,0,0,0,-0.204456,26.7383,-24.7128,7.47104,0.836199,2.51242,0.071604,-0.189576,2.15489,-3.08135,1.90665,0.183225,0.918071,0.0625104
1730848,0.97,-2.75261,-1.32534,1.01105,-1.94698,1.10108,1.16772,2.20139,-2.75266,-1.32422,1.00895,-1.94565,1.10136,1.16858,2.20139,0.000156175,-0.000113067,-0.000458396,-0.000453798,4.07697e-05,0.000470829,0.000995247,0,0,0,0,0,0,0,-0.204456,26.7383,-24.689,7.49881,0.830705,2.49319,0.0258276,-0.191448,2.15659,-3.08184,1.90528,0.183154,0.918054,0.0623569
1730849,0.97,-2.75261,-1.32534,1.01105,-1.94698,1.10108,1.16771,2.20139,-2.75266,-1.32422,1.00895,-1.94565,1.10136,1.16858,2.20139,0.000104116,0.00113105,-0.000305597,0.000347082,0.00023063,7.65269e-05,0.000426139,0,0,0,0,0,0,0,-0.204456,26.6867,-24.689,7.47104,0.825212,2.4996,0.0322363,-0.192378,2.15673,-3.08112,1.90466,0.183136,0.917956,0.0621585
1730850,0.98,-2.75261,-1.32534,1.01105,-1.94698,1.10108,1.16771,2.20139,-2.75266,-1.32422,1.00895,-1.94565,1.10136,1.16858,2.20139,-0.000580203,-0.00110201,-0.000203732,0.0007882,-4.9697e-05,-0.0004237,-0.000461893,0,0,0,0,0,0,0,-0.176685,26.766,-24.689,7.44724,0.830705,2.51242,0.0523779,-0.192527,2.15583,-3.07961,1.90439,0.183138,0.917778,0.0619102
1730851,0.98,-2.75261,-1.32534,1.01105,-1.94698,1.10108,1.16771,2.20139,-2.75266,-1.32422,1.00895,-1.94565,1.10136,1.16858,2.20139,-0.000943614,0.000471754,-0.000135821,-3.13452e-05,0.00037377,-4.51077e-05,0.000438057,0,0,0,0,0,0,0,-0.152882,26.7144,-24.689,7.47104,0.819719,2.50601,0.0322363,-0.191746,2.15505,-3.07846,1.9043,0.183162,0.917574,0.0616079
1730852,0.98,-2.75261,-1.32534,1.01105,-1.94698,1.10108,1.16771,2.20139,-2.75266,-1.32422,1.00895,-1.94565,1.10136,1.16858,2.20139,0.00057735,-0.000242309,-0.00129697,0.000535915,4.57293e-05,-0.00050479,-0.000216588,0,0,0,0,0,0,0,-0.204456,26.7383,-24.6374,7.44724,0.825212,2.51882,0.0459692,-0.190349,2.154,-3.07706,1.90447,0.183206,0.917347,0.061265
1730853,0.98,-2.75261,-1.32534,1.01105,-1.94698,1.10108,1.16771,2.20139,-2.75266,-1.32422,1.00895,-1.94565,1.10136,1.16858,2.20139,0.000941712,-0.00016154,0.000341777,0.000357277,3.04862e-05,0.000138191,0.000838952,0,0,0,0,0,0,0,-0.22826,26.7383,-24.689,7.44724,0.825212,2.50601,0.0194189,-0.190647,2.15334,-3.07516,1.90377,0.183174,0.917138,0.0608864
1730854,0.98,-2.75261,-1.32534,1.01105,-1.94698,1.10108,1.16771,2.20139,-2.75266,-1.32422,1.00895,-1.94565,1.10136,1.16858,2.20139,7.0996e-05,0.000449119,0.000227851,-0.000318627,0.000223775,9.21276e-05,-0.000424043,0,0,0,0,0,0,0,-0.204456,26.7144,-24.689,7.47104,0.819719,2.50601,0.0459692,-0.192539,2.1537,-3.0739,1.90234,0.183073,0.917033,0.0604728
1730855,0.98,-2.75261,-1.32534,1.01105,-1.94698,1.10108,1.16771,2.20139,-2.75266,-1.32422,1.00895,-1.94565,1.10136,1.16858,2.20139,-0.000602283,0.000299413,0.000708713,0.000344394,0.000149183,6.14184e-05,0.00046329,0,0,0,0,0,0,0,-0.176685,26.7144,-24.7128,7.44724,0.819719,2.50601,0.0258276,-0.193299,2.15389,-3.07366,1.90165,0.183008,0.917017,0.0600276
1730856,0.98,-2.75261,-1.32534,1.01105,-1.94698,1.10108,1.16771,2.20139,-2.75266,-1.32422,1.00895,-1.94565,1.10136,1.16858,2.20139,-0.000958334,0.000199608,-0.00129076,-0.000327216,-0.000103995,4.09456e-05,-0.000674484,0,0,0,0,0,0,0,-0.152882,26.7144,-24.6374,7.47104,0.825212,2.50601,0.0523779,-0.191706,2.15295,-3.07346,1.90221,0.183018,0.916985,0.0595549
1730857,0.99,-2.75261,-1.32534,1.01105,-1.94698,1.10108,1.16771,2.20139,-2.75266,-1.32422,1.00895,-1.94565,1.10136,1.16858,2.20139,0.000567536,0.000133072,-0.000303696,-0.00142457,-0.000272781,2.72971e-05,-0.000687015,0,0,0,0,0,0,0,-0.204456,26.7144,-24.6612,7.52262,0.830705,2.50601,0.0587866,-0.188599,2.1507,-3.0722,1.90384,0.183101,0.916892,0.0590634
1730858,0.99,-2.75261,-1.32534,1.01105,-1.94698,1.10108,1.16771,2.20139,-2.75266,-1.32422,1.00895,-1.94565,1.10136,1.16858,2.20139,-0.000271256,8.87148e-05,0.00044715,-0.000392901,-0.000181854,0.000255557,0.000525334,0,0,0,0,0,0,0,-0.176685,26.7144,-24.689,7.49881,0.830705,2.4996,0.0322363,-0.185526,2.14833,-3.07075,1.9059,0.183216,0.916828,0.0585768
1730859,0.99,-2.75261,-1.32534,1.01105,-1.94698,1.10108,1.16771,2.20139,-2.75266,-1.32422,1.00895,-1.94565,1.10136,1.16858,2.20139,-0.000180838,-0.000497669,-0.000351514,0.000944492,8.22147e-05,0.000170371,-0.000633121,0,0,0,0,0,0,0,-0.176685,26.7383,-24.6612,7.44724,0.825212,2.4996,0.0587866,-0.183498,2.14725,-3.07019,1.90723,0.18328,0.916815,0.0581114
1730860,0.99,-2.75261,-1.32534,1.01105,-1.94698,1.10108,1.16771,2.20139,-2.75266,-1.32422,1.00895,-1.94565,1.10136,1.16858,2.20139,-0.000120558,0.000225033,0.000972083,7.28491e-05,-0.000352091,-0.000123778,-0.000422081,0,0,0,0,0,0,0,-0.176685,26.7144,-24.7128,7.47104,0.836199,2.50601,0.0587866,-0.182784,2.14766,-3.07049,1.90725,0.18325,0.916812,0.0576681
1730861,0.99,-2.75261,-1.32534,1.01105,-1.94698,1.10108,1.16771,2.20138,-2.75266,-1.32422,1.00895,-1.94565,1.10136,1.16858,2.20139,0.000569242,-0.00040679,9.12435e-05,-0.000601048,0.000172174,-8.25187e-05,-0.000756105,0,0,0,0,0,0,0,-0.204456,26.7383,-24.689,7.49881,0.825212,2.50601,0.071604,-0.18301,2.14904,-3.0716,1.90663,0.183177,0.916855,0.0572615
1730862,0.99,-2.75261,-1.32534,1.01105,-1.94698,1.10108,1.16771,2.20139,-2.75266,-1.32422,1.00895,-1.94565,1.10136,1.16858,2.20139,-0.000270119,-0.000271193,-0.000588785,0.000805727,0.000555592,-5.50125e-05,0.00119135,0,0,0,0,0,0,0,-0.176685,26.7383,-24.6612,7.44724,0.81331,2.50601,0.0258276,-0.184025,2.1508,-3.07263,1.90565,0.183087,0.916902,0.0569109
1730863,0.99,-2.75261,-1.32534,1.01105,-1.94698,1.10108,1.16772,2.20139,-2.75266,-1.32422,1.00895,-1.94565,1.10136,1.16858,2.20139,0.000469534,-0.000180796,0.000257091,-0.000669274,-7.04149e-05,0.000438043,4.82487e-05,0,0,0,0,0,0,0,-0.204456,26.7383,-24.689,7.49881,0.825212,2.49319,0.0459692,-0.185565,2.15245,-3.07293,1.90431,0.182971,0.91689,0.056613
1730864,0.99,-2.75261,-1.32534,1.01105,-1.94698,1.10108,1.16771,2.20139,-2.75266,-1.32422,1.00895,-1.94565,1.10136,1.16858,2.20139,-0.000336591,-0.00012053,-0.00047822,-0.000446183,-4.69433e-05,5.46697e-05,-0.000442552,0,0,0,0,0,0,0,-0.176685,26.7383,-24.6612,7.49881,0.825212,2.4996,0.0587866,-0.186653,2.15358,-3.07277,1.9034,0.182879,0.916847,0.0563426
1730865,0.99,-2.75261,-1.32534,1.01105,-1.94698,1.10108,1.16771,2.20139,-2.75266,-1.32422,1.00895,-1.94565,1.10136,1.16858,2.20139,-0.000781206,0.000476458,0.000887612,0.000352159,-3.12955e-05,-0.000200913,-0.000295035,0,0,0,0,0,0,0,-0.152882,26.7144,-24.7128,7.47104,0.825212,2.50601,0.0587866,-0.186281,2.15379,-3.07251,1.90344,0.182839,0.916779,0.05609
1730866,0.99,-2.75261,-1.32534,1.01105,-1.94698,1.10108,1.16772,2.20139,-2.75266,-1.32422,1.00895,-1.94565,1.10136,1.16858,2.20139,0.000685622,0.000317639,3.49297e-05,0.000791584,-0.000224314,0.000340776,-0.00019669,0,0,0,0,0,0,0,-0.204456,26.7144,-24.689,7.44724,0.830705,2.49319,0.0587866,-0.18538,2.15361,-3.07243,1.90353,0.182778,0.916692,0.0558649
1730867,0.99,-2.75261,-1.32534,1.01105,-1.94698,1.10108,1.16772,2.20139,-2.75266,-1.32422,1.00895,-1.94565,1.10136,1.16858,2.20139,-0.000749345,0.000211759,0.000580098,-2.9089e-05,-0.000149543,0.000227184,0.000614859,0,0,0,0,0,0,0,-0.152882,26.7144,-24.7128,7.47104,0.830705,2.49319,0.038645,-0.185115,2.15356,-3.07244,1.90307,0.182662,0.916589,0.0556735
1730868,0.99,-2.75261,-1.32534,1.01105,-1.94698,1.10108,1.16772,2.20139,-2.75266,-1.32422,1.00895,-1.94565,1.10136,1.16858,2.20139,0.00126367,0.000141173,-0.000819694,-1.93927e-05,-9.96952e-05,-8.59028e-05,-0.00152287,0,0,0,0,0,0,0,-0.22826,26.7144,-24.6612,7.47104,0.830705,2.4996,0.09083,-0.185368,2.15342,-3.07205,1.90239,0.182539,0.916455,0.0555104
1730869,0.99,-2.75261,-1.32534,1.01105,-1.94698,1.10108,1.16772,2.20139,-2.75266,-1.32422,1.00895,-1.94565,1.10136,1.16858,2.20139,0.000285638,9.41152e-05,-0.000546462,-0.000662542,0.000136987,-0.000294628,0.000171545,0,0,0,0,0,0,0,-0.204456,26.7144,-24.6612,7.49881,0.825212,2.50601,0.0587866,-0.186622,2.15299,-3.07061,1.90152,0.182419,0.916278,0.0553767
1730870,0.99,-2.75261,-1.32534,1.01105,-1.94698,1.10108,1.16772,2.20139,-2.75266,-1.32422,1.00895,-1.94565,1.10136,1.16858,2.20139,-0.001016,-0.000494068,-0.000364308,0.00132154,0.000294775,4.09406e-05,-0.000122995,0,0,0,0,0,0,0,-0.152882,26.7383,-24.6612,7.42344,0.819719,2.4996,0.0651953,-0.187991,2.15244,-3.06857,1.90061,0.182315,0.916049,0.055292
1730871,0.99,-2.75261,-1.32534,1.01105,-1.94698,1.10108,1.16771,2.20139,-2.75266,-1.32422,1.00895,-1.94565,1.10136,1.16858,2.20139,-0.000120522,-0.000329379,0.000406742,0.000324217,0.000196517,-0.000210065,0.00063008,0,0,0,0,0,0,0,-0.176685,26.7383,-24.689,7.44724,0.819719,2.50601,0.0459692,-0.188545,2.15252,-3.06726,1.8996,0.182222,0.915804,0.055261
1730872,0.99,-2.75261,-1.32534,1.01105,-1.94698,1.10108,1.16771,2.20138,-2.75266,-1.32422,1.00895,-1.94565,1.10136,1.16858,2.20139,-8.03479e-05,-0.000219586,-0.000378453,-0.000990281,-0.00047934,-0.000140043,-0.00147882,0,0,0,0,0,0,0,-0.176685,26.7383,-24.6612,7.49881,0.836199,2.50601,0.0972387,-0.188514,2.15317,-3.06689,1.89882,0.182155,0.915611,0.055269
1730873,0.99,-2.75261,-1.32534,1.01105,-1.94698,1.10108,1.16771,2.20138,-2.75266,-1.32422,1.00895,-1.94565,1.10136,1.16858,2.20139,-5.35652e-05,-0.000146391,0.000397312,0.000546238,-0.00011611,-9.33623e-05,-0.00074852,0,0,0,0,0,0,0,-0.176685,26.7383,-24.689,7.44724,0.830705,2.50601,0.09083,-0.188004,2.15374,-3.06686,1.89864,0.182137,0.915481,0.0553148
1730874,0.99,-2.75261,-1.32534,1.01105,-1.94698,1.10108,1.16771,2.20139,-2.75266,-1.32422,1.00895,-1.94565,1.10136,1.16858,2.20139,-0.000592522,-9.75938e-05,-0.000941551,0.000364159,-0.000687758,-6.22415e-05,0.00092514,0,0,0,0,0,0,0,-0.152882,26.7383,-24.6374,7.44724,0.847185,2.50601,0.0523779,-0.187374,2.15412,-3.06664,1.89849,0.182128,0.915353,0.0554225
1730875,0.99,-2.75261,-1.32534,1.01105,-1.94698,1.10108,1.16772,2.20139,-2.75266,-1.32422,1.00895,-1.94565,1.10136,1.16858,2.20139,0.000161797,-6.50625e-05,-7.08888e-05,0.000242773,0.000355297,0.000195865,0.000379401,0,0,0,0,0,0,0,-0.176685,26.7383,-24.6612,7.44724,0.825212,2.4996,0.0587866,-0.186809,2.15411,-3.06574,1.89808,0.18212,0.915183,0.0555999
1730876,0.99,-2.75261,-1.32534,1.01105,-1.94698,1.10108,1.16771,2.20138,-2.75266,-1.32422,1.00895,-1.94565,1.10136,1.16858,2.20139,0.000107865,0.000513437,0.000602355,-0.000394964,-0.000170037,-0.000344141,1.55753e-05,0,0,0,0,0,0,0,-0.176685,26.7144,-24.689,7.47104,0.836199,2.51242,0.0651953,-0.186382,2.1539,-3.06476,1.89767,0.182129,0.915043,0.0558182
1730877,0.99,-2.75261,-1.32534,1.01105,-1.94698,1.10108,1.16771,2.20138,-2.75266,-1.32422,1.00895,-1.94565,1.10136,1.16858,2.20139,-0.000484902,0.000342291,0.000958382,0.000293503,0.000293543,0.00024529,-0.000701693,0,0,0,0,0,0,0,-0.152882,26.7144,-24.7128,7.44724,0.825212,2.4996,0.0844213,-0.185561,2.15368,-3.0647,1.89763,0.182173,0.915002,0.0560533
1730878,0.99,-2.75261,-1.32534,1.01105,-1.94698,1.10108,1.16771,2.20138,-2.75266,-1.32422,1.00895,-1.94565,1.10136,1.16858,2.20139,0.00143997,-0.000328618,8.21092e-05,-0.000361143,0.000195696,-0.000311191,-0.000705154,0,0,0,0,0,0,0,-0.22826,26.7383,-24.689,7.47104,0.825212,2.51242,0.09083,-0.185123,2.15397,-3.06547,1.89743,0.182213,0.915046,0.0563018
1730879,0.99,-2.75261,-1.32534,1.01105,-1.94698,1.10108,1.16772,2.20139,-2.75266,-1.32422,1.00895,-1.94565,1.10136,1.16858,2.20139,0.000403168,0.000337733,5.47395e-05,-0.000890376,-7.29868e-05,0.000504616,0.00170004,0,0,0,0,0,0,0,-0.204456,26.7144,-24.689,7.49881,0.830705,2.49319,0.0322363,-0.186228,2.15489,-3.06615,1.89666,0.182222,0.915132,0.0565781
1730880,0.99,-2.75261,-1.32534,1.01105,-1.94698,1.10108,1.16771,2.20139,-2.75266,-1.32422,1.00895,-1.94565,1.10136,1.16858,2.20139,-0.000380835,-0.00098127,-0.00116993,5.60298e-05,0.000154793,9.90518e-05,0.000150013,0,0,0,0,0,0,0,-0.176685,26.766,-24.6374,7.47104,0.825212,2.4996,0.0587866,-0.187484,2.15548,-3.06589,1.89604,0.182254,0.915164,0.0568769
1730881,0.99,-2.75261,-1.32534,1.01105,-1.94698,1.10108,1.16772,2.20138,-2.75266,-1.32422,1.00895,-1.94565,1.10136,1.16858,2.20139,-0.000810702,0.000552246,-0.000223143,3.73532e-05,0.000306646,0.000303393,-0.00013735,0,0,0,0,0,0,0,-0.152882,26.7144,-24.6612,7.47104,0.819719,2.49319,0.0651953,-0.187358,2.15518,-3.06456,1.89595,0.182332,0.915067,0.0571606
1730882,0.99,-2.75261,-1.32534,1.01105,-1.94698,1.10108,1.16772,2.20138,-2.75266,-1.32422,1.00895,-1.94565,1.10136,1.16858,2.20139,-0.00119008,0.000368164,-0.00633327,-0.000624712,0.00020443,0.000202262,-0.00127836,0,0,0,0,0,0,0,-0.125111,26.7144,-24.6612,7.49881,0.819719,2.49319,0.0972387,-0.185006,2.15179,-3.05977,1.89694,0.182469,0.914688,0.0574113
1730883,0.99,-2.75261,-1.32534,1.01105,-1.94698,1.10108,1.16772,2.20139,-2.75266,-1.32422,1.00895,-1.94565,1.10136,1.16858,2.20139,0.00106265,0.000245443,-0.00353113,0.000233139,-6.71636e-05,0.000134842,0.00226733,0,0,0,0,0,0,0,-0.204456,26.7144,-24.7128,7.47104,0.825212,2.49319,0.0130102,-0.182042,2.14439,-3.0491,1.89842,0.18261,0.913915,0.0576445
1730884,0.99,-2.75261,-1.32534,1.01105,-1.94698,1.10108,1.16771,2.20139,-2.75266,-1.32422,1.00895,-1.94565,1.10136,1.16858,2.20139,5.88206e-05,0.000163628,-0.00394704,-0.000494188,0.000158675,-0.000147465,5.34937e-05,0,0,0,0,0,0,0,-0.176685,26.7144,-24.6612,7.49881,0.819719,2.4996,0.0523779,-0.181164,2.13612,-3.03559,1.89893,0.18265,0.912972,0.0578634
1730885,0.99,-2.75261,-1.32534,1.01105,-1.94698,1.10108,1.16771,2.20139,-2.75266,-1.32422,1.00895,-1.94565,1.10136,1.16858,2.20139,0.000688828,0.0007587,-0.00227165,0.000876967,0.000343142,-9.83097e-05,0.000273021,0,0,0,0,0,0,0,-0.204456,26.6867,-24.689,7.44724,0.81331,2.4996,0.0459692,-0.182146,2.12913,-3.02316,1.89841,0.182578,0.912104,0.0580372
1730886,0.99,-2.75261,-1.32534,1.01105,-1.94698,1.10108,1.16772,2.20139,-2.75266,-1.32422,1.00895,-1.94565,1.10136,1.16858,2.20139,0.000459218,-0.000143814,-0.00293828,0.000584645,-0.000212048,0.000171819,0.000182014,0,0,0,0,0,0,0,-0.204456,26.7144,-24.6374,7.44724,0.825212,2.49319,0.0459692,-0.184531,2.12415,-3.01326,1.89685,0.182389,0.911381,0.0581457
1730887,0.99,-2.75261,-1.32534,1.01105,-1.94698,1.10108,1.16771,2.20139,-2.75266,-1.32422,1.00895,-1.94565,1.10136,1.16858,2.20139,0.000306146,-0.000652688,-0.00212192,-0.000816663,6.20852e-05,-0.000122813,0.000629969,0,0,0,0,0,0,0,-0.204456,26.7383,-24.6374,7.49881,0.819719,2.4996,0.0322363,-0.187717,2.1217,-3.0065,1.89472,0.182146,0.910842,0.0581909
1730888,0.99,-2.75261,-1.32534,1.01105,-1.94698,1.10108,1.16772,2.20139,-2.75266,-1.32422,1.00895,-1.94565,1.10136,1.16858,2.20139,-0.000445517,-0.00108474,-0.000980104,0.000105172,0.000278749,-8.18752e-05,0.000894697,0,0,0,0,0,0,0,-0.176685,26.766,-24.6612,7.47104,0.81331,2.4996,0.0194189,-0.190154,2.12187,-3.00362,1.89309,0.181955,0.910531,0.0581721
1730889,0.99,-2.75261,-1.32534,1.01105,-1.94698,1.10108,1.16772,2.20139,-2.75266,-1.32422,1.00895,-1.94565,1.10136,1.16858,2.20139,0.000352603,0.000483266,-0.00130194,-0.000579499,0.000185833,-0.000291942,-0.000624238,0,0,0,0,0,0,0,-0.204456,26.7144,-24.6374,7.49881,0.81331,2.50601,0.0523779,-0.191293,2.12396,-3.00438,1.89223,0.181815,0.910441,0.0580797
1730890,0.99,-2.75261,-1.32534,1.01105,-1.94698,1.10108,1.16772,2.20139,-2.75266,-1.32422,1.00895,-1.94565,1.10136,1.16858,2.20139,-0.000414545,0.000322178,-0.000379943,0.000820093,0.000123888,0.00028009,0.000804544,0,0,0,0,0,0,0,-0.176685,26.7144,-24.6612,7.44724,0.81331,2.49319,0.0194189,-0.191339,2.12633,-3.00709,1.89198,0.181674,0.91048,0.0579109
1730891,0.99,-2.75261,-1.32534,1.01105,-1.94698,1.10108,1.16772,2.20139,-2.75266,-1.32422,1.00895,-1.94565,1.10136,1.16858,2.20139,0.000930062,-0.000342027,-0.000304891,0.000546729,-0.000154767,0.000424085,-0.000446981,0,0,0,0,0,0,0,-0.22826,26.7383,-24.6612,7.44724,0.819719,2.48678,0.0459692,-0.19154,2.12931,-3.01123,1.89142,0.181463,0.910609,0.0576736
1730892,0.99,-2.75261,-1.32534,1.01105,-1.94698,1.10108,1.16771,2.20139,-2.75266,-1.32422,1.00895,-1.94565,1.10136,1.16858,2.20139,-0.0011432,0.000978408,-0.00135558,0.000364486,-0.000510079,-0.000429353,0.000210639,0,0,0,0,0,0,0,-0.152882,26.6867,-24.6136,7.44724,0.830705,2.50601,0.0322363,-0.191944,2.1326,-3.01595,1.89054,0.1812,0.910762,0.057375
1730893,0.99,-2.75261,-1.32534,1.01105,-1.94698,1.10108,1.16771,2.20139,-2.75266,-1.32422,1.00895,-1.94565,1.10136,1.16858,2.20139,-0.000205319,-0.00120377,0.000830494,0.000242991,6.68485e-05,-0.000286236,0.000140426,0,0,0,0,0,0,0,-0.176685,26.766,-24.689,7.44724,0.819719,2.50601,0.0322363,-0.191049,2.13545,-3.02086,1.89029,0.180984,0.91091,0.0570305
1730894,0.99,-2.75261,-1.32534,1.01105,-1.94698,1.10108,1.16771,2.20139,-2.75266,-1.32422,1.00895,-1.94565,1.10136,1.16858,2.20139,0.000512735,0.000403914,-0.00067453,-0.000394818,-0.000362335,-0.000428183,-0.000415009,0,0,0,0,0,0,0,-0.204456,26.7144,-24.6374,7.47104,0.830705,2.51242,0.0459692,-0.189804,2.139,-3.02675,1.89032,0.180813,0.911137,0.0566496
1730895,0.99,-2.75261,-1.32534,1.01105,-1.94698,1.10108,1.16772,2.20139,-2.75266,-1.32422,1.00895,-1.94565,1.10136,1.16858,2.20139,-0.000864603,0.000269276,9.08001e-05,0.0002936,-0.000648458,0.000426622,0.000231954,0,0,0,0,0,0,0,-0.152882,26.7144,-24.6612,7.44724,0.841692,2.49319,0.0322363,-0.188631,2.14237,-3.03246,1.89053,0.180677,0.911399,0.056241
1730896,0.99,-2.75261,-1.32534,1.01105,-1.94698,1.10108,1.16772,2.20138,-2.75266,-1.32422,1.00895,-1.94565,1.10136,1.16858,2.20139,-0.000576402,0.000179517,-0.00106533,0.000752545,0.000178046,0.000284414,-0.00130343,0,0,0,0,0,0,0,-0.152882,26.7144,-24.6136,7.42344,0.825212,2.49319,0.071604,-0.186524,2.14427,-3.03677,1.89117,0.180596,0.911576,0.0558177
1730897,0.99,-2.75261,-1.32534,1.01105,-1.94698,1.10108,1.16772,2.20139,-2.75266,-1.32422,1.00895,-1.94565,1.10136,1.16858,2.20139,-0.000384268,-0.000437134,0.00104383,-0.000611927,-8.4753e-05,-0.000285108,0.00106383,0,0,0,0,0,0,0,-0.152882,26.7383,-24.689,7.47104,0.830705,2.50601,0.0194189,-0.183935,2.14574,-3.04049,1.89186,0.180562,0.911706,0.0553989
1730898,0.99,-2.75261,-1.32534,1.01105,-1.94698,1.10108,1.16771,2.20139,-2.75266,-1.32422,1.00895,-1.94565,1.10136,1.16858,2.20139,0.000300633,-0.000291422,3.93868e-05,0.000148861,0.000146949,-0.000190072,-0.000748843,0,0,0,0,0,0,0,-0.176685,26.7383,-24.6612,7.44724,0.825212,2.50601,0.0587866,-0.181883,2.14807,-3.04486,1.89235,0.18056,0.911905,0.0550019
1730899,0.99,-2.75261,-1.32534,1.01105,-1.94698,1.10108,1.16771,2.20138,-2.75266,-1.32422,1.00895,-1.94565,1.10136,1.16858,2.20139,0.000200422,-0.000194282,0.000670706,-0.000457572,-0.000105485,-0.000126715,-0.0023981,0,0,0,0,0,0,0,-0.176685,26.7383,-24.689,7.47104,0.830705,2.50601,0.110056,-0.181077,2.1513,-3.04963,1.89233,0.180553,0.912176,0.054625
1730900,0.99,-2.75261,-1.32534,1.01105,-1.94698,1.10108,1.16771,2.20138,-2.75266,-1.32422,1.00895,-1.94565,1.10136,1.16858,2.20139,0.000133615,0.000427291,-0.00131997,0.000251764,-7.03232e-05,-8.44765e-05,-0.000411939,0,0,0,0,0,0,0,-0.176685,26.7144,-24.6136,7.44724,0.830705,2.50601,0.0780126,-0.18115,2.15402,-3.05318,1.89194,0.180535,0.912413,0.0542991
1730901,0.99,-2.75261,-1.32534,1.01104,-1.94698,1.10108,1.16772,2.20138,-2.75266,-1.32422,1.00895,-1.94565,1.10136,1.16858,2.20139,-0.000467735,0.000284861,-0.0015325,-0.00103858,0.000360019,0.0004184,-0.000986703,0,0,0,0,0,0,0,-0.152882,26.7144,-24.5858,7.49881,0.819719,2.49319,0.0972387,-0.18081,2.15446,-3.05379,1.89194,0.180552,0.912484,0.0540829
1730902,0.99,-2.75261,-1.32534,1.01105,-1.94698,1.10108,1.16772,2.20139,-2.75266,-1.32422,1.00895,-1.94565,1.10136,1.16858,2.20139,0.000244988,0.000839521,0.00073939,-0.000692389,-0.000166888,4.15745e-05,0.00100371,0,0,0,0,0,0,0,-0.176685,26.6867,-24.6612,7.49881,0.830705,2.4996,0.0523779,-0.17922,2.15274,-3.05233,1.89293,0.180645,0.912442,0.0540058
1730903,0.99,-2.75261,-1.32534,1.01105,-1.94698,1.10108,1.16772,2.20138,-2.75266,-1.32422,1.00895,-1.94565,1.10136,1.16858,2.20139,0.00081294,0.000559681,0.000491293,0.000744833,9.21916e-05,2.77164e-05,-0.000755013,0,0,0,0,0,0,0,-0.204456,26.6867,-24.6612,7.44724,0.825212,2.4996,0.09083,-0.177924,2.15114,-3.05143,1.89386,0.180721,0.912455,0.0540577
1730904,0.99,-2.75261,-1.32534,1.01105,-1.94698,1.10108,1.16772,2.20138,-2.75266,-1.32422,1.00895,-1.94565,1.10136,1.16858,2.20139,0.00054196,-0.000833305,-0.000787321,-6.02563e-05,0.000264912,1.84776e-05,0.000208735,0,0,0,0,0,0,0,-0.204456,26.7383,-24.6136,7.47104,0.819719,2.4996,0.071604,-0.178971,2.15128,-3.0514,1.8932,0.180675,0.912521,0.054205
1730905,0.99,-2.75261,-1.32534,1.01105,-1.94698,1.10108,1.16772,2.20139,-2.75266,-1.32422,1.00895,-1.94565,1.10136,1.16858,2.20139,0.000361306,-0.00120515,0.00123744,-0.000689785,-0.000433744,1.23184e-05,-0.000335561,0,0,0,0,0,0,0,-0.204456,26.766,-24.689,7.49881,0.836199,2.4996,0.0844213,-0.18174,2.15363,-3.05234,1.89143,0.180575,0.91263,0.0544277
1730906,0.99,-2.75261,-1.32534,1.01105,-1.94698,1.10108,1.16772,2.20139,-2.75266,-1.32422,1.00895,-1.94565,1.10136,1.16858,2.20139,0.000240871,0.00160942,-0.000938969,0.000189757,-8.57121e-05,0.000245571,0.00025101,0,0,0,0,0,0,0,-0.204456,26.6629,-24.6136,7.47104,0.830705,2.49319,0.071604,-0.184246,2.15649,-3.05379,1.88991,0.180509,0.912757,0.0547205
1730907,0.99,-2.75261,-1.32534,1.01105,-1.94698,1.10108,1.16772,2.20138,-2.75266,-1.32422,1.00895,-1.94565,1.10136,1.16858,2.20139,-0.00104585,-0.000133481,-6.96844e-05,-0.000523109,-5.71414e-05,-7.36448e-05,-0.000782096,0,0,0,0,0,0,0,-0.152882,26.7144,-24.6374,7.49881,0.830705,2.4996,0.0972387,-0.184689,2.15696,-3.0538,1.88964,0.180517,0.912765,0.0550749
1730908,0.99,-2.75261,-1.32534,1.01104,-1.94698,1.10108,1.16772,2.20138,-2.75266,-1.32422,1.00895,-1.94565,1.10136,1.16858,2.20139,-0.000140418,-0.000645799,-0.00125327,-0.000348739,0.000165356,-4.90965e-05,-0.000521397,0,0,0,0,0,0,0,-0.176685,26.7383,-24.5858,7.49881,0.825212,2.4996,0.0972387,-0.183048,2.15573,-3.05253,1.89054,0.180619,0.91265,0.0554821
1730909,0.99,-2.75261,-1.32534,1.01105,-1.94698,1.10108,1.16772,2.20138,-2.75266,-1.32422,1.00895,-1.94565,1.10136,1.16858,2.20139,0.000556002,0.00133271,0.000927434,-0.000232493,0.000110238,0.000441987,-0.000110239,0,0,0,0,0,0,0,-0.204456,26.6629,-24.6612,7.49881,0.825212,2.48678,0.09083,-0.181252,2.15443,-3.05105,1.89162,0.18074,0.912511,0.0559478
1730910,0.99,-2.75261,-1.32534,1.01105,-1.94698,1.10108,1.16772,2.20138,-2.75266,-1.32422,1.00895,-1.94565,1.10136,1.16858,2.20139,-0.000278946,-0.00152438,0.000618071,0.00105143,0.000276942,0.000294658,-0.000310852,0,0,0,0,0,0,0,-0.176685,26.766,-24.6612,7.44724,0.819719,2.48678,0.0972387,-0.180749,2.15425,-3.05057,1.89185,0.180784,0.912427,0.0564784
1730911,0.99,-2.75261,-1.32534,1.01105,-1.94698,1.10108,1.16772,2.20138,-2.75266,-1.32422,1.00895,-1.94565,1.10136,1.16858,2.20139,0.00046365,0.000190171,-0.00070174,0.000700954,-1.88224e-05,-0.000278279,0.000504842,0,0,0,0,0,0,0,-0.204456,26.7144,-24.6136,7.44724,0.825212,2.4996,0.0780126,-0.182051,2.15608,-3.05125,1.89061,0.180718,0.91237,0.0570657
1730912,0.99,-2.75261,-1.32534,1.01105,-1.94698,1.10108,1.16772,2.20138,-2.75266,-1.32422,1.00895,-1.94565,1.10136,1.16858,2.20139,0.0003091,0.000126781,-0.00046795,-0.000739123,-0.000215999,5.18394e-05,-0.000612874,0,0,0,0,0,0,0,-0.204456,26.7144,-24.6136,7.49881,0.830705,2.49319,0.103647,-0.184263,2.15789,-3.05108,1.88884,0.180605,0.912243,0.0576986
1730913,0.99,-2.75261,-1.32534,1.01105,-1.94698,1.10108,1.16772,2.20138,-2.75266,-1.32422,1.00895,-1.94565,1.10136,1.16858,2.20139,-0.000443547,0.000734135,0.000244754,-0.000492749,-0.000143999,-0.000202799,0.000303494,0,0,0,0,0,0,0,-0.176685,26.6867,-24.6374,7.49881,0.830705,2.4996,0.0844213,-0.185188,2.15785,-3.04975,1.88834,0.180569,0.912066,0.0583703
1730914,0.99,-2.75261,-1.32534,1.01105,-1.94698,1.10108,1.16772,2.20139,-2.75266,-1.32422,1.00895,-1.94565,1.10136,1.16858,2.20139,-0.000295698,-0.000160191,0.000719912,0.00143474,0.000310902,0.000102159,0.00115177,0,0,0,0,0,0,0,-0.176685,26.7144,-24.6612,7.42344,0.819719,2.49319,0.0587866,-0.18458,2.15701,-3.04873,1.88878,0.180593,0.911897,0.059074
1730915,0.99,-2.75261,-1.32534,1.01105,-1.94698,1.10108,1.16772,2.20138,-2.75266,-1.32422,1.00895,-1.94565,1.10136,1.16858,2.20139,-0.000197132,0.00054282,0.00047989,0.00039968,-0.000199633,6.81063e-05,0.000293126,0,0,0,0,0,0,0,-0.176685,26.6867,-24.6612,7.44724,0.830705,2.49319,0.071604,-0.18397,2.15679,-3.04865,1.88876,0.180577,0.911748,0.0597817
1730916,0.99,-2.75261,-1.32534,1.01105,-1.94698,1.10108,1.16772,2.20138,-2.75266,-1.32422,1.00895,-1.94565,1.10136,1.16858,2.20139,0.000518193,-0.000287734,0.000319888,0.000266454,7.03616e-05,4.54042e-05,-0.000279301,0,0,0,0,0,0,0,-0.204456,26.7144,-24.6612,7.44724,0.825212,2.49319,0.0844213,-0.184061,2.1572,-3.04905,1.88815,0.180519,0.911619,0.0604545
1730917,0.99,-2.75261,-1.32534,1.01105,-1.94698,1.10108,1.16772,2.20138,-2.75266,-1.32422,1.00895,-1.94565,1.10136,1.16858,2.20139,0.000902274,0.000457791,-0.000343583,-0.00102879,0.000250358,3.02694e-05,-0.000660918,0,0,0,0,0,0,0,-0.22826,26.6867,-24.6374,7.49881,0.819719,2.49319,0.0972387,-0.185053,2.15765,-3.04908,1.88742,0.18046,0.911506,0.0610799
1730918,0.99,-2.75261,-1.32534,1.01104,-1.94698,1.10108,1.16771,2.20138,-2.75266,-1.32422,1.00895,-1.94565,1.10136,1.16858,2.20139,4.47038e-05,-0.000901232,-0.0014355,-3.62462e-05,-0.000239996,-0.000217179,0.000508823,0,0,0,0,0,0,0,-0.204456,26.7383,-24.5858,7.47104,0.830705,2.4996,0.071604,-0.186607,2.15757,-3.04786,1.88689,0.180428,0.911352,0.0616724
1730919,0.99,-2.75261,-1.32534,1.01105,-1.94698,1.10108,1.16772,2.20139,-2.75266,-1.32422,1.00895,-1.94565,1.10136,1.16858,2.20139,-0.000619811,-4.40092e-05,0.000249408,-0.000673778,4.34535e-05,-0.000856863,0.00105129,0,0,0,0,0,0,0,-0.176685,26.7144,-24.6374,7.49881,0.825212,2.51882,0.0523779,-0.187427,2.15696,-3.04578,1.88694,0.180456,0.91114,0.0622468
1730920,0.99,-2.75261,-1.32534,1.01105,-1.94698,1.10108,1.16772,2.20139,-2.75266,-1.32422,1.00895,-1.94565,1.10136,1.16858,2.20139,-0.00097002,-2.93394e-05,0.00137269,0.00131405,0.00023242,-9.65241e-05,0.000700862,0,0,0,0,0,0,0,-0.152882,26.7144,-24.689,7.42344,0.819719,2.50601,0.0523779,-0.186541,2.1565,-3.04485,1.88764,0.180534,0.910973,0.0627912
1730921,0.99,-2.75261,-1.32534,1.01105,-1.94698,1.10108,1.16772,2.20139,-2.75266,-1.32422,1.00895,-1.94565,1.10136,1.16858,2.20139,-0.00064668,-0.000576372,-0.000291312,-0.000237589,-4.85042e-05,0.00017301,-0.000956913,0,0,0,0,0,0,0,-0.152882,26.7383,-24.6374,7.47104,0.825212,2.4996,0.09083,-0.184503,2.15663,-3.0455,1.88844,0.180609,0.910885,0.0632717
1730922,0.99,-2.75261,-1.32534,1.01105,-1.94697,1.10108,1.16771,2.20138,-2.75266,-1.32422,1.00895,-1.94565,1.10136,1.16858,2.20139,-0.00043112,0.000172564,0.00101221,0.00151204,0.000171114,-0.000122019,-0.000400583,0,0,0,0,0,0,0,-0.152882,26.7144,-24.689,7.39963,0.819719,2.50601,0.0844213,-0.182544,2.15718,-3.04658,1.88879,0.180641,0.910828,0.0636791
1730923,0.99,-2.75261,-1.32534,1.01105,-1.94698,1.10108,1.16771,2.20139,-2.75266,-1.32422,1.00895,-1.94565,1.10136,1.16858,2.20139,0.000269399,-0.00109138,2.51884e-05,-0.000662407,-0.000292825,-8.13462e-05,0.0011571,0,0,0,0,0,0,0,-0.176685,26.766,-24.6612,7.47104,0.830705,2.50601,0.0459692,-0.181662,2.15838,-3.04782,1.88839,0.180611,0.910816,0.0640422
1730924,0.99,-2.75261,-1.32534,1.01105,-1.94698,1.10108,1.16771,2.20139,-2.75266,-1.32422,1.00895,-1.94565,1.10136,1.16858,2.20139,0.000829213,-7.79748e-05,-0.00109684,-0.000441605,8.23401e-06,0.000183128,0.000296681,0,0,0,0,0,0,0,-0.204456,26.7383,-24.6136,7.47104,0.825212,2.4996,0.0587866,-0.182289,2.15986,-3.04836,1.88752,0.180555,0.910831,0.0643724
1730925,0.99,-2.75261,-1.32534,1.01105,-1.94698,1.10108,1.16771,2.20139,-2.75266,-1.32422,1.00895,-1.94565,1.10136,1.16858,2.20139,-0.000653617,-0.000701597,-0.000174415,-0.00150083,-0.000197961,0.000122085,0.000197787,0,0,0,0,0,0,0,-0.152882,26.766,-24.6374,7.52262,0.830705,2.4996,0.0587866,-0.183067,2.16033,-3.04732,1.88722,0.180553,0.910819,0.0646515
1730926,0.99,-2.75261,-1.32534,1.01105,-1.94698,1.10108,1.16772,2.20138,-2.75266,-1.32422,1.00895,-1.94565,1.10136,1.16858,2.20139,0.000121067,-0.000467731,-0.000116279,0.000205873,7.14764e-05,0.000318749,-0.000817577,0,0,0,0,0,0,0,-0.176685,26.766,-24.6374,7.47104,0.825212,2.49319,0.0844213,-0.182742,2.16004,-3.04579,1.88784,0.180626,0.910796,0.0648699
1730927,0.99,-2.75261,-1.32534,1.01105,-1.94698,1.10108,1.16772,2.20139,-2.75266,-1.32422,1.00895,-1.94565,1.10136,1.16858,2.20139,-0.0004761,0.00154422,0.000479291,0.000137249,4.76509e-05,0.000212499,0.00115037,0,0,0,0,0,0,0,-0.152882,26.6867,-24.6612,7.47104,0.825212,2.49319,0.038645,-0.181702,2.15917,-3.04431,1.8887,0.180696,0.910762,0.0650416
1730928,0.99,-2.75261,-1.32534,1.01105,-1.94698,1.10108,1.16771,2.20139,-2.75266,-1.32422,1.00895,-1.94565,1.10136,1.16858,2.20139,-0.0003174,0.00102948,-0.000237286,9.14992e-05,0.000235218,-9.56926e-05,2.09277e-05,0,0,0,0,0,0,0,-0.152882,26.6867,-24.6374,7.47104,0.819719,2.4996,0.0587866,-0.179733,2.15657,-3.04218,1.88988,0.180739,0.910669,0.0651812
1730929,0.99,-2.75261,-1.32534,1.01105,-1.94698,1.10108,1.16772,2.20139,-2.75266,-1.32422,1.00895,-1.94565,1.10136,1.16858,2.20139,0.00155164,3.67056e-05,0.000398621,0.000617811,-4.66386e-05,0.000173564,0.00048867,0,0,0,0,0,0,0,-0.22826,26.7144,-24.6612,7.44724,0.825212,2.49319,0.0459692,-0.178516,2.15357,-3.03968,1.89053,0.18071,0.910551,0.0652746
1730930,0.99,-2.75261,-1.32534,1.01105,-1.94698,1.10108,1.16771,2.20138,-2.75266,-1.32422,1.00895,-1.94565,1.10136,1.16858,2.20139,-0.000172001,-0.000532342,-0.000291066,0.000411874,-0.000234543,-0.000359009,-0.00157309,0,0,0,0,0,0,0,-0.176685,26.7383,-24.6374,7.44724,0.830705,2.50601,0.0972387,-0.180153,2.15263,-3.03783,1.88941,0.180557,0.910475,0.0653055
1730931,0.99,-2.75261,-1.32534,1.01104,-1.94698,1.10108,1.16772,2.20139,-2.75266,-1.32422,1.00895,-1.94565,1.10136,1.16858,2.20139,-0.000671479,0.000851532,-0.000194044,-0.000282229,0.000250539,-0.000239339,0.000612785,0,0,0,0,0,0,0,-0.152882,26.6867,-24.6374,7.47104,0.819719,2.50601,0.0523779,-0.181939,2.15249,-3.0364,1.88806,0.180407,0.910401,0.0652959
1730932,0.99,-2.75261,-1.32534,1.01105,-1.94698,1.10108,1.16772,2.20138,-2.75266,-1.32422,1.00895,-1.94565,1.10136,1.16858,2.20139,0.000109159,-8.19263e-05,0.000427449,0.000368659,-0.000239875,7.77995e-05,-0.000540913,0,0,0,0,0,0,0,-0.176685,26.7144,-24.6612,7.44724,0.830705,2.4996,0.0780126,-0.181842,2.15158,-3.03505,1.88776,0.180344,0.91031,0.0652817
1730933,0.99,-2.75261,-1.32534,1.01105,-1.94698,1.10108,1.16772,2.20138,-2.75266,-1.32422,1.00895,-1.94565,1.10136,1.16858,2.20139,7.27728e-05,-0.000611429,-0.000271846,0.000245773,4.35339e-05,0.000289225,-0.000123249,0,0,0,0,0,0,0,-0.176685,26.7383,-24.6374,7.44724,0.825212,2.49319,0.071604,-0.181709,2.15127,-3.0343,1.8874,0.180293,0.910253,0.0652708
1730934,0.99,-2.75261,-1.32534,1.01105,-1.94698,1.10108,1.16771,2.20138,-2.75266,-1.32422,1.00895,-1.94565,1.10136,1.16858,2.20139,0.000698129,-0.00105723,-0.000738043,-0.00104258,2.90226e-05,-4.45421e-05,-0.0010316,0,0,0,0,0,0,0,-0.204456,26.766,-24.6136,7.49881,0.825212,2.4996,0.0972387,-0.18274,2.15231,-3.03393,1.88644,0.180233,0.910227,0.0652665
1730935,0.99,-2.75261,-1.32534,1.01105,-1.94698,1.10108,1.16772,2.20139,-2.75266,-1.32422,1.00895,-1.94565,1.10136,1.16858,2.20139,0.000465419,0.000501604,-0.000492029,0.000511374,-0.000184102,0.000207664,0.00121114,0,0,0,0,0,0,0,-0.204456,26.7144,-24.6136,7.44724,0.830705,2.49319,0.0459692,-0.184625,2.15366,-3.03306,1.88529,0.180179,0.910191,0.0652896
1730936,0.99,-2.75261,-1.32534,1.01105,-1.94698,1.10108,1.16771,2.20138,-2.75266,-1.32422,1.00895,-1.94565,1.10136,1.16858,2.20139,0.00031028,0.000334402,-0.000328019,0.000897728,8.07158e-05,-0.000336275,-0.000142011,0,0,0,0,0,0,0,-0.204456,26.7144,-24.6136,7.42344,0.825212,2.50601,0.071604,-0.186951,2.15432,-3.03132,1.88386,0.180089,0.910102,0.0653481
1730937,0.99,-2.75261,-1.32534,1.01105,-1.94698,1.10108,1.16771,2.20139,-2.75266,-1.32422,1.00895,-1.94565,1.10136,1.16858,2.20139,0.000206853,-0.000333877,0.000338132,-0.00116475,0.00049462,1.31756e-05,0.000854762,0,0,0,0,0,0,0,-0.204456,26.7383,-24.6374,7.49881,0.81331,2.4996,0.0459692,-0.188908,2.1545,-3.02962,1.88254,0.179994,0.910011,0.0654236
1730938,0.99,-2.75261,-1.32534,1.01104,-1.94698,1.10108,1.16772,2.20139,-2.75266,-1.32422,1.00895,-1.94565,1.10136,1.16858,2.20139,0.000137902,-0.000222585,0.000225421,-0.00133331,-0.000111063,0.000246143,0.00107847,0,0,0,0,0,0,0,-0.204456,26.7383,-24.6374,7.52262,0.825212,2.49319,0.0322363,-0.18937,2.15468,-3.02902,1.8825,0.180001,0.91001,0.0654938
1730939,0.99,-2.75261,-1.32534,1.01105,-1.94698,1.10108,1.16771,2.20139,-2.75266,-1.32422,1.00895,-1.94565,1.10136,1.16858,2.20139,-0.000557679,-0.00014839,0.000707093,0.000874362,-0.000480943,-7.32638e-05,0.000481619,0,0,0,0,0,0,0,-0.176685,26.7383,-24.6612,7.44724,0.836199,2.4996,0.038645,-0.188372,2.15502,-3.02955,1.8835,0.180088,0.910073,0.0655276
1730940,0.99,-2.75261,-1.32534,1.01105,-1.94698,1.10108,1.16771,2.20139,-2.75266,-1.32422,1.00895,-1.94565,1.10136,1.16858,2.20139,0.00083464,0.000457885,-8.54168e-05,0.000582908,8.62724e-05,-0.000286202,0.00103316,0,0,0,0,0,0,0,-0.22826,26.7144,-24.6374,7.44724,0.825212,2.50601,0.0194189,-0.187613,2.15569,-3.03045,1.88398,0.18012,0.910123,0.0654888
1730941,0.99,-2.75261,-1.32534,1.01105,-1.94698,1.10108,1.16771,2.20139,-2.75266,-1.32422,1.00895,-1.94565,1.10136,1.16858,2.20139,-0.000649999,0.000305257,0.000499867,-0.00081782,0.000260965,-0.000190801,0.000688771,0,0,0,0,0,0,0,-0.176685,26.7144,-24.6612,7.49881,0.819719,2.50601,0.0194189,-0.187289,2.156,-3.03092,1.88405,0.180104,0.91014,0.0653576
1730942,0.99,-2.75261,-1.32534,1.01105,-1.94698,1.10108,1.16772,2.20139,-2.75266,-1.32422,1.00895,-1.94565,1.10136,1.16858,2.20139,-0.000433333,-0.000353307,0.000982859,0.0001044,0.000173977,0.000110158,-0.000252896,0,0,0,0,0,0,0,-0.176685,26.7383,-24.689,7.47104,0.819719,2.4996,0.038645,-0.185788,2.15579,-3.03164,1.88492,0.180146,0.910177,0.0651186
1730943,0.99,-2.75261,-1.32534,1.01105,-1.94698,1.10108,1.16772,2.20139,-2.75266,-1.32422,1.00895,-1.94565,1.10136,1.16858,2.20139,-0.000288889,-0.000235538,0.00121205,-0.000580014,-0.000290916,0.000310798,-0.000168597,0,0,0,0,0,0,0,-0.176685,26.7383,-24.7128,7.49881,0.830705,2.49319,0.038645,-0.183346,2.15616,-3.03363,1.88631,0.180232,0.910282,0.0647688
1730944,0.99,-2.75261,-1.32534,1.01105,-1.94698,1.10108,1.16772,2.20139,-2.75266,-1.32422,1.00895,-1.94565,1.10136,1.16858,2.20139,0.000457022,0.000399786,-0.00151202,0.00081975,9.50626e-06,-3.01604e-05,-0.000383666,0,0,0,0,0,0,0,-0.204456,26.7144,-24.6136,7.44724,0.825212,2.4996,0.0459692,-0.181626,2.1567,-3.03527,1.88728,0.180283,0.910363,0.0643277
1730945,1,-2.75261,-1.32534,1.01105,-1.94698,1.10108,1.16772,2.20139,-2.75266,-1.32422,1.00895,-1.94565,1.10136,1.16858,2.20139,0.000861493,-0.000290288,-0.00100801,-1.03119e-05,-0.000197113,-2.01069e-05,0.000252849,0,0,0,0,0,0,0,-0.22826,26.7383,-24.6136,7.47104,0.830705,2.4996,0.0322363,-0.1821,2.15642,-3.03421,1.88702,0.180232,0.910282,0.0638229
1730946,1,-2.75261,-1.32534,1.01105,-1.94698,1.10108,1.16772,2.20139,-2.75266,-1.32422,1.00895,-1.94565,1.10136,1.16858,2.20139,-0.000632097,0.000363287,0.000441617,-0.0012133,7.20418e-05,-1.34046e-05,-0.000577419,0,0,0,0,0,0,0,-0.176685,26.7144,-24.6612,7.52262,0.825212,2.4996,0.0523779,-0.183405,2.15545,-3.0316,1.88652,0.180167,0.910122,0.0632811
1730947,1,-2.75261,-1.32535,1.01105,-1.94698,1.10108,1.16771,2.20139,-2.75266,-1.32422,1.00895,-1.94565,1.10136,1.16858,2.20139,-0.000421398,-0.00152105,0.000944025,0.000397559,-0.000155423,-0.000246295,0.000361039,0,0,0,0,0,0,0,-0.176685,26.7898,-24.689,7.47104,0.830705,2.50601,0.0322363,-0.18329,2.15499,-3.0305,1.887,0.180196,0.910051,0.062724
1730948,1,-2.75261,-1.32534,1.01105,-1.94698,1.10108,1.16771,2.20139,-2.75266,-1.32422,1.00895,-1.94565,1.10136,1.16858,2.20139,0.000925494,0.000192395,-0.000577076,0.00137866,9.98354e-05,7.3162e-05,-0.000505292,0,0,0,0,0,0,0,-0.22826,26.7383,-24.6374,7.42344,0.825212,2.4996,0.0523779,-0.183826,2.15638,-3.0311,1.88675,0.180187,0.910057,0.0621596
1730949,1,-2.75261,-1.32534,1.01105,-1.94698,1.10108,1.16771,2.20139,-2.75266,-1.32422,1.00895,-1.94565,1.10136,1.16858,2.20139,6.01839e-05,0.000128263,-0.000941529,-0.000844129,6.6557e-05,-0.000188584,-9.95027e-05,0,0,0,0,0,0,0,-0.204456,26.7383,-24.6136,7.49881,0.825212,2.50601,0.0459692,-0.18615,2.15795,-3.03078,1.88528,0.180083,0.910014,0.0615954
1730950,1,-2.75261,-1.32534,1.01105,-1.94698,1.10108,1.16771,2.20139,-2.75266,-1.32422,1.00895,-1.94565,1.10136,1.16858,2.20139,4.01226e-05,0.000642321,-7.08741e-05,-0.000562753,4.43713e-05,0.000111636,0.000204932,0,0,0,0,0,0,0,-0.204456,26.7144,-24.6374,7.49881,0.825212,2.4996,0.038645,-0.187631,2.15751,-3.02878,1.88471,0.180032,0.909905,0.0610497
1730951,1,-2.75261,-1.32534,1.01105,-1.94698,1.10108,1.16771,2.20139,-2.75266,-1.32422,1.00895,-1.94565,1.10136,1.16858,2.20139,0.00058356,-0.00133502,-0.000604061,0.000274445,0.000233031,7.44241e-05,-0.000609364,0,0,0,0,0,0,0,-0.22826,26.7898,-24.6136,7.47104,0.819719,2.4996,0.0587866,-0.188312,2.15649,-3.02661,1.88491,0.180038,0.90981,0.0605271
1730952,1,-2.75261,-1.32534,1.01105,-1.94698,1.10108,1.16772,2.20139,-2.75266,-1.32422,1.00895,-1.94565,1.10136,1.16858,2.20139,-0.000167772,0.00152284,0.00247415,-0.00046665,-0.000251547,0.000286975,0.000577102,0,0,0,0,0,0,0,-0.204456,26.6867,-24.7366,7.49881,0.830705,2.49319,0.0322363,-0.189178,2.15657,-3.02592,1.88498,0.180031,0.909812,0.0600288
1730953,1,-2.75261,-1.32534,1.01104,-1.94698,1.10108,1.16772,2.20139,-2.75266,-1.32422,1.00895,-1.94565,1.10136,1.16858,2.20139,-0.000111848,0.00036561,-0.000670614,0.000338514,-0.000371148,-4.60423e-05,-0.000123892,0,0,0,0,0,0,0,-0.204456,26.7144,-24.6374,7.47104,0.836199,2.4996,0.0459692,-0.188904,2.15646,-3.02659,1.88569,0.180049,0.909892,0.0595624
1730954,1,-2.75261,-1.32534,1.01105,-1.94698,1.10108,1.16772,2.20139,-2.75266,-1.32422,1.00895,-1.94565,1.10136,1.16858,2.20139,-0.000724179,-0.000962686,-0.000447076,0.000782488,-4.39817e-05,-3.06949e-05,0.000663391,0,0,0,0,0,0,0,-0.176685,26.766,-24.6374,7.44724,0.830705,2.4996,0.0258276,-0.187908,2.15578,-3.02684,1.88656,0.180082,0.909902,0.0591141
1730955,1,-2.75261,-1.32534,1.01105,-1.94698,1.10108,1.16772,2.20138,-2.75266,-1.32422,1.00895,-1.94565,1.10136,1.16858,2.20139,0.00072364,0.00121425,0.000258761,0.000521659,-2.93212e-05,0.000216896,-0.0022026,0,0,0,0,0,0,0,-0.22826,26.6867,-24.6612,7.44724,0.830705,2.49319,0.0972387,-0.187672,2.15541,-3.02633,1.88662,0.18008,0.909821,0.0586674
1730956,1,-2.75261,-1.32534,1.01105,-1.94698,1.10108,1.16772,2.20139,-2.75266,-1.32422,1.00895,-1.94565,1.10136,1.16858,2.20139,0.000482427,-0.000396926,0.000172508,-0.000858654,0.000387354,-9.27618e-05,-4.42439e-05,0,0,0,0,0,0,0,-0.22826,26.7383,-24.6612,7.49881,0.819719,2.4996,0.0587866,-0.1884,2.15519,-3.02573,1.88627,0.180056,0.909756,0.0582412
1730957,1,-2.75261,-1.32534,1.01105,-1.94698,1.10108,1.16772,2.20139,-2.75266,-1.32422,1.00895,-1.94565,1.10136,1.16858,2.20139,-0.000884808,0.000292194,0.000115005,7.71782e-05,-0.000352116,0.000175518,0.000445222,0,0,0,0,0,0,0,-0.176685,26.7144,-24.6612,7.47104,0.836199,2.49319,0.0459692,-0.188829,2.15491,-3.02546,1.88643,0.180085,0.909729,0.0578773
1730958,1,-2.75261,-1.32534,1.01105,-1.94698,1.10108,1.16771,2.20138,-2.75266,-1.32422,1.00895,-1.94565,1.10136,1.16858,2.20139,5.97418e-05,-0.000362016,7.66701e-05,-0.00115497,0.000375608,-0.000120347,-0.00112734,0,0,0,0,0,0,0,-0.204456,26.7383,-24.6612,7.52262,0.819719,2.4996,0.0844213,-0.187774,2.15437,-3.02558,1.88759,0.180211,0.909706,0.0575861
1730959,1,-2.75261,-1.32534,1.01105,-1.94698,1.10108,1.16771,2.20138,-2.75266,-1.32422,1.00895,-1.94565,1.10136,1.16858,2.20139,0.00059664,0.000315468,-0.00106251,-0.000769982,-0.000359946,-8.02314e-05,-0.000751559,0,0,0,0,0,0,0,-0.22826,26.7144,-24.6136,7.52262,0.836199,2.4996,0.0844213,-0.18635,2.15342,-3.02528,1.8893,0.180387,0.909666,0.0573586
1730960,1,-2.75261,-1.32534,1.01105,-1.94698,1.10108,1.16772,2.20138,-2.75266,-1.32422,1.00895,-1.94565,1.10136,1.16858,2.20139,-0.00136548,0.000210312,0.00161171,0.000693104,0.000370387,-5.34876e-05,-0.000975757,0,0,0,0,0,0,0,-0.152882,26.7144,-24.7128,7.47104,0.819719,2.4996,0.0972387,-0.185048,2.1523,-3.02477,1.89103,0.180556,0.909614,0.0572128
1730961,1,-2.75261,-1.32534,1.01105,-1.94698,1.10108,1.16772,2.20138,-2.75266,-1.32422,1.00895,-1.94565,1.10136,1.16858,2.20139,0.000852919,0.000789822,0.00107447,0.000462069,4.34743e-05,-3.56584e-05,6.15719e-05,0,0,0,0,0,0,0,-0.22826,26.6867,-24.7128,7.47104,0.825212,2.4996,0.0780126,-0.183802,2.15187,-3.02564,1.89224,0.180663,0.909613,0.0571754
1730962,1,-2.75261,-1.32534,1.01105,-1.94698,1.10108,1.16771,2.20138,-2.75266,-1.32422,1.00895,-1.94565,1.10136,1.16858,2.20139,1.18009e-05,-0.000679878,-0.000490111,-0.000341568,-0.000174468,-2.37723e-05,-0.00043367,0,0,0,0,0,0,0,-0.204456,26.7383,-24.6612,7.49881,0.830705,2.4996,0.09083,-0.183899,2.15244,-3.02734,1.89247,0.180681,0.909659,0.0572518
1730963,1,-2.75261,-1.32534,1.01105,-1.94698,1.10108,1.16771,2.20138,-2.75266,-1.32422,1.00895,-1.94565,1.10136,1.16858,2.20139,-0.00119856,0.00010356,-0.00032674,-0.000227712,8.71388e-05,-0.000253207,0.000185605,0,0,0,0,0,0,0,-0.152882,26.7144,-24.6612,7.49881,0.825212,2.50601,0.0780126,-0.184241,2.1529,-3.02824,1.89264,0.180705,0.909651,0.0574312
1730964,1,-2.75261,-1.32534,1.01104,-1.94698,1.10108,1.16771,2.20138,-2.75266,-1.32422,1.00895,-1.94565,1.10136,1.16858,2.20139,-0.000242227,6.904e-05,-0.00198106,0.00105462,5.80925e-05,-0.000168805,-0.000350982,0,0,0,0,0,0,0,-0.176685,26.7144,-24.5858,7.44724,0.825212,2.50601,0.09083,-0.183509,2.15205,-3.02735,1.89325,0.18077,0.9095,0.0576994
1730965,1,-2.75261,-1.32534,1.01105,-1.94698,1.10108,1.16772,2.20138,-2.75266,-1.32422,1.00895,-1.94565,1.10136,1.16858,2.20139,-0.000718297,4.60267e-05,0.000442528,0.000146267,-0.000164722,0.000362181,-0.000233988,0,0,0,0,0,0,0,-0.152882,26.7144,-24.6612,7.47104,0.830705,2.49319,0.09083,-0.182759,2.15034,-3.02498,1.89357,0.180804,0.909241,0.0580409
1730966,1,-2.75261,-1.32534,1.01105,-1.94698,1.10108,1.16771,2.20138,-2.75266,-1.32422,1.00895,-1.94565,1.10136,1.16858,2.20139,0.000727561,-0.00117574,-0.000261793,9.75112e-05,-0.000109815,4.09531e-06,0.000556085,0,0,0,0,0,0,0,-0.204456,26.766,-24.6374,7.47104,0.830705,2.4996,0.071604,-0.183009,2.1498,-3.02337,1.8932,0.180798,0.909049,0.0584465
1730967,1,-2.75261,-1.32534,1.01105,-1.94697,1.10108,1.16772,2.20138,-2.75266,-1.32422,1.00895,-1.94565,1.10136,1.16858,2.20139,-0.000164573,0.000422598,0.00158871,0.00173544,0.000130241,2.73021e-06,-0.000103995,0,0,0,0,0,0,0,-0.176685,26.7144,-24.7128,7.39963,0.825212,2.4996,0.0844213,-0.18509,2.15161,-3.02378,1.89166,0.180717,0.909014,0.0589037
1730968,1,-2.75261,-1.32534,1.01105,-1.94698,1.10108,1.16772,2.20138,-2.75266,-1.32422,1.00895,-1.94565,1.10136,1.16858,2.20139,-0.000666527,-0.00027508,-0.000704099,4.33383e-05,0.000290278,0.000239179,-6.93297e-05,0,0,0,0,0,0,0,-0.152882,26.7383,-24.6374,7.44724,0.819719,2.49319,0.0844213,-0.187652,2.15423,-3.02531,1.88952,0.180586,0.909049,0.0593933
1730969,1,-2.75261,-1.32534,1.01105,-1.94698,1.10108,1.16772,2.20138,-2.75266,-1.32422,1.00895,-1.94565,1.10136,1.16858,2.20139,0.000762074,-0.000833,0.000737027,2.88922e-05,0.000193518,0.000159453,-0.000520938,0,0,0,0,0,0,0,-0.204456,26.766,-24.689,7.44724,0.819719,2.49319,0.0972387,-0.189556,2.15653,-3.02687,1.88776,0.180486,0.909089,0.0599035
1730970,1,-2.75261,-1.32534,1.01105,-1.94698,1.10108,1.16772,2.20138,-2.75266,-1.32422,1.00895,-1.94565,1.10136,1.16858,2.20139,-0.000141564,0.000651092,-0.000158263,1.92615e-05,-7.44382e-05,-0.000131057,0.000127426,0,0,0,0,0,0,0,-0.176685,26.7144,-24.6612,7.44724,0.825212,2.4996,0.0844213,-0.191418,2.15864,-3.02827,1.88634,0.180412,0.909149,0.0604353
1730971,1,-2.75261,-1.32534,1.01105,-1.94698,1.10108,1.16772,2.20138,-2.75266,-1.32422,1.00895,-1.94565,1.10136,1.16858,2.20139,-9.43762e-05,-0.00012275,-0.000105508,-0.000543971,-0.000253076,-8.73714e-05,-0.000152408,0,0,0,0,0,0,0,-0.176685,26.7383,-24.6612,7.47104,0.830705,2.4996,0.09083,-0.192322,2.15947,-3.02896,1.88576,0.180383,0.909184,0.0609947
1730972,1,-2.75261,-1.32534,1.01105,-1.94698,1.10108,1.16771,2.20138,-2.75266,-1.32422,1.00895,-1.94565,1.10136,1.16858,2.20139,-0.000619729,0.000474978,-0.000627151,-0.000362647,3.47332e-05,-5.82476e-05,0.000373112,0,0,0,0,0,0,0,-0.152882,26.7144,-24.6374,7.47104,0.825212,2.4996,0.0780126,-0.191365,2.15844,-3.02852,1.88647,0.180441,0.909149,0.0615782
1730973,1,-2.75261,-1.32534,1.01105,-1.94698,1.10108,1.16771,2.20138,-2.75266,-1.32422,1.00895,-1.94565,1.10136,1.16858,2.20139,0.000143659,-0.00024016,-0.000418101,0.000315047,0.000226606,-0.000276191,-0.000463335,0,0,0,0,0,0,0,-0.176685,26.7383,-24.6374,7.44724,0.819719,2.50601,0.0972387,-0.189516,2.15644,-3.02719,1.88768,0.180534,0.909052,0.0621736
1730974,1,-2.75261,-1.32534,1.01105,-1.94698,1.10108,1.16771,2.20138,-2.75266,-1.32422,1.00895,-1.94565,1.10136,1.16858,2.20139,0.000745387,0.000396705,0.000278078,0.000210031,-0.000459281,5.32318e-05,0.000403187,0,0,0,0,0,0,0,-0.204456,26.7144,-24.6612,7.44724,0.836199,2.4996,0.0780126,-0.188777,2.15491,-3.02574,1.88809,0.180562,0.908958,0.0627709
1730975,1,-2.75261,-1.32534,1.01105,-1.94698,1.10108,1.16772,2.20139,-2.75266,-1.32422,1.00895,-1.94565,1.10136,1.16858,2.20139,0.000496924,0.00026447,0.000185385,-0.000416791,-0.000102737,0.000272847,3.14322e-05,0,0,0,0,0,0,0,-0.204456,26.7144,-24.6612,7.47104,0.830705,2.49319,0.0844213,-0.189579,2.1543,-3.02483,1.88761,0.180519,0.908929,0.0633677
1730976,1,-2.75261,-1.32534,1.01105,-1.94698,1.10108,1.16771,2.20139,-2.75266,-1.32422,1.00895,-1.94565,1.10136,1.16858,2.20139,-0.000318331,-0.000380498,0.00012359,0.000278951,0.000134959,-0.00029282,0.000970391,0,0,0,0,0,0,0,-0.176685,26.7383,-24.6612,7.44724,0.825212,2.50601,0.0587866,-0.190578,2.15421,-3.02458,1.88702,0.18048,0.90895,0.0639574
1730977,1,-2.75261,-1.32534,1.01105,-1.94698,1.10108,1.16771,2.20139,-2.75266,-1.32422,1.00895,-1.94565,1.10136,1.16858,2.20139,-0.000769033,0.000303146,0.00128882,-0.00157727,0.000293423,-0.000195213,0.00139291,0,0,0,0,0,0,0,-0.152882,26.7144,-24.7128,7.52262,0.819719,2.50601,0.038645,-0.189968,2.1543,-3.02545,1.88733,0.180528,0.909023,0.0645241
1730978,1,-2.75261,-1.32534,1.01105,-1.94698,1.10108,1.16771,2.20138,-2.75266,-1.32422,1.00895,-1.94565,1.10136,1.16858,2.20139,0.00125055,0.000851712,-0.000904025,0.000154912,0.000195616,0.000107217,-0.000292095,0,0,0,0,0,0,0,-0.22826,26.6867,-24.6374,7.47104,0.819719,2.4996,0.071604,-0.18801,2.15372,-3.0266,1.88863,0.180645,0.909125,0.0650327
1730979,1,-2.75261,-1.32534,1.01105,-1.94698,1.10108,1.16771,2.20139,-2.75266,-1.32422,1.00895,-1.94565,1.10136,1.16858,2.20139,-0.000372726,-8.18063e-05,-4.58713e-05,0.000103275,-0.000683392,-0.000165881,0.00150069,0,0,0,0,0,0,0,-0.176685,26.7144,-24.6612,7.47104,0.841692,2.50601,0.0258276,-0.187015,2.15247,-3.02647,1.88946,0.180705,0.909167,0.0654468
1730980,1,-2.75261,-1.32534,1.01105,-1.94698,1.10108,1.16771,2.20138,-2.75266,-1.32422,1.00895,-1.94565,1.10136,1.16858,2.20139,-0.000248484,-0.000611349,-0.000587393,6.88499e-05,-4.86934e-05,-0.000110587,-0.000457601,0,0,0,0,0,0,0,-0.176685,26.7383,-24.6374,7.47104,0.830705,2.50601,0.0651953,-0.186846,2.15157,-3.02568,1.88953,0.180715,0.909147,0.0657521
1730981,1,-2.75261,-1.32534,1.01105,-1.94698,1.10108,1.16771,2.20139,-2.75266,-1.32422,1.00895,-1.94565,1.10136,1.16858,2.20139,-0.000165656,-0.000407566,0.000165217,0.000602712,0.000611798,-0.000311084,0.00016965,0,0,0,0,0,0,0,-0.176685,26.7383,-24.6612,7.44724,0.81331,2.51242,0.0523779,-0.186876,2.15168,-3.02534,1.88912,0.180714,0.909126,0.065944
1730982,1,-2.75261,-1.32534,1.01105,-1.94698,1.10108,1.16771,2.20138,-2.75266,-1.32422,1.00895,-1.94565,1.10136,1.16858,2.20139,-0.000110437,0.000285101,0.000110144,-0.000155004,0.000407865,2.99697e-05,-0.000598977,0,0,0,0,0,0,0,-0.176685,26.7144,-24.6612,7.47104,0.81331,2.50601,0.071604,-0.187188,2.15245,-3.02553,1.88833,0.180686,0.909143,0.0660386
1730983,1,-2.75261,-1.32534,1.01105,-1.94698,1.10108,1.16771,2.20139,-2.75266,-1.32422,1.00895,-1.94565,1.10136,1.16858,2.20139,-7.36249e-05,0.000839681,7.34297e-05,-0.000103336,-0.00037235,1.99798e-05,0.000550118,0,0,0,0,0,0,0,-0.176685,26.6867,-24.6612,7.47104,0.830705,2.50601,0.0459692,-0.186939,2.15254,-3.02569,1.88796,0.180659,0.909193,0.0660663
1730984,1,-2.75261,-1.32534,1.01105,-1.94698,1.10108,1.16771,2.20139,-2.75266,-1.32422,1.00895,-1.94565,1.10136,1.16858,2.20139,-0.000605895,-0.000646638,0.000698567,-6.88907e-05,-0.000248233,1.33199e-05,0.000366745,0,0,0,0,0,0,0,-0.152882,26.7383,-24.689,7.47104,0.830705,2.50601,0.0459692,-0.185803,2.15199,-3.02599,1.88826,0.180659,0.909277,0.0660457
1730985,1,-2.75261,-1.32534,1.01105,-1.94698,1.10108,1.16772,2.20138,-2.75266,-1.32422,1.00895,-1.94565,1.10136,1.16858,2.20139,0.000802496,0.000775334,-0.000740715,0.000510885,-0.000368939,0.000483598,-0.000704939,0,0,0,0,0,0,0,-0.204456,26.6867,-24.6374,7.44724,0.836199,2.49319,0.071604,-0.184917,2.15173,-3.0265,1.8884,0.180648,0.909385,0.0659737
1730986,1,-2.75261,-1.32534,1.01105,-1.94698,1.10108,1.16771,2.20139,-2.75266,-1.32422,1.00895,-1.94565,1.10136,1.16858,2.20139,0.000534997,-0.000689537,6.30023e-05,-0.000216222,0.000364392,8.50396e-05,0.000242118,0,0,0,0,0,0,0,-0.204456,26.7383,-24.6612,7.47104,0.819719,2.4996,0.0523779,-0.185727,2.15185,-3.02638,1.88762,0.180575,0.909473,0.0658531
1730987,1,-2.75261,-1.32534,1.01105,-1.94698,1.10108,1.16771,2.20139,-2.75266,-1.32422,1.00895,-1.94565,1.10136,1.16858,2.20139,0.000356665,-0.000459691,4.20015e-05,-0.000144148,3.94775e-05,-0.000418025,0.000907397,0,0,0,0,0,0,0,-0.204456,26.7383,-24.6612,7.47104,0.825212,2.51242,0.0322363,-0.187954,2.15286,-3.02634,1.88618,0.180472,0.909583,0.0657038
1730988,1,-2.75261,-1.32534,1.01105,-1.94698,1.10108,1.16771,2.20139,-2.75266,-1.32422,1.00895,-1.94565,1.10136,1.16858,2.20139,0.000237777,0.000250351,2.8001e-05,0.000460713,2.63183e-05,-0.000278683,0.00107965,0,0,0,0,0,0,0,-0.204456,26.7144,-24.6612,7.44724,0.825212,2.51242,0.0194189,-0.190421,2.15448,-3.02683,1.88465,0.180375,0.909726,0.0655266
1730989,1,-2.75261,-1.32534,1.01104,-1.94698,1.10108,1.16771,2.20139,-2.75266,-1.32422,1.00895,-1.94565,1.10136,1.16858,2.20139,-0.000491096,-0.000389911,-0.000538145,-0.000899284,-0.000185905,5.15701e-05,-0.000500937,0,0,0,0,0,0,0,-0.176685,26.7383,-24.6374,7.49881,0.830705,2.50601,0.0523779,-0.191864,2.15538,-3.02706,1.88374,0.180321,0.909849,0.0652952
1730990,1,-2.75261,-1.32534,1.01105,-1.94698,1.10108,1.16771,2.20139,-2.75266,-1.32422,1.00895,-1.94565,1.10136,1.16858,2.20139,0.00143584,0.000296871,0.000198049,-0.00115633,-0.000123937,3.43801e-05,0.000174668,0,0,0,0,0,0,0,-0.252064,26.7144,-24.6612,7.52262,0.830705,2.50601,0.038645,-0.192111,2.15531,-3.02687,1.8839,0.18035,0.909973,0.064994
1730991,1,-2.75261,-1.32534,1.01105,-1.94698,1.10108,1.16772,2.20139,-2.75266,-1.32422,1.00895,-1.94565,1.10136,1.16858,2.20139,-0.00136282,0.000197914,-0.000424779,0.000992348,-0.000286075,0.000260279,-0.000154822,0,0,0,0,0,0,0,-0.152882,26.7144,-24.6374,7.44724,0.836199,2.4996,0.0459692,-0.191829,2.15459,-3.0264,1.88462,0.180417,0.910099,0.0646353
1730992,1,-2.75261,-1.32534,1.01105,-1.94698,1.10108,1.16772,2.20139,-2.75266,-1.32422,1.00895,-1.94565,1.10136,1.16858,2.20139,-0.000351737,-0.000424869,0.000273626,-0.00054486,0.000419635,-0.000538557,0.00088013,0,0,0,0,0,0,0,-0.176685,26.7383,-24.6612,7.49881,0.819719,2.51882,0.0194189,-0.190397,2.15349,-3.02598,1.88561,0.180508,0.910182,0.064235
1730993,1,-2.75261,-1.32534,1.01105,-1.94698,1.10108,1.16772,2.20139,-2.75266,-1.32422,1.00895,-1.94565,1.10136,1.16858,2.20139,0.000415123,0.00092318,-0.000374395,0.000843186,0.000279757,0.00011568,-0.000125324,0,0,0,0,0,0,0,-0.204456,26.6867,-24.6374,7.44724,0.819719,2.50601,0.038645,-0.188592,2.15236,-3.02569,1.88653,0.180592,0.91025,0.0637953
1730994,1,-2.75261,-1.32534,1.01105,-1.94698,1.10108,1.16772,2.20139,-2.75266,-1.32422,1.00895,-1.94565,1.10136,1.16858,2.20139,-0.000372865,-3.41608e-05,0.000956829,-0.000644302,0.000186504,7.71197e-05,-8.35492e-05,0,0,0,0,0,0,0,-0.176685,26.7144,-24.689,7.49881,0.819719,2.50601,0.038645,-0.187475,2.1513,-3.02547,1.88708,0.180628,0.910348,0.0633106
1730995,1,-2.75261,-1.32534,1.01105,-1.94698,1.10108,1.16772,2.20139,-2.75266,-1.32422,1.00895,-1.94565,1.10136,1.16858,2.20139,0.000401037,-2.27738e-05,-0.00112535,0.000776891,-7.91142e-05,0.000288772,0.000656377,0,0,0,0,0,0,0,-0.204456,26.7144,-24.6136,7.44724,0.825212,2.4996,0.0194189,-0.186857,2.15053,-3.02539,1.88736,0.180631,0.910467,0.0627846
1730996,1,-2.75261,-1.32534,1.01105,-1.94698,1.10108,1.16771,2.20139,-2.75266,-1.32422,1.00895,-1.94565,1.10136,1.16858,2.20139,0.000267358,-0.00122161,0.001013,-0.000688498,-0.000459644,-4.48442e-05,-0.000274492,0,0,0,0,0,0,0,-0.204456,26.766,-24.689,7.49881,0.836199,2.50601,0.038645,-0.18743,2.15095,-3.02563,1.88697,0.180593,0.910606,0.06222
1730997,1,-2.75261,-1.32534,1.01105,-1.94698,1.10108,1.16771,2.20139,-2.75266,-1.32422,1.00895,-1.94565,1.10136,1.16858,2.20139,-0.00102819,-0.000814406,2.57217e-05,0.000190615,0.000100472,-2.98961e-05,-0.000182995,0,0,0,0,0,0,0,-0.152882,26.766,-24.6612,7.47104,0.825212,2.50601,0.038645,-0.188358,2.15299,-3.02713,1.88639,0.180567,0.910812,0.0616184
1730998,1,-2.75261,-1.32534,1.01105,-1.94698,1.10108,1.16771,2.20139,-2.75266,-1.32422,1.00895,-1.94565,1.10136,1.16858,2.20139,0.000520968,0.000663489,1.71478e-05,-0.000522537,0.000270432,0.000217428,0.000115363,0,0,0,0,0,0,0,-0.204456,26.7144,-24.6612,7.49881,0.819719,2.4996,0.0322363,-0.188292,2.15499,-3.02905,1.88642,0.180592,0.911027,0.0609958
1730999,1,-2.75261,-1.32534,1.01105,-1.94698,1.10108,1.16771,2.20139,-2.75266,-1.32422,1.00895,-1.94565,1.10136,1.16858,2.20139,-0.000302302,0.000442326,1.14319e-05,-0.00090517,0.000180288,-9.24068e-05,-0.000906436,0,0,0,0,0,0,0,-0.176685,26.7144,-24.6612,7.52262,0.819719,2.50601,0.0587866,-0.187317,2.15512,-3.02974,1.88731,0.180651,0.911184,0.0603695
1731000,1,-2.75261,-1.32534,1.01105,-1.94698,1.10108,1.16771,2.20139,-2.75266,-1.32422,1.00895,-1.94565,1.10136,1.16858,2.20139,0.00100489,-0.000911542,0.000657235,-4.66348e-05,-8.32586e-05,0.000175754,0.000141695,0,0,0,0,0,0,0,-0.22826,26.766,-24.689,7.49881,0.825212,2.4996,0.038645,-0.186554,2.15471,-3.03007,1.88843,0.1807,0.911342,0.0597523
1731001,1,-2.75261,-1.32534,1.01105,-1.94698,1.10108,1.16771,2.20139,-2.75266,-1.32422,1.00895,-1.94565,1.10136,1.16858,2.20139,0.000113115,4.19193e-05,-0.00132508,0.000618524,-0.000258956,-0.000120189,0.000331822,0,0,0,0,0,0,0,-0.204456,26.7383,-24.6136,7.47104,0.830705,2.50601,0.0322363,-0.187642,2.15538,-3.03035,1.88844,0.180658,0.911487,0.0591565
1731002,1,-2.75261,-1.32534,1.01105,-1.94698,1.10108,1.16772,2.20139,-2.75266,-1.32422,1.00895,-1.94565,1.10136,1.16858,2.20139,0.000632222,2.79462e-05,0.000230237,0.000412349,3.0813e-05,-0.000317485,0.00117065,0,0,0,0,0,0,0,-0.22826,26.7383,-24.6612,7.47104,0.825212,2.51242,0.00660151,-0.190255,2.15626,-3.02962,1.88732,0.180521,0.911542,0.0585829
1731003,1,-2.75261,-1.32534,1.01105,-1.94698,1.10108,1.16771,2.20138,-2.75266,-1.32422,1.00895,-1.94565,1.10136,1.16858,2.20139,-0.00013533,1.86308e-05,0.000153491,0.000831712,2.0542e-05,2.57022e-05,-0.00210178,0,0,0,0,0,0,0,-0.204456,26.7383,-24.6612,7.44724,0.825212,2.50601,0.0844213,-0.193137,2.15701,-3.02864,1.8858,0.180342,0.911562,0.0580125
1731004,1,-2.75261,-1.32534,1.01104,-1.94698,1.10108,1.16771,2.20139,-2.75266,-1.32422,1.00895,-1.94565,1.10136,1.16858,2.20139,-0.000739834,1.24205e-05,-0.0010113,0.00111129,0.000217145,0.000254494,0.000294233,0,0,0,0,0,0,0,-0.176685,26.7383,-24.6136,7.42344,0.819719,2.4996,0.038645,-0.195235,2.15749,-3.02772,1.88435,0.180165,0.911551,0.0574434
1731005,1,-2.75261,-1.32534,1.01105,-1.94699,1.10108,1.16771,2.20139,-2.75266,-1.32422,1.00895,-1.94565,1.10136,1.16858,2.20139,-0.000493223,-0.000641334,0.00108904,-0.002136,-0.000262138,-0.000305055,-7.5112e-05,0,0,0,0,0,0,0,-0.176685,26.766,-24.689,7.54642,0.830705,2.51242,0.0459692,-0.195113,2.15726,-3.02695,1.88414,0.180097,0.911527,0.0569106
1731006,1,-2.75261,-1.32534,1.01105,-1.94698,1.10108,1.16772,2.20139,-2.75266,-1.32422,1.00895,-1.94565,1.10136,1.16858,2.20139,-0.000328815,0.000222058,-0.000480399,0.000339235,0.000232143,-0.00020337,0.000221193,0,0,0,0,0,0,0,-0.176685,26.7383,-24.6374,7.47104,0.819719,2.51242,0.038645,-0.192721,2.15668,-3.02715,1.88576,0.180184,0.911589,0.0564305
1731007,1,-2.75261,-1.32534,1.01105,-1.94698,1.10108,1.16771,2.20138,-2.75266,-1.32422,1.00895,-1.94565,1.10136,1.16858,2.20139,-0.00021921,0.000148039,0.000236546,0.000782969,-0.00045559,-0.00013558,-0.0013106,0,0,0,0,0,0,0,-0.176685,26.7383,-24.6612,7.44724,0.836199,2.51242,0.0780126,-0.190102,2.15595,-3.02743,1.88757,0.180282,0.911676,0.0559893
1731008,1,-2.75261,-1.32534,1.01105,-1.94698,1.10108,1.16771,2.20138,-2.75266,-1.32422,1.00895,-1.94565,1.10136,1.16858,2.20139,-0.00014614,0.000655504,0.000807311,-0.000684447,-0.000100276,0.000384331,-0.00111109,0,0,0,0,0,0,0,-0.176685,26.7144,-24.689,7.49881,0.830705,2.4996,0.0844213,-0.188078,2.15513,-3.02758,1.88886,0.180328,0.911769,0.0555918
1731009,1,-2.75261,-1.32534,1.01105,-1.94698,1.10108,1.16771,2.20139,-2.75266,-1.32422,1.00895,-1.94565,1.10136,1.16858,2.20139,-9.74267e-05,0.000437003,-0.000111406,-0.00101311,0.0001366,1.88618e-05,0.000208707,0,0,0,0,0,0,0,-0.176685,26.7144,-24.6612,7.52262,0.825212,2.50601,0.0587866,-0.185644,2.15382,-3.02788,1.89068,0.180415,0.91191,0.0552744
1731010,1,-2.75261,-1.32534,1.01105,-1.94698,1.10108,1.16771,2.20139,-2.75266,-1.32422,1.00895,-1.94565,1.10136,1.16858,2.20139,0.000584663,0.000291335,0.000575343,0.000531019,-0.000112384,-0.000462143,0.000139138,0,0,0,0,0,0,0,-0.204456,26.7144,-24.689,7.47104,0.830705,2.51882,0.0587866,-0.183573,2.15232,-3.02802,1.8926,0.180517,0.912072,0.0550581
1731011,1,-2.75261,-1.32534,1.01105,-1.94698,1.10108,1.16771,2.20138,-2.75266,-1.32422,1.00895,-1.94565,1.10136,1.16858,2.20139,0.000946587,-0.000362588,0.000383562,-0.000852413,-7.49226e-05,-7.07366e-05,-0.000856677,0,0,0,0,0,0,0,-0.22826,26.7383,-24.689,7.52262,0.830705,2.51242,0.0844213,-0.183695,2.15211,-3.02849,1.89329,0.180541,0.91228,0.0549267
1731012,1,-2.75261,-1.32534,1.01105,-1.94698,1.10108,1.16771,2.20138,-2.75266,-1.32422,1.00895,-1.94565,1.10136,1.16858,2.20139,-0.000575368,0.0009647,-0.000393906,-1.14634e-05,0.000153502,0.000190201,-0.000808477,0,0,0,0,0,0,0,-0.176685,26.6867,-24.6612,7.49881,0.825212,2.50601,0.09083,-0.184886,2.15245,-3.02896,1.89344,0.180536,0.912504,0.0548692
1731013,1,-2.75261,-1.32534,1.01105,-1.94698,1.10108,1.16772,2.20138,-2.75266,-1.32422,1.00895,-1.94565,1.10136,1.16858,2.20139,0.000266035,-0.000563292,0.00038701,0.000641972,-0.000304566,0.00036416,0.000173092,0,0,0,0,0,0,0,-0.204456,26.7383,-24.689,7.47104,0.836199,2.4996,0.071604,-0.185625,2.1523,-3.02886,1.89364,0.180544,0.912662,0.0548981
1731014,1,-2.75261,-1.32534,1.01105,-1.94698,1.10108,1.16772,2.20138,-2.75266,-1.32422,1.00895,-1.94565,1.10136,1.16858,2.20139,-0.000472257,0.000181284,0.000258007,0.000427981,0.000203857,0.000242773,0.000115395,0,0,0,0,0,0,0,-0.176685,26.7144,-24.689,7.47104,0.825212,2.4996,0.071604,-0.186508,2.1527,-3.02903,1.89329,0.180526,0.912779,0.0550187
1731015,1,-2.75261,-1.32534,1.01105,-1.94698,1.10108,1.16771,2.20138,-2.75266,-1.32422,1.00895,-1.94565,1.10136,1.16858,2.20139,-0.000314838,-0.000435956,0.000172004,0.000842133,-0.000270996,-0.000312869,-0.000635147,0,0,0,0,0,0,0,-0.176685,26.7383,-24.689,7.44724,0.836199,2.51242,0.09083,-0.187455,2.15382,-3.02979,1.89249,0.180495,0.912879,0.0552169
1731016,1,-2.75261,-1.32534,1.01105,-1.94698,1.10108,1.16771,2.20138,-2.75266,-1.32422,1.00895,-1.94565,1.10136,1.16858,2.20139,-0.000209892,-0.000290637,0.00011467,-0.000645004,2.27862e-05,2.87795e-05,-0.000186072,0,0,0,0,0,0,0,-0.176685,26.7383,-24.689,7.49881,0.830705,2.50601,0.0844213,-0.187983,2.15511,-3.03083,1.89181,0.180495,0.912966,0.0554808
1731017,1,-2.75261,-1.32534,1.01105,-1.94698,1.10108,1.16771,2.20138,-2.75266,-1.32422,1.00895,-1.94565,1.10136,1.16858,2.20139,0.000509686,0.000363054,-0.000573168,0.000219611,0.000218641,1.91864e-05,0.000113311,0,0,0,0,0,0,0,-0.204456,26.7144,-24.6612,7.47104,0.825212,2.50601,0.0780126,-0.188357,2.15598,-3.03146,1.89149,0.180539,0.913042,0.0558112
1731018,1,-2.75261,-1.32534,1.01105,-1.94698,1.10108,1.16771,2.20138,-2.75266,-1.32422,1.00895,-1.94565,1.10136,1.16858,2.20139,-0.000866635,-0.000314776,-0.000382112,0.000146407,0.000145761,-0.000224568,0.000312899,0,0,0,0,0,0,0,-0.152882,26.7383,-24.6612,7.47104,0.825212,2.51242,0.071604,-0.188635,2.15592,-3.03107,1.8914,0.180601,0.913065,0.0562023
1731019,1,-2.75261,-1.32534,1.01105,-1.94698,1.10108,1.16771,2.20139,-2.75266,-1.32422,1.00895,-1.94565,1.10136,1.16858,2.20139,-0.000577757,-0.000209851,-0.000254741,-0.000552009,-0.000106277,-0.000149712,0.000683317,0,0,0,0,0,0,0,-0.152882,26.7383,-24.6612,7.49881,0.830705,2.51242,0.0587866,-0.187857,2.15521,-3.03028,1.89188,0.18071,0.91305,0.0566354
1731020,1,-2.75261,-1.32534,1.01105,-1.94698,1.10108,1.16771,2.20138,-2.75266,-1.32422,1.00895,-1.94565,1.10136,1.16858,2.20139,0.000171641,0.000416911,0.000479787,-0.000924818,0.000573409,-9.9808e-05,0.000218186,0,0,0,0,0,0,0,-0.176685,26.7144,-24.689,7.52262,0.81331,2.51242,0.0651953,-0.185858,2.1541,-3.02986,1.89328,0.180886,0.913075,0.0570855
1731021,1,-2.75261,-1.32534,1.01105,-1.94698,1.10108,1.16772,2.20139,-2.75266,-1.32422,1.00895,-1.94565,1.10136,1.16858,2.20139,0.000764041,0.000927555,0.000319858,0.000589881,-0.000261987,-6.65387e-05,0.000382816,0,0,0,0,0,0,0,-0.204456,26.6867,-24.689,7.47104,0.830705,2.51242,0.0587866,-0.184375,2.1529,-3.02979,1.89468,0.181027,0.913179,0.0575253
1731022,1,-2.7526,-1.32534,1.01105,-1.94698,1.10108,1.16771,2.20138,-2.75266,-1.32422,1.00895,-1.94565,1.10136,1.16858,2.20139,0.00162298,-0.00123767,0.00077005,-0.00025636,-0.000174658,0.000193,1.78519e-05,0,0,0,0,0,0,0,-0.252064,26.766,-24.7128,7.49881,0.830705,2.50601,0.0651953,-0.185707,2.15315,-3.03041,1.89452,0.181022,0.913377,0.0579309
1731023,1,-2.75261,-1.32534,1.01105,-1.94698,1.10108,1.16772,2.20139,-2.75266,-1.32422,1.00895,-1.94565,1.10136,1.16858,2.20139,0.000525178,0.000381313,-4.3445e-05,-0.000170907,-0.000116439,0.000128667,0.00170732,0,0,0,0,0,0,0,-0.22826,26.7144,-24.689,7.49881,0.830705,2.50601,0.0194189,-0.189786,2.15549,-3.03193,1.89283,0.180906,0.913657,0.0582904
1731024,1,-2.75261,-1.32534,1.01105,-1.94698,1.10108,1.16771,2.20139,-2.75266,-1.32422,1.00895,-1.94565,1.10136,1.16858,2.20139,-0.00141312,-0.000302604,0.000527849,0.000535676,0.000566634,-0.000151581,0.000154871,0,0,0,0,0,0,0,-0.152882,26.7383,-24.7128,7.47104,0.81331,2.51242,0.0459692,-0.192993,2.15771,-3.03359,1.89148,0.180817,0.913908,0.0585904
1731025,1,-2.75261,-1.32534,1.01105,-1.94698,1.10108,1.16771,2.20139,-2.75266,-1.32422,1.00895,-1.94565,1.10136,1.16858,2.20139,0.000264346,-0.00085135,0.000908711,-0.000292497,-0.000673405,-0.000101054,0.000103247,0,0,0,0,0,0,0,-0.204456,26.766,-24.7366,7.49881,0.841692,2.51242,0.0459692,-0.193665,2.15938,-3.03578,1.8912,0.18081,0.914121,0.0588032
1731026,1,-2.75261,-1.32534,1.01105,-1.94698,1.10108,1.16772,2.20139,-2.75266,-1.32422,1.00895,-1.94565,1.10136,1.16858,2.20139,0.000176231,8.20475e-05,4.89954e-05,-0.000194998,-4.20356e-05,0.00016999,-0.000405886,0,0,0,0,0,0,0,-0.204456,26.7383,-24.7128,7.49881,0.830705,2.50601,0.0587866,-0.193637,2.16134,-3.0386,1.8913,0.180839,0.914354,0.0589194
1731027,1,-2.75261,-1.32534,1.01105,-1.94698,1.10108,1.16772,2.20139,-2.75266,-1.32422,1.00895,-1.94565,1.10136,1.16858,2.20139,-0.000532127,0.00061151,3.26636e-05,-0.00068681,-2.80237e-05,0.000113326,0.000950112,0,0,0,0,0,0,0,-0.176685,26.7144,-24.7128,7.52262,0.830705,2.50601,0.0258276,-0.192983,2.16208,-3.0405,1.89204,0.180911,0.914542,0.0589587
1731028,1,-2.75261,-1.32534,1.01105,-1.94698,1.10108,1.16772,2.20139,-2.75266,-1.32422,1.00895,-1.94565,1.10136,1.16858,2.20139,-0.000911563,0.000407674,-0.000535036,0.000748552,0.000388219,0.000550269,0.00015869,0,0,0,0,0,0,0,-0.152882,26.7144,-24.689,7.47104,0.819719,2.49319,0.038645,-0.190626,2.16049,-3.04071,1.89381,0.181043,0.914597,0.0589346
1731029,1,-2.75261,-1.32534,1.01105,-1.94698,1.10108,1.16771,2.20139,-2.75266,-1.32422,1.00895,-1.94565,1.10136,1.16858,2.20139,0.000598717,-0.00028503,-0.000356691,0.000499035,0.000258812,-0.000345231,0.000343152,0,0,0,0,0,0,0,-0.204456,26.7383,-24.689,7.47104,0.819719,2.51242,0.0322363,-0.188341,2.15811,-3.03973,1.89523,0.181139,0.914533,0.0588375
1731030,1,-2.75261,-1.32534,1.01105,-1.94698,1.10108,1.16771,2.20139,-2.75266,-1.32422,1.00895,-1.94565,1.10136,1.16858,2.20139,0.000955957,0.000366792,0.00087583,-0.000316924,-3.09089e-05,7.20496e-06,-0.000279858,0,0,0,0,0,0,0,-0.22826,26.7144,-24.7366,7.49881,0.825212,2.50601,0.0459692,-0.18841,2.15692,-3.03888,1.89527,0.181121,0.914485,0.058663
1731031,1,-2.75261,-1.32534,1.01105,-1.94698,1.10108,1.16771,2.20139,-2.75266,-1.32422,1.00895,-1.94565,1.10136,1.16858,2.20139,8.04925e-05,0.000244528,2.70747e-05,0.000438331,-0.000224056,-0.000469915,-0.000186572,0,0,0,0,0,0,0,-0.204456,26.7144,-24.7128,7.47104,0.830705,2.51882,0.0459692,-0.190133,2.15682,-3.03893,1.89462,0.181035,0.914529,0.0584246
1731032,1,-2.75261,-1.32534,1.01105,-1.94698,1.10108,1.16771,2.20139,-2.75266,-1.32422,1.00895,-1.94565,1.10136,1.16858,2.20139,0.000610474,-0.000393793,-0.000538762,-0.000357393,-0.000149371,0.0003988,0.000858963,0,0,0,0,0,0,0,-0.22826,26.7383,-24.689,7.49881,0.830705,2.4996,0.0194189,-0.192158,2.15694,-3.03914,1.89391,0.180944,0.91459,0.0581401
1731033,1,-2.75261,-1.32534,1.01105,-1.94698,1.10108,1.16772,2.20139,-2.75266,-1.32422,1.00895,-1.94565,1.10136,1.16858,2.20139,-0.00014983,0.000294283,-0.00100879,-0.000795074,-9.95807e-05,2.8508e-05,-0.000648061,0,0,0,0,0,0,0,-0.204456,26.7144,-24.6612,7.52262,0.830705,2.50601,0.0523779,-0.193699,2.15649,-3.03853,1.89368,0.180904,0.914597,0.0578167
1731034,1,-2.75261,-1.32534,1.01105,-1.94698,1.10108,1.16771,2.20139,-2.75266,-1.32422,1.00895,-1.94565,1.10136,1.16858,2.20139,-9.98863e-05,0.000196189,0.0005339,-0.000530049,0.000137063,-0.000455713,0.000551303,0,0,0,0,0,0,0,-0.204456,26.7144,-24.7128,7.52262,0.825212,2.51882,0.0258276,-0.193723,2.155,-3.03744,1.8946,0.18096,0.914574,0.0574586
1731035,1,-2.75261,-1.32534,1.01105,-1.94698,1.10108,1.16771,2.20139,-2.75266,-1.32422,1.00895,-1.94565,1.10136,1.16858,2.20139,0.000490221,0.000130793,-0.000850492,-0.000353366,0.000294826,0.00017091,-0.000853168,0,0,0,0,0,0,0,-0.22826,26.7144,-24.6612,7.52262,0.819719,2.50601,0.0587866,-0.192872,2.15319,-3.03666,1.89616,0.18106,0.914576,0.0570755
1731036,1,-2.75261,-1.32534,1.01105,-1.94698,1.10108,1.16771,2.20139,-2.75266,-1.32422,1.00895,-1.94565,1.10136,1.16858,2.20139,0.000326814,-0.000469617,0.00119624,0.000321234,-6.89977e-06,0.00011394,0.000889284,0,0,0,0,0,0,0,-0.22826,26.7383,-24.7366,7.49881,0.825212,2.50601,0.0194189,-0.192893,2.15239,-3.0367,1.89714,0.18111,0.914632,0.0566753
1731037,1,-2.75261,-1.32534,1.01105,-1.94698,1.10108,1.16771,2.20139,-2.75266,-1.32422,1.00895,-1.94565,1.10136,1.16858,2.20139,-0.00098855,-0.000962692,-0.000316129,0.00086377,-0.00020805,-0.000398758,0.000118138,0,0,0,0,0,0,0,-0.176685,26.766,-24.689,7.47104,0.830705,2.51882,0.0322363,-0.193765,2.1535,-3.03827,1.89717,0.181093,0.914747,0.0562637
1731038,1,-2.75261,-1.32534,1.01105,-1.94698,1.10108,1.16771,2.20139,-2.75266,-1.32422,1.00895,-1.94565,1.10136,1.16858,2.20139,0.000547393,0.00121425,-0.000210752,0.000575847,6.47503e-05,0.000446238,-0.000429868,0,0,0,0,0,0,0,-0.22826,26.6867,-24.689,7.47104,0.825212,2.4996,0.0459692,-0.194592,2.15502,-3.0401,1.89672,0.181036,0.914835,0.0558349
1731039,1,-2.75261,-1.32534,1.01105,-1.94698,1.10108,1.16771,2.20139,-2.75266,-1.32422,1.00895,-1.94565,1.10136,1.16858,2.20139,-0.000191884,0.000159883,0.000973122,-0.000265716,-0.000160284,-0.000414585,-0.000286578,0,0,0,0,0,0,0,-0.204456,26.7144,-24.7366,7.49881,0.830705,2.51882,0.0459692,-0.195077,2.15536,-3.04116,1.89649,0.180969,0.91489,0.055392
1731040,1,-2.75261,-1.32534,1.01105,-1.94698,1.10108,1.16771,2.20139,-2.75266,-1.32422,1.00895,-1.94565,1.10136,1.16858,2.20139,-0.000127922,-0.000450223,-0.00111449,0.00047247,-0.000106856,-3.90309e-05,-0.00066577,0,0,0,0,0,0,0,-0.204456,26.7383,-24.6612,7.47104,0.830705,2.51242,0.0587866,-0.195182,2.15519,-3.04212,1.89666,0.180931,0.914964,0.0549525
1731041,1,-2.75261,-1.32534,1.01105,-1.94698,1.10107,1.16771,2.20139,-2.75266,-1.32422,1.00895,-1.94565,1.10136,1.16858,2.20139,-0.000734896,0.000256663,0.000463433,0.000871792,-0.000478138,0.000211338,0.000776856,0,0,0,0,0,0,0,-0.176685,26.7144,-24.7128,7.44724,0.841692,2.50601,0.0258276,-0.19502,2.15501,-3.04278,1.89683,0.180917,0.915008,0.0545328
1731042,1,-2.75261,-1.32534,1.01105,-1.94698,1.10108,1.16772,2.20139,-2.75266,-1.32422,1.00895,-1.94565,1.10136,1.16858,2.20139,-0.00048993,0.000820723,-0.000247857,-0.000625231,0.000495043,-0.000333826,4.31863e-05,0,0,0,0,0,0,0,-0.176685,26.6867,-24.689,7.49881,0.819719,2.51882,0.038645,-0.193826,2.15406,-3.04307,1.89746,0.180954,0.915023,0.0541433
1731043,1,-2.75261,-1.32534,1.01105,-1.94698,1.10108,1.16771,2.20139,-2.75266,-1.32422,1.00895,-1.94565,1.10136,1.16858,2.20139,-0.000883432,0.000547148,0.000391574,-0.000416821,0.000126578,1.48085e-05,-0.000717194,0,0,0,0,0,0,0,-0.152882,26.6867,-24.7128,7.49881,0.825212,2.51242,0.0587866,-0.190719,2.15165,-3.04319,1.89943,0.181097,0.915054,0.053776
1731044,1,-2.75261,-1.32534,1.01106,-1.94698,1.10108,1.16771,2.20139,-2.75266,-1.32422,1.00895,-1.94565,1.10136,1.16858,2.20139,-0.000588955,-0.000284848,0.00202429,-0.000277881,-0.000119065,0.000247231,-0.00047813,0,0,0,0,0,0,0,-0.152882,26.7144,-24.7881,7.49881,0.830705,2.50601,0.0587866,-0.186435,2.14932,-3.04448,1.90226,0.181312,0.915184,0.0534269
1731045,1,-2.75261,-1.32534,1.01105,-1.94698,1.10108,1.16771,2.20139,-2.75266,-1.32422,1.00895,-1.94565,1.10136,1.16858,2.20139,-0.00104225,0.000459715,-0.000413713,-0.000742066,0.000124074,-0.000309897,0.000664591,0,0,0,0,0,0,0,-0.125111,26.6867,-24.7128,7.52262,0.825212,2.51882,0.0322363,-0.181834,2.14806,-3.04742,1.90526,0.181555,0.915423,0.0531119
1731046,1,-2.75261,-1.32534,1.01105,-1.94698,1.10108,1.16771,2.20139,-2.75266,-1.32422,1.00895,-1.94565,1.10136,1.16858,2.20139,0.00116121,0.000306477,-0.000275809,-0.00049471,-0.000120735,0.00026812,0.000205702,0,0,0,0,0,0,0,-0.204456,26.6867,-24.7128,7.52262,0.830705,2.50601,0.038645,-0.178155,2.14668,-3.04955,1.90793,0.181775,0.915637,0.0528335
1731047,1,-2.75261,-1.32534,1.01105,-1.94698,1.10108,1.16771,2.20139,-2.75266,-1.32422,1.00895,-1.94565,1.10136,1.16858,2.20139,0.000774137,-0.00165172,-0.000183872,-0.000329807,-0.00028394,0.000178747,-0.000608851,0,0,0,0,0,0,0,-0.204456,26.766,-24.7128,7.52262,0.836199,2.50601,0.0587866,-0.177961,2.14635,-3.0505,1.90884,0.181873,0.915821,0.0525677
1731048,1,-2.75261,-1.32534,1.01105,-1.94698,1.10108,1.16771,2.20138,-2.75266,-1.32422,1.00895,-1.94565,1.10136,1.16858,2.20139,0.000516092,-0.000451534,-0.000122582,0.000336941,-0.000189294,-0.000355553,-0.000643259,0,0,0,0,0,0,0,-0.204456,26.7383,-24.7128,7.49881,0.836199,2.51882,0.0651953,-0.181501,2.14859,-3.05169,1.90754,0.181833,0.916033,0.0523054
1731049,1,-2.75261,-1.32534,1.01105,-1.94699,1.10108,1.16771,2.20139,-2.75266,-1.32422,1.00895,-1.94565,1.10136,1.16858,2.20139,-0.000305553,0.000255789,-0.000638533,-0.000888997,0.000280705,-0.000474395,0.000283237,0,0,0,0,0,0,0,-0.176685,26.7144,-24.689,7.54642,0.825212,2.52523,0.0459692,-0.185604,2.15114,-3.05263,1.90581,0.181769,0.916215,0.0520726
1731050,1,-2.75261,-1.32534,1.01105,-1.94698,1.10108,1.16771,2.20139,-2.75266,-1.32422,1.00895,-1.94565,1.10136,1.16858,2.20139,0.000445912,-0.000386286,0.000687935,0.00172739,0.000187137,0.000158455,0.000188825,0,0,0,0,0,0,0,-0.204456,26.7383,-24.7366,7.44724,0.825212,2.51242,0.0459692,-0.188804,2.15269,-3.05306,1.9044,0.181713,0.916354,0.0518864
1731051,1,-2.75261,-1.32534,1.01105,-1.94698,1.10108,1.16771,2.20139,-2.75266,-1.32422,1.00895,-1.94565,1.10136,1.16858,2.20139,0.000297275,0.000299288,-9.81885e-05,-0.000611648,0.000124758,0.000580354,-0.00129827,0,0,0,0,0,0,0,-0.204456,26.7144,-24.7128,7.52262,0.825212,2.4996,0.0844213,-0.192067,2.15429,-3.05377,1.90262,0.18161,0.916497,0.0517356
1731052,1,-2.75261,-1.32534,1.01105,-1.94698,1.10108,1.16771,2.20139,-2.75266,-1.32422,1.00895,-1.94565,1.10136,1.16858,2.20139,0.000198183,-0.000357287,-0.000622271,-0.000407765,-0.000120279,0.000149544,0.000321281,0,0,0,0,0,0,0,-0.204456,26.7383,-24.689,7.52262,0.830705,2.50601,0.0523779,-0.194776,2.1553,-3.05422,1.90127,0.181527,0.916627,0.0516224
1731053,1,-2.75261,-1.32534,1.01105,-1.94698,1.10108,1.16771,2.20138,-2.75266,-1.32422,1.00895,-1.94565,1.10136,1.16858,2.20139,-0.0010743,0.000318621,0.000141965,-0.000271843,-8.01857e-05,-0.000375022,-0.000497889,0,0,0,0,0,0,0,-0.152882,26.7144,-24.7128,7.52262,0.830705,2.51882,0.071604,-0.195416,2.15493,-3.05411,1.90138,0.181549,0.916711,0.0515658
1731054,1,-2.75261,-1.32534,1.01105,-1.94698,1.10108,1.16771,2.20139,-2.75266,-1.32422,1.00895,-1.94565,1.10136,1.16858,2.20139,0.00104704,0.000212414,0.000651455,0.000375583,0.000149993,0.000462062,0.000380151,0,0,0,0,0,0,0,-0.22826,26.7144,-24.7366,7.49881,0.825212,2.4996,0.0523779,-0.19471,2.15402,-3.05431,1.90226,0.181615,0.916791,0.0515686
1731055,1,-2.75261,-1.32534,1.01105,-1.94698,1.10108,1.16771,2.20138,-2.75266,-1.32422,1.00895,-1.94565,1.10136,1.16858,2.20139,0.000141212,0.000791223,-0.00132893,-0.000306423,-0.000103455,-0.000404035,-0.00164544,0,0,0,0,0,0,0,-0.204456,26.6867,-24.6612,7.52262,0.830705,2.51882,0.103647,-0.194624,2.15292,-3.05428,1.90285,0.181638,0.916864,0.0516208
1731056,1,-2.75261,-1.32534,1.01105,-1.94698,1.10108,1.16771,2.20138,-2.75266,-1.32422,1.00895,-1.94565,1.10136,1.16858,2.20139,0.000650953,0.000527482,0.00032047,0.00155896,-6.897e-05,0.000205361,-0.000622241,0,0,0,0,0,0,0,-0.22826,26.6867,-24.7128,7.44724,0.830705,2.50601,0.09083,-0.195637,2.15128,-3.0531,1.90279,0.18159,0.916871,0.0517271
1731057,1,-2.75261,-1.32534,1.01105,-1.94698,1.10108,1.16771,2.20139,-2.75266,-1.32422,1.00895,-1.94565,1.10136,1.16858,2.20139,0.000990781,-0.000854771,-0.000343166,-0.000167122,-0.00024943,-0.000100452,0.000771968,0,0,0,0,0,0,0,-0.252064,26.7383,-24.689,7.49881,0.836199,2.51242,0.0587866,-0.198204,2.15057,-3.05204,1.90162,0.181464,0.916874,0.0519124
1731058,1,-2.75261,-1.32534,1.01105,-1.94698,1.10108,1.16771,2.20138,-2.75266,-1.32422,1.00895,-1.94565,1.10136,1.16858,2.20139,-0.000453103,-1.30355e-05,0.000884847,0.00109501,3.71635e-05,-6.69677e-05,-0.00114687,0,0,0,0,0,0,0,-0.204456,26.7144,-24.7366,7.44724,0.830705,2.51242,0.103647,-0.201703,2.15177,-3.05244,1.89972,0.181319,0.916953,0.0521834
1731059,1,-2.75261,-1.32534,1.01105,-1.94698,1.10108,1.16772,2.20138,-2.75266,-1.32422,1.00895,-1.94565,1.10136,1.16858,2.20139,-0.000951683,0.00119774,3.3086e-05,-0.00103323,0.000228226,-4.46452e-05,0.000659575,0,0,0,0,0,0,0,-0.176685,26.6629,-24.7128,7.52262,0.825212,2.51242,0.0651953,-0.202775,2.15247,-3.05379,1.89917,0.181294,0.917062,0.0525324
1731060,1,-2.75261,-1.32534,1.01105,-1.94698,1.10108,1.16771,2.20138,-2.75266,-1.32422,1.00895,-1.94565,1.10136,1.16858,2.20139,-0.00119127,-0.000964747,2.20573e-05,0.000517606,0.000152151,0.000207596,-0.000747078,0,0,0,0,0,0,0,-0.152882,26.7383,-24.7128,7.47104,0.825212,2.50601,0.0972387,-0.200036,2.15127,-3.05516,1.90083,0.181444,0.91714,0.0529548
1731061,1,-2.75261,-1.32534,1.01105,-1.94698,1.10108,1.16772,2.20138,-2.75266,-1.32422,1.00895,-1.94565,1.10136,1.16858,2.20139,-0.000794178,-0.000643165,1.47049e-05,-0.000861355,-0.000102017,-0.000336321,-2.3334e-05,0,0,0,0,0,0,0,-0.152882,26.7383,-24.7128,7.52262,0.830705,2.51882,0.0844213,-0.195539,2.15001,-3.05684,1.90344,0.181694,0.917205,0.0534342
1731062,1,-2.75261,-1.32534,1.01105,-1.94698,1.10108,1.16772,2.20139,-2.75266,-1.32422,1.00895,-1.94565,1.10136,1.16858,2.20139,-0.000529452,0.000777649,0.000566615,-0.000574237,-6.80111e-05,-0.000224214,-0.000252915,0,0,0,0,0,0,0,-0.152882,26.6867,-24.7366,7.52262,0.830705,2.51882,0.09083,-0.190592,2.14902,-3.05889,1.90644,0.181987,0.917305,0.0539666
1731063,1,-2.75261,-1.32534,1.01106,-1.94699,1.10108,1.16771,2.20139,-2.75266,-1.32422,1.00895,-1.94565,1.10136,1.16858,2.20139,0.00141027,-0.000687993,0.000377743,-0.000939637,-4.53407e-05,8.7883e-05,0.000543467,0,0,0,0,0,0,0,-0.22826,26.7383,-24.7366,7.54642,0.830705,2.51242,0.071604,-0.186758,2.14814,-3.06096,1.90927,0.182251,0.917476,0.0545507
1731064,1,-2.75261,-1.32534,1.01105,-1.94698,1.10108,1.16771,2.20138,-2.75266,-1.32422,1.00895,-1.94565,1.10136,1.16858,2.20139,-0.000266246,0.000747764,0.000251829,0.00113681,-3.02272e-05,0.000295948,-0.000349766,0,0,0,0,0,0,0,-0.176685,26.6867,-24.7366,7.47104,0.830705,2.50601,0.09083,-0.185891,2.14828,-3.06291,1.91056,0.182384,0.917695,0.0551675
1731065,1,-2.75261,-1.32534,1.01105,-1.94699,1.10107,1.16771,2.20138,-2.75266,-1.32422,1.00895,-1.94565,1.10136,1.16858,2.20139,-0.000734309,0.000498509,-0.000388926,-0.00100536,-0.000427052,-0.000277419,4.18188e-06,0,0,0,0,0,0,0,-0.152882,26.6867,-24.7128,7.54642,0.841692,2.51882,0.0844213,-0.185765,2.14792,-3.06394,1.91121,0.18245,0.91785,0.0558028
1731066,1,-2.75261,-1.32534,1.01105,-1.94698,1.10107,1.16771,2.20138,-2.75266,-1.32422,1.00895,-1.94565,1.10136,1.16858,2.20139,0.000716886,0.000332339,-0.000816096,0.001093,-0.000284702,0.000289772,0.000714865,0,0,0,0,0,0,0,-0.204456,26.6867,-24.689,7.47104,0.841692,2.50601,0.0651953,-0.185118,2.14613,-3.06343,1.91201,0.182522,0.917888,0.0564515
1731067,1,-2.75261,-1.32534,1.01105,-1.94698,1.10108,1.16771,2.20139,-2.75266,-1.32422,1.00895,-1.94565,1.10136,1.16858,2.20139,0.00103474,-0.00163448,-0.000544064,0.00128548,0.0002171,0.000193181,0.000713935,0,0,0,0,0,0,0,-0.22826,26.766,-24.689,7.44724,0.830705,2.50601,0.0587866,-0.187317,2.1456,-3.06215,1.91083,0.182475,0.917867,0.0570934
1731068,1,-2.75261,-1.32534,1.01105,-1.94698,1.10108,1.16771,2.20139,-2.75266,-1.32422,1.00895,-1.94565,1.10136,1.16858,2.20139,0.000133012,0.000116772,0.000750915,-0.000349442,0.000348184,-0.000345931,0.000713316,0,0,0,0,0,0,0,-0.204456,26.7144,-24.7366,7.49881,0.825212,2.51882,0.0523779,-0.192515,2.14773,-3.0618,1.90758,0.182315,0.917893,0.057701
1731069,1,-2.75261,-1.32534,1.01105,-1.94698,1.10108,1.16771,2.20138,-2.75266,-1.32422,1.00895,-1.94565,1.10136,1.16858,2.20139,-0.000560939,7.78483e-05,-0.00126263,-0.000232961,-0.000174778,0.000244098,-0.00142333,0,0,0,0,0,0,0,-0.176685,26.7144,-24.6612,7.49881,0.836199,2.50601,0.103647,-0.196343,2.14966,-3.06209,1.90527,0.182243,0.91796,0.0582561
1731070,1,-2.75261,-1.32534,1.01105,-1.94698,1.10108,1.16771,2.20139,-2.75266,-1.32422,1.00895,-1.94565,1.10136,1.16858,2.20139,-0.000373959,0.000701513,-0.000192138,0.00105112,8.69315e-05,0.000162732,0.00193333,0,0,0,0,0,0,0,-0.176685,26.6867,-24.689,7.44724,0.830705,2.50601,0.0258276,-0.197236,2.14927,-3.06138,1.9047,0.182294,0.917946,0.0587603
1731071,1,-2.75261,-1.32534,1.01105,-1.94698,1.10108,1.16771,2.20139,-2.75266,-1.32422,1.00895,-1.94565,1.10136,1.16858,2.20139,-0.000249306,-0.000738751,0.00042872,0.000143934,-0.000145496,0.000108488,0.000305543,0,0,0,0,0,0,0,-0.176685,26.7383,-24.7128,7.47104,0.836199,2.50601,0.0523779,-0.19688,2.14816,-3.06056,1.90459,0.182376,0.917893,0.0592183
1731072,1,-2.75261,-1.32534,1.01106,-1.94698,1.10108,1.16771,2.20139,-2.75266,-1.32422,1.00895,-1.94565,1.10136,1.16858,2.20139,-0.000166204,-0.0004925,0.00204905,-0.000553658,0.000309904,-0.000165034,0.000441054,0,0,0,0,0,0,0,-0.176685,26.7383,-24.7881,7.49881,0.825212,2.51242,0.0459692,-0.196176,2.14867,-3.06211,1.9046,0.182488,0.917979,0.0596066
1731073,1,-2.75261,-1.32534,1.01105,-1.94698,1.10108,1.16771,2.20138,-2.75266,-1.32422,1.00895,-1.94565,1.10136,1.16858,2.20139,-0.000110803,0.000228478,-0.000397204,-0.000925917,0.000206602,0.000364695,-0.00113012,0,0,0,0,0,0,0,-0.176685,26.7144,-24.7128,7.52262,0.825212,2.4996,0.0844213,-0.194734,2.15015,-3.06564,1.90536,0.182668,0.918208,0.0599067
1731074,1,-2.75261,-1.32534,1.01106,-1.94698,1.10108,1.16771,2.20139,-2.75266,-1.32422,1.00895,-1.94565,1.10136,1.16858,2.20139,0.000575745,0.000801933,0.000941623,0.000589148,-6.57156e-05,0.00024313,0.000942009,0,0,0,0,0,0,0,-0.204456,26.6867,-24.7643,7.47104,0.830705,2.4996,0.038645,-0.193057,2.15066,-3.06855,1.90658,0.182856,0.918415,0.060133
1731075,1,-2.75261,-1.32534,1.01105,-1.94698,1.10108,1.16771,2.20138,-2.75266,-1.32422,1.00895,-1.94565,1.10136,1.16858,2.20139,0.00038383,-0.000114992,-0.000578677,0.000392765,-4.38104e-05,-7.52721e-05,-0.000355338,0,0,0,0,0,0,0,-0.204456,26.7144,-24.7128,7.47104,0.830705,2.50601,0.0651953,-0.192705,2.15048,-3.07009,1.90697,0.182947,0.918526,0.0603043
1731076,1,-2.75261,-1.32534,1.01105,-1.94698,1.10108,1.16771,2.20139,-2.75266,-1.32422,1.00895,-1.94565,1.10136,1.16858,2.20139,-0.000393727,-7.66614e-05,-0.000385785,0.000261843,-0.000232657,-0.00028754,0.000475185,0,0,0,0,0,0,0,-0.176685,26.7144,-24.7128,7.47104,0.836199,2.51242,0.0459692,-0.193437,2.15017,-3.07048,1.90651,0.182966,0.918527,0.060424
1731077,1,-2.75261,-1.32534,1.01105,-1.94699,1.10108,1.16771,2.20139,-2.75266,-1.32422,1.00895,-1.94565,1.10136,1.16858,2.20139,-0.000819297,-5.11076e-05,-0.000814002,-0.00158868,0.000251796,4.56654e-05,0.000588057,0,0,0,0,0,0,0,-0.152882,26.7144,-24.689,7.54642,0.825212,2.50601,0.038645,-0.192842,2.14888,-3.06982,1.90684,0.183056,0.918426,0.060497
1731078,1,-2.75261,-1.32534,1.01105,-1.94698,1.10108,1.16771,2.20139,-2.75266,-1.32422,1.00895,-1.94565,1.10136,1.16858,2.20139,1.06142e-05,-0.000590884,1.41441e-05,0.00126093,-3.55865e-05,-0.000206915,0.000866756,0,0,0,0,0,0,0,-0.176685,26.7383,-24.7128,7.44724,0.830705,2.51242,0.0258276,-0.190831,2.14705,-3.06885,1.90805,0.183224,0.918283,0.0605195
1731079,1,-2.75261,-1.32534,1.01105,-1.94698,1.10108,1.16771,2.20139,-2.75266,-1.32422,1.00895,-1.94565,1.10136,1.16858,2.20139,0.0012135,0.000812503,-0.001197,-0.000365804,0.000179726,9.94154e-05,0.000340478,0,0,0,0,0,0,0,-0.22826,26.6867,-24.6612,7.49881,0.825212,2.50601,0.0322363,-0.190321,2.14583,-3.06762,1.90827,0.183307,0.91813,0.0604697
1731080,1,-2.75261,-1.32534,1.01105,-1.94699,1.10108,1.16771,2.20139,-2.75266,-1.32422,1.00895,-1.94565,1.10136,1.16858,2.20139,0.000809001,-0.000664757,0.00096524,-0.00135749,0.000119817,-0.000171082,-1.03733e-05,0,0,0,0,0,0,0,-0.22826,26.7383,-24.7366,7.54642,0.825212,2.51242,0.038645,-0.191862,2.14523,-3.06633,1.90763,0.183305,0.918034,0.0603338
1731081,1,-2.75261,-1.32534,1.01105,-1.94698,1.10108,1.16771,2.20139,-2.75266,-1.32422,1.00895,-1.94565,1.10136,1.16858,2.20139,-0.0012239,0.000763255,0.000643493,0.000208628,-0.000327023,-0.000114055,-6.91555e-06,0,0,0,0,0,0,0,-0.152882,26.6867,-24.7366,7.49881,0.836199,2.51242,0.038645,-0.192723,2.14506,-3.06648,1.90774,0.183345,0.918063,0.0601182
1731082,1,-2.75261,-1.32534,1.01106,-1.94698,1.10108,1.16771,2.20139,-2.75266,-1.32422,1.00895,-1.94565,1.10136,1.16858,2.20139,0.00039049,-0.000697589,0.00107861,0.000139086,-1.45646e-05,0.000161322,0.000470108,0,0,0,0,0,0,0,-0.204456,26.7383,-24.7643,7.49881,0.830705,2.50601,0.0258276,-0.19192,2.14537,-3.06844,1.90853,0.183424,0.918171,0.0598359
1731083,1,-2.75261,-1.32534,1.01105,-1.94699,1.10108,1.16771,2.20139,-2.75266,-1.32422,1.00895,-1.94565,1.10136,1.16858,2.20139,0.000260327,0.000741366,6.94591e-05,-0.0010209,-9.70975e-06,-0.000129811,7.60461e-05,0,0,0,0,0,0,0,-0.204456,26.6867,-24.7366,7.54642,0.830705,2.51242,0.0322363,-0.191047,2.14611,-3.0711,1.90923,0.18349,0.918311,0.0594939
1731084,1,-2.75261,-1.32534,1.01105,-1.94698,1.10108,1.16771,2.20139,-2.75266,-1.32422,1.00895,-1.94565,1.10136,1.16858,2.20139,-0.00103287,-0.00015537,-0.000510506,0.00741607,0.000196977,0.000150819,0.000288056,0,0,0,0,0,0,0,-0.152882,26.7144,-24.7128,7.47104,0.825212,2.50601,0.0258276,-0.19204,2.14724,-3.07284,1.90796,0.183391,0.918337,0.0590886
1731085,1,-2.75261,-1.32534,1.01106,-1.94698,1.10108,1.16771,2.20139,-2.75266,-1.32422,1.00895,-1.94565,1.10136,1.16858,2.20139,0.000517843,0.000546034,0.000866089,0.00547183,-0.000275583,-0.000374172,-0.000553948,0,0,0,0,0,0,0,-0.204456,26.6867,-24.7643,7.47104,0.836199,2.51882,0.0459692,-0.197397,2.15017,-3.07354,1.90175,0.182889,0.918143,0.0586156
1731086,1,-2.75261,-1.32534,1.01106,-1.94698,1.10108,1.16771,2.20139,-2.75266,-1.32422,1.00895,-1.94565,1.10136,1.16858,2.20139,0.000345228,-0.000285591,0.000577392,0.00339411,-0.000183722,-0.000249448,-9.80311e-05,0,0,0,0,0,0,0,-0.204456,26.7144,-24.7643,7.49881,0.836199,2.51882,0.038645,-0.20657,2.15532,-3.07459,1.89194,0.182102,0.917909,0.0580931
1731087,1,-2.75261,-1.32534,1.01106,-1.94698,1.10108,1.16771,2.20139,-2.75266,-1.32422,1.00895,-1.94565,1.10136,1.16858,2.20139,-0.000419462,-0.000747206,0.000384928,0.00255962,8.09693e-05,7.10602e-05,-0.000811339,0,0,0,0,0,0,0,-0.176685,26.7383,-24.7643,7.49881,0.830705,2.51242,0.0587866,-0.215624,2.16104,-3.07652,1.88274,0.181387,0.917781,0.0575534
1731088,1,-2.75261,-1.32534,1.01105,-1.94698,1.10108,1.16771,2.20139,-2.75266,-1.32422,1.00895,-1.94565,1.10136,1.16858,2.20139,0.000369973,0.000708288,-0.000949807,0.00257869,0.000460881,4.73735e-05,0.000442451,0,0,0,0,0,0,0,-0.204456,26.6867,-24.7128,7.47104,0.819719,2.51242,0.0322363,-0.222332,2.1654,-3.07804,1.87595,0.180883,0.917695,0.0570243
1731089,1,-2.75261,-1.32534,1.01105,-1.94698,1.10108,1.16771,2.20139,-2.75266,-1.32422,1.00895,-1.94565,1.10136,1.16858,2.20139,0.000246649,-0.00138385,-0.000633205,0.000679695,-0.000303098,0.000268941,5.76086e-05,0,0,0,0,0,0,0,-0.204456,26.766,-24.7128,7.52262,0.836199,2.50601,0.038645,-0.226815,2.16751,-3.07799,1.87173,0.180588,0.917593,0.0565217
1731090,1,-2.75261,-1.32534,1.01105,-1.94698,1.10108,1.16771,2.20138,-2.75266,-1.32422,1.00895,-1.94565,1.10136,1.16858,2.20139,0.000164432,0.000933475,-0.000422136,0.00113519,0.000204836,-5.80648e-05,-0.00165702,0,0,0,0,0,0,0,-0.204456,26.6867,-24.7128,7.49881,0.825212,2.51242,0.0844213,-0.229073,2.16782,-3.077,1.87016,0.180506,0.917516,0.0560446
1731091,1,-2.75261,-1.32534,1.01105,-1.94698,1.10108,1.16771,2.20139,-2.75266,-1.32422,1.00895,-1.94565,1.10136,1.16858,2.20139,0.000109622,0.000622317,0.000275388,0.000293915,-6.68933e-05,0.000198649,-0.000155241,0,0,0,0,0,0,0,-0.204456,26.6867,-24.7366,7.52262,0.830705,2.50601,0.0587866,-0.22856,2.16598,-3.07568,1.87131,0.180614,0.917492,0.0556099
1731092,1,-2.75261,-1.32534,1.01105,-1.94698,1.10108,1.16771,2.20138,-2.75266,-1.32422,1.00895,-1.94565,1.10136,1.16858,2.20139,-0.000576533,-0.000234736,0.000183592,0.000823206,0.000362305,-0.000342285,-0.00129029,0,0,0,0,0,0,0,-0.176685,26.7144,-24.7366,7.49881,0.819719,2.51882,0.09083,-0.225519,2.16271,-3.07481,1.87461,0.180862,0.917535,0.0552521
1731093,1,-2.75261,-1.32534,1.01105,-1.94698,1.10108,1.16771,2.20139,-2.75266,-1.32422,1.00895,-1.94565,1.10136,1.16858,2.20139,-0.000941167,-0.000713303,-0.000434417,0.00125126,-0.000165364,9.16884e-06,0.00154731,0,0,0,0,0,0,0,-0.152882,26.7383,-24.7128,7.47104,0.830705,2.51242,0.0258276,-0.220903,2.15972,-3.07497,1.87886,0.181187,0.917621,0.0549893
1731094,1,-2.75261,-1.32534,1.01106,-1.94698,1.10108,1.16771,2.20138,-2.75266,-1.32422,1.00895,-1.94565,1.10136,1.16858,2.20139,-0.00127706,-0.000475535,0.0002672,0.000224185,9.32078e-05,6.11256e-06,-0.00185068,0,0,0,0,0,0,0,-0.125111,26.7383,-24.7366,7.49881,0.825212,2.51242,0.103647,-0.215037,2.15732,-3.07588,1.88354,0.181559,0.917711,0.0548147
1731095,1,-2.75261,-1.32534,1.01106,-1.94698,1.10108,1.16771,2.20139,-2.75266,-1.32422,1.00895,-1.94565,1.10136,1.16858,2.20139,0.00100467,0.000889402,0.000178134,-0.000377633,-0.000141312,-0.000233284,0.000427727,0,0,0,0,0,0,0,-0.204456,26.6867,-24.7366,7.52262,0.830705,2.51882,0.0587866,-0.208574,2.15485,-3.0771,1.88872,0.18196,0.917842,0.0547165
1731096,1,-2.75261,-1.32534,1.01105,-1.94698,1.10108,1.16771,2.20139,-2.75266,-1.32422,1.00895,-1.94565,1.10136,1.16858,2.20139,2.01643e-05,-0.000613491,-0.000438056,0.000327347,-0.000501109,0.000319195,0.000285151,0,0,0,0,0,0,0,-0.176685,26.7383,-24.7128,7.49881,0.841692,2.50601,0.0587866,-0.203424,2.15227,-3.07795,1.89361,0.18232,0.918022,0.0546982
1731097,1,-2.75261,-1.32534,1.01105,-1.94698,1.10108,1.16771,2.20138,-2.75266,-1.32422,1.00895,-1.94565,1.10136,1.16858,2.20139,1.34429e-05,-0.00105861,-0.000292038,0.00023495,-0.000334073,-2.45621e-05,-0.00123405,0,0,0,0,0,0,0,-0.176685,26.766,-24.7128,7.49881,0.841692,2.51242,0.0972387,-0.200236,2.1507,-3.07855,1.89737,0.18261,0.918207,0.0547455
1731098,1,-2.75261,-1.32534,1.01106,-1.94699,1.10108,1.16771,2.20138,-2.75266,-1.32422,1.00895,-1.94565,1.10136,1.16858,2.20139,0.000658576,0.0011503,0.00101173,-0.000944452,-0.000222715,-0.000491093,-0.000110625,0,0,0,0,0,0,0,-0.204456,26.6867,-24.7643,7.54642,0.841692,2.52523,0.0780126,-0.197922,2.14997,-3.07951,1.90058,0.182882,0.918426,0.0548514
1731099,1,-2.75261,-1.32534,1.01105,-1.94698,1.10108,1.16771,2.20138,-2.75266,-1.32422,1.00895,-1.94565,1.10136,1.16858,2.20139,-0.000210563,0.000117254,2.48755e-05,-6.34186e-05,0.000461875,0.000147323,-0.000785827,0,0,0,0,0,0,0,-0.176685,26.7144,-24.7366,7.52262,0.825212,2.51242,0.0972387,-0.195312,2.14864,-3.0807,1.90417,0.183179,0.918696,0.0550362
1731100,1,-2.75261,-1.32534,1.01105,-1.94698,1.10108,1.16771,2.20138,-2.75266,-1.32422,1.00895,-1.94565,1.10136,1.16858,2.20139,-0.000697188,-0.000478643,-0.000540228,-3.5226e-05,0.000511367,9.82152e-05,-4.91667e-05,0,0,0,0,0,0,0,-0.152882,26.7383,-24.7128,7.52262,0.819719,2.51242,0.0844213,-0.192051,2.1467,-3.08154,1.90793,0.183494,0.91893,0.0553054
1731101,1,-2.75261,-1.32534,1.01105,-1.94699,1.10108,1.16771,2.20138,-2.75266,-1.32422,1.00895,-1.94565,1.10136,1.16858,2.20139,0.000741634,0.000237717,-0.000360152,-1.81942e-05,-6.59897e-05,6.54768e-05,-0.000270137,0,0,0,0,0,0,0,-0.204456,26.7144,-24.7128,7.52262,0.830705,2.51242,0.09083,-0.18908,2.14484,-3.08165,1.91113,0.183771,0.91908,0.0556545
1731102,1,-2.75261,-1.32534,1.01105,-1.94698,1.10108,1.16771,2.20138,-2.75266,-1.32422,1.00895,-1.94565,1.10136,1.16858,2.20139,-0.000155191,-0.000398334,-0.000796913,0.00175508,-4.39931e-05,-0.000193708,5.72678e-05,0,0,0,0,0,0,0,-0.176685,26.7383,-24.689,7.44724,0.830705,2.51882,0.0844213,-0.187928,2.14358,-3.08098,1.91284,0.183925,0.91916,0.0560759
1731103,1,-2.75261,-1.32534,1.01105,-1.94698,1.10108,1.16771,2.20138,-2.75266,-1.32422,1.00895,-1.94565,1.10136,1.16858,2.20139,-0.000103461,-0.000265556,2.55364e-05,-3.33999e-05,-0.000232779,-0.000366497,-0.00019918,0,0,0,0,0,0,0,-0.176685,26.7383,-24.7128,7.49881,0.836199,2.52523,0.09083,-0.188289,2.14324,-3.08011,1.9131,0.183963,0.919199,0.0565586
1731104,1,-2.75261,-1.32534,1.01105,-1.94698,1.10108,1.16771,2.20138,-2.75266,-1.32422,1.00895,-1.94565,1.10136,1.16858,2.20139,0.00113745,0.000379775,1.70242e-05,0.000629579,0.000251715,0.000230386,-0.000370146,0,0,0,0,0,0,0,-0.22826,26.7144,-24.7128,7.47104,0.825212,2.51242,0.0972387,-0.189293,2.14354,-3.07966,1.91279,0.183956,0.919276,0.0570949
1731105,1,-2.75261,-1.32534,1.01105,-1.94698,1.10108,1.16771,2.20138,-2.75266,-1.32422,1.00895,-1.94565,1.10136,1.16858,2.20139,0.000201489,-0.000303629,1.13495e-05,-0.000785033,-3.56406e-05,0.000153591,0.000227954,0,0,0,0,0,0,0,-0.204456,26.7383,-24.7128,7.52262,0.830705,2.51242,0.0844213,-0.190842,2.14409,-3.07959,1.91239,0.183937,0.919425,0.0576807
1731106,1,-2.75261,-1.32534,1.01105,-1.94698,1.10108,1.16771,2.20138,-2.75266,-1.32422,1.00895,-1.94565,1.10136,1.16858,2.20139,-0.000515288,0.00100401,0.000564378,3.4712e-05,0.0006205,0.000339753,-8.53896e-05,0,0,0,0,0,0,0,-0.176685,26.6867,-24.7366,7.49881,0.81331,2.50601,0.09083,-0.191182,2.14407,-3.07985,1.91289,0.183977,0.919612,0.0583132
1731107,1,-2.75261,-1.32534,1.01105,-1.94698,1.10108,1.16771,2.20138,-2.75266,-1.32422,1.00895,-1.94565,1.10136,1.16858,2.20139,0.00141971,-0.000537088,-0.00018056,2.40828e-05,-0.000230594,-1.08571e-05,-5.69264e-05,0,0,0,0,0,0,0,-0.252064,26.7383,-24.7128,7.49881,0.830705,2.51242,0.09083,-0.190543,2.14357,-3.08036,1.91398,0.184044,0.919806,0.0589792
1731108,1,-2.75261,-1.32534,1.01105,-1.94698,1.10108,1.16771,2.20138,-2.75266,-1.32422,1.00895,-1.94565,1.10136,1.16858,2.20139,-0.000167149,0.000198753,-0.000677185,0.000666375,0.000253172,-7.23803e-06,-3.7951e-05,0,0,0,0,0,0,0,-0.204456,26.7144,-24.689,7.47104,0.819719,2.51242,0.09083,-0.191161,2.14359,-3.08058,1.91422,0.184033,0.919968,0.0596625
1731109,1,-2.75261,-1.32534,1.01105,-1.94698,1.10108,1.16771,2.20138,-2.75266,-1.32422,1.00895,-1.94565,1.10136,1.16858,2.20139,-0.000761046,0.000132502,0.000105355,-0.000761646,-0.00044157,-0.000242184,0.000212058,0,0,0,0,0,0,0,-0.176685,26.7144,-24.7128,7.52262,0.836199,2.51882,0.0844213,-0.191291,2.14326,-3.08026,1.91458,0.184021,0.92006,0.0603596
1731110,1,-2.75261,-1.32534,1.01105,-1.94698,1.10108,1.16771,2.20138,-2.75266,-1.32422,1.00895,-1.94565,1.10136,1.16858,2.20139,-0.000507364,8.83347e-05,0.000627049,-0.000507367,-9.09296e-05,-0.000161456,0.000141372,0,0,0,0,0,0,0,-0.176685,26.7144,-24.7366,7.52262,0.830705,2.51882,0.0844213,-0.188762,2.14199,-3.08034,1.91648,0.184122,0.920146,0.0610683
1731111,1,-2.75261,-1.32534,1.01106,-1.94698,1.10108,1.16771,2.20138,-2.75266,-1.32422,1.00895,-1.94565,1.10136,1.16858,2.20139,0.000868183,-0.000497922,0.000418033,0.000218865,-6.06198e-05,0.000129721,0.000806325,0,0,0,0,0,0,0,-0.22826,26.7383,-24.7366,7.49881,0.830705,2.51242,0.0651953,-0.185856,2.14136,-3.08155,1.91865,0.184249,0.920304,0.0617736
1731112,1,-2.75261,-1.32534,1.01106,-1.94698,1.10108,1.16771,2.20138,-2.75266,-1.32422,1.00895,-1.94565,1.10136,1.16858,2.20139,-0.000627637,0.000224864,0.00148511,0.000146134,0.000163037,0.00032384,-0.000174527,0,0,0,0,0,0,0,-0.176685,26.7144,-24.7881,7.49881,0.825212,2.50601,0.0844213,-0.184531,2.14232,-3.08393,1.91975,0.184301,0.920535,0.0624532
1731113,1,-2.75261,-1.32534,1.01105,-1.94698,1.10108,1.16771,2.20139,-2.75266,-1.32422,1.00895,-1.94565,1.10136,1.16858,2.20139,0.000788001,-0.000406903,-0.00021635,0.000747204,-9.4759e-05,-2.14657e-05,-0.000116351,0,0,0,0,0,0,0,-0.22826,26.7383,-24.7366,7.47104,0.830705,2.51242,0.0844213,-0.184374,2.14419,-3.08688,1.9199,0.184279,0.920781,0.0630909
1731114,1,-2.75261,-1.32534,1.01106,-1.94698,1.10108,1.16771,2.20139,-2.75266,-1.32422,1.00895,-1.94565,1.10136,1.16858,2.20139,-0.000681092,0.000285543,-0.000144233,-0.000708164,-0.000266623,-1.43104e-05,0.00110923,0,0,0,0,0,0,0,-0.176685,26.7144,-24.7366,7.52262,0.836199,2.51242,0.0523779,-0.184728,2.14569,-3.08892,1.91967,0.18423,0.92095,0.0636866
1731115,1,-2.75261,-1.32534,1.01105,-1.94698,1.10108,1.16771,2.20139,-2.75266,-1.32422,1.00895,-1.94565,1.10136,1.16858,2.20139,-0.000454061,0.000839976,-9.61554e-05,-0.000472015,2.57017e-05,-0.000246899,0.000976844,0,0,0,0,0,0,0,-0.176685,26.6867,-24.7366,7.52262,0.830705,2.51882,0.0459692,-0.183621,2.14521,-3.08937,1.92052,0.184264,0.921009,0.0642404
1731116,1,-2.75261,-1.32535,1.01105,-1.94699,1.10108,1.16771,2.20138,-2.75266,-1.32422,1.00895,-1.94565,1.10136,1.16858,2.20139,0.000346906,-0.00185287,-0.000620916,-0.00142823,-0.000186316,0.000310118,-0.000535566,0,0,0,0,0,0,0,-0.204456,26.7898,-24.7128,7.57022,0.836199,2.50601,0.0780126,-0.181291,2.14362,-3.08903,1.92244,0.184397,0.921022,0.0647226
1731117,1,-2.75261,-1.32534,1.01105,-1.94698,1.10108,1.16772,2.20139,-2.75266,-1.32422,1.00895,-1.94565,1.10136,1.16858,2.20139,0.000231271,0.000527993,0.000142868,0.00192476,0.00028269,-3.06133e-05,0.000592392,0,0,0,0,0,0,0,-0.204456,26.7144,-24.7366,7.44724,0.825212,2.51242,0.0523779,-0.180669,2.14338,-3.08876,1.92336,0.184482,0.921036,0.0651099
1731118,1,-2.75261,-1.32534,1.01105,-1.94698,1.10108,1.16771,2.20139,-2.75266,-1.32422,1.00895,-1.94565,1.10136,1.16858,2.20139,0.000710993,-0.000204817,9.52455e-05,0.000726402,0.00018846,-2.04089e-05,0.00114091,0,0,0,0,0,0,0,-0.22826,26.7383,-24.7366,7.47104,0.825212,2.51242,0.0322363,-0.182813,2.14457,-3.08862,1.92214,0.184398,0.921032,0.0654116
1731119,1,-2.75261,-1.32534,1.01105,-1.94698,1.10108,1.16771,2.20139,-2.75266,-1.32422,1.00895,-1.94565,1.10136,1.16858,2.20139,-8.28169e-05,-0.000136545,-0.000493315,-0.000722128,0.00012564,0.000461112,0.000760609,0,0,0,0,0,0,0,-0.204456,26.7383,-24.7128,7.52262,0.825212,2.4996,0.0322363,-0.18602,2.14595,-3.08834,1.92009,0.184237,0.92101,0.0656253
1731120,1,-2.75261,-1.32534,1.01105,-1.94698,1.10108,1.16771,2.20139,-2.75266,-1.32422,1.00895,-1.94565,1.10136,1.16858,2.20139,-5.52113e-05,-9.10297e-05,-0.000328877,7.54156e-05,-0.00011969,-0.00016731,0.000507073,0,0,0,0,0,0,0,-0.204456,26.7383,-24.7128,7.49881,0.830705,2.51242,0.0322363,-0.188059,2.14654,-3.08771,1.91899,0.184149,0.920963,0.0657292
1731121,1,-2.75261,-1.32534,1.01105,-1.94699,1.10108,1.16771,2.20139,-2.75266,-1.32422,1.00895,-1.94565,1.10136,1.16858,2.20139,-3.68075e-05,-6.06865e-05,0.000337561,-0.00106333,-0.000283244,-0.000348899,0.000100689,0,0,0,0,0,0,0,-0.204456,26.7383,-24.7366,7.54642,0.836199,2.51882,0.038645,-0.188516,2.14637,-3.08713,1.9191,0.18415,0.920918,0.0657112
1731122,1,-2.75261,-1.32534,1.01105,-1.94698,1.10108,1.16771,2.20139,-2.75266,-1.32422,1.00895,-1.94565,1.10136,1.16858,2.20139,0.000532274,-4.04576e-05,0.000225041,0.00040475,1.46211e-05,-0.000469958,0.000304485,0,0,0,0,0,0,0,-0.22826,26.7383,-24.7366,7.49881,0.830705,2.52523,0.0322363,-0.188446,2.14628,-3.08725,1.91974,0.184187,0.920932,0.0655752
1731123,1,-2.75261,-1.32534,1.01105,-1.94698,1.10108,1.16771,2.20139,-2.75266,-1.32422,1.00895,-1.94565,1.10136,1.16858,2.20139,-0.000201963,0.00117945,-0.000406785,0.000919457,0.000416648,-7.59465e-05,0.000677708,0,0,0,0,0,0,0,-0.204456,26.6867,-24.7128,7.47104,0.819719,2.51882,0.0194189,-0.188833,2.1461,-3.08732,1.91998,0.184177,0.920954,0.065332
1731124,1,-2.75261,-1.32534,1.01105,-1.94698,1.10108,1.16771,2.20139,-2.75266,-1.32422,1.00895,-1.94565,1.10136,1.16858,2.20139,-0.000784256,-0.000420123,-0.00027119,-0.000593448,-0.000536036,0.000186728,-0.000260271,0,0,0,0,0,0,0,-0.176685,26.7383,-24.7128,7.52262,0.841692,2.51242,0.038645,-0.188656,2.14494,-3.08657,1.92026,0.184154,0.920915,0.0649884
1731125,1,-2.75261,-1.32534,1.01106,-1.94698,1.10108,1.16771,2.20139,-2.75266,-1.32422,1.00895,-1.94565,1.10136,1.16858,2.20139,0.000126777,0.00027673,0.00102563,-0.000395627,0.000693803,0.000124485,0.000301204,0,0,0,0,0,0,0,-0.204456,26.7144,-24.7643,7.52262,0.81331,2.51242,0.0258276,-0.18712,2.14356,-3.08622,1.92134,0.184202,0.920903,0.0645518
1731126,1,-2.75261,-1.32534,1.01105,-1.94699,1.10108,1.16771,2.20139,-2.75266,-1.32422,1.00895,-1.94565,1.10136,1.16858,2.20139,-0.00112191,0.00139091,3.41411e-05,-0.000820559,0.000225177,0.000320349,-0.000782542,0,0,0,0,0,0,0,-0.152882,26.6629,-24.7366,7.54642,0.819719,2.50601,0.0523779,-0.18424,2.14191,-3.08669,1.92343,0.184318,0.920962,0.0640422
1731127,1,-2.75261,-1.32534,1.01106,-1.94698,1.10108,1.16771,2.20139,-2.75266,-1.32422,1.00895,-1.94565,1.10136,1.16858,2.20139,0.0010153,0.000927275,2.27608e-05,0.000566588,-5.33328e-05,-0.000261152,0.00046165,0,0,0,0,0,0,0,-0.22826,26.6629,-24.7366,7.49881,0.825212,2.51882,0.0258276,-0.180852,2.13909,-3.08665,1.92598,0.184427,0.921006,0.0634828
1731128,1,-2.75261,-1.32534,1.01105,-1.94698,1.10108,1.16771,2.20139,-2.75266,-1.32422,1.00895,-1.94565,1.10136,1.16858,2.20139,0.000120054,-0.000588243,-0.000541638,0.00158415,-3.55552e-05,6.32577e-05,7.04075e-05,0,0,0,0,0,0,0,-0.204456,26.7144,-24.7128,7.44724,0.825212,2.51242,0.0322363,-0.180182,2.13708,-3.08594,1.92667,0.18437,0.921005,0.0628871
1731129,1,-2.75261,-1.32534,1.01106,-1.94698,1.10108,1.16771,2.20139,-2.75266,-1.32422,1.00895,-1.94565,1.10136,1.16858,2.20139,0.000636848,-0.000392162,0.000845334,-0.000707134,-2.37034e-05,4.21718e-05,4.69383e-05,0,0,0,0,0,0,0,-0.22826,26.7144,-24.7643,7.52262,0.825212,2.51242,0.0322363,-0.182765,2.13768,-3.08589,1.9251,0.184157,0.921031,0.0622588
1731130,1,-2.75261,-1.32534,1.01106,-1.94698,1.10108,1.16771,2.20139,-2.75266,-1.32422,1.00895,-1.94565,1.10136,1.16858,2.20139,-0.000132247,-0.000818253,-8.60581e-05,0.000735004,-1.58023e-05,-0.000209244,-0.000477334,0,0,0,0,0,0,0,-0.204456,26.7383,-24.7366,7.47104,0.825212,2.51882,0.0459692,-0.186276,2.14026,-3.08726,1.92297,0.183927,0.921142,0.0616058
1731131,1,-2.75261,-1.32534,1.01106,-1.94698,1.10108,1.16771,2.20139,-2.75266,-1.32422,1.00895,-1.94565,1.10136,1.16858,2.20139,-0.000737778,-0.000545502,0.000592242,0.000490004,-0.000213985,9.78627e-05,-0.000792941,0,0,0,0,0,0,0,-0.176685,26.7383,-24.7643,7.47104,0.830705,2.51242,0.0587866,-0.189234,2.14366,-3.0896,1.92098,0.183726,0.921289,0.0609433
1731132,1,-2.75261,-1.32534,1.01105,-1.94698,1.10108,1.16771,2.20139,-2.75266,-1.32422,1.00895,-1.94565,1.10136,1.16858,2.20139,0.000714574,-0.000363668,-0.000811598,0.00032667,-0.000142657,0.000302601,0.000217358,0,0,0,0,0,0,0,-0.22826,26.7383,-24.7128,7.47104,0.830705,2.50601,0.038645,-0.191538,2.14689,-3.09182,1.91914,0.183548,0.9214,0.0602964
1731133,1,-2.75261,-1.32534,1.01105,-1.94698,1.10108,1.16771,2.20139,-2.75266,-1.32422,1.00895,-1.94565,1.10136,1.16858,2.20139,-0.00128686,-0.000242445,-0.000541065,-0.000431833,0.000108346,0.000201734,0.000144905,0,0,0,0,0,0,0,-0.152882,26.7383,-24.7128,7.49881,0.825212,2.50601,0.038645,-0.192977,2.14881,-3.09275,1.91791,0.183423,0.921426,0.0596872
1731134,1,-2.75261,-1.32534,1.01106,-1.94698,1.10108,1.16771,2.20138,-2.75266,-1.32422,1.00895,-1.94565,1.10136,1.16858,2.20139,-0.000301092,-0.00016163,0.000845716,-0.000844701,7.22306e-05,-0.00010287,-0.000886741,0,0,0,0,0,0,0,-0.176685,26.7383,-24.7643,7.52262,0.825212,2.51242,0.0651953,-0.192073,2.14906,-3.09307,1.91829,0.183426,0.921411,0.0591198
1731135,1,-2.75261,-1.32534,1.01105,-1.94698,1.10108,1.16771,2.20138,-2.75266,-1.32422,1.00895,-1.94565,1.10136,1.16858,2.20139,-0.000200728,0.000449058,-8.58035e-05,0.000643293,4.81537e-05,0.000168779,-0.00059116,0,0,0,0,0,0,0,-0.176685,26.7144,-24.7366,7.47104,0.825212,2.50601,0.0651953,-0.189684,2.14854,-3.09382,1.91969,0.183496,0.921425,0.0585965
1731136,1,-2.75261,-1.32534,1.01105,-1.94698,1.10108,1.16771,2.20139,-2.75266,-1.32422,1.00895,-1.94565,1.10136,1.16858,2.20139,-0.000133819,0.000299372,-0.00117083,0.000428862,-0.000171348,-0.00012484,-0.000156748,0,0,0,0,0,0,0,-0.176685,26.7144,-24.689,7.47104,0.830705,2.51242,0.0587866,-0.187912,2.14736,-3.0937,1.9206,0.183508,0.921382,0.0581324
1731137,1,-2.75261,-1.32534,1.01105,-1.94699,1.10108,1.16772,2.20139,-2.75266,-1.32422,1.00895,-1.94565,1.10136,1.16858,2.20139,0.00111721,0.000199582,-0.000223739,-0.00147733,0.000292669,0.000154133,0.000878846,0,0,0,0,0,0,0,-0.22826,26.7144,-24.7128,7.54642,0.819719,2.50601,0.0322363,-0.187293,2.14544,-3.09203,1.921,0.183469,0.921261,0.0577405
1731138,1,-2.75261,-1.32534,1.01105,-1.94698,1.10108,1.16771,2.20138,-2.75266,-1.32422,1.00895,-1.94565,1.10136,1.16858,2.20139,-0.00101843,0.000782668,-0.000705971,0.000128738,-8.33784e-06,-0.000134604,-0.00205896,0,0,0,0,0,0,0,-0.152882,26.6867,-24.689,7.49881,0.825212,2.51242,0.103647,-0.186838,2.14291,-3.0897,1.92173,0.183449,0.921135,0.0574123
1731139,1,-2.75261,-1.32534,1.01105,-1.94698,1.10108,1.16771,2.20138,-2.75266,-1.32422,1.00895,-1.94565,1.10136,1.16858,2.20139,-0.000122141,0.000521779,8.61645e-05,8.58251e-05,0.000197892,0.000147623,-0.000897922,0,0,0,0,0,0,0,-0.176685,26.6867,-24.7128,7.49881,0.819719,2.50601,0.09083,-0.185327,2.13974,-3.08733,1.923,0.183452,0.920992,0.0571455
1731140,1,-2.75261,-1.32534,1.01106,-1.94698,1.10108,1.16771,2.20138,-2.75266,-1.32422,1.00895,-1.94565,1.10136,1.16858,2.20139,-8.14271e-05,-0.000858573,0.000614255,5.72168e-05,-0.000274973,9.84153e-05,-0.000123897,0,0,0,0,0,0,0,-0.176685,26.7383,-24.7366,7.49881,0.830705,2.50601,0.0780126,-0.183854,2.13767,-3.0862,1.92388,0.183424,0.920893,0.0569726
1731141,1,-2.75261,-1.32534,1.01105,-1.94698,1.10108,1.16771,2.20138,-2.75266,-1.32422,1.00895,-1.94565,1.10136,1.16858,2.20139,-0.000611097,-1.55703e-05,-0.000147309,3.81446e-05,2.01351e-05,6.56102e-05,-0.000557316,0,0,0,0,0,0,0,-0.152882,26.7144,-24.7128,7.49881,0.825212,2.50601,0.09083,-0.183216,2.13777,-3.08688,1.92401,0.183358,0.92088,0.0569173
1731142,1,-2.75261,-1.32534,1.01105,-1.94698,1.10108,1.16771,2.20139,-2.75266,-1.32422,1.00895,-1.94565,1.10136,1.16858,2.20139,0.000149414,-1.03802e-05,-0.000655018,0.000675044,-0.000190027,0.000281099,0.00128997,0,0,0,0,0,0,0,-0.176685,26.7144,-24.689,7.47104,0.830705,2.4996,0.0459692,-0.183031,2.13857,-3.08774,1.92365,0.183267,0.920846,0.0569752
1731143,1,-2.75261,-1.32534,1.01105,-1.94698,1.10108,1.16771,2.20139,-2.75266,-1.32422,1.00895,-1.94565,1.10136,1.16858,2.20139,9.96095e-05,-6.92012e-06,-0.000436678,0.000450029,-0.000330135,-0.000287318,-0.000564174,0,0,0,0,0,0,0,-0.176685,26.7144,-24.689,7.47104,0.836199,2.51242,0.0844213,-0.183834,2.13928,-3.08764,1.92254,0.183124,0.920737,0.0571217
1731144,1,-2.75261,-1.32534,1.01105,-1.94698,1.10108,1.16771,2.20139,-2.75266,-1.32422,1.00895,-1.94565,1.10136,1.16858,2.20139,-0.000490406,-0.00121104,-0.000291119,-0.000349594,-0.00022009,-0.000191546,0.000335961,0,0,0,0,0,0,0,-0.152882,26.766,-24.689,7.49881,0.836199,2.51242,0.0651953,-0.185235,2.14041,-3.08736,1.92105,0.182977,0.920613,0.0573225
1731145,1,-2.75261,-1.32534,1.01105,-1.94699,1.10108,1.16771,2.20138,-2.75266,-1.32422,1.00895,-1.94565,1.10136,1.16858,2.20139,-0.000326937,0.000399066,0.000362733,-0.00134669,0.000260174,-0.000365056,-0.000488103,0,0,0,0,0,0,0,-0.152882,26.7144,-24.7128,7.54642,0.825212,2.51882,0.0844213,-0.18546,2.1417,-3.08776,1.9205,0.182938,0.92055,0.0575642
1731146,1,-2.75261,-1.32534,1.01105,-1.94698,1.10108,1.16771,2.20139,-2.75266,-1.32422,1.00895,-1.94565,1.10136,1.16858,2.20139,0.000338854,0.000266044,0.000241822,0.000215833,0.00017345,-6.01176e-06,0.00109875,0,0,0,0,0,0,0,-0.176685,26.7144,-24.7128,7.49881,0.825212,2.51242,0.0459692,-0.184407,2.14233,-3.08858,1.92108,0.182992,0.920559,0.0578442
1731147,1,-2.75261,-1.32534,1.01105,-1.94698,1.10107,1.16771,2.20139,-2.75266,-1.32422,1.00895,-1.94565,1.10136,1.16858,2.20139,0.000225903,0.000826977,-0.000395597,0.000793502,-0.000494719,-4.00784e-06,0.000495142,0,0,0,0,0,0,0,-0.176685,26.6867,-24.689,7.47104,0.841692,2.51242,0.0523779,-0.183953,2.14237,-3.08889,1.92131,0.182999,0.92057,0.058143
1731148,1,-2.75261,-1.32534,1.01105,-1.94699,1.10108,1.16771,2.20138,-2.75266,-1.32422,1.00895,-1.94565,1.10136,1.16858,2.20139,0.000150602,-0.000655108,-0.000913346,-0.00123424,7.70887e-05,-0.000240031,-0.000144623,0,0,0,0,0,0,0,-0.176685,26.7383,-24.6612,7.54642,0.830705,2.51882,0.0651953,-0.184427,2.142,-3.08808,1.92091,0.182958,0.920531,0.0584257
1731149,1,-2.75261,-1.32534,1.01105,-1.94699,1.10108,1.16771,2.20138,-2.75266,-1.32422,1.00895,-1.94565,1.10136,1.16858,2.20139,0.000750015,0.000769687,4.07169e-05,-0.000822824,0.000254843,0.000314697,-9.64154e-05,0,0,0,0,0,0,0,-0.204456,26.6867,-24.689,7.54642,0.825212,2.50601,0.0651953,-0.1849,2.14127,-3.0866,1.92088,0.182966,0.920494,0.0586734
1731150,1,-2.75261,-1.32534,1.01105,-1.94698,1.10108,1.16771,2.20139,-2.75266,-1.32422,1.00895,-1.94565,1.10136,1.16858,2.20139,-0.000149604,0.000513125,0.000583957,0.000565074,0.000169895,0.000209798,0.000410441,0,0,0,0,0,0,0,-0.176685,26.6867,-24.7128,7.49881,0.825212,2.50601,0.0523779,-0.18524,2.14044,-3.08537,1.92114,0.182993,0.920503,0.0588917
1731151,1,-2.75261,-1.32534,1.01106,-1.94698,1.10108,1.16771,2.20139,-2.75266,-1.32422,1.00895,-1.94565,1.10136,1.16858,2.20139,-9.97359e-05,0.000342083,0.000946116,0.00102633,-9.0187e-05,-9.74935e-05,0.00125697,0,0,0,0,0,0,0,-0.176685,26.6867,-24.7366,7.47104,0.830705,2.51242,0.0258276,-0.185629,2.1402,-3.08525,1.92091,0.182964,0.92055,0.0590824
1731152,1,-2.75261,-1.32534,1.01106,-1.94698,1.10108,1.16771,2.20139,-2.75266,-1.32422,1.00895,-1.94565,1.10136,1.16858,2.20139,-0.00127292,-0.000421558,7.39323e-05,0.00068422,0.000143326,0.000172363,-0.000382722,0,0,0,0,0,0,0,-0.125111,26.7144,-24.7128,7.47104,0.825212,2.50601,0.0587866,-0.18565,2.14092,-3.08634,1.92018,0.1829,0.920602,0.0592249
1731153,1,-2.75261,-1.32534,1.01106,-1.94698,1.10108,1.16771,2.20139,-2.75266,-1.32422,1.00895,-1.94565,1.10136,1.16858,2.20139,-0.000198997,0.000368575,0.00125571,-0.000193467,0.000299001,-0.00012245,0.000728196,0,0,0,0,0,0,0,-0.152882,26.6867,-24.7643,7.49881,0.819719,2.51242,0.0322363,-0.18453,2.14199,-3.08822,1.91976,0.18287,0.920653,0.0593006
1731154,1,-2.75261,-1.32534,1.01105,-1.94698,1.10108,1.16771,2.20139,-2.75266,-1.32422,1.00895,-1.94565,1.10136,1.16858,2.20139,0.00107376,0.000245717,-0.000369283,-0.000128978,-0.000411017,0.000155726,0.000248105,0,0,0,0,0,0,0,-0.204456,26.6867,-24.7128,7.49881,0.836199,2.50601,0.038645,-0.183462,2.14296,-3.09013,1.91957,0.182856,0.920725,0.0593086
1731155,1,-2.75261,-1.32534,1.01105,-1.94698,1.10108,1.16771,2.20139,-2.75266,-1.32422,1.00895,-1.94565,1.10136,1.16858,2.20139,6.62268e-05,-0.000485803,-0.00145261,-0.000642797,-7.05611e-05,0.000341176,0.000402762,0,0,0,0,0,0,0,-0.176685,26.7144,-24.6612,7.52262,0.830705,2.4996,0.0322363,-0.183853,2.14343,-3.09044,1.91908,0.182821,0.920743,0.0592427
1731156,1,-2.75261,-1.32534,1.01105,-1.94698,1.10108,1.16771,2.20139,-2.75266,-1.32422,1.00895,-1.94565,1.10136,1.16858,2.20139,0.000693765,-0.000323869,-0.00096841,0.00012828,-4.70408e-05,-9.90829e-06,0.000505867,0,0,0,0,0,0,0,-0.204456,26.7144,-24.6612,7.49881,0.830705,2.50601,0.0258276,-0.185299,2.14332,-3.08866,1.91831,0.182784,0.920637,0.0590963
1731157,1,-2.75261,-1.32534,1.01105,-1.94698,1.10108,1.16772,2.20139,-2.75266,-1.32422,1.00895,-1.94565,1.10136,1.16858,2.20139,-0.000743916,-0.000772724,0.000560819,-0.000471292,-3.13605e-05,0.000468112,-0.000137473,0,0,0,0,0,0,0,-0.152882,26.7383,-24.7128,7.52262,0.830705,2.49319,0.038645,-0.186767,2.14346,-3.08671,1.91753,0.182765,0.920493,0.058871
1731158,1,-2.75261,-1.32534,1.01105,-1.94698,1.10108,1.16771,2.20139,-2.75266,-1.32422,1.00895,-1.94565,1.10136,1.16858,2.20139,6.08681e-05,4.16624e-05,0.00037388,0.000892231,-2.0907e-05,-0.000162643,0.000620428,0,0,0,0,0,0,0,-0.176685,26.7144,-24.7128,7.47104,0.830705,2.50601,0.0194189,-0.187393,2.14442,-3.0863,1.91698,0.182772,0.920397,0.0585735
1731159,1,-2.75261,-1.32534,1.01105,-1.94698,1.10108,1.16771,2.20138,-2.75266,-1.32422,1.00895,-1.94565,1.10136,1.16858,2.20139,-0.000516233,0.000677389,-0.000307559,0.000594821,0.000392963,-0.000583147,-0.00151916,0,0,0,0,0,0,0,-0.152882,26.6867,-24.689,7.47104,0.819719,2.51882,0.071604,-0.187369,2.14522,-3.08653,1.91646,0.182763,0.920299,0.0582133
1731160,1,-2.75261,-1.32534,1.01105,-1.94698,1.10108,1.16771,2.20139,-2.75266,-1.32422,1.00895,-1.94565,1.10136,1.16858,2.20139,0.000212656,-0.000754833,-0.000205039,0.000953359,-0.000144926,-0.000151405,0.000920006,0,0,0,0,0,0,0,-0.176685,26.7383,-24.689,7.44724,0.830705,2.51242,0.0194189,-0.187441,2.14548,-3.08625,1.91559,0.182705,0.920152,0.0578088
1731161,1,-2.75261,-1.32534,1.01105,-1.94698,1.10108,1.16771,2.20139,-2.75266,-1.32422,1.00895,-1.94565,1.10136,1.16858,2.20139,0.00190501,0.000703204,0.000420119,-0.00112767,-0.000300068,-0.000100937,-0.000370007,0,0,0,0,0,0,0,-0.252064,26.6867,-24.7128,7.52262,0.836199,2.51242,0.0459692,-0.188831,2.14612,-3.08586,1.91415,0.182604,0.920045,0.0573853
1731162,1,-2.75261,-1.32534,1.01105,-1.94698,1.10108,1.16772,2.20138,-2.75266,-1.32422,1.00895,-1.94565,1.10136,1.16858,2.20139,-0.000493232,-0.000180811,0.000280079,0.000454649,3.40543e-06,0.000170068,-0.00190818,0,0,0,0,0,0,0,-0.176685,26.7144,-24.7128,7.47104,0.830705,2.50601,0.09083,-0.191077,2.14696,-3.08576,1.91278,0.182507,0.920033,0.0569531
1731163,1,-2.75261,-1.32534,1.01105,-1.94698,1.10108,1.16772,2.20138,-2.75266,-1.32422,1.00895,-1.94565,1.10136,1.16858,2.20139,-0.000328821,-0.000120541,-0.000370092,0.00141672,-0.00020118,0.000588096,-0.00103476,0,0,0,0,0,0,0,-0.176685,26.7144,-24.689,7.42344,0.836199,2.49319,0.0844213,-0.192457,2.14751,-3.08578,1.91171,0.182445,0.920011,0.0565372
1731164,1,-2.75261,-1.32534,1.01105,-1.94698,1.10108,1.16771,2.20138,-2.75266,-1.32422,1.00895,-1.94565,1.10136,1.16858,2.20139,0.0004304,0.000569253,0.000866896,-0.000169142,-0.00013412,-8.26537e-05,-0.000215125,0,0,0,0,0,0,0,-0.204456,26.6867,-24.7366,7.47104,0.836199,2.50601,0.071604,-0.193028,2.14783,-3.08577,1.91062,0.182397,0.919934,0.0561948
1731165,1,-2.75261,-1.32534,1.01105,-1.94698,1.10108,1.16771,2.20139,-2.75266,-1.32422,1.00895,-1.94565,1.10136,1.16858,2.20139,-0.000919493,0.000379502,2.11185e-05,-0.00131919,0.000114037,-0.000292461,0.00131465,0,0,0,0,0,0,0,-0.152882,26.6867,-24.7128,7.52262,0.830705,2.51242,0.0322363,-0.191982,2.14716,-3.08589,1.91071,0.182455,0.919868,0.0559662
1731166,1,-2.75261,-1.32534,1.01105,-1.94698,1.10108,1.16771,2.20138,-2.75266,-1.32422,1.00895,-1.94565,1.10136,1.16858,2.20139,0.00170705,-0.000953424,-0.000542733,0.000326968,7.60247e-05,-0.000194974,-0.00153107,0,0,0,0,0,0,0,-0.252064,26.7383,-24.689,7.47104,0.830705,2.51242,0.0972387,-0.190158,2.14597,-3.08591,1.91173,0.18261,0.919819,0.0558317
1731167,1,-2.75261,-1.32534,1.01105,-1.94698,1.10108,1.16771,2.20138,-2.75266,-1.32422,1.00895,-1.94565,1.10136,1.16858,2.20139,-0.000625201,-7.88043e-05,0.00019499,0.000217979,0.000254134,0.000344735,-0.000308635,0,0,0,0,0,0,0,-0.176685,26.7144,-24.7128,7.47104,0.825212,2.4996,0.0780126,-0.190177,2.14591,-3.08573,1.9117,0.182713,0.919768,0.0557574
1731168,1,-2.75261,-1.32534,1.01105,-1.94698,1.10108,1.16771,2.20139,-2.75266,-1.32422,1.00895,-1.94565,1.10136,1.16858,2.20139,-0.000973613,-0.000609348,0.000686805,-0.000504295,-3.40281e-05,-0.000482253,-0.000443115,0,0,0,0,0,0,0,-0.152882,26.7383,-24.7366,7.49881,0.830705,2.51882,0.0844213,-0.1899,2.14646,-3.08617,1.91156,0.182821,0.919726,0.0557581
1731169,1,-2.75261,-1.32534,1.01105,-1.94698,1.10108,1.16771,2.20139,-2.75266,-1.32422,1.00895,-1.94565,1.10136,1.16858,2.20139,0.000557351,-0.000406232,-9.89418e-05,-0.000336197,0.000180765,-8.41434e-05,0.000416667,0,0,0,0,0,0,0,-0.204456,26.7383,-24.7128,7.49881,0.825212,2.51242,0.0651953,-0.188063,2.14697,-3.08741,1.91227,0.182995,0.919715,0.0558511
1731170,1,-2.75261,-1.32534,1.01105,-1.94698,1.10108,1.16771,2.20138,-2.75266,-1.32422,1.00895,-1.94565,1.10136,1.16858,2.20139,-0.000278047,0.000285991,-0.00127239,-0.000224131,-8.29404e-05,0.000181263,-0.00019694,0,0,0,0,0,0,0,-0.176685,26.7144,-24.6612,7.49881,0.830705,2.50601,0.0780126,-0.186522,2.14697,-3.08774,1.91298,0.183157,0.919671,0.0560228
1731171,1,-2.75261,-1.32534,1.01105,-1.94698,1.10108,1.16771,2.20138,-2.75266,-1.32422,1.00895,-1.94565,1.10136,1.16858,2.20139,-0.000185365,-0.000366152,0.00091498,0.000500193,-0.000258744,0.000358201,-0.00084337,0,0,0,0,0,0,0,-0.176685,26.7383,-24.7366,7.47104,0.836199,2.4996,0.0972387,-0.185342,2.14616,-3.08682,1.91346,0.183278,0.919557,0.0562537
1731172,1,-2.75261,-1.32534,1.01105,-1.94698,1.10108,1.16771,2.20138,-2.75266,-1.32422,1.00895,-1.94565,1.10136,1.16858,2.20139,0.000526038,-0.000244101,5.31746e-05,-0.000872964,0.000437855,-0.000235917,0.00014983,0,0,0,0,0,0,0,-0.204456,26.7383,-24.7128,7.52262,0.819719,2.51242,0.0780126,-0.184597,2.14589,-3.08645,1.91362,0.183363,0.91948,0.0565412
1731173,1,-2.75261,-1.32534,1.01105,-1.94698,1.10108,1.16772,2.20138,-2.75266,-1.32422,1.00895,-1.94565,1.10136,1.16858,2.20139,-0.000298922,0.0016005,0.000592262,-2.51639e-05,8.84531e-05,8.00809e-05,-0.00108691,0,0,0,0,0,0,0,-0.176685,26.6629,-24.7366,7.49881,0.825212,2.50601,0.110056,-0.183896,2.14548,-3.0865,1.91397,0.183434,0.919455,0.0568958
1731174,1,-2.75261,-1.32534,1.01105,-1.94698,1.10108,1.16771,2.20138,-2.75266,-1.32422,1.00895,-1.94565,1.10136,1.16858,2.20139,-0.000199281,0.000510191,-0.0013684,-0.000573588,5.89688e-05,5.33873e-05,0.000699548,0,0,0,0,0,0,0,-0.176685,26.6867,-24.6612,7.52262,0.825212,2.50601,0.071604,-0.182068,2.143,-3.08527,1.91521,0.183524,0.919364,0.0573222
1731175,1,-2.75261,-1.32534,1.01105,-1.94698,1.10108,1.16771,2.20138,-2.75266,-1.32422,1.00895,-1.94565,1.10136,1.16858,2.20139,0.00107357,-0.000866299,0.000294161,0.00138085,3.93125e-05,0.00027295,-8.35237e-06,0,0,0,0,0,0,0,-0.22826,26.7383,-24.7128,7.44724,0.825212,2.4996,0.0844213,-0.18113,2.14034,-3.08304,1.91581,0.183547,0.919195,0.05781
1731176,1,-2.75261,-1.32534,1.01105,-1.94698,1.10108,1.16771,2.20138,-2.75266,-1.32422,1.00895,-1.94565,1.10136,1.16858,2.20139,0.000158902,-0.000577533,-0.00101032,-0.000842674,0.000467018,0.000181967,0.000231791,0,0,0,0,0,0,0,-0.204456,26.7383,-24.6612,7.52262,0.81331,2.4996,0.0780126,-0.183074,2.1401,-3.08129,1.91452,0.183437,0.919036,0.0583343
1731177,1,-2.75261,-1.32534,1.01105,-1.94698,1.10108,1.16771,2.20139,-2.75266,-1.32422,1.00895,-1.94565,1.10136,1.16858,2.20139,0.000105935,0.00017179,-2.39316e-05,-4.97064e-06,7.39863e-05,-0.000590766,0.000866604,0,0,0,0,0,0,0,-0.204456,26.7144,-24.689,7.49881,0.819719,2.51882,0.0587866,-0.185631,2.14086,-3.07995,1.91295,0.183304,0.918897,0.0588792
1731178,1,-2.75261,-1.32534,1.01105,-1.94698,1.10108,1.16771,2.20138,-2.75266,-1.32422,1.00895,-1.94565,1.10136,1.16858,2.20139,7.06233e-05,0.000764141,0.00109767,0.0006463,4.93242e-05,-0.000393844,-0.0003717,0,0,0,0,0,0,0,-0.204456,26.6867,-24.7366,7.47104,0.819719,2.51882,0.0844213,-0.187133,2.14122,-3.07918,1.91208,0.183183,0.918795,0.059429
1731179,1,-2.75261,-1.32534,1.01105,-1.94698,1.10108,1.16771,2.20138,-2.75266,-1.32422,1.00895,-1.94565,1.10136,1.16858,2.20139,4.70822e-05,-0.000140187,-0.00158827,0.000430867,3.28828e-05,-2.52035e-05,-1.04409e-05,0,0,0,0,0,0,0,-0.204456,26.7144,-24.6374,7.47104,0.819719,2.51242,0.0780126,-0.188205,2.14127,-3.07872,1.91127,0.18302,0.918714,0.0599604
1731180,1,-2.75261,-1.32534,1.01105,-1.94698,1.10108,1.16771,2.20138,-2.75266,-1.32422,1.00895,-1.94565,1.10136,1.16858,2.20139,-0.00117504,-9.34578e-05,0.000147579,-0.000362369,-0.000181529,0.000220557,-0.00024432,0,0,0,0,0,0,0,-0.152882,26.7144,-24.689,7.49881,0.825212,2.50601,0.0844213,-0.188289,2.14061,-3.07758,1.91089,0.182874,0.918583,0.0604691
1731181,1,-2.75261,-1.32534,1.01105,-1.94698,1.10108,1.16771,2.20138,-2.75266,-1.32422,1.00895,-1.94565,1.10136,1.16858,2.20139,-0.000783359,-6.23052e-05,0.000655198,-0.00024158,-0.000121019,-9.03212e-05,-0.00016288,0,0,0,0,0,0,0,-0.152882,26.7144,-24.7128,7.49881,0.825212,2.51242,0.0844213,-0.186109,2.13955,-3.07694,1.91182,0.182829,0.918475,0.0609661
1731182,1,-2.75261,-1.32534,1.01105,-1.94698,1.10108,1.16771,2.20139,-2.75266,-1.32422,1.00895,-1.94565,1.10136,1.16858,2.20139,3.45729e-05,-4.15368e-05,-0.000120013,0.00104537,0.000122771,0.000177145,0.00182419,0,0,0,0,0,0,0,-0.176685,26.7144,-24.689,7.44724,0.819719,2.50601,0.0322363,-0.183206,2.13901,-3.07747,1.91305,0.182805,0.918441,0.0614576
1731183,1,-2.75261,-1.32534,1.01105,-1.94698,1.10108,1.16771,2.20139,-2.75266,-1.32422,1.00895,-1.94565,1.10136,1.16858,2.20139,0.000672663,-2.76912e-05,-8.00088e-05,-0.00106632,8.18474e-05,0.000118097,0.00121613,0,0,0,0,0,0,0,-0.204456,26.7144,-24.689,7.52262,0.819719,2.50601,0.0322363,-0.181996,2.13924,-3.07801,1.91333,0.182705,0.91844,0.0619226
1731184,1,-2.75261,-1.32534,1.01105,-1.94698,1.10108,1.16771,2.20139,-2.75266,-1.32422,1.00895,-1.94565,1.10136,1.16858,2.20139,-0.000201172,-1.84608e-05,-0.000702953,0.000495544,-0.000148886,7.8731e-05,0.000810753,0,0,0,0,0,0,0,-0.176685,26.7144,-24.6612,7.47104,0.825212,2.50601,0.0322363,-0.182176,2.13955,-3.07785,1.91311,0.182564,0.918438,0.0623103
1731185,1,-2.75261,-1.32534,1.01105,-1.94698,1.10108,1.16771,2.20139,-2.75266,-1.32422,1.00895,-1.94565,1.10136,1.16858,2.20139,0.000515499,-1.23072e-05,0.000180978,-0.000319251,-0.000302708,5.24873e-05,-0.000442842,0,0,0,0,0,0,0,-0.204456,26.7144,-24.689,7.49881,0.830705,2.50601,0.0587866,-0.18291,2.13972,-3.07711,1.91271,0.182408,0.918418,0.0625776
1731186,1,-2.75261,-1.32534,1.01105,-1.94698,1.10108,1.16771,2.20139,-2.75266,-1.32422,1.00895,-1.94565,1.10136,1.16858,2.20139,-0.000305948,-8.2048e-06,0.000120652,-0.000212834,1.64547e-06,3.49916e-05,0.00116283,0,0,0,0,0,0,0,-0.176685,26.7144,-24.689,7.49881,0.825212,2.50601,0.0194189,-0.183713,2.14003,-3.07657,1.91231,0.182255,0.918414,0.0627207
1731187,1,-2.75261,-1.32534,1.01105,-1.94698,1.10108,1.16771,2.20139,-2.75266,-1.32422,1.00895,-1.94565,1.10136,1.16858,2.20139,0.000445649,-0.000562282,8.04349e-05,0.000507725,-0.000202354,0.000260687,-0.000208122,0,0,0,0,0,0,0,-0.204456,26.7383,-24.689,7.47104,0.830705,2.4996,0.0459692,-0.184545,2.14082,-3.07662,1.91185,0.182112,0.918438,0.06275
1731188,1,-2.75261,-1.32534,1.01105,-1.94698,1.10108,1.16771,2.20139,-2.75266,-1.32422,1.00895,-1.94565,1.10136,1.16858,2.20139,-0.000909327,-0.00102447,0.000610435,-0.000311131,6.85482e-05,-6.35678e-05,0.000369879,0,0,0,0,0,0,0,-0.152882,26.766,-24.7128,7.49881,0.825212,2.50601,0.0322363,-0.185494,2.14268,-3.07755,1.91108,0.181976,0.918484,0.0626672
1731189,1,-2.75261,-1.32534,1.01105,-1.94698,1.10108,1.16771,2.20139,-2.75266,-1.32422,1.00895,-1.94565,1.10136,1.16858,2.20139,-0.000606218,-3.33651e-05,-0.000149855,-0.000207421,-0.000157752,0.00019498,0.000246586,0,0,0,0,0,0,0,-0.152882,26.7383,-24.689,7.49881,0.830705,2.4996,0.0322363,-0.18523,2.14481,-3.07919,1.91088,0.181912,0.918532,0.0624851
1731190,1,-2.75261,-1.32534,1.01105,-1.94698,1.10108,1.16771,2.20139,-2.75266,-1.32422,1.00895,-1.94565,1.10136,1.16858,2.20139,0.000152667,0.000534569,-0.000749517,-0.00013828,9.82827e-05,-0.000107372,-0.000344236,0,0,0,0,0,0,0,-0.176685,26.7144,-24.6612,7.49881,0.825212,2.50601,0.0459692,-0.183675,2.14545,-3.07978,1.91151,0.181912,0.9185,0.0622182
1731191,1,-2.75261,-1.32534,1.01105,-1.94698,1.10108,1.16771,2.20139,-2.75266,-1.32422,1.00895,-1.94565,1.10136,1.16858,2.20139,0.000101778,0.000356379,0.000149936,0.00111424,6.55218e-05,0.000165778,0.000753854,0,0,0,0,0,0,0,-0.176685,26.7144,-24.689,7.44724,0.825212,2.4996,0.0194189,-0.182659,2.14471,-3.07867,1.91186,0.181873,0.918366,0.0618781
1731192,1,-2.75261,-1.32534,1.01105,-1.94698,1.10108,1.16771,2.20139,-2.75266,-1.32422,1.00895,-1.94565,1.10136,1.16858,2.20139,0.000717466,0.0008872,-0.000549657,-0.0004636,-0.000159769,0.000110518,-0.000480775,0,0,0,0,0,0,0,-0.204456,26.6867,-24.6612,7.49881,0.830705,2.4996,0.0459692,-0.182931,2.1435,-3.07664,1.91143,0.181761,0.918186,0.0614772
1731193,1,-2.75261,-1.32534,1.01105,-1.94698,1.10108,1.16771,2.20139,-2.75266,-1.32422,1.00895,-1.94565,1.10136,1.16858,2.20139,-0.000728115,0.00114828,-0.000366438,-0.000865879,-0.000106513,-0.00016368,0.000900186,0,0,0,0,0,0,0,-0.152882,26.6629,-24.6612,7.52262,0.830705,2.50601,0.0130102,-0.18274,2.14101,-3.07376,1.9116,0.181686,0.917974,0.0610261
1731194,1,-2.75261,-1.32534,1.01105,-1.94698,1.10108,1.16772,2.20138,-2.75266,-1.32422,1.00895,-1.94565,1.10136,1.16858,2.20139,-0.00048541,-0.000997719,-0.000244292,0.00118599,0.000132442,0.000365598,-0.00133266,0,0,0,0,0,0,0,-0.152882,26.7383,-24.6612,7.44724,0.825212,2.49319,0.0651953,-0.181162,2.13789,-3.07081,1.91261,0.181694,0.917735,0.0605296
1731195,0.99,-2.75261,-1.32534,1.01105,-1.94698,1.10108,1.16772,2.20139,-2.75266,-1.32422,1.00895,-1.94565,1.10136,1.16858,2.20139,0.000882819,-0.000665146,0.00104356,-0.000415769,-0.000115156,6.37298e-06,0.000569625,0,0,0,0,0,0,0,-0.204456,26.7383,-24.7128,7.49881,0.830705,2.4996,0.0258276,-0.180651,2.13734,-3.06971,1.91258,0.18167,0.917568,0.0599937
1731196,0.99,-2.75261,-1.32534,1.01105,-1.94698,1.10108,1.16771,2.20139,-2.75266,-1.32422,1.00895,-1.94565,1.10136,1.16858,2.20139,-0.00126749,-0.000443431,0.00069571,-0.000277179,-7.67706e-05,4.24865e-06,-9.49679e-05,0,0,0,0,0,0,0,-0.125111,26.7383,-24.7128,7.49881,0.830705,2.4996,0.038645,-0.181198,2.13952,-3.07109,1.91183,0.181632,0.917538,0.0594444
1731197,0.99,-2.75261,-1.32534,1.01105,-1.94698,1.10108,1.16771,2.20139,-2.75266,-1.32422,1.00895,-1.94565,1.10136,1.16858,2.20139,-0.000844996,0.000261192,-0.000742619,0.00157845,0.000355721,-0.000471885,0.000174047,0,0,0,0,0,0,0,-0.125111,26.7144,-24.6612,7.42344,0.819719,2.51242,0.0322363,-0.180498,2.14165,-3.07302,1.91158,0.181646,0.9175,0.0588952
1731198,0.99,-2.75261,-1.32534,1.01105,-1.94698,1.10108,1.16772,2.20139,-2.75266,-1.32422,1.00895,-1.94565,1.10136,1.16858,2.20139,0.00129271,-0.000382684,0.000711346,0.0010523,0.000237147,0.000634845,0.000116031,0,0,0,0,0,0,0,-0.204456,26.7383,-24.7128,7.42344,0.819719,2.48678,0.0322363,-0.18049,2.14343,-3.07397,1.91039,0.181579,0.917365,0.0583397
1731199,0.99,-2.75261,-1.32534,1.01105,-1.94698,1.10108,1.16771,2.20139,-2.75266,-1.32422,1.00895,-1.94565,1.10136,1.16858,2.20139,-0.00034462,0.000301689,-0.000732195,-0.00161852,0.000158098,-0.000288847,-0.000431272,0,0,0,0,0,0,0,-0.152882,26.7144,-24.6612,7.52262,0.819719,2.50601,0.0459692,-0.182178,2.14527,-3.07419,1.90837,0.181439,0.91722,0.057778
1731200,0.99,-2.75261,-1.32534,1.01105,-1.94698,1.10108,1.16771,2.20139,-2.75266,-1.32422,1.00895,-1.94565,1.10136,1.16858,2.20139,0.000327065,0.000201126,0.000718296,0.000127415,0.000342758,4.47946e-05,-1.62474e-05,0,0,0,0,0,0,0,-0.176685,26.7144,-24.7128,7.47104,0.81331,2.4996,0.038645,-0.182944,2.1459,-3.07384,1.90753,0.181373,0.91709,0.0572211
1731201,0.99,-2.75261,-1.32534,1.01105,-1.94698,1.10108,1.16771,2.20139,-2.75266,-1.32422,1.00895,-1.94565,1.10136,1.16858,2.20139,0.000218044,-0.000422728,-7.7948e-05,8.49436e-05,-0.000415755,2.98631e-05,0.000226527,0,0,0,0,0,0,0,-0.176685,26.7383,-24.689,7.47104,0.830705,2.4996,0.0322363,-0.183116,2.14612,-3.07354,1.90727,0.181331,0.916977,0.0566784
1731202,0.99,-2.75261,-1.32534,1.01105,-1.94698,1.10108,1.16771,2.20139,-2.75266,-1.32422,1.00895,-1.94565,1.10136,1.16858,2.20139,0.000145362,0.000924607,-0.000701579,-0.000592985,-0.00048062,-0.000454809,-0.000594967,0,0,0,0,0,0,0,-0.176685,26.6867,-24.6612,7.49881,0.836199,2.51242,0.0523779,-0.183466,2.14616,-3.0729,1.90692,0.181268,0.916843,0.05615
1731203,0.99,-2.75261,-1.32534,1.01105,-1.94698,1.10108,1.16772,2.20139,-2.75266,-1.32422,1.00895,-1.94565,1.10136,1.16858,2.20139,-0.000459904,0.000616405,-0.00102453,0.000254291,0.000289938,-6.58472e-05,-0.000634004,0,0,0,0,0,0,0,-0.152882,26.6867,-24.6374,7.47104,0.819719,2.50601,0.0587866,-0.182795,2.1443,-3.07057,1.90728,0.181241,0.916611,0.055641
1731204,0.99,-2.75261,-1.32534,1.01105,-1.94698,1.10108,1.16772,2.20139,-2.75266,-1.32422,1.00895,-1.94565,1.10136,1.16858,2.20139,0.000899823,-0.000795489,0.000523405,0.000169527,-0.00041706,-4.38981e-05,0.000323316,0,0,0,0,0,0,0,-0.204456,26.7383,-24.689,7.47104,0.836199,2.50601,0.038645,-0.182098,2.1421,-3.0677,1.90752,0.181207,0.916347,0.0551662
1731205,0.99,-2.75261,-1.32534,1.01105,-1.94698,1.10108,1.16772,2.20139,-2.75266,-1.32422,1.00895,-1.94565,1.10136,1.16858,2.20139,-0.000606544,2.64857e-05,-0.0014143,-0.000536596,-7.45892e-05,-2.92654e-05,0.000452903,0,0,0,0,0,0,0,-0.152882,26.7144,-24.6136,7.49881,0.830705,2.50601,0.0322363,-0.182316,2.14134,-3.06564,1.90709,0.181155,0.916141,0.0547346
1731206,0.99,-2.75261,-1.32534,1.01105,-1.94698,1.10108,1.16771,2.20139,-2.75266,-1.32422,1.00895,-1.94565,1.10136,1.16858,2.20139,-0.000404362,1.76572e-05,0.00082037,-0.000357731,-4.97261e-05,0.000217849,-0.000681409,0,0,0,0,0,0,0,-0.152882,26.7144,-24.689,7.49881,0.830705,2.4996,0.0587866,-0.181618,2.14072,-3.06405,1.90721,0.181172,0.915966,0.0543384
1731207,0.99,-2.75261,-1.32534,1.01105,-1.94698,1.10108,1.16772,2.20139,-2.75266,-1.32422,1.00895,-1.94565,1.10136,1.16858,2.20139,0.000287237,-0.000545041,0.000546914,0.000967939,0.00037375,0.000382591,-0.000216914,0,0,0,0,0,0,0,-0.176685,26.7383,-24.689,7.44724,0.819719,2.49319,0.0523779,-0.180374,2.14078,-3.06372,1.90747,0.181213,0.915865,0.0539684
1731208,0.99,-2.75261,-1.32534,1.01105,-1.94698,1.10108,1.16771,2.20139,-2.75266,-1.32422,1.00895,-1.94565,1.10136,1.16858,2.20139,0.000191491,-0.00156979,-0.00139863,-0.000561133,-0.000157734,1.7702e-05,-0.000381968,0,0,0,0,0,0,0,-0.176685,26.7898,-24.6136,7.49881,0.830705,2.4996,0.0587866,-0.180767,2.14279,-3.06448,1.90651,0.181187,0.915821,0.0536284
1731209,0.99,-2.75261,-1.32534,1.01105,-1.94698,1.10108,1.16771,2.20139,-2.75266,-1.32422,1.00895,-1.94565,1.10136,1.16858,2.20139,0.000127661,0.000716714,0.000830819,0.000275525,9.82944e-05,-0.000225558,0.000966058,0,0,0,0,0,0,0,-0.176685,26.7144,-24.689,7.47104,0.825212,2.50601,0.0258276,-0.182146,2.14538,-3.06493,1.90503,0.181137,0.915759,0.0533309
1731210,0.99,-2.75261,-1.32534,1.01105,-1.94698,1.10108,1.16771,2.20138,-2.75266,-1.32422,1.00895,-1.94565,1.10136,1.16858,2.20139,-0.000471705,-7.90028e-05,0.00111069,0.000740495,-0.000341371,8.69872e-05,-0.00176346,0,0,0,0,0,0,0,-0.152882,26.7383,-24.7128,7.44724,0.836199,2.4996,0.09083,-0.182888,2.14747,-3.06572,1.90392,0.181094,0.915721,0.0530765
1731211,0.99,-2.75261,-1.32534,1.01105,-1.94698,1.10108,1.16771,2.20139,-2.75266,-1.32422,1.00895,-1.94565,1.10136,1.16858,2.20139,0.000891956,-0.000702282,0.000740461,-0.00126957,-2.41304e-05,5.79915e-05,1.11552e-05,0,0,0,0,0,0,0,-0.204456,26.766,-24.7128,7.52262,0.830705,2.4996,0.0587866,-0.183109,2.14975,-3.0677,1.90313,0.181068,0.915766,0.0528619
1731212,0.99,-2.75261,-1.32534,1.01105,-1.94698,1.10108,1.16771,2.20138,-2.75266,-1.32422,1.00895,-1.94565,1.10136,1.16858,2.20139,0.00115145,0.00138785,-0.000712785,-0.000289571,0.000187364,-0.000198698,-0.00070464,0,0,0,0,0,0,0,-0.22826,26.6867,-24.6612,7.49881,0.825212,2.50601,0.0780126,-0.183806,2.15159,-3.06927,1.90264,0.181066,0.915833,0.0527073
1731213,0.99,-2.75261,-1.32534,1.01105,-1.94698,1.10108,1.16772,2.20139,-2.75266,-1.32422,1.00895,-1.94565,1.10136,1.16858,2.20139,0.000210821,-0.000281192,-0.00047519,-0.000749859,-7.85415e-05,0.000104894,0.000242317,0,0,0,0,0,0,0,-0.204456,26.7383,-24.6612,7.52262,0.830705,2.4996,0.0587866,-0.184835,2.15149,-3.06854,1.90253,0.181079,0.915802,0.0526284
1731214,0.99,-2.75261,-1.32534,1.01105,-1.94698,1.10108,1.16772,2.20138,-2.75266,-1.32422,1.00895,-1.94565,1.10136,1.16858,2.20139,-0.000509067,0.000369351,0.00033282,0.00070652,-0.000459262,6.99291e-05,-0.000550532,0,0,0,0,0,0,0,-0.176685,26.7144,-24.689,7.47104,0.841692,2.4996,0.0780126,-0.185102,2.15028,-3.0667,1.90284,0.181122,0.915673,0.0526223
1731215,0.99,-2.75261,-1.32534,1.01105,-1.94698,1.10108,1.16772,2.20138,-2.75266,-1.32422,1.00895,-1.94565,1.10136,1.16858,2.20139,-0.000339378,-0.000310578,-0.00154136,-0.000178601,0.000100726,-0.00019074,-0.000129663,0,0,0,0,0,0,0,-0.176685,26.7383,-24.6136,7.49881,0.830705,2.50601,0.071604,-0.184251,2.1488,-3.06463,1.90338,0.181201,0.915465,0.0526822
1731216,0.99,-2.75261,-1.32534,1.01105,-1.94698,1.10108,1.16772,2.20139,-2.75266,-1.32422,1.00895,-1.94565,1.10136,1.16858,2.20139,0.000423362,0.000999374,0.000735666,-0.000119067,6.71509e-05,0.000110199,0.000388276,0,0,0,0,0,0,0,-0.204456,26.6867,-24.689,7.49881,0.830705,2.4996,0.0587866,-0.182911,2.14687,-3.06207,1.90407,0.181304,0.915203,0.0528063
1731217,0.99,-2.75261,-1.32534,1.01105,-1.94698,1.10108,1.16772,2.20139,-2.75266,-1.32422,1.00895,-1.94565,1.10136,1.16858,2.20139,-0.000924184,-0.000540177,-0.000715982,0.000570236,0.000451668,7.34662e-05,0.000258851,0,0,0,0,0,0,0,-0.152882,26.7383,-24.6374,7.47104,0.819719,2.4996,0.0587866,-0.181495,2.14502,-3.05981,1.90476,0.181411,0.914956,0.0529866
1731218,0.99,-2.75261,-1.32534,1.01105,-1.94698,1.10108,1.16771,2.20138,-2.75266,-1.32422,1.00895,-1.94565,1.10136,1.16858,2.20139,-0.00126574,-0.000360118,7.94907e-05,0.000380157,-0.000105789,-0.000188382,-0.000776869,0,0,0,0,0,0,0,-0.125111,26.7383,-24.6612,7.47104,0.830705,2.50601,0.0844213,-0.179434,2.14386,-3.05836,1.90543,0.181532,0.914717,0.0531989
1731219,0.99,-2.75261,-1.32534,1.01105,-1.94698,1.10108,1.16772,2.20138,-2.75266,-1.32422,1.00895,-1.94565,1.10136,1.16858,2.20139,0.000362601,0.000316733,-0.000503818,0.000253438,-7.05259e-05,0.00034913,-0.00146735,0,0,0,0,0,0,0,-0.176685,26.7144,-24.6374,7.47104,0.830705,2.49319,0.110056,-0.177037,2.14322,-3.05734,1.90603,0.181654,0.914483,0.0534342
1731220,0.99,-2.75261,-1.32534,1.01105,-1.94698,1.10108,1.16771,2.20138,-2.75266,-1.32422,1.00895,-1.94565,1.10136,1.16858,2.20139,-0.000315078,0.00086077,0.000220933,-0.000480655,0.000156433,-0.000241964,0.000208563,0,0,0,0,0,0,0,-0.152882,26.6867,-24.6612,7.49881,0.825212,2.50601,0.0780126,-0.175152,2.14234,-3.05614,1.90655,0.181753,0.914279,0.0537204
1731221,0.99,-2.75261,-1.32534,1.01105,-1.94698,1.10108,1.16771,2.20138,-2.75266,-1.32422,1.00895,-1.94565,1.10136,1.16858,2.20139,0.00034676,-0.00063258,0.000147289,0.000885989,0.000104289,7.60493e-05,0.000376401,0,0,0,0,0,0,0,-0.176685,26.7383,-24.6612,7.44724,0.825212,2.4996,0.071604,-0.174121,2.14166,-3.05513,1.90681,0.181819,0.91413,0.0540842
1731222,0.99,-2.75261,-1.32534,1.01105,-1.94698,1.10108,1.16772,2.20138,-2.75266,-1.32422,1.00895,-1.94565,1.10136,1.16858,2.20139,-0.000325639,0.000784706,0.000747806,-0.000615766,-0.000133925,5.06996e-05,-0.000223784,0,0,0,0,0,0,0,-0.152882,26.6867,-24.689,7.49881,0.830705,2.4996,0.0844213,-0.173964,2.14202,-3.05508,1.90656,0.181844,0.914058,0.0545142
1731223,0.99,-2.75261,-1.32534,1.01105,-1.94698,1.10108,1.16772,2.20139,-2.75266,-1.32422,1.00895,-1.94565,1.10136,1.16858,2.20139,0.000989334,-0.000683288,-0.000151076,-0.000967323,0.000554977,3.37997e-05,0.00178359,0,0,0,0,0,0,0,-0.204456,26.7383,-24.6612,7.52262,0.81331,2.4996,0.0322363,-0.174106,2.14285,-3.05565,1.90644,0.181878,0.914057,0.0549872
1731224,0.99,-2.75261,-1.32534,1.01105,-1.94698,1.10108,1.16772,2.20139,-2.75266,-1.32422,1.00895,-1.94565,1.10136,1.16858,2.20139,9.94174e-06,-0.000455526,-0.000657529,0.00111836,0.000132626,-0.000214826,0.000205716,0,0,0,0,0,0,0,-0.176685,26.7383,-24.6374,7.44724,0.819719,2.50601,0.0587866,-0.175363,2.14428,-3.05602,1.9059,0.181879,0.914064,0.055468
1731225,0.99,-2.75261,-1.32534,1.01105,-1.94698,1.10108,1.16771,2.20139,-2.75266,-1.32422,1.00895,-1.94565,1.10136,1.16858,2.20139,6.62783e-06,0.000253128,-0.000438353,-0.000460855,-0.000521934,-0.000380576,0.000883129,0,0,0,0,0,0,0,-0.176685,26.7144,-24.6374,7.49881,0.836199,2.51242,0.038645,-0.177526,2.14589,-3.05554,1.90462,0.181812,0.914002,0.0559098
1731226,0.99,-2.75261,-1.32534,1.01105,-1.94698,1.10108,1.16771,2.20139,-2.75266,-1.32422,1.00895,-1.94565,1.10136,1.16858,2.20139,4.41855e-06,0.000818366,0.000264577,0.000899189,-0.000144506,-1.63585e-05,0.000826112,0,0,0,0,0,0,0,-0.176685,26.6867,-24.6612,7.44724,0.830705,2.50601,0.0322363,-0.178923,2.1464,-3.05429,1.90364,0.181737,0.91389,0.0562869
1731227,0.99,-2.75261,-1.32534,1.01105,-1.94698,1.10108,1.16772,2.20139,-2.75266,-1.32422,1.00895,-1.94565,1.10136,1.16858,2.20139,-0.000553866,-0.000104037,0.000825998,0.000599459,0.000310564,0.000463812,0.000550741,0,0,0,0,0,0,0,-0.152882,26.7144,-24.689,7.44724,0.819719,2.49319,0.0322363,-0.179421,2.14638,-3.0534,1.90292,0.18166,0.913797,0.0565785
1731228,0.99,-2.75261,-1.32534,1.01105,-1.94698,1.10108,1.16772,2.20139,-2.75266,-1.32422,1.00895,-1.94565,1.10136,1.16858,2.20139,0.00139399,-0.00062617,-0.00065576,0.000956452,3.59205e-06,0.000309208,0.00060452,0,0,0,0,0,0,0,-0.22826,26.7383,-24.6374,7.42344,0.825212,2.49319,0.0258276,-0.18068,2.1474,-3.05332,1.90139,0.181528,0.913742,0.0567596
1731229,0.99,-2.75261,-1.32534,1.01105,-1.94698,1.10108,1.16772,2.20139,-2.75266,-1.32422,1.00895,-1.94565,1.10136,1.16858,2.20139,0.000372517,0.000788979,-0.000993985,-0.00047599,2.3947e-06,0.000206139,-0.000342972,0,0,0,0,0,0,0,-0.204456,26.6867,-24.6136,7.47104,0.825212,2.49319,0.0459692,-0.183638,2.14882,-3.05246,1.89897,0.181339,0.913657,0.0568194
1731230,0.99,-2.75261,-1.32534,1.01105,-1.94698,1.10108,1.16771,2.20139,-2.75266,-1.32422,1.00895,-1.94565,1.10136,1.16858,2.20139,-0.000401269,-0.000123628,-0.00570942,-0.000317326,1.59647e-06,-9.99331e-05,4.26193e-05,0,0,0,0,0,0,0,-0.176685,26.7144,-24.6612,7.47104,0.825212,2.4996,0.038645,-0.185905,2.14726,-3.04764,1.89741,0.181214,0.913339,0.0567678
1731231,0.99,-2.75261,-1.32534,1.01105,-1.94698,1.10108,1.16771,2.20139,-2.75266,-1.32422,1.00895,-1.94565,1.10136,1.16858,2.20139,-0.000267513,-0.00063923,-0.00367003,-0.000211551,0.000204515,-6.66221e-05,-0.000480213,0,0,0,0,0,0,0,-0.176685,26.7383,-24.689,7.47104,0.819719,2.4996,0.0523779,-0.186194,2.14183,-3.03761,1.89728,0.181211,0.91267,0.0566259
1731232,0.99,-2.75261,-1.32534,1.01105,-1.94698,1.10108,1.16772,2.20139,-2.75266,-1.32422,1.00895,-1.94565,1.10136,1.16858,2.20139,-0.000178342,-0.00163258,-0.00403814,-0.000790648,-0.000474008,0.000192944,-8.27833e-05,0,0,0,0,0,0,0,-0.176685,26.7898,-24.6374,7.49881,0.836199,2.49319,0.0459692,-0.185749,2.13572,-3.02576,1.89762,0.181276,0.911852,0.0564188
1731233,0.99,-2.75261,-1.32534,1.01105,-1.94698,1.10108,1.16771,2.20139,-2.75266,-1.32422,1.00895,-1.94565,1.10136,1.16858,2.20139,-0.000675707,0.000674852,-0.00242405,0.000122515,9.08955e-05,-0.000346088,0.000928155,0,0,0,0,0,0,0,-0.152882,26.7144,-24.6612,7.47104,0.825212,2.50601,0.0194189,-0.184716,2.13053,-3.01519,1.89828,0.181382,0.911089,0.0561763
1731234,0.99,-2.75261,-1.32534,1.01105,-1.94698,1.10108,1.16772,2.20138,-2.75266,-1.32422,1.00895,-1.94565,1.10136,1.16858,2.20139,0.000106341,0.00109951,-0.00238942,8.16769e-05,-0.000142854,6.63334e-06,-0.00155137,0,0,0,0,0,0,0,-0.176685,26.6867,-24.6374,7.47104,0.830705,2.4996,0.0780126,-0.182687,2.12526,-3.00641,1.89943,0.181492,0.910435,0.0559126
1731235,0.99,-2.75261,-1.32534,1.01105,-1.94698,1.10108,1.16772,2.20138,-2.75266,-1.32422,1.00895,-1.94565,1.10136,1.16858,2.20139,0.000720508,8.3396e-05,-0.00119857,5.44513e-05,0.000311665,-0.000232937,-0.000559528,0,0,0,0,0,0,0,-0.204456,26.7144,-24.6612,7.47104,0.819719,2.50601,0.0651953,-0.180997,2.12063,-3.00001,1.90035,0.181541,0.909961,0.0556349
1731236,0.99,-2.75261,-1.32534,1.01105,-1.94698,1.10108,1.16772,2.20138,-2.75266,-1.32422,1.00895,-1.94565,1.10136,1.16858,2.20139,-0.000169275,-0.00115083,-0.000271255,3.63008e-05,-0.000199124,0.000319427,-0.000610378,0,0,0,0,0,0,0,-0.176685,26.766,-24.689,7.47104,0.830705,2.49319,0.071604,-0.180886,2.1192,-2.99767,1.90027,0.181515,0.909768,0.0553749
1731237,0.99,-2.75261,-1.32534,1.01105,-1.94698,1.10108,1.16772,2.20139,-2.75266,-1.32422,1.00895,-1.94565,1.10136,1.16858,2.20139,-0.00011285,0.000439207,-0.000272204,-0.00118223,-0.0003362,-0.000261767,6.77995e-05,0,0,0,0,0,0,0,-0.176685,26.7144,-24.689,7.52262,0.836199,2.50601,0.0587866,-0.180909,2.12094,-2.99975,1.90008,0.181504,0.909854,0.0551683
1731238,0.99,-2.75261,-1.32534,1.01105,-1.94698,1.10108,1.16772,2.20139,-2.75266,-1.32422,1.00895,-1.94565,1.10136,1.16858,2.20139,-0.00128166,-0.000264007,-0.00145642,-0.000231338,0.000386218,0.000300207,-0.0011416,0,0,0,0,0,0,0,-0.125111,26.7383,-24.6374,7.49881,0.819719,2.49319,0.09083,-0.178999,2.12298,-3.0038,1.90114,0.181596,0.910053,0.0550298
1731239,0.99,-2.75261,-1.32534,1.01105,-1.94698,1.10108,1.16772,2.20138,-2.75266,-1.32422,1.00895,-1.94565,1.10136,1.16858,2.20139,0.0010016,0.00103042,-0.00157915,-0.000711037,5.40283e-05,-3.72211e-05,-0.000998422,0,0,0,0,0,0,0,-0.204456,26.6867,-24.6136,7.52262,0.825212,2.4996,0.0972387,-0.175937,2.12375,-3.00714,1.90299,0.181736,0.910204,0.054965
1731240,0.99,-2.75261,-1.32534,1.01105,-1.94698,1.10108,1.16772,2.20138,-2.75266,-1.32422,1.00895,-1.94565,1.10136,1.16858,2.20139,1.81196e-05,-0.000519479,0.00621895,0.000732401,-0.000167432,-0.000262173,-0.000190897,0,0,0,0,0,0,0,-0.176685,26.7383,-24.6612,7.47104,0.830705,2.50601,0.0844213,-0.174199,2.12613,-3.0127,1.90407,0.181795,0.910515,0.0549974
1731241,0.99,-2.75261,-1.32534,1.01105,-1.94698,1.10108,1.16772,2.20138,-2.75266,-1.32422,1.00895,-1.94565,1.10136,1.16858,2.20139,1.20797e-05,-0.000995933,0.00407663,0.000488267,-0.000111621,0.000299936,-0.0010767,0,0,0,0,0,0,0,-0.176685,26.766,-24.6374,7.47104,0.830705,2.49319,0.110056,-0.17438,2.13434,-3.0259,1.90358,0.181735,0.9113,0.0551475
1731242,0.99,-2.75261,-1.32534,1.01105,-1.94698,1.10108,1.16772,2.20139,-2.75266,-1.32422,1.00895,-1.94565,1.10136,1.16858,2.20139,-0.000548759,-1.43414e-05,0.00364017,0.000325512,0.000129036,-3.74017e-05,0.00118107,0,0,0,0,0,0,0,-0.152882,26.7383,-24.6612,7.47104,0.825212,2.4996,0.0587866,-0.175133,2.14652,-3.04417,1.90222,0.181627,0.912368,0.055417
1731243,0.99,-2.75261,-1.32534,1.01105,-1.94697,1.10108,1.16772,2.20138,-2.75266,-1.32422,1.00895,-1.94565,1.10136,1.16858,2.20139,0.000840587,0.000547251,0.0033506,0.00188744,-0.000117426,-2.49345e-05,-0.000399414,0,0,0,0,0,0,0,-0.204456,26.7144,-24.689,7.39963,0.830705,2.4996,0.09083,-0.176222,2.15841,-3.06178,1.90039,0.181479,0.913376,0.0557911
1731244,0.99,-2.75261,-1.32534,1.01105,-1.94698,1.10108,1.16772,2.20139,-2.75266,-1.32422,1.00895,-1.94565,1.10136,1.16858,2.20139,-8.92228e-05,0.000364834,0.00123296,0.000144672,-7.82841e-05,-1.6623e-05,0.000920519,0,0,0,0,0,0,0,-0.176685,26.7144,-24.6374,7.44724,0.830705,2.4996,0.0587866,-0.178237,2.16805,-3.07569,1.89791,0.181268,0.914156,0.0562344
1731245,0.99,-2.75261,-1.32534,1.01105,-1.94698,1.10108,1.16772,2.20138,-2.75266,-1.32422,1.00895,-1.94565,1.10136,1.16858,2.20139,-5.94819e-05,-0.000313589,0.00218264,-0.000460364,0.000354712,0.000226277,-0.000335757,0,0,0,0,0,0,0,-0.176685,26.7383,-24.689,7.47104,0.819719,2.49319,0.0844213,-0.17977,2.17448,-3.08498,1.896,0.181113,0.914661,0.0567146
1731246,0.99,-2.75261,-1.32534,1.01105,-1.94698,1.10108,1.16772,2.20139,-2.75266,-1.32422,1.00895,-1.94565,1.10136,1.16858,2.20139,-3.96546e-05,-0.00020906,0.000921161,-0.000306909,3.30239e-05,0.000150851,0.00120032,0,0,0,0,0,0,0,-0.176685,26.7383,-24.6612,7.47104,0.825212,2.49319,0.0459692,-0.17991,2.17827,-3.09068,1.89538,0.181084,0.914949,0.0572084
1731247,0.99,-2.75261,-1.32534,1.01105,-1.94698,1.10108,1.16772,2.20139,-2.75266,-1.32422,1.00895,-1.94565,1.10136,1.16858,2.20139,0.000623178,-0.000139373,0.000700868,0.000352206,2.20159e-05,0.000100568,0.000325493,0,0,0,0,0,0,0,-0.204456,26.7383,-24.6612,7.44724,0.825212,2.49319,0.0587866,-0.179987,2.18028,-3.09315,1.89506,0.181095,0.915035,0.0576898
1731248,0.99,-2.75261,-1.32534,1.01105,-1.94698,1.10108,1.16772,2.20139,-2.75266,-1.32422,1.00895,-1.94565,1.10136,1.16858,2.20139,-0.000234162,-0.000742529,-2.44962e-05,0.000234804,-0.000188773,0.000304404,0.000691713,0,0,0,0,0,0,0,-0.176685,26.766,-24.6374,7.44724,0.830705,2.48678,0.0459692,-0.180892,2.18101,-3.09252,1.89427,0.181078,0.914907,0.0581274
1731249,0.99,-2.75261,-1.32534,1.01105,-1.94698,1.10108,1.16772,2.20139,-2.75266,-1.32422,1.00895,-1.94565,1.10136,1.16858,2.20139,0.000493506,0.000711406,0.000589284,-0.000400276,7.76017e-05,-0.000271782,0.000461142,0,0,0,0,0,0,0,-0.204456,26.7144,-24.6612,7.47104,0.825212,2.4996,0.0459692,-0.181878,2.18044,-3.08955,1.89346,0.181063,0.914612,0.0584999
1731250,0.99,-2.75261,-1.32534,1.01105,-1.94698,1.10108,1.16772,2.20139,-2.75266,-1.32422,1.00895,-1.94565,1.10136,1.16858,2.20139,-0.00032061,0.000474271,-0.000127354,0.000846773,0.000255185,-0.000181188,0.00129077,0,0,0,0,0,0,0,-0.176685,26.7144,-24.6374,7.42344,0.819719,2.4996,0.0194189,-0.182209,2.17804,-3.08478,1.89312,0.181064,0.914199,0.0587972
1731251,0.99,-2.75261,-1.32534,1.01105,-1.94698,1.10108,1.16772,2.20139,-2.75266,-1.32422,1.00895,-1.94565,1.10136,1.16858,2.20139,-0.00021374,0.000316181,-0.000614263,-0.00119872,-3.33272e-05,-0.000120792,0.000385797,0,0,0,0,0,0,0,-0.176685,26.7144,-24.6136,7.49881,0.825212,2.4996,0.0322363,-0.181452,2.17381,-3.07845,1.89344,0.181096,0.913682,0.0589996
1731252,0.99,-2.75261,-1.32534,1.01105,-1.94698,1.10108,1.16772,2.20139,-2.75266,-1.32422,1.00895,-1.94565,1.10136,1.16858,2.20139,0.000507121,0.000210787,0.000167892,-0.000799148,0.000418591,-0.000317887,1.9839e-05,0,0,0,0,0,0,0,-0.204456,26.7144,-24.6374,7.49881,0.81331,2.50601,0.038645,-0.179659,2.16852,-3.07136,1.8947,0.181192,0.913141,0.059086
1731253,0.99,-2.75261,-1.32534,1.01105,-1.94698,1.10108,1.16772,2.20139,-2.75266,-1.32422,1.00895,-1.94565,1.10136,1.16858,2.20139,-0.000311534,-0.000416287,0.000127369,-0.000532766,4.17019e-05,0.000262793,1.3226e-05,0,0,0,0,0,0,0,-0.176685,26.7383,-24.6374,7.49881,0.819719,2.49319,0.038645,-0.177817,2.16376,-3.06496,1.89631,0.181305,0.912681,0.0590544
1731254,0.99,-2.75261,-1.32534,1.01105,-1.94698,1.10108,1.16772,2.20139,-2.75266,-1.32422,1.00895,-1.94565,1.10136,1.16858,2.20139,0.000441925,-0.000277525,0.000653306,0.000851249,-0.000175649,0.000175196,0.000246176,0,0,0,0,0,0,0,-0.204456,26.7383,-24.6612,7.44724,0.825212,2.49319,0.0322363,-0.176944,2.16086,-3.06016,1.89713,0.181349,0.912316,0.0589193
1731255,0.99,-2.75261,-1.32534,1.01105,-1.94698,1.10108,1.16772,2.20139,-2.75266,-1.32422,1.00895,-1.94565,1.10136,1.16858,2.20139,0.000294617,-0.00083463,-0.000112589,-0.000638927,-0.000117099,-0.000357921,-7.32414e-05,0,0,0,0,0,0,0,-0.204456,26.766,-24.6374,7.49881,0.825212,2.50601,0.038645,-0.177704,2.1601,-3.05683,1.89667,0.181288,0.912029,0.0586967
1731256,0.99,-2.75261,-1.32534,1.01105,-1.94698,1.10108,1.16772,2.20139,-2.75266,-1.32422,1.00895,-1.94565,1.10136,1.16858,2.20139,0.000196411,9.31936e-05,0.000488267,0.000780475,-0.000281517,0.000236104,-4.88276e-05,0,0,0,0,0,0,0,-0.204456,26.7383,-24.6612,7.44724,0.830705,2.49319,0.038645,-0.179538,2.16056,-3.05432,1.89548,0.181166,0.911796,0.0584026
1731257,0.99,-2.75261,-1.32534,1.01105,-1.94698,1.10108,1.16772,2.20139,-2.75266,-1.32422,1.00895,-1.94565,1.10136,1.16858,2.20139,-0.000518673,0.00126855,0.000330397,-3.64954e-05,1.57726e-05,0.000157403,-0.000303819,0,0,0,0,0,0,0,-0.176685,26.6867,-24.6612,7.47104,0.825212,2.49319,0.0459692,-0.180754,2.16038,-3.05186,1.89454,0.18104,0.911559,0.0580574
1731258,0.99,-2.75261,-1.32534,1.01105,-1.94698,1.10108,1.16772,2.20138,-2.75266,-1.32422,1.00895,-1.94565,1.10136,1.16858,2.20139,-0.000902594,0.000196089,-0.000889695,0.000532482,1.05151e-05,-0.000132424,-0.000914623,0,0,0,0,0,0,0,-0.152882,26.7144,-24.6136,7.44724,0.825212,2.4996,0.0651953,-0.179955,2.15814,-3.04859,1.89461,0.180964,0.911249,0.0576831
1731259,0.99,-2.75261,-1.32534,1.01105,-1.94698,1.10108,1.16772,2.20139,-2.75266,-1.32422,1.00895,-1.94565,1.10136,1.16858,2.20139,-4.49175e-05,-0.000426086,0.000523242,-0.000201824,-0.000399891,0.000149076,0.000373596,0,0,0,0,0,0,0,-0.176685,26.7383,-24.6612,7.47104,0.836199,2.49319,0.038645,-0.177978,2.15515,-3.04494,1.89526,0.180942,0.910894,0.0573031
1731260,0.99,-2.75261,-1.32534,1.01105,-1.94698,1.10108,1.16772,2.20139,-2.75266,-1.32422,1.00895,-1.94565,1.10136,1.16858,2.20139,0.000619669,0.000922369,0.000350889,-0.000134549,0.000140307,9.93843e-05,-0.000259563,0,0,0,0,0,0,0,-0.204456,26.6867,-24.6612,7.47104,0.825212,2.49319,0.0523779,-0.176694,2.15311,-3.04217,1.89564,0.180924,0.91061,0.056939
1731261,0.99,-2.75261,-1.32534,1.01105,-1.94698,1.10108,1.16772,2.20139,-2.75266,-1.32422,1.00895,-1.94565,1.10136,1.16858,2.20139,-0.000236501,-0.000591513,-0.00032134,-8.96996e-05,0.000534347,-0.000171103,-0.000410401,0,0,0,0,0,0,0,-0.176685,26.7383,-24.6374,7.47104,0.81331,2.4996,0.0587866,-0.17646,2.15179,-3.04004,1.89566,0.180893,0.9104,0.0565969
1731262,0.99,-2.75261,-1.32534,1.01105,-1.94698,1.10108,1.16772,2.20139,-2.75266,-1.32422,1.00895,-1.94565,1.10136,1.16858,2.20139,0.000491946,-0.00104396,0.000993359,0.000497012,0.000118873,0.00012329,-0.0014604,0,0,0,0,0,0,0,-0.204456,26.766,-24.689,7.44724,0.819719,2.49319,0.09083,-0.177396,2.152,-3.03887,1.89495,0.180826,0.91025,0.0562792
1731263,0.99,-2.75261,-1.32534,1.01105,-1.94698,1.10108,1.16771,2.20139,-2.75266,-1.32422,1.00895,-1.94565,1.10136,1.16858,2.20139,0.000327964,0.00116007,-0.000543317,0.000331341,-0.000124202,-0.000629883,-2.4161e-05,0,0,0,0,0,0,0,-0.204456,26.6867,-24.6374,7.44724,0.825212,2.51242,0.0651953,-0.179563,2.15353,-3.03855,1.89338,0.180698,0.910151,0.0560122
1731264,0.99,-2.75261,-1.32534,1.01104,-1.94698,1.10108,1.16772,2.20139,-2.75266,-1.32422,1.00895,-1.94565,1.10136,1.16858,2.20139,0.000775455,0.000123765,-0.000918371,0.000220894,-0.000286252,0.000292155,-1.61073e-05,0,0,0,0,0,0,0,-0.22826,26.7144,-24.6136,7.44724,0.830705,2.49319,0.0651953,-0.182215,2.15394,-3.03692,1.89162,0.180527,0.909995,0.0558271
1731265,0.99,-2.75261,-1.32534,1.01105,-1.94698,1.10108,1.16772,2.20138,-2.75266,-1.32422,1.00895,-1.94565,1.10136,1.16858,2.20139,-3.98421e-05,8.25103e-05,-5.49464e-05,-0.000409549,-0.000394285,0.00019477,-0.000485456,0,0,0,0,0,0,0,-0.204456,26.7144,-24.6374,7.47104,0.836199,2.49319,0.0780126,-0.184611,2.15304,-3.03393,1.8902,0.180377,0.909776,0.0557257
1731266,0.99,-2.75261,-1.32534,1.01105,-1.94698,1.10108,1.16772,2.20138,-2.75266,-1.32422,1.00895,-1.94565,1.10136,1.16858,2.20139,-0.00123299,0.000704621,0.000520548,-0.000922647,0.000347495,0.000129847,-0.000560996,0,0,0,0,0,0,0,-0.152882,26.6867,-24.6612,7.49881,0.819719,2.49319,0.0844213,-0.184703,2.15134,-3.03143,1.89029,0.180359,0.909583,0.0557032
1731267,0.99,-2.75261,-1.32534,1.01105,-1.94698,1.10108,1.16772,2.20138,-2.75266,-1.32422,1.00895,-1.94565,1.10136,1.16858,2.20139,-0.000821992,-0.000179867,0.000347307,0.00114814,-0.000175238,8.65644e-05,-0.000136639,0,0,0,0,0,0,0,-0.152882,26.7144,-24.6612,7.42344,0.830705,2.49319,0.0780126,-0.181771,2.14903,-3.0302,1.89195,0.180472,0.909426,0.0557647
1731268,0.99,-2.75261,-1.32534,1.01105,-1.94698,1.10108,1.16772,2.20138,-2.75266,-1.32422,1.00895,-1.94565,1.10136,1.16858,2.20139,-0.00119761,-0.00188315,-0.000325068,0.000765427,-0.000320276,-0.000179649,-9.10924e-05,0,0,0,0,0,0,0,-0.125111,26.7898,-24.6374,7.42344,0.836199,2.4996,0.0780126,-0.178556,2.14819,-3.03029,1.89307,0.18058,0.909276,0.0559044
1731269,0.99,-2.75261,-1.32534,1.01104,-1.94698,1.10108,1.16772,2.20138,-2.75266,-1.32422,1.00895,-1.94565,1.10136,1.16858,2.20139,0.00040802,0.000507805,-0.000773369,-4.65275e-05,0.000634193,-0.000119766,-6.07283e-05,0,0,0,0,0,0,0,-0.176685,26.7144,-24.6136,7.44724,0.81331,2.4996,0.0780126,-0.176837,2.14903,-3.03065,1.89287,0.180629,0.909112,0.0561121
1731270,0.99,-2.75261,-1.32534,1.01104,-1.94698,1.10108,1.16772,2.20139,-2.75266,-1.32422,1.00895,-1.94565,1.10136,1.16858,2.20139,0.000272014,0.000988151,4.13488e-05,-3.10183e-05,0.000185437,-7.98442e-05,0.000671591,0,0,0,0,0,0,0,-0.176685,26.6867,-24.6374,7.44724,0.819719,2.4996,0.0587866,-0.176356,2.14914,-3.02976,1.89227,0.180638,0.908929,0.0563832
1731271,0.99,-2.75261,-1.32534,1.01104,-1.94698,1.10108,1.16772,2.20139,-2.75266,-1.32422,1.00895,-1.94565,1.10136,1.16858,2.20139,0.000830956,-0.000547659,-0.00117877,-0.000577491,-0.000690178,-5.32294e-05,0.000922445,0,0,0,0,0,0,0,-0.204456,26.7383,-24.5858,7.47104,0.841692,2.4996,0.0459692,-0.176935,2.14817,-3.02763,1.8916,0.180614,0.908754,0.0566989
1731272,0.99,-2.75261,-1.32534,1.01105,-1.94698,1.10108,1.16772,2.20138,-2.75266,-1.32422,1.00895,-1.94565,1.10136,1.16858,2.20139,0.000553971,0.00084132,0.00162707,-0.000384994,0.000150233,-3.54863e-05,-0.000571831,0,0,0,0,0,0,0,-0.204456,26.6867,-24.689,7.47104,0.825212,2.4996,0.0780126,-0.178471,2.14755,-3.02577,1.8908,0.180581,0.908661,0.0570214
1731273,0.99,-2.75261,-1.32534,1.01105,-1.94698,1.10108,1.16772,2.20139,-2.75266,-1.32422,1.00895,-1.94565,1.10136,1.16858,2.20139,-0.0002803,0.00056088,0.00108476,0.000856961,0.000303606,0.000213701,0.0013142,0,0,0,0,0,0,0,-0.176685,26.6867,-24.689,7.42344,0.819719,2.49319,0.0322363,-0.179946,2.1477,-3.02569,1.89004,0.180542,0.908702,0.0573288
1731274,0.99,-2.75261,-1.32534,1.01105,-1.94698,1.10108,1.16772,2.20139,-2.75266,-1.32422,1.00895,-1.94565,1.10136,1.16858,2.20139,0.00101956,-0.000275694,7.35969e-05,0.000571308,0.000202404,-9.48913e-05,0.000638775,0,0,0,0,0,0,0,-0.22826,26.7144,-24.6612,7.42344,0.819719,2.4996,0.038645,-0.181638,2.14866,-3.02693,1.88873,0.180454,0.908802,0.0576058
1731275,0.99,-2.75261,-1.32534,1.01105,-1.94698,1.10108,1.16772,2.20139,-2.75266,-1.32422,1.00895,-1.94565,1.10136,1.16858,2.20139,-0.00108353,-0.000183796,4.90922e-05,-0.000732752,-0.000475416,-6.32609e-05,0.000663209,0,0,0,0,0,0,0,-0.152882,26.7144,-24.6612,7.47104,0.836199,2.4996,0.0322363,-0.183427,2.15001,-3.02816,1.88715,0.180359,0.908871,0.0578214
1731276,0.99,-2.75261,-1.32534,1.01105,-1.94698,1.10108,1.16772,2.20139,-2.75266,-1.32422,1.00895,-1.94565,1.10136,1.16858,2.20139,0.000484071,-0.000122531,-0.000524063,-0.000488501,8.99573e-05,-0.000516892,-6.64872e-05,0,0,0,0,0,0,0,-0.204456,26.7144,-24.6374,7.47104,0.825212,2.51242,0.0459692,-0.18365,2.15054,-3.02876,1.88666,0.180368,0.908891,0.057952
1731277,0.99,-2.75261,-1.32534,1.01104,-1.94698,1.10108,1.16772,2.20139,-2.75266,-1.32422,1.00895,-1.94565,1.10136,1.16858,2.20139,0.000322714,-0.000638499,-0.00034936,-0.000975282,5.99715e-05,0.000130123,-4.43248e-05,0,0,0,0,0,0,0,-0.204456,26.7383,-24.6374,7.49881,0.825212,2.4996,0.0459692,-0.183268,2.15045,-3.02857,1.88688,0.180444,0.908885,0.0579917
1731278,0.99,-2.75261,-1.32534,1.01105,-1.94698,1.10108,1.16771,2.20139,-2.75266,-1.32422,1.00895,-1.94565,1.10136,1.16858,2.20139,-0.000434471,0.000131146,0.000973531,-5.73784e-07,-0.000163469,-0.00015061,0.000716435,0,0,0,0,0,0,0,-0.176685,26.7144,-24.689,7.47104,0.830705,2.50601,0.0258276,-0.183008,2.15056,-3.02847,1.8872,0.180535,0.90891,0.0579518
1731279,0.99,-2.75261,-1.32534,1.01105,-1.94698,1.10108,1.16771,2.20139,-2.75266,-1.32422,1.00895,-1.94565,1.10136,1.16858,2.20139,0.000359967,-0.000469381,-5.84643e-07,0.00111324,0.00053528,-0.000100407,-0.000505721,0,0,0,0,0,0,0,-0.204456,26.7383,-24.6612,7.42344,0.81331,2.50601,0.0523779,-0.182939,2.15128,-3.02918,1.8871,0.180583,0.908974,0.0578419
1731280,0.99,-2.75261,-1.32534,1.01105,-1.94698,1.10108,1.16771,2.20139,-2.75266,-1.32422,1.00895,-1.94565,1.10136,1.16858,2.20139,-0.000409636,0.000243891,0.000649231,0.000185349,-8.39559e-05,0.000170421,0.000408838,0,0,0,0,0,0,0,-0.176685,26.7144,-24.689,7.44724,0.825212,2.4996,0.0322363,-0.183677,2.15256,-3.03021,1.88606,0.180539,0.909042,0.0576658
1731281,0.99,-2.75261,-1.32534,1.01105,-1.94698,1.10108,1.16771,2.20139,-2.75266,-1.32422,1.00895,-1.94565,1.10136,1.16858,2.20139,-0.000273091,-0.000394218,-0.000773601,-0.000433246,-5.59706e-05,0.000113614,-0.000710785,0,0,0,0,0,0,0,-0.176685,26.7383,-24.6374,7.47104,0.825212,2.4996,0.0587866,-0.183968,2.15329,-3.03082,1.88518,0.180492,0.90908,0.0574378
1731282,0.99,-2.75261,-1.32534,1.01105,-1.94698,1.10108,1.16771,2.20139,-2.75266,-1.32422,1.00895,-1.94565,1.10136,1.16858,2.20139,0.000467553,-0.000262812,-0.00107254,0.000267981,-0.000240764,7.57427e-05,0.000746846,0,0,0,0,0,0,0,-0.204456,26.7383,-24.6136,7.44724,0.830705,2.4996,0.0258276,-0.183844,2.15303,-3.0301,1.88474,0.180475,0.909045,0.057173
1731283,0.99,-2.75261,-1.32534,1.01105,-1.94698,1.10108,1.16772,2.20139,-2.75266,-1.32422,1.00895,-1.94565,1.10136,1.16858,2.20139,0.000868514,0.000381604,0.000398599,-0.00158458,0.000246392,5.04952e-05,0.000497897,0,0,0,0,0,0,0,-0.22826,26.7144,-24.6612,7.52262,0.819719,2.4996,0.0258276,-0.184436,2.15228,-3.02831,1.88433,0.180455,0.908986,0.0568831
1731284,0.99,-2.75261,-1.32534,1.01104,-1.94698,1.10108,1.16771,2.20139,-2.75266,-1.32422,1.00895,-1.94565,1.10136,1.16858,2.20139,2.21975e-05,-0.000302409,-0.000291077,-0.000499577,-3.91895e-05,-0.000441054,0.000331932,0,0,0,0,0,0,0,-0.204456,26.7383,-24.6374,7.49881,0.825212,2.51242,0.0258276,-0.185068,2.15132,-3.02675,1.8845,0.180466,0.908994,0.0565651
1731285,0.99,-2.75261,-1.32534,1.01104,-1.94698,1.10108,1.16772,2.20139,-2.75266,-1.32422,1.00895,-1.94565,1.10136,1.16858,2.20139,-0.00119163,-0.000201606,-0.000750862,0.000873374,-0.000229577,0.000418041,-0.000762056,0,0,0,0,0,0,0,-0.152882,26.7383,-24.6136,7.44724,0.830705,2.49319,0.0523779,-0.184779,2.15024,-3.02544,1.88515,0.180507,0.909002,0.0562024
1731286,0.99,-2.75261,-1.32534,1.01104,-1.94698,1.10108,1.16771,2.20139,-2.75266,-1.32422,1.00895,-1.94565,1.10136,1.16858,2.20139,-0.000237606,0.00107202,-0.000500574,0.00058225,-0.000153051,-0.000196024,-0.000270679,0,0,0,0,0,0,0,-0.176685,26.6867,-24.6136,7.44724,0.830705,2.50601,0.0459692,-0.183437,2.14847,-3.02352,1.88578,0.180531,0.908907,0.0557997
1731287,0.99,-2.75261,-1.32534,1.01105,-1.94698,1.10108,1.16772,2.20139,-2.75266,-1.32422,1.00895,-1.94565,1.10136,1.16858,2.20139,0.00104802,6.50672e-05,0.000779909,-0.000168646,0.000304867,0.000344035,0.000565533,0,0,0,0,0,0,0,-0.22826,26.7144,-24.6612,7.47104,0.819719,2.49319,0.0258276,-0.182478,2.14647,-3.02148,1.88598,0.180504,0.908803,0.0553853
1731288,0.99,-2.75261,-1.32534,1.01105,-1.94698,1.10108,1.16772,2.20139,-2.75266,-1.32422,1.00895,-1.94565,1.10136,1.16858,2.20139,0.000141869,-0.000513434,0.00116955,0.000444382,0.000203245,0.000229357,-0.000843681,0,0,0,0,0,0,0,-0.204456,26.7383,-24.689,7.44724,0.819719,2.49319,0.0587866,-0.18338,2.14639,-3.02125,1.88524,0.180409,0.908849,0.0549715
1731289,0.99,-2.75261,-1.32534,1.01105,-1.94698,1.10108,1.16772,2.20139,-2.75266,-1.32422,1.00895,-1.94565,1.10136,1.16858,2.20139,-0.000555035,-0.000342289,0.000130089,0.000853066,-0.000271405,-8.44545e-05,-0.000325095,0,0,0,0,0,0,0,-0.176685,26.7383,-24.6612,7.42344,0.830705,2.4996,0.0523779,-0.185203,2.14846,-3.02306,1.88379,0.180277,0.909002,0.0545596
1731290,0.99,-2.75261,-1.32534,1.01105,-1.94698,1.10108,1.16772,2.20138,-2.75266,-1.32422,1.00895,-1.94565,1.10136,1.16858,2.20139,0.000279591,-0.000228193,-0.000470085,1.1899e-05,-0.000384387,0.000181056,-0.00164088,0,0,0,0,0,0,0,-0.204456,26.7383,-24.6374,7.44724,0.836199,2.49319,0.09083,-0.186724,2.15079,-3.02492,1.88228,0.180157,0.909113,0.0541685
1731291,0.99,-2.75261,-1.32534,1.01105,-1.94698,1.10108,1.16772,2.20138,-2.75266,-1.32422,1.00895,-1.94565,1.10136,1.16858,2.20139,-0.00046322,0.000404683,-0.00031339,-0.00119849,-5.28074e-05,-0.000116655,-0.001806,0,0,0,0,0,0,0,-0.176685,26.7144,-24.6374,7.49881,0.830705,2.4996,0.110056,-0.18716,2.1517,-3.02543,1.8817,0.180121,0.909139,0.0538359
1731292,0.99,-2.7526,-1.32534,1.01105,-1.94698,1.10108,1.16771,2.20138,-2.75266,-1.32422,1.00895,-1.94565,1.10136,1.16858,2.20139,0.000897613,-0.000287023,0.000347885,0.00040743,0.000168246,-0.000552488,-1.72049e-05,0,0,0,0,0,0,0,-0.22826,26.7383,-24.6612,7.44724,0.825212,2.51242,0.0780126,-0.186782,2.15143,-3.02516,1.88208,0.180168,0.909142,0.0536169
1731293,0.99,-2.75261,-1.32534,1.01105,-1.94698,1.10108,1.16772,2.20138,-2.75266,-1.32422,1.00895,-1.94565,1.10136,1.16858,2.20139,-0.000608018,0.000365463,0.000881538,0.00027162,0.000315614,-0.000130966,-0.000486188,0,0,0,0,0,0,0,-0.176685,26.7144,-24.689,7.44724,0.819719,2.50601,0.09083,-0.186885,2.15156,-3.02542,1.8822,0.1802,0.90919,0.0535486
1731294,0.99,-2.75261,-1.32534,1.01105,-1.94698,1.10108,1.16771,2.20138,-2.75266,-1.32422,1.00895,-1.94565,1.10136,1.16858,2.20139,0.000244269,0.000243642,-6.1922e-05,-0.000375732,6.95896e-06,-0.00032467,-8.67663e-05,0,0,0,0,0,0,0,-0.204456,26.7144,-24.6612,7.47104,0.825212,2.51242,0.0844213,-0.186836,2.15181,-3.02622,1.88225,0.180223,0.909271,0.0536289
1731295,1,-2.75261,-1.32534,1.01105,-1.94698,1.10108,1.16772,2.20138,-2.75266,-1.32422,1.00895,-1.94565,1.10136,1.16858,2.20139,0.000162846,-0.000394384,-0.00115491,-0.000900102,-0.000198811,0.00049563,-0.000295203,0,0,0,0,0,0,0,-0.204456,26.7383,-24.6136,7.49881,0.830705,2.49319,0.09083,-0.186287,2.15124,-3.02617,1.8828,0.180284,0.909321,0.0538387
1731296,1,-2.75261,-1.32534,1.01105,-1.94698,1.10108,1.16771,2.20138,-2.75266,-1.32422,1.00895,-1.94565,1.10136,1.16858,2.20139,0.000108564,0.000943503,-0.000213125,4.95461e-05,-0.000335991,9.30612e-05,4.05569e-05,0,0,0,0,0,0,0,-0.204456,26.6867,-24.6374,7.47104,0.836199,2.4996,0.0844213,-0.185739,2.14971,-3.02462,1.88363,0.180371,0.909299,0.0541591
1731297,1,-2.75261,-1.32534,1.01104,-1.94698,1.10108,1.16772,2.20138,-2.75266,-1.32422,1.00895,-1.94565,1.10136,1.16858,2.20139,-0.000577238,-2.06117e-05,-0.00134851,-0.000616583,0.000182907,0.0002994,-0.000210321,0,0,0,0,0,0,0,-0.176685,26.7144,-24.5858,7.49881,0.825212,2.49319,0.09083,-0.184669,2.14707,-3.02187,1.8848,0.18048,0.909196,0.0545748
1731298,1,-2.75261,-1.32534,1.01105,-1.94698,1.10108,1.16771,2.20138,-2.75266,-1.32422,1.00895,-1.94565,1.10136,1.16858,2.20139,-0.000384825,0.000635873,0.000864232,0.00079537,0.000325388,-0.000275118,-0.000140214,0,0,0,0,0,0,0,-0.176685,26.6867,-24.6612,7.44724,0.819719,2.50601,0.09083,-0.182924,2.14407,-3.01906,1.88614,0.180599,0.90906,0.0550706
1731299,1,-2.75261,-1.32534,1.01105,-1.94698,1.10108,1.16771,2.20138,-2.75266,-1.32422,1.00895,-1.94565,1.10136,1.16858,2.20139,0.000393064,-0.000225699,0.00122577,-2.6565e-05,1.34751e-05,5.39469e-05,0.000381242,0,0,0,0,0,0,0,-0.204456,26.7144,-24.689,7.47104,0.825212,2.4996,0.0780126,-0.181705,2.14263,-3.01819,1.88684,0.180665,0.909026,0.0556332
1731300,1,-2.75261,-1.32534,1.01105,-1.94698,1.10108,1.16772,2.20138,-2.75266,-1.32422,1.00895,-1.94565,1.10136,1.16858,2.20139,0.000262042,-0.000150466,0.00137399,0.000539102,0.000212434,0.000273324,-0.000695275,0,0,0,0,0,0,0,-0.204456,26.7144,-24.7128,7.44724,0.819719,2.49319,0.103647,-0.18216,2.14387,-3.02012,1.88638,0.180639,0.90917,0.0562452
1731301,1,-2.75261,-1.32534,1.01105,-1.94698,1.10108,1.16771,2.20139,-2.75266,-1.32422,1.00895,-1.94565,1.10136,1.16858,2.20139,-0.000474919,-0.000100311,-0.000847244,0.000359401,0.000141623,-0.000292502,0.00143536,0,0,0,0,0,0,0,-0.176685,26.7144,-24.6374,7.44724,0.819719,2.50601,0.0523779,-0.183618,2.14635,-3.02294,1.88519,0.180559,0.909355,0.0568913
1731302,1,-2.75261,-1.32534,1.01105,-1.94698,1.10108,1.16771,2.20138,-2.75266,-1.32422,1.00895,-1.94565,1.10136,1.16858,2.20139,0.000333001,-6.68737e-05,-8.01725e-06,-0.000966825,-0.000312486,-0.000195001,0.000482186,0,0,0,0,0,0,0,-0.204456,26.7144,-24.6612,7.49881,0.830705,2.50601,0.0651953,-0.184722,2.14794,-3.02449,1.88431,0.180497,0.909448,0.0575549
1731303,1,-2.75261,-1.32534,1.01105,-1.94698,1.10108,1.16772,2.20139,-2.75266,-1.32422,1.00895,-1.94565,1.10136,1.16858,2.20139,-0.000427613,-4.45825e-05,-5.34483e-06,0.000561876,-4.87346e-06,-0.00036736,0.000558816,0,0,0,0,0,0,0,-0.176685,26.7144,-24.6612,7.44724,0.825212,2.51242,0.0587866,-0.185208,2.14852,-3.02496,1.88408,0.18048,0.909487,0.0581995
1731304,1,-2.75261,-1.32534,1.01105,-1.94698,1.10108,1.16772,2.20138,-2.75266,-1.32422,1.00895,-1.94565,1.10136,1.16858,2.20139,-0.000285075,-0.000586534,-0.000560375,-0.000182228,-3.24897e-06,0.00046717,-0.000102174,0,0,0,0,0,0,0,-0.176685,26.7383,-24.6374,7.47104,0.825212,2.49319,0.071604,-0.185362,2.14883,-3.02507,1.88399,0.180474,0.909502,0.0587904
1731305,1,-2.75261,-1.32534,1.01104,-1.94698,1.10108,1.16772,2.20139,-2.75266,-1.32422,1.00895,-1.94565,1.10136,1.16858,2.20139,-0.00019005,-0.000391022,-0.000373583,-0.000121485,-2.16598e-06,0.000311447,0.00138995,0,0,0,0,0,0,0,-0.176685,26.7383,-24.6374,7.47104,0.825212,2.49319,0.0322363,-0.185325,2.14905,-3.02472,1.8839,0.180477,0.909478,0.0593148
1731306,1,-2.75261,-1.32534,1.01105,-1.94698,1.10108,1.16772,2.20139,-2.75266,-1.32422,1.00895,-1.94565,1.10136,1.16858,2.20139,0.000522914,-0.000260682,0.000307756,0.000475822,-1.44399e-06,-2.97277e-05,0.000180646,0,0,0,0,0,0,0,-0.204456,26.7383,-24.6612,7.44724,0.825212,2.4996,0.0523779,-0.185832,2.14962,-3.02434,1.8835,0.180458,0.909454,0.0597622
1731307,1,-2.75261,-1.32534,1.01105,-1.94698,1.10108,1.16772,2.20139,-2.75266,-1.32422,1.00895,-1.94565,1.10136,1.16858,2.20139,0.000348609,-0.000173788,-0.000351641,0.000317214,-9.62659e-07,0.000454899,-0.000116929,0,0,0,0,0,0,0,-0.204456,26.7383,-24.6374,7.44724,0.825212,2.48678,0.0587866,-0.187656,2.15084,-3.0242,1.88228,0.180367,0.909452,0.0601138
1731308,1,-2.75261,-1.32534,1.01105,-1.94698,1.10108,1.16771,2.20139,-2.75266,-1.32422,1.00895,-1.94565,1.10136,1.16858,2.20139,-0.00097402,-0.000115858,0.000322385,-0.00099495,0.000202809,-0.000171452,0.000159407,0,0,0,0,0,0,0,-0.152882,26.7383,-24.6612,7.49881,0.819719,2.4996,0.0523779,-0.189071,2.15178,-3.02415,1.88137,0.180291,0.90945,0.0603714
1731309,1,-2.75261,-1.32534,1.01105,-1.94698,1.10108,1.16771,2.20139,-2.75266,-1.32422,1.00895,-1.94565,1.10136,1.16858,2.20139,-0.000649347,0.000479573,0.000864537,-1.36858e-05,0.000135206,-0.000114301,0.00034363,0,0,0,0,0,0,0,-0.152882,26.7144,-24.689,7.47104,0.819719,2.4996,0.0459692,-0.187793,2.15157,-3.02458,1.88217,0.180331,0.909458,0.0605564
1731310,1,-2.75261,-1.32534,1.01105,-1.94698,1.10108,1.16771,2.20139,-2.75266,-1.32422,1.00895,-1.94565,1.10136,1.16858,2.20139,0.000773528,0.000319715,-0.000630068,0.000547688,-0.000723665,-7.62007e-05,0.00121243,0,0,0,0,0,0,0,-0.204456,26.7144,-24.6374,7.44724,0.841692,2.4996,0.0194189,-0.185674,2.15069,-3.0251,1.88346,0.180384,0.909459,0.0606733
1731311,1,-2.75261,-1.32534,1.01105,-1.94698,1.10108,1.16772,2.20139,-2.75266,-1.32422,1.00895,-1.94565,1.10136,1.16858,2.20139,0.000515685,-0.000343668,0.000136767,-0.000191687,-7.55422e-05,0.000186558,0.000333569,0,0,0,0,0,0,0,-0.204456,26.7383,-24.6612,7.47104,0.830705,2.49319,0.0322363,-0.185616,2.15015,-3.02487,1.88355,0.180342,0.909425,0.0607044
1731312,1,-2.75261,-1.32534,1.01105,-1.94698,1.10108,1.16771,2.20139,-2.75266,-1.32422,1.00895,-1.94565,1.10136,1.16858,2.20139,0.00034379,0.0003277,0.000740792,0.000429021,0.000593899,-0.000350346,-0.000286247,0,0,0,0,0,0,0,-0.204456,26.7144,-24.689,7.44724,0.81331,2.50601,0.0459692,-0.18729,2.15053,-3.02475,1.88267,0.18024,0.909412,0.0606329
1731313,1,-2.75261,-1.32534,1.01105,-1.94698,1.10108,1.16771,2.20139,-2.75266,-1.32422,1.00895,-1.94565,1.10136,1.16858,2.20139,0.000229194,0.000218466,-0.000155753,0.000286014,0.000158573,-0.000470923,-0.000665549,0,0,0,0,0,0,0,-0.204456,26.7144,-24.6612,7.44724,0.819719,2.51242,0.0587866,-0.189354,2.1513,-3.02511,1.88148,0.180116,0.909432,0.0604664
1731314,1,-2.75261,-1.32534,1.01105,-1.94698,1.10108,1.16771,2.20138,-2.75266,-1.32422,1.00895,-1.94565,1.10136,1.16858,2.20139,0.000152796,0.000795258,-0.000660647,-0.000366136,-0.000301185,0.000160769,-0.000918417,0,0,0,0,0,0,0,-0.204456,26.6867,-24.6374,7.47104,0.830705,2.4996,0.071604,-0.190887,2.15111,-3.02469,1.88063,0.180005,0.909414,0.0602363
1731315,1,-2.75261,-1.32534,1.01105,-1.94698,1.10108,1.16772,2.20139,-2.75266,-1.32422,1.00895,-1.94565,1.10136,1.16858,2.20139,0.000658676,-0.000676254,0.000116381,-0.00145052,0.000206111,0.000344539,0.000608425,0,0,0,0,0,0,0,-0.22826,26.7383,-24.6612,7.52262,0.819719,2.49319,0.038645,-0.191512,2.14989,-3.02344,1.88068,0.179964,0.909371,0.0599842
1731316,1,-2.75261,-1.32534,1.01105,-1.94698,1.10108,1.16771,2.20139,-2.75266,-1.32422,1.00895,-1.94565,1.10136,1.16858,2.20139,-0.000767309,0.00075559,-0.000479225,-0.000410199,-0.000269494,-0.000245026,-0.00010301,0,0,0,0,0,0,0,-0.176685,26.6867,-24.6374,7.49881,0.830705,2.50601,0.0523779,-0.190969,2.14833,-3.02227,1.8818,0.180018,0.90935,0.059738
1731317,1,-2.75261,-1.32534,1.01105,-1.94698,1.10108,1.16771,2.20138,-2.75266,-1.32422,1.00895,-1.94565,1.10136,1.16858,2.20139,-0.000511539,-0.000145887,0.000237329,0.00093296,2.37879e-05,-0.00016335,-0.000543391,0,0,0,0,0,0,0,-0.176685,26.7144,-24.6612,7.44724,0.825212,2.50601,0.0651953,-0.189106,2.14643,-3.02132,1.88348,0.180113,0.909306,0.0594978
1731318,1,-2.75261,-1.32534,1.01105,-1.94698,1.10108,1.16772,2.20139,-2.75266,-1.32422,1.00895,-1.94565,1.10136,1.16858,2.20139,0.0008654,-9.72582e-05,0.000158219,6.51613e-05,-0.000187592,0.000128459,0.000112457,0,0,0,0,0,0,0,-0.22826,26.7144,-24.6612,7.47104,0.830705,2.4996,0.0523779,-0.187886,2.14542,-3.02096,1.88428,0.18014,0.909268,0.0592633
1731319,1,-2.75261,-1.32534,1.01105,-1.94698,1.10108,1.16772,2.20139,-2.75266,-1.32422,1.00895,-1.94565,1.10136,1.16858,2.20139,-0.000629493,-0.00127126,0.00131191,0.000600253,7.83893e-05,8.56391e-05,-0.000162387,0,0,0,0,0,0,0,-0.176685,26.766,-24.7128,7.44724,0.825212,2.4996,0.0587866,-0.188555,2.14676,-3.02223,1.88368,0.180082,0.909327,0.0590445
1731320,1,-2.75261,-1.32534,1.01105,-1.94698,1.10108,1.16772,2.20139,-2.75266,-1.32422,1.00895,-1.94565,1.10136,1.16858,2.20139,0.000229952,-0.00084751,-0.000331822,-0.000156643,5.22595e-05,-0.000417625,0.00036646,0,0,0,0,0,0,0,-0.204456,26.766,-24.6612,7.47104,0.825212,2.51242,0.0459692,-0.190016,2.1501,-3.02514,1.88244,0.180009,0.909476,0.0588456
1731321,1,-2.75261,-1.32534,1.01105,-1.94698,1.10108,1.16772,2.20138,-2.75266,-1.32422,1.00895,-1.94565,1.10136,1.16858,2.20139,0.000153301,0.000641419,0.000428399,-0.000754043,-0.000168611,0.000196301,-0.00117985,0,0,0,0,0,0,0,-0.204456,26.7144,-24.689,7.49881,0.830705,2.4996,0.0844213,-0.191194,2.1532,-3.02786,1.88157,0.179974,0.909634,0.0586663
1731322,1,-2.75261,-1.32534,1.01105,-1.94698,1.10108,1.16772,2.20138,-2.75266,-1.32422,1.00895,-1.94565,1.10136,1.16858,2.20139,0.000102201,0.00107723,-0.000920827,0.000146919,0.000294494,0.000368226,-0.000786565,0,0,0,0,0,0,0,-0.204456,26.6867,-24.6374,7.47104,0.819719,2.49319,0.0844213,-0.191362,2.15368,-3.02857,1.88177,0.179989,0.909712,0.0585156
1731323,1,-2.75261,-1.32534,1.01105,-1.94698,1.10108,1.16772,2.20138,-2.75266,-1.32422,1.00895,-1.94565,1.10136,1.16858,2.20139,-0.00058148,6.85373e-05,-5.70724e-05,9.79458e-05,-7.12132e-06,8.1253e-06,-0.000524377,0,0,0,0,0,0,0,-0.176685,26.7144,-24.6612,7.47104,0.825212,2.4996,0.0844213,-0.190494,2.1517,-3.02729,1.88267,0.180025,0.909669,0.0584198
1731324,1,-2.75261,-1.32534,1.01105,-1.94698,1.10108,1.16772,2.20139,-2.75266,-1.32422,1.00895,-1.94565,1.10136,1.16858,2.20139,-0.000387653,-0.00116073,0.000611566,6.52972e-05,-0.000208198,-0.000231942,0.000599851,0,0,0,0,0,0,0,-0.176685,26.766,-24.689,7.47104,0.830705,2.50601,0.0587866,-0.189216,2.15,-3.02629,1.88358,0.18007,0.909608,0.0584016
1731325,1,-2.75261,-1.32534,1.01105,-1.94698,1.10108,1.16772,2.20138,-2.75266,-1.32422,1.00895,-1.94565,1.10136,1.16858,2.20139,0.00094799,0.000432603,0.00040771,4.35315e-05,0.000268102,0.00032009,-0.00126161,0,0,0,0,0,0,0,-0.22826,26.7144,-24.689,7.47104,0.819719,2.49319,0.103647,-0.188817,2.15024,-3.02693,1.88386,0.180087,0.909637,0.0584586
1731326,1,-2.75261,-1.32534,1.01105,-1.94698,1.10108,1.16771,2.20138,-2.75266,-1.32422,1.00895,-1.94565,1.10136,1.16858,2.20139,7.51816e-05,0.000288402,-0.000377807,0.000585833,-0.000228166,-0.000498684,0.000108361,0,0,0,0,0,0,0,-0.204456,26.7144,-24.6612,7.44724,0.830705,2.51242,0.0780126,-0.189951,2.15108,-3.0277,1.88331,0.180034,0.909695,0.0585839
1731327,1,-2.75261,-1.32534,1.01105,-1.94698,1.10108,1.16771,2.20138,-2.75266,-1.32422,1.00895,-1.94565,1.10136,1.16858,2.20139,-0.000599493,0.000192268,-0.000808683,-0.000815871,5.13398e-05,-9.50968e-05,-0.000165118,0,0,0,0,0,0,0,-0.176685,26.7144,-24.6374,7.49881,0.825212,2.50601,0.0844213,-0.190845,2.15071,-3.02721,1.883,0.179986,0.909683,0.0587857
1731328,1,-2.75261,-1.32534,1.01105,-1.94698,1.10108,1.16771,2.20138,-2.75266,-1.32422,1.00895,-1.94565,1.10136,1.16858,2.20139,0.000249952,0.000128179,1.76898e-05,-0.000543914,3.42265e-05,-6.33979e-05,0.00012728,0,0,0,0,0,0,0,-0.204456,26.7144,-24.6612,7.49881,0.825212,2.50601,0.0780126,-0.190181,2.14901,-3.02584,1.88383,0.180029,0.909624,0.0590621
1731329,1,-2.75261,-1.32534,1.01105,-1.94698,1.10108,1.16771,2.20138,-2.75266,-1.32422,1.00895,-1.94565,1.10136,1.16858,2.20139,0.000166635,-0.00047136,0.000661407,0.000287005,-0.000180633,-0.000279624,-0.000152505,0,0,0,0,0,0,0,-0.204456,26.7383,-24.689,7.47104,0.830705,2.51242,0.0844213,-0.189457,2.14781,-3.02514,1.88484,0.180093,0.90963,0.0593964
1731330,1,-2.75261,-1.32534,1.01105,-1.94698,1.10108,1.16772,2.20138,-2.75266,-1.32422,1.00895,-1.94565,1.10136,1.16858,2.20139,-0.000538524,0.000242572,-0.0013223,0.000191337,-0.000323872,-0.000186416,-0.00105111,0,0,0,0,0,0,0,-0.176685,26.7144,-24.6136,7.47104,0.836199,2.51242,0.110056,-0.189431,2.14757,-3.02507,1.88525,0.180122,0.909681,0.0597738
1731331,1,-2.75261,-1.32534,1.01105,-1.94698,1.10108,1.16772,2.20138,-2.75266,-1.32422,1.00895,-1.94565,1.10136,1.16858,2.20139,-0.000359016,-0.000395097,0.00143852,-0.000522056,-1.24644e-05,0.000113082,0.000486057,0,0,0,0,0,0,0,-0.176685,26.7383,-24.7128,7.49881,0.830705,2.50601,0.0780126,-0.188892,2.14732,-3.02508,1.88579,0.180173,0.909737,0.0601986
1731332,1,-2.75261,-1.32534,1.01105,-1.94698,1.10108,1.16772,2.20138,-2.75266,-1.32422,1.00895,-1.94565,1.10136,1.16858,2.20139,0.00041027,-0.000263398,-0.000247415,0.000301576,0.000195141,7.53877e-05,-0.00015068,0,0,0,0,0,0,0,-0.204456,26.7383,-24.6612,7.47104,0.825212,2.50601,0.09083,-0.188227,2.14778,-3.02608,1.88637,0.180247,0.909872,0.0606788
1731333,1,-2.75261,-1.32534,1.01105,-1.94698,1.10108,1.16772,2.20138,-2.75266,-1.32422,1.00895,-1.94565,1.10136,1.16858,2.20139,-0.000376101,-0.000175599,0.000484671,-0.000448563,-7.33566e-05,5.02585e-05,0.000611624,0,0,0,0,0,0,0,-0.176685,26.7383,-24.689,7.49881,0.830705,2.50601,0.071604,-0.188266,2.14903,-3.02769,1.88656,0.180304,0.910066,0.0612017
1731334,1,-2.75261,-1.32534,1.01105,-1.94698,1.10108,1.16771,2.20139,-2.75266,-1.32422,1.00895,-1.94565,1.10136,1.16858,2.20139,0.00039888,0.000439746,-0.0003265,0.000350572,0.000154546,-0.000203853,0.00135718,0,0,0,0,0,0,0,-0.204456,26.7144,-24.6612,7.47104,0.825212,2.51242,0.0459692,-0.188522,2.14996,-3.02884,1.88666,0.180353,0.910246,0.0617467
1731335,1,-2.75261,-1.32534,1.01105,-1.94698,1.10108,1.16771,2.20139,-2.75266,-1.32422,1.00895,-1.94565,1.10136,1.16858,2.20139,0.00026592,-0.000263648,0.000431947,0.000233715,-0.00010042,0.000338816,0.000430072,0,0,0,0,0,0,0,-0.204456,26.7383,-24.689,7.47104,0.830705,2.4996,0.0587866,-0.189372,2.15059,-3.02944,1.88641,0.180367,0.910405,0.0622773
1731336,1,-2.75261,-1.32534,1.01105,-1.94698,1.10108,1.16771,2.20139,-2.75266,-1.32422,1.00895,-1.94565,1.10136,1.16858,2.20139,-0.000472334,-0.000175765,-0.00147527,0.00126943,-6.69465e-05,-1.14818e-05,0.000286715,0,0,0,0,0,0,0,-0.176685,26.7383,-24.6136,7.42344,0.830705,2.50601,0.0587866,-0.191028,2.15126,-3.02932,1.88544,0.180328,0.910504,0.0627475
1731337,1,-2.75261,-1.32534,1.01105,-1.94698,1.10108,1.16772,2.20139,-2.75266,-1.32422,1.00895,-1.94565,1.10136,1.16858,2.20139,0.000891537,0.00108925,0.000130109,-0.000916949,0.00015882,0.000229704,0.000665861,0,0,0,0,0,0,0,-0.22826,26.6867,-24.6612,7.49881,0.825212,2.4996,0.0459692,-0.192648,2.15107,-3.02796,1.88438,0.180281,0.910516,0.0631391
1731338,1,-2.75261,-1.32534,1.01105,-1.94698,1.10108,1.16771,2.20139,-2.75266,-1.32422,1.00895,-1.94565,1.10136,1.16858,2.20139,-0.000612068,-0.00048026,-0.000470073,0.000595127,0.00010588,-8.42227e-05,0.00118989,0,0,0,0,0,0,0,-0.176685,26.7383,-24.6374,7.44724,0.825212,2.50601,0.0258276,-0.193641,2.14991,-3.02604,1.88395,0.180275,0.910511,0.0634492
1731339,1,-2.75261,-1.32534,1.01105,-1.94698,1.10108,1.16772,2.20139,-2.75266,-1.32422,1.00895,-1.94565,1.10136,1.16858,2.20139,-0.000408045,0.000886253,0.000893044,-0.00136649,7.05865e-05,0.000418569,-0.000190082,0,0,0,0,0,0,0,-0.176685,26.6867,-24.689,7.52262,0.825212,2.49319,0.0523779,-0.193035,2.14846,-3.02493,1.88461,0.180354,0.910553,0.0636618
1731340,1,-2.75261,-1.32534,1.01105,-1.94698,1.10108,1.16771,2.20139,-2.75266,-1.32422,1.00895,-1.94565,1.10136,1.16858,2.20139,-0.00027203,-5.87788e-05,0.000595363,-0.000354179,-0.000156393,-0.000195672,0.000110637,0,0,0,0,0,0,0,-0.176685,26.7144,-24.689,7.49881,0.830705,2.50601,0.0459692,-0.190432,2.14686,-3.02518,1.88663,0.180532,0.91067,0.0637653
1731341,1,-2.75261,-1.32534,1.01105,-1.94698,1.10108,1.16772,2.20139,-2.75266,-1.32422,1.00895,-1.94565,1.10136,1.16858,2.20139,0.00102507,-3.91859e-05,0.000396908,0.000970306,9.91886e-05,0.000106911,0.000582385,0,0,0,0,0,0,0,-0.22826,26.7144,-24.689,7.44724,0.825212,2.4996,0.0322363,-0.188573,2.14632,-3.02655,1.88825,0.180675,0.910853,0.0637654
1731342,1,-2.75261,-1.32534,1.01105,-1.94698,1.10108,1.16772,2.20139,-2.75266,-1.32422,1.00895,-1.94565,1.10136,1.16858,2.20139,0.00012657,-0.000582936,-0.000385008,-0.000559555,-0.000137325,7.12741e-05,0.000150897,0,0,0,0,0,0,0,-0.204456,26.7383,-24.6612,7.49881,0.830705,2.4996,0.038645,-0.189478,2.1475,-3.02812,1.88805,0.180686,0.911032,0.0636688
1731343,1,-2.75261,-1.32534,1.01105,-1.94698,1.10108,1.16772,2.20139,-2.75266,-1.32422,1.00895,-1.94565,1.10136,1.16858,2.20139,-0.000565234,0.000168188,-0.000256672,-0.000373037,0.000111901,0.000284875,0.000812675,0,0,0,0,0,0,0,-0.176685,26.7144,-24.6612,7.49881,0.825212,2.49319,0.0194189,-0.190732,2.14872,-3.02908,1.88767,0.180694,0.911147,0.0634813
1731344,1,-2.75261,-1.32534,1.01105,-1.94698,1.10108,1.16772,2.20139,-2.75266,-1.32422,1.00895,-1.94565,1.10136,1.16858,2.20139,0.000272791,0.000112125,-0.000727927,0.00151455,-0.000332301,-0.00052216,-0.000170293,0,0,0,0,0,0,0,-0.204456,26.7144,-24.6374,7.42344,0.836199,2.51242,0.038645,-0.191213,2.14896,-3.02898,1.88761,0.180722,0.911153,0.0632052
1731345,1,-2.75261,-1.32534,1.01105,-1.94698,1.10108,1.16771,2.20139,-2.75266,-1.32422,1.00895,-1.94565,1.10136,1.16858,2.20139,0.000738673,-0.000482062,7.15274e-05,0.000452886,0.000185367,-0.000110748,0.000598548,0,0,0,0,0,0,0,-0.22826,26.7383,-24.6612,7.44724,0.825212,2.50601,0.0194189,-0.193058,2.14947,-3.02826,1.88639,0.180657,0.911095,0.0628397
1731346,1,-2.75261,-1.32534,1.01105,-1.94698,1.10108,1.16772,2.20139,-2.75266,-1.32422,1.00895,-1.94565,1.10136,1.16858,2.20139,-0.000713977,-0.000321374,-0.000509127,-0.000904502,-0.000283323,-7.38319e-05,-0.000313045,0,0,0,0,0,0,0,-0.176685,26.7383,-24.6374,7.49881,0.836199,2.50601,0.038645,-0.195497,2.15057,-3.02779,1.88481,0.18058,0.911059,0.0623939
1731347,1,-2.75261,-1.32534,1.01105,-1.94698,1.10108,1.16772,2.20139,-2.75266,-1.32422,1.00895,-1.94565,1.10136,1.16858,2.20139,-0.0010328,0.000992176,-0.00089623,-0.000603001,-0.000392332,-0.000523939,0.00050338,0,0,0,0,0,0,0,-0.152882,26.6867,-24.6136,7.49881,0.841692,2.51882,0.0194189,-0.195019,2.14997,-3.02692,1.88528,0.180672,0.911012,0.0618854
1731348,1,-2.75261,-1.32534,1.01105,-1.94698,1.10108,1.16772,2.20139,-2.75266,-1.32422,1.00895,-1.94565,1.10136,1.16858,2.20139,-0.000131719,1.18369e-05,0.000516137,0.00136124,0.000348797,0.000125425,9.82279e-05,0,0,0,0,0,0,0,-0.176685,26.7144,-24.6612,7.42344,0.825212,2.50601,0.0258276,-0.192134,2.14755,-3.02544,1.88714,0.18087,0.910933,0.0613251
1731349,1,-2.75261,-1.32534,1.01105,-1.94698,1.10108,1.16771,2.20139,-2.75266,-1.32422,1.00895,-1.94565,1.10136,1.16858,2.20139,0.000561801,0.000657505,0.000344092,-0.000206133,0.000232531,8.36168e-05,6.54852e-05,0,0,0,0,0,0,0,-0.204456,26.6867,-24.6612,7.47104,0.825212,2.50601,0.0258276,-0.190281,2.14583,-3.02467,1.8881,0.180996,0.910922,0.0607138
1731350,1,-2.75261,-1.32534,1.01105,-1.94698,1.10108,1.16771,2.20139,-2.75266,-1.32422,1.00895,-1.94565,1.10136,1.16858,2.20139,-0.00027508,0.000438337,0.000229394,0.00041939,0.000155021,5.57445e-05,-0.000193702,0,0,0,0,0,0,0,-0.176685,26.6867,-24.6612,7.44724,0.825212,2.50601,0.0322363,-0.189836,2.14505,-3.0247,1.88821,0.181055,0.911005,0.0600565
1731351,1,-2.75261,-1.32534,1.01105,-1.94698,1.10108,1.16772,2.20139,-2.75266,-1.32422,1.00895,-1.94565,1.10136,1.16858,2.20139,-0.000183387,-0.00156382,0.000802544,-0.000926832,-0.000100103,0.000274522,-0.000129135,0,0,0,0,0,0,0,-0.176685,26.766,-24.689,7.49881,0.830705,2.4996,0.0322363,-0.189517,2.14523,-3.02576,1.88831,0.18113,0.911171,0.0593656
1731352,1,-2.75261,-1.32534,1.01105,-1.94698,1.10108,1.16771,2.20139,-2.75266,-1.32422,1.00895,-1.94565,1.10136,1.16858,2.20139,0.000527356,-0.00104254,0.00109184,3.17257e-05,-6.67356e-05,-0.000291703,-0.000832075,0,0,0,0,0,0,0,-0.204456,26.766,-24.7128,7.47104,0.830705,2.51242,0.0523779,-0.189805,2.14789,-3.02893,1.88813,0.181225,0.911473,0.0586544
1731353,1,-2.75261,-1.32534,1.01105,-1.94698,1.10108,1.16771,2.20139,-2.75266,-1.32422,1.00895,-1.94565,1.10136,1.16858,2.20139,-0.000854855,0.00116101,-0.000478532,-0.00118528,-0.000247941,-0.000194469,-0.000792076,0,0,0,0,0,0,0,-0.152882,26.6867,-24.6612,7.52262,0.836199,2.51242,0.0587866,-0.189996,2.15098,-3.03259,1.88822,0.181347,0.911819,0.0579497
1731354,1,-2.75261,-1.32534,1.01105,-1.94698,1.10108,1.16771,2.20139,-2.75266,-1.32422,1.00895,-1.94565,1.10136,1.16858,2.20139,-0.000569903,0.00133082,0.000887405,0.000416242,3.81566e-05,0.000107713,0.000217935,0,0,0,0,0,0,0,-0.152882,26.6629,-24.7128,7.47104,0.830705,2.50601,0.038645,-0.187841,2.15082,-3.0343,1.88984,0.181544,0.912048,0.0572905
1731355,1,-2.75261,-1.32534,1.01105,-1.94698,1.10108,1.16771,2.20138,-2.75266,-1.32422,1.00895,-1.94565,1.10136,1.16858,2.20139,0.000176876,-0.000876025,0.000591603,0.000277495,0.000228888,0.000309168,-0.00155013,0,0,0,0,0,0,0,-0.176685,26.7383,-24.7128,7.47104,0.825212,2.4996,0.0844213,-0.184945,2.14921,-3.03514,1.89169,0.181729,0.912207,0.0566938
1731356,1,-2.75261,-1.32534,1.01105,-1.94698,1.10108,1.16772,2.20138,-2.75266,-1.32422,1.00895,-1.94565,1.10136,1.16858,2.20139,0.000117918,0.000622409,-0.00016241,0.000184997,0.000152592,0.000206112,-0.000321344,0,0,0,0,0,0,0,-0.176685,26.6867,-24.689,7.47104,0.825212,2.4996,0.0651953,-0.183951,2.14883,-3.03617,1.89214,0.181812,0.912359,0.0561661
1731357,1,-2.75261,-1.32534,1.01105,-1.94698,1.10108,1.16771,2.20138,-2.75266,-1.32422,1.00895,-1.94565,1.10136,1.16858,2.20139,-0.0004782,-0.000234674,0.00100535,0.000123331,-0.000305173,-9.99511e-05,-0.000926306,0,0,0,0,0,0,0,-0.152882,26.7144,-24.7366,7.47104,0.836199,2.50601,0.0844213,-0.183976,2.14892,-3.03703,1.89189,0.181843,0.912482,0.0557342
1731358,1,-2.75261,-1.32534,1.01105,-1.94698,1.10108,1.16771,2.20138,-2.75266,-1.32422,1.00895,-1.94565,1.10136,1.16858,2.20139,0.000238012,-0.000713262,-0.001093,-0.000567393,1.89802e-09,-6.66341e-05,-0.00109226,0,0,0,0,0,0,0,-0.176685,26.7383,-24.6612,7.49881,0.830705,2.50601,0.0972387,-0.18408,2.14919,-3.03778,1.89163,0.181881,0.912578,0.0554187
1731359,1,-2.75261,-1.32534,1.01105,-1.94698,1.10108,1.16771,2.20138,-2.75266,-1.32422,1.00895,-1.94565,1.10136,1.16858,2.20139,0.0013651,8.13042e-05,0.000477757,-0.000378262,1.26535e-09,-0.000281782,-0.000253452,0,0,0,0,0,0,0,-0.22826,26.7144,-24.7128,7.49881,0.830705,2.51242,0.0844213,-0.185355,2.14988,-3.03803,1.891,0.181909,0.912659,0.055234
1731360,1,-2.75261,-1.32534,1.01105,-1.94698,1.10108,1.16771,2.20138,-2.75266,-1.32422,1.00895,-1.94565,1.10136,1.16858,2.20139,0.000910067,-0.00115222,0.000318504,-0.000252175,-0.00020345,4.95045e-05,-0.000643686,0,0,0,0,0,0,0,-0.22826,26.766,-24.7128,7.49881,0.836199,2.50601,0.0972387,-0.18876,2.15163,-3.03842,1.88951,0.181878,0.91279,0.055193
1731361,1,-2.75261,-1.32534,1.01105,-1.94698,1.10108,1.16772,2.20138,-2.75266,-1.32422,1.00895,-1.94565,1.10136,1.16858,2.20139,-0.000599715,-0.000118535,0.000212336,0.000481497,6.78174e-05,0.000270362,4.55938e-05,0,0,0,0,0,0,0,-0.176685,26.7383,-24.7128,7.47104,0.830705,2.4996,0.0844213,-0.19277,2.15435,-3.03963,1.88762,0.181825,0.912961,0.0552932
1731362,1,-2.75261,-1.32534,1.01105,-1.94698,1.10108,1.16771,2.20138,-2.75266,-1.32422,1.00895,-1.94565,1.10136,1.16858,2.20139,-0.000956622,0.000477789,-0.00106487,-0.000328616,0.000689472,-5.71176e-05,-0.000206963,0,0,0,0,0,0,0,-0.152882,26.7144,-24.6612,7.49881,0.81331,2.50601,0.09083,-0.194347,2.15553,-3.04019,1.88681,0.181846,0.913024,0.0555265
1731363,1,-2.75261,-1.32534,1.01105,-1.94698,1.10108,1.16771,2.20138,-2.75266,-1.32422,1.00895,-1.94565,1.10136,1.16858,2.20139,-8.09358e-05,0.000318526,-6.02983e-05,-0.000219077,-0.000184612,-3.80784e-05,-0.000137975,0,0,0,0,0,0,0,-0.176685,26.7144,-24.689,7.49881,0.830705,2.50601,0.09083,-0.192921,2.1539,-3.03914,1.88767,0.181962,0.912943,0.055877
1731364,1,-2.75261,-1.32534,1.01105,-1.94698,1.10108,1.16771,2.20138,-2.75266,-1.32422,1.00895,-1.94565,1.10136,1.16858,2.20139,0.000595657,-0.000344461,-4.01989e-05,0.000503563,-0.000123075,-2.53856e-05,0.000145375,0,0,0,0,0,0,0,-0.204456,26.7383,-24.689,7.47104,0.830705,2.50601,0.0844213,-0.19133,2.15174,-3.0377,1.8887,0.182063,0.912842,0.0563212
1731365,1,-2.75261,-1.32534,1.01105,-1.94698,1.10108,1.16771,2.20138,-2.75266,-1.32422,1.00895,-1.94565,1.10136,1.16858,2.20139,-0.000809321,0.000327171,-2.67993e-05,0.000335708,0.000324851,-1.69237e-05,0.000334276,0,0,0,0,0,0,0,-0.152882,26.7144,-24.689,7.47104,0.819719,2.50601,0.0780126,-0.190859,2.15054,-3.03687,1.88897,0.182092,0.912778,0.0568379
1731366,1,-2.75261,-1.32534,1.01105,-1.94698,1.10108,1.16771,2.20138,-2.75266,-1.32422,1.00895,-1.94565,1.10136,1.16858,2.20139,0.000666878,-0.000338698,-1.78662e-05,-0.000425808,-0.000393784,-0.000248641,0.000222851,0,0,0,0,0,0,0,-0.204456,26.7383,-24.689,7.49881,0.836199,2.51242,0.0780126,-0.190488,2.14976,-3.03651,1.88913,0.182102,0.912742,0.0574047
1731367,1,-2.75261,-1.32534,1.01105,-1.94698,1.10107,1.16771,2.20138,-2.75266,-1.32422,1.00895,-1.94565,1.10136,1.16858,2.20139,0.000444586,0.000980627,0.000544901,-0.000283872,-0.000465973,-0.00040312,-0.00056351,0,0,0,0,0,0,0,-0.204456,26.6867,-24.7128,7.49881,0.841692,2.51882,0.0972387,-0.19037,2.14915,-3.03656,1.88945,0.182117,0.912775,0.057998
1731368,1,-2.75261,-1.32534,1.01106,-1.94698,1.10108,1.16771,2.20138,-2.75266,-1.32422,1.00895,-1.94565,1.10136,1.16858,2.20139,-0.000910036,4.13757e-06,0.00156969,0.000460366,0.000299703,0.000205971,0.000336404,0,0,0,0,0,0,0,-0.152882,26.7144,-24.7643,7.47104,0.825212,2.50601,0.0780126,-0.189983,2.14873,-3.03765,1.89008,0.182146,0.912905,0.0586084
1731369,1,-2.75261,-1.32534,1.01105,-1.94698,1.10108,1.16771,2.20139,-2.75266,-1.32422,1.00895,-1.94565,1.10136,1.16858,2.20139,-0.00060669,0.00120918,-0.000159964,0.00142053,0.000199802,-0.000100045,0.0011737,0,0,0,0,0,0,0,-0.152882,26.6629,-24.7128,7.42344,0.825212,2.51242,0.0523779,-0.188445,2.14818,-3.0396,1.8909,0.182187,0.913056,0.0592333
1731370,1,-2.75261,-1.32534,1.01105,-1.94698,1.10108,1.16771,2.20138,-2.75266,-1.32422,1.00895,-1.94565,1.10136,1.16858,2.20139,0.000152352,-0.000400303,-0.000106642,-0.000166601,-7.02493e-05,-6.66965e-05,0.000307752,0,0,0,0,0,0,0,-0.176685,26.7144,-24.7128,7.47104,0.830705,2.51242,0.0651953,-0.186793,2.14721,-3.04092,1.89133,0.182204,0.91314,0.0598466
1731371,1,-2.75261,-1.32534,1.01105,-1.94698,1.10108,1.16771,2.20139,-2.75266,-1.32422,1.00895,-1.94565,1.10136,1.16858,2.20139,-0.000455244,0.000382745,-0.000627907,-0.00131749,-4.68329e-05,-4.44643e-05,0.000442527,0,0,0,0,0,0,0,-0.152882,26.6867,-24.689,7.52262,0.830705,2.51242,0.0587866,-0.185232,2.14578,-3.04121,1.892,0.182259,0.91319,0.0604123
1731372,1,-2.75261,-1.32534,1.01105,-1.94698,1.10108,1.16771,2.20138,-2.75266,-1.32422,1.00895,-1.94565,1.10136,1.16858,2.20139,-0.000303496,-0.00039445,0.000695019,0.000328097,-3.12219e-05,-2.96429e-05,5.7659e-05,0,0,0,0,0,0,0,-0.152882,26.7144,-24.7366,7.47104,0.830705,2.51242,0.0651953,-0.183091,2.14419,-3.04136,1.89341,0.182397,0.913267,0.0609126
1731373,1,-2.75261,-1.32534,1.01105,-1.94698,1.10108,1.16771,2.20139,-2.75266,-1.32422,1.00895,-1.94565,1.10136,1.16858,2.20139,0.000354481,-0.00146939,-9.34658e-05,-0.000430883,-0.000224265,-1.97619e-05,0.00125914,0,0,0,0,0,0,0,-0.176685,26.766,-24.7128,7.49881,0.836199,2.51242,0.0322363,-0.181797,2.14419,-3.04258,1.89431,0.182525,0.913422,0.0613394
1731374,1,-2.75261,-1.32534,1.01105,-1.94698,1.10108,1.16771,2.20139,-2.75266,-1.32422,1.00895,-1.94565,1.10136,1.16858,2.20139,-0.000320491,0.000226831,-0.000619122,0.000362359,0.000257391,-1.31746e-05,9.34431e-05,0,0,0,0,0,0,0,-0.152882,26.7144,-24.689,7.47104,0.825212,2.51242,0.0523779,-0.182129,2.1458,-3.0443,1.89413,0.182596,0.913613,0.0616806
1731375,1,-2.75261,-1.32534,1.01105,-1.94698,1.10108,1.16771,2.20139,-2.75266,-1.32422,1.00895,-1.94565,1.10136,1.16858,2.20139,0.000343151,0.00015122,0.000144064,-0.000408041,0.000375044,0.000228576,0.000808281,0,0,0,0,0,0,0,-0.176685,26.7144,-24.7128,7.49881,0.819719,2.50601,0.0322363,-0.182815,2.14684,-3.04515,1.89372,0.182639,0.913762,0.0619253
1731376,1,-2.75261,-1.32534,1.01105,-1.94698,1.10108,1.16771,2.20139,-2.75266,-1.32422,1.00895,-1.94565,1.10136,1.16858,2.20139,0.000228767,0.000100814,9.60424e-05,0.000934398,-0.000156871,-8.4975e-05,-0.00044449,0,0,0,0,0,0,0,-0.176685,26.7144,-24.7128,7.44724,0.830705,2.51242,0.0587866,-0.183773,2.14724,-3.04552,1.89313,0.182635,0.913898,0.062068
1731377,1,-2.75261,-1.32534,1.01105,-1.94698,1.10108,1.16772,2.20139,-2.75266,-1.32422,1.00895,-1.94565,1.10136,1.16858,2.20139,0.00135894,-0.00113922,0.00062084,6.61203e-05,-0.000511482,0.000180709,0.000687017,0,0,0,0,0,0,0,-0.22826,26.766,-24.7366,7.47104,0.841692,2.50601,0.0322363,-0.186395,2.14882,-3.04655,1.89146,0.182537,0.914087,0.0621103
1731378,1,-2.75261,-1.32534,1.01105,-1.94698,1.10108,1.16771,2.20139,-2.75266,-1.32422,1.00895,-1.94565,1.10136,1.16858,2.20139,0.000349146,-0.000109864,0.000413893,-0.000605534,0.000269364,0.000120473,0.000932729,0,0,0,0,0,0,0,-0.204456,26.7383,-24.7366,7.49881,0.825212,2.50601,0.0194189,-0.190477,2.15196,-3.04868,1.88906,0.182397,0.91436,0.0620636
1731379,1,-2.75261,-1.32534,1.01105,-1.94698,1.10108,1.16771,2.20139,-2.75266,-1.32422,1.00895,-1.94565,1.10136,1.16858,2.20139,-0.000973662,0.000483569,-0.000280883,-0.000403689,0.000179576,8.03151e-05,-0.000361525,0,0,0,0,0,0,0,-0.152882,26.7144,-24.7128,7.49881,0.825212,2.50601,0.0459692,-0.192759,2.15407,-3.05076,1.88797,0.182356,0.914621,0.0619316
1731380,1,-2.75261,-1.32534,1.01105,-1.94699,1.10108,1.16772,2.20139,-2.75266,-1.32422,1.00895,-1.94565,1.10136,1.16858,2.20139,-9.22958e-05,0.00032238,-0.000187255,-0.00138275,-8.37334e-05,5.35434e-05,0.000742328,0,0,0,0,0,0,0,-0.176685,26.7144,-24.7128,7.54642,0.830705,2.50601,0.0194189,-0.19128,2.15321,-3.05158,1.88929,0.182479,0.914771,0.0617124
1731381,1,-2.75261,-1.32534,1.01106,-1.94698,1.10108,1.16772,2.20138,-2.75266,-1.32422,1.00895,-1.94565,1.10136,1.16858,2.20139,-6.15305e-05,0.000864534,0.00108159,0.000841405,0.000351079,0.000273055,-0.00143789,0,0,0,0,0,0,0,-0.176685,26.6867,-24.7643,7.47104,0.819719,2.4996,0.071604,-0.188043,2.15075,-3.05184,1.89176,0.182661,0.914863,0.0614128
1731382,1,-2.75261,-1.32534,1.01105,-1.94698,1.10108,1.16771,2.20139,-2.75266,-1.32422,1.00895,-1.94565,1.10136,1.16858,2.20139,-4.10204e-05,-7.32582e-05,7.14454e-05,-8.86776e-05,-0.000376299,-0.000767399,-9.16074e-06,0,0,0,0,0,0,0,-0.176685,26.7144,-24.7366,7.49881,0.836199,2.52523,0.0459692,-0.185412,2.14868,-3.05259,1.89365,0.18277,0.91496,0.0610522
1731383,1,-2.75261,-1.32534,1.01105,-1.94698,1.10108,1.16771,2.20139,-2.75266,-1.32422,1.00895,-1.94565,1.10136,1.16858,2.20139,-2.73469e-05,0.000600775,-0.00171561,-0.00061593,0.000156035,-0.000274241,-0.000480825,0,0,0,0,0,0,0,-0.176685,26.6867,-24.6612,7.52262,0.825212,2.51882,0.0587866,-0.183517,2.14659,-3.05269,1.89505,0.182832,0.915003,0.060667
1731384,1,-2.75261,-1.32534,1.01105,-1.94698,1.10108,1.16771,2.20139,-2.75266,-1.32422,1.00895,-1.94565,1.10136,1.16858,2.20139,-1.82313e-05,-0.000249097,-0.000494124,0.000795806,-0.000302878,0.000291891,-0.00032055,0,0,0,0,0,0,0,-0.176685,26.7144,-24.689,7.47104,0.836199,2.50601,0.0587866,-0.182188,2.14385,-3.05102,1.89619,0.182877,0.914938,0.0602841
1731385,1,-2.75261,-1.32534,1.01105,-1.94698,1.10108,1.16772,2.20138,-2.75266,-1.32422,1.00895,-1.94565,1.10136,1.16858,2.20139,0.00119427,-0.000166065,-0.000329416,0.000530537,-0.000201918,-4.27651e-05,-0.000925777,0,0,0,0,0,0,0,-0.22826,26.7144,-24.689,7.47104,0.836199,2.51242,0.0780126,-0.182865,2.14223,-3.04906,1.89594,0.18283,0.914859,0.0599178
1731386,1,-2.75261,-1.32534,1.01105,-1.94698,1.10108,1.16771,2.20138,-2.75266,-1.32422,1.00895,-1.94565,1.10136,1.16858,2.20139,0.000239369,-0.000667522,0.000337201,-0.000295923,6.88382e-05,-0.000265869,-0.00156662,0,0,0,0,0,0,0,-0.204456,26.7383,-24.7128,7.49881,0.830705,2.51882,0.103647,-0.185808,2.14285,-3.04841,1.8943,0.182701,0.914887,0.059593
1731387,1,-2.75261,-1.32534,1.01105,-1.94698,1.10108,1.16771,2.20138,-2.75266,-1.32422,1.00895,-1.94565,1.10136,1.16858,2.20139,0.000159579,-0.000445015,0.000224801,0.00100914,-0.000157558,6.01129e-05,0.000142381,0,0,0,0,0,0,0,-0.204456,26.7383,-24.7128,7.44724,0.836199,2.51242,0.071604,-0.189275,2.1451,-3.04943,1.89233,0.182576,0.915035,0.0593502
1731388,1,-2.75261,-1.32534,1.01105,-1.94698,1.10108,1.16771,2.20138,-2.75266,-1.32422,1.00895,-1.94565,1.10136,1.16858,2.20139,-0.00110004,-0.000296676,0.000706679,-0.00109048,0.000742672,-0.000672002,-0.000854515,0,0,0,0,0,0,0,-0.152882,26.7383,-24.7366,7.52262,0.81331,2.53164,0.0972387,-0.191163,2.14769,-3.05181,1.89116,0.182531,0.915259,0.0592227
1731389,1,-2.75261,-1.32534,1.01105,-1.94699,1.10108,1.16772,2.20138,-2.75266,-1.32422,1.00895,-1.94565,1.10136,1.16858,2.20139,-0.00073336,-0.000197784,-8.56926e-05,-0.0012838,5.43049e-05,0.000264076,-9.49588e-05,0,0,0,0,0,0,0,-0.152882,26.7383,-24.7128,7.54642,0.825212,2.51242,0.0844213,-0.189533,2.14899,-3.05477,1.89228,0.182664,0.91553,0.0592188
1731390,1,-2.75261,-1.32534,1.01106,-1.94698,1.10108,1.16771,2.20138,-2.75266,-1.32422,1.00895,-1.94565,1.10136,1.16858,2.20139,-0.000488906,0.000424956,0.0011493,0.000907374,3.62033e-05,0.000176051,0.000411412,0,0,0,0,0,0,0,-0.152882,26.7144,-24.7643,7.47104,0.825212,2.51242,0.071604,-0.185523,2.14894,-3.05768,1.89499,0.182896,0.915813,0.0593314
1731391,1,-2.75261,-1.32534,1.01105,-1.94698,1.10108,1.16771,2.20138,-2.75266,-1.32422,1.00895,-1.94565,1.10136,1.16858,2.20139,0.000230874,-0.000273508,0.000116584,-4.46977e-05,2.41355e-05,0.000117367,-0.000200443,0,0,0,0,0,0,0,-0.176685,26.7383,-24.7366,7.49881,0.825212,2.51242,0.0844213,-0.18226,2.14893,-3.06048,1.89705,0.183042,0.916095,0.0595382
1731392,1,-2.75261,-1.32534,1.01105,-1.94698,1.10108,1.16771,2.20138,-2.75266,-1.32422,1.00895,-1.94565,1.10136,1.16858,2.20139,0.000153916,0.00102409,-0.000479089,-0.00058661,-0.000390811,0.000315604,-0.000133629,0,0,0,0,0,0,0,-0.176685,26.6867,-24.7128,7.52262,0.836199,2.50601,0.0844213,-0.180463,2.14866,-3.06227,1.8983,0.183097,0.916335,0.059812
1731393,1,-2.75261,-1.32534,1.01105,-1.94698,1.10108,1.16771,2.20138,-2.75266,-1.32422,1.00895,-1.94565,1.10136,1.16858,2.20139,0.000752225,3.31108e-05,-0.000319393,-0.000391074,-0.00026054,-2.69565e-05,0.000148273,0,0,0,0,0,0,0,-0.204456,26.7144,-24.7128,7.52262,0.836199,2.51242,0.0780126,-0.179591,2.14723,-3.06223,1.89946,0.183123,0.916499,0.0601395
1731394,1,-2.75261,-1.32534,1.01105,-1.94698,1.10108,1.16771,2.20138,-2.75266,-1.32422,1.00895,-1.94565,1.10136,1.16858,2.20139,0.000501483,2.20739e-05,-0.000212928,0.00150252,0.000436658,0.000219388,0.000573567,0,0,0,0,0,0,0,-0.204456,26.7144,-24.7128,7.44724,0.819719,2.50601,0.0651953,-0.180578,2.14605,-3.06131,1.89957,0.183069,0.916611,0.0605079
1731395,1,-2.75261,-1.32534,1.01105,-1.94698,1.10108,1.16771,2.20138,-2.75266,-1.32422,1.00895,-1.94565,1.10136,1.16858,2.20139,-0.000315292,0.00066433,0.00041486,0.000444869,-0.000115796,-0.000328459,-0.000804417,0,0,0,0,0,0,0,-0.176685,26.6867,-24.7366,7.47104,0.830705,2.51882,0.0972387,-0.183067,2.14586,-3.06059,1.89835,0.182913,0.916695,0.060898
1731396,1,-2.75261,-1.32534,1.01105,-1.94698,1.10108,1.16771,2.20139,-2.75266,-1.32422,1.00895,-1.94565,1.10136,1.16858,2.20139,-0.000767007,-0.00141315,-0.000837051,-0.000909846,-7.71972e-05,0.000255745,0.000887876,0,0,0,0,0,0,0,-0.152882,26.766,-24.689,7.52262,0.830705,2.50601,0.0587866,-0.18441,2.14581,-3.06041,1.89755,0.182805,0.916769,0.0613008
1731397,1,-2.75261,-1.32534,1.01106,-1.94698,1.10108,1.16771,2.20139,-2.75266,-1.32422,1.00895,-1.94565,1.10136,1.16858,2.20139,-0.000511338,0.000264324,0.0012052,0.000599862,-5.14648e-05,-0.00054158,0.000829276,0,0,0,0,0,0,0,-0.152882,26.7144,-24.7643,7.47104,0.830705,2.52523,0.0523779,-0.183797,2.14605,-3.06121,1.89792,0.182821,0.91687,0.0617124
1731398,1,-2.75261,-1.32534,1.01105,-1.94698,1.10108,1.16771,2.20139,-2.75266,-1.32422,1.00895,-1.94565,1.10136,1.16858,2.20139,0.00021592,0.000176216,-0.000959769,-0.000249706,-3.43099e-05,0.000113664,0.00079021,0,0,0,0,0,0,0,-0.176685,26.7144,-24.689,7.49881,0.830705,2.51242,0.0459692,-0.182583,2.14639,-3.06252,1.89863,0.182871,0.916999,0.0621077
1731399,1,-2.75261,-1.32534,1.01105,-1.94698,1.10108,1.16771,2.20139,-2.75266,-1.32422,1.00895,-1.94565,1.10136,1.16858,2.20139,-0.000412865,0.000767091,0.000473778,-0.000723283,0.000180577,0.000313135,0.000526806,0,0,0,0,0,0,0,-0.152882,26.6867,-24.7366,7.52262,0.825212,2.50601,0.0459692,-0.181107,2.14565,-3.06307,1.89971,0.182936,0.917111,0.0624507
1731400,1,-2.75261,-1.32534,1.01105,-1.94698,1.10108,1.16771,2.20139,-2.75266,-1.32422,1.00895,-1.94565,1.10136,1.16858,2.20139,0.000281569,-0.00013822,-0.00024096,7.46235e-05,0.000561194,-2.86021e-05,0.000859831,0,0,0,0,0,0,0,-0.176685,26.7144,-24.7128,7.49881,0.81331,2.51242,0.0322363,-0.179334,2.14411,-3.06314,1.90121,0.183021,0.917216,0.0627157
1731401,1,-2.75261,-1.32534,1.01105,-1.94699,1.10108,1.16771,2.20139,-2.75266,-1.32422,1.00895,-1.94565,1.10136,1.16858,2.20139,0.000837326,-9.21466e-05,0.000396172,-0.000507063,-0.00027013,-1.90681e-05,0.00104794,0,0,0,0,0,0,0,-0.204456,26.7144,-24.7366,7.52262,0.830705,2.51242,0.0194189,-0.178788,2.14339,-3.06357,1.90211,0.183052,0.91736,0.0628819
1731402,1,-2.75261,-1.32534,1.01105,-1.94698,1.10108,1.16771,2.20139,-2.75266,-1.32422,1.00895,-1.94565,1.10136,1.16858,2.20139,-0.000648208,-0.000618243,-0.000292697,0.00021877,2.33636e-05,0.000224647,0.000223908,0,0,0,0,0,0,0,-0.152882,26.7383,-24.7128,7.49881,0.825212,2.50601,0.0322363,-0.179566,2.1439,-3.0645,1.90224,0.183021,0.917533,0.0629274
1731403,1,-2.75261,-1.32534,1.01106,-1.94698,1.10108,1.16771,2.20139,-2.75266,-1.32422,1.00895,-1.94565,1.10136,1.16858,2.20139,0.000774287,0.00014465,0.00036168,0.000145847,-0.000391325,0.000149765,-0.000359355,0,0,0,0,0,0,0,-0.204456,26.7144,-24.7366,7.49881,0.836199,2.50601,0.0459692,-0.180663,2.14505,-3.06572,1.902,0.18296,0.917694,0.0628403
1731404,1,-2.75261,-1.32534,1.01105,-1.94698,1.10108,1.16771,2.20139,-2.75266,-1.32422,1.00895,-1.94565,1.10136,1.16858,2.20139,0.000516191,0.000746047,-0.000315692,-0.000459581,0.000349468,9.98431e-05,0.000743774,0,0,0,0,0,0,0,-0.204456,26.6867,-24.7128,7.52262,0.819719,2.50601,0.0194189,-0.182186,2.14594,-3.06659,1.90154,0.182865,0.917826,0.0626366
1731405,1,-2.75261,-1.32534,1.01105,-1.94698,1.10108,1.16771,2.20139,-2.75266,-1.32422,1.00895,-1.94565,1.10136,1.16858,2.20139,0.000344128,-0.000152249,0.000346351,0.000250425,2.95282e-05,6.6562e-05,-0.000724853,0,0,0,0,0,0,0,-0.204456,26.7144,-24.7366,7.49881,0.825212,2.50601,0.0523779,-0.183916,2.14615,-3.06694,1.90115,0.182755,0.91793,0.0623398
1731406,1,-2.75261,-1.32534,1.01105,-1.94698,1.10108,1.16771,2.20139,-2.75266,-1.32422,1.00895,-1.94565,1.10136,1.16858,2.20139,-0.00162662,-0.000658311,-0.000882723,0.00016695,1.96854e-05,-0.000430343,0.000500109,0,0,0,0,0,0,0,-0.125111,26.7383,-24.689,7.49881,0.825212,2.51882,0.0258276,-0.184655,2.14616,-3.06728,1.90114,0.182675,0.917981,0.0619648
1731407,1,-2.75261,-1.32534,1.01106,-1.94698,1.10108,1.16771,2.20139,-2.75266,-1.32422,1.00895,-1.94565,1.10136,1.16858,2.20139,-0.0004348,0.00132436,0.00117476,0.0001113,0.000216574,-0.000286895,-0.00041258,0,0,0,0,0,0,0,-0.152882,26.6629,-24.7643,7.49881,0.819719,2.51882,0.0459692,-0.18304,2.14549,-3.06782,1.90214,0.18267,0.91798,0.0615348
1731408,1,-2.75261,-1.32534,1.01105,-1.94698,1.10107,1.16771,2.20139,-2.75266,-1.32422,1.00895,-1.94565,1.10136,1.16858,2.20139,0.000266945,0.000326097,-0.000423255,7.41999e-05,-0.000669419,0.000283454,0.000470932,0,0,0,0,0,0,0,-0.176685,26.6867,-24.7128,7.49881,0.841692,2.50601,0.0258276,-0.180218,2.14382,-3.0684,1.90381,0.182689,0.917981,0.0610674
1731409,1,-2.75261,-1.32534,1.01105,-1.94698,1.10108,1.16771,2.20139,-2.75266,-1.32422,1.00895,-1.94565,1.10136,1.16858,2.20139,0.000827577,-0.000989028,-0.00028217,0.000699081,-0.000242829,-4.83894e-05,-0.000906748,0,0,0,0,0,0,0,-0.204456,26.7383,-24.7128,7.47104,0.836199,2.51242,0.0587866,-0.179382,2.14289,-3.06877,1.90441,0.182632,0.918002,0.060564
1731410,1,-2.75261,-1.32534,1.01106,-1.94698,1.10108,1.16771,2.20139,-2.75266,-1.32422,1.00895,-1.94565,1.10136,1.16858,2.20139,-9.78957e-05,-0.000659352,0.000368698,-0.00018356,4.15645e-05,0.000205099,-0.000129781,0,0,0,0,0,0,0,-0.176685,26.7383,-24.7366,7.49881,0.830705,2.50601,0.0459692,-0.181171,2.14411,-3.06959,1.90342,0.182503,0.918063,0.0600354
1731411,1,-2.75261,-1.32534,1.01106,-1.94698,1.10108,1.16771,2.20139,-2.75266,-1.32422,1.00895,-1.94565,1.10136,1.16858,2.20139,0.00058435,-0.000439568,0.000245799,-0.000122373,0.00023116,-0.000337985,0.000184747,0,0,0,0,0,0,0,-0.204456,26.7383,-24.7366,7.49881,0.825212,2.51882,0.038645,-0.183668,2.14668,-3.07139,1.90208,0.182389,0.918194,0.0595115
1731412,1,-2.75261,-1.32534,1.01105,-1.94698,1.10108,1.16771,2.20139,-2.75266,-1.32422,1.00895,-1.94565,1.10136,1.16858,2.20139,0.000389567,0.000263767,-0.000392946,0.000568032,0.000154107,0.000249395,-0.000148103,0,0,0,0,0,0,0,-0.204456,26.7144,-24.7128,7.47104,0.825212,2.50601,0.0459692,-0.186197,2.1491,-3.07314,1.90083,0.182293,0.918336,0.0590084
1731413,1,-2.75261,-1.32534,1.01105,-1.94698,1.10108,1.16771,2.20139,-2.75266,-1.32422,1.00895,-1.94565,1.10136,1.16858,2.20139,0.000259711,0.000825458,-0.000261964,-0.000270926,-0.000100713,-7.10959e-05,-0.000573453,0,0,0,0,0,0,0,-0.204456,26.6867,-24.7128,7.49881,0.830705,2.51242,0.0587866,-0.188377,2.15001,-3.07361,1.89986,0.182202,0.918409,0.058526
1731414,1,-2.75261,-1.32534,1.01105,-1.94698,1.10108,1.16771,2.20139,-2.75266,-1.32422,1.00895,-1.94565,1.10136,1.16858,2.20139,-0.00103329,0.000550306,0.000382169,0.000468996,-6.71418e-05,-0.000284756,-0.000382302,0,0,0,0,0,0,0,-0.152882,26.6867,-24.7366,7.47104,0.830705,2.51882,0.0587866,-0.188647,2.14886,-3.07313,1.90001,0.182175,0.918417,0.0580748
1731415,1,-2.75261,-1.32534,1.01105,-1.94698,1.10108,1.16771,2.20139,-2.75266,-1.32422,1.00895,-1.94565,1.10136,1.16858,2.20139,0.00107438,-0.000839555,0.00025478,-0.000893762,-0.000451662,0.00028488,-1.75091e-05,0,0,0,0,0,0,0,-0.22826,26.7383,-24.7366,7.52262,0.841692,2.50601,0.0523779,-0.18752,2.14737,-3.07318,1.90098,0.182221,0.918451,0.0576686
1731416,1,-2.75261,-1.32534,1.01105,-1.94698,1.10108,1.16771,2.20139,-2.75266,-1.32422,1.00895,-1.94565,1.10136,1.16858,2.20139,-0.000490172,-2.89171e-06,0.000169853,0.0011674,0.000105793,0.00018992,0.000225686,0,0,0,0,0,0,0,-0.176685,26.7144,-24.7366,7.44724,0.830705,2.50601,0.0459692,-0.187108,2.14727,-3.07423,1.90152,0.18227,0.918546,0.0573105
1731417,1,-2.75261,-1.32534,1.01105,-1.94698,1.10108,1.16771,2.20139,-2.75266,-1.32422,1.00895,-1.94565,1.10136,1.16858,2.20139,-0.000326781,-0.00120835,-0.000443577,-0.000428161,7.05286e-05,-0.000110745,-0.00032426,0,0,0,0,0,0,0,-0.176685,26.766,-24.7128,7.49881,0.830705,2.51242,0.0587866,-0.187192,2.14814,-3.07564,1.90149,0.182315,0.918633,0.0569937
1731418,1,-2.75261,-1.32534,1.01105,-1.94698,1.10108,1.16771,2.20138,-2.75266,-1.32422,1.00895,-1.94565,1.10136,1.16858,2.20139,-0.000774666,0.000400857,-0.000295718,-0.00658911,4.70191e-05,0.000400888,-0.000453533,0,0,0,0,0,0,0,-0.152882,26.7144,-24.7128,7.49881,0.830705,2.4996,0.0651953,-0.18425,2.14755,-3.07671,1.90401,0.182585,0.918717,0.0567195
1731419,1,-2.75261,-1.32534,1.01106,-1.94698,1.10108,1.16771,2.20138,-2.75266,-1.32422,1.00895,-1.94565,1.10136,1.16858,2.20139,0.000689982,-0.000289574,0.00100928,-0.00491804,0.000234797,-0.000444818,-0.00125179,0,0,0,0,0,0,0,-0.204456,26.7383,-24.7643,7.49881,0.825212,2.51882,0.09083,-0.176215,2.14392,-3.0777,1.91167,0.183262,0.918919,0.0565029
1731420,1,-2.75261,-1.32534,1.01105,-1.94698,1.10108,1.16771,2.20139,-2.75266,-1.32422,1.00895,-1.94565,1.10136,1.16858,2.20139,0.000459988,-0.000193049,2.32399e-05,-0.00302306,-4.69195e-05,0.000178172,0.000352268,0,0,0,0,0,0,0,-0.204456,26.7383,-24.7366,7.47104,0.830705,2.50601,0.0587866,-0.167016,2.13962,-3.0793,1.92129,0.184081,0.919254,0.0563576
1731421,1,-2.75261,-1.32534,1.01106,-1.94698,1.10108,1.16771,2.20138,-2.75266,-1.32422,1.00895,-1.94565,1.10136,1.16858,2.20139,-0.000342955,0.00107773,1.54933e-05,-0.00231086,0.000172171,-0.000118577,-0.00142667,0,0,0,0,0,0,0,-0.176685,26.6867,-24.7366,7.47104,0.825212,2.51242,0.103647,-0.15974,2.13582,-3.08063,1.92935,0.18476,0.919558,0.0562903
1731422,1,-2.75261,-1.32534,1.01106,-1.94698,1.10108,1.16771,2.20138,-2.75266,-1.32422,1.00895,-1.94565,1.10136,1.16858,2.20139,0.000420977,-0.000487942,0.000659943,-0.00296861,-8.86699e-05,-7.90516e-05,-0.000239035,0,0,0,0,0,0,0,-0.204456,26.7383,-24.7643,7.52262,0.830705,2.51242,0.0844213,-0.153983,2.13218,-3.08134,1.93557,0.18527,0.919765,0.0563074
1731423,1,-2.75261,-1.32534,1.01105,-1.94698,1.10108,1.16771,2.20138,-2.75266,-1.32422,1.00895,-1.94565,1.10136,1.16858,2.20139,0.000280651,0.000881131,-0.000209652,-0.00158847,0.000144337,0.000184658,-0.000634074,0,0,0,0,0,0,0,-0.204456,26.6867,-24.7366,7.49881,0.825212,2.50601,0.0972387,-0.150256,2.12952,-3.082,1.93976,0.185611,0.919923,0.056421
1731424,1,-2.75261,-1.32534,1.01105,-1.94698,1.10108,1.16771,2.20139,-2.75266,-1.32422,1.00895,-1.94565,1.10136,1.16858,2.20139,-0.000462513,-6.2193e-05,-0.00069658,-0.00118364,9.62248e-05,-0.000114254,0.000526719,0,0,0,0,0,0,0,-0.176685,26.7144,-24.7128,7.49881,0.825212,2.51242,0.071604,-0.148582,2.12744,-3.08185,1.94181,0.185772,0.919963,0.0566367
1731425,1,-2.75261,-1.32534,1.01105,-1.94698,1.10108,1.16771,2.20138,-2.75266,-1.32422,1.00895,-1.94565,1.10136,1.16858,2.20139,-0.000308342,-4.1462e-05,-0.0010212,-0.000882585,-0.000546202,-7.61691e-05,-0.000835648,0,0,0,0,0,0,0,-0.176685,26.7144,-24.689,7.49881,0.841692,2.51242,0.103647,-0.148212,2.1256,-3.08045,1.94206,0.185788,0.919841,0.056942
1731426,1,-2.75261,-1.32534,1.01105,-1.94698,1.10108,1.16771,2.20138,-2.75266,-1.32422,1.00895,-1.94565,1.10136,1.16858,2.20139,-0.000205561,-0.000584453,-0.000123987,-8.89618e-06,-0.000160684,-5.07794e-05,-8.23811e-05,0,0,0,0,0,0,0,-0.176685,26.7383,-24.7128,7.47104,0.836199,2.51242,0.09083,-0.149333,2.12493,-3.07874,1.94054,0.185681,0.919631,0.0573206
1731427,1,-2.75261,-1.32534,1.01106,-1.94698,1.10108,1.16771,2.20138,-2.75266,-1.32422,1.00895,-1.94565,1.10136,1.16858,2.20139,0.000512573,0.00081679,0.000474154,-5.85206e-05,9.63279e-05,-0.000271212,-0.00029228,0,0,0,0,0,0,0,-0.204456,26.6867,-24.7366,7.47104,0.830705,2.51882,0.0972387,-0.15243,2.12596,-3.07782,1.93719,0.185443,0.919446,0.0577713
1731428,1,-2.75261,-1.32534,1.01106,-1.94698,1.10108,1.16771,2.20138,-2.75266,-1.32422,1.00895,-1.94565,1.10136,1.16858,2.20139,0.000898527,-0.000661899,0.000965717,0.00103517,6.42186e-05,0.00029391,0.000517224,0,0,0,0,0,0,0,-0.22826,26.7383,-24.7643,7.42344,0.830705,2.50601,0.0780126,-0.158032,2.12896,-3.07836,1.93193,0.185062,0.919364,0.0582925
1731429,1,-2.75261,-1.32534,1.01106,-1.94698,1.10108,1.16771,2.20138,-2.75266,-1.32422,1.00895,-1.94565,1.10136,1.16858,2.20139,-0.000607408,-0.000441266,-5.80293e-06,-0.00165952,0.000246263,-0.000278778,0.000344816,0,0,0,0,0,0,0,-0.176685,26.7383,-24.7366,7.52262,0.825212,2.51882,0.0780126,-0.164807,2.13357,-3.08033,1.92586,0.184639,0.919387,0.0588686
1731430,1,-2.75261,-1.32534,1.01105,-1.94698,1.10108,1.16771,2.20138,-2.75266,-1.32422,1.00895,-1.94565,1.10136,1.16858,2.20139,-0.000404938,0.000262635,-0.000560681,-0.000571721,-3.92752e-05,-0.000185852,-0.0004822,0,0,0,0,0,0,0,-0.176685,26.7144,-24.7128,7.49881,0.830705,2.51882,0.0972387,-0.169396,2.13728,-3.08225,1.9214,0.18436,0.919419,0.0594774
1731431,1,-2.75261,-1.32534,1.01106,-1.94698,1.10108,1.16771,2.20138,-2.75266,-1.32422,1.00895,-1.94565,1.10136,1.16858,2.20139,0.000379655,0.000824704,0.000183025,-0.000954599,-0.000229634,0.000113458,-8.41075e-05,0,0,0,0,0,0,0,-0.204456,26.6867,-24.7366,7.52262,0.836199,2.51242,0.09083,-0.171509,2.1386,-3.08286,1.91889,0.184219,0.919403,0.0601034
1731432,1,-2.75261,-1.32534,1.01105,-1.94698,1.10108,1.16771,2.20138,-2.75266,-1.32422,1.00895,-1.94565,1.10136,1.16858,2.20139,-0.000396511,-0.000656623,-0.000991607,0.000557547,5.03612e-05,7.56384e-05,-5.60716e-05,0,0,0,0,0,0,0,-0.176685,26.7383,-24.689,7.47104,0.830705,2.51242,0.09083,-0.173247,2.13883,-3.08246,1.91683,0.184098,0.919352,0.0607432
1731433,1,-2.75261,-1.32534,1.01106,-1.94698,1.10108,1.16771,2.20138,-2.75266,-1.32422,1.00895,-1.94565,1.10136,1.16858,2.20139,0.000385274,0.000119063,0.000452552,-0.000287276,3.35741e-05,-0.000186933,0.000199978,0,0,0,0,0,0,0,-0.204456,26.7144,-24.7366,7.49881,0.830705,2.51882,0.0844213,-0.175641,2.13951,-3.0819,1.91428,0.183949,0.91929,0.0613942
1731434,1,-2.75261,-1.32534,1.01106,-1.94698,1.10108,1.16771,2.20138,-2.75266,-1.32422,1.00895,-1.94565,1.10136,1.16858,2.20139,-0.000392765,-0.00112705,0.00150813,-0.000755349,-0.000181068,0.000112737,-0.00010404,0,0,0,0,0,0,0,-0.176685,26.766,-24.7881,7.52262,0.836199,2.51242,0.09083,-0.178269,2.14159,-3.08291,1.91167,0.183811,0.91934,0.0620527
1731435,1,-2.75261,-1.32534,1.01105,-1.94698,1.10108,1.16771,2.20138,-2.75266,-1.32422,1.00895,-1.94565,1.10136,1.16858,2.20139,0.000944583,0.000455059,-0.00075782,4.79809e-05,0.000286189,7.51578e-05,0.000642717,0,0,0,0,0,0,0,-0.22826,26.7144,-24.7128,7.49881,0.825212,2.51242,0.071604,-0.180918,2.14471,-3.08536,1.90933,0.183702,0.919508,0.0627119
1731436,1,-2.75261,-1.32534,1.01105,-1.94698,1.10108,1.16771,2.20138,-2.75266,-1.32422,1.00895,-1.94565,1.10136,1.16858,2.20139,7.29098e-05,0.000303373,5.15989e-05,-0.000528773,-0.000216108,0.000524823,-0.000520958,0,0,0,0,0,0,0,-0.204456,26.7144,-24.7366,7.52262,0.836199,2.4996,0.0972387,-0.183898,2.14696,-3.08674,1.90711,0.183589,0.919634,0.0633596
1731437,1,-2.75261,-1.32534,1.01105,-1.94698,1.10108,1.16771,2.20138,-2.75266,-1.32422,1.00895,-1.94565,1.10136,1.16858,2.20139,4.86065e-05,0.000202248,-0.00107922,0.000201335,5.93784e-05,-0.000124836,-0.000109946,0,0,0,0,0,0,0,-0.204456,26.7144,-24.689,7.49881,0.830705,2.51242,0.09083,-0.186481,2.1475,-3.08633,1.90538,0.18349,0.919649,0.0639881
1731438,1,-2.75261,-1.32534,1.01105,-1.94698,1.10108,1.16771,2.20138,-2.75266,-1.32422,1.00895,-1.94565,1.10136,1.16858,2.20139,-0.00061721,-0.00042198,-0.000162671,-0.00042481,0.000446487,-0.000557942,-0.000548015,0,0,0,0,0,0,0,-0.176685,26.7383,-24.7128,7.52262,0.819719,2.52523,0.103647,-0.188024,2.14708,-3.08504,1.9043,0.183436,0.919584,0.0646044
1731439,1,-2.75261,-1.32534,1.01105,-1.94698,1.10108,1.16771,2.20138,-2.75266,-1.32422,1.00895,-1.94565,1.10136,1.16858,2.20139,0.000238141,0.000925106,0.000448365,0.00027194,9.42072e-05,-0.000134602,0.000821451,0,0,0,0,0,0,0,-0.204456,26.6867,-24.7366,7.49881,0.825212,2.51882,0.071604,-0.188628,2.14644,-3.08402,1.90379,0.183412,0.919526,0.0652239
1731440,1,-2.75261,-1.32534,1.01105,-1.94698,1.10108,1.16771,2.20139,-2.75266,-1.32422,1.00895,-1.94565,1.10136,1.16858,2.20139,0.000158761,-3.28765e-05,-0.000257902,0.000829658,6.28048e-05,0.000384983,0.00102235,0,0,0,0,0,0,0,-0.204456,26.7144,-24.7128,7.47104,0.825212,2.50601,0.0587866,-0.189394,2.146,-3.08353,1.90314,0.183349,0.91951,0.0658452
1731441,1,-2.75261,-1.32534,1.01105,-1.94698,1.10108,1.16771,2.20138,-2.75266,-1.32422,1.00895,-1.94565,1.10136,1.16858,2.20139,-0.00110059,0.000627696,-0.000728747,-9.74459e-05,-0.000568482,1.92964e-05,-0.000267868,0,0,0,0,0,0,0,-0.152882,26.6867,-24.689,7.49881,0.841692,2.51242,0.0844213,-0.190088,2.1453,-3.08274,1.9024,0.183259,0.919467,0.0664378
1731442,1,-2.75261,-1.32534,1.01105,-1.94698,1.10108,1.16772,2.20139,-2.75266,-1.32422,1.00895,-1.94565,1.10136,1.16858,2.20139,-0.000176912,-0.000787962,7.09808e-05,-6.56667e-05,0.000231364,-0.000224495,0.00124558,0,0,0,0,0,0,0,-0.176685,26.7383,-24.7128,7.49881,0.825212,2.51882,0.0459692,-0.189486,2.14418,-3.08178,1.90241,0.183233,0.919398,0.0669764
1731443,1,-2.75261,-1.32534,1.01106,-1.94698,1.10108,1.16771,2.20139,-2.75266,-1.32422,1.00895,-1.94565,1.10136,1.16858,2.20139,-0.000117941,3.15041e-05,0.00125375,-4.43049e-05,-4.9208e-05,8.76958e-05,0.00133901,0,0,0,0,0,0,0,-0.176685,26.7144,-24.7643,7.49881,0.830705,2.51242,0.0322363,-0.18863,2.14417,-3.08222,1.90269,0.183248,0.919427,0.0674485
1731444,1,-2.75261,-1.32534,1.01106,-1.94699,1.10108,1.16771,2.20139,-2.75266,-1.32422,1.00895,-1.94565,1.10136,1.16858,2.20139,-0.000635439,-0.000535809,0.000186217,-0.00114356,-3.28053e-05,5.84639e-05,0.000655314,0,0,0,0,0,0,0,-0.152882,26.7383,-24.7366,7.54642,0.830705,2.51242,0.038645,-0.187724,2.14546,-3.08447,1.90321,0.183297,0.919594,0.0678247
1731445,1,-2.75261,-1.32534,1.01105,-1.94698,1.10108,1.16771,2.20138,-2.75266,-1.32422,1.00895,-1.94565,1.10136,1.16858,2.20139,0.000133186,0.00084922,-0.000432667,0.000350957,-0.000225321,0.000276335,-0.000783827,0,0,0,0,0,0,0,-0.176685,26.6867,-24.7128,7.49881,0.836199,2.50601,0.071604,-0.186251,2.14625,-3.08657,1.90435,0.183391,0.919773,0.0680711
1731446,1,-2.75261,-1.32534,1.01106,-1.94699,1.10108,1.16771,2.20139,-2.75266,-1.32422,1.00895,-1.94565,1.10136,1.16858,2.20139,0.000738404,0.000566147,0.000268367,-0.000323063,0.000256687,0.000184223,0.000698152,0,0,0,0,0,0,0,-0.204456,26.6867,-24.7366,7.52262,0.825212,2.50601,0.038645,-0.185545,2.14595,-3.08716,1.90522,0.183442,0.919881,0.0681897
1731447,1,-2.75261,-1.32534,1.01106,-1.94698,1.10108,1.16771,2.20139,-2.75266,-1.32422,1.00895,-1.94565,1.10136,1.16858,2.20139,0.00104908,-0.000272183,-0.000377901,0.000990884,-0.000235776,-0.000351902,0.000940152,0,0,0,0,0,0,0,-0.22826,26.7144,-24.7128,7.47104,0.836199,2.51882,0.0258276,-0.187242,2.14587,-3.08692,1.90475,0.183377,0.919956,0.0682039
1731448,1,-2.75261,-1.32534,1.01106,-1.94698,1.10108,1.16771,2.20139,-2.75266,-1.32422,1.00895,-1.94565,1.10136,1.16858,2.20139,0.000142576,-0.000181455,-0.000251934,0.000660464,-0.000564085,0.000240116,-0.000119217,0,0,0,0,0,0,0,-0.204456,26.7144,-24.7128,7.47104,0.847185,2.50601,0.0459692,-0.191307,2.14703,-3.08652,1.90269,0.183206,0.920009,0.068113
1731449,1,-2.75261,-1.32534,1.01105,-1.94698,1.10108,1.16771,2.20138,-2.75266,-1.32422,1.00895,-1.94565,1.10136,1.16858,2.20139,9.50505e-05,-0.00012097,-0.000167956,0.000440216,0.000437745,-7.72814e-05,-0.000791555,0,0,0,0,0,0,0,-0.204456,26.7144,-24.7128,7.47104,0.825212,2.51242,0.0651953,-0.195691,2.14868,-3.0861,1.90014,0.183026,0.920025,0.0679138
1731450,1,-2.75261,-1.32534,1.01105,-1.94698,1.10108,1.16771,2.20139,-2.75266,-1.32422,1.00895,-1.94565,1.10136,1.16858,2.20139,-0.000586247,0.000568967,0.000444841,-0.000356207,-0.000318521,0.000185838,0.000693,0,0,0,0,0,0,0,-0.176685,26.6867,-24.7366,7.49881,0.841692,2.50601,0.0322363,-0.198175,2.14961,-3.08594,1.89864,0.182948,0.920029,0.0676368
1731451,1,-2.75261,-1.32534,1.01106,-1.94698,1.10108,1.16771,2.20139,-2.75266,-1.32422,1.00895,-1.94565,1.10136,1.16858,2.20139,-0.000390831,-0.000270303,0.000946175,-0.000794336,0.000398004,-0.000113467,0.000699359,0,0,0,0,0,0,0,-0.176685,26.7144,-24.7643,7.52262,0.825212,2.51242,0.0258276,-0.19778,2.14955,-3.08665,1.89901,0.18303,0.920076,0.0673144
1731452,1,-2.75261,-1.32534,1.01106,-1.94698,1.10108,1.16771,2.20139,-2.75266,-1.32422,1.00895,-1.94565,1.10136,1.16858,2.20139,-0.000260554,-0.00138663,-1.88307e-05,0.000676829,-0.000141565,-7.56446e-05,-0.000517105,0,0,0,0,0,0,0,-0.176685,26.766,-24.7366,7.47104,0.836199,2.51242,0.0523779,-0.196131,2.15008,-3.08871,1.90017,0.183201,0.920188,0.0669399
1731453,1,-2.75261,-1.32534,1.01106,-1.94698,1.10108,1.16771,2.20138,-2.75266,-1.32422,1.00895,-1.94565,1.10136,1.16858,2.20139,0.000475911,0.000931621,0.00063706,-0.000755236,0.000312524,-5.04298e-05,-0.00105681,0,0,0,0,0,0,0,-0.204456,26.6867,-24.7643,7.52262,0.825212,2.51242,0.071604,-0.195179,2.1515,-3.09121,1.90087,0.183354,0.920322,0.0665062
1731454,1,-2.75261,-1.32534,1.01106,-1.94698,1.10108,1.16772,2.20139,-2.75266,-1.32422,1.00895,-1.94565,1.10136,1.16858,2.20139,-0.00033234,0.000621081,-0.000224907,0.000702913,0.00020835,-3.36198e-05,0.000990879,0,0,0,0,0,0,0,-0.176685,26.6867,-24.7366,7.47104,0.825212,2.51242,0.0258276,-0.194454,2.15182,-3.09272,1.90155,0.183478,0.920413,0.0660472
1731455,1,-2.75261,-1.32534,1.01105,-1.94698,1.10108,1.16771,2.20139,-2.75266,-1.32422,1.00895,-1.94565,1.10136,1.16858,2.20139,-0.00022156,-0.00023556,-0.00070675,0.000468592,-0.000268001,-2.24132e-05,0.000423227,0,0,0,0,0,0,0,-0.176685,26.7144,-24.7128,7.47104,0.836199,2.51242,0.0322363,-0.193621,2.15068,-3.09268,1.90218,0.183566,0.920397,0.0655869
1731456,1,-2.75261,-1.32534,1.01105,-1.94698,1.10108,1.16771,2.20139,-2.75266,-1.32422,1.00895,-1.94565,1.10136,1.16858,2.20139,-0.000147707,-0.00015704,-0.000471167,-0.000337232,2.4783e-05,-1.49421e-05,0.0017063,0,0,0,0,0,0,0,-0.176685,26.7144,-24.7128,7.49881,0.830705,2.51242,-0.00621587,-0.192977,2.14924,-3.0916,1.9025,0.183635,0.920294,0.0651085
1731457,1,-2.75261,-1.32534,1.01106,-1.94698,1.10108,1.16771,2.20138,-2.75266,-1.32422,1.00895,-1.94565,1.10136,1.16858,2.20139,-9.84711e-05,-0.000104693,0.000242701,0.000424783,1.6522e-05,-9.96143e-06,-0.00174468,0,0,0,0,0,0,0,-0.176685,26.7144,-24.7366,7.47104,0.830705,2.51242,0.071604,-0.192458,2.14809,-3.09052,1.90276,0.183708,0.920194,0.0645806
1731458,1,-2.75261,-1.32534,1.01106,-1.94698,1.10108,1.16771,2.20139,-2.75266,-1.32422,1.00895,-1.94565,1.10136,1.16858,2.20139,0.000583967,-0.00127622,0.000161801,-0.000923244,-0.000192436,0.000468077,5.75837e-05,0,0,0,0,0,0,0,-0.204456,26.766,-24.7366,7.52262,0.836199,2.4996,0.038645,-0.192564,2.14816,-3.09047,1.90275,0.183772,0.920178,0.0639938
1731459,1,-2.75261,-1.32534,1.01106,-1.94699,1.10108,1.16771,2.20139,-2.75266,-1.32422,1.00895,-1.94565,1.10136,1.16858,2.20139,0.000389311,0.000355612,-0.000448945,-0.00117231,0.00027861,-0.000400026,3.83891e-05,0,0,0,0,0,0,0,-0.204456,26.7144,-24.7128,7.54642,0.825212,2.51882,0.038645,-0.193267,2.14913,-3.09114,1.9028,0.183853,0.920244,0.0633827
1731460,1,-2.75261,-1.32534,1.01105,-1.94698,1.10108,1.16771,2.20138,-2.75266,-1.32422,1.00895,-1.94565,1.10136,1.16858,2.20139,-0.000946885,0.000237074,-0.000299297,0.000332078,-0.000221161,-2.93248e-05,-0.000957751,0,0,0,0,0,0,0,-0.152882,26.7144,-24.7128,7.49881,0.836199,2.51242,0.0651953,-0.193052,2.149,-3.09117,1.9037,0.183983,0.920286,0.0627773
1731461,1,-2.75261,-1.32534,1.01105,-1.94698,1.10108,1.16771,2.20138,-2.75266,-1.32422,1.00895,-1.94565,1.10136,1.16858,2.20139,-7.44448e-05,-0.00104838,-0.000199531,0.000221382,5.601e-05,-0.000256909,-0.00111322,0,0,0,0,0,0,0,-0.176685,26.766,-24.7128,7.49881,0.830705,2.51882,0.0780126,-0.191846,2.14814,-3.09075,1.90486,0.184114,0.920266,0.0621892
1731462,1,-2.75261,-1.32534,1.01106,-1.94699,1.10108,1.16771,2.20138,-2.75266,-1.32422,1.00895,-1.94565,1.10136,1.16858,2.20139,-4.96299e-05,0.000507508,-0.000133021,-0.000966038,0.000444241,0.000303445,-0.000979505,0,0,0,0,0,0,0,-0.176685,26.7144,-24.7128,7.54642,0.819719,2.50601,0.0844213,-0.19072,2.14775,-3.09058,1.90574,0.184218,0.920248,0.061651
1731463,1,-2.75261,-1.32534,1.01106,-1.94698,1.10108,1.16771,2.20139,-2.75266,-1.32422,1.00895,-1.94565,1.10136,1.16858,2.20139,-3.30866e-05,0.000338339,-8.86805e-05,0.00167602,-0.00011074,-3.5062e-05,0.000533791,0,0,0,0,0,0,0,-0.176685,26.7144,-24.7128,7.44724,0.830705,2.51242,0.0523779,-0.18995,2.14718,-3.09018,1.90638,0.184276,0.920228,0.0612042
1731464,1,-2.75261,-1.32534,1.01105,-1.94698,1.10108,1.16771,2.20138,-2.75266,-1.32422,1.00895,-1.94565,1.10136,1.16858,2.20139,-2.20577e-05,0.000225559,0.000497692,-0.000645891,-0.000277277,0.000451343,-0.000830934,0,0,0,0,0,0,0,-0.176685,26.7144,-24.7366,7.52262,0.836199,2.4996,0.0844213,-0.189695,2.14652,-3.08972,1.90648,0.18426,0.920198,0.0608615
1731465,1,-2.75261,-1.32534,1.01105,-1.94698,1.10108,1.16771,2.20138,-2.75266,-1.32422,1.00895,-1.94565,1.10136,1.16858,2.20139,-1.47052e-05,0.000150373,-0.000225018,0.000775831,0.000222049,-0.000173822,-0.00126603,0,0,0,0,0,0,0,-0.176685,26.7144,-24.7128,7.47104,0.825212,2.51242,0.103647,-0.189658,2.14613,-3.08961,1.90639,0.184218,0.920185,0.0606142
1731466,1,-2.75261,-1.32534,1.01105,-1.94698,1.10108,1.16771,2.20138,-2.75266,-1.32422,1.00895,-1.94565,1.10136,1.16858,2.20139,0.000639811,0.000749863,-0.000150012,-0.000689206,-0.000462319,0.000121477,-0.000131945,0,0,0,0,0,0,0,-0.204456,26.6867,-24.7128,7.52262,0.841692,2.50601,0.0844213,-0.18982,2.14554,-3.08925,1.90635,0.184175,0.920168,0.0604733
1731467,1,-2.75261,-1.32534,1.01106,-1.94698,1.10108,1.16771,2.20138,-2.75266,-1.32422,1.00895,-1.94565,1.10136,1.16858,2.20139,-0.000223074,-0.00135613,0.000456804,0.000746955,0.000302139,-0.000156374,-0.000325322,0,0,0,0,0,0,0,-0.176685,26.766,-24.7366,7.47104,0.825212,2.51242,0.09083,-0.190572,2.14546,-3.08905,1.90607,0.184127,0.920164,0.0604556
1731468,1,-2.75261,-1.32534,1.01106,-1.94698,1.10108,1.16771,2.20139,-2.75266,-1.32422,1.00895,-1.94565,1.10136,1.16858,2.20139,0.000500898,-0.000254474,-0.000252276,0.00049797,-2.02442e-06,-0.000341608,0.0017159,0,0,0,0,0,0,0,-0.204456,26.7383,-24.7128,7.47104,0.830705,2.51882,0.038645,-0.192323,2.14717,-3.0899,1.905,0.184051,0.920201,0.0605537
1731469,1,-2.75261,-1.32534,1.01105,-1.94698,1.10108,1.16771,2.20138,-2.75266,-1.32422,1.00895,-1.94565,1.10136,1.16858,2.20139,-0.000315682,0.000387163,-0.000724996,0.000331979,-1.34961e-06,9.62007e-06,-0.000551489,0,0,0,0,0,0,0,-0.176685,26.7144,-24.689,7.47104,0.830705,2.51242,0.0844213,-0.194446,2.14916,-3.09049,1.90349,0.183956,0.920207,0.0607337
1731470,1,-2.75261,-1.32534,1.01105,-1.94698,1.10108,1.16771,2.20138,-2.75266,-1.32422,1.00895,-1.94565,1.10136,1.16858,2.20139,-0.000210455,-0.000298703,0.000630293,0.000778131,-0.00020435,0.000243772,-0.0001303,0,0,0,0,0,0,0,-0.176685,26.7383,-24.7366,7.44724,0.836199,2.50601,0.0780126,-0.195637,2.15004,-3.09028,1.90241,0.183889,0.920159,0.0609527
1731471,1,-2.75261,-1.32534,1.01105,-1.94698,1.10108,1.16771,2.20138,-2.75266,-1.32422,1.00895,-1.94565,1.10136,1.16858,2.20139,-0.000697115,0.00100729,0.000420196,-0.000687672,0.000474118,0.000399874,-0.000798944,0,0,0,0,0,0,0,-0.152882,26.6867,-24.7366,7.49881,0.819719,2.4996,0.0972387,-0.195086,2.15011,-3.09044,1.90228,0.18389,0.920128,0.0611991
1731472,1,-2.75261,-1.32534,1.01105,-1.94698,1.10108,1.16771,2.20139,-2.75266,-1.32422,1.00895,-1.94565,1.10136,1.16858,2.20139,9.20686e-05,0.000671527,-0.00148311,-0.00101526,-0.000497723,-0.000208135,0.00112888,0,0,0,0,0,0,0,-0.176685,26.6867,-24.6612,7.52262,0.841692,2.51242,0.0523779,-0.192316,2.1482,-3.08992,1.90384,0.184009,0.920075,0.0614857
1731473,1,-2.75261,-1.32534,1.01105,-1.94698,1.10108,1.16771,2.20139,-2.75266,-1.32422,1.00895,-1.94565,1.10136,1.16858,2.20139,0.000710993,-0.000201929,0.000217688,-0.00067684,7.50855e-05,0.000335961,0.000989948,0,0,0,0,0,0,0,-0.204456,26.7144,-24.7128,7.52262,0.830705,2.4996,0.0459692,-0.189145,2.14491,-3.08804,1.90623,0.184193,0.919974,0.061804
1731474,1,-2.75261,-1.32534,1.01106,-1.94699,1.10108,1.16771,2.20138,-2.75266,-1.32422,1.00895,-1.94565,1.10136,1.16858,2.20139,0.000473995,-0.00189786,0.000701937,-0.00100804,0.000456958,-1.33849e-05,-0.000526829,0,0,0,0,0,0,0,-0.204456,26.7898,-24.7366,7.54642,0.819719,2.50601,0.0780126,-0.18798,2.14388,-3.08736,1.90775,0.184342,0.919968,0.062112
1731475,1,-2.75261,-1.32534,1.01105,-1.94698,1.10108,1.16771,2.20139,-2.75266,-1.32422,1.00895,-1.94565,1.10136,1.16858,2.20139,-0.000890429,-5.88124e-05,-0.000645666,0.000441598,-0.000305713,-0.000483641,0.000598216,0,0,0,0,0,0,0,-0.152882,26.7383,-24.689,7.49881,0.836199,2.51882,0.0523779,-0.188131,2.14563,-3.08868,1.90834,0.184449,0.920059,0.0623804
1731476,1,-2.75261,-1.32534,1.01105,-1.94698,1.10108,1.16771,2.20139,-2.75266,-1.32422,1.00895,-1.94565,1.10136,1.16858,2.20139,-0.000593619,-3.92083e-05,-0.000430444,0.000944013,-3.58071e-07,-0.000559786,0.000161452,0,0,0,0,0,0,0,-0.152882,26.7383,-24.689,7.47104,0.830705,2.52523,0.0587866,-0.18779,2.14724,-3.08964,1.90863,0.18452,0.920064,0.0626108
1731477,1,-2.75261,-1.32534,1.01106,-1.94698,1.10108,1.16771,2.20139,-2.75266,-1.32422,1.00895,-1.94565,1.10136,1.16858,2.20139,0.000161066,0.000530673,0.000826661,0.000629342,-0.000203689,0.000576245,0.00109098,0,0,0,0,0,0,0,-0.176685,26.7144,-24.7366,7.47104,0.836199,2.4996,0.0322363,-0.187212,2.14796,-3.08978,1.90851,0.184524,0.919988,0.0628001
1731478,1,-2.75261,-1.32534,1.01106,-1.94698,1.10108,1.16771,2.20139,-2.75266,-1.32422,1.00895,-1.94565,1.10136,1.16858,2.20139,0.000107377,-0.00020303,0.00120072,-0.000230053,0.000474559,0.000384163,0.00048996,0,0,0,0,0,0,0,-0.176685,26.7383,-24.7643,7.49881,0.819719,2.4996,0.038645,-0.187144,2.14898,-3.09066,1.90797,0.184477,0.919979,0.0629328
1731479,1,-2.75261,-1.32534,1.01105,-1.94698,1.10108,1.16771,2.20139,-2.75266,-1.32422,1.00895,-1.94565,1.10136,1.16858,2.20139,0.000721199,0.000421459,-0.000405945,0.000496245,-9.05285e-05,-0.000455968,-0.000419345,0,0,0,0,0,0,0,-0.204456,26.7144,-24.7128,7.47104,0.830705,2.51882,0.0587866,-0.187817,2.15043,-3.09216,1.90719,0.184403,0.920042,0.0629876
1731480,1,-2.75261,-1.32534,1.01105,-1.94698,1.10108,1.16771,2.20139,-2.75266,-1.32422,1.00895,-1.94565,1.10136,1.16858,2.20139,0.000480799,-0.000275839,-0.00027063,0.00033083,-0.000263803,-6.66197e-05,0.000195154,0,0,0,0,0,0,0,-0.204456,26.7383,-24.7128,7.47104,0.836199,2.51242,0.0459692,-0.189684,2.15169,-3.09271,1.90589,0.184282,0.920072,0.0629586
1731481,1,-2.75261,-1.32534,1.01105,-1.94698,1.10108,1.16771,2.20139,-2.75266,-1.32422,1.00895,-1.94565,1.10136,1.16858,2.20139,-0.000329081,0.00102253,-0.00018042,-0.000985872,0.000231032,0.000192946,0.00040137,0,0,0,0,0,0,0,-0.176685,26.6867,-24.7128,7.52262,0.825212,2.50601,0.038645,-0.191259,2.15185,-3.09201,1.90498,0.184189,0.920039,0.0628651
1731482,1,-2.75261,-1.32534,1.01105,-1.94698,1.10108,1.16772,2.20139,-2.75266,-1.32422,1.00895,-1.94565,1.10136,1.16858,2.20139,-0.000776199,-0.000524737,-0.00012028,0.000549178,0.000357472,0.000128631,0.000504939,0,0,0,0,0,0,0,-0.152882,26.7383,-24.7128,7.47104,0.819719,2.50601,0.0322363,-0.190613,2.15056,-3.09076,1.90548,0.184204,0.919961,0.0627191
1731483,1,-2.75261,-1.32534,1.01105,-1.94698,1.10108,1.16771,2.20139,-2.75266,-1.32422,1.00895,-1.94565,1.10136,1.16858,2.20139,3.93457e-05,0.000206987,-0.000636999,-0.000283496,-0.000168586,-0.000151605,-0.000409359,0,0,0,0,0,0,0,-0.176685,26.7144,-24.689,7.49881,0.830705,2.51242,0.0523779,-0.188746,2.14893,-3.08946,1.90652,0.184264,0.919847,0.0625128
1731484,1,-2.75261,-1.32534,1.01105,-1.94698,1.10108,1.16771,2.20138,-2.75266,-1.32422,1.00895,-1.94565,1.10136,1.16858,2.20139,-0.0011802,-0.000418821,0.000688958,0.000460617,-0.000722742,-0.00010107,-0.00169706,0,0,0,0,0,0,0,-0.125111,26.7383,-24.7366,7.47104,0.847185,2.51242,0.09083,-0.186596,2.14777,-3.08857,1.90753,0.184326,0.919737,0.0622482
1731485,1,-2.75261,-1.32534,1.01105,-1.94699,1.10108,1.16771,2.20139,-2.75266,-1.32422,1.00895,-1.94565,1.10136,1.16858,2.20139,0.000419629,0.000277598,-0.000654318,-0.00145616,-7.49272e-05,-6.73801e-05,5.54216e-05,0,0,0,0,0,0,0,-0.176685,26.7144,-24.689,7.54642,0.836199,2.51242,0.0587866,-0.183907,2.14686,-3.08828,1.9089,0.184427,0.919672,0.0619641
1731486,1,-2.75261,-1.32534,1.01106,-1.94698,1.10108,1.16771,2.20139,-2.75266,-1.32422,1.00895,-1.94565,1.10136,1.16858,2.20139,0.000929367,-0.000371746,0.00132703,0.000142851,0.00035695,-4.49201e-05,3.69477e-05,0,0,0,0,0,0,0,-0.204456,26.7383,-24.7643,7.49881,0.825212,2.51242,0.0587866,-0.1822,2.14661,-3.08853,1.9101,0.18453,0.919695,0.0617079
1731487,1,-2.75261,-1.32534,1.01105,-1.94698,1.10108,1.16771,2.20139,-2.75266,-1.32422,1.00895,-1.94565,1.10136,1.16858,2.20139,-0.000586848,0.000958595,-0.000878554,0.000744848,0.000237966,0.000207412,0.00100798,0,0,0,0,0,0,0,-0.152882,26.6867,-24.689,7.47104,0.825212,2.50601,0.0322363,-0.182276,2.14708,-3.08901,1.91028,0.184556,0.919761,0.0614915
1731488,1,-2.75261,-1.32534,1.01105,-1.94698,1.10108,1.16771,2.20138,-2.75266,-1.32422,1.00895,-1.94565,1.10136,1.16858,2.20139,0.000815194,-0.000567363,-2.88908e-05,0.00105338,0.000158644,-9.90841e-05,-0.00173551,0,0,0,0,0,0,0,-0.204456,26.7383,-24.7128,7.44724,0.825212,2.51242,0.0972387,-0.183484,2.14753,-3.08874,1.90933,0.184481,0.919754,0.0612946
1731489,1,-2.75261,-1.32534,1.01105,-1.94698,1.10108,1.16771,2.20138,-2.75266,-1.32422,1.00895,-1.94565,1.10136,1.16858,2.20139,0.000543463,0.00649708,-1.92605e-05,-0.000504175,-9.76877e-05,-6.60561e-05,-0.000444932,0,0,0,0,0,0,0,-0.204456,26.7144,-24.7128,7.49881,0.830705,2.51242,0.0780126,-0.184513,2.14534,-3.08641,1.90851,0.184355,0.919644,0.0611198
1731490,1,-2.75261,-1.32534,1.01105,-1.94698,1.10108,1.16771,2.20139,-2.75266,-1.32422,1.00895,-1.94565,1.10136,1.16858,2.20139,-0.000287306,0.00430112,-1.28404e-05,0.00087031,-6.51251e-05,0.00043068,-0.000296622,0,0,0,0,0,0,0,-0.176685,26.7383,-24.7128,7.44724,0.830705,2.4996,0.0780126,-0.182466,2.13672,-3.08077,1.91002,0.184282,0.919394,0.0610104
1731491,1,-2.75261,-1.32534,1.01106,-1.94698,1.10108,1.16771,2.20139,-2.75266,-1.32422,1.00895,-1.94565,1.10136,1.16858,2.20139,0.000458077,0.00381913,0.00119787,0.00745801,-4.34168e-05,-0.000187598,0.000514329,0,0,0,0,0,0,0,-0.204456,26.7144,-24.7643,7.42344,0.830705,2.51242,0.0587866,-0.179972,2.12552,-3.0737,1.91091,0.184084,0.919008,0.0609777
1731492,1,-2.75261,-1.32534,1.01105,-1.94698,1.10108,1.16772,2.20139,-2.75266,-1.32422,1.00895,-1.94565,1.10136,1.16858,2.20139,0.000862197,0.00349188,-0.000964661,0.00373552,-2.89445e-05,-0.000125065,0.000105527,0,0,0,0,0,0,0,-0.22826,26.6867,-24.689,7.49881,0.830705,2.51242,0.0651953,-0.182271,2.11765,-3.06738,1.90692,0.183518,0.918544,0.0609951
1731493,1,-2.75261,-1.32534,1.01105,-1.94698,1.10108,1.16771,2.20138,-2.75266,-1.32422,1.00895,-1.94565,1.10136,1.16858,2.20139,-0.000631628,0.00190044,-8.62952e-05,0.0023286,0.000184154,-8.33767e-05,-0.000879084,0,0,0,0,0,0,0,-0.176685,26.7144,-24.7128,7.52262,0.825212,2.51242,0.09083,-0.187122,2.1126,-3.06168,1.90071,0.182836,0.918062,0.0610437
1731494,1,-2.75261,-1.32534,1.01105,-1.94698,1.10108,1.16772,2.20138,-2.75266,-1.32422,1.00895,-1.94565,1.10136,1.16858,2.20139,0.000228528,0.000876752,-5.75301e-05,0.00305512,0.000122769,0.000893851,-0.000111338,0,0,0,0,0,0,0,-0.204456,26.7383,-24.7128,7.47104,0.825212,2.48678,0.0780126,-0.191237,2.1102,-3.05783,1.89533,0.182312,0.917678,0.0611213
1731495,1,-2.75261,-1.32534,1.01105,-1.94698,1.10108,1.16771,2.20139,-2.75266,-1.32422,1.00895,-1.94565,1.10136,1.16858,2.20139,-0.000497262,0.00126626,-3.83534e-05,0.00105254,-0.000121604,-0.000116176,-7.42256e-05,0,0,0,0,0,0,0,-0.176685,26.7144,-24.7128,7.52262,0.830705,2.50601,0.0780126,-0.194467,2.11089,-3.05658,1.89106,0.18196,0.917441,0.0612407
1731496,1,-2.75261,-1.32534,1.01105,-1.94698,1.10108,1.16771,2.20139,-2.75266,-1.32422,1.00895,-1.94565,1.10136,1.16858,2.20139,-0.000331508,0.000937889,-2.5569e-05,0.000868363,0.000122381,0.000159908,0.000187875,0,0,0,0,0,0,0,-0.176685,26.7144,-24.7128,7.52262,0.825212,2.4996,0.071604,-0.195767,2.1129,-3.05714,1.88892,0.181824,0.917325,0.0614108
1731497,1,-2.75261,-1.32534,1.01105,-1.94698,1.10108,1.16771,2.20139,-2.75266,-1.32422,1.00895,-1.94565,1.10136,1.16858,2.20139,0.000428609,0.00134516,-1.7046e-05,0.00126072,-0.000325314,-0.000368112,0.000362609,0,0,0,0,0,0,0,-0.204456,26.6867,-24.7128,7.49881,0.836199,2.51242,0.0651953,-0.195495,2.11527,-3.05871,1.88871,0.181861,0.917299,0.0616239
1731498,1,-2.75261,-1.32534,1.01105,-1.94699,1.10108,1.16771,2.20138,-2.75266,-1.32422,1.00895,-1.94565,1.10136,1.16858,2.20139,-0.000920687,0.000299872,-1.1364e-05,0.000377419,0.000393476,-0.000245408,-0.000470337,0,0,0,0,0,0,0,-0.152882,26.7144,-24.7128,7.52262,0.819719,2.51242,0.0844213,-0.19463,2.11802,-3.06094,1.88955,0.18199,0.917339,0.061862
1731499,1,-2.75261,-1.32534,1.01105,-1.94698,1.10108,1.16771,2.20138,-2.75266,-1.32422,1.00895,-1.94565,1.10136,1.16858,2.20139,-5.69792e-05,0.00023945,-0.000564388,0.00152835,0.000262317,-0.000163605,-0.000550917,0,0,0,0,0,0,0,-0.176685,26.7144,-24.689,7.47104,0.819719,2.51242,0.09083,-0.193168,2.12123,-3.06365,1.89106,0.18218,0.917413,0.0621127
1731500,1,-2.75261,-1.32534,1.01105,-1.94698,1.10108,1.16771,2.20139,-2.75266,-1.32422,1.00895,-1.94565,1.10136,1.16858,2.20139,0.000611628,-0.000367527,-0.000376259,0.00107164,-0.000435473,0.000128289,0.000819517,0,0,0,0,0,0,0,-0.204456,26.7383,-24.689,7.47104,0.836199,2.50601,0.0587866,-0.192848,2.12552,-3.06644,1.89194,0.182328,0.917499,0.0623794
1731501,1,-2.75261,-1.32534,1.01105,-1.94698,1.10108,1.16771,2.20139,-2.75266,-1.32422,1.00895,-1.94565,1.10136,1.16858,2.20139,-0.000241862,0.000983646,0.000305973,0.00010436,-0.000290316,-0.000151833,0.00129233,0,0,0,0,0,0,0,-0.176685,26.6867,-24.7128,7.49881,0.836199,2.51242,0.038645,-0.193733,2.13042,-3.06925,1.89228,0.182434,0.917619,0.0626651
1731503,0.98,-2.75261,-1.32534,1.01105,-1.94698,1.10108,1.16771,2.20138,-2.75266,-1.32422,1.00895,-1.94565,1.10136,1.16858,2.20139,-0.000107494,2.77287e-05,-0.00023522,-0.00523774,-6.12123e-05,-6.74814e-05,-0.000160314,0,0,0,0,0,0,0,-0.176685,26.7144,-24.689,7.44724,0.830705,2.50601,0.071604,-0.191308,2.13679,-3.07442,1.89667,0.182911,0.917935,0.0631858
1731504,0.98,-2.75261,-1.32534,1.01105,-1.94698,1.10108,1.16771,2.20139,-2.75266,-1.32422,1.00895,-1.94565,1.10136,1.16858,2.20139,0.000577951,2.78677e-05,-0.000156813,-0.0052079,-4.08082e-05,-0.000282347,0.00135119,0,0,0,0,0,0,0,-0.204456,26.7144,-24.689,7.49881,0.830705,2.51242,0.0322363,-0.18498,2.13665,-3.07663,1.90416,0.183571,0.918214,0.0634061
1731505,0.98,-2.75261,-1.32534,1.01105,-1.94698,1.10108,1.16771,2.20139,-2.75266,-1.32422,1.00895,-1.94565,1.10136,1.16858,2.20139,0.00149892,2.56149e-05,0.00045227,-0.00385417,-2.72055e-05,0.000286487,0.00161287,0,0,0,0,0,0,0,-0.252064,26.7144,-24.7128,7.49881,0.830705,2.4996,0.0130102,-0.177072,2.1352,-3.07893,1.91413,0.184431,0.918616,0.0635991
1731506,0.98,-2.75261,-1.32534,1.01105,-1.94698,1.10108,1.16772,2.20139,-2.75266,-1.32422,1.00895,-1.94565,1.10136,1.16858,2.20139,-0.000114341,-0.000534458,0.000301513,-0.00220651,-1.8137e-05,0.000190991,0.000600527,0,0,0,0,0,0,0,-0.204456,26.7383,-24.7128,7.47104,0.830705,2.4996,0.0258276,-0.170959,2.13469,-3.0817,1.92293,0.185202,0.919059,0.0637125
1731507,0.98,-2.75261,-1.32534,1.01105,-1.94698,1.10108,1.16771,2.20139,-2.75266,-1.32422,1.00895,-1.94565,1.10136,1.16858,2.20139,-0.000725841,0.000204465,-0.000355803,-0.00233563,-1.20913e-05,-0.000110031,-0.000582993,0,0,0,0,0,0,0,-0.176685,26.7144,-24.689,7.49881,0.830705,2.50601,0.0523779,-0.165966,2.13492,-3.0845,1.92981,0.185822,0.919405,0.0637004
1731508,0.98,-2.75261,-1.32534,1.01105,-1.94698,1.10108,1.16771,2.20139,-2.75266,-1.32422,1.00895,-1.94565,1.10136,1.16858,2.20139,0.00016572,0.000139278,-0.000237202,-0.00106873,0.00019539,-0.000310713,0.000832041,0,0,0,0,0,0,0,-0.204456,26.7144,-24.689,7.47104,0.825212,2.51242,0.0194189,-0.161426,2.1348,-3.08632,1.93497,0.186293,0.919574,0.0635627
1731509,0.98,-2.75261,-1.32534,1.01105,-1.94698,1.10108,1.16771,2.20139,-2.75266,-1.32422,1.00895,-1.94565,1.10136,1.16858,2.20139,0.00011048,-0.00111135,0.000398677,-0.00203986,-7.31908e-05,-0.000207142,0.000792053,0,0,0,0,0,0,0,-0.204456,26.766,-24.7128,7.52262,0.830705,2.51242,0.0130102,-0.158831,2.13542,-3.08768,1.93785,0.186577,0.919645,0.0633182
1731510,0.98,-2.75261,-1.32534,1.01105,-1.94698,1.10108,1.16771,2.20139,-2.75266,-1.32422,1.00895,-1.94565,1.10136,1.16858,2.20139,-0.000575961,0.00111681,-0.000291027,-0.000893799,-4.87938e-05,0.000336623,-0.000184041,0,0,0,0,0,0,0,-0.176685,26.6867,-24.689,7.49881,0.830705,2.4996,0.0322363,-0.157811,2.13687,-3.08905,1.93899,0.186717,0.919673,0.0629681
1731511,0.98,-2.75261,-1.32534,1.01105,-1.94698,1.10108,1.16772,2.20139,-2.75266,-1.32422,1.00895,-1.94565,1.10136,1.16858,2.20139,-0.000383974,9.61793e-05,-0.000194018,-0.00122071,0.000374372,0.000699133,-0.00110604,0,0,0,0,0,0,0,-0.176685,26.7144,-24.689,7.52262,0.819719,2.48678,0.0587866,-0.156788,2.13732,-3.0894,1.93947,0.186773,0.919595,0.062514
1731512,0.98,-2.75261,-1.32534,1.01105,-1.94698,1.10108,1.16771,2.20139,-2.75266,-1.32422,1.00895,-1.94565,1.10136,1.16858,2.20139,-0.000255983,-0.000491753,-0.000129345,-0.000308016,0.000249581,-0.000245988,0.000958062,0,0,0,0,0,0,0,-0.176685,26.7383,-24.689,7.49881,0.819719,2.50601,0.0130102,-0.156322,2.13749,-3.08901,1.93905,0.186733,0.91942,0.0619855
1731513,0.98,-2.75261,-1.32534,1.01105,-1.94698,1.10108,1.16771,2.20139,-2.75266,-1.32422,1.00895,-1.94565,1.10136,1.16858,2.20139,-0.000727467,-0.000327131,-0.000735844,0.000406003,-0.000240514,-0.000163992,0.000876067,0,0,0,0,0,0,0,-0.152882,26.7383,-24.6612,7.47104,0.830705,2.50601,0.00660151,-0.157392,2.13878,-3.08858,1.9371,0.186565,0.919185,0.0614123
1731514,0.98,-2.75261,-1.32534,1.01105,-1.94698,1.10108,1.16771,2.20139,-2.75266,-1.32422,1.00895,-1.94565,1.10136,1.16858,2.20139,7.1834e-05,0.000339253,0.000715863,0.00079878,0.000246559,-0.000109328,-0.00060275,0,0,0,0,0,0,0,-0.176685,26.7144,-24.7128,7.44724,0.819719,2.50601,0.038645,-0.159969,2.14098,-3.08814,1.93364,0.18626,0.918905,0.0607885
1731515,0.98,-2.75261,-1.32534,1.01105,-1.94698,1.10108,1.16771,2.20139,-2.75266,-1.32422,1.00895,-1.94565,1.10136,1.16858,2.20139,0.000697503,0.000226565,-7.95699e-05,-4.58168e-05,-3.90781e-05,-0.000310244,0.000310243,0,0,0,0,0,0,0,-0.204456,26.7144,-24.689,7.47104,0.825212,2.51242,0.0194189,-0.164171,2.14379,-3.08796,1.92901,0.185833,0.918658,0.0601081
1731516,0.98,-2.75261,-1.32534,1.01105,-1.94698,1.10108,1.16771,2.20139,-2.75266,-1.32422,1.00895,-1.94565,1.10136,1.16858,2.20139,-0.000184612,-0.00105509,0.000503765,-0.000696302,-0.000229503,0.000267888,-0.00125123,0,0,0,0,0,0,0,-0.176685,26.766,-24.7128,7.49881,0.830705,2.4996,0.0587866,-0.16932,2.14721,-3.0883,1.92411,0.185376,0.918495,0.0593876
1731517,0.98,-2.75261,-1.32534,1.01105,-1.94698,1.10108,1.16771,2.20139,-2.75266,-1.32422,1.00895,-1.94565,1.10136,1.16858,2.20139,0.000526539,0.00115287,-0.00142739,0.000173304,-0.000356452,-5.87667e-05,0.000623907,0,0,0,0,0,0,0,-0.204456,26.6867,-24.6374,7.47104,0.836199,2.50601,0.0194189,-0.174108,2.15022,-3.08825,1.91983,0.184972,0.918347,0.0586529
1731518,0.98,-2.75261,-1.32534,1.01105,-1.94698,1.10108,1.16771,2.20139,-2.75266,-1.32422,1.00895,-1.94565,1.10136,1.16858,2.20139,0.000351026,0.000768749,-0.000394784,0.000663267,-3.41843e-05,-0.000276537,-0.000804765,0,0,0,0,0,0,0,-0.204456,26.6867,-24.6612,7.44724,0.830705,2.51242,0.0523779,-0.178509,2.15122,-3.08616,1.916,0.184589,0.918102,0.0579301
1731519,0.98,-2.75261,-1.32534,1.01105,-1.94698,1.10108,1.16771,2.20139,-2.75266,-1.32422,1.00895,-1.94565,1.10136,1.16858,2.20139,0.000234018,-0.000693801,0.000386424,-0.000121444,-2.27895e-05,-0.000184358,0.000446834,0,0,0,0,0,0,0,-0.204456,26.7383,-24.689,7.47104,0.830705,2.51242,0.0258276,-0.1829,2.15152,-3.08345,1.91223,0.184214,0.917844,0.0572311
1731520,0.98,-2.75261,-1.32534,1.01105,-1.94698,1.10108,1.16771,2.20139,-2.75266,-1.32422,1.00895,-1.94565,1.10136,1.16858,2.20139,0.000712824,0.000743986,0.000257616,-0.0012925,-0.000218644,0.000114454,-0.000685455,0,0,0,0,0,0,0,-0.22826,26.6867,-24.689,7.52262,0.836199,2.50601,0.0523779,-0.186742,2.15258,-3.08215,1.90909,0.18392,0.917715,0.0565628
1731521,0.98,-2.75261,-1.32534,1.01105,-1.94698,1.10108,1.16771,2.20139,-2.75266,-1.32422,1.00895,-1.94565,1.10136,1.16858,2.20139,-0.00073121,-0.000710365,0.000171744,-0.000865496,5.76882e-05,7.63025e-05,-0.000694329,0,0,0,0,0,0,0,-0.176685,26.7383,-24.689,7.52262,0.830705,2.50601,0.0587866,-0.188814,2.15347,-3.0819,1.90754,0.183779,0.917695,0.0559327
1731522,0.98,-2.75261,-1.32534,1.01105,-1.94698,1.10107,1.16771,2.20139,-2.75266,-1.32422,1.00895,-1.94565,1.10136,1.16858,2.20139,-0.00104429,-0.000473524,-0.000535118,-0.00057987,-0.000368442,0.000288227,-0.000225527,0,0,0,0,0,0,0,-0.152882,26.7383,-24.6612,7.52262,0.841692,2.4996,0.0523779,-0.188341,2.15388,-3.0821,1.90764,0.183802,0.917687,0.0553541
1731523,0.98,-2.75261,-1.32534,1.01105,-1.94698,1.10108,1.16771,2.20139,-2.75266,-1.32422,1.00895,-1.94565,1.10136,1.16858,2.20139,-0.000139378,-0.000315643,0.000292869,0.000168077,0.000364723,-4.52074e-05,-0.00038771,0,0,0,0,0,0,0,-0.176685,26.7383,-24.689,7.49881,0.825212,2.50601,0.0587866,-0.186494,2.15424,-3.08241,1.90833,0.183902,0.917641,0.0548429
1731524,0.98,-2.75261,-1.32534,1.01105,-1.94698,1.10108,1.16772,2.20139,-2.75266,-1.32422,1.00895,-1.94565,1.10136,1.16858,2.20139,-0.000649731,-0.000210399,-0.000454368,0.000110435,3.96984e-05,0.000207221,-0.00120791,0,0,0,0,0,0,0,-0.152882,26.7383,-24.6612,7.49881,0.830705,2.4996,0.0844213,-0.185015,2.15484,-3.08259,1.90859,0.183975,0.917564,0.0544063
1731525,0.98,-2.75261,-1.32534,1.01105,-1.94698,1.10108,1.16772,2.20139,-2.75266,-1.32422,1.00895,-1.94565,1.10136,1.16858,2.20139,0.000123658,-0.000140244,0.000346702,7.24112e-05,0.000229916,0.000138147,-0.000567914,0,0,0,0,0,0,0,-0.176685,26.7383,-24.689,7.49881,0.825212,2.4996,0.0780126,-0.184316,2.1556,-3.08255,1.90828,0.183997,0.917467,0.0540578
1731526,0.98,-2.75261,-1.32534,1.01105,-1.94698,1.10108,1.16771,2.20139,-2.75266,-1.32422,1.00895,-1.94565,1.10136,1.16858,2.20139,8.24387e-05,-0.000743093,0.000231135,4.7365e-05,0.000153277,9.20981e-05,9.61086e-05,0,0,0,0,0,0,0,-0.176685,26.766,-24.689,7.49881,0.825212,2.4996,0.0651953,-0.184723,2.15701,-3.08273,1.90738,0.183966,0.917391,0.0538194
1731527,0.98,-2.75261,-1.32534,1.01105,-1.94698,1.10107,1.16771,2.20138,-2.75266,-1.32422,1.00895,-1.94565,1.10136,1.16858,2.20139,-0.000501853,0.000154231,0.00015409,0.000680509,-0.000508167,-0.00017596,-0.000410645,0,0,0,0,0,0,0,-0.152882,26.7383,-24.689,7.47104,0.841692,2.50601,0.0780126,-0.185954,2.15906,-3.08327,1.90601,0.18389,0.917334,0.0536956
1731528,0.98,-2.75261,-1.32534,1.01105,-1.94698,1.10108,1.16771,2.20139,-2.75266,-1.32422,1.00895,-1.94565,1.10136,1.16858,2.20139,0.00142867,0.000659642,-0.0011037,-0.000753265,0.000475024,0.000120052,0.000438313,0,0,0,0,0,0,0,-0.22826,26.7144,-24.6374,7.52262,0.819719,2.4996,0.0587866,-0.187561,2.16026,-3.08276,1.90462,0.183791,0.917226,0.0536746
1731529,0.98,-2.75261,-1.32534,1.01105,-1.94698,1.10108,1.16771,2.20139,-2.75266,-1.32422,1.00895,-1.94565,1.10136,1.16858,2.20139,-0.00025398,-0.000117043,-0.0007358,0.000703866,0.000316683,8.00347e-05,0.00127555,0,0,0,0,0,0,0,-0.176685,26.7383,-24.6374,7.47104,0.819719,2.4996,0.0322363,-0.189848,2.16001,-3.08026,1.90323,0.183669,0.917029,0.0537377
1731530,0.98,-2.75261,-1.32534,1.01105,-1.94698,1.10108,1.16771,2.20139,-2.75266,-1.32422,1.00895,-1.94565,1.10136,1.16858,2.20139,0.00159392,0.000478788,0.000715893,0.000468956,7.67141e-06,5.33565e-05,0.000104383,0,0,0,0,0,0,0,-0.252064,26.7144,-24.689,7.47104,0.825212,2.4996,0.0523779,-0.193096,2.15976,-3.07727,1.90134,0.18349,0.91681,0.0538456
1731531,0.98,-2.75261,-1.32534,1.01105,-1.94698,1.10108,1.16771,2.20139,-2.75266,-1.32422,1.00895,-1.94565,1.10136,1.16858,2.20139,-0.00125744,0.000319196,0.00103407,-0.000337192,5.11427e-06,-0.000201788,6.95889e-05,0,0,0,0,0,0,0,-0.152882,26.7144,-24.7128,7.49881,0.825212,2.50601,0.0523779,-0.196012,2.16017,-3.07578,1.89961,0.1833,0.916679,0.0539573
1731532,0.98,-2.75261,-1.32534,1.01105,-1.94698,1.10108,1.16771,2.20139,-2.75266,-1.32422,1.00895,-1.94565,1.10136,1.16858,2.20139,0.000368134,-0.000344012,0.000132571,-0.000224957,-0.000403492,0.000102834,0.0012671,0,0,0,0,0,0,0,-0.204456,26.7383,-24.689,7.49881,0.836199,2.4996,0.0194189,-0.196629,2.16057,-3.0759,1.89927,0.18321,0.916627,0.0540552
1731533,0.98,-2.75261,-1.32534,1.01105,-1.94698,1.10108,1.16771,2.20139,-2.75266,-1.32422,1.00895,-1.94565,1.10136,1.16858,2.20139,0.000802235,0.000327473,8.83804e-05,0.000499522,0.000578716,-0.000168803,0.000370013,0,0,0,0,0,0,0,-0.22826,26.7144,-24.689,7.47104,0.81331,2.50601,0.0322363,-0.196748,2.16114,-3.07637,1.89928,0.183153,0.916586,0.0541177
1731534,0.98,-2.75261,-1.32534,1.01105,-1.94698,1.10108,1.16771,2.20139,-2.75266,-1.32422,1.00895,-1.94565,1.10136,1.16858,2.20139,-0.000671603,0.000867931,5.89203e-05,-0.000316691,-5.49987e-05,-0.000112535,0.000484034,0,0,0,0,0,0,0,-0.176685,26.6867,-24.689,7.49881,0.825212,2.50601,0.0258276,-0.197234,2.16126,-3.07615,1.89913,0.18307,0.916507,0.0541169
1731535,0.98,-2.75261,-1.32534,1.01105,-1.94698,1.10108,1.16772,2.20139,-2.75266,-1.32422,1.00895,-1.94565,1.10136,1.16858,2.20139,-0.000447735,-0.00127742,-0.000610334,-0.000211195,-3.66658e-05,0.000162335,-0.000423296,0,0,0,0,0,0,0,-0.176685,26.766,-24.6612,7.49881,0.825212,2.4996,0.0459692,-0.196285,2.16038,-3.07533,1.8998,0.183043,0.916372,0.0540378
1731536,0.98,-2.75261,-1.32534,1.01105,-1.94698,1.10108,1.16772,2.20139,-2.75266,-1.32422,1.00895,-1.94565,1.10136,1.16858,2.20139,0.000351124,-0.000851611,0.000242725,0.00162239,-0.000431345,0.000108224,0.000226429,0,0,0,0,0,0,0,-0.204456,26.766,-24.689,7.42344,0.836199,2.4996,0.0322363,-0.1956,2.16064,-3.07483,1.90002,0.183006,0.91622,0.0538788
1731537,0.98,-2.75261,-1.32534,1.01105,-1.94698,1.10108,1.16771,2.20139,-2.75266,-1.32422,1.00895,-1.94565,1.10136,1.16858,2.20139,-0.000415531,-0.00112455,0.000161817,-3.20691e-05,-0.000287563,-0.000402569,0.000625671,0,0,0,0,0,0,0,-0.176685,26.7898,-24.689,7.47104,0.836199,2.51242,0.0194189,-0.196757,2.16317,-3.07532,1.89872,0.182884,0.916103,0.053655
1731538,0.98,-2.75261,-1.32534,1.01105,-1.94698,1.10108,1.16771,2.20139,-2.75266,-1.32422,1.00895,-1.94565,1.10136,1.16858,2.20139,-0.000833833,0.00101354,-0.00109855,-0.000671022,0.000215192,-3.10203e-05,0.000179755,0,0,0,0,0,0,0,-0.152882,26.7144,-24.6374,7.49881,0.825212,2.50601,0.0258276,-0.196993,2.16505,-3.07554,1.898,0.182819,0.915976,0.0533806
1731539,0.98,-2.75261,-1.32534,1.01105,-1.94698,1.10108,1.16771,2.20139,-2.75266,-1.32422,1.00895,-1.94565,1.10136,1.16858,2.20139,0.000650537,0.00011888,0.00047406,0.000202244,-0.00026344,-2.06802e-05,0.000594554,0,0,0,0,0,0,0,-0.204456,26.7383,-24.689,7.47104,0.836199,2.50601,0.0130102,-0.195269,2.16431,-3.07424,1.89883,0.18286,0.9158,0.0530539
1731540,0.98,-2.75261,-1.32534,1.01105,-1.94698,1.10108,1.16771,2.20139,-2.75266,-1.32422,1.00895,-1.94565,1.10136,1.16858,2.20139,0.000433692,0.000636065,-0.000333574,0.000134813,2.78241e-05,-0.000251146,-0.000824334,0,0,0,0,0,0,0,-0.204456,26.7144,-24.6612,7.47104,0.830705,2.51242,0.0459692,-0.194146,2.16277,-3.07235,1.89955,0.182881,0.915649,0.0526669
1731541,0.98,-2.75261,-1.32534,1.01105,-1.94698,1.10108,1.16771,2.20139,-2.75266,-1.32422,1.00895,-1.94565,1.10136,1.16858,2.20139,0.00084594,0.00107366,-0.000222382,8.98634e-05,-0.000388352,0.000307287,0.000433788,0,0,0,0,0,0,0,-0.22826,26.6867,-24.6612,7.47104,0.841692,2.4996,0.0194189,-0.194441,2.16108,-3.07004,1.8996,0.182846,0.915529,0.0522262
1731542,0.98,-2.75261,-1.32534,1.01105,-1.94698,1.10108,1.16772,2.20139,-2.75266,-1.32422,1.00895,-1.94565,1.10136,1.16858,2.20139,-0.000642466,6.61581e-05,-0.000148255,0.000616712,0.000148,0.000442217,-0.000931511,0,0,0,0,0,0,0,-0.176685,26.7144,-24.6612,7.44724,0.830705,2.49319,0.0523779,-0.194973,2.15891,-3.06727,1.89945,0.182806,0.915395,0.0517515
1731543,0.98,-2.75261,-1.32534,1.01105,-1.94698,1.10108,1.16771,2.20139,-2.75266,-1.32422,1.00895,-1.94565,1.10136,1.16858,2.20139,-0.000428311,-0.00171913,-9.88366e-05,-0.000795292,0.000302117,-0.000179906,0.000599696,0,0,0,0,0,0,0,-0.176685,26.7898,-24.6612,7.49881,0.825212,2.50601,0.0194189,-0.194782,2.1577,-3.06547,1.89944,0.182829,0.915281,0.0512604
1731544,0.98,-2.75261,-1.32534,1.01105,-1.94698,1.10108,1.16771,2.20139,-2.75266,-1.32422,1.00895,-1.94565,1.10136,1.16858,2.20139,0.000364073,-0.000589276,0.000583723,0.000119414,-2.03908e-06,-0.000357297,-0.00105826,0,0,0,0,0,0,0,-0.204456,26.766,-24.689,7.47104,0.830705,2.51242,0.0587866,-0.194419,2.15874,-3.06563,1.89941,0.182914,0.915262,0.0507682
1731545,0.98,-2.75261,-1.32534,1.01105,-1.94698,1.10108,1.16771,2.20139,-2.75266,-1.32422,1.00895,-1.94565,1.10136,1.16858,2.20139,0.000242716,0.000256763,0.000389149,7.96058e-05,-1.35939e-06,0.00023652,-0.000230792,0,0,0,0,0,0,0,-0.204456,26.7383,-24.689,7.47104,0.830705,2.4996,0.0459692,-0.194823,2.16114,-3.06699,1.89897,0.182984,0.915333,0.0502897
1731546,0.98,-2.75261,-1.32534,1.01105,-1.94698,1.10108,1.16772,2.20139,-2.75266,-1.32422,1.00895,-1.94565,1.10136,1.16858,2.20139,0.00016181,0.000171176,-0.000390182,-0.000596546,-9.06257e-07,0.000395039,0.000354765,0,0,0,0,0,0,0,-0.204456,26.7383,-24.6612,7.49881,0.830705,2.49319,0.0322363,-0.195321,2.1628,-3.0679,1.89861,0.183039,0.915394,0.0498467
1731547,0.98,-2.75261,-1.32534,1.01105,-1.94698,1.10108,1.16772,2.20139,-2.75266,-1.32422,1.00895,-1.94565,1.10136,1.16858,2.20139,-0.00054174,0.000670929,0.000389493,0.000251914,-0.000204055,-0.000211359,-0.000509475,0,0,0,0,0,0,0,-0.176685,26.7144,-24.689,7.47104,0.836199,2.50601,0.0523779,-0.194785,2.16279,-3.06772,1.89897,0.183128,0.915385,0.0494492
1731548,0.98,-2.75261,-1.32534,1.01105,-1.94698,1.10108,1.16772,2.20138,-2.75266,-1.32422,1.00895,-1.94565,1.10136,1.16858,2.20139,0.000288454,-0.00075914,-0.000389952,0.000167941,0.000270865,0.000333812,-0.00152644,0,0,0,0,0,0,0,-0.204456,26.766,-24.6612,7.47104,0.825212,2.49319,0.0844213,-0.193715,2.16213,-3.06708,1.89953,0.183225,0.915321,0.0490908
1731549,0.98,-2.75261,-1.32534,1.01105,-1.94698,1.10108,1.16771,2.20138,-2.75266,-1.32422,1.00895,-1.94565,1.10136,1.16858,2.20139,-0.000457311,0.000143521,-0.00081678,0.00011196,-2.28741e-05,-1.48175e-05,-0.000780271,0,0,0,0,0,0,0,-0.176685,26.7383,-24.6374,7.47104,0.830705,2.4996,0.0780126,-0.193133,2.16171,-3.066,1.89962,0.183293,0.9152,0.048788
1731550,0.98,-2.75261,-1.32534,1.01105,-1.94698,1.10108,1.16772,2.20138,-2.75266,-1.32422,1.00895,-1.94565,1.10136,1.16858,2.20139,0.000901552,-0.000553933,1.2292e-05,0.000631451,0.000391652,0.00046484,-0.00123226,0,0,0,0,0,0,0,-0.22826,26.766,-24.6612,7.44724,0.819719,2.48678,0.0972387,-0.193507,2.16163,-3.06437,1.89904,0.183312,0.915025,0.0485797
1731551,0.98,-2.75261,-1.32534,1.01105,-1.94698,1.10108,1.16772,2.20138,-2.75266,-1.32422,1.00895,-1.94565,1.10136,1.16858,2.20139,0.000601034,0.000837137,8.19465e-06,-0.000135845,-0.0001458,7.25341e-05,0.000127931,0,0,0,0,0,0,0,-0.22826,26.7144,-24.6612,7.47104,0.830705,2.49319,0.071604,-0.195286,2.16209,-3.06278,1.89767,0.183257,0.914853,0.0484989
1731552,0.98,-2.75261,-1.32534,1.01105,-1.94698,1.10108,1.16771,2.20139,-2.75266,-1.32422,1.00895,-1.94565,1.10136,1.16858,2.20139,-0.000805736,-0.000648335,5.4631e-06,-9.05642e-05,0.000106251,-0.000189003,-0.000389431,0,0,0,0,0,0,0,-0.176685,26.766,-24.6612,7.47104,0.825212,2.4996,0.0844213,-0.196862,2.16244,-3.06152,1.89657,0.183204,0.914693,0.0485595
1731553,0.98,-2.75261,-1.32534,1.01105,-1.94698,1.10108,1.16771,2.20138,-2.75266,-1.32422,1.00895,-1.94565,1.10136,1.16858,2.20139,-0.000537158,0.000774203,0.00121007,0.00105325,7.08337e-05,-0.000363361,-0.00025962,0,0,0,0,0,0,0,-0.176685,26.7144,-24.7128,7.42344,0.825212,2.50601,0.0844213,-0.196565,2.16253,-3.06118,1.89637,0.183209,0.914543,0.0487517
1731554,0.98,-2.75261,-1.32534,1.01105,-1.94698,1.10108,1.16771,2.20138,-2.75266,-1.32422,1.00895,-1.94565,1.10136,1.16858,2.20139,0.00140513,0.000516135,-0.000399714,-0.00106107,4.72225e-05,-4.88163e-06,-0.000647798,0,0,0,0,0,0,0,-0.252064,26.7144,-24.6612,7.49881,0.825212,2.4996,0.0972387,-0.195738,2.16245,-3.0614,1.89644,0.183212,0.914423,0.049059
1731555,0.98,-2.75261,-1.32534,1.01105,-1.94698,1.10108,1.16771,2.20138,-2.75266,-1.32422,1.00895,-1.94565,1.10136,1.16858,2.20139,-0.000176869,-0.000862336,-0.000266476,-0.000707382,3.14816e-05,-0.000477972,4.28524e-05,0,0,0,0,0,0,0,-0.204456,26.766,-24.6612,7.49881,0.825212,2.51242,0.0844213,-0.195657,2.16213,-3.0611,1.89661,0.183214,0.914324,0.0494712
1731556,0.98,-2.75261,-1.32534,1.01105,-1.94698,1.10108,1.16771,2.20139,-2.75266,-1.32422,1.00895,-1.94565,1.10136,1.16858,2.20139,-0.000767526,0.00128115,0.00102878,0.000178026,-0.000182463,-8.12893e-05,0.00121536,0,0,0,0,0,0,0,-0.176685,26.6867,-24.7128,7.47104,0.830705,2.50601,0.0523779,-0.194908,2.1616,-3.06075,1.89741,0.183265,0.914237,0.049981
1731557,0.98,-2.75261,-1.32534,1.01105,-1.94698,1.10108,1.16771,2.20139,-2.75266,-1.32422,1.00895,-1.94565,1.10136,1.16858,2.20139,-0.000511684,-0.000352326,-0.0016342,0.000118684,0.000285259,-5.41928e-05,0.000572883,0,0,0,0,0,0,0,-0.176685,26.7383,-24.6136,7.47104,0.819719,2.50601,0.0587866,-0.192579,2.16015,-3.06012,1.89882,0.183349,0.914103,0.0505582
1731558,0.98,-2.75261,-1.32534,1.01105,-1.94698,1.10108,1.16771,2.20139,-2.75266,-1.32422,1.00895,-1.94565,1.10136,1.16858,2.20139,-0.000341123,-0.000234884,0.000673771,-0.000570492,-1.32777e-05,0.00020123,0.00085664,0,0,0,0,0,0,0,-0.176685,26.7383,-24.689,7.49881,0.825212,2.4996,0.0459692,-0.189901,2.15833,-3.05877,1.90022,0.18343,0.913913,0.0511469
1731559,0.98,-2.75261,-1.32534,1.01105,-1.94698,1.10108,1.16772,2.20138,-2.75266,-1.32422,1.00895,-1.94565,1.10136,1.16858,2.20139,-0.000227415,-0.000806203,-0.000200433,0.000269286,0.000194599,-0.000340564,-0.000615701,0,0,0,0,0,0,0,-0.176685,26.766,-24.6612,7.47104,0.819719,2.51242,0.0780126,-0.187917,2.15776,-3.0581,1.90114,0.183484,0.913775,0.0517034
1731560,0.98,-2.75261,-1.32534,1.01105,-1.94698,1.10108,1.16772,2.20139,-2.75266,-1.32422,1.00895,-1.94565,1.10136,1.16858,2.20139,-0.000708422,0.000668957,0.000515992,0.000736336,-7.3718e-05,0.000247675,0.00128495,0,0,0,0,0,0,0,-0.152882,26.7144,-24.689,7.44724,0.825212,2.4996,0.0322363,-0.186692,2.15828,-3.05827,1.90138,0.183474,0.913698,0.0522119
1731561,0.98,-2.75261,-1.32534,1.01105,-1.94698,1.10108,1.16771,2.20139,-2.75266,-1.32422,1.00895,-1.94565,1.10136,1.16858,2.20139,-0.000472281,0.000445971,-0.000862431,-6.59213e-05,-4.91454e-05,-7.22423e-05,-0.000126709,0,0,0,0,0,0,0,-0.152882,26.7144,-24.6374,7.47104,0.825212,2.50601,0.0587866,-0.185349,2.15813,-3.05793,1.90145,0.183419,0.913592,0.0526693
1731562,0.98,-2.75261,-1.32534,1.01105,-1.94698,1.10108,1.16771,2.20139,-2.75266,-1.32422,1.00895,-1.94565,1.10136,1.16858,2.20139,-0.000964468,0.000297314,-0.000574954,-0.000693562,-3.27636e-05,-4.81615e-05,0.000390245,0,0,0,0,0,0,0,-0.125111,26.7144,-24.6374,7.49881,0.825212,2.50601,0.0459692,-0.182957,2.15631,-3.05626,1.90224,0.183397,0.913426,0.0530635
1731563,0.98,-2.75261,-1.32534,1.01105,-1.94698,1.10108,1.16771,2.20139,-2.75266,-1.32422,1.00895,-1.94565,1.10136,1.16858,2.20139,0.000563447,-0.000358602,0.000173509,0.00018724,-0.000225293,0.000205251,-0.000214554,0,0,0,0,0,0,0,-0.176685,26.7383,-24.6612,7.47104,0.830705,2.4996,0.0587866,-0.180517,2.15422,-3.05419,1.9033,0.183394,0.913272,0.0533869
1731564,0.98,-2.75261,-1.32534,1.01105,-1.94698,1.10108,1.16772,2.20139,-2.75266,-1.32422,1.00895,-1.94565,1.10136,1.16858,2.20139,0.000375631,0.000317744,-0.000441139,0.000681638,-0.000150195,-0.000337884,0.00131503,0,0,0,0,0,0,0,-0.176685,26.7144,-24.6374,7.44724,0.830705,2.51242,0.0194189,-0.180352,2.15365,-3.05267,1.90304,0.183298,0.913191,0.0536423
1731565,0.98,-2.75261,-1.32534,1.01105,-1.94698,1.10108,1.16772,2.20139,-2.75266,-1.32422,1.00895,-1.94565,1.10136,1.16858,2.20139,-0.000306391,0.000211829,0.000912333,0.000454426,-0.00010013,0.000486821,0.000401966,0,0,0,0,0,0,0,-0.152882,26.7144,-24.689,7.44724,0.830705,2.49319,0.0322363,-0.182068,2.15429,-3.05174,1.90149,0.183107,0.913166,0.0538272
1731566,0.98,-2.75261,-1.32534,1.01105,-1.94698,1.10108,1.16772,2.20139,-2.75266,-1.32422,1.00895,-1.94565,1.10136,1.16858,2.20139,0.00100217,0.000141219,-4.13919e-05,0.00030295,0.000136697,8.71884e-05,-0.000715367,0,0,0,0,0,0,0,-0.204456,26.7144,-24.6612,7.44724,0.825212,2.4996,0.0587866,-0.184362,2.15557,-3.05157,1.89945,0.182888,0.913196,0.0539254
1731567,0.98,-2.75261,-1.32534,1.01105,-1.94698,1.10108,1.16772,2.20139,-2.75266,-1.32422,1.00895,-1.94565,1.10136,1.16858,2.20139,1.84962e-05,-0.000462666,0.000622019,0.000201967,9.11314e-05,0.000295485,0.000506433,0,0,0,0,0,0,0,-0.176685,26.7383,-24.689,7.44724,0.825212,2.49319,0.0322363,-0.187413,2.15763,-3.05205,1.89698,0.182656,0.913276,0.0539378
1731568,0.98,-2.75261,-1.32534,1.01105,-1.94698,1.10108,1.16772,2.20139,-2.75266,-1.32422,1.00895,-1.94565,1.10136,1.16858,2.20139,0.000661945,0.000248368,0.00041468,-0.000422167,0.000501564,0.00019699,0.000337622,0,0,0,0,0,0,0,-0.204456,26.7144,-24.689,7.47104,0.81331,2.49319,0.0322363,-0.190491,2.16012,-3.05309,1.89461,0.182449,0.913384,0.0538875
1731569,0.98,-2.75261,-1.32534,1.01105,-1.94698,1.10108,1.16771,2.20139,-2.75266,-1.32422,1.00895,-1.94565,1.10136,1.16858,2.20139,-0.000208317,0.000815193,0.000833265,0.000275367,-0.000106434,-0.000343391,0.00046244,0,0,0,0,0,0,0,-0.176685,26.6867,-24.7128,7.44724,0.825212,2.50601,0.0258276,-0.192462,2.16192,-3.05432,1.89304,0.182296,0.913491,0.053784
1731570,0.98,-2.75261,-1.32534,1.01105,-1.94698,1.10108,1.16771,2.20139,-2.75266,-1.32422,1.00895,-1.94565,1.10136,1.16858,2.20139,-0.000138878,0.000543462,-0.00120773,0.000183578,-7.09558e-05,8.43133e-06,-0.000166424,0,0,0,0,0,0,0,-0.176685,26.6867,-24.6374,7.44724,0.825212,2.4996,0.038645,-0.192878,2.1619,-3.05456,1.89239,0.182186,0.913506,0.0536211
1731571,0.98,-2.75261,-1.32534,1.01105,-1.94698,1.10108,1.16772,2.20139,-2.75266,-1.32422,1.00895,-1.94565,1.10136,1.16858,2.20139,-9.25855e-05,-0.000844118,-0.000805152,-0.000434427,-4.73038e-05,5.62089e-06,0.000126409,0,0,0,0,0,0,0,-0.176685,26.7383,-24.6374,7.47104,0.825212,2.4996,0.0322363,-0.192308,2.16045,-3.0531,1.89224,0.182117,0.913376,0.0533949
1731572,0.98,-2.75261,-1.32534,1.01105,-1.94698,1.10108,1.16772,2.20139,-2.75266,-1.32422,1.00895,-1.94565,1.10136,1.16858,2.20139,-6.17237e-05,-5.9334e-06,0.00122647,-0.000939232,-3.15359e-05,0.000241106,-0.000424353,0,0,0,0,0,0,0,-0.176685,26.7144,-24.7128,7.49881,0.825212,2.49319,0.0459692,-0.191269,2.15928,-3.05169,1.89251,0.182103,0.913235,0.0531158
1731573,0.98,-2.75261,-1.32534,1.01105,-1.94698,1.10108,1.16772,2.20139,-2.75266,-1.32422,1.00895,-1.94565,1.10136,1.16858,2.20139,-4.11491e-05,-0.000560768,-0.0015024,2.34595e-05,-2.10239e-05,-0.00031398,-0.00075762,0,0,0,0,0,0,0,-0.176685,26.7383,-24.6136,7.47104,0.825212,2.50601,0.0587866,-0.189925,2.15883,-3.05127,1.8931,0.182128,0.913151,0.0528028
1731574,0.98,-2.75261,-1.32534,1.01105,-1.94698,1.10108,1.16772,2.20139,-2.75266,-1.32422,1.00895,-1.94565,1.10136,1.16858,2.20139,-2.74328e-05,0.000182967,-0.0010016,0.000572452,-1.4016e-05,-0.00020932,0.000478264,0,0,0,0,0,0,0,-0.176685,26.7144,-24.6136,7.44724,0.825212,2.50601,0.0322363,-0.189117,2.15817,-3.0499,1.89327,0.182116,0.912993,0.0524789
1731575,0.98,-2.75261,-1.32534,1.01105,-1.94698,1.10108,1.16772,2.20139,-2.75266,-1.32422,1.00895,-1.94565,1.10136,1.16858,2.20139,-0.0005751,0.000121978,0.000445889,0.000381634,-0.000212794,9.78121e-05,8.14838e-05,0,0,0,0,0,0,0,-0.152882,26.7144,-24.6612,7.44724,0.830705,2.4996,0.038645,-0.18869,2.15713,-3.0477,1.89287,0.182051,0.912763,0.052165
1731576,0.98,-2.75261,-1.32534,1.01105,-1.94698,1.10108,1.16772,2.20139,-2.75266,-1.32422,1.00895,-1.94565,1.10136,1.16858,2.20139,0.000823026,-0.00112511,-0.000259553,-0.000952003,-0.000345314,-0.000172151,-0.000691663,0,0,0,0,0,0,0,-0.204456,26.766,-24.6374,7.49881,0.836199,2.50601,0.0587866,-0.188383,2.15683,-3.0465,1.89236,0.181982,0.912608,0.0518605
1731577,0.98,-2.75261,-1.32534,1.01105,-1.94698,1.10108,1.16772,2.20138,-2.75266,-1.32422,1.00895,-1.94565,1.10136,1.16858,2.20139,0.000548684,0.00110597,0.000383777,-0.000634669,0.000617501,-0.000114767,-0.000698467,0,0,0,0,0,0,0,-0.204456,26.6867,-24.6612,7.49881,0.81331,2.50601,0.0651953,-0.188704,2.15732,-3.04627,1.89194,0.181931,0.912576,0.0515685
1731578,0.98,-2.75261,-1.32534,1.01105,-1.94698,1.10108,1.16771,2.20139,-2.75266,-1.32422,1.00895,-1.94565,1.10136,1.16858,2.20139,0.000365789,8.76983e-05,0.000255851,0.000783313,-0.000436043,0.000160847,9.07293e-06,0,0,0,0,0,0,0,-0.204456,26.7144,-24.6612,7.44724,0.836199,2.4996,0.0523779,-0.18949,2.15754,-3.04614,1.89153,0.181865,0.912602,0.0513131
1731579,0.98,-2.75261,-1.32534,1.01104,-1.94698,1.10108,1.16771,2.20139,-2.75266,-1.32422,1.00895,-1.94565,1.10136,1.16858,2.20139,-0.000405755,5.84655e-05,-0.00214948,0.000522209,0.000319656,0.000107232,6.04862e-06,0,0,0,0,0,0,0,-0.176685,26.7144,-24.562,7.44724,0.819719,2.4996,0.0523779,-0.190472,2.15711,-3.04506,1.89071,0.181755,0.912551,0.0511073
1731580,0.98,-2.75261,-1.32534,1.01105,-1.94698,1.10108,1.16772,2.20138,-2.75266,-1.32422,1.00895,-1.94565,1.10136,1.16858,2.20139,-0.000827315,3.8977e-05,-0.000226562,-0.000858287,9.6537e-06,0.000308847,-0.00118276,0,0,0,0,0,0,0,-0.152882,26.7144,-24.6136,7.49881,0.825212,2.49319,0.0844213,-0.190298,2.15547,-3.04239,1.89031,0.181686,0.912359,0.0509498
1731581,0.98,-2.75261,-1.32534,1.01105,-1.94698,1.10108,1.16772,2.20138,-2.75266,-1.32422,1.00895,-1.94565,1.10136,1.16858,2.20139,5.26865e-06,2.59847e-05,-0.000151042,7.74229e-05,-0.000197015,0.000205898,-0.00031379,0,0,0,0,0,0,0,-0.176685,26.7144,-24.6136,7.47104,0.830705,2.49319,0.071604,-0.188309,2.15315,-3.03966,1.89104,0.181713,0.912149,0.0508499
1731582,0.98,-2.75261,-1.32534,1.01105,-1.94698,1.10108,1.16771,2.20139,-2.75266,-1.32422,1.00895,-1.94565,1.10136,1.16858,2.20139,0.000653126,-0.0011891,0.00101293,5.16153e-05,7.21074e-05,-0.000574812,0.000265524,0,0,0,0,0,0,0,-0.204456,26.766,-24.6612,7.47104,0.825212,2.51242,0.0587866,-0.18701,2.15261,-3.03881,1.89144,0.181727,0.912066,0.0508253
1731583,0.98,-2.75261,-1.32534,1.01105,-1.94698,1.10108,1.16771,2.20139,-2.75266,-1.32422,1.00895,-1.94565,1.10136,1.16858,2.20139,0.000435418,-0.000143121,0.000118474,0.000591222,-0.000155379,-0.000145849,0.000923001,0,0,0,0,0,0,0,-0.204456,26.7383,-24.6374,7.44724,0.830705,2.50601,0.038645,-0.18815,2.1549,-3.04003,1.89036,0.181645,0.912131,0.0508749
1731584,0.98,-2.75261,-1.32534,1.01105,-1.94698,1.10108,1.16771,2.20138,-2.75266,-1.32422,1.00895,-1.94565,1.10136,1.16858,2.20139,0.000290278,-9.54142e-05,0.000635795,-0.000162664,9.98646e-05,0.000140126,-0.00108009,0,0,0,0,0,0,0,-0.204456,26.7383,-24.6612,7.47104,0.825212,2.4996,0.0844213,-0.190481,2.15818,-3.04195,1.88857,0.181512,0.912258,0.0509726
1731585,0.98,-2.75261,-1.32534,1.01105,-1.94698,1.10108,1.16772,2.20138,-2.75266,-1.32422,1.00895,-1.94565,1.10136,1.16858,2.20139,-0.000456095,0.00114282,-0.000132949,0.00100518,6.65764e-05,0.000330777,-7.98097e-06,0,0,0,0,0,0,0,-0.176685,26.6867,-24.6374,7.42344,0.825212,2.49319,0.0651953,-0.192016,2.16018,-3.04314,1.8872,0.181393,0.912341,0.0511004
1731586,0.98,-2.75261,-1.32534,1.01105,-1.94698,1.10108,1.16771,2.20138,-2.75266,-1.32422,1.00895,-1.94565,1.10136,1.16858,2.20139,0.000345551,0.000761878,-0.000645444,-0.000443503,4.43842e-05,-0.0002542,-0.000480039,0,0,0,0,0,0,0,-0.204456,26.6867,-24.6136,7.47104,0.825212,2.50601,0.0780126,-0.192049,2.15969,-3.04255,1.8867,0.181312,0.912307,0.051267
1731587,0.98,-2.75261,-1.32534,1.01105,-1.94698,1.10108,1.16771,2.20139,-2.75266,-1.32422,1.00895,-1.94565,1.10136,1.16858,2.20139,-0.000419247,-0.000698507,0.000126516,-0.000295669,-0.000173861,-0.000169467,0.000866769,0,0,0,0,0,0,0,-0.176685,26.7383,-24.6374,7.47104,0.830705,2.50601,0.0459692,-0.191088,2.15779,-3.04076,1.887,0.181292,0.912205,0.051479
1731588,0.98,-2.75261,-1.32534,1.01105,-1.94698,1.10108,1.16772,2.20138,-2.75266,-1.32422,1.00895,-1.94565,1.10136,1.16858,2.20139,-0.000279498,9.11403e-05,-0.000472468,0.000359699,0.000290994,0.00036174,-0.00155838,0,0,0,0,0,0,0,-0.176685,26.7144,-24.6136,7.44724,0.819719,2.49319,0.103647,-0.189696,2.15632,-3.03925,1.8876,0.181324,0.912114,0.0517246
1731589,0.98,-2.75261,-1.32534,1.01105,-1.94698,1.10108,1.16772,2.20138,-2.75266,-1.32422,1.00895,-1.94565,1.10136,1.16858,2.20139,0.000463282,-0.000496052,0.000798645,0.000796612,-0.000212905,-0.000233558,-0.00103892,0,0,0,0,0,0,0,-0.204456,26.7383,-24.6612,7.42344,0.830705,2.50601,0.103647,-0.188994,2.15602,-3.03842,1.88755,0.181322,0.91205,0.0519985
1731590,0.98,-2.75261,-1.32534,1.01105,-1.94698,1.10108,1.16772,2.20139,-2.75266,-1.32422,1.00895,-1.94565,1.10136,1.16858,2.20139,-0.000340759,0.000226111,0.00118204,-0.000582549,6.15137e-05,8.16537e-05,0.000731538,0,0,0,0,0,0,0,-0.176685,26.7144,-24.689,7.47104,0.825212,2.4996,0.0651953,-0.189148,2.15704,-3.03895,1.88688,0.181277,0.912075,0.0523326
1731591,0.98,-2.75261,-1.32534,1.01105,-1.94698,1.10108,1.16772,2.20138,-2.75266,-1.32422,1.00895,-1.94565,1.10136,1.16858,2.20139,0.000422441,-0.000406071,0.000138415,-0.00103798,-0.000569342,0.000291795,-0.000699102,0,0,0,0,0,0,0,-0.204456,26.7383,-24.6612,7.49881,0.841692,2.49319,0.0972387,-0.188754,2.15835,-3.04057,1.88685,0.18129,0.91219,0.0527483
1731592,0.98,-2.75261,-1.32534,1.01105,-1.94698,1.10108,1.16772,2.20139,-2.75266,-1.32422,1.00895,-1.94565,1.10136,1.16858,2.20139,-0.000367987,0.000935712,0.000741891,-4.23729e-05,2.73394e-05,0.000431889,0.000483367,0,0,0,0,0,0,0,-0.176685,26.6867,-24.689,7.47104,0.830705,2.48678,0.071604,-0.187467,2.1588,-3.04193,1.88773,0.181382,0.9123,0.0532303
1731593,0.98,-2.75261,-1.32534,1.01104,-1.94698,1.10108,1.16772,2.20138,-2.75266,-1.32422,1.00895,-1.94565,1.10136,1.16858,2.20139,0.000961102,-0.000582618,-0.00191826,0.00108538,0.000221677,-0.000186792,-0.000152473,0,0,0,0,0,0,0,-0.22826,26.7383,-24.5858,7.42344,0.825212,2.4996,0.0844213,-0.186893,2.15838,-3.04174,1.88811,0.181438,0.912286,0.0537608
1731594,0.98,-2.75261,-1.32534,1.01105,-1.94698,1.10108,1.16772,2.20138,-2.75266,-1.32422,1.00895,-1.94565,1.10136,1.16858,2.20139,-0.000565692,0.0001684,0.000484399,-0.00039004,0.000147785,0.000112831,-0.000101649,0,0,0,0,0,0,0,-0.176685,26.7144,-24.6612,7.47104,0.825212,2.49319,0.0844213,-0.187844,2.15773,-3.03984,1.88733,0.181417,0.912123,0.0543225
1731595,0.98,-2.75261,-1.32534,1.01105,-1.94698,1.10108,1.16772,2.20138,-2.75266,-1.32422,1.00895,-1.94565,1.10136,1.16858,2.20139,-0.000377128,-0.000444545,-0.000790691,0.000296785,0.000301974,7.52206e-05,-0.000542484,0,0,0,0,0,0,0,-0.176685,26.7383,-24.6136,7.44724,0.819719,2.49319,0.0972387,-0.188378,2.15697,-3.0377,1.88665,0.181415,0.911905,0.0549091
1731596,0.98,-2.75261,-1.32534,1.01105,-1.94698,1.10108,1.16772,2.20139,-2.75266,-1.32422,1.00895,-1.94565,1.10136,1.16858,2.20139,-0.000251418,0.000260448,2.96846e-05,-0.00100857,-2.13483e-06,5.01471e-05,0.000825139,0,0,0,0,0,0,0,-0.176685,26.7144,-24.6374,7.49881,0.825212,2.49319,0.0651953,-0.187478,2.15578,-3.0358,1.88686,0.18148,0.911675,0.0555249
1731597,0.98,-2.75261,-1.32534,1.01104,-1.94698,1.10108,1.16772,2.20138,-2.75266,-1.32422,1.00895,-1.94565,1.10136,1.16858,2.20139,0.000482002,0.000173632,1.97897e-05,-2.27655e-05,0.000202027,-0.000203928,7.53748e-05,0,0,0,0,0,0,0,-0.204456,26.7144,-24.6374,7.47104,0.819719,2.4996,0.0780126,-0.186131,2.1543,-3.03406,1.8876,0.181569,0.911463,0.0561647
1731598,0.98,-2.75261,-1.32534,1.01105,-1.94698,1.10108,1.16772,2.20138,-2.75266,-1.32422,1.00895,-1.94565,1.10136,1.16858,2.20139,-0.00032828,-0.000441057,1.31931e-05,0.000541635,-0.000475667,0.000101407,-0.000661827,0,0,0,0,0,0,0,-0.176685,26.7383,-24.6374,7.44724,0.836199,2.49319,0.0972387,-0.185503,2.1534,-3.03286,1.88797,0.18161,0.911291,0.0568049
1731599,0.98,-2.75261,-1.32534,1.01105,-1.94698,1.10108,1.16772,2.20138,-2.75266,-1.32422,1.00895,-1.94565,1.10136,1.16858,2.20139,-0.00142528,-0.000294038,0.00121522,-0.000195722,-0.000113661,6.76048e-05,0.000270859,0,0,0,0,0,0,0,-0.125111,26.7383,-24.689,7.47104,0.830705,2.49319,0.0780126,-0.184687,2.15353,-3.0329,1.88809,0.181632,0.911156,0.0574377
1731600,0.98,-2.75261,-1.32534,1.01104,-1.94698,1.10108,1.16772,2.20139,-2.75266,-1.32422,1.00895,-1.94565,1.10136,1.16858,2.20139,0.000905854,-0.000845639,-0.0016027,0.000426331,0.000127677,-0.000192289,0.000892649,0,0,0,0,0,0,0,-0.204456,26.766,-24.5858,7.44724,0.825212,2.4996,0.0587866,-0.183503,2.15433,-3.03364,1.88819,0.181666,0.911031,0.0580705
1731601,0.98,-2.75261,-1.32534,1.01104,-1.94698,1.10108,1.16772,2.20139,-2.75266,-1.32422,1.00895,-1.94565,1.10136,1.16858,2.20139,-0.000602523,0.000642666,0.000137956,-0.000272592,8.51179e-05,0.000346525,0.0005951,0,0,0,0,0,0,0,-0.152882,26.7144,-24.6374,7.47104,0.825212,2.48678,0.0587866,-0.183392,2.15496,-3.03323,1.88774,0.181661,0.910846,0.0586884
1731602,0.99,-2.75261,-1.32534,1.01105,-1.94698,1.10108,1.16771,2.20138,-2.75266,-1.32422,1.00895,-1.94565,1.10136,1.16858,2.20139,-0.000401682,0.00107806,0.0012984,0.000375084,-0.000146705,-0.000243701,-0.000552703,0,0,0,0,0,0,0,-0.152882,26.6867,-24.689,7.44724,0.830705,2.4996,0.0844213,-0.18278,2.15441,-3.03226,1.88768,0.181661,0.910642,0.0592676
1731603,1,-2.75261,-1.32534,1.01104,-1.94698,1.10108,1.16772,2.20138,-2.75266,-1.32422,1.00895,-1.94565,1.10136,1.16858,2.20139,-0.000267788,6.90915e-05,-0.00089764,-0.000306756,0.000105647,-0.000162467,-0.00013111,0,0,0,0,0,0,0,-0.152882,26.7144,-24.6136,7.47104,0.825212,2.4996,0.0780126,-0.180887,2.15284,-3.03158,1.8884,0.181692,0.910466,0.0597992
1731604,1,-2.75261,-1.32534,1.01105,-1.94698,1.10108,1.16772,2.20139,-2.75266,-1.32422,1.00895,-1.94565,1.10136,1.16858,2.20139,0.0010279,0.000695675,-4.16147e-05,-0.000854118,-0.000133019,-0.000108312,0.00062467,0,0,0,0,0,0,0,-0.204456,26.6867,-24.6374,7.49881,0.830705,2.4996,0.0587866,-0.179422,2.15083,-3.0302,1.88917,0.181725,0.910283,0.0602915
1731605,1,-2.75261,-1.32534,1.01105,-1.94698,1.10108,1.16772,2.20139,-2.75266,-1.32422,1.00895,-1.94565,1.10136,1.16858,2.20139,3.5653e-05,-0.000185831,0.000529069,8.02021e-05,0.000318222,0.000165151,0.000891165,0,0,0,0,0,0,0,-0.176685,26.7144,-24.6612,7.47104,0.819719,2.49319,0.0459692,-0.179287,2.14927,-3.02866,1.88952,0.181734,0.910137,0.0607485
1731606,1,-2.75261,-1.32534,1.01105,-1.94698,1.10108,1.16772,2.20139,-2.75266,-1.32422,1.00895,-1.94565,1.10136,1.16858,2.20139,2.37687e-05,-0.000680699,-0.000760911,0.00061028,-0.000194753,-0.000364617,0.000119392,0,0,0,0,0,0,0,-0.176685,26.7383,-24.6136,7.44724,0.830705,2.50601,0.0587866,-0.180386,2.14919,-3.02787,1.88898,0.181689,0.910035,0.0611495
1731607,1,-2.75261,-1.32534,1.01105,-1.94698,1.10108,1.16772,2.20139,-2.75266,-1.32422,1.00895,-1.94565,1.10136,1.16858,2.20139,1.58458e-05,0.000752627,0.00060635,0.000406853,-0.000129836,-5.71911e-06,-0.000395123,0,0,0,0,0,0,0,-0.176685,26.6867,-24.6612,7.44724,0.830705,2.4996,0.071604,-0.182086,2.15003,-3.02737,1.88767,0.181596,0.909923,0.061475
1731608,1,-2.75261,-1.32534,1.01105,-1.94698,1.10108,1.16772,2.20139,-2.75266,-1.32422,1.00895,-1.94565,1.10136,1.16858,2.20139,-0.000546248,-0.000147863,-0.000152579,-0.000285576,-0.000290008,-3.81274e-06,0.00119465,0,0,0,0,0,0,0,-0.152882,26.7144,-24.6374,7.47104,0.836199,2.4996,0.0322363,-0.18305,2.15051,-3.02697,1.88662,0.181522,0.909815,0.0617341
1731609,1,-2.75261,-1.32534,1.01105,-1.94698,1.10108,1.16772,2.20139,-2.75266,-1.32422,1.00895,-1.94565,1.10136,1.16858,2.20139,0.00139907,-9.85753e-05,-0.000101719,-0.000190384,0.000417013,0.000234817,-0.000424272,0,0,0,0,0,0,0,-0.22826,26.7144,-24.6374,7.47104,0.819719,2.49319,0.0651953,-0.183668,2.1508,-3.02664,1.88593,0.181485,0.909734,0.0619319
1731610,1,-2.75261,-1.32534,1.01105,-1.94698,1.10108,1.16772,2.20139,-2.75266,-1.32422,1.00895,-1.94565,1.10136,1.16858,2.20139,0.000932715,-0.000622529,-0.000624625,0.000429889,-0.000128892,0.000156545,0.000700496,0,0,0,0,0,0,0,-0.22826,26.7383,-24.6136,7.44724,0.830705,2.49319,0.038645,-0.186285,2.15197,-3.02606,1.88431,0.181395,0.909677,0.0620574
1731611,1,-2.75261,-1.32534,1.01105,-1.94698,1.10108,1.16772,2.20138,-2.75266,-1.32422,1.00895,-1.94565,1.10136,1.16858,2.20139,6.4998e-05,-0.00106463,0.000140395,-0.000919833,0.000558332,-0.000132996,-0.000991065,0,0,0,0,0,0,0,-0.204456,26.766,-24.6374,7.49881,0.81331,2.4996,0.0780126,-0.190291,2.15422,-3.02562,1.88199,0.18127,0.909643,0.0621127
1731612,1,-2.75261,-1.32534,1.01105,-1.94698,1.10108,1.16771,2.20139,-2.75266,-1.32422,1.00895,-1.94565,1.10136,1.16858,2.20139,-0.000606282,-6.01415e-05,-0.000463215,0.000593204,-0.000272039,-0.000326023,0.000288726,0,0,0,0,0,0,0,-0.176685,26.7383,-24.6136,7.44724,0.830705,2.50601,0.0523779,-0.192889,2.15646,-3.02563,1.88047,0.181211,0.909614,0.0621171
1731613,1,-2.75261,-1.32534,1.01105,-1.94698,1.10108,1.16772,2.20139,-2.75266,-1.32422,1.00895,-1.94565,1.10136,1.16858,2.20139,0.000245426,0.000516718,0.000804814,-0.000161343,0.000225542,0.000494728,0.00141319,0,0,0,0,0,0,0,-0.204456,26.7144,-24.6612,7.47104,0.819719,2.48678,0.0194189,-0.193411,2.15757,-3.02568,1.88001,0.181205,0.909562,0.0620947
1731614,1,-2.75261,-1.32534,1.01104,-1.94698,1.10108,1.16772,2.20139,-2.75266,-1.32422,1.00895,-1.94565,1.10136,1.16858,2.20139,-0.000485997,-0.000212334,-0.000577081,-0.000107562,0.000150361,-0.000144899,0.000230048,0,0,0,0,0,0,0,-0.176685,26.7383,-24.6136,7.47104,0.819719,2.4996,0.038645,-0.192609,2.15751,-3.02555,1.88029,0.181221,0.909491,0.0620396
1731615,1,-2.75261,-1.32534,1.01104,-1.94698,1.10108,1.16772,2.20139,-2.75266,-1.32422,1.00895,-1.94565,1.10136,1.16858,2.20139,-0.000323998,-0.000141556,-0.000384721,-7.17079e-05,-0.00010321,-9.65993e-05,0.000865442,0,0,0,0,0,0,0,-0.176685,26.7383,-24.6136,7.47104,0.825212,2.4996,0.0194189,-0.190886,2.15666,-3.02494,1.88115,0.181261,0.909382,0.0619196
1731616,1,-2.75261,-1.32534,1.01105,-1.94697,1.10108,1.16771,2.20139,-2.75266,-1.32422,1.00895,-1.94565,1.10136,1.16858,2.20139,-0.000215998,0.000462441,0.000300331,0.00162263,-0.000475708,-0.000539117,-0.000643742,0,0,0,0,0,0,0,-0.176685,26.7144,-24.6374,7.39963,0.836199,2.51242,0.0523779,-0.189124,2.1556,-3.02392,1.88182,0.181269,0.909235,0.0617162
1731617,1,-2.75261,-1.32534,1.01105,-1.94698,1.10108,1.16771,2.20139,-2.75266,-1.32422,1.00895,-1.94565,1.10136,1.16858,2.20139,0.000505615,-0.000248518,0.00140665,-3.18702e-05,-0.000113688,0.000115306,0.000554183,0,0,0,0,0,0,0,-0.204456,26.7383,-24.689,7.44724,0.830705,2.4996,0.0258276,-0.188489,2.15549,-3.02378,1.88153,0.181193,0.909155,0.0614324
1731618,1,-2.75261,-1.32534,1.01105,-1.94698,1.10108,1.16771,2.20139,-2.75266,-1.32422,1.00895,-1.94565,1.10136,1.16858,2.20139,-0.000312537,0.000391134,-0.000268661,-0.00122767,0.000331109,7.68708e-05,0.000369455,0,0,0,0,0,0,0,-0.176685,26.7144,-24.6374,7.49881,0.819719,2.4996,0.0258276,-0.188142,2.156,-3.02469,1.88131,0.181131,0.909189,0.0610859
1731619,1,-2.75261,-1.32534,1.01105,-1.94698,1.10108,1.16771,2.20139,-2.75266,-1.32422,1.00895,-1.94565,1.10136,1.16858,2.20139,0.000441256,-0.00150248,-0.000179108,-0.000168835,-0.000186162,-0.000186112,0.000246304,0,0,0,0,0,0,0,-0.204456,26.7898,-24.6374,7.47104,0.830705,2.50601,0.0258276,-0.187341,2.15636,-3.02548,1.88187,0.181157,0.909262,0.0606804
1731620,1,-2.75261,-1.32534,1.01105,-1.94698,1.10108,1.16772,2.20139,-2.75266,-1.32422,1.00895,-1.94565,1.10136,1.16858,2.20139,-0.000912255,0.000204771,0.000437407,-0.000112556,7.93428e-05,0.000350643,-0.000581783,0,0,0,0,0,0,0,-0.152882,26.7383,-24.6612,7.47104,0.825212,2.49319,0.0459692,-0.186579,2.1571,-3.02612,1.88248,0.181213,0.90933,0.06021
1731621,1,-2.75261,-1.32534,1.01104,-1.94698,1.10108,1.16772,2.20139,-2.75266,-1.32422,1.00895,-1.94565,1.10136,1.16858,2.20139,-0.00060817,-0.0005131,-0.000822019,-0.000724652,5.28952e-05,0.000233762,-0.000387855,0,0,0,0,0,0,0,-0.152882,26.766,-24.6136,7.49881,0.825212,2.49319,0.0459692,-0.184795,2.15738,-3.02644,1.88356,0.181309,0.909356,0.05969
1731622,1,-2.75261,-1.32534,1.01105,-1.94698,1.10108,1.16771,2.20139,-2.75266,-1.32422,1.00895,-1.94565,1.10136,1.16858,2.20139,0.00135779,0.00151397,0.000565611,0.000166513,3.52635e-05,-8.15174e-05,1.26972e-05,0,0,0,0,0,0,0,-0.22826,26.6867,-24.6612,7.47104,0.825212,2.4996,0.038645,-0.182725,2.15639,-3.02566,1.88493,0.181405,0.909323,0.0591502
1731623,1,-2.75261,-1.32534,1.01105,-1.94698,1.10108,1.16771,2.20139,-2.75266,-1.32422,1.00895,-1.94565,1.10136,1.16858,2.20139,-0.000301232,0.000359702,0.000377074,0.000111009,-0.000383392,-0.000529063,-0.000262803,0,0,0,0,0,0,0,-0.176685,26.7144,-24.6612,7.47104,0.836199,2.51242,0.0459692,-0.182093,2.15489,-3.02432,1.88564,0.18141,0.909293,0.0586139
1731624,1,-2.75261,-1.32534,1.01105,-1.94698,1.10108,1.16772,2.20139,-2.75266,-1.32422,1.00895,-1.94565,1.10136,1.16858,2.20139,0.000448793,0.000889415,-0.000305429,7.40058e-05,-5.21442e-05,0.000122009,9.60657e-05,0,0,0,0,0,0,0,-0.204456,26.6867,-24.6374,7.47104,0.830705,2.4996,0.038645,-0.182086,2.15315,-3.02288,1.88597,0.181366,0.909267,0.0580908
1731625,1,-2.75261,-1.32534,1.01105,-1.94698,1.10108,1.16772,2.20139,-2.75266,-1.32422,1.00895,-1.94565,1.10136,1.16858,2.20139,-0.000907231,-0.000613483,0.000353192,4.93372e-05,-3.47628e-05,0.000318698,6.40438e-05,0,0,0,0,0,0,0,-0.152882,26.7383,-24.6612,7.47104,0.830705,2.49319,0.038645,-0.181814,2.15151,-3.02149,1.88628,0.181341,0.909224,0.0575833
1731626,1,-2.75261,-1.32534,1.01105,-1.94698,1.10108,1.16771,2.20139,-2.75266,-1.32422,1.00895,-1.94565,1.10136,1.16858,2.20139,0.000601605,0.000147824,0.000235462,-0.000616722,0.000180275,-2.48933e-05,0.000517414,0,0,0,0,0,0,0,-0.204456,26.7144,-24.6612,7.49881,0.825212,2.4996,0.0258276,-0.181295,2.15076,-3.02091,1.88663,0.181356,0.909207,0.05709
1731627,1,-2.75261,-1.32534,1.01105,-1.94698,1.10108,1.16772,2.20139,-2.75266,-1.32422,1.00895,-1.94565,1.10136,1.16858,2.20139,-0.000805356,-0.000458263,-0.000399838,-0.000411148,0.000120184,-0.000253954,-0.000401043,0,0,0,0,0,0,0,-0.152882,26.7383,-24.6374,7.49881,0.825212,2.50601,0.0459692,-0.180645,2.15065,-3.02091,1.88718,0.181413,0.90922,0.0566036
1731628,1,-2.75261,-1.32534,1.01104,-1.94698,1.10108,1.16772,2.20138,-2.75266,-1.32422,1.00895,-1.94565,1.10136,1.16858,2.20139,0.00122633,0.000251303,-0.000266558,-0.000830911,8.01224e-05,0.000305415,-0.00192887,0,0,0,0,0,0,0,-0.22826,26.7144,-24.6374,7.52262,0.825212,2.49319,0.09083,-0.180201,2.15051,-3.02056,1.88787,0.181488,0.909226,0.056119
1731629,1,-2.75261,-1.32534,1.01105,-1.94698,1.10108,1.16771,2.20139,-2.75266,-1.32422,1.00895,-1.94565,1.10136,1.16858,2.20139,0.000260744,-0.000389276,0.00102872,0.0012093,-0.000150036,-0.000271108,0.000646864,0,0,0,0,0,0,0,-0.204456,26.7383,-24.689,7.44724,0.830705,2.50601,0.038645,-0.181359,2.15115,-3.02037,1.88772,0.181488,0.909259,0.0556621
1731630,1,-2.75261,-1.32534,1.01105,-1.94698,1.10108,1.16771,2.20139,-2.75266,-1.32422,1.00895,-1.94565,1.10136,1.16858,2.20139,-0.000475785,0.000297294,3.61996e-05,0.000806198,-0.000100024,5.66203e-05,-0.000314743,0,0,0,0,0,0,0,-0.176685,26.7144,-24.6612,7.44724,0.830705,2.4996,0.0587866,-0.183862,2.15299,-3.02107,1.88634,0.181385,0.90932,0.0552691
1731631,1,-2.75261,-1.32534,1.01105,-1.94698,1.10108,1.16771,2.20139,-2.75266,-1.32422,1.00895,-1.94565,1.10136,1.16858,2.20139,-0.00031719,0.00084781,0.00123056,0.000537465,0.000340219,3.77469e-05,0.000536157,0,0,0,0,0,0,0,-0.176685,26.6867,-24.7128,7.44724,0.819719,2.4996,0.038645,-0.185473,2.15449,-3.02218,1.88499,0.181268,0.909358,0.0549441
1731632,1,-2.75261,-1.32534,1.01105,-1.94698,1.10108,1.16771,2.20138,-2.75266,-1.32422,1.00895,-1.94565,1.10136,1.16858,2.20139,-0.00021146,-8.44072e-05,-0.000386053,-0.000198502,2.33618e-05,2.51646e-05,-0.0018127,0,0,0,0,0,0,0,-0.176685,26.7144,-24.6612,7.47104,0.825212,2.4996,0.0972387,-0.185571,2.15484,-3.02317,1.88447,0.181203,0.909375,0.0546725
1731633,1,-2.75261,-1.32534,1.01105,-1.94698,1.10108,1.16772,2.20138,-2.75266,-1.32422,1.00895,-1.94565,1.10136,1.16858,2.20139,-0.000140973,-5.62714e-05,-0.000814181,-0.000781948,-0.000187876,0.000254135,-0.000971108,0,0,0,0,0,0,0,-0.176685,26.7144,-24.6374,7.49881,0.830705,2.49319,0.09083,-0.184737,2.15415,-3.02325,1.88482,0.181211,0.909346,0.0544557
1731634,1,-2.75261,-1.32534,1.01105,-1.94698,1.10108,1.16772,2.20138,-2.75266,-1.32422,1.00895,-1.94565,1.10136,1.16858,2.20139,-9.39821e-05,-3.75143e-05,0.000663639,-0.000521299,-0.000328701,0.000169424,-0.000884765,0,0,0,0,0,0,0,-0.176685,26.7144,-24.689,7.49881,0.836199,2.49319,0.0972387,-0.183325,2.15287,-3.0226,1.88593,0.181294,0.909286,0.0543287
1731635,1,-2.75261,-1.32534,1.01105,-1.94698,1.10108,1.16772,2.20138,-2.75266,-1.32422,1.00895,-1.94565,1.10136,1.16858,2.20139,-6.26548e-05,-2.50095e-05,0.000999238,0.000302081,0.000187767,-0.000599128,-0.000115125,0,0,0,0,0,0,0,-0.176685,26.7144,-24.7128,7.47104,0.825212,2.51242,0.0844213,-0.181968,2.15223,-3.02293,1.88714,0.181393,0.909289,0.0543283
1731636,1,-2.75261,-1.32534,1.01105,-1.94698,1.10108,1.16772,2.20138,-2.75266,-1.32422,1.00895,-1.94565,1.10136,1.16858,2.20139,-0.000598582,-0.000573485,-0.00109708,0.000201388,0.000125178,7.52994e-05,0.000160609,0,0,0,0,0,0,0,-0.152882,26.7383,-24.6374,7.47104,0.825212,2.4996,0.0780126,-0.181158,2.15246,-3.02402,1.8878,0.181461,0.909319,0.0544602
1731637,1,-2.75261,-1.32534,1.01105,-1.94698,1.10108,1.16771,2.20138,-2.75266,-1.32422,1.00895,-1.94565,1.10136,1.16858,2.20139,0.000157757,0.000174489,-0.000731386,0.00124788,8.3452e-05,-0.000187159,-0.000842363,0,0,0,0,0,0,0,-0.176685,26.7144,-24.6374,7.42344,0.825212,2.50601,0.103647,-0.181188,2.15261,-3.02395,1.8876,0.181467,0.909247,0.0547044
1731638,1,-2.75261,-1.32534,1.01105,-1.94698,1.10108,1.16772,2.20138,-2.75266,-1.32422,1.00895,-1.94565,1.10136,1.16858,2.20139,0.000754786,-0.000440486,6.92211e-05,0.000831922,-0.000147816,0.000112586,0.000150501,0,0,0,0,0,0,0,-0.204456,26.7383,-24.6612,7.42344,0.830705,2.4996,0.0844213,-0.183071,2.15302,-3.02283,1.88598,0.181362,0.909112,0.0550431
1731639,1,-2.75261,-1.32534,1.01105,-1.94698,1.10108,1.16771,2.20138,-2.75266,-1.32422,1.00895,-1.94565,1.10136,1.16858,2.20139,-0.000703236,0.000912768,-0.000510665,-0.00055901,-0.000301994,-0.000162302,-0.000374384,0,0,0,0,0,0,0,-0.152882,26.6867,-24.6374,7.47104,0.836199,2.50601,0.0972387,-0.185529,2.15339,-3.02161,1.88404,0.181229,0.909002,0.055475
1731640,1,-2.75261,-1.32534,1.01105,-1.94698,1.10108,1.16772,2.20138,-2.75266,-1.32422,1.00895,-1.94565,1.10136,1.16858,2.20139,8.79883e-05,-0.000597914,-0.000340443,-0.00102229,0.000205571,-0.000108201,0.000699847,0,0,0,0,0,0,0,-0.176685,26.7383,-24.6374,7.49881,0.825212,2.50601,0.071604,-0.185879,2.1524,-3.02024,1.88376,0.181228,0.908921,0.0559943
1731641,1,-2.75261,-1.32534,1.01105,-1.94698,1.10108,1.16772,2.20138,-2.75266,-1.32422,1.00895,-1.94565,1.10136,1.16858,2.20139,0.00126508,0.000807817,-0.000226962,-0.000681525,-6.64029e-05,0.000165225,-8.15344e-06,0,0,0,0,0,0,0,-0.22826,26.6867,-24.6374,7.49881,0.830705,2.4996,0.0844213,-0.185338,2.15077,-3.01886,1.88457,0.181323,0.9089,0.0565778
1731642,1,-2.75261,-1.32534,1.01105,-1.94698,1.10108,1.16772,2.20138,-2.75266,-1.32422,1.00895,-1.94565,1.10136,1.16858,2.20139,-0.000919848,-0.000111069,0.00105512,-0.00101116,0.000159182,-0.000127209,-0.000242795,0,0,0,0,0,0,0,-0.152882,26.7144,-24.689,7.52262,0.825212,2.50601,0.09083,-0.1848,2.14935,-3.0182,1.88578,0.181447,0.908976,0.0571975
1731643,1,-2.75261,-1.32534,1.01105,-1.94698,1.10108,1.16772,2.20138,-2.75266,-1.32422,1.00895,-1.94565,1.10136,1.16858,2.20139,0.000593194,-7.40463e-05,0.000703412,0.000532318,0.000106121,0.000152553,0.000550214,0,0,0,0,0,0,0,-0.204456,26.7144,-24.689,7.47104,0.825212,2.4996,0.071604,-0.183651,2.14875,-3.01922,1.88724,0.181584,0.90915,0.0578373
1731644,1,-2.75261,-1.32534,1.01105,-1.94698,1.10108,1.16772,2.20139,-2.75266,-1.32422,1.00895,-1.94565,1.10136,1.16858,2.20139,-0.000254151,0.00060025,-0.000180673,0.000911691,0.000274198,0.000101702,0.000604168,0,0,0,0,0,0,0,-0.176685,26.6867,-24.6612,7.44724,0.819719,2.4996,0.0651953,-0.183265,2.14915,-3.02101,1.88774,0.181637,0.909334,0.0584832
1731645,1,-2.75261,-1.32534,1.01105,-1.94698,1.10108,1.16772,2.20139,-2.75266,-1.32422,1.00895,-1.94565,1.10136,1.16858,2.20139,-0.000169434,-0.00145587,-0.000120448,5.09818e-05,-0.000224102,6.78013e-05,0.000877497,0,0,0,0,0,0,0,-0.176685,26.766,-24.6612,7.47104,0.830705,2.4996,0.0523779,-0.18391,2.15005,-3.02235,1.88713,0.181599,0.909442,0.0591093
1731646,1,-2.75261,-1.32534,1.01105,-1.94698,1.10108,1.16772,2.20138,-2.75266,-1.32422,1.00895,-1.94565,1.10136,1.16858,2.20139,-0.000669768,0.000235844,-8.0299e-05,3.39879e-05,-0.000149402,-0.000192158,-0.000601797,0,0,0,0,0,0,0,-0.152882,26.7144,-24.6612,7.47104,0.830705,2.50601,0.0844213,-0.184309,2.15132,-3.02354,1.88647,0.181569,0.909504,0.0596866
1731647,1,-2.75261,-1.32534,1.01105,-1.94698,1.10108,1.16772,2.20139,-2.75266,-1.32422,1.00895,-1.94565,1.10136,1.16858,2.20139,0.00131673,-0.000399583,0.000596081,2.26586e-05,-9.9601e-05,0.000109254,0.00176894,0,0,0,0,0,0,0,-0.22826,26.7383,-24.689,7.47104,0.830705,2.4996,0.0258276,-0.184747,2.15268,-3.02477,1.8859,0.181548,0.909575,0.0602038
1731648,1,-2.75261,-1.32534,1.01105,-1.94698,1.10108,1.16771,2.20139,-2.75266,-1.32422,1.00895,-1.94565,1.10136,1.16858,2.20139,-0.000328609,-0.000266389,0.000397388,1.51057e-05,0.0003405,7.28357e-05,-4.14092e-05,0,0,0,0,0,0,0,-0.176685,26.7383,-24.689,7.47104,0.819719,2.4996,0.0587866,-0.186184,2.15447,-3.0263,1.88496,0.181495,0.909695,0.0606527
1731649,1,-2.75261,-1.32534,1.01105,-1.94698,1.10108,1.16772,2.20139,-2.75266,-1.32422,1.00895,-1.94565,1.10136,1.16858,2.20139,0.000987353,0.00102883,-0.000384689,0.000566882,2.35497e-05,0.000285916,0.000447112,0,0,0,0,0,0,0,-0.22826,26.6867,-24.6612,7.44724,0.825212,2.49319,0.0459692,-0.188054,2.15588,-3.02744,1.88386,0.181413,0.9098,0.061012
1731650,1,-2.75261,-1.32534,1.01104,-1.94698,1.10108,1.16771,2.20139,-2.75266,-1.32422,1.00895,-1.94565,1.10136,1.16858,2.20139,-0.00054819,-0.000520537,-0.00137008,0.000377922,-0.000187751,-0.000521466,0.000298075,0,0,0,0,0,0,0,-0.176685,26.7383,-24.6136,7.44724,0.830705,2.51242,0.0459692,-0.189761,2.15571,-3.02674,1.88282,0.181314,0.909781,0.061273
1731651,1,-2.75261,-1.32534,1.01105,-1.94698,1.10108,1.16772,2.20139,-2.75266,-1.32422,1.00895,-1.94565,1.10136,1.16858,2.20139,-0.00036546,0.000209787,0.000200235,-0.000954478,7.82834e-05,-0.000110285,-0.000276002,0,0,0,0,0,0,0,-0.176685,26.7144,-24.6612,7.49881,0.825212,2.50601,0.0587866,-0.190185,2.1543,-3.0249,1.88256,0.181275,0.909672,0.0614411
1731652,1,-2.75261,-1.32534,1.01105,-1.94698,1.10108,1.16772,2.20139,-2.75266,-1.32422,1.00895,-1.94565,1.10136,1.16858,2.20139,0.000405974,-0.000416954,0.00013349,-0.000636319,-0.000151262,0.000163836,0.0010367,0,0,0,0,0,0,0,-0.204456,26.7383,-24.6612,7.49881,0.830705,2.4996,0.0258276,-0.188953,2.15268,-3.0237,1.88355,0.181345,0.909618,0.0615281
1731653,1,-2.75261,-1.32534,1.01104,-1.94698,1.10108,1.16771,2.20139,-2.75266,-1.32422,1.00895,-1.94565,1.10136,1.16858,2.20139,-0.000378965,-0.000927583,-0.00102463,-0.000424213,0.000102609,0.000109224,-0.000529568,0,0,0,0,0,0,0,-0.176685,26.766,-24.6136,7.49881,0.825212,2.4996,0.0587866,-0.187582,2.15178,-3.02329,1.88487,0.181457,0.909634,0.0615376
1731654,1,-2.75261,-1.32534,1.01105,-1.94698,1.10108,1.16771,2.20139,-2.75266,-1.32422,1.00895,-1.94565,1.10136,1.16858,2.20139,0.000396971,0.000588037,0.000430537,0.000366806,-0.000135044,7.28158e-05,0.00039294,0,0,0,0,0,0,0,-0.204456,26.7144,-24.6612,7.47104,0.830705,2.4996,0.038645,-0.186746,2.15143,-3.02292,1.88582,0.181544,0.909649,0.0614694
1731655,1,-2.75261,-1.32534,1.01105,-1.94698,1.10108,1.16771,2.20139,-2.75266,-1.32422,1.00895,-1.94565,1.10136,1.16858,2.20139,-0.000384967,-0.000164787,0.000936639,0.000244537,-9.00295e-05,4.85439e-05,-0.000484025,0,0,0,0,0,0,0,-0.176685,26.7383,-24.689,7.47104,0.830705,2.4996,0.0587866,-0.1863,2.15146,-3.02317,1.88631,0.181578,0.909693,0.0613388
1731656,1,-2.75261,-1.32534,1.01105,-1.94698,1.10108,1.16771,2.20139,-2.75266,-1.32422,1.00895,-1.94565,1.10136,1.16858,2.20139,-0.000813456,-0.000109858,0.000624426,0.000163025,-6.00197e-05,3.23626e-05,-0.000322684,0,0,0,0,0,0,0,-0.152882,26.7383,-24.689,7.47104,0.830705,2.4996,0.0587866,-0.185393,2.15204,-3.02477,1.88679,0.181603,0.909797,0.0611643
1731657,1,-2.75261,-1.32534,1.01105,-1.94698,1.10108,1.16771,2.20139,-2.75266,-1.32422,1.00895,-1.94565,1.10136,1.16858,2.20139,0.000664122,-7.32387e-05,-0.00023333,0.000108683,-0.000243464,-0.000215784,0.000768222,0,0,0,0,0,0,0,-0.204456,26.7383,-24.6612,7.47104,0.836199,2.50601,0.0322363,-0.184244,2.15285,-3.02675,1.88727,0.181636,0.909906,0.0609644
1731658,1,-2.75261,-1.32534,1.01105,-1.94698,1.10108,1.16772,2.20139,-2.75266,-1.32422,1.00895,-1.94565,1.10136,1.16858,2.20139,0.000442748,0.0011576,-0.000155553,-0.000577159,0.000244592,0.000330862,0.000274789,0,0,0,0,0,0,0,-0.204456,26.6867,-24.6612,7.49881,0.825212,2.49319,0.038645,-0.183979,2.15295,-3.02751,1.88751,0.181652,0.909968,0.0607483
1731659,1,-2.75261,-1.32534,1.01105,-1.94698,1.10108,1.16772,2.20138,-2.75266,-1.32422,1.00895,-1.94565,1.10136,1.16858,2.20139,-0.000911261,0.000122119,-0.000103702,0.000264842,-0.00024384,-0.000491502,-0.00127487,0,0,0,0,0,0,0,-0.152882,26.7144,-24.6612,7.47104,0.836199,2.51242,0.0780126,-0.183522,2.15159,-3.0269,1.88815,0.181689,0.909964,0.0605073
1731660,1,-2.75261,-1.32534,1.01105,-1.94698,1.10108,1.16772,2.20138,-2.75266,-1.32422,1.00895,-1.94565,1.10136,1.16858,2.20139,-0.000607507,-0.000475399,-6.91349e-05,-0.000473053,4.08907e-05,-9.03092e-05,-0.000849913,0,0,0,0,0,0,0,-0.152882,26.7383,-24.6612,7.49881,0.830705,2.50601,0.0780126,-0.181722,2.1497,-3.02614,1.88947,0.181794,0.909929,0.060249
1731661,1,-2.75261,-1.32534,1.01105,-1.94698,1.10108,1.16771,2.20139,-2.75266,-1.32422,1.00895,-1.94565,1.10136,1.16858,2.20139,0.000151807,-0.000316933,-4.60899e-05,0.000891057,-0.00017619,-6.02061e-05,0.000145468,0,0,0,0,0,0,0,-0.176685,26.7383,-24.6612,7.44724,0.836199,2.50601,0.0587866,-0.180002,2.14882,-3.02597,1.89049,0.181909,0.909911,0.0600096
1731662,1,-2.75261,-1.32534,1.01105,-1.94698,1.10108,1.16772,2.20139,-2.75266,-1.32422,1.00895,-1.94565,1.10136,1.16858,2.20139,0.000101205,0.000345524,-3.07266e-05,0.000594038,8.59905e-05,0.000671939,9.69788e-05,0,0,0,0,0,0,0,-0.176685,26.7144,-24.6612,7.44724,0.830705,2.48678,0.0587866,-0.179979,2.1491,-3.026,1.89026,0.181947,0.909905,0.0598156
1731663,1,-2.75261,-1.32534,1.01105,-1.94698,1.10108,1.16772,2.20138,-2.75266,-1.32422,1.00895,-1.94565,1.10136,1.16858,2.20139,6.74699e-05,0.000230349,-0.000577296,-0.000160786,5.7327e-05,-0.000264117,-0.00112214,0,0,0,0,0,0,0,-0.176685,26.7144,-24.6374,7.47104,0.830705,2.50601,0.09083,-0.180971,2.14937,-3.02553,1.88935,0.181938,0.909877,0.0596678
1731664,1,-2.75261,-1.32534,1.01105,-1.94698,1.10108,1.16772,2.20138,-2.75266,-1.32422,1.00895,-1.94565,1.10136,1.16858,2.20139,4.49799e-05,-0.000403246,0.00137837,-0.000107191,0.000445119,-0.000176078,-0.000273377,0,0,0,0,0,0,0,-0.176685,26.7383,-24.7128,7.47104,0.819719,2.50601,0.0780126,-0.181863,2.14962,-3.02532,1.88867,0.181953,0.909886,0.0595717
1731665,1,-2.75261,-1.32534,1.01105,-1.94698,1.10108,1.16772,2.20138,-2.75266,-1.32422,1.00895,-1.94565,1.10136,1.16858,2.20139,0.00123641,0.000937595,-0.00028751,-0.000721075,0.000296746,-0.000117385,-0.000656969,0,0,0,0,0,0,0,-0.22826,26.6867,-24.6612,7.49881,0.819719,2.50601,0.09083,-0.182949,2.15036,-3.02609,1.88821,0.181979,0.909996,0.0595471
1731666,1,-2.75261,-1.32534,1.01105,-1.94698,1.10108,1.16772,2.20138,-2.75266,-1.32422,1.00895,-1.94565,1.10136,1.16858,2.20139,0.000267463,-2.45504e-05,-0.000191673,0.000168898,-5.61984e-06,-7.8257e-05,3.67384e-05,0,0,0,0,0,0,0,-0.204456,26.7144,-24.6612,7.47104,0.825212,2.50601,0.0780126,-0.184655,2.15073,-3.02645,1.88776,0.181982,0.910126,0.0596046
1731667,1,-2.75261,-1.32534,1.01105,-1.94698,1.10108,1.16772,2.20138,-2.75266,-1.32422,1.00895,-1.94565,1.10136,1.16858,2.20139,-0.000471305,-1.6367e-05,0.000521832,-0.000537016,-3.74656e-06,0.000185188,-0.000924943,0,0,0,0,0,0,0,-0.176685,26.7144,-24.689,7.49881,0.825212,2.4996,0.103647,-0.185934,2.15063,-3.02641,1.88759,0.181987,0.910226,0.0597441
1731668,1,-2.75261,-1.32534,1.01105,-1.94698,1.10108,1.16771,2.20138,-2.75266,-1.32422,1.00895,-1.94565,1.10136,1.16858,2.20139,0.000892222,-0.000567723,-0.000858538,-0.00035801,-0.000205948,0.000123458,9.54478e-05,0,0,0,0,0,0,0,-0.22826,26.7383,-24.6374,7.49881,0.830705,2.4996,0.0844213,-0.186442,2.15071,-3.02664,1.88781,0.182019,0.910318,0.0599645
1731669,1,-2.75261,-1.32534,1.01105,-1.94698,1.10108,1.16771,2.20138,-2.75266,-1.32422,1.00895,-1.94565,1.10136,1.16858,2.20139,-0.000611611,0.00017833,-0.000572359,0.00041094,-0.000137299,-0.000155053,0.00053835,0,0,0,0,0,0,0,-0.176685,26.7144,-24.6374,7.47104,0.830705,2.50601,0.071604,-0.18707,2.15077,-3.02629,1.88792,0.182042,0.910352,0.0602653
1731670,1,-2.75261,-1.32534,1.01105,-1.94698,1.10108,1.16771,2.20138,-2.75266,-1.32422,1.00895,-1.94565,1.10136,1.16858,2.20139,-0.000407741,-0.000437925,0.000824853,0.000830772,-9.15325e-05,-0.000103369,-0.000353177,0,0,0,0,0,0,0,-0.176685,26.7383,-24.689,7.44724,0.830705,2.50601,0.09083,-0.187386,2.15086,-3.02586,1.88781,0.182042,0.910337,0.0606321
1731671,1,-2.75261,-1.32534,1.01105,-1.94698,1.10108,1.16772,2.20138,-2.75266,-1.32422,1.00895,-1.94565,1.10136,1.16858,2.20139,0.000377787,0.000264862,0.000549902,-2.96383e-06,-6.10217e-05,-6.89126e-05,0.000713984,0,0,0,0,0,0,0,-0.204456,26.7144,-24.689,7.47104,0.830705,2.50601,0.0651953,-0.187433,2.15165,-3.02668,1.88749,0.182022,0.910374,0.061043
1731672,1,-2.75261,-1.32534,1.01105,-1.94698,1.10108,1.16771,2.20139,-2.75266,-1.32422,1.00895,-1.94565,1.10136,1.16858,2.20139,-0.00160418,0.000176574,0.000923413,-1.97589e-06,-4.06811e-05,-4.59417e-05,0.000713349,0,0,0,0,0,0,0,-0.125111,26.7144,-24.7128,7.47104,0.830705,2.50601,0.0587866,-0.186615,2.1525,-3.02854,1.88763,0.182035,0.910478,0.0614822
1731673,1,-2.75261,-1.32534,1.01105,-1.94698,1.10108,1.16771,2.20139,-2.75266,-1.32422,1.00895,-1.94565,1.10136,1.16858,2.20139,0.000786585,0.00076733,5.8797e-05,-1.31726e-06,-2.71208e-05,0.000206731,0.000712925,0,0,0,0,0,0,0,-0.204456,26.6867,-24.689,7.47104,0.830705,2.4996,0.0523779,-0.184346,2.15231,-3.03044,1.8887,0.182114,0.91059,0.0619214
1731674,1,-2.75261,-1.32534,1.01105,-1.94698,1.10108,1.16771,2.20139,-2.75266,-1.32422,1.00895,-1.94565,1.10136,1.16858,2.20139,0.00052439,-0.000694872,-0.000610416,0.000555934,-0.000221531,-9.95382e-05,0.00145863,0,0,0,0,0,0,0,-0.204456,26.7383,-24.6612,7.44724,0.836199,2.50601,0.0258276,-0.183355,2.15189,-3.03137,1.88916,0.182154,0.910668,0.0623185
1731675,1,-2.75261,-1.32534,1.01105,-1.94698,1.10108,1.16771,2.20139,-2.75266,-1.32422,1.00895,-1.94565,1.10136,1.16858,2.20139,-0.000300021,-0.000463248,0.00024267,-0.000835803,5.57632e-05,-6.63588e-05,0.000226433,0,0,0,0,0,0,0,-0.176685,26.7383,-24.689,7.49881,0.830705,2.50601,0.0459692,-0.184258,2.15222,-3.03165,1.88867,0.182151,0.910725,0.0626343
1731676,1,-2.75261,-1.32534,1.01105,-1.94698,1.10108,1.16771,2.20139,-2.75266,-1.32422,1.00895,-1.94565,1.10136,1.16858,2.20139,0.0004496,0.00024798,-0.000487834,0.000649224,3.71754e-05,-4.42392e-05,0.000150955,0,0,0,0,0,0,0,-0.204456,26.7144,-24.6612,7.44724,0.830705,2.50601,0.0459692,-0.185248,2.15277,-3.03183,1.8882,0.182176,0.910783,0.0628423
1731677,1,-2.75261,-1.32534,1.01105,-1.94698,1.10108,1.16771,2.20139,-2.75266,-1.32422,1.00895,-1.94565,1.10136,1.16858,2.20139,-0.00034988,0.00016532,0.000324391,-0.00077361,0.000228234,-2.94928e-05,0.000100637,0,0,0,0,0,0,0,-0.176685,26.7144,-24.689,7.49881,0.825212,2.50601,0.0459692,-0.185825,2.15268,-3.03165,1.88804,0.182223,0.910828,0.0629419
1731678,1,-2.75261,-1.32534,1.01105,-1.94698,1.10108,1.16771,2.20139,-2.75266,-1.32422,1.00895,-1.94565,1.10136,1.16858,2.20139,-0.000790066,-0.000446599,-0.00154698,0.000690686,-5.12944e-05,0.000217697,0.000813076,0,0,0,0,0,0,0,-0.152882,26.7383,-24.6136,7.44724,0.830705,2.4996,0.0258276,-0.185378,2.15173,-3.03089,1.88841,0.18231,0.910824,0.0629455
1731679,1,-2.75261,-1.32534,1.01105,-1.94698,1.10108,1.16771,2.20139,-2.75266,-1.32422,1.00895,-1.94565,1.10136,1.16858,2.20139,3.01016e-05,0.000259079,0.00073192,-0.000745969,0.000169254,-9.22276e-05,-0.000441293,0,0,0,0,0,0,0,-0.176685,26.7144,-24.689,7.49881,0.825212,2.50601,0.0523779,-0.184005,2.15029,-3.02974,1.88917,0.182429,0.910774,0.0628575
1731680,1,-2.75261,-1.32534,1.01105,-1.94698,1.10108,1.16771,2.20139,-2.75266,-1.32422,1.00895,-1.94565,1.10136,1.16858,2.20139,0.000669682,0.00017272,0.00104476,0.000152301,0.000316287,-6.1485e-05,0.000689149,0,0,0,0,0,0,0,-0.204456,26.7144,-24.7128,7.47104,0.819719,2.50601,0.0258276,-0.182992,2.1495,-3.02962,1.88982,0.182525,0.910814,0.0626852
1731681,1,-2.75261,-1.32534,1.01105,-1.94698,1.10108,1.16771,2.20139,-2.75266,-1.32422,1.00895,-1.94565,1.10136,1.16858,2.20139,-0.00020316,0.00076476,-0.00106673,-0.00054808,0.000210858,0.000196369,0.000222074,0,0,0,0,0,0,0,-0.176685,26.6867,-24.6374,7.49881,0.819719,2.4996,0.0322363,-0.182654,2.14899,-3.03015,1.8903,0.182577,0.910931,0.06244
1731682,1,-2.75261,-1.32534,1.01105,-1.94698,1.10108,1.16771,2.20139,-2.75266,-1.32422,1.00895,-1.94565,1.10136,1.16858,2.20139,-0.00013544,-0.000696586,-0.000154343,-0.00147901,-0.00046978,-0.000343805,-8.93099e-05,0,0,0,0,0,0,0,-0.176685,26.7383,-24.6612,7.54642,0.836199,2.51242,0.038645,-0.181755,2.14756,-3.02977,1.89139,0.182654,0.911002,0.0621234
1731683,1,-2.75261,-1.32534,1.01105,-1.94698,1.10108,1.16771,2.20139,-2.75266,-1.32422,1.00895,-1.94565,1.10136,1.16858,2.20139,-0.00129672,9.24215e-05,0.000546719,0.00133404,-0.000109736,-0.000229204,-0.000330807,0,0,0,0,0,0,0,-0.125111,26.7144,-24.689,7.44724,0.830705,2.51242,0.0459692,-0.179797,2.14617,-3.02959,1.89306,0.182772,0.911063,0.0617397
1731684,1,-2.75261,-1.32534,1.01105,-1.94698,1.10108,1.16772,2.20139,-2.75266,-1.32422,1.00895,-1.94565,1.10136,1.16858,2.20139,0.00099156,-0.00114481,0.000364479,-0.000317064,0.000130293,8.45566e-05,-0.000220538,0,0,0,0,0,0,0,-0.204456,26.766,-24.689,7.49881,0.825212,2.50601,0.0459692,-0.178547,2.14653,-3.03081,1.8938,0.182824,0.91118,0.0613055
1731685,1,-2.75261,-1.32534,1.01105,-1.94698,1.10108,1.16772,2.20139,-2.75266,-1.32422,1.00895,-1.94565,1.10136,1.16858,2.20139,0.00066104,0.00109283,-0.000406628,-0.000211376,-0.000116588,0.00029373,0.000361601,0,0,0,0,0,0,0,-0.204456,26.6867,-24.6612,7.49881,0.830705,2.4996,0.0322363,-0.179503,2.14813,-3.0323,1.89325,0.182772,0.911341,0.0608432
1731686,1,-2.75261,-1.32534,1.01105,-1.94698,1.10108,1.16772,2.20139,-2.75266,-1.32422,1.00895,-1.94565,1.10136,1.16858,2.20139,0.000440694,0.000728555,0.000935341,0.000508697,0.000125725,-4.15389e-05,3.70828e-06,0,0,0,0,0,0,0,-0.204456,26.6867,-24.7128,7.47104,0.825212,2.50601,0.038645,-0.181624,2.149,-3.03288,1.89232,0.182661,0.911492,0.0603697
1731687,1,-2.75261,-1.32534,1.01105,-1.94698,1.10108,1.16771,2.20139,-2.75266,-1.32422,1.00895,-1.94565,1.10136,1.16858,2.20139,0.000293796,-0.000163911,0.00062356,0.000895943,8.38166e-05,-0.000265052,-0.000268795,0,0,0,0,0,0,0,-0.204456,26.7144,-24.7128,7.44724,0.825212,2.51242,0.0459692,-0.184099,2.14963,-3.03357,1.89105,0.182498,0.911648,0.0598865
1731688,1,-2.75261,-1.32534,1.01105,-1.94698,1.10108,1.16772,2.20139,-2.75266,-1.32422,1.00895,-1.94565,1.10136,1.16858,2.20139,-0.00045375,-0.0013157,-0.000141105,4.04834e-05,-0.000554474,0.000298017,-0.000653915,0,0,0,0,0,0,0,-0.176685,26.766,-24.689,7.47104,0.841692,2.4996,0.0587866,-0.186775,2.15145,-3.03522,1.88931,0.18232,0.911825,0.0593935
1731689,1,-2.75261,-1.32534,1.01105,-1.94698,1.10108,1.16772,2.20139,-2.75266,-1.32422,1.00895,-1.94565,1.10136,1.16858,2.20139,-0.000859312,0.000329293,-0.000743684,0.000583801,0.000240702,0.000198678,0.00078476,0,0,0,0,0,0,0,-0.152882,26.7144,-24.6612,7.44724,0.825212,2.4996,0.0258276,-0.188226,2.15328,-3.03664,1.88804,0.182218,0.911931,0.0589076
1731690,1,-2.75261,-1.32534,1.01105,-1.94698,1.10108,1.16771,2.20139,-2.75266,-1.32422,1.00895,-1.94565,1.10136,1.16858,2.20139,-1.60627e-05,0.000869142,-0.000495789,-0.000167611,0.000160468,-0.000342266,-0.000222812,0,0,0,0,0,0,0,-0.176685,26.6867,-24.6612,7.47104,0.825212,2.51242,0.0459692,-0.187696,2.15299,-3.03637,1.88789,0.182208,0.911905,0.0584437
1731691,1,-2.75261,-1.32534,1.01105,-1.94698,1.10108,1.16771,2.20139,-2.75266,-1.32422,1.00895,-1.94565,1.10136,1.16858,2.20139,-1.07085e-05,-7.01857e-05,0.0008759,-0.000761355,0.000310429,-0.000228177,-0.000623259,0,0,0,0,0,0,0,-0.176685,26.7144,-24.7128,7.49881,0.819719,2.51242,0.0587866,-0.18601,2.15106,-3.03534,1.88877,0.18226,0.911862,0.0579975
1731692,1,-2.75261,-1.32534,1.01105,-1.94698,1.10108,1.16772,2.20139,-2.75266,-1.32422,1.00895,-1.94565,1.10136,1.16858,2.20139,-0.000563951,-4.67904e-05,2.71212e-05,-0.00050757,-0.000199948,-0.000152118,-0.000415506,0,0,0,0,0,0,0,-0.152882,26.7144,-24.689,7.49881,0.830705,2.51242,0.0587866,-0.183715,2.14932,-3.03533,1.89038,0.182367,0.911925,0.0575714
1731693,1,-2.75261,-1.32534,1.01105,-1.94698,1.10108,1.16771,2.20139,-2.75266,-1.32422,1.00895,-1.94565,1.10136,1.16858,2.20139,0.00138727,-3.11936e-05,0.000574893,-0.00033838,-0.000133299,0.000135947,-0.000277004,0,0,0,0,0,0,0,-0.22826,26.7144,-24.7128,7.49881,0.830705,2.50601,0.0587866,-0.181979,2.14848,-3.03622,1.89189,0.18247,0.912079,0.0571809
1731694,1,-2.75261,-1.32534,1.01105,-1.94698,1.10108,1.16771,2.20139,-2.75266,-1.32422,1.00895,-1.94565,1.10136,1.16858,2.20139,0.000368035,-2.07957e-05,-0.000823164,0.000980839,-0.000292316,9.06312e-05,0.000561316,0,0,0,0,0,0,0,-0.204456,26.7144,-24.6612,7.44724,0.836199,2.50601,0.038645,-0.182756,2.14872,-3.03697,1.89197,0.182461,0.912253,0.0568352
1731695,1,-2.75261,-1.32534,1.01105,-1.94698,1.10108,1.16771,2.20138,-2.75266,-1.32422,1.00895,-1.94565,1.10136,1.16858,2.20139,0.000802169,-0.000570676,-0.00110559,-0.00674701,0.000415474,6.04208e-05,-0.00108385,0,0,0,0,0,0,0,-0.22826,26.7383,-24.6374,7.49881,0.819719,2.50601,0.0780126,-0.183798,2.14835,-3.03658,1.89262,0.18251,0.912408,0.0565353
1731696,1,-2.75261,-1.32534,1.01105,-1.94698,1.10108,1.16771,2.20138,-2.75266,-1.32422,1.00895,-1.94565,1.10136,1.16858,2.20139,-2.20328e-05,-0.000380451,0.000469367,-0.00501421,7.35321e-05,0.000277639,-0.000722568,0,0,0,0,0,0,0,-0.204456,26.7383,-24.689,7.49881,0.825212,2.4996,0.0780126,-0.180765,2.14567,-3.03573,1.89766,0.18292,0.912642,0.0562885
1731697,1,-2.75261,-1.32534,1.01105,-1.94698,1.10108,1.16771,2.20138,-2.75266,-1.32422,1.00895,-1.94565,1.10136,1.16858,2.20139,-1.46886e-05,0.000952792,-0.000336702,-0.00308035,4.90214e-05,-5.2266e-05,-0.000481712,0,0,0,0,0,0,0,-0.204456,26.6867,-24.6612,7.47104,0.825212,2.50601,0.0780126,-0.173954,2.14123,-3.03537,1.90606,0.183585,0.912959,0.0561149
1731698,1,-2.75261,-1.32534,1.01105,-1.94698,1.10108,1.16771,2.20138,-2.75266,-1.32422,1.00895,-1.94565,1.10136,1.16858,2.20139,-0.00121622,-0.000571231,-0.000224468,-0.00234393,-0.00017077,0.000202515,-0.000795859,0,0,0,0,0,0,0,-0.152882,26.7383,-24.6612,7.47104,0.830705,2.4996,0.09083,-0.165939,2.13613,-3.03502,1.91454,0.184229,0.913207,0.0560284
1731699,1,-2.75261,-1.32534,1.01105,-1.94698,1.10108,1.16771,2.20139,-2.75266,-1.32422,1.00895,-1.94565,1.10136,1.16858,2.20139,-0.000810812,-0.000380821,-0.000149646,-0.0017804,8.96041e-05,-0.000577067,0.000656222,0,0,0,0,0,0,0,-0.152882,26.7383,-24.6612,7.47104,0.825212,2.51882,0.0587866,-0.158192,2.13188,-3.03492,1.9215,0.184754,0.913351,0.0560341
1731700,1,-2.75261,-1.32534,1.01105,-1.94698,1.10108,1.16771,2.20139,-2.75266,-1.32422,1.00895,-1.94565,1.10136,1.16858,2.20139,-0.000540541,-0.00025388,-9.97637e-05,-0.00135026,5.97361e-05,9.00067e-05,-3.72366e-05,0,0,0,0,0,0,0,-0.152882,26.7383,-24.6612,7.47104,0.825212,2.50601,0.071604,-0.152035,2.12939,-3.03538,1.92619,0.185109,0.913436,0.0561264
1731701,1,-2.75261,-1.32534,1.01105,-1.94698,1.10108,1.16771,2.20139,-2.75266,-1.32422,1.00895,-1.94565,1.10136,1.16858,2.20139,0.000846065,-0.000169254,-6.65091e-05,-0.000465861,3.98241e-05,0.000297363,0.000449894,0,0,0,0,0,0,0,-0.204456,26.7383,-24.6612,7.44724,0.825212,2.4996,0.0587866,-0.14928,2.12884,-3.03597,1.92785,0.185225,0.913491,0.0562793
1731702,1,-2.75261,-1.32534,1.01105,-1.94698,1.10108,1.16771,2.20138,-2.75266,-1.32422,1.00895,-1.94565,1.10136,1.16858,2.20139,-8.55707e-05,0.000443976,0.00116209,-0.00160887,-0.000176901,-0.000513835,-0.00112422,0,0,0,0,0,0,0,-0.176685,26.7144,-24.7128,7.49881,0.830705,2.51882,0.0972387,-0.15005,2.13003,-3.03692,1.92683,0.185118,0.913572,0.0564694
1731703,1,-2.75261,-1.32534,1.01105,-1.94698,1.10108,1.16771,2.20139,-2.75266,-1.32422,1.00895,-1.94565,1.10136,1.16858,2.20139,-5.70471e-05,0.000295984,0.000774724,-0.00114149,0.000288967,0.000132162,0.00142066,0,0,0,0,0,0,0,-0.176685,26.7144,-24.7128,7.49881,0.819719,2.50601,0.038645,-0.151863,2.13187,-3.03871,1.92499,0.184926,0.913725,0.0566966
1731704,1,-2.75261,-1.32534,1.01105,-1.94698,1.10108,1.16771,2.20139,-2.75266,-1.32422,1.00895,-1.94565,1.10136,1.16858,2.20139,0.000611583,0.000846937,-4.03291e-05,-0.000163057,-0.000417707,-0.000149251,0.000438478,0,0,0,0,0,0,0,-0.204456,26.6867,-24.689,7.47104,0.836199,2.51242,0.0523779,-0.15408,2.13353,-3.04049,1.92275,0.184685,0.913881,0.0569543
1731705,1,-2.75261,-1.32534,1.01105,-1.94698,1.10108,1.16771,2.20139,-2.75266,-1.32422,1.00895,-1.94565,1.10136,1.16858,2.20139,0.000407722,-0.000641801,-0.0006765,-0.000797078,-7.50208e-05,-9.95008e-05,5.49594e-05,0,0,0,0,0,0,0,-0.204456,26.7383,-24.6612,7.49881,0.830705,2.51242,0.0587866,-0.157885,2.1351,-3.04105,1.9194,0.184357,0.913963,0.0572041
1731706,1,-2.75261,-1.32534,1.01105,-1.94698,1.10108,1.16772,2.20138,-2.75266,-1.32422,1.00895,-1.94565,1.10136,1.16858,2.20139,-0.000377799,-0.000427868,0.00131224,8.91595e-05,0.000153437,-6.63339e-05,-0.000675437,0,0,0,0,0,0,0,-0.176685,26.7383,-24.7366,7.47104,0.825212,2.51242,0.0780126,-0.162729,2.13756,-3.04148,1.91525,0.183992,0.914025,0.0574186
1731707,1,-2.75261,-1.32534,1.01105,-1.94698,1.10108,1.16771,2.20139,-2.75266,-1.32422,1.00895,-1.94565,1.10136,1.16858,2.20139,0.00095456,-0.000934859,-0.000888413,3.76376e-05,0.000305742,0.000193136,0.00100777,0,0,0,0,0,0,0,-0.22826,26.766,-24.6612,7.47104,0.819719,2.50601,0.038645,-0.16826,2.1415,-3.04278,1.91043,0.183605,0.91412,0.0576042
1731708,1,-2.75261,-1.32534,1.01105,-1.94698,1.10108,1.16771,2.20139,-2.75266,-1.32422,1.00895,-1.94565,1.10136,1.16858,2.20139,-0.000570053,0.000583187,0.000614151,8.74019e-06,3.77238e-07,0.000366117,0.00138392,0,0,0,0,0,0,0,-0.176685,26.7144,-24.7128,7.47104,0.825212,2.4996,0.0194189,-0.174133,2.14564,-3.04386,1.90532,0.183201,0.914189,0.0577675
1731709,1,-2.75261,-1.32534,1.01105,-1.94698,1.10108,1.16771,2.20139,-2.75266,-1.32422,1.00895,-1.94565,1.10136,1.16858,2.20139,0.000269579,-0.000168021,-0.000147378,-0.000656051,0.000203702,-0.00023064,-6.07283e-05,0,0,0,0,0,0,0,-0.204456,26.7383,-24.689,7.49881,0.819719,2.51242,0.0459692,-0.178587,2.14844,-3.04434,1.9012,0.182855,0.914217,0.0578857
1731710,1,-2.75261,-1.32534,1.01105,-1.94698,1.10108,1.16771,2.20139,-2.75266,-1.32422,1.00895,-1.94565,1.10136,1.16858,2.20139,0.000179719,-0.000112014,-9.8252e-05,0.000203049,-6.76492e-05,8.35988e-05,0.000468141,0,0,0,0,0,0,0,-0.204456,26.7383,-24.689,7.47104,0.825212,2.50601,0.0322363,-0.181846,2.15023,-3.0445,1.89809,0.182568,0.914232,0.0579267
1731711,1,-2.75261,-1.32534,1.01105,-1.94698,1.10108,1.16771,2.20139,-2.75266,-1.32422,1.00895,-1.94565,1.10136,1.16858,2.20139,-0.00108661,-0.00072429,0.00104812,0.000128468,-0.00024855,-0.000418985,-0.000433891,0,0,0,0,0,0,0,-0.152882,26.766,-24.7366,7.47104,0.830705,2.51882,0.0523779,-0.184423,2.15212,-3.04511,1.89544,0.182311,0.914263,0.0578838
1731712,1,-2.75261,-1.32534,1.01105,-1.94698,1.10108,1.16771,2.20139,-2.75266,-1.32422,1.00895,-1.94565,1.10136,1.16858,2.20139,0.000482017,0.000723566,0.000141936,0.000637283,3.77505e-05,0.000195394,-5.1902e-05,0,0,0,0,0,0,0,-0.204456,26.7144,-24.7128,7.44724,0.825212,2.50601,0.0459692,-0.186037,2.15417,-3.04657,1.89322,0.182083,0.91433,0.0577701
1731713,1,-2.75261,-1.32534,1.01105,-1.94698,1.10108,1.16771,2.20139,-2.75266,-1.32422,1.00895,-1.94565,1.10136,1.16858,2.20139,-0.000328269,0.000482377,-0.000462188,0.000420975,0.000228618,-0.000107096,0.000236666,0,0,0,0,0,0,0,-0.176685,26.7144,-24.689,7.44724,0.819719,2.51242,0.038645,-0.187462,2.15522,-3.04729,1.89114,0.181845,0.914362,0.0576053
1731714,1,-2.75261,-1.32534,1.01105,-1.94698,1.10108,1.16771,2.20139,-2.75266,-1.32422,1.00895,-1.94565,1.10136,1.16858,2.20139,0.000430768,0.000321585,-0.000308125,-0.000928686,-0.000254489,-7.13974e-05,-0.000588208,0,0,0,0,0,0,0,-0.204456,26.7144,-24.689,7.49881,0.830705,2.51242,0.0587866,-0.188604,2.15468,-3.04647,1.88957,0.181633,0.914332,0.0574043
1731715,1,-2.75261,-1.32534,1.01105,-1.94698,1.10108,1.16771,2.20138,-2.75266,-1.32422,1.00895,-1.94565,1.10136,1.16858,2.20139,0.000287179,0.00021439,0.000351395,-0.00117812,-0.00016966,-4.75983e-05,-0.000629498,0,0,0,0,0,0,0,-0.204456,26.7144,-24.7128,7.52262,0.830705,2.51242,0.0651953,-0.189039,2.15331,-3.04525,1.88912,0.181513,0.914336,0.0571799
1731716,1,-2.75261,-1.32534,1.01105,-1.94698,1.10108,1.16771,2.20138,-2.75266,-1.32422,1.00895,-1.94565,1.10136,1.16858,2.20139,-0.000458162,-0.000413885,0.000234263,0.000419377,9.03441e-05,-0.000269091,-0.000894383,0,0,0,0,0,0,0,-0.176685,26.7383,-24.7128,7.47104,0.825212,2.51882,0.0780126,-0.189017,2.1523,-3.04484,1.88936,0.181462,0.914425,0.0569564
1731717,1,-2.75261,-1.32534,1.01105,-1.94698,1.10108,1.16771,2.20139,-2.75266,-1.32422,1.00895,-1.94565,1.10136,1.16858,2.20139,0.000344173,0.000280888,0.000156176,-0.000371257,-0.000143221,5.79649e-05,0.000115822,0,0,0,0,0,0,0,-0.204456,26.7144,-24.7128,7.49881,0.830705,2.51242,0.0587866,-0.189044,2.15215,-3.04531,1.88944,0.181416,0.91456,0.0567641
1731718,1,-2.75261,-1.32534,1.01105,-1.94698,1.10108,1.16771,2.20138,-2.75266,-1.32422,1.00895,-1.94565,1.10136,1.16858,2.20139,-0.00162659,-0.000369553,-0.000452695,-0.000248426,-9.54807e-05,0.000513361,-0.000634862,0,0,0,0,0,0,0,-0.125111,26.7383,-24.689,7.49881,0.830705,2.4996,0.0780126,-0.188405,2.15196,-3.04585,1.88978,0.181404,0.914679,0.0566241
1731719,1,-2.75261,-1.32535,1.01105,-1.94698,1.10108,1.16771,2.20138,-2.75266,-1.32422,1.00895,-1.94565,1.10136,1.16858,2.20139,0.000122032,-0.000895983,-0.000301797,-0.000166308,0.000139797,0.000104882,-0.00113532,0,0,0,0,0,0,0,-0.176685,26.766,-24.689,7.49881,0.825212,2.50601,0.0972387,-0.186675,2.15159,-3.04622,1.89063,0.181454,0.91475,0.056542
1731720,1,-2.75261,-1.32534,1.01105,-1.94698,1.10108,1.16771,2.20138,-2.75266,-1.32422,1.00895,-1.94565,1.10136,1.16858,2.20139,-0.000475457,5.22922e-05,-0.000201198,0.000538224,-0.000110253,-0.000167438,-4.48021e-05,0,0,0,0,0,0,0,-0.152882,26.7383,-24.689,7.47104,0.830705,2.51242,0.0780126,-0.185523,2.1519,-3.04659,1.89101,0.181486,0.9148,0.0565321
1731721,1,-2.75261,-1.32534,1.01105,-1.94698,1.10108,1.16771,2.20138,-2.75266,-1.32422,1.00895,-1.94565,1.10136,1.16858,2.20139,0.00023984,3.48615e-05,0.00042268,-0.000847998,-7.35018e-05,-0.000348984,0.000207491,0,0,0,0,0,0,0,-0.176685,26.7383,-24.7128,7.52262,0.830705,2.51882,0.071604,-0.185242,2.15252,-3.04705,1.89095,0.18148,0.91487,0.0566165
1731722,1,-2.75261,-1.32534,1.01105,-1.94698,1.10108,1.16771,2.20138,-2.75266,-1.32422,1.00895,-1.94565,1.10136,1.16858,2.20139,0.000159894,0.000580053,0.000281787,0.000640802,-4.90012e-05,-0.000232656,0.000138327,0,0,0,0,0,0,0,-0.176685,26.7144,-24.7128,7.47104,0.830705,2.51882,0.071604,-0.185364,2.153,-3.04775,1.89091,0.181461,0.914993,0.0567904
1731723,1,-2.75261,-1.32534,1.01105,-1.94698,1.10108,1.16771,2.20139,-2.75266,-1.32422,1.00895,-1.94565,1.10136,1.16858,2.20139,0.00075621,-0.00017011,-0.000368954,-0.000222631,0.000170783,0.000556973,0.00226236,0,0,0,0,0,0,0,-0.204456,26.7383,-24.689,7.49881,0.825212,2.4996,0.0130102,-0.186572,2.15352,-3.04828,1.89036,0.181395,0.915139,0.0570257
1731724,1,-2.75261,-1.32534,1.01105,-1.94698,1.10108,1.16771,2.20139,-2.75266,-1.32422,1.00895,-1.94565,1.10136,1.16858,2.20139,-0.000702286,0.000443405,-0.000245969,-0.000705396,-0.000293046,0.000371315,0.000287535,0,0,0,0,0,0,0,-0.152882,26.7144,-24.689,7.52262,0.836199,2.4996,0.0459692,-0.187938,2.15363,-3.04816,1.88986,0.181339,0.915252,0.0572747
1731725,1,-2.75261,-1.32534,1.01105,-1.94698,1.10108,1.16772,2.20139,-2.75266,-1.32422,1.00895,-1.94565,1.10136,1.16858,2.20139,0.000738235,-0.000261208,0.000392832,8.64248e-05,8.08674e-06,-0.000464533,0.000700316,0,0,0,0,0,0,0,-0.204456,26.7383,-24.7128,7.49881,0.830705,2.51882,0.0322363,-0.18844,2.1533,-3.04794,1.89005,0.181344,0.91535,0.0574791
1731726,1,-2.75261,-1.32534,1.01105,-1.94698,1.10108,1.16771,2.20139,-2.75266,-1.32422,1.00895,-1.94565,1.10136,1.16858,2.20139,-0.000157457,-0.000823753,-0.00150135,5.75243e-05,5.39116e-06,0.000165029,-0.000516467,0,0,0,0,0,0,0,-0.176685,26.766,-24.6374,7.49881,0.830705,2.50601,0.0587866,-0.189432,2.15361,-3.04785,1.88993,0.181345,0.915442,0.0576036
1731727,1,-2.75261,-1.32534,1.01105,-1.94698,1.10108,1.16772,2.20139,-2.75266,-1.32422,1.00895,-1.94565,1.10136,1.16858,2.20139,-0.000104971,0.00130687,0.000762338,0.000687894,0.000207045,0.000347378,0.00111375,0,0,0,0,0,0,0,-0.176685,26.6867,-24.7128,7.47104,0.825212,2.4996,0.0194189,-0.190796,2.15404,-3.04735,1.88939,0.181321,0.915482,0.0576477
1731728,1,-2.75261,-1.32534,1.01105,-1.94698,1.10108,1.16771,2.20139,-2.75266,-1.32422,1.00895,-1.94565,1.10136,1.16858,2.20139,-0.000626793,0.000221634,0.000508225,-0.00019107,0.00013803,-0.000243132,0.000742501,0,0,0,0,0,0,0,-0.152882,26.7144,-24.7128,7.49881,0.825212,2.51242,0.0194189,-0.190844,2.15363,-3.04709,1.88942,0.18132,0.915509,0.0576231
1731729,1,-2.75261,-1.32534,1.01105,-1.94698,1.10108,1.16771,2.20139,-2.75266,-1.32422,1.00895,-1.94565,1.10136,1.16858,2.20139,0.000788564,0.000147756,0.000895629,0.000522195,-0.000721782,-0.000399447,-0.000488344,0,0,0,0,0,0,0,-0.204456,26.7144,-24.7366,7.47104,0.847185,2.51882,0.0459692,-0.190245,2.15342,-3.04807,1.8898,0.181335,0.915608,0.0575162
1731730,1,-2.7526,-1.32534,1.01105,-1.94698,1.10108,1.16771,2.20139,-2.75266,-1.32422,1.00895,-1.94565,1.10136,1.16858,2.20139,0.00163933,-0.000458308,0.000597086,-0.000301513,-7.42871e-05,0.00020842,0.000420423,0,0,0,0,0,0,0,-0.252064,26.7383,-24.7366,7.49881,0.836199,2.50601,0.0258276,-0.191664,2.15496,-3.05025,1.88921,0.181295,0.915817,0.0573146
1731731,1,-2.75261,-1.32534,1.01105,-1.94698,1.10108,1.16771,2.20139,-2.75266,-1.32422,1.00895,-1.94565,1.10136,1.16858,2.20139,-2.07351e-05,0.000251273,0.000398057,-0.00020103,0.000357376,0.000376305,-0.000465703,0,0,0,0,0,0,0,-0.204456,26.7144,-24.7366,7.49881,0.825212,2.4996,0.0459692,-0.194948,2.15771,-3.05292,1.88784,0.181226,0.916091,0.0570345
1731732,1,-2.75261,-1.32534,1.01106,-1.94698,1.10108,1.16771,2.20139,-2.75266,-1.32422,1.00895,-1.94565,1.10136,1.16858,2.20139,-0.000663437,-0.000389296,0.000914985,-0.000134037,0.000238251,-0.000223848,0.000435516,0,0,0,0,0,0,0,-0.176685,26.7383,-24.7643,7.49881,0.825212,2.51242,0.0258276,-0.196886,2.15996,-3.05568,1.88729,0.181241,0.916343,0.0566985
1731733,1,-2.75261,-1.32534,1.01105,-1.94698,1.10108,1.16771,2.20139,-2.75266,-1.32422,1.00895,-1.94565,1.10136,1.16858,2.20139,-0.000442292,0.000297281,-0.000596436,0.000560244,-0.000248067,-0.000149232,-0.000184374,0,0,0,0,0,0,0,-0.176685,26.7144,-24.7128,7.47104,0.836199,2.51242,0.038645,-0.196483,2.16105,-3.05814,1.88786,0.181348,0.916509,0.056322
1731734,1,-2.75261,-1.32534,1.01106,-1.94698,1.10108,1.16771,2.20139,-2.75266,-1.32422,1.00895,-1.94565,1.10136,1.16858,2.20139,0.000354753,-0.00100824,0.000808802,-0.000276127,0.000444973,0.000137871,0.000351802,0,0,0,0,0,0,0,-0.204456,26.766,-24.7643,7.49881,0.819719,2.50601,0.0258276,-0.195534,2.16166,-3.05997,1.88856,0.18147,0.916597,0.0559096
1731735,1,-2.75261,-1.32534,1.01105,-1.94698,1.10108,1.16771,2.20139,-2.75266,-1.32422,1.00895,-1.94565,1.10136,1.16858,2.20139,-0.000969924,0.00118388,-0.000110412,-0.000184092,9.31985e-05,-0.000145445,-0.000986168,0,0,0,0,0,0,0,-0.152882,26.6867,-24.7366,7.49881,0.825212,2.51242,0.0587866,-0.194314,2.16188,-3.0615,1.88946,0.181601,0.916659,0.0554683
1731736,1,-2.75261,-1.32534,1.01105,-1.94698,1.10108,1.16771,2.20139,-2.75266,-1.32422,1.00895,-1.94565,1.10136,1.16858,2.20139,0.00055981,-0.00106679,-7.36083e-05,-0.000122733,-0.000344769,-9.69632e-05,0.000325899,0,0,0,0,0,0,0,-0.204456,26.766,-24.7366,7.49881,0.836199,2.51242,0.0322363,-0.192432,2.16119,-3.06246,1.89089,0.181754,0.916688,0.0550138
1731737,1,-2.75261,-1.32534,1.01105,-1.94698,1.10108,1.16771,2.20139,-2.75266,-1.32422,1.00895,-1.94565,1.10136,1.16858,2.20139,-0.000276407,-0.000711191,-0.000605884,-8.18259e-05,-0.000229846,-0.000302001,-2.00932e-05,0,0,0,0,0,0,0,-0.176685,26.766,-24.7128,7.49881,0.836199,2.51882,0.038645,-0.191432,2.16089,-3.06297,1.89188,0.181879,0.916696,0.0545608
1731738,1,-2.75261,-1.32534,1.01105,-1.94698,1.10108,1.16771,2.20139,-2.75266,-1.32422,1.00895,-1.94565,1.10136,1.16858,2.20139,-0.000184272,0.000732299,-0.000403923,-5.45535e-05,0.000457121,3.60249e-05,-0.000284663,0,0,0,0,0,0,0,-0.176685,26.7144,-24.7128,7.49881,0.819719,2.51242,0.0459692,-0.19105,2.1607,-3.06291,1.89252,0.181982,0.916678,0.0541163
1731739,1,-2.75261,-1.32534,1.01105,-1.94698,1.10108,1.16771,2.20139,-2.75266,-1.32422,1.00895,-1.94565,1.10136,1.16858,2.20139,-0.00067966,0.00169463,-0.000269282,-3.63712e-05,-0.000509055,2.40166e-05,-0.000664493,0,0,0,0,0,0,0,-0.152882,26.6629,-24.7128,7.49881,0.841692,2.51242,0.0587866,-0.18933,2.15829,-3.06149,1.89398,0.18211,0.916592,0.0536893
1731740,1,-2.75261,-1.32534,1.01106,-1.94698,1.10108,1.16771,2.20139,-2.75266,-1.32422,1.00895,-1.94565,1.10136,1.16858,2.20139,0.00131013,-0.0012831,0.0010269,-2.42491e-05,-0.00033937,0.00025337,-0.000442995,0,0,0,0,0,0,0,-0.22826,26.766,-24.7643,7.49881,0.841692,2.50601,0.0587866,-0.18753,2.15534,-3.06014,1.89556,0.182225,0.916541,0.0532921
1731741,1,-2.75261,-1.32534,1.01105,-1.94698,1.10108,1.16771,2.20138,-2.75266,-1.32422,1.00895,-1.94565,1.10136,1.16858,2.20139,0.000316609,-0.000205787,3.49892e-05,-0.000572979,0.000587556,0.000168913,-0.00124477,0,0,0,0,0,0,0,-0.204456,26.7383,-24.7366,7.52262,0.819719,2.50601,0.0844213,-0.188136,2.15514,-3.06076,1.89585,0.182274,0.916648,0.0529384
1731742,1,-2.75261,-1.32534,1.01105,-1.94698,1.10108,1.16771,2.20139,-2.75266,-1.32422,1.00895,-1.94565,1.10136,1.16858,2.20139,0.000767885,-0.000137191,-0.0010903,0.000824439,-0.000218648,0.000112609,0.00059431,0,0,0,0,0,0,0,-0.22826,26.7383,-24.689,7.47104,0.836199,2.50601,0.0459692,-0.190688,2.15654,-3.06185,1.89505,0.182266,0.916791,0.0526523
1731743,1,-2.75261,-1.32534,1.01105,-1.94698,1.10108,1.16771,2.20139,-2.75266,-1.32422,1.00895,-1.94565,1.10136,1.16858,2.20139,-0.000694503,-9.1461e-05,-0.000170053,-0.000656801,-0.000145765,7.50726e-05,0.000158847,0,0,0,0,0,0,0,-0.176685,26.7383,-24.7128,7.52262,0.836199,2.50601,0.0523779,-0.193147,2.15728,-3.0618,1.89421,0.182259,0.916833,0.0524496
1731744,1,-2.75261,-1.32534,1.01106,-1.94698,1.10108,1.16771,2.20138,-2.75266,-1.32422,1.00895,-1.94565,1.10136,1.16858,2.20139,-0.00101981,-6.0974e-05,0.00164987,0.000118944,0.000106274,5.00484e-05,-0.0010809,0,0,0,0,0,0,0,-0.152882,26.7383,-24.7881,7.49881,0.830705,2.50601,0.0844213,-0.193237,2.1574,-3.06237,1.89459,0.18235,0.916865,0.0523201
1731745,1,-2.75261,-1.32534,1.01106,-1.94698,1.10108,1.16771,2.20138,-2.75266,-1.32422,1.00895,-1.94565,1.10136,1.16858,2.20139,-0.000123064,-0.000690263,-0.000106513,0.00072891,0.0002743,-0.000441352,-0.00143267,0,0,0,0,0,0,0,-0.176685,26.766,-24.7366,7.47104,0.825212,2.51882,0.103647,-0.191503,2.15801,-3.0648,1.89574,0.182503,0.916966,0.052255
1731746,1,-2.75261,-1.32534,1.01106,-1.94698,1.10108,1.16771,2.20138,-2.75266,-1.32422,1.00895,-1.94565,1.10136,1.16858,2.20139,0.000567571,0.000189438,-0.000627821,-0.000720486,-2.05841e-05,-5.68759e-05,0.000231678,0,0,0,0,0,0,0,-0.204456,26.7383,-24.7128,7.52262,0.830705,2.51242,0.071604,-0.190562,2.15907,-3.06718,1.89635,0.182614,0.917063,0.0522757
1731747,1,-2.75261,-1.32534,1.01105,-1.94699,1.10108,1.16771,2.20139,-2.75266,-1.32422,1.00895,-1.94565,1.10136,1.16858,2.20139,-0.000828045,0.000126292,-0.000418547,-0.00159395,-1.37227e-05,-3.79173e-05,-0.000320266,0,0,0,0,0,0,0,-0.152882,26.7383,-24.7128,7.57022,0.830705,2.51242,0.0844213,-0.189502,2.1588,-3.06794,1.89755,0.182759,0.917103,0.0524075
1731748,1,-2.75261,-1.32534,1.01106,-1.94698,1.10108,1.16771,2.20138,-2.75266,-1.32422,1.00895,-1.94565,1.10136,1.16858,2.20139,0.000654396,0.000641007,0.000277781,5.09915e-05,-9.14848e-06,0.00044944,-0.00021351,0,0,0,0,0,0,0,-0.204456,26.7144,-24.7366,7.52262,0.830705,2.4996,0.0844213,-0.187239,2.15696,-3.06772,1.89997,0.182977,0.917119,0.0526452
1731749,1,-2.75261,-1.32534,1.01106,-1.94698,1.10108,1.16771,2.20139,-2.75266,-1.32422,1.00895,-1.94565,1.10136,1.16858,2.20139,0.000436264,0.00163376,-0.000371625,3.39942e-05,-6.09899e-06,-0.000175091,-0.000379699,0,0,0,0,0,0,0,-0.204456,26.6629,-24.7128,7.52262,0.830705,2.51242,0.09083,-0.185585,2.15439,-3.0669,1.90214,0.183134,0.917119,0.0529724
1731750,1,-2.75261,-1.32534,1.01105,-1.94698,1.10108,1.16771,2.20138,-2.75266,-1.32422,1.00895,-1.94565,1.10136,1.16858,2.20139,-0.000358771,-0.000674062,-0.00145418,0.000579475,-4.06599e-06,-0.000116728,-1.57739e-05,0,0,0,0,0,0,0,-0.176685,26.7383,-24.6612,7.49881,0.830705,2.51242,0.0844213,-0.185223,2.15148,-3.06501,1.90336,0.183189,0.917044,0.0533787
1731751,1,-2.75261,-1.32534,1.01106,-1.94698,1.10108,1.16771,2.20139,-2.75266,-1.32422,1.00895,-1.94565,1.10136,1.16858,2.20139,-0.000239181,-0.000449375,0.000793787,0.000386316,0.000641549,-0.000315177,0.00141364,0,0,0,0,0,0,0,-0.176685,26.7383,-24.7366,7.49881,0.81331,2.51882,0.0459692,-0.185637,2.14983,-3.06338,1.90365,0.18319,0.916941,0.0538526
1731752,1,-2.75261,-1.32534,1.01106,-1.94698,1.10108,1.16771,2.20138,-2.75266,-1.32422,1.00895,-1.94565,1.10136,1.16858,2.20139,0.00104697,-0.000299583,0.00238523,-0.000299268,-0.000420011,0.0002646,-0.000481728,0,0,0,0,0,0,0,-0.22826,26.7383,-24.8159,7.52262,0.836199,2.50601,0.0844213,-0.187037,2.15123,-3.06477,1.90313,0.183143,0.91702,0.054368
1731753,1,-2.75261,-1.32534,1.01105,-1.94698,1.10108,1.16771,2.20138,-2.75266,-1.32422,1.00895,-1.94565,1.10136,1.16858,2.20139,-0.000508445,0.0010067,-0.000822698,0.00100691,-7.65568e-05,0.0001764,0.000153566,0,0,0,0,0,0,0,-0.176685,26.6867,-24.7128,7.47104,0.830705,2.50601,0.071604,-0.189013,2.15411,-3.06831,1.90229,0.183058,0.917254,0.0548904
1731754,1,-2.75261,-1.32534,1.01105,-1.94698,1.10108,1.16771,2.20138,-2.75266,-1.32422,1.00895,-1.94565,1.10136,1.16858,2.20139,-0.000895775,2.15219e-05,-0.000548465,2.1662e-05,-5.10379e-05,-0.000119759,-0.000847059,0,0,0,0,0,0,0,-0.152882,26.7144,-24.7128,7.49881,0.830705,2.51242,0.0972387,-0.189727,2.15517,-3.07033,1.90204,0.182997,0.91737,0.0554081
1731755,1,-2.75261,-1.32534,1.01105,-1.94698,1.10108,1.16771,2.20139,-2.75266,-1.32422,1.00895,-1.94565,1.10136,1.16858,2.20139,0.000609243,-0.000542464,-0.000922455,1.44413e-05,0.000169425,-0.000554557,0.00160543,0,0,0,0,0,0,0,-0.204456,26.7383,-24.689,7.49881,0.825212,2.52523,0.038645,-0.189337,2.15462,-3.07041,1.90239,0.182987,0.917343,0.0559277
1731756,1,-2.75261,-1.32534,1.01106,-1.94698,1.10108,1.16771,2.20138,-2.75266,-1.32422,1.00895,-1.94565,1.10136,1.16858,2.20139,0.000406162,0.000195169,0.00114827,9.62754e-06,-9.05003e-05,0.000105013,-0.000150414,0,0,0,0,0,0,0,-0.204456,26.7144,-24.7643,7.49881,0.830705,2.51242,0.071604,-0.189895,2.15471,-3.07048,1.90239,0.182969,0.917353,0.0564429
1731757,1,-2.75261,-1.32534,1.01105,-1.94699,1.10108,1.16771,2.20139,-2.75266,-1.32422,1.00895,-1.94565,1.10136,1.16858,2.20139,-0.000935651,0.000130113,0.000115898,-0.00110721,0.000143117,0.000307368,0.000374442,0,0,0,0,0,0,0,-0.152882,26.7144,-24.7366,7.54642,0.825212,2.50601,0.0587866,-0.190148,2.15519,-3.07161,1.90281,0.182983,0.917468,0.0569307
1731758,1,-2.75261,-1.32534,1.01105,-1.94698,1.10108,1.16771,2.20139,-2.75266,-1.32422,1.00895,-1.94565,1.10136,1.16858,2.20139,0.00113947,8.67419e-05,-0.000479547,-0.000181325,-0.00031149,-3.24472e-05,0.000249628,0,0,0,0,0,0,0,-0.22826,26.7144,-24.7128,7.52262,0.836199,2.51242,0.0587866,-0.189158,2.15498,-3.07288,1.90425,0.183069,0.917614,0.0573756
1731759,1,-2.75261,-1.32534,1.01105,-1.94698,1.10108,1.16771,2.20139,-2.75266,-1.32422,1.00895,-1.94565,1.10136,1.16858,2.20139,0.000202835,0.000707442,0.000237114,0.000435929,-4.2093e-06,0.000215727,0.00114976,0,0,0,0,0,0,0,-0.204456,26.6867,-24.7366,7.49881,0.830705,2.50601,0.0322363,-0.189096,2.15442,-3.07332,1.90527,0.183115,0.917728,0.0577691
1731760,1,-2.75261,-1.32534,1.01105,-1.94698,1.10108,1.16771,2.20139,-2.75266,-1.32422,1.00895,-1.94565,1.10136,1.16858,2.20139,0.000692035,-0.000177986,0.000158076,-0.000266193,-2.8062e-06,-9.35406e-05,0.000766508,0,0,0,0,0,0,0,-0.22826,26.7144,-24.7366,7.52262,0.830705,2.51242,0.0322363,-0.190381,2.15415,-3.07355,1.90543,0.183087,0.917831,0.0580948
1731761,1,-2.75261,-1.32534,1.01106,-1.94698,1.10108,1.16771,2.20138,-2.75266,-1.32422,1.00895,-1.94565,1.10136,1.16858,2.20139,-9.54552e-05,-0.000675469,0.000754998,0.00102896,0.00040503,-0.000537078,-0.000709697,0,0,0,0,0,0,0,-0.204456,26.7383,-24.7643,7.47104,0.819719,2.52523,0.0651953,-0.192415,2.15505,-3.07473,1.90492,0.183019,0.917973,0.0583274
1731762,1,-2.75261,-1.32534,1.01105,-1.94698,1.10108,1.16771,2.20139,-2.75266,-1.32422,1.00895,-1.94565,1.10136,1.16858,2.20139,-6.36368e-05,-0.00109993,-0.000703094,3.6362e-05,-0.000136881,0.000116666,0.000238945,0,0,0,0,0,0,0,-0.204456,26.766,-24.7128,7.49881,0.830705,2.51242,0.0459692,-0.194912,2.15745,-3.07688,1.90374,0.182924,0.918142,0.0584602
1731763,1,-2.75261,-1.32534,1.01105,-1.94698,1.10108,1.16771,2.20139,-2.75266,-1.32422,1.00895,-1.94565,1.10136,1.16858,2.20139,-0.00124885,0.000473141,-0.00102554,2.42413e-05,-9.12539e-05,7.77771e-05,0.000159297,0,0,0,0,0,0,0,-0.152882,26.7144,-24.689,7.49881,0.830705,2.51242,0.0459692,-0.196046,2.15913,-3.07821,1.90313,0.182884,0.918225,0.0585174
1731764,1,-2.75261,-1.32534,1.01106,-1.94698,1.10108,1.16771,2.20139,-2.75266,-1.32422,1.00895,-1.94565,1.10136,1.16858,2.20139,0.000930671,0.000315428,0.00107954,1.61609e-05,-6.08359e-05,0.00028921,-0.00036852,0,0,0,0,0,0,0,-0.22826,26.7144,-24.7643,7.49881,0.830705,2.50601,0.0587866,-0.195302,2.15884,-3.07831,1.90371,0.18292,0.918234,0.058519
1731765,1,-2.75261,-1.32534,1.01105,-1.94698,1.10108,1.16771,2.20139,-2.75266,-1.32422,1.00895,-1.94565,1.10136,1.16858,2.20139,-0.000585979,0.000210285,7.00819e-05,1.07739e-05,0.000162893,-0.000281911,0.000975023,0,0,0,0,0,0,0,-0.176685,26.7144,-24.7366,7.49881,0.825212,2.51882,0.0258276,-0.194292,2.15806,-3.07876,1.90463,0.18296,0.918297,0.0584765
1731766,1,-2.75261,-1.32534,1.01106,-1.94698,1.10108,1.16771,2.20139,-2.75266,-1.32422,1.00895,-1.94565,1.10136,1.16858,2.20139,-0.000390652,-0.00106624,4.67212e-05,0.000656797,-9.4855e-05,-0.0004253,-0.000333329,0,0,0,0,0,0,0,-0.176685,26.766,-24.7366,7.47104,0.830705,2.52523,0.0523779,-0.193383,2.15783,-3.07992,1.9054,0.182992,0.918407,0.0583919
1731767,1,-2.75261,-1.32534,1.01106,-1.94698,1.10108,1.16771,2.20138,-2.75266,-1.32422,1.00895,-1.94565,1.10136,1.16858,2.20139,0.000389179,0.000495602,0.000680761,0.000437864,-0.000470138,0.000191185,-0.00140901,0,0,0,0,0,0,0,-0.204456,26.7144,-24.7643,7.47104,0.841692,2.51242,0.0844213,-0.192947,2.15844,-3.08154,1.90564,0.182998,0.918541,0.058259
1731768,1,-2.75261,-1.32534,1.01106,-1.94698,1.10108,1.16771,2.20138,-2.75266,-1.32422,1.00895,-1.94565,1.10136,1.16858,2.20139,-0.000390161,0.000980015,-0.000195773,0.000848722,0.000296926,0.000364815,-0.000939343,0,0,0,0,0,0,0,-0.176685,26.6867,-24.7366,7.44724,0.825212,2.50601,0.0844213,-0.193025,2.15875,-3.08285,1.90545,0.182965,0.918675,0.0581038
1731769,1,-2.75261,-1.32534,1.01105,-1.94698,1.10108,1.16771,2.20139,-2.75266,-1.32422,1.00895,-1.94565,1.10136,1.16858,2.20139,-0.000260108,3.72957e-06,-0.00124414,-0.00119742,-5.49958e-06,0.00024321,0.000323207,0,0,0,0,0,0,0,-0.176685,26.7144,-24.689,7.52262,0.830705,2.50601,0.0587866,-0.192213,2.15711,-3.08254,1.90588,0.182975,0.91872,0.0579801
1731770,1,-2.75261,-1.32534,1.01105,-1.94698,1.10108,1.16771,2.20139,-2.75266,-1.32422,1.00895,-1.94565,1.10136,1.16858,2.20139,-0.000173405,0.0006521,-0.000272614,0.000408144,-0.000410567,-0.000312578,0.000690189,0,0,0,0,0,0,0,-0.176685,26.6867,-24.7128,7.47104,0.841692,2.51882,0.0459692,-0.190284,2.15391,-3.08069,1.90725,0.183076,0.918677,0.0579148
1731771,1,-2.75261,-1.32534,1.01105,-1.94698,1.10108,1.16771,2.20139,-2.75266,-1.32422,1.00895,-1.94565,1.10136,1.16858,2.20139,-0.000672415,-0.00021488,-0.000181743,-0.000377518,0.000133189,2.89738e-05,-0.000964027,0,0,0,0,0,0,0,-0.152882,26.7144,-24.7128,7.49881,0.830705,2.51242,0.0844213,-0.18795,2.15059,-3.07877,1.90892,0.18322,0.918627,0.057893
1731772,1,-2.75261,-1.32534,1.01105,-1.94698,1.10108,1.16771,2.20139,-2.75266,-1.32422,1.00895,-1.94565,1.10136,1.16858,2.20139,0.000108535,-0.000143254,0.00043565,-0.000251679,0.000495694,-0.000218043,-0.000167967,0,0,0,0,0,0,0,-0.176685,26.7144,-24.7366,7.49881,0.819719,2.51882,0.071604,-0.185717,2.14837,-3.07804,1.91042,0.183378,0.91865,0.0578995
1731773,1,-2.75261,-1.32534,1.01105,-1.94698,1.10108,1.16771,2.20138,-2.75266,-1.32422,1.00895,-1.94565,1.10136,1.16858,2.20139,0.000721971,-0.000652314,-0.000266379,-0.000167786,0.000127012,9.19969e-05,-0.000349337,0,0,0,0,0,0,0,-0.204456,26.7383,-24.7128,7.49881,0.825212,2.51242,0.0780126,-0.184906,2.14799,-3.07862,1.91111,0.183493,0.918777,0.0579426
1731774,1,-2.75261,-1.32534,1.01106,-1.94698,1.10108,1.16771,2.20139,-2.75266,-1.32422,1.00895,-1.94565,1.10136,1.16858,2.20139,0.00159494,-0.00108449,0.000379226,-0.000668669,8.46748e-05,0.00029869,0.00122517,0,0,0,0,0,0,0,-0.252064,26.766,-24.7366,7.52262,0.825212,2.50601,0.038645,-0.187035,2.14992,-3.0801,1.91027,0.183502,0.919,0.0580284
1731776,0.98,-2.75261,-1.32534,1.01106,-1.94698,1.10108,1.16771,2.20138,-2.75266,-1.32422,1.00895,-1.94565,1.10136,1.16858,2.20139,-0.00167306,-0.000636666,0.00137497,-0.00048279,0.000173267,-0.000104608,-0.000348401,0,0,0,0,0,0,0,-0.125111,26.7383,-24.7881,7.52262,0.825212,2.51242,0.0844213,-0.190389,2.15307,-3.08368,1.90929,0.183494,0.919473,0.0582959
1731777,0.98,-2.75261,-1.32534,1.01106,-1.94698,1.10108,1.16771,2.20138,-2.75266,-1.32422,1.00895,-1.94565,1.10136,1.16858,2.20139,0.000740669,0.000781982,0.000359835,-0.00032186,0.000115511,0.00016762,0.00024245,0,0,0,0,0,0,0,-0.204456,26.6867,-24.7643,7.52262,0.825212,2.50601,0.071604,-0.187577,2.15268,-3.08624,1.91109,0.183624,0.919669,0.0584937
1731778,0.98,-2.75261,-1.32534,1.01106,-1.94698,1.10108,1.16771,2.20138,-2.75266,-1.32422,1.00895,-1.94565,1.10136,1.16858,2.20139,-0.000712647,-0.000685104,-0.000409724,0.000991852,0.000280458,-0.000125612,-0.000313084,0,0,0,0,0,0,0,-0.152882,26.7383,-24.7366,7.47104,0.819719,2.51242,0.0844213,-0.185475,2.15249,-3.08849,1.91234,0.1837,0.919816,0.058745
1731779,0.98,-2.75261,-1.32534,1.01105,-1.94698,1.10108,1.16771,2.20138,-2.75266,-1.32422,1.00895,-1.94565,1.10136,1.16858,2.20139,8.17141e-05,-0.000456736,-0.000273149,-0.000545191,-1.64785e-05,-0.0003211,2.8636e-05,0,0,0,0,0,0,0,-0.176685,26.7383,-24.7366,7.52262,0.825212,2.51882,0.0780126,-0.184838,2.15269,-3.08969,1.91251,0.183688,0.919865,0.0590361
1731780,0.98,-2.75261,-1.32534,1.01106,-1.94698,1.10108,1.16771,2.20138,-2.75266,-1.32422,1.00895,-1.94565,1.10136,1.16858,2.20139,5.44761e-05,-0.000304491,-0.000182099,0.000842965,-1.09857e-05,2.32921e-05,-0.000692986,0,0,0,0,0,0,0,-0.176685,26.7383,-24.7366,7.47104,0.825212,2.51242,0.0972387,-0.18519,2.15337,-3.09032,1.91202,0.183623,0.919866,0.059362
1731781,0.98,-2.75261,-1.32534,1.01106,-1.94699,1.10108,1.16771,2.20138,-2.75266,-1.32422,1.00895,-1.94565,1.10136,1.16858,2.20139,3.63174e-05,0.000353818,-0.0001214,-0.00120126,-0.000210774,-0.000221831,0.000250086,0,0,0,0,0,0,0,-0.176685,26.7144,-24.7366,7.54642,0.830705,2.51882,0.0780126,-0.185948,2.15383,-3.09045,1.91147,0.183534,0.919859,0.0597279
1731782,0.98,-2.75261,-1.32534,1.01106,-1.94698,1.10108,1.16771,2.20138,-2.75266,-1.32422,1.00895,-1.94565,1.10136,1.16858,2.20139,0.000673826,-0.000320933,-0.000637745,-0.000244029,6.29343e-05,8.94717e-05,-0.000307994,0,0,0,0,0,0,0,-0.204456,26.7383,-24.7128,7.52262,0.825212,2.51242,0.09083,-0.186511,2.1535,-3.08997,1.91145,0.18347,0.919856,0.0601381
1731783,0.98,-2.75261,-1.32534,1.01105,-1.94698,1.10108,1.16771,2.20138,-2.75266,-1.32422,1.00895,-1.94565,1.10136,1.16858,2.20139,-0.000200397,0.000342856,-0.000981975,-0.000162686,-0.000364945,0.000297007,0.000269389,0,0,0,0,0,0,0,-0.176685,26.7144,-24.689,7.52262,0.836199,2.50601,0.0780126,-0.187185,2.15252,-3.08856,1.91165,0.183413,0.919824,0.0605851
1731784,0.98,-2.75261,-1.32534,1.01105,-1.94698,1.10108,1.16771,2.20138,-2.75266,-1.32422,1.00895,-1.94565,1.10136,1.16858,2.20139,-0.000133598,0.000228571,-0.00130426,-0.000108457,0.000163604,-3.93545e-05,-0.000532484,0,0,0,0,0,0,0,-0.176685,26.7144,-24.6612,7.52262,0.825212,2.51242,0.0972387,-0.187467,2.15053,-3.08589,1.91204,0.183363,0.919705,0.0610598
1731785,0.98,-2.75261,-1.32534,1.01105,-1.94698,1.10108,1.16771,2.20138,-2.75266,-1.32422,1.00895,-1.94565,1.10136,1.16858,2.20139,-8.90653e-05,0.000152381,0.000893728,0.00113412,0.00010907,0.000211123,0.000831805,0,0,0,0,0,0,0,-0.176685,26.7144,-24.7366,7.47104,0.825212,2.50601,0.0651953,-0.1874,2.14835,-3.08316,1.91236,0.1833,0.919558,0.0615585
1731786,0.98,-2.75261,-1.32534,1.01106,-1.94698,1.10108,1.16771,2.20139,-2.75266,-1.32422,1.00895,-1.94565,1.10136,1.16858,2.20139,0.000590237,0.000101587,0.00124543,-0.000450345,-0.000334188,-9.66105e-05,0.000791896,0,0,0,0,0,0,0,-0.204456,26.7144,-24.7643,7.52262,0.836199,2.51242,0.0587866,-0.187928,2.14791,-3.08268,1.91205,0.183188,0.919541,0.0620734
1731787,0.98,-2.75261,-1.32534,1.01105,-1.94698,1.10108,1.16771,2.20139,-2.75266,-1.32422,1.00895,-1.94565,1.10136,1.16858,2.20139,0.000393491,-0.000489087,-0.000376137,0.000256582,0.000184109,-6.4407e-05,0.00052793,0,0,0,0,0,0,0,-0.204456,26.7383,-24.7128,7.49881,0.825212,2.51242,0.0587866,-0.189288,2.14923,-3.08428,1.91131,0.183057,0.919669,0.0625757
1731788,0.98,-2.75261,-1.32534,1.01105,-1.94698,1.10108,1.16771,2.20139,-2.75266,-1.32422,1.00895,-1.94565,1.10136,1.16858,2.20139,-0.000387286,0.000230754,-0.00080757,-0.000385757,-0.000487612,-4.2938e-05,0.000351954,0,0,0,0,0,0,0,-0.176685,26.7144,-24.689,7.52262,0.841692,2.51242,0.0587866,-0.190654,2.15055,-3.08555,1.91074,0.182959,0.919778,0.0630299
1731789,0.98,-2.75261,-1.32534,1.01106,-1.94698,1.10108,1.16771,2.20139,-2.75266,-1.32422,1.00895,-1.94565,1.10136,1.16858,2.20139,-0.000258191,0.00080345,0.000575244,0.000949254,-0.000121624,-2.86253e-05,0.000234636,0,0,0,0,0,0,0,-0.176685,26.6867,-24.7366,7.47104,0.836199,2.51242,0.0587866,-0.190793,2.15052,-3.08571,1.91082,0.182921,0.919798,0.0634194
1731790,0.98,-2.75261,-1.32534,1.01106,-1.94698,1.10108,1.16771,2.20138,-2.75266,-1.32422,1.00895,-1.94565,1.10136,1.16858,2.20139,0.000477487,-0.000670793,-0.000173316,0.000632836,0.000122368,0.000218275,-8.09351e-05,0,0,0,0,0,0,0,-0.204456,26.7383,-24.7128,7.47104,0.830705,2.50601,0.0651953,-0.190773,2.15031,-3.08584,1.91073,0.182882,0.919799,0.0637374
1731791,0.98,-2.75261,-1.32534,1.01105,-1.94698,1.10108,1.16771,2.20139,-2.75266,-1.32422,1.00895,-1.94565,1.10136,1.16858,2.20139,0.000875136,-0.000447195,-0.000115544,0.000421891,8.15785e-05,0.000145517,0.00140411,0,0,0,0,0,0,0,-0.22826,26.7383,-24.7128,7.47104,0.830705,2.50601,0.0258276,-0.192623,2.15159,-3.08643,1.90936,0.182782,0.919827,0.0639824
1731792,0.98,-2.75261,-1.32534,1.01105,-1.94698,1.10108,1.16771,2.20139,-2.75266,-1.32422,1.00895,-1.94565,1.10136,1.16858,2.20139,2.66123e-05,0.00146511,0.000479783,0.000838072,5.43856e-05,9.70113e-05,-0.000284633,0,0,0,0,0,0,0,-0.204456,26.6629,-24.7366,7.44724,0.830705,2.50601,0.0587866,-0.195522,2.15325,-3.08696,1.90739,0.182657,0.919861,0.0641524
1731793,0.98,-2.75261,-1.32534,1.01105,-1.94698,1.10108,1.16771,2.20139,-2.75266,-1.32422,1.00895,-1.94565,1.10136,1.16858,2.20139,-0.000631872,-0.000786499,-0.00200019,-0.000647711,0.000443158,6.46742e-05,0.00103095,0,0,0,0,0,0,0,-0.176685,26.7383,-24.6374,7.49881,0.819719,2.50601,0.0258276,-0.196906,2.15318,-3.08643,1.90637,0.182605,0.919816,0.0642388
1731794,0.98,-2.75261,-1.32534,1.01105,-1.94698,1.10108,1.16771,2.20139,-2.75266,-1.32422,1.00895,-1.94565,1.10136,1.16858,2.20139,0.000228366,3.24791e-05,0.000429775,-0.000988619,-0.000314913,-0.000194243,-0.000533405,0,0,0,0,0,0,0,-0.204456,26.7144,-24.7128,7.52262,0.836199,2.51242,0.0587866,-0.196107,2.15169,-3.08496,1.90693,0.182694,0.919703,0.0642362
1731795,0.98,-2.75261,-1.32534,1.01105,-1.94698,1.10108,1.16771,2.20139,-2.75266,-1.32422,1.00895,-1.94565,1.10136,1.16858,2.20139,0.000152244,-0.000535159,0.000286516,-0.000102268,-6.49135e-06,0.000107864,0.0008651,0,0,0,0,0,0,0,-0.204456,26.7383,-24.7128,7.49881,0.830705,2.50601,0.0258276,-0.194608,2.15069,-3.08436,1.90825,0.182861,0.919662,0.064148
1731796,0.98,-2.75261,-1.32534,1.01105,-1.94698,1.10108,1.16771,2.20139,-2.75266,-1.32422,1.00895,-1.94565,1.10136,1.16858,2.20139,-0.000548118,0.000849653,0.000191011,0.00113825,-4.32757e-06,-0.00016545,0.000102016,0,0,0,0,0,0,0,-0.176685,26.6867,-24.7128,7.44724,0.830705,2.51242,0.038645,-0.193357,2.1505,-3.08492,1.90926,0.182999,0.919684,0.0639819
1731797,0.98,-2.75261,-1.32534,1.01106,-1.94699,1.10108,1.16771,2.20139,-2.75266,-1.32422,1.00895,-1.94565,1.10136,1.16858,2.20139,0.000841014,-0.000639991,0.000684153,-0.00156122,0.000200565,-0.0001103,0.000305369,0,0,0,0,0,0,0,-0.22826,26.7383,-24.7366,7.54642,0.825212,2.51242,0.0322363,-0.192331,2.15057,-3.08595,1.90995,0.1831,0.919729,0.0637402
1731798,0.98,-2.75261,-1.32534,1.01106,-1.94698,1.10108,1.16771,2.20139,-2.75266,-1.32422,1.00895,-1.94565,1.10136,1.16858,2.20139,-0.00064575,-0.00107627,-0.00010071,7.28118e-05,-6.97402e-05,0.000401185,0.000915656,0,0,0,0,0,0,0,-0.176685,26.766,-24.7128,7.49881,0.830705,2.4996,0.0130102,-0.191592,2.15148,-3.08775,1.91068,0.183217,0.919837,0.0634223
1731799,0.98,-2.75261,-1.32534,1.01105,-1.94698,1.10108,1.16771,2.20139,-2.75266,-1.32422,1.00895,-1.94565,1.10136,1.16858,2.20139,0.000219114,0.00048891,0.000489672,0.000698155,0.000597767,3.00975e-05,-0.000338998,0,0,0,0,0,0,0,-0.204456,26.7144,-24.7366,7.47104,0.81331,2.50601,0.038645,-0.191184,2.15309,-3.08982,1.91108,0.183313,0.919939,0.0630245
1731800,0.98,-2.75261,-1.32534,1.01106,-1.94698,1.10108,1.16771,2.20139,-2.75266,-1.32422,1.00895,-1.94565,1.10136,1.16858,2.20139,0.000146076,-0.000230872,0.000326448,0.000465437,-0.000245749,-0.000217294,0.000486078,0,0,0,0,0,0,0,-0.204456,26.7383,-24.7366,7.47104,0.830705,2.51242,0.0194189,-0.191459,2.1546,-3.09149,1.91073,0.183317,0.919987,0.0625466
1731801,0.98,-2.75261,-1.32534,1.01105,-1.94698,1.10108,1.16771,2.20139,-2.75266,-1.32422,1.00895,-1.94565,1.10136,1.16858,2.20139,9.7384e-05,0.00105251,-0.000895992,-0.000339323,-0.000367283,0.000329855,-0.000388025,0,0,0,0,0,0,0,-0.204456,26.6867,-24.689,7.49881,0.836199,2.4996,0.038645,-0.192001,2.15505,-3.092,1.91023,0.183272,0.919965,0.0620006
1731802,0.98,-2.75261,-1.32534,1.01105,-1.94698,1.10108,1.16771,2.20139,-2.75266,-1.32422,1.00895,-1.94565,1.10136,1.16858,2.20139,6.49226e-05,-0.000504752,0.000516296,0.000423399,-4.14049e-05,-1.74554e-05,0.000216035,0,0,0,0,0,0,0,-0.204456,26.7383,-24.7366,7.47104,0.830705,2.50601,0.0258276,-0.192147,2.15418,-3.09121,1.91012,0.183241,0.919863,0.0614005
1731803,0.98,-2.75261,-1.32534,1.01105,-1.94698,1.10108,1.16771,2.20138,-2.75266,-1.32422,1.00895,-1.94565,1.10136,1.16858,2.20139,-0.000606332,-0.000336501,-0.000769427,-0.000367348,-0.000231054,-0.000248996,-0.0015514,0,0,0,0,0,0,0,-0.176685,26.7383,-24.689,7.49881,0.836199,2.51242,0.071604,-0.191952,2.15333,-3.09036,1.9102,0.183238,0.919741,0.0607614
1731804,0.98,-2.75261,-1.32534,1.01105,-1.94698,1.10108,1.16771,2.20139,-2.75266,-1.32422,1.00895,-1.94565,1.10136,1.16858,2.20139,0.000802204,0.000332478,0.000600673,-0.000801711,0.000252865,-0.000165997,0.000423797,0,0,0,0,0,0,0,-0.22826,26.7144,-24.7366,7.52262,0.825212,2.51242,0.0322363,-0.191372,2.15268,-3.0898,1.91066,0.183284,0.919641,0.0601139
1731805,0.98,-2.75261,-1.32534,1.01105,-1.94698,1.10108,1.16771,2.20139,-2.75266,-1.32422,1.00895,-1.94565,1.10136,1.16858,2.20139,-2.2009e-05,0.000221652,-0.000156363,2.23382e-05,0.000168577,-0.000585383,0.000282531,0,0,0,0,0,0,0,-0.204456,26.7144,-24.7128,7.49881,0.825212,2.52523,0.0322363,-0.190908,2.15188,-3.08936,1.91139,0.183348,0.91959,0.0594933
1731806,0.98,-2.75261,-1.32534,1.01105,-1.94698,1.10108,1.16771,2.20139,-2.75266,-1.32422,1.00895,-1.94565,1.10136,1.16858,2.20139,-0.000664287,0.000147768,-0.000104242,0.000664506,0.000315835,8.44627e-05,0.000663072,0,0,0,0,0,0,0,-0.176685,26.7144,-24.7128,7.47104,0.819719,2.51242,0.0194189,-0.1905,2.15095,-3.0889,1.91196,0.183388,0.919544,0.0589009
1731807,0.98,-2.75261,-1.32534,1.01105,-1.94698,1.10108,1.16771,2.20139,-2.75266,-1.32422,1.00895,-1.94565,1.10136,1.16858,2.20139,-0.00099967,9.85119e-05,0.000487317,-0.00020661,-0.000399795,-0.00018105,-0.000270029,0,0,0,0,0,0,0,-0.152882,26.7144,-24.7366,7.49881,0.836199,2.51882,0.038645,-0.189027,2.14977,-3.08855,1.91272,0.183433,0.919478,0.0583155
1731808,0.98,-2.75261,-1.32534,1.01106,-1.94698,1.10108,1.16771,2.20138,-2.75266,-1.32422,1.00895,-1.94565,1.10136,1.16858,2.20139,0.000539979,0.000715289,0.000324878,0.000511874,-6.30794e-05,0.000116659,-0.0021128,0,0,0,0,0,0,0,-0.204456,26.6867,-24.7366,7.47104,0.830705,2.51242,0.09083,-0.186925,2.14856,-3.08864,1.91366,0.183483,0.919448,0.057726
1731809,0.98,-2.75261,-1.32534,1.01105,-1.94698,1.10108,1.16771,2.20138,-2.75266,-1.32422,1.00895,-1.94565,1.10136,1.16858,2.20139,-0.000289628,-0.00137918,-0.000340227,-0.000308365,-4.20529e-05,-0.000159587,-0.000459097,0,0,0,0,0,0,0,-0.176685,26.766,-24.7128,7.49881,0.830705,2.51882,0.0651953,-0.185984,2.14814,-3.08901,1.91396,0.18349,0.919473,0.0571569
1731810,0.98,-2.75261,-1.32534,1.01105,-1.94698,1.10108,1.16772,2.20139,-2.75266,-1.32422,1.00895,-1.94565,1.10136,1.16858,2.20139,0.000456529,0.000286972,-0.000226818,0.000444038,-2.80353e-05,-0.000106391,-6.87057e-05,0,0,0,0,0,0,0,-0.204456,26.7144,-24.7128,7.47104,0.830705,2.51882,0.0587866,-0.186596,2.14887,-3.08936,1.91337,0.183457,0.919527,0.0566597
1731811,0.98,-2.75261,-1.32534,1.01105,-1.94698,1.10108,1.16772,2.20138,-2.75266,-1.32422,1.00895,-1.94565,1.10136,1.16858,2.20139,0.000861165,0.000191315,0.0004056,0.000852837,-1.86902e-05,0.000641149,-0.0012326,0,0,0,0,0,0,0,-0.22826,26.7144,-24.7366,7.44724,0.830705,2.4996,0.09083,-0.18877,2.15013,-3.08942,1.91184,0.183358,0.919592,0.056259
1731812,0.98,-2.75261,-1.32534,1.01105,-1.94698,1.10108,1.16771,2.20138,-2.75266,-1.32422,1.00895,-1.94565,1.10136,1.16858,2.20139,-0.000632316,-0.000429269,-0.000843224,-0.00119468,0.00019099,0.000190074,-0.000347014,0,0,0,0,0,0,0,-0.176685,26.7383,-24.689,7.52262,0.825212,2.50601,0.0780126,-0.191352,2.15113,-3.08911,1.91012,0.183244,0.919654,0.0559621
1731813,0.98,-2.75261,-1.32534,1.01105,-1.94698,1.10108,1.16771,2.20138,-2.75266,-1.32422,1.00895,-1.94565,1.10136,1.16858,2.20139,-0.000978356,-0.000935793,-5.33725e-06,-0.000239641,-7.61236e-05,0.000126716,-0.000706061,0,0,0,0,0,0,0,-0.152882,26.766,-24.7128,7.49881,0.830705,2.50601,0.09083,-0.191736,2.15139,-3.08872,1.90984,0.183263,0.919687,0.0557852
1731814,0.98,-2.75261,-1.32534,1.01105,-1.94698,1.10108,1.16771,2.20138,-2.75266,-1.32422,1.00895,-1.94565,1.10136,1.16858,2.20139,-0.000652237,0.000582564,-0.00056037,-0.000159761,-0.0002542,-0.000390241,4.01064e-06,0,0,0,0,0,0,0,-0.152882,26.7144,-24.689,7.49881,0.836199,2.51882,0.0780126,-0.189683,2.15084,-3.08834,1.91097,0.183402,0.91968,0.0557369
1731815,0.98,-2.75261,-1.32534,1.01105,-1.94698,1.10108,1.16771,2.20138,-2.75266,-1.32422,1.00895,-1.94565,1.10136,1.16858,2.20139,0.000771601,0.00103799,-0.00037358,-0.000663319,3.39841e-05,0.000214558,-0.000472044,0,0,0,0,0,0,0,-0.204456,26.6867,-24.689,7.52262,0.830705,2.50601,0.09083,-0.186991,2.14895,-3.0871,1.9126,0.183555,0.919627,0.0558132
1731816,0.98,-2.75261,-1.32534,1.01105,-1.94698,1.10108,1.16772,2.20138,-2.75266,-1.32422,1.00895,-1.94565,1.10136,1.16858,2.20139,0.000514401,-0.00116405,0.000864571,0.000764213,-0.000180794,0.000380397,0.000160022,0,0,0,0,0,0,0,-0.204456,26.766,-24.7366,7.47104,0.836199,2.4996,0.0780126,-0.186061,2.1474,-3.08578,1.91338,0.183628,0.919605,0.0559985
1731817,0.98,-2.75261,-1.32534,1.01105,-1.94698,1.10108,1.16771,2.20138,-2.75266,-1.32422,1.00895,-1.94565,1.10136,1.16858,2.20139,0.000899746,0.00108001,0.00057638,0.000509475,-0.00012053,1.62393e-05,-0.000130678,0,0,0,0,0,0,0,-0.22826,26.6867,-24.7366,7.47104,0.836199,2.50601,0.0844213,-0.187992,2.14824,-3.08598,1.91229,0.183569,0.919678,0.0562743
1731818,0.98,-2.75261,-1.32534,1.01105,-1.94698,1.10108,1.16771,2.20138,-2.75266,-1.32422,1.00895,-1.94565,1.10136,1.16858,2.20139,4.30185e-05,7.03919e-05,0.000384254,-0.000866776,0.000123097,-0.000226533,0.00015024,0,0,0,0,0,0,0,-0.204456,26.7144,-24.7366,7.52262,0.830705,2.51242,0.0780126,-0.190729,2.1497,-3.08694,1.91071,0.183473,0.919791,0.056628
1731819,0.98,-2.75261,-1.32534,1.01105,-1.94698,1.10108,1.16771,2.20138,-2.75266,-1.32422,1.00895,-1.94565,1.10136,1.16858,2.20139,-0.000620935,4.69279e-05,-0.000857455,-0.00057785,8.2065e-05,8.63371e-05,0.00010016,0,0,0,0,0,0,0,-0.176685,26.7144,-24.689,7.52262,0.830705,2.50601,0.0780126,-0.191649,2.14986,-3.0874,1.91046,0.183489,0.919857,0.0570441
1731820,0.98,-2.75261,-1.32534,1.01105,-1.94698,1.10108,1.16771,2.20138,-2.75266,-1.32422,1.00895,-1.94565,1.10136,1.16858,2.20139,0.000235657,3.12853e-05,-0.000571637,0.000171578,0.00025816,0.000294917,6.67735e-05,0,0,0,0,0,0,0,-0.204456,26.7144,-24.689,7.49881,0.825212,2.4996,0.0780126,-0.190966,2.14883,-3.08675,1.9112,0.183597,0.919813,0.0575003
1731821,0.98,-2.75261,-1.32534,1.01105,-1.94698,1.10108,1.16771,2.20138,-2.75266,-1.32422,1.00895,-1.94565,1.10136,1.16858,2.20139,0.000157105,-0.000535955,0.000175721,-0.000442426,0.000172107,-4.07476e-05,4.45157e-05,0,0,0,0,0,0,0,-0.204456,26.7383,-24.7128,7.52262,0.825212,2.50601,0.0780126,-0.190586,2.14796,-3.08566,1.91167,0.18369,0.919711,0.0579778
1731822,0.98,-2.75261,-1.32534,1.01105,-1.94698,1.10108,1.16771,2.20138,-2.75266,-1.32422,1.00895,-1.94565,1.10136,1.16858,2.20139,0.000104737,0.000199509,0.000117147,0.000911475,0.000114738,-0.000264524,-0.00115712,0,0,0,0,0,0,0,-0.204456,26.7144,-24.7128,7.47104,0.825212,2.51242,0.110056,-0.191159,2.14821,-3.0853,1.91146,0.183723,0.919634,0.058467
1731823,0.98,-2.75261,-1.32534,1.01105,-1.94698,1.10108,1.16771,2.20139,-2.75266,-1.32422,1.00895,-1.94565,1.10136,1.16858,2.20139,6.98244e-05,-0.000423806,0.00063491,-4.1964e-05,7.6492e-05,6.10096e-05,0.00160218,0,0,0,0,0,0,0,-0.204456,26.7383,-24.7366,7.49881,0.825212,2.50601,0.0459692,-0.192351,2.14938,-3.08582,1.91067,0.183693,0.919592,0.0589746
1731824,0.98,-2.75261,-1.32534,1.01105,-1.94698,1.10108,1.16771,2.20139,-2.75266,-1.32422,1.00895,-1.94565,1.10136,1.16858,2.20139,-0.000603064,0.000274274,0.000423273,-2.7976e-05,-0.000355906,4.06731e-05,0.00106812,0,0,0,0,0,0,0,-0.176685,26.7144,-24.7366,7.49881,0.836199,2.50601,0.0459692,-0.193059,2.15081,-3.08711,1.91006,0.183662,0.91958,0.0595008
1731825,0.98,-2.75261,-1.32534,1.01105,-1.94698,1.10108,1.16771,2.20138,-2.75266,-1.32422,1.00895,-1.94565,1.10136,1.16858,2.20139,0.000247571,-0.000373962,-0.000831442,0.000630963,-3.38204e-05,0.000264474,-0.000237357,0,0,0,0,0,0,0,-0.204456,26.7383,-24.689,7.47104,0.830705,2.4996,0.071604,-0.193014,2.15174,-3.08817,1.90988,0.183655,0.919536,0.0600026
1731826,0.98,-2.75261,-1.32534,1.01105,-1.94698,1.10108,1.16771,2.20139,-2.75266,-1.32422,1.00895,-1.94565,1.10136,1.16858,2.20139,-0.000484567,-0.000249308,2.51754e-06,0.000420642,0.000180904,-6.10427e-05,0.00153718,0,0,0,0,0,0,0,-0.176685,26.7383,-24.7128,7.47104,0.825212,2.50601,0.0258276,-0.193256,2.15232,-3.08826,1.90938,0.183625,0.919411,0.0604396
1731827,0.98,-2.75261,-1.32534,1.01105,-1.94699,1.10108,1.16771,2.20139,-2.75266,-1.32422,1.00895,-1.94565,1.10136,1.16858,2.20139,0.000883382,0.00104022,1.67836e-06,-0.00148281,0.000324053,-0.000515413,4.14446e-05,0,0,0,0,0,0,0,-0.22826,26.6867,-24.7128,7.54642,0.819719,2.51882,0.0523779,-0.193423,2.15226,-3.08778,1.90917,0.183608,0.91927,0.0608008
1731828,0.98,-2.75261,-1.32534,1.01105,-1.94698,1.10108,1.16771,2.20139,-2.75266,-1.32422,1.00895,-1.94565,1.10136,1.16858,2.20139,-0.000617505,4.38663e-05,1.1189e-06,0.000774698,0.000216035,0.000131109,0.000536256,0,0,0,0,0,0,0,-0.176685,26.7144,-24.7128,7.47104,0.819719,2.50601,0.038645,-0.192918,2.15107,-3.08694,1.90982,0.183627,0.919156,0.0610707
1731829,0.98,-2.75261,-1.32534,1.01105,-1.94698,1.10108,1.16771,2.20139,-2.75266,-1.32422,1.00895,-1.94565,1.10136,1.16858,2.20139,-0.00041167,0.000678858,0.000557558,0.000516465,-5.9427e-05,0.000324765,0.000832222,0,0,0,0,0,0,0,-0.176685,26.6867,-24.7366,7.47104,0.825212,2.4996,0.0258276,-0.191879,2.14954,-3.08623,1.9106,0.183627,0.919042,0.0612373
1731830,0.98,-2.75261,-1.32534,1.01105,-1.94698,1.10108,1.16771,2.20139,-2.75266,-1.32422,1.00895,-1.94565,1.10136,1.16858,2.20139,-0.000274447,-0.000197042,-0.000741919,-0.000305304,-0.000243069,0.00021651,0.000317456,0,0,0,0,0,0,0,-0.176685,26.7144,-24.689,7.49881,0.830705,2.4996,0.0322363,-0.190402,2.14806,-3.08571,1.91129,0.183608,0.918907,0.0612948
1731831,0.98,-2.75261,-1.32534,1.01105,-1.94698,1.10108,1.16771,2.20139,-2.75266,-1.32422,1.00895,-1.94565,1.10136,1.16858,2.20139,0.00046665,-0.000688173,6.21995e-05,0.000446078,-0.000162046,-9.30189e-05,0.000211637,0,0,0,0,0,0,0,-0.204456,26.7383,-24.7128,7.47104,0.830705,2.50601,0.0322363,-0.189602,2.14725,-3.08516,1.91159,0.183569,0.918765,0.0612335
1731832,0.98,-2.75261,-1.32534,1.01105,-1.94698,1.10108,1.16772,2.20139,-2.75266,-1.32422,1.00895,-1.94565,1.10136,1.16858,2.20139,-0.000338514,9.80298e-05,4.14663e-05,-0.00090904,9.54201e-05,-6.20126e-05,-0.000367535,0,0,0,0,0,0,0,-0.176685,26.7144,-24.7128,7.52262,0.825212,2.50601,0.0459692,-0.189799,2.14753,-3.08505,1.91142,0.183513,0.918659,0.0610595
1731833,0.98,-2.75261,-1.32534,1.01105,-1.94698,1.10108,1.16771,2.20139,-2.75266,-1.32422,1.00895,-1.94565,1.10136,1.16858,2.20139,-0.000225676,-0.000491459,-0.000529168,0.000600399,6.36134e-05,-0.00051606,0.000263603,0,0,0,0,0,0,0,-0.176685,26.7383,-24.689,7.47104,0.825212,2.51882,0.0322363,-0.189804,2.14797,-3.08517,1.91145,0.183479,0.918576,0.0607956
1731834,0.98,-2.75261,-1.32534,1.01105,-1.94698,1.10108,1.16771,2.20139,-2.75266,-1.32422,1.00895,-1.94565,1.10136,1.16858,2.20139,-0.00135688,-0.000327639,-0.000352778,-0.000249348,-0.000161042,-0.000106681,-0.000332891,0,0,0,0,0,0,0,-0.125111,26.7383,-24.689,7.49881,0.830705,2.51242,0.0459692,-0.188918,2.14807,-3.08504,1.91182,0.183474,0.918462,0.0604641
1731835,0.98,-2.75261,-1.32534,1.01105,-1.94698,1.10108,1.16771,2.20139,-2.75266,-1.32422,1.00895,-1.94565,1.10136,1.16858,2.20139,0.000301841,-0.000218426,0.000321626,-0.000166232,9.60895e-05,-0.000545838,-0.000459286,0,0,0,0,0,0,0,-0.176685,26.7383,-24.7128,7.49881,0.825212,2.52523,0.0523779,-0.187234,2.14806,-3.08503,1.9125,0.183498,0.91836,0.060084
1731836,0.98,-2.75261,-1.32534,1.01105,-1.94698,1.10108,1.16771,2.20139,-2.75266,-1.32422,1.00895,-1.94565,1.10136,1.16858,2.20139,-0.000355584,0.000411195,-0.000342394,0.000538793,-0.000139391,0.000348185,-0.000306191,0,0,0,0,0,0,0,-0.152882,26.7144,-24.689,7.47104,0.830705,2.50601,0.0523779,-0.185903,2.1481,-3.08512,1.913,0.183498,0.918312,0.0596781
1731837,0.98,-2.75261,-1.32534,1.01105,-1.94698,1.10108,1.16772,2.20139,-2.75266,-1.32422,1.00895,-1.94565,1.10136,1.16858,2.20139,0.00152618,0.00027413,0.000328549,-0.000847231,-9.29273e-05,0.000469482,3.32317e-05,0,0,0,0,0,0,0,-0.22826,26.7144,-24.7128,7.52262,0.830705,2.4996,0.0459692,-0.185975,2.14812,-3.08483,1.91284,0.183432,0.918305,0.0592703
1731838,0.98,-2.75261,-1.32534,1.01105,-1.94698,1.10108,1.16771,2.20139,-2.75266,-1.32422,1.00895,-1.94565,1.10136,1.16858,2.20139,0.000460642,0.000182753,-0.000337779,0.00119842,0.00034495,7.5629e-05,2.21545e-05,0,0,0,0,0,0,0,-0.204456,26.7144,-24.689,7.44724,0.819719,2.50601,0.0459692,-0.188049,2.14846,-3.08419,1.91172,0.183285,0.918334,0.0588743
1731839,0.98,-2.75261,-1.32534,1.01105,-1.94698,1.10108,1.16771,2.20138,-2.75266,-1.32422,1.00895,-1.94565,1.10136,1.16858,2.20139,0.000307095,-0.000434977,0.000888438,0.000242133,0.000229966,-0.00018694,-0.00140938,0,0,0,0,0,0,0,-0.204456,26.7383,-24.7366,7.47104,0.819719,2.51242,0.0844213,-0.19161,2.14978,-3.08391,1.90955,0.183057,0.918388,0.0584934
1731840,0.98,-2.75261,-1.32534,1.01105,-1.94698,1.10108,1.16771,2.20139,-2.75266,-1.32422,1.00895,-1.94565,1.10136,1.16858,2.20139,0.00020473,-0.000289984,-0.000521332,-0.001045,-0.00025359,-0.000124626,9.84644e-06,0,0,0,0,0,0,0,-0.204456,26.7383,-24.689,7.52262,0.830705,2.51242,0.0587866,-0.194726,2.15167,-3.08441,1.90755,0.182853,0.918476,0.0581453
1731841,0.98,-2.75261,-1.32534,1.01105,-1.94698,1.10108,1.16771,2.20139,-2.75266,-1.32422,1.00895,-1.94565,1.10136,1.16858,2.20139,-0.00106994,0.000363489,-0.000347555,0.000509757,3.43904e-05,0.000391634,6.56429e-06,0,0,0,0,0,0,0,-0.152882,26.7144,-24.689,7.47104,0.825212,2.4996,0.0587866,-0.195662,2.1525,-3.08457,1.90698,0.182764,0.918527,0.0578587
1731842,0.98,-2.75261,-1.32534,1.01105,-1.94698,1.10108,1.16771,2.20138,-2.75266,-1.32422,1.00895,-1.94565,1.10136,1.16858,2.20139,0.00160676,-0.000314486,-0.000231703,0.000339838,-0.000180524,-0.000213629,-0.000232983,0,0,0,0,0,0,0,-0.252064,26.7383,-24.689,7.47104,0.830705,2.51242,0.0651953,-0.195685,2.15234,-3.08384,1.90683,0.182702,0.918496,0.0576366
1731843,0.98,-2.75261,-1.32534,1.01105,-1.94698,1.10108,1.16771,2.20138,-2.75266,-1.32422,1.00895,-1.94565,1.10136,1.16858,2.20139,-0.00189849,0.000347155,0.000402343,0.000226558,-0.000120349,-0.000142419,-0.00110476,0,0,0,0,0,0,0,-0.125111,26.7144,-24.7128,7.47104,0.830705,2.51242,0.09083,-0.195894,2.15229,-3.08313,1.90638,0.182616,0.918453,0.0574709
1731844,0.98,-2.75261,-1.32534,1.01105,-1.94698,1.10108,1.16771,2.20138,-2.75266,-1.32422,1.00895,-1.94565,1.10136,1.16858,2.20139,0.000590378,-0.000325376,-0.000288583,-0.000498575,0.000123218,-9.49461e-05,-0.000973864,0,0,0,0,0,0,0,-0.204456,26.7383,-24.689,7.49881,0.825212,2.51242,0.0972387,-0.194647,2.15187,-3.08284,1.9067,0.182597,0.918421,0.0573734
1731845,0.98,-2.75261,-1.32534,1.01105,-1.94698,1.10108,1.16771,2.20138,-2.75266,-1.32422,1.00895,-1.94565,1.10136,1.16858,2.20139,-0.00081284,-0.000216917,0.000364423,-0.000332383,-0.000121305,-6.32974e-05,-0.000174525,0,0,0,0,0,0,0,-0.152882,26.7383,-24.7128,7.49881,0.830705,2.51242,0.0844213,-0.19242,2.15132,-3.0829,1.90772,0.182646,0.918419,0.0573693
1731846,0.98,-2.75261,-1.32534,1.01105,-1.94698,1.10108,1.16771,2.20138,-2.75266,-1.32422,1.00895,-1.94565,1.10136,1.16858,2.20139,-0.00119151,0.00106181,-0.000963477,-0.000221589,-8.08702e-05,0.00043252,0.000358368,0,0,0,0,0,0,0,-0.125111,26.6867,-24.6612,7.49881,0.830705,2.4996,0.071604,-0.189057,2.14994,-3.08256,1.90948,0.182758,0.918395,0.0574757
1731847,0.98,-2.75261,-1.32534,1.01105,-1.94698,1.10108,1.16771,2.20139,-2.75266,-1.32422,1.00895,-1.94565,1.10136,1.16858,2.20139,-0.000144724,-0.00049855,7.29587e-06,-0.000704538,0.000352988,5.09875e-05,0.00071363,0,0,0,0,0,0,0,-0.152882,26.7383,-24.689,7.52262,0.819719,2.50601,0.0587866,-0.184278,2.14711,-3.08123,1.91208,0.182931,0.918298,0.057681
1731848,0.98,-2.75261,-1.32534,1.01105,-1.94698,1.10108,1.16771,2.20138,-2.75266,-1.32422,1.00895,-1.94565,1.10136,1.16858,2.20139,0.000460329,0.000224446,0.000561676,8.712e-05,0.000235325,3.39916e-05,-0.000473682,0,0,0,0,0,0,0,-0.176685,26.7144,-24.7128,7.49881,0.819719,2.50601,0.0844213,-0.180727,2.14509,-3.0802,1.91407,0.183058,0.918236,0.0579474
1731849,0.98,-2.75261,-1.32534,1.01105,-1.94698,1.10108,1.16771,2.20138,-2.75266,-1.32422,1.00895,-1.94565,1.10136,1.16858,2.20139,0.000306886,-0.000407182,-0.000182361,0.000707694,-4.65672e-05,0.00026002,-7.84294e-05,0,0,0,0,0,0,0,-0.176685,26.7383,-24.689,7.47104,0.825212,2.4996,0.0780126,-0.180087,2.14515,-3.08013,1.91429,0.183042,0.918251,0.0582436
1731850,0.98,-2.75261,-1.32534,1.01105,-1.94698,1.10108,1.16772,2.20139,-2.75266,-1.32422,1.00895,-1.94565,1.10136,1.16858,2.20139,0.000204591,-0.000271454,-0.000121574,0.000471796,0.000172406,0.000410706,0.00140578,0,0,0,0,0,0,0,-0.176685,26.7383,-24.689,7.47104,0.819719,2.49319,0.038645,-0.181854,2.1467,-3.08024,1.91282,0.182888,0.918258,0.0585615
1731851,0.98,-2.75261,-1.32534,1.01105,-1.94698,1.10108,1.16771,2.20138,-2.75266,-1.32422,1.00895,-1.94565,1.10136,1.16858,2.20139,0.000786008,0.00102546,-8.10495e-05,0.000314531,-0.000291964,-0.000438273,-0.000520878,0,0,0,0,0,0,0,-0.204456,26.6867,-24.689,7.47104,0.830705,2.51242,0.0780126,-0.184737,2.1484,-3.07991,1.91059,0.182659,0.918219,0.0588873
1731852,0.98,-2.75261,-1.32534,1.01105,-1.94698,1.10108,1.16772,2.20138,-2.75266,-1.32422,1.00895,-1.94565,1.10136,1.16858,2.20139,-0.000125609,-0.000522788,-5.4033e-05,-0.000439927,-0.000194643,0.000419895,-0.000347252,0,0,0,0,0,0,0,-0.176685,26.7383,-24.689,7.49881,0.830705,2.49319,0.0780126,-0.187428,2.14936,-3.07911,1.90867,0.182435,0.918155,0.0591972
1731853,0.98,-2.75261,-1.32534,1.01105,-1.94698,1.10108,1.16771,2.20138,-2.75266,-1.32422,1.00895,-1.94565,1.10136,1.16858,2.20139,-8.37392e-05,0.000208286,-0.000685636,-0.000293285,0.000277139,4.25709e-05,-0.000943578,0,0,0,0,0,0,0,-0.176685,26.7144,-24.6612,7.49881,0.819719,2.4996,0.0972387,-0.188844,2.14966,-3.07812,1.9077,0.182292,0.918064,0.0594925
1731854,0.98,-2.75261,-1.32534,1.01105,-1.94698,1.10108,1.16771,2.20139,-2.75266,-1.32422,1.00895,-1.94565,1.10136,1.16858,2.20139,0.000593788,-0.000417954,0.000192523,0.000454091,-0.000222141,-0.000208978,0.00126982,0,0,0,0,0,0,0,-0.204456,26.7383,-24.689,7.47104,0.830705,2.50601,0.0459692,-0.189634,2.14984,-3.07709,1.90713,0.182193,0.917944,0.0597964
1731855,0.98,-2.75261,-1.32534,1.01105,-1.94698,1.10108,1.16772,2.20138,-2.75266,-1.32422,1.00895,-1.94565,1.10136,1.16858,2.20139,0.00095267,0.000278176,0.000128349,-0.000346887,-0.000148094,-0.000139319,-0.000577607,0,0,0,0,0,0,0,-0.22826,26.7144,-24.689,7.49881,0.830705,2.50601,0.0844213,-0.191339,2.15072,-3.07648,1.90607,0.182061,0.917849,0.0601149
1731856,0.98,-2.75261,-1.32534,1.01105,-1.94698,1.10108,1.16771,2.20138,-2.75266,-1.32422,1.00895,-1.94565,1.10136,1.16858,2.20139,-0.00112812,0.00018545,8.55659e-05,0.000418356,0.000104721,-0.000330238,8.96463e-05,0,0,0,0,0,0,0,-0.152882,26.7144,-24.689,7.47104,0.825212,2.51242,0.071604,-0.192796,2.15161,-3.07628,1.90518,0.181942,0.917777,0.0604351
1731857,0.98,-2.75261,-1.32534,1.01105,-1.94698,1.10108,1.16771,2.20138,-2.75266,-1.32422,1.00895,-1.94565,1.10136,1.16858,2.20139,-0.000195271,0.000123634,-0.00059257,0.00139253,6.9814e-05,0.000254559,-0.000414954,0,0,0,0,0,0,0,-0.176685,26.7144,-24.6612,7.42344,0.825212,2.4996,0.0844213,-0.192623,2.15159,-3.07584,1.90482,0.181865,0.917644,0.0607533
1731858,0.98,-2.75261,-1.32534,1.01105,-1.94698,1.10108,1.16771,2.20139,-2.75266,-1.32422,1.00895,-1.94565,1.10136,1.16858,2.20139,-0.000130181,8.24224e-05,0.000811379,-0.000834886,4.65427e-05,-0.000542371,0.0018935,0,0,0,0,0,0,0,-0.176685,26.7144,-24.7128,7.49881,0.825212,2.51882,0.0258276,-0.191658,2.15125,-3.07533,1.90458,0.181805,0.917479,0.0610748
1731859,0.98,-2.75261,-1.32534,1.01105,-1.94698,1.10108,1.16771,2.20139,-2.75266,-1.32422,1.00895,-1.94565,1.10136,1.16858,2.20139,0.00111964,5.49483e-05,-0.000665506,-0.0011134,-0.000375873,0.000113137,4.16323e-05,0,0,0,0,0,0,0,-0.22826,26.7144,-24.6612,7.52262,0.836199,2.50601,0.0587866,-0.190651,2.1509,-3.07508,1.90486,0.181798,0.917388,0.0613849
1731860,0.98,-2.75261,-1.32534,1.01105,-1.94698,1.10108,1.16771,2.20139,-2.75266,-1.32422,1.00895,-1.94565,1.10136,1.16858,2.20139,-0.00046,0.00124306,-0.000443671,0.00102097,-4.71312e-05,0.000312784,2.77548e-05,0,0,0,0,0,0,0,-0.176685,26.6629,-24.6612,7.44724,0.830705,2.4996,0.0587866,-0.189883,2.14979,-3.07402,1.90548,0.181821,0.917307,0.0616451
1731861,0.98,-2.75261,-1.32534,1.01105,-1.94698,1.10108,1.16771,2.20139,-2.75266,-1.32422,1.00895,-1.94565,1.10136,1.16858,2.20139,-0.000863479,-0.000377721,-0.000295781,-0.00108259,0.00037548,-2.88364e-05,-0.000218856,0,0,0,0,0,0,0,-0.152882,26.7144,-24.6612,7.52262,0.819719,2.50601,0.0651953,-0.188263,2.14746,-3.07196,1.90647,0.181872,0.917155,0.0618414
1731862,0.98,-2.75261,-1.32534,1.01105,-1.94698,1.10108,1.16771,2.20138,-2.75266,-1.32422,1.00895,-1.94565,1.10136,1.16858,2.20139,-1.88405e-05,0.000954612,0.00100924,0.000484698,-0.000156581,-1.92242e-05,-0.000383263,0,0,0,0,0,0,0,-0.176685,26.6629,-24.7128,7.47104,0.830705,2.50601,0.071604,-0.185278,2.14499,-3.07053,1.90809,0.181979,0.917021,0.0619888
1731863,0.98,-2.75261,-1.32534,1.01105,-1.94698,1.10108,1.16772,2.20139,-2.75266,-1.32422,1.00895,-1.94565,1.10136,1.16858,2.20139,0.000637054,-0.000570018,-0.0005336,0.000323132,-0.000511288,0.000699261,0.00120255,0,0,0,0,0,0,0,-0.204456,26.7144,-24.6612,7.47104,0.841692,2.48678,0.0322363,-0.183301,2.14372,-3.07012,1.90901,0.182042,0.916953,0.0621007
1731864,0.98,-2.75261,-1.32534,1.01105,-1.94698,1.10108,1.16771,2.20139,-2.75266,-1.32422,1.00895,-1.94565,1.10136,1.16858,2.20139,-0.000224912,-0.000936824,-0.000355733,-0.000434193,0.000269493,-8.54411e-06,-0.000181642,0,0,0,0,0,0,0,-0.176685,26.7383,-24.6612,7.49881,0.825212,2.4996,0.0587866,-0.183511,2.14414,-3.07004,1.90855,0.182034,0.916894,0.0621749
1731865,0.98,-2.75261,-1.32534,1.01105,-1.94698,1.10108,1.16772,2.20139,-2.75266,-1.32422,1.00895,-1.94565,1.10136,1.16858,2.20139,-0.000149941,-6.77372e-05,0.00096927,0.000360152,0.000179662,-5.69607e-06,0.00086225,0,0,0,0,0,0,0,-0.176685,26.7144,-24.7128,7.47104,0.825212,2.4996,0.0322363,-0.184362,2.14579,-3.07057,1.90767,0.182032,0.916848,0.0622008
1731866,0.98,-2.75261,-1.32534,1.01105,-1.94698,1.10108,1.16771,2.20139,-2.75266,-1.32422,1.00895,-1.94565,1.10136,1.16858,2.20139,0.000549653,0.000604456,8.93683e-05,0.000240102,-8.3676e-05,-0.000241156,-0.000408511,0,0,0,0,0,0,0,-0.204456,26.6867,-24.689,7.47104,0.830705,2.50601,0.0587866,-0.185202,2.14764,-3.07174,1.90674,0.182023,0.916828,0.0621744
1731867,0.98,-2.75261,-1.32534,1.01105,-1.94698,1.10108,1.16772,2.20139,-2.75266,-1.32422,1.00895,-1.94565,1.10136,1.16858,2.20139,0.000366436,-0.00145307,5.95788e-05,0.000160068,-5.5784e-05,0.000551306,0.000948362,0,0,0,0,0,0,0,-0.204456,26.766,-24.689,7.47104,0.830705,2.48678,0.0258276,-0.18691,2.14964,-3.07288,1.90532,0.18197,0.916805,0.0620907
1731868,0.98,-2.75261,-1.32534,1.01105,-1.94698,1.10108,1.16772,2.20139,-2.75266,-1.32422,1.00895,-1.94565,1.10136,1.16858,2.20139,0.00024429,0.000237713,3.97192e-05,-0.000542902,0.000369712,-0.00034454,-0.000113744,0,0,0,0,0,0,0,-0.204456,26.7144,-24.689,7.49881,0.819719,2.50601,0.0459692,-0.189261,2.15206,-3.07389,1.90365,0.181911,0.916767,0.0619479
1731869,0.98,-2.75261,-1.32534,1.01105,-1.94698,1.10108,1.16772,2.20139,-2.75266,-1.32422,1.00895,-1.94565,1.10136,1.16858,2.20139,-0.000486754,0.000158475,-0.000623134,0.000287679,-0.000567328,7.66592e-06,-0.000313188,0,0,0,0,0,0,0,-0.176685,26.7144,-24.6612,7.47104,0.841692,2.4996,0.0523779,-0.1906,2.15336,-3.07412,1.90272,0.181903,0.916668,0.0617475
1731870,0.98,-2.75261,-1.32534,1.01105,-1.94698,1.10108,1.16771,2.20139,-2.75266,-1.32422,1.00895,-1.94565,1.10136,1.16858,2.20139,0.000881923,-0.00165759,0.000791003,-0.000457828,0.000232133,5.11061e-06,2.85669e-05,0,0,0,0,0,0,0,-0.22826,26.7898,-24.7128,7.49881,0.825212,2.4996,0.0459692,-0.191276,2.15409,-3.07398,1.90223,0.181928,0.916533,0.0614972
1731871,0.98,-2.75261,-1.32534,1.01105,-1.94698,1.10108,1.16771,2.20139,-2.75266,-1.32422,1.00895,-1.94565,1.10136,1.16858,2.20139,3.1137e-05,0.000658179,-0.000679091,0.000344395,0.000154755,-0.000233952,-0.000218314,0,0,0,0,0,0,0,-0.204456,26.7144,-24.6612,7.47104,0.825212,2.50601,0.0523779,-0.192664,2.15565,-3.07426,1.90137,0.181934,0.916426,0.0612142
1731872,0.98,-2.75261,-1.32534,1.01105,-1.94698,1.10108,1.16771,2.20139,-2.75266,-1.32422,1.00895,-1.94565,1.10136,1.16858,2.20139,2.0758e-05,0.00164521,0.000196887,0.000229597,-0.000303731,8.1391e-05,0.000837801,0,0,0,0,0,0,0,-0.204456,26.6629,-24.689,7.47104,0.836199,2.4996,0.0258276,-0.193504,2.15558,-3.07344,1.90087,0.181935,0.916256,0.0609168
1731873,0.98,-2.75261,-1.32534,1.01105,-1.94698,1.10108,1.16771,2.20139,-2.75266,-1.32422,1.00895,-1.94565,1.10136,1.16858,2.20139,1.38387e-05,0.000539996,0.000131258,0.000153065,0.000407864,5.42607e-05,0.000321175,0,0,0,0,0,0,0,-0.204456,26.6867,-24.689,7.47104,0.819719,2.4996,0.0322363,-0.192831,2.15299,-3.07129,1.90125,0.181957,0.916006,0.0606076
1731874,0.98,-2.75261,-1.32534,1.01105,-1.94698,1.10108,1.16771,2.20139,-2.75266,-1.32422,1.00895,-1.94565,1.10136,1.16858,2.20139,-0.000640388,-0.000289616,0.000644317,-0.000547571,-0.000134991,3.61738e-05,-0.000769227,0,0,0,0,0,0,0,-0.176685,26.7144,-24.7128,7.49881,0.830705,2.4996,0.0587866,-0.191118,2.15014,-3.06969,1.90223,0.182021,0.915783,0.0602691
1731875,0.99,-2.75261,-1.32534,1.01105,-1.94698,1.10108,1.16771,2.20139,-2.75266,-1.32422,1.00895,-1.94565,1.10136,1.16858,2.20139,-0.000983737,-0.00074989,-0.000127267,0.000284567,0.000113456,-0.000213243,0.000233167,0,0,0,0,0,0,0,-0.152882,26.7383,-24.689,7.47104,0.825212,2.50601,0.038645,-0.188454,2.14842,-3.06948,1.90362,0.182146,0.915616,0.0598985
1731876,1,-2.75261,-1.32534,1.01105,-1.94698,1.10108,1.16772,2.20139,-2.75266,-1.32422,1.00895,-1.94565,1.10136,1.16858,2.20139,0.000550601,-0.000499926,-0.000734459,0.000189711,-0.000127813,0.000332556,-0.000353182,0,0,0,0,0,0,0,-0.204456,26.7383,-24.6612,7.47104,0.830705,2.49319,0.0523779,-0.18622,2.14795,-3.06967,1.90455,0.182264,0.915447,0.0595106
1731877,1,-2.75261,-1.32534,1.01105,-1.94698,1.10108,1.16772,2.20139,-2.75266,-1.32422,1.00895,-1.94565,1.10136,1.16858,2.20139,-0.000282547,-0.00153971,-0.00104645,0.000683286,-0.000288659,-1.56551e-05,0.000985249,0,0,0,0,0,0,0,-0.176685,26.7898,-24.6374,7.44724,0.836199,2.4996,0.0194189,-0.186209,2.14872,-3.06916,1.90401,0.182294,0.915229,0.0591136
1731878,1,-2.75261,-1.32534,1.01105,-1.94698,1.10108,1.16771,2.20138,-2.75266,-1.32422,1.00895,-1.94565,1.10136,1.16858,2.20139,0.00046125,0.000736764,-0.000140822,-0.000750902,1.1011e-05,-0.000485155,-0.00175067,0,0,0,0,0,0,0,-0.204456,26.7144,-24.6612,7.49881,0.830705,2.51242,0.0844213,-0.187547,2.14994,-3.06799,1.90274,0.18228,0.914988,0.0587098
1731879,1,-2.75261,-1.32534,1.01105,-1.94698,1.10108,1.16771,2.20139,-2.75266,-1.32422,1.00895,-1.94565,1.10136,1.16858,2.20139,0.000864312,0.00114079,-9.38814e-05,0.000705825,7.3407e-06,-8.60774e-05,0.000257043,0,0,0,0,0,0,0,-0.22826,26.6867,-24.6612,7.44724,0.830705,2.50601,0.0459692,-0.188994,2.14994,-3.06614,1.90178,0.18226,0.914773,0.0583142
1731880,1,-2.75261,-1.32534,1.01105,-1.94698,1.10108,1.16772,2.20138,-2.75266,-1.32422,1.00895,-1.94565,1.10136,1.16858,2.20139,1.93958e-05,0.000760527,0.000587026,-8.62622e-05,-0.000198557,-5.7385e-05,-0.000540715,0,0,0,0,0,0,0,-0.204456,26.6867,-24.689,7.47104,0.836199,2.50601,0.0651953,-0.190407,2.14869,-3.06403,1.90105,0.18222,0.914606,0.0579549
1731881,1,-2.75261,-1.32534,1.01105,-1.94698,1.10108,1.16772,2.20139,-2.75266,-1.32422,1.00895,-1.94565,1.10136,1.16858,2.20139,1.29305e-05,0.000507018,0.000948163,-0.000707122,0.00027453,0.000199102,-0.000123117,0,0,0,0,0,0,0,-0.204456,26.6867,-24.7128,7.49881,0.825212,2.4996,0.0587866,-0.190772,2.14711,-3.06289,1.901,0.182226,0.914525,0.0576466
1731882,1,-2.75261,-1.32534,1.01105,-1.94698,1.10108,1.16772,2.20138,-2.75266,-1.32422,1.00895,-1.94565,1.10136,1.16858,2.20139,-0.000640994,-0.000311602,-0.000574317,0.000178199,0.00018302,-0.000104624,-0.00103151,0,0,0,0,0,0,0,-0.176685,26.7144,-24.6612,7.47104,0.825212,2.50601,0.0844213,-0.189657,2.14566,-3.06278,1.90184,0.182319,0.914507,0.0573905
1731883,1,-2.75261,-1.32534,1.01105,-1.94698,1.10108,1.16772,2.20139,-2.75266,-1.32422,1.00895,-1.94565,1.10136,1.16858,2.20139,-0.000427329,-0.00141416,0.000266736,0.000675611,-8.14372e-05,0.00016761,0.00026176,0,0,0,0,0,0,0,-0.176685,26.766,-24.689,7.44724,0.830705,2.4996,0.0587866,-0.18837,2.14537,-3.06319,1.90239,0.182426,0.914475,0.0571918
1731884,1,-2.75261,-1.32534,1.01105,-1.94698,1.10108,1.16772,2.20139,-2.75266,-1.32422,1.00895,-1.94565,1.10136,1.16858,2.20139,0.000364728,-0.00029316,0.000734636,-0.000756018,0.000149159,-0.000125619,0.000411865,0,0,0,0,0,0,0,-0.204456,26.7383,-24.7128,7.49881,0.825212,2.50601,0.0523779,-0.188002,2.14704,-3.06462,1.90208,0.182501,0.914479,0.0570592
1731885,1,-2.75261,-1.32534,1.01105,-1.94698,1.10108,1.16772,2.20139,-2.75266,-1.32422,1.00895,-1.94565,1.10136,1.16858,2.20139,0.000243152,-0.00019544,-0.000716669,0.000702414,-0.000307462,-0.000558464,3.7218e-05,0,0,0,0,0,0,0,-0.204456,26.7383,-24.6612,7.44724,0.836199,2.51882,0.0587866,-0.188666,2.14945,-3.06631,1.90131,0.182542,0.914524,0.0569847
1731886,1,-2.75261,-1.32534,1.01105,-1.94698,1.10108,1.16772,2.20138,-2.75266,-1.32422,1.00895,-1.94565,1.10136,1.16858,2.20139,0.000162101,-0.000779907,-0.000477779,-8.85361e-05,0.000642736,0.000577126,-0.000924624,0,0,0,0,0,0,0,-0.204456,26.766,-24.6612,7.47104,0.81331,2.49319,0.0844213,-0.190267,2.15141,-3.06677,1.90004,0.182535,0.914518,0.0569442
1731887,1,-2.75261,-1.32534,1.01105,-1.94698,1.10108,1.16772,2.20138,-2.75266,-1.32422,1.00895,-1.94565,1.10136,1.16858,2.20139,0.000108068,0.000686488,0.000331095,0.000497788,-0.000215769,0.000384751,-0.00109113,0,0,0,0,0,0,0,-0.204456,26.7144,-24.689,7.44724,0.830705,2.49319,0.0972387,-0.192119,2.15277,-3.06626,1.89857,0.182493,0.914461,0.0569372
1731888,1,-2.75261,-1.32534,1.01105,-1.94698,1.10108,1.16771,2.20138,-2.75266,-1.32422,1.00895,-1.94565,1.10136,1.16858,2.20139,7.2045e-05,-0.000748767,-0.000428884,0.000888671,-0.000143846,1.91417e-05,-0.000252705,0,0,0,0,0,0,0,-0.204456,26.766,-24.6612,7.42344,0.830705,2.4996,0.0844213,-0.193824,2.15364,-3.06548,1.89704,0.182421,0.914379,0.0569913
1731889,1,-2.75261,-1.32534,1.01105,-1.94698,1.10108,1.16772,2.20138,-2.75266,-1.32422,1.00895,-1.94565,1.10136,1.16858,2.20139,-0.000601584,0.000150436,-0.000285923,-0.00117079,-9.58975e-05,0.00025012,0.000306248,0,0,0,0,0,0,0,-0.176685,26.7383,-24.6612,7.49881,0.830705,2.49319,0.071604,-0.194741,2.15401,-3.06447,1.89594,0.182375,0.914264,0.0571318
1731890,1,-2.75261,-1.32534,1.01105,-1.94698,1.10108,1.16772,2.20138,-2.75266,-1.32422,1.00895,-1.94565,1.10136,1.16858,2.20139,-0.000401056,0.000657102,-0.000747427,0.000425899,0.000342969,-7.06122e-05,-0.000270552,0,0,0,0,0,0,0,-0.176685,26.7144,-24.6374,7.44724,0.819719,2.4996,0.0844213,-0.193581,2.1528,-3.06275,1.89628,0.182433,0.914091,0.0573587
1731891,1,-2.75261,-1.32534,1.01105,-1.94698,1.10108,1.16772,2.20138,-2.75266,-1.32422,1.00895,-1.94565,1.10136,1.16858,2.20139,-0.000267371,-0.000118744,0.000708141,0.000283932,-0.000381705,-4.70748e-05,5.69906e-05,0,0,0,0,0,0,0,-0.176685,26.7383,-24.689,7.44724,0.836199,2.4996,0.0780126,-0.191286,2.15059,-3.06071,1.89728,0.182525,0.913885,0.0576535
1731892,1,-2.75261,-1.32534,1.01105,-1.94698,1.10108,1.16772,2.20138,-2.75266,-1.32422,1.00895,-1.94565,1.10136,1.16858,2.20139,0.000471367,0.00047765,-0.00017752,-0.00101714,-5.10197e-05,-0.000268742,-0.000674083,0,0,0,0,0,0,0,-0.204456,26.7144,-24.6612,7.49881,0.830705,2.50601,0.0972387,-0.18935,2.14893,-3.05943,1.89811,0.182598,0.913735,0.0580015
1731893,1,-2.75261,-1.32534,1.01105,-1.94698,1.10108,1.16771,2.20138,-2.75266,-1.32422,1.00895,-1.94565,1.10136,1.16858,2.20139,-0.000335369,0.000318433,-0.000118347,0.00108515,0.000372888,-0.00041652,0.000262688,0,0,0,0,0,0,0,-0.176685,26.7144,-24.6612,7.42344,0.819719,2.51242,0.0780126,-0.188022,2.14759,-3.05844,1.89875,0.182655,0.91363,0.0583993
1731894,1,-2.75261,-1.32534,1.01105,-1.94698,1.10108,1.16772,2.20138,-2.75266,-1.32422,1.00895,-1.94565,1.10136,1.16858,2.20139,-0.00022358,-0.000344523,-0.00063571,0.000166619,0.000248592,0.000197038,0.000412484,0,0,0,0,0,0,0,-0.176685,26.7383,-24.6374,7.44724,0.819719,2.4996,0.071604,-0.187393,2.14653,-3.05714,1.89871,0.182659,0.913499,0.0588424
1731895,1,-2.75261,-1.32534,1.01105,-1.94698,1.10108,1.16771,2.20138,-2.75266,-1.32422,1.00895,-1.94565,1.10136,1.16858,2.20139,0.000500561,-0.000229682,0.000782619,-0.00109535,-0.000241173,-0.000106001,0.000512349,0,0,0,0,0,0,0,-0.204456,26.7383,-24.689,7.49881,0.830705,2.50601,0.0651953,-0.187268,2.14635,-3.05626,1.89829,0.182644,0.913401,0.0593142
1731896,1,-2.75261,-1.32534,1.01105,-1.94698,1.10108,1.16771,2.20138,-2.75266,-1.32422,1.00895,-1.94565,1.10136,1.16858,2.20139,-0.00152233,-0.000153121,-0.000127868,-8.06172e-05,4.26685e-05,-7.0667e-05,-0.000370511,0,0,0,0,0,0,0,-0.125111,26.7383,-24.6612,7.47104,0.825212,2.50601,0.0844213,-0.186407,2.14672,-3.05639,1.89853,0.182687,0.91339,0.0597915
1731897,1,-2.75261,-1.32534,1.01105,-1.94698,1.10108,1.16771,2.20138,-2.75266,-1.32422,1.00895,-1.94565,1.10136,1.16858,2.20139,0.000841151,0.000454731,-0.000642057,-5.37448e-05,0.000469255,-4.71113e-05,-9.64849e-06,0,0,0,0,0,0,0,-0.204456,26.7144,-24.6374,7.47104,0.81331,2.50601,0.0780126,-0.184643,2.14662,-3.05641,1.89928,0.182757,0.913376,0.0602589
1731898,1,-2.75261,-1.32534,1.01105,-1.94698,1.10108,1.16771,2.20139,-2.75266,-1.32422,1.00895,-1.94565,1.10136,1.16858,2.20139,-8.88463e-05,-0.000253658,0.000128774,-3.58299e-05,-0.000331423,-0.000268767,0.00118036,0,0,0,0,0,0,0,-0.176685,26.7383,-24.6612,7.47104,0.830705,2.51242,0.0459692,-0.183859,2.14632,-3.05558,1.89945,0.182758,0.913334,0.0607148
1731899,1,-2.75261,-1.32534,1.01105,-1.94698,1.10108,1.16771,2.20139,-2.75266,-1.32422,1.00895,-1.94565,1.10136,1.16858,2.20139,0.000590383,0.000387707,8.58493e-05,-2.38866e-05,-1.74983e-05,0.00029554,7.48314e-05,0,0,0,0,0,0,0,-0.204456,26.7144,-24.6612,7.47104,0.825212,2.4996,0.0651953,-0.18444,2.14657,-3.05474,1.89887,0.182683,0.913325,0.0611479
1731900,1,-2.75261,-1.32534,1.01105,-1.94698,1.10108,1.16772,2.20138,-2.75266,-1.32422,1.00895,-1.94565,1.10136,1.16858,2.20139,-0.000256025,0.0014649,0.000706847,0.0010977,-0.000215116,-4.03321e-05,-0.000187471,0,0,0,0,0,0,0,-0.176685,26.6629,-24.689,7.42344,0.830705,2.50601,0.071604,-0.185388,2.14673,-3.05408,1.89794,0.182555,0.913342,0.0615358
1731901,1,-2.75261,-1.32534,1.01105,-1.94698,1.10108,1.16771,2.20139,-2.75266,-1.32422,1.00895,-1.94565,1.10136,1.16858,2.20139,-0.000170683,-0.00078664,-0.000178383,-0.00103144,6.00398e-05,-2.68881e-05,-0.00036234,0,0,0,0,0,0,0,-0.176685,26.7383,-24.6612,7.49881,0.825212,2.50601,0.0780126,-0.185786,2.14644,-3.05357,1.8972,0.182425,0.913365,0.0618741
1731902,1,-2.75261,-1.32534,1.01105,-1.94698,1.10108,1.16772,2.20139,-2.75266,-1.32422,1.00895,-1.94565,1.10136,1.16858,2.20139,-0.000113789,-0.00117404,0.000530692,-0.000687625,-0.000163424,0.000456792,0.00169122,0,0,0,0,0,0,0,-0.176685,26.766,-24.689,7.49881,0.830705,2.49319,0.0258276,-0.185502,2.14702,-3.05397,1.89699,0.182374,0.91344,0.0621741
1731903,1,-2.75261,-1.32534,1.01105,-1.94698,1.10108,1.16772,2.20139,-2.75266,-1.32422,1.00895,-1.94565,1.10136,1.16858,2.20139,0.00113057,-0.00013308,-0.000295819,0.000748009,9.45012e-05,0.000304528,-9.32231e-05,0,0,0,0,0,0,0,-0.22826,26.7383,-24.6612,7.44724,0.825212,2.49319,0.0587866,-0.186253,2.14927,-3.05517,1.89629,0.182329,0.913556,0.0624276
1731904,1,-2.75261,-1.32534,1.01105,-1.94698,1.10108,1.16772,2.20139,-2.75266,-1.32422,1.00895,-1.94565,1.10136,1.16858,2.20139,-0.000452715,0.000468092,-0.000754025,-5.81393e-05,-0.00014045,-0.000271699,0.00017521,0,0,0,0,0,0,0,-0.176685,26.7144,-24.6374,7.47104,0.830705,2.50601,0.0523779,-0.188383,2.15148,-3.0554,1.89471,0.182212,0.913598,0.0626114
1731905,1,-2.75261,-1.32534,1.01105,-1.94698,1.10108,1.16771,2.20138,-2.75266,-1.32422,1.00895,-1.94565,1.10136,1.16858,2.20139,-0.000858622,0.000312061,0.00126055,0.000518052,-9.36331e-05,-0.000418492,-0.000832629,0,0,0,0,0,0,0,-0.152882,26.7144,-24.7128,7.44724,0.830705,2.51242,0.0780126,-0.189268,2.1521,-3.05473,1.8937,0.182119,0.913552,0.0627269
1731906,1,-2.75261,-1.32534,1.01105,-1.94698,1.10108,1.16772,2.20139,-2.75266,-1.32422,1.00895,-1.94565,1.10136,1.16858,2.20139,-1.56026e-05,0.000208041,-0.00147968,0.000345368,-6.24221e-05,-4.16355e-05,0.00114034,0,0,0,0,0,0,0,-0.176685,26.7144,-24.6136,7.44724,0.830705,2.50601,0.0322363,-0.188386,2.15161,-3.05396,1.8935,0.182082,0.91347,0.0627945
1731907,1,-2.75261,-1.32534,1.01105,-1.94698,1.10108,1.16772,2.20139,-2.75266,-1.32422,1.00895,-1.94565,1.10136,1.16858,2.20139,-1.04017e-05,-0.000418118,0.000127171,-0.000326566,0.000365286,0.000209602,0.000760223,0,0,0,0,0,0,0,-0.176685,26.7383,-24.6612,7.47104,0.819719,2.4996,0.0322363,-0.187537,2.15073,-3.0525,1.89327,0.182057,0.913347,0.0628214
1731908,1,-2.75261,-1.32534,1.01105,-1.94698,1.10108,1.16772,2.20139,-2.75266,-1.32422,1.00895,-1.94565,1.10136,1.16858,2.20139,0.000642679,0.000278067,8.47804e-05,0.000339101,4.00737e-05,-9.76243e-05,-0.00023917,0,0,0,0,0,0,0,-0.204456,26.7144,-24.6612,7.44724,0.825212,2.50601,0.0523779,-0.187605,2.15036,-3.05104,1.89268,0.182019,0.913252,0.06279
1731909,1,-2.75261,-1.32534,1.01105,-1.94698,1.10108,1.16771,2.20139,-2.75266,-1.32422,1.00895,-1.94565,1.10136,1.16858,2.20139,0.000428453,0.000834992,5.65202e-05,0.000226067,2.67158e-05,-6.50829e-05,7.79125e-05,0,0,0,0,0,0,0,-0.204456,26.6867,-24.6612,7.44724,0.825212,2.50601,0.0459692,-0.188689,2.15038,-3.04996,1.89164,0.181936,0.913219,0.062688
1731910,1,-2.75261,-1.32534,1.01105,-1.94698,1.10108,1.16771,2.20139,-2.75266,-1.32422,1.00895,-1.94565,1.10136,1.16858,2.20139,-0.000363979,-9.29528e-05,-0.000519132,0.000150712,-0.00018564,-0.000280748,0.000323209,0,0,0,0,0,0,0,-0.176685,26.7144,-24.6374,7.44724,0.830705,2.51242,0.038645,-0.189813,2.14993,-3.04862,1.89061,0.181838,0.913186,0.0625267
1731911,1,-2.75261,-1.32534,1.01105,-1.94698,1.10108,1.16771,2.20139,-2.75266,-1.32422,1.00895,-1.94565,1.10136,1.16858,2.20139,0.000406962,-0.00061878,0.000860338,-0.000456338,0.000283141,0.000287553,0.000690191,0,0,0,0,0,0,0,-0.204456,26.7383,-24.689,7.47104,0.819719,2.4996,0.0258276,-0.190382,2.14977,-3.04777,1.88989,0.181778,0.913184,0.0623143
1731912,1,-2.75261,-1.32534,1.01105,-1.94698,1.10108,1.16772,2.20139,-2.75266,-1.32422,1.00895,-1.94565,1.10136,1.16858,2.20139,-0.00158473,-0.00041252,-7.60553e-05,0.000252587,-1.46898e-05,-4.5657e-05,0.000222768,0,0,0,0,0,0,0,-0.125111,26.7383,-24.6612,7.44724,0.825212,2.50601,0.0322363,-0.190018,2.15057,-3.0483,1.88962,0.181777,0.91325,0.0620458
1731913,1,-2.75261,-1.32534,1.01105,-1.94698,1.10108,1.16772,2.20139,-2.75266,-1.32422,1.00895,-1.94565,1.10136,1.16858,2.20139,0.00135636,0.000281798,-5.07035e-05,-0.000388421,-0.000620145,0.00044428,-0.000360114,0,0,0,0,0,0,0,-0.22826,26.7144,-24.6612,7.47104,0.841692,2.49319,0.0459692,-0.188874,2.15141,-3.04915,1.88973,0.181812,0.913321,0.0617128
1731914,1,-2.75261,-1.32534,1.01105,-1.94698,1.10108,1.16772,2.20139,-2.75266,-1.32422,1.00895,-1.94565,1.10136,1.16858,2.20139,0.000347431,0.00083748,0.000615812,0.000297865,-6.52881e-06,5.88276e-05,-0.000477435,0,0,0,0,0,0,0,-0.204456,26.6867,-24.689,7.44724,0.830705,2.4996,0.0523779,-0.188725,2.15179,-3.04934,1.88949,0.181805,0.913381,0.0613221
1731915,1,-2.75261,-1.32534,1.01105,-1.94698,1.10108,1.16772,2.20139,-2.75266,-1.32422,1.00895,-1.94565,1.10136,1.16858,2.20139,-0.000417994,-0.000648106,-0.000239073,-0.00100785,0.000199098,0.000513936,-0.000555649,0,0,0,0,0,0,0,-0.176685,26.7383,-24.6612,7.49881,0.825212,2.48678,0.0587866,-0.189001,2.15179,-3.04929,1.88921,0.181793,0.913437,0.0609003
1731916,1,-2.75261,-1.32534,1.01105,-1.94698,1.10108,1.16772,2.20139,-2.75266,-1.32422,1.00895,-1.94565,1.10136,1.16858,2.20139,0.000370952,0.000774355,-0.000159382,-2.22856e-05,0.000776992,-0.000369453,0.000375553,0,0,0,0,0,0,0,-0.204456,26.6867,-24.6612,7.47104,0.807817,2.50601,0.038645,-0.188396,2.15123,-3.04896,1.88956,0.181839,0.913446,0.0604779
1731917,1,-2.75261,-1.32534,1.01105,-1.94698,1.10108,1.16772,2.20139,-2.75266,-1.32422,1.00895,-1.94565,1.10136,1.16858,2.20139,0.000247301,0.000516237,-0.000106255,-1.48571e-05,-0.000329716,-8.94281e-06,-0.000495617,0,0,0,0,0,0,0,-0.204456,26.6867,-24.6612,7.47104,0.830705,2.4996,0.0587866,-0.187779,2.14996,-3.0479,1.88998,0.181872,0.913391,0.0600714
1731918,1,-2.75261,-1.32534,1.01105,-1.94697,1.10108,1.16772,2.20138,-2.75266,-1.32422,1.00895,-1.94565,1.10136,1.16858,2.20139,0.000164867,0.000344158,0.000578778,0.00166053,-1.63601e-05,-5.96187e-06,-0.00056777,0,0,0,0,0,0,0,-0.204456,26.6867,-24.689,7.39963,0.825212,2.4996,0.0651953,-0.188111,2.14878,-3.04669,1.88959,0.181812,0.913297,0.0596825
1731919,1,-2.75261,-1.32534,1.01105,-1.94698,1.10108,1.16772,2.20138,-2.75266,-1.32422,1.00895,-1.94565,1.10136,1.16858,2.20139,-0.000539702,-0.000420175,0.000942664,-6.60315e-06,0.000192544,-3.97458e-06,-0.000853231,0,0,0,0,0,0,0,-0.176685,26.7144,-24.7128,7.44724,0.819719,2.4996,0.0780126,-0.18911,2.14887,-3.04667,1.88829,0.181676,0.913226,0.0593227
1731920,1,-2.75261,-1.32534,1.01105,-1.94698,1.10108,1.16772,2.20139,-2.75266,-1.32422,1.00895,-1.94565,1.10136,1.16858,2.20139,0.000289812,-0.000280117,-0.0011348,-0.000561214,-0.000278538,-2.64972e-06,0.000143256,0,0,0,0,0,0,0,-0.204456,26.7144,-24.6374,7.47104,0.830705,2.4996,0.0587866,-0.189702,2.14966,-3.04745,1.88715,0.181568,0.913176,0.0590172
1731921,1,-2.75261,-1.32534,1.01105,-1.94698,1.10108,1.16772,2.20139,-2.75266,-1.32422,1.00895,-1.94565,1.10136,1.16858,2.20139,-0.00101322,-0.000186745,-0.000199718,0.000182669,0.000458568,-0.000239125,0.000332863,0,0,0,0,0,0,0,-0.152882,26.7144,-24.6612,7.44724,0.81331,2.50601,0.0523779,-0.189345,2.14977,-3.04742,1.88681,0.181538,0.913069,0.0587808
1731922,1,-2.75261,-1.32534,1.01105,-1.94698,1.10108,1.16772,2.20138,-2.75266,-1.32422,1.00895,-1.94565,1.10136,1.16858,2.20139,0.00108776,-0.00133092,-0.000689958,-0.00108465,-0.000338548,-0.000159417,-0.0014396,0,0,0,0,0,0,0,-0.22826,26.766,-24.6374,7.49881,0.830705,2.50601,0.0972387,-0.188811,2.14974,-3.04681,1.88678,0.181542,0.912932,0.0586039
1731923,1,-2.75261,-1.32534,1.01105,-1.94698,1.10108,1.16772,2.20138,-2.75266,-1.32422,1.00895,-1.94565,1.10136,1.16858,2.20139,-0.000481253,0.000319144,9.68403e-05,0.000483328,-2.22483e-05,0.000131081,-0.000247659,0,0,0,0,0,0,0,-0.176685,26.7144,-24.6612,7.44724,0.825212,2.4996,0.0780126,-0.189097,2.15036,-3.04633,1.8865,0.181529,0.912836,0.058483
1731924,1,-2.75261,-1.32534,1.01104,-1.94698,1.10108,1.16772,2.20138,-2.75266,-1.32422,1.00895,-1.94565,1.10136,1.16858,2.20139,-0.000320835,0.000212763,-0.00104906,-0.000234593,-0.000218283,-0.000149972,-0.000639824,0,0,0,0,0,0,0,-0.176685,26.7144,-24.6136,7.47104,0.830705,2.50601,0.09083,-0.189116,2.15029,-3.04535,1.88637,0.181507,0.912719,0.0584421
1731925,1,-2.75261,-1.32534,1.01104,-1.94698,1.10108,1.16772,2.20139,-2.75266,-1.32422,1.00895,-1.94565,1.10136,1.16858,2.20139,-0.00021389,0.000791456,-0.000142564,-0.000806009,-0.000348972,0.000374737,0.000760245,0,0,0,0,0,0,0,-0.176685,26.6867,-24.6374,7.49881,0.836199,2.49319,0.0587866,-0.187649,2.14836,-3.04332,1.88715,0.181531,0.912544,0.0584968
1731926,1,-2.75261,-1.32534,1.01105,-1.94698,1.10108,1.16771,2.20138,-2.75266,-1.32422,1.00895,-1.94565,1.10136,1.16858,2.20139,-0.000142593,-0.000678789,-9.50426e-05,0.000669086,0.000174253,-0.000224893,-0.000917323,0,0,0,0,0,0,0,-0.176685,26.7383,-24.6374,7.44724,0.825212,2.50601,0.0972387,-0.185704,2.14595,-3.04121,1.88829,0.181581,0.912378,0.0586355
1731927,1,-2.75261,-1.32534,1.01105,-1.94698,1.10108,1.16771,2.20138,-2.75266,-1.32422,1.00895,-1.94565,1.10136,1.16858,2.20139,0.000554552,0.000104286,-6.33617e-05,-0.000110754,0.000319619,8.743e-05,0.000337887,0,0,0,0,0,0,0,-0.204456,26.7144,-24.6374,7.47104,0.819719,2.4996,0.071604,-0.185101,2.14499,-3.04003,1.88847,0.181573,0.912274,0.0588378
1731928,1,-2.75261,-1.32534,1.01105,-1.94698,1.10108,1.16772,2.20138,-2.75266,-1.32422,1.00895,-1.94565,1.10136,1.16858,2.20139,-0.000836725,-0.000487288,-0.000599053,-7.38363e-05,9.62886e-06,0.000295646,-0.00024946,0,0,0,0,0,0,0,-0.152882,26.7383,-24.6136,7.47104,0.825212,2.49319,0.0844213,-0.185446,2.14504,-3.03931,1.88798,0.181525,0.912201,0.0590973
1731929,1,-2.75261,-1.32534,1.01105,-1.94698,1.10108,1.16772,2.20138,-2.75266,-1.32422,1.00895,-1.94565,1.10136,1.16858,2.20139,-1.00459e-06,-0.000324859,0.000714255,-0.00125565,6.41924e-06,0.000197097,-0.000403666,0,0,0,0,0,0,0,-0.176685,26.7383,-24.6612,7.52262,0.825212,2.49319,0.09083,-0.184927,2.14522,-3.03904,1.88812,0.181532,0.912151,0.0594089
1731930,1,-2.75261,-1.32534,1.01105,-1.94698,1.10108,1.16772,2.20138,-2.75266,-1.32422,1.00895,-1.94565,1.10136,1.16858,2.20139,-6.69725e-07,0.00034024,0.00047617,0.00148295,-0.000199171,0.000131398,0.000442966,0,0,0,0,0,0,0,-0.176685,26.7144,-24.6612,7.42344,0.830705,2.49319,0.071604,-0.184107,2.14591,-3.03973,1.88848,0.18155,0.912156,0.0597674
1731931,1,-2.75261,-1.32534,1.01104,-1.94698,1.10108,1.16771,2.20138,-2.75266,-1.32422,1.00895,-1.94565,1.10136,1.16858,2.20139,-0.000557258,-0.000329986,-0.00144579,-0.000124991,0.00027412,-0.00014976,-0.000654125,0,0,0,0,0,0,0,-0.152882,26.7383,-24.5858,7.47104,0.819719,2.4996,0.0972387,-0.184003,2.14669,-3.04013,1.88814,0.181499,0.912114,0.0601656
1731932,1,-2.75261,-1.32534,1.01105,-1.94698,1.10108,1.16771,2.20138,-2.75266,-1.32422,1.00895,-1.94565,1.10136,1.16858,2.20139,0.00083492,-0.00021999,0.000242565,0.000473485,-0.000224154,-9.98402e-05,0.000750711,0,0,0,0,0,0,0,-0.204456,26.7383,-24.6374,7.44724,0.830705,2.4996,0.0651953,-0.184699,2.14723,-3.03933,1.8872,0.181399,0.91198,0.060593
1731933,1,-2.75261,-1.32534,1.01105,-1.94698,1.10108,1.16772,2.20139,-2.75266,-1.32422,1.00895,-1.94565,1.10136,1.16858,2.20139,-9.30004e-05,0.000410152,0.00016171,-0.000241155,5.40144e-05,-6.65601e-05,0.000737833,0,0,0,0,0,0,0,-0.176685,26.7144,-24.6374,7.47104,0.825212,2.4996,0.0587866,-0.186178,2.148,-3.03841,1.88596,0.181277,0.91186,0.0610437
1731934,1,-2.75261,-1.32534,1.01105,-1.94698,1.10108,1.16772,2.20139,-2.75266,-1.32422,1.00895,-1.94565,1.10136,1.16858,2.20139,-6.20003e-05,-0.000932991,-0.000449005,-0.00016077,-0.000167441,0.000192986,0.000966607,0,0,0,0,0,0,0,-0.176685,26.766,-24.6136,7.47104,0.830705,2.49319,0.0459692,-0.187431,2.14886,-3.03784,1.88502,0.181181,0.911774,0.0614929
1731935,1,-2.75261,-1.32534,1.01105,-1.94698,1.10108,1.16771,2.20139,-2.75266,-1.32422,1.00895,-1.94565,1.10136,1.16858,2.20139,-4.13335e-05,2.76197e-05,0.000257475,-0.00010718,-0.000315078,-0.000108702,0.00139039,0,0,0,0,0,0,0,-0.176685,26.7383,-24.6374,7.47104,0.836199,2.4996,0.0258276,-0.188027,2.14982,-3.03747,1.88453,0.18114,0.911694,0.0619
1731936,1,-2.75261,-1.32534,1.01105,-1.94698,1.10108,1.16772,2.20139,-2.75266,-1.32422,1.00895,-1.94565,1.10136,1.16858,2.20139,-2.75557e-05,1.84131e-05,0.00017165,0.000485358,-6.60134e-06,0.000164891,-5.64177e-05,0,0,0,0,0,0,0,-0.176685,26.7383,-24.6374,7.44724,0.830705,2.49319,0.0523779,-0.188339,2.15087,-3.03734,1.88417,0.18112,0.911621,0.0622249
1731937,1,-2.75261,-1.32534,1.01105,-1.94698,1.10108,1.16771,2.20139,-2.75266,-1.32422,1.00895,-1.94565,1.10136,1.16858,2.20139,-1.83705e-05,1.22754e-05,0.000114433,-0.00023324,-4.40089e-06,-0.000127432,0.000471015,0,0,0,0,0,0,0,-0.176685,26.7383,-24.6374,7.47104,0.830705,2.4996,0.038645,-0.188427,2.15171,-3.03727,1.88386,0.181109,0.911549,0.0624415
1731938,1,-2.75261,-1.32534,1.01105,-1.94698,1.10108,1.16772,2.20139,-2.75266,-1.32422,1.00895,-1.94565,1.10136,1.16858,2.20139,0.000637367,8.1836e-06,7.62889e-05,-0.000155493,0.000200517,0.000152405,0.00102609,0,0,0,0,0,0,0,-0.204456,26.7383,-24.6374,7.47104,0.825212,2.49319,0.0194189,-0.188601,2.15237,-3.03707,1.88361,0.181111,0.91148,0.0625487
1731939,1,-2.75261,-1.32534,1.01105,-1.94698,1.10108,1.16772,2.20139,-2.75266,-1.32422,1.00895,-1.94565,1.10136,1.16858,2.20139,0.000981723,5.45574e-06,5.08593e-05,0.00100996,0.000574487,-0.000135756,0.000446699,0,0,0,0,0,0,0,-0.22826,26.7383,-24.6374,7.42344,0.81331,2.4996,0.0258276,-0.19009,2.15337,-3.03664,1.88267,0.181063,0.911415,0.0625428
1731940,1,-2.75261,-1.32534,1.01105,-1.94698,1.10108,1.16772,2.20139,-2.75266,-1.32422,1.00895,-1.94565,1.10136,1.16858,2.20139,9.76702e-05,0.00121006,0.000590718,0.000116496,-0.000261269,-0.000327863,0.000535158,0,0,0,0,0,0,0,-0.204456,26.6867,-24.6612,7.44724,0.830705,2.50601,0.0194189,-0.192695,2.15442,-3.03596,1.88099,0.180939,0.911343,0.0624136
1731941,1,-2.75261,-1.32534,1.01105,-1.94698,1.10108,1.16772,2.20139,-2.75266,-1.32422,1.00895,-1.94565,1.10136,1.16858,2.20139,0.000621925,0.000157095,-0.000719812,7.7664e-05,-0.000174179,-0.000218575,-0.000626572,0,0,0,0,0,0,0,-0.22826,26.7144,-24.6136,7.44724,0.830705,2.50601,0.0459692,-0.194642,2.15435,-3.03473,1.87974,0.180823,0.911247,0.0621619
1731942,1,-2.75261,-1.32534,1.01105,-1.94698,1.10108,1.16771,2.20139,-2.75266,-1.32422,1.00895,-1.94565,1.10136,1.16858,2.20139,-0.000791809,-0.000452082,-0.000479875,5.1776e-05,0.000290782,9.16421e-05,-0.000146447,0,0,0,0,0,0,0,-0.176685,26.7383,-24.6136,7.44724,0.819719,2.4996,0.038645,-0.195404,2.15344,-3.03279,1.87922,0.180771,0.911104,0.0618014
1731943,1,-2.75261,-1.32534,1.01105,-1.94698,1.10108,1.16772,2.20138,-2.75266,-1.32422,1.00895,-1.94565,1.10136,1.16858,2.20139,-0.000527873,0.00146185,0.000236896,0.000591329,-0.000213047,6.10947e-05,-0.00108098,0,0,0,0,0,0,0,-0.176685,26.6629,-24.6374,7.42344,0.830705,2.4996,0.0651953,-0.194393,2.15183,-3.03062,1.87951,0.180793,0.910921,0.0613666
1731944,1,-2.75261,-1.32534,1.01105,-1.94698,1.10108,1.16772,2.20139,-2.75266,-1.32422,1.00895,-1.94565,1.10136,1.16858,2.20139,-0.000351915,-0.000788671,0.00015793,-0.000719404,-0.000345482,4.07298e-05,0.000737412,0,0,0,0,0,0,0,-0.176685,26.7383,-24.6374,7.47104,0.836199,2.4996,0.0258276,-0.191651,2.14967,-3.02891,1.88068,0.180884,0.910755,0.0609004
1731945,1,-2.75261,-1.32534,1.01105,-1.94698,1.10108,1.16772,2.20139,-2.75266,-1.32422,1.00895,-1.94565,1.10136,1.16858,2.20139,0.000415004,0.000680645,0.000662099,-0.000479603,0.000380031,2.71532e-05,-0.000729095,0,0,0,0,0,0,0,-0.204456,26.6867,-24.6612,7.47104,0.819719,2.4996,0.0587866,-0.188697,2.14817,-3.0283,1.88219,0.18102,0.910683,0.060429
1731946,1,-2.75261,-1.32534,1.01105,-1.94698,1.10108,1.16771,2.20139,-2.75266,-1.32422,1.00895,-1.94565,1.10136,1.16858,2.20139,0.000276669,-0.000752663,-0.000115413,-0.000969349,4.99032e-05,-0.000219257,-1.13457e-05,0,0,0,0,0,0,0,-0.204456,26.7383,-24.6374,7.49881,0.825212,2.50601,0.0459692,-0.186641,2.14768,-3.02854,1.88356,0.181163,0.91071,0.0599602
1731947,1,-2.75261,-1.32534,1.01105,-1.94698,1.10108,1.16772,2.20139,-2.75266,-1.32422,1.00895,-1.94565,1.10136,1.16858,2.20139,0.000184446,5.50369e-05,-0.000633754,0.000560193,-0.000170182,0.000328547,-0.000244923,0,0,0,0,0,0,0,-0.204456,26.7144,-24.6136,7.44724,0.830705,2.49319,0.0523779,-0.185917,2.14786,-3.02864,1.88429,0.181266,0.910747,0.0595024
1731948,1,-2.75261,-1.32534,1.01105,-1.94698,1.10108,1.16772,2.20139,-2.75266,-1.32422,1.00895,-1.94565,1.10136,1.16858,2.20139,0.000122964,-0.00116973,-0.000422502,0.000373462,-0.000113455,-1.83278e-05,-0.000163282,0,0,0,0,0,0,0,-0.204456,26.766,-24.6136,7.44724,0.830705,2.4996,0.0523779,-0.186753,2.1488,-3.02811,1.88382,0.181286,0.910722,0.0590633
1731949,1,-2.75261,-1.32534,1.01105,-1.94698,1.10108,1.16771,2.20139,-2.75266,-1.32422,1.00895,-1.94565,1.10136,1.16858,2.20139,-0.000567638,-0.000130209,0.000275144,-0.00151426,0.000127814,-0.000249577,0.000637131,0,0,0,0,0,0,0,-0.176685,26.7383,-24.6374,7.52262,0.825212,2.50601,0.0322363,-0.187741,2.15024,-3.02769,1.88312,0.181301,0.910683,0.0586529
1731950,1,-2.75261,-1.32534,1.01105,-1.94698,1.10108,1.16771,2.20138,-2.75266,-1.32422,1.00895,-1.94565,1.10136,1.16858,2.20139,0.000271189,-0.00073642,0.000183429,0.000196917,8.52095e-05,7.09739e-05,-0.00198274,0,0,0,0,0,0,0,-0.204456,26.766,-24.6374,7.47104,0.825212,2.4996,0.0972387,-0.187596,2.15163,-3.02798,1.8833,0.181384,0.910697,0.0582732
1731951,1,-2.75261,-1.32534,1.01105,-1.94698,1.10108,1.16772,2.20139,-2.75266,-1.32422,1.00895,-1.94565,1.10136,1.16858,2.20139,0.000180792,0.00136509,-0.000434526,0.000131278,5.68063e-05,0.000284675,0.000102324,0,0,0,0,0,0,0,-0.204456,26.6867,-24.6136,7.47104,0.825212,2.49319,0.0587866,-0.187419,2.15243,-3.02798,1.88356,0.181445,0.910707,0.0579309
1731952,1,-2.75261,-1.32534,1.01104,-1.94698,1.10108,1.16771,2.20138,-2.75266,-1.32422,1.00895,-1.94565,1.10136,1.16858,2.20139,0.000120528,0.000910062,0.000267128,8.75187e-05,-0.00016558,-4.75757e-05,-0.000643861,0,0,0,0,0,0,0,-0.204456,26.6867,-24.6374,7.47104,0.830705,2.4996,0.0780126,-0.187374,2.15156,-3.02663,1.88374,0.181445,0.910642,0.0576574
1731953,1,-2.75261,-1.32534,1.01104,-1.94698,1.10108,1.16772,2.20139,-2.75266,-1.32422,1.00895,-1.94565,1.10136,1.16858,2.20139,-0.000569262,-4.29059e-05,0.000178085,0.000615158,9.30641e-05,0.000205642,0.000520195,0,0,0,0,0,0,0,-0.176685,26.7144,-24.6374,7.44724,0.825212,2.49319,0.0523779,-0.186892,2.14972,-3.02487,1.88406,0.181427,0.910539,0.057468
1731954,1,-2.75261,-1.32534,1.01105,-1.94698,1.10108,1.16771,2.20138,-2.75266,-1.32422,1.00895,-1.94565,1.10136,1.16858,2.20139,-0.00093632,-2.86039e-05,0.000675536,-0.000146707,0.000265493,-0.000100264,-0.000127921,0,0,0,0,0,0,0,-0.152882,26.7144,-24.6612,7.47104,0.819719,2.4996,0.0651953,-0.185674,2.14848,-3.02411,1.88451,0.181426,0.910451,0.0573526
1731955,1,-2.75261,-1.32534,1.01104,-1.94698,1.10108,1.16772,2.20138,-2.75266,-1.32422,1.00895,-1.94565,1.10136,1.16858,2.20139,0.000582213,-0.000575881,-0.000663267,-9.78045e-05,-0.000229906,-6.68429e-05,-0.00127208,0,0,0,0,0,0,0,-0.204456,26.7383,-24.6136,7.47104,0.830705,2.4996,0.0972387,-0.184258,2.14811,-3.02413,1.885,0.181447,0.910388,0.0572934
1731956,1,-2.75261,-1.32534,1.01105,-1.94698,1.10108,1.16772,2.20138,-2.75266,-1.32422,1.00895,-1.94565,1.10136,1.16858,2.20139,-0.000261472,0.00137932,0.000671446,-6.5203e-05,-0.00015327,-4.4562e-05,-0.000135973,0,0,0,0,0,0,0,-0.176685,26.6629,-24.6612,7.47104,0.830705,2.4996,0.0780126,-0.183599,2.14791,-3.02391,1.88529,0.181452,0.910331,0.0572915
1731957,1,-2.75261,-1.32534,1.01104,-1.94698,1.10108,1.16771,2.20139,-2.75266,-1.32422,1.00895,-1.94565,1.10136,1.16858,2.20139,-0.000731127,-0.000286881,-0.000109181,-0.000693083,-0.00010218,-2.9708e-05,-0.000328008,0,0,0,0,0,0,0,-0.152882,26.7144,-24.6374,7.49881,0.830705,2.4996,0.0844213,-0.182413,2.14689,-3.02335,1.8861,0.181487,0.910269,0.0573699
1731958,1,-2.75261,-1.32534,1.01105,-1.94698,1.10108,1.16772,2.20139,-2.75266,-1.32422,1.00895,-1.94565,1.10136,1.16858,2.20139,6.93941e-05,0.00045836,-7.27875e-05,0.000187559,0.00013533,0.000217554,0.00171411,0,0,0,0,0,0,0,-0.176685,26.6867,-24.6374,7.47104,0.825212,2.49319,0.0322363,-0.180437,2.14541,-3.02273,1.88744,0.181569,0.910198,0.0575311
1731959,1,-2.75261,-1.32534,1.01105,-1.94698,1.10108,1.16771,2.20139,-2.75266,-1.32422,1.00895,-1.94565,1.10136,1.16858,2.20139,0.000695877,-0.000344041,-4.8525e-05,0.000125039,9.02202e-05,-9.23232e-05,-7.79644e-05,0,0,0,0,0,0,0,-0.204456,26.7144,-24.6374,7.47104,0.825212,2.4996,0.0651953,-0.179867,2.14464,-3.02199,1.88794,0.181598,0.910118,0.0577418
1731960,1,-2.75261,-1.32534,1.01105,-1.94698,1.10108,1.16771,2.20138,-2.75266,-1.32422,1.00895,-1.94565,1.10136,1.16858,2.20139,-0.000742508,-0.00022936,-3.235e-05,8.33595e-05,0.000263597,-0.000298908,-0.000289335,0,0,0,0,0,0,0,-0.152882,26.7144,-24.6374,7.47104,0.819719,2.50601,0.071604,-0.18091,2.14497,-3.02145,1.88739,0.181556,0.910053,0.0579566
1731961,1,-2.75261,-1.32534,1.01105,-1.94698,1.10108,1.16772,2.20138,-2.75266,-1.32422,1.00895,-1.94565,1.10136,1.16858,2.20139,-0.000495005,-0.000152907,-2.15667e-05,5.5573e-05,-2.7719e-05,0.000275446,-0.00019289,0,0,0,0,0,0,0,-0.152882,26.7144,-24.6374,7.47104,0.825212,2.49319,0.071604,-0.181536,2.14562,-3.02125,1.88691,0.181522,0.909988,0.0581614
1731962,1,-2.75261,-1.32534,1.01105,-1.94698,1.10108,1.16772,2.20139,-2.75266,-1.32422,1.00895,-1.94565,1.10136,1.16858,2.20139,0.000226808,0.000547676,-1.43778e-05,3.70487e-05,-1.84793e-05,-5.37282e-05,0.000346124,0,0,0,0,0,0,0,-0.176685,26.6867,-24.6374,7.47104,0.825212,2.4996,0.0587866,-0.181437,2.14584,-3.02099,1.88677,0.181502,0.909911,0.0583666
1731963,1,-2.75261,-1.32534,1.01105,-1.94698,1.10108,1.16772,2.20139,-2.75266,-1.32422,1.00895,-1.94565,1.10136,1.16858,2.20139,0.00135763,-0.000284497,0.000547227,2.46991e-05,0.000191131,-0.000273178,0.00121409,0,0,0,0,0,0,0,-0.22826,26.7144,-24.6612,7.47104,0.819719,2.50601,0.0322363,-0.182546,2.14629,-3.02072,1.8861,0.181422,0.90987,0.0585725
1731964,1,-2.75261,-1.32534,1.01105,-1.94698,1.10108,1.16772,2.20139,-2.75266,-1.32422,1.00895,-1.94565,1.10136,1.16858,2.20139,-0.000301338,-0.000189664,-0.000191994,0.000573278,0.000127421,5.52404e-05,6.34106e-05,0,0,0,0,0,0,0,-0.176685,26.7144,-24.6374,7.44724,0.819719,2.4996,0.0523779,-0.185462,2.14774,-3.02085,1.88446,0.181258,0.909887,0.0587559
1731965,1,-2.75261,-1.32534,1.01105,-1.94698,1.10108,1.16771,2.20139,-2.75266,-1.32422,1.00895,-1.94565,1.10136,1.16858,2.20139,0.000448722,-0.000126443,0.00107843,0.000938997,-0.000321954,-0.00067525,0.000279633,0,0,0,0,0,0,0,-0.204456,26.7144,-24.689,7.42344,0.830705,2.51882,0.0459692,-0.188826,2.1499,-3.02155,1.88231,0.181047,0.90993,0.0588883
1731966,1,-2.75261,-1.32534,1.01104,-1.94698,1.10108,1.16771,2.20139,-2.75266,-1.32422,1.00895,-1.94565,1.10136,1.16858,2.20139,-0.000350466,-8.42953e-05,-0.00104428,6.91862e-05,-0.000214636,0.00026191,0.000186422,0,0,0,0,0,0,0,-0.176685,26.7144,-24.6136,7.44724,0.830705,2.4996,0.0459692,-0.19164,2.15191,-3.02231,1.88022,0.180839,0.90997,0.0589615
1731967,1,-2.75261,-1.32534,1.01105,-1.94698,1.10108,1.16772,2.20139,-2.75266,-1.32422,1.00895,-1.94565,1.10136,1.16858,2.20139,-0.000233644,-5.61969e-05,0.000417434,4.61242e-05,-0.000143091,-6.27521e-05,0.000632908,0,0,0,0,0,0,0,-0.176685,26.7144,-24.6612,7.44724,0.830705,2.50601,0.0322363,-0.193028,2.15277,-3.02231,1.87896,0.180705,0.909968,0.0589774
1731968,1,-2.75261,-1.32534,1.01105,-1.94698,1.10108,1.16772,2.20139,-2.75266,-1.32422,1.00895,-1.94565,1.10136,1.16858,2.20139,-0.000155763,-0.00124389,0.000278289,-0.000526063,-9.53938e-05,0.000195524,0.000421938,0,0,0,0,0,0,0,-0.176685,26.766,-24.6612,7.47104,0.830705,2.4996,0.0322363,-0.192988,2.15326,-3.02248,1.87865,0.180672,0.909988,0.0589327
1731969,1,-2.75261,-1.32534,1.01105,-1.94698,1.10108,1.16771,2.20139,-2.75266,-1.32422,1.00895,-1.94565,1.10136,1.16858,2.20139,0.00110258,0.000377166,-0.000928098,0.000206104,-6.35958e-05,0.000130349,-0.000227334,0,0,0,0,0,0,0,-0.22826,26.7144,-24.6136,7.44724,0.830705,2.4996,0.0459692,-0.19317,2.15414,-3.02286,1.8784,0.180673,0.910049,0.0588169
1731970,1,-2.75261,-1.32534,1.01104,-1.94697,1.10108,1.16772,2.20139,-2.75266,-1.32422,1.00895,-1.94565,1.10136,1.16858,2.20139,0.000178244,0.000901058,-6.19198e-05,0.00125103,0.000161053,0.000798976,0.000594429,0,0,0,0,0,0,0,-0.204456,26.6867,-24.6374,7.39963,0.825212,2.48037,0.0258276,-0.194563,2.15421,-3.02179,1.87748,0.180617,0.910042,0.05863
1731971,1,-2.75261,-1.32534,1.01105,-1.94698,1.10108,1.16771,2.20139,-2.75266,-1.32422,1.00895,-1.94565,1.10136,1.16858,2.20139,-0.000530785,-0.000605721,-4.12799e-05,-0.000279606,-0.000299532,-0.000416785,0.000396286,0,0,0,0,0,0,0,-0.176685,26.7383,-24.6374,7.44724,0.836199,2.50601,0.0258276,-0.195815,2.1533,-3.01992,1.8764,0.180543,0.909963,0.0583827
1731972,1,-2.75261,-1.32534,1.01105,-1.94698,1.10108,1.16772,2.20139,-2.75266,-1.32422,1.00895,-1.94565,1.10136,1.16858,2.20139,0.000295758,0.000152998,0.000529292,-0.00194964,-0.000199688,-4.04976e-05,0.00050155,0,0,0,0,0,0,0,-0.204456,26.7144,-24.6612,7.52262,0.836199,2.4996,0.0194189,-0.195172,2.15215,-3.01898,1.87665,0.180596,0.909929,0.0580769
1731973,1,-2.75261,-1.32534,1.01105,-1.94698,1.10108,1.16772,2.20139,-2.75266,-1.32422,1.00895,-1.94565,1.10136,1.16858,2.20139,-0.00100925,0.000101999,-0.000203951,-9.33355e-05,0.000477226,0.000210361,-0.000886337,0,0,0,0,0,0,0,-0.152882,26.7144,-24.6374,7.47104,0.819719,2.49319,0.0523779,-0.192379,2.15049,-3.01883,1.87866,0.18081,0.909955,0.0577074
1731974,1,-2.75261,-1.32534,1.01105,-1.94698,1.10108,1.16772,2.20138,-2.75266,-1.32422,1.00895,-1.94565,1.10136,1.16858,2.20139,0.00053359,-0.000488813,0.00107046,-0.00126865,0.0001147,-9.71186e-05,-0.00106561,0,0,0,0,0,0,0,-0.204456,26.7383,-24.689,7.52262,0.825212,2.4996,0.0651953,-0.188698,2.14881,-3.01928,1.88132,0.18108,0.910008,0.0572824
1731975,1,-2.75261,-1.32534,1.01105,-1.94698,1.10108,1.16771,2.20139,-2.75266,-1.32422,1.00895,-1.94565,1.10136,1.16858,2.20139,0.000355727,-0.000325875,-0.000492787,0.00036066,-0.000126984,-0.000539464,-0.000473047,0,0,0,0,0,0,0,-0.204456,26.7383,-24.6374,7.47104,0.830705,2.51242,0.0587866,-0.186411,2.14842,-3.02041,1.88318,0.181289,0.910101,0.0568382
1731976,1,-2.75261,-1.32534,1.01104,-1.94698,1.10108,1.16772,2.20139,-2.75266,-1.32422,1.00895,-1.94565,1.10136,1.16858,2.20139,0.000237151,-0.00021725,-0.000328524,-0.000409174,0.000322245,-0.000359642,0.000159353,0,0,0,0,0,0,0,-0.204456,26.7383,-24.6374,7.49881,0.819719,2.51242,0.0459692,-0.186236,2.14889,-3.02111,1.88374,0.18139,0.91017,0.0564177
1731977,1,-2.75261,-1.32534,1.01104,-1.94698,1.10108,1.16772,2.20139,-2.75266,-1.32422,1.00895,-1.94565,1.10136,1.16858,2.20139,-0.000491513,0.00106159,-0.000775828,0.000376831,1.13796e-05,-2.40266e-06,0.000852221,0,0,0,0,0,0,0,-0.176685,26.6867,-24.6136,7.47104,0.825212,2.50601,0.0258276,-0.186452,2.14847,-3.02031,1.88393,0.181432,0.91014,0.0560413
1731978,1,-2.75261,-1.32534,1.01105,-1.94698,1.10108,1.16771,2.20138,-2.75266,-1.32422,1.00895,-1.94565,1.10136,1.16858,2.20139,0.00087875,5.81144e-05,0.00124602,0.000251221,0.000855297,0.000235757,-0.00160199,0,0,0,0,0,0,0,-0.22826,26.7144,-24.689,7.47104,0.802324,2.4996,0.0844213,-0.186539,2.14716,-3.01884,1.88403,0.181424,0.910075,0.0556981
1731979,1,-2.75261,-1.32534,1.01105,-1.94698,1.10108,1.16772,2.20139,-2.75266,-1.32422,1.00895,-1.94565,1.10136,1.16858,2.20139,2.90216e-05,3.87429e-05,0.000181065,-0.000482133,-0.000480963,-0.000317546,-0.000118559,0,0,0,0,0,0,0,-0.204456,26.7144,-24.6612,7.49881,0.830705,2.51242,0.0587866,-0.187367,2.14671,-3.01844,1.88369,0.181344,0.910103,0.0553817
1731980,1,-2.75261,-1.32534,1.01105,-1.94698,1.10108,1.16772,2.20138,-2.75266,-1.32422,1.00895,-1.94565,1.10136,1.16858,2.20139,-0.000630266,-0.0011806,0.00012071,0.00144182,-0.000320642,0.00026302,-0.000553757,0,0,0,0,0,0,0,-0.176685,26.766,-24.6612,7.42344,0.830705,2.4996,0.071604,-0.188543,2.14763,-3.01923,1.883,0.181231,0.910196,0.0551132
1731981,1,-2.75261,-1.32534,1.01105,-1.94698,1.10108,1.16772,2.20139,-2.75266,-1.32422,1.00895,-1.94565,1.10136,1.16858,2.20139,-0.000420177,0.000419361,8.04735e-05,-0.000152414,-1.03108e-05,0.000412706,0.000580264,0,0,0,0,0,0,0,-0.176685,26.7144,-24.6612,7.47104,0.825212,2.49319,0.0459692,-0.189258,2.14914,-3.02032,1.88216,0.181112,0.910259,0.054909
1731982,1,-2.75261,-1.32534,1.01105,-1.94698,1.10108,1.16771,2.20138,-2.75266,-1.32422,1.00895,-1.94565,1.10136,1.16858,2.20139,-0.000280118,0.000929188,5.3649e-05,-0.000101609,-0.000210324,-0.00043694,-0.00103731,0,0,0,0,0,0,0,-0.176685,26.6867,-24.6612,7.47104,0.830705,2.51242,0.0844213,-0.188654,2.14939,-3.02078,1.88209,0.181042,0.910275,0.0547712
1731983,1,-2.75261,-1.32534,1.01105,-1.94698,1.10108,1.16771,2.20138,-2.75266,-1.32422,1.00895,-1.94565,1.10136,1.16858,2.20139,-0.000186746,0.000619459,3.5766e-05,0.000489073,-0.000140216,0.000183425,-0.00069154,0,0,0,0,0,0,0,-0.176685,26.6867,-24.6612,7.44724,0.830705,2.4996,0.0844213,-0.186916,2.14777,-3.02024,1.88297,0.181023,0.910253,0.0546969
1731984,1,-2.75261,-1.32534,1.01104,-1.94698,1.10108,1.16772,2.20138,-2.75266,-1.32422,1.00895,-1.94565,1.10136,1.16858,2.20139,-0.000681309,-0.000793453,-0.00173939,-0.000230764,0.000109973,0.000359642,-0.000223668,0,0,0,0,0,0,0,-0.152882,26.7383,-24.5858,7.47104,0.825212,2.49319,0.0780126,-0.185115,2.14549,-3.01873,1.8839,0.18102,0.910171,0.0546931
1731985,1,-2.75261,-1.32534,1.01105,-1.94698,1.10108,1.16771,2.20138,-2.75266,-1.32422,1.00895,-1.94565,1.10136,1.16858,2.20139,0.00075222,2.7843e-05,4.683e-05,0.000959782,7.33153e-05,2.40248e-06,-0.000149112,0,0,0,0,0,0,0,-0.204456,26.7144,-24.6374,7.42344,0.825212,2.4996,0.0780126,-0.184434,2.14383,-3.01653,1.88408,0.180998,0.910034,0.05477
1731986,1,-2.75261,-1.32534,1.01105,-1.94698,1.10108,1.16771,2.20138,-2.75266,-1.32422,1.00895,-1.94565,1.10136,1.16858,2.20139,-0.000148134,-0.00053825,0.00123765,8.30424e-05,0.000693137,1.60165e-06,-0.000336767,0,0,0,0,0,0,0,-0.176685,26.7383,-24.689,7.44724,0.807817,2.4996,0.0844213,-0.185619,2.14409,-3.01552,1.88305,0.180903,0.909976,0.0549282
1731987,1,-2.75261,-1.32534,1.01105,-1.94698,1.10108,1.16772,2.20138,-2.75266,-1.32422,1.00895,-1.94565,1.10136,1.16858,2.20139,-9.8756e-05,0.000847593,-0.000381329,-0.00050145,0.000258641,-0.000236291,-0.000936588,0,0,0,0,0,0,0,-0.176685,26.6867,-24.6374,7.47104,0.81331,2.50601,0.103647,-0.186891,2.14528,-3.01616,1.88204,0.1808,0.910037,0.0551669
1731988,1,-2.75261,-1.32534,1.01105,-1.94698,1.10108,1.16772,2.20138,-2.75266,-1.32422,1.00895,-1.94565,1.10136,1.16858,2.20139,-0.000622649,-0.000641364,0.000952207,0.000222512,-0.000471833,7.98315e-05,8.76847e-05,0,0,0,0,0,0,0,-0.152882,26.7383,-24.689,7.44724,0.830705,2.4996,0.0844213,-0.186678,2.14581,-3.01722,1.88205,0.180752,0.910128,0.0554904
1731989,1,-2.75261,-1.32534,1.01105,-1.94698,1.10108,1.16771,2.20138,-2.75266,-1.32422,1.00895,-1.94565,1.10136,1.16858,2.20139,0.000141712,0.000129236,-1.48094e-05,0.000148341,-0.000314555,5.3221e-05,-0.000416261,0,0,0,0,0,0,0,-0.176685,26.7144,-24.6612,7.44724,0.830705,2.4996,0.0972387,-0.185874,2.14643,-3.01869,1.88233,0.180717,0.910231,0.0558995
1731990,1,-2.75261,-1.32534,1.01105,-1.94698,1.10108,1.16772,2.20139,-2.75266,-1.32422,1.00895,-1.94565,1.10136,1.16858,2.20139,-0.000462337,-0.00112027,-9.87294e-06,-0.00110753,0.000197198,-0.000439237,0.000671928,0,0,0,0,0,0,0,-0.152882,26.766,-24.6612,7.49881,0.819719,2.51242,0.071604,-0.185122,2.14748,-3.02036,1.88261,0.180694,0.910342,0.056386
1731991,1,-2.75261,-1.32534,1.01105,-1.94698,1.10108,1.16772,2.20138,-2.75266,-1.32422,1.00895,-1.94565,1.10136,1.16858,2.20139,-0.000308225,0.00166601,-6.58196e-06,-8.87406e-05,-7.19855e-05,0.000181893,0.000447952,0,0,0,0,0,0,0,-0.152882,26.6629,-24.6612,7.47104,0.825212,2.4996,0.071604,-0.18355,2.1476,-3.02134,1.88359,0.180727,0.910424,0.0569353
1731992,1,-2.75261,-1.32534,1.01105,-1.94698,1.10108,1.16771,2.20139,-2.75266,-1.32422,1.00895,-1.94565,1.10136,1.16858,2.20139,-0.000205483,-0.000652567,-4.38797e-06,0.000497652,-0.000454891,0.000121262,-0.000176083,0,0,0,0,0,0,0,-0.152882,26.7383,-24.6612,7.44724,0.836199,2.4996,0.0844213,-0.181404,2.14642,-3.02135,1.88489,0.180763,0.910448,0.0575159
1731993,1,-2.75261,-1.32534,1.01105,-1.94698,1.10108,1.16772,2.20138,-2.75266,-1.32422,1.00895,-1.94565,1.10136,1.16858,2.20139,-0.000136989,0.000121767,0.000646689,-0.000225044,-9.98104e-05,-0.000156518,-0.000117389,0,0,0,0,0,0,0,-0.152882,26.7144,-24.689,7.47104,0.830705,2.50601,0.0844213,-0.179996,2.14564,-3.02141,1.8855,0.180751,0.910464,0.0580991
1731994,1,-2.75261,-1.32534,1.01105,-1.94698,1.10108,1.16772,2.20139,-2.75266,-1.32422,1.00895,-1.94565,1.10136,1.16858,2.20139,0.000465486,-0.000475634,-0.000218488,0.000963594,0.00013691,0.000133014,0.00161716,0,0,0,0,0,0,0,-0.176685,26.7383,-24.6612,7.42344,0.825212,2.4996,0.038645,-0.180022,2.14617,-3.02207,1.88506,0.180686,0.910514,0.0586781
1731995,1,-2.75261,-1.32534,1.01105,-1.94698,1.10108,1.16772,2.20139,-2.75266,-1.32422,1.00895,-1.94565,1.10136,1.16858,2.20139,-0.000246488,-0.000317089,-0.000145659,-0.000471228,0.000532083,-0.000148683,0.000569482,0,0,0,0,0,0,0,-0.152882,26.7383,-24.6612,7.47104,0.81331,2.50601,0.0523779,-0.181347,2.14745,-3.02264,1.88372,0.180574,0.910557,0.0592349
1731996,1,-2.75261,-1.32534,1.01105,-1.94698,1.10108,1.16771,2.20139,-2.75266,-1.32422,1.00895,-1.94565,1.10136,1.16858,2.20139,-0.000164325,-0.000211393,0.000552508,-0.000963766,-8.60875e-05,-9.9122e-05,0.00112564,0,0,0,0,0,0,0,-0.152882,26.7383,-24.689,7.49881,0.825212,2.50601,0.0322363,-0.182169,2.1486,-3.0232,1.88285,0.180511,0.910609,0.0597319
1731997,1,-2.75261,-1.32534,1.01105,-1.94698,1.10108,1.16772,2.20139,-2.75266,-1.32422,1.00895,-1.94565,1.10136,1.16858,2.20139,0.000447262,0.000415883,-0.000281275,-0.00064251,0.000146059,0.000171278,0.0002418,0,0,0,0,0,0,0,-0.176685,26.7144,-24.6612,7.49881,0.819719,2.4996,0.0459692,-0.181746,2.14896,-3.02379,1.88313,0.180525,0.910694,0.060137
1731998,1,-2.75261,-1.32534,1.01105,-1.94698,1.10108,1.16772,2.20139,-2.75266,-1.32422,1.00895,-1.94565,1.10136,1.16858,2.20139,-0.000258637,0.000277256,0.000462097,0.000221274,-0.000309528,0.000351544,0.000432467,0,0,0,0,0,0,0,-0.152882,26.7144,-24.689,7.47104,0.830705,2.49319,0.038645,-0.181024,2.14851,-3.02392,1.88378,0.180541,0.910764,0.0604292
1731999,1,-2.75261,-1.32534,1.01105,-1.94698,1.10108,1.16772,2.20139,-2.75266,-1.32422,1.00895,-1.94565,1.10136,1.16858,2.20139,0.000384387,-0.000371975,-0.000341549,-0.000502098,0.000200549,-0.000240355,-0.000220315,0,0,0,0,0,0,0,-0.176685,26.7383,-24.6612,7.49881,0.819719,2.50601,0.0523779,-0.180536,2.14796,-3.02383,1.88419,0.180522,0.910805,0.0606035
1732000,1,-2.75261,-1.32534,1.01105,-1.94698,1.10108,1.16771,2.20139,-2.75266,-1.32422,1.00895,-1.94565,1.10136,1.16858,2.20139,0.000905872,-0.000897597,-0.000227699,0.000871694,-6.97514e-05,-0.000160237,0.00107383,0,0,0,0,0,0,0,-0.204456,26.766,-24.6612,7.44724,0.825212,2.50601,0.0194189,-0.18164,2.14855,-3.02381,1.88355,0.180426,0.910836,0.0606683
1732001,1,-2.75261,-1.32534,1.01105,-1.94698,1.10108,1.16772,2.20139,-2.75266,-1.32422,1.00895,-1.94565,1.10136,1.16858,2.20139,0.00116073,0.000608028,-0.0001518,2.43172e-05,-0.000249951,-0.000106825,0.000241167,0,0,0,0,0,0,0,-0.22826,26.7144,-24.6612,7.47104,0.830705,2.50601,0.0322363,-0.185204,2.1504,-3.02365,1.8814,0.180216,0.910863,0.0606306
1732002,1,-2.75261,-1.32534,1.01105,-1.94698,1.10108,1.16772,2.20138,-2.75266,-1.32422,1.00895,-1.94565,1.10136,1.16858,2.20139,-0.000432608,-0.00015146,-0.0001012,-0.000633402,-0.000370085,-0.000308575,-0.00105993,0,0,0,0,0,0,0,-0.176685,26.7383,-24.6612,7.49881,0.836199,2.51242,0.0651953,-0.188795,2.15176,-3.02313,1.87937,0.180007,0.910886,0.0604931
1732003,1,-2.75261,-1.32534,1.01105,-1.94698,1.10108,1.16772,2.20139,-2.75266,-1.32422,1.00895,-1.94565,1.10136,1.16858,2.20139,0.000361208,-0.000100973,-6.74665e-05,0.000227346,0.000363628,3.16421e-05,5.45988e-06,0,0,0,0,0,0,0,-0.204456,26.7383,-24.6612,7.47104,0.819719,2.50601,0.0459692,-0.190387,2.15209,-3.02262,1.87865,0.179902,0.910909,0.0602754
1732004,1,-2.75261,-1.32534,1.01105,-1.94698,1.10108,1.16771,2.20139,-2.75266,-1.32422,1.00895,-1.94565,1.10136,1.16858,2.20139,0.000797618,0.000489496,-0.0011586,0.00126519,-0.000571383,-0.000216264,-0.000471078,0,0,0,0,0,0,0,-0.22826,26.7144,-24.6136,7.42344,0.841692,2.51242,0.0587866,-0.191749,2.15208,-3.0217,1.8779,0.179805,0.910901,0.0600122
1732005,1,-2.75261,-1.32534,1.01105,-1.94698,1.10108,1.16771,2.20139,-2.75266,-1.32422,1.00895,-1.94565,1.10136,1.16858,2.20139,-2.50669e-05,0.000326331,0.000341223,0.000286646,0.000229429,-0.000144176,0.000906651,0,0,0,0,0,0,0,-0.204456,26.7144,-24.6612,7.44724,0.825212,2.51242,0.0258276,-0.193812,2.15173,-3.02001,1.8765,0.179662,0.910848,0.0597304
1732006,1,-2.75261,-1.32534,1.01105,-1.94698,1.10108,1.16771,2.20138,-2.75266,-1.32422,1.00895,-1.94565,1.10136,1.16858,2.20139,-0.00122314,0.000867168,0.000227482,-0.000365714,-5.04976e-05,0.000141242,-0.0015657,0,0,0,0,0,0,0,-0.152882,26.6867,-24.6612,7.47104,0.830705,2.50601,0.0844213,-0.193884,2.15046,-3.01867,1.87618,0.179613,0.91082,0.0594431
1732007,1,-2.75261,-1.32534,1.01105,-1.94698,1.10108,1.16772,2.20139,-2.75266,-1.32422,1.00895,-1.94565,1.10136,1.16858,2.20139,-0.000258613,-7.1502e-05,0.00191489,0.000869814,0.000169785,9.4161e-05,-9.43674e-05,0,0,0,0,0,0,0,-0.176685,26.7144,-24.7366,7.42344,0.825212,2.50601,0.0587866,-0.191019,2.14882,-3.01907,1.87749,0.179706,0.910892,0.0591604
1732008,1,-2.75261,-1.32534,1.01105,-1.94698,1.10108,1.16772,2.20139,-2.75266,-1.32422,1.00895,-1.94565,1.10136,1.16858,2.20139,-0.000172409,-4.7668e-05,0.000162971,2.30643e-05,-0.000293711,0.000300133,-6.29116e-05,0,0,0,0,0,0,0,-0.176685,26.7144,-24.689,7.44724,0.836199,2.4996,0.0587866,-0.187805,2.14845,-3.02146,1.8788,0.179826,0.911081,0.0589049
1732009,1,-2.75261,-1.32534,1.01105,-1.94698,1.10108,1.16772,2.20139,-2.75266,-1.32422,1.00895,-1.94565,1.10136,1.16858,2.20139,-0.000671751,0.000617835,0.000108647,1.53762e-05,7.64337e-06,-3.72703e-05,0.000195418,0,0,0,0,0,0,0,-0.152882,26.6867,-24.689,7.44724,0.830705,2.50601,0.0523779,-0.184961,2.14848,-3.02402,1.8799,0.179958,0.911282,0.0586904
1732010,1,-2.75261,-1.32534,1.01105,-1.94698,1.10108,1.16771,2.20138,-2.75266,-1.32422,1.00895,-1.94565,1.10136,1.16858,2.20139,0.000758592,0.00041189,-0.00113399,-0.000546561,5.09558e-06,0.000212512,-0.00105652,0,0,0,0,0,0,0,-0.204456,26.6867,-24.6374,7.47104,0.830705,2.4996,0.0844213,-0.182208,2.1472,-3.02482,1.88124,0.180126,0.911389,0.0585121
1732011,1,-2.75261,-1.32534,1.01105,-1.94698,1.10108,1.16771,2.20138,-2.75266,-1.32422,1.00895,-1.94565,1.10136,1.16858,2.20139,-0.00135031,-0.000931832,0.00100724,0.000192438,0.000647657,0.000141675,-0.000229626,0,0,0,0,0,0,0,-0.125111,26.7383,-24.7128,7.44724,0.81331,2.4996,0.071604,-0.180017,2.14568,-3.02473,1.88245,0.180303,0.911448,0.0583717
1732012,1,-2.75261,-1.32534,1.01105,-1.94698,1.10108,1.16771,2.20138,-2.75266,-1.32422,1.00895,-1.94565,1.10136,1.16858,2.20139,0.000306218,-6.44097e-05,-0.000534931,-0.00163495,-9.0381e-06,9.44498e-05,-0.000627802,0,0,0,0,0,0,0,-0.176685,26.7144,-24.6612,7.52262,0.825212,2.4996,0.0844213,-0.177722,2.14506,-3.02544,1.88376,0.180511,0.911537,0.0582876
1732013,1,-2.75261,-1.32534,1.01105,-1.94698,1.10108,1.16771,2.20138,-2.75266,-1.32422,1.00895,-1.94565,1.10136,1.16858,2.20139,0.000853759,0.000606674,-0.000356621,0.000116462,-6.0254e-06,-0.000411751,5.61832e-05,0,0,0,0,0,0,0,-0.204456,26.6867,-24.6612,7.47104,0.825212,2.51242,0.071604,-0.176036,2.1445,-3.02593,1.88508,0.180708,0.911632,0.0582743
1732014,1,-2.75261,-1.32534,1.01105,-1.94698,1.10108,1.16771,2.20138,-2.75266,-1.32422,1.00895,-1.94565,1.10136,1.16858,2.20139,-0.000637253,-0.000245165,0.000411867,7.76413e-05,-0.000614368,-3.7142e-05,-0.000437262,0,0,0,0,0,0,0,-0.152882,26.7144,-24.689,7.47104,0.841692,2.50601,0.0844213,-0.175782,2.1438,-3.02571,1.8857,0.18082,0.9117,0.0583331
1732015,1,-2.75261,-1.32534,1.01105,-1.94698,1.10108,1.16772,2.20138,-2.75266,-1.32422,1.00895,-1.94565,1.10136,1.16858,2.20139,0.000131977,0.00104298,0.00083139,5.17609e-05,0.000200773,-2.47613e-05,-0.000528867,0,0,0,0,0,0,0,-0.176685,26.6629,-24.7128,7.47104,0.825212,2.50601,0.09083,-0.175651,2.14337,-3.02611,1.88596,0.180883,0.911783,0.0584621
1732016,1,-2.75261,-1.32534,1.01105,-1.94698,1.10108,1.16772,2.20138,-2.75266,-1.32422,1.00895,-1.94565,1.10136,1.16858,2.20139,0.00129441,-0.000511104,0.00055426,3.45072e-05,-6.96021e-05,-0.000491225,0.00012214,0,0,0,0,0,0,0,-0.22826,26.7144,-24.7128,7.47104,0.830705,2.51882,0.0780126,-0.176286,2.14362,-3.02742,1.88568,0.180895,0.91193,0.0586622
1732017,1,-2.75261,-1.32534,1.01105,-1.94698,1.10108,1.16772,2.20138,-2.75266,-1.32422,1.00895,-1.94565,1.10136,1.16858,2.20139,0.00141975,0.000308878,-0.000836919,0.000579817,0.000157049,0.000384593,8.14265e-05,0,0,0,0,0,0,0,-0.252064,26.6867,-24.6612,7.44724,0.825212,2.4996,0.0780126,-0.179825,2.14511,-3.02868,1.8838,0.180787,0.912109,0.0589277
1732018,1,-2.75261,-1.32534,1.01105,-1.94698,1.10108,1.16771,2.20138,-2.75266,-1.32422,1.00895,-1.94565,1.10136,1.16858,2.20139,-0.00137355,0.000205919,-0.000557946,-0.000819881,-0.000302202,0.000256395,5.42843e-05,0,0,0,0,0,0,0,-0.152882,26.6867,-24.6612,7.49881,0.836199,2.4996,0.0780126,-0.183834,2.14602,-3.0286,1.88168,0.180668,0.912201,0.0592459
1732019,1,-2.75261,-1.32534,1.01105,-1.94698,1.10108,1.16771,2.20138,-2.75266,-1.32422,1.00895,-1.94565,1.10136,1.16858,2.20139,0.000290727,-0.00106915,-0.000371964,0.000103026,0.000408884,-6.64286e-05,0.000510907,0,0,0,0,0,0,0,-0.204456,26.7383,-24.6612,7.47104,0.819719,2.50601,0.0651953,-0.185181,2.14553,-3.02778,1.88105,0.180681,0.912196,0.0596043
1732020,1,-2.75261,-1.32534,1.01105,-1.94698,1.10108,1.16771,2.20138,-2.75266,-1.32422,1.00895,-1.94565,1.10136,1.16858,2.20139,0.00075063,0.000493661,-0.000247976,6.86842e-05,-0.000337762,-0.000281645,-0.00084619,0,0,0,0,0,0,0,-0.22826,26.6867,-24.6612,7.47104,0.836199,2.51242,0.0972387,-0.186004,2.14534,-3.02727,1.8807,0.180728,0.91219,0.0599836
1732021,1,-2.75261,-1.32534,1.01105,-1.94698,1.10108,1.16771,2.20138,-2.75266,-1.32422,1.00895,-1.94565,1.10136,1.16858,2.20139,-5.6392e-05,0.000329108,0.000484297,4.57895e-05,0.000622536,4.95958e-05,-8.94086e-05,0,0,0,0,0,0,0,-0.204456,26.6867,-24.689,7.47104,0.81331,2.50601,0.0844213,-0.187485,2.14536,-3.02703,1.88003,0.180733,0.912219,0.0603771
1732022,1,-2.75261,-1.32534,1.01105,-1.94698,1.10108,1.16771,2.20139,-2.75266,-1.32422,1.00895,-1.94565,1.10136,1.16858,2.20139,-0.000687209,-0.000430209,0.000322864,-0.000619088,0.000177665,0.000270423,0.00088983,0,0,0,0,0,0,0,-0.176685,26.7144,-24.689,7.49881,0.819719,2.4996,0.0587866,-0.187751,2.14505,-3.02756,1.88009,0.180774,0.912293,0.0607962
1732023,1,-2.75261,-1.32534,1.01105,-1.94698,1.10108,1.16771,2.20138,-2.75266,-1.32422,1.00895,-1.94565,1.10136,1.16858,2.20139,-0.000458139,-0.000286806,-0.000991183,0.000793701,-8.50073e-05,0.000180282,0.000355861,0,0,0,0,0,0,0,-0.176685,26.7144,-24.6374,7.44724,0.825212,2.4996,0.0651953,-0.186562,2.14464,-3.02851,1.88086,0.180861,0.912355,0.0612308
1732024,1,-2.75261,-1.32534,1.01105,-1.94698,1.10108,1.16772,2.20138,-2.75266,-1.32422,1.00895,-1.94565,1.10136,1.16858,2.20139,0.000344188,0.00045841,-0.000103977,-0.000677292,-0.000463573,-0.00035453,-0.000237477,0,0,0,0,0,0,0,-0.204456,26.6867,-24.6612,7.49881,0.836199,2.51242,0.0780126,-0.185228,2.14381,-3.02869,1.88163,0.180932,0.912349,0.06165
1732025,1,-2.75261,-1.32534,1.01105,-1.94698,1.10108,1.16772,2.20138,-2.75266,-1.32422,1.00895,-1.94565,1.10136,1.16858,2.20139,-0.000976967,-0.000900819,0.000580296,-0.000451528,9.78526e-05,0.000238365,-0.00110775,0,0,0,0,0,0,0,-0.152882,26.7383,-24.689,7.49881,0.825212,2.4996,0.103647,-0.18374,2.14286,-3.0289,1.88271,0.181014,0.912359,0.0620429
1732026,1,-2.75261,-1.32534,1.01105,-1.94698,1.10108,1.16772,2.20139,-2.75266,-1.32422,1.00895,-1.94565,1.10136,1.16858,2.20139,-0.000651312,-0.000600546,0.000386864,0.000348595,-0.000138215,-7.84492e-05,0.00092301,0,0,0,0,0,0,0,-0.152882,26.7383,-24.689,7.47104,0.830705,2.50601,0.0587866,-0.181581,2.14288,-3.03055,1.88414,0.181134,0.912448,0.0624261
1732027,1,-2.75261,-1.32534,1.01105,-1.94698,1.10108,1.16771,2.20138,-2.75266,-1.32422,1.00895,-1.94565,1.10136,1.16858,2.20139,0.00132903,0.000806062,0.000257909,-0.000417217,-9.21436e-05,-0.000289658,-9.67368e-05,0,0,0,0,0,0,0,-0.22826,26.6867,-24.689,7.49881,0.830705,2.51242,0.0780126,-0.180207,2.14366,-3.03279,1.88508,0.181213,0.912578,0.0628145
1732028,1,-2.75261,-1.32534,1.01105,-1.94698,1.10108,1.16771,2.20138,-2.75266,-1.32422,1.00895,-1.94565,1.10136,1.16858,2.20139,-0.000877218,-0.00187548,-0.000477674,0.000371469,-6.14291e-05,4.42533e-05,0.000172868,0,0,0,0,0,0,0,-0.152882,26.7898,-24.6612,7.47104,0.830705,2.50601,0.071604,-0.180639,2.1448,-3.03453,1.88513,0.18122,0.912711,0.0631963
1732029,1,-2.75261,-1.32534,1.01105,-1.94698,1.10108,1.16771,2.20138,-2.75266,-1.32422,1.00895,-1.94565,1.10136,1.16858,2.20139,-2.79999e-05,0.00051292,0.000887976,0.000247646,0.000162498,-0.000207857,-0.000834191,0,0,0,0,0,0,0,-0.176685,26.7144,-24.7128,7.47104,0.825212,2.51242,0.0972387,-0.181617,2.14652,-3.03622,1.88469,0.181204,0.912834,0.0635603
1732030,1,-2.75261,-1.32534,1.01105,-1.94698,1.10108,1.16771,2.20139,-2.75266,-1.32422,1.00895,-1.94565,1.10136,1.16858,2.20139,0.000630947,-0.000214866,3.51723e-05,-0.00104133,-9.51187e-05,-0.000138571,0.00134274,0,0,0,0,0,0,0,-0.204456,26.7383,-24.689,7.52262,0.830705,2.51242,0.0459692,-0.182341,2.14802,-3.03797,1.88446,0.1812,0.912979,0.0639186
1732031,1,-2.75261,-1.32534,1.01105,-1.94698,1.10108,1.16771,2.20139,-2.75266,-1.32422,1.00895,-1.94565,1.10136,1.16858,2.20139,0.000420632,0.000413568,2.34482e-05,0.000512207,0.000140038,0.000382337,0.000420445,0,0,0,0,0,0,0,-0.204456,26.7144,-24.689,7.47104,0.825212,2.4996,0.0587866,-0.183415,2.14872,-3.03904,1.88442,0.181193,0.913133,0.0642714
1732032,1,-2.75261,-1.32534,1.01105,-1.94698,1.10108,1.16771,2.20139,-2.75266,-1.32422,1.00895,-1.94565,1.10136,1.16858,2.20139,-0.000369193,-0.0002811,-0.000633982,0.000898283,9.33587e-05,1.75325e-05,0.000280297,0,0,0,0,0,0,0,-0.176685,26.7383,-24.6612,7.44724,0.825212,2.50601,0.0587866,-0.18502,2.14886,-3.03901,1.88396,0.181142,0.913215,0.0645885
1732033,1,-2.75261,-1.32534,1.01105,-1.94698,1.10108,1.16771,2.20139,-2.75266,-1.32422,1.00895,-1.94565,1.10136,1.16858,2.20139,-0.000246129,0.00101903,0.000226959,0.000598855,-0.000141211,1.16883e-05,0.000186864,0,0,0,0,0,0,0,-0.176685,26.6867,-24.689,7.44724,0.830705,2.50601,0.0587866,-0.186251,2.14826,-3.03807,1.88326,0.181062,0.913198,0.0648482
1732034,1,-2.75261,-1.32534,1.01105,-1.94698,1.10108,1.16771,2.20139,-2.75266,-1.32422,1.00895,-1.94565,1.10136,1.16858,2.20139,-0.00137051,2.97368e-05,-0.00105512,-0.001364,-9.41409e-05,7.79221e-06,0.000124576,0,0,0,0,0,0,0,-0.125111,26.7144,-24.6374,7.52262,0.830705,2.50601,0.0587866,-0.185218,2.14601,-3.03643,1.88384,0.181073,0.913116,0.0650519
1732035,1,-2.75261,-1.32534,1.01105,-1.94698,1.10108,1.16771,2.20139,-2.75266,-1.32422,1.00895,-1.94565,1.10136,1.16858,2.20139,0.000292751,-0.000536987,-0.000146601,0.000297092,-6.27606e-05,-0.000469523,0.00130375,0,0,0,0,0,0,0,-0.176685,26.7383,-24.6612,7.47104,0.830705,2.51882,0.0258276,-0.182211,2.14288,-3.03453,1.88585,0.18121,0.91302,0.0651997
1732036,1,-2.75261,-1.32534,1.01105,-1.94698,1.10108,1.16771,2.20139,-2.75266,-1.32422,1.00895,-1.94565,1.10136,1.16858,2.20139,0.000195168,0.00019882,-0.000654546,0.000198061,0.00016161,0.000399061,-0.000588893,0,0,0,0,0,0,0,-0.176685,26.7144,-24.6374,7.47104,0.825212,2.4996,0.0651953,-0.180367,2.14088,-3.03292,1.88722,0.181323,0.912964,0.0652765
1732037,1,-2.75261,-1.32534,1.01105,-1.94698,1.10108,1.16771,2.20139,-2.75266,-1.32422,1.00895,-1.94565,1.10136,1.16858,2.20139,0.000130112,0.000782161,0.00188369,-0.00107439,0.00010774,-0.000208677,0.000590749,0,0,0,0,0,0,0,-0.176685,26.6867,-24.7366,7.52262,0.825212,2.51242,0.038645,-0.179824,2.13994,-3.03226,1.88793,0.18138,0.913008,0.0652752
1732038,1,-2.75261,-1.32534,1.01105,-1.94698,1.10108,1.16772,2.20139,-2.75266,-1.32422,1.00895,-1.94565,1.10136,1.16858,2.20139,0.00129317,-0.000128173,-0.00106426,-0.000159445,7.18267e-05,-0.000376477,0.000122565,0,0,0,0,0,0,0,-0.22826,26.7144,-24.6374,7.49881,0.825212,2.51882,0.0459692,-0.179836,2.13951,-3.03268,1.8887,0.181426,0.913176,0.0652065
1732039,1,-2.75261,-1.32534,1.01105,-1.94698,1.10108,1.16771,2.20139,-2.75266,-1.32422,1.00895,-1.94565,1.10136,1.16858,2.20139,-0.000344315,-0.00129187,0.00105373,0.00110013,-0.000359017,-1.36257e-05,8.17102e-05,0,0,0,0,0,0,0,-0.176685,26.766,-24.7128,7.44724,0.836199,2.51242,0.0459692,-0.181719,2.1407,-3.03374,1.88832,0.181392,0.913401,0.0650688
1732040,1,-2.75261,-1.32534,1.01105,-1.94698,1.10108,1.16771,2.20139,-2.75266,-1.32422,1.00895,-1.94565,1.10136,1.16858,2.20139,-0.000229543,-0.000211636,0.000145676,-0.00102982,0.000371007,-0.000246443,0.00127518,0,0,0,0,0,0,0,-0.176685,26.7383,-24.689,7.52262,0.819719,2.51882,0.0130102,-0.18413,2.14362,-3.03589,1.8872,0.181328,0.913663,0.0648646
1732041,1,-2.75261,-1.32534,1.01105,-1.94698,1.10108,1.16771,2.20139,-2.75266,-1.32422,1.00895,-1.94565,1.10136,1.16858,2.20139,0.000496585,-0.000141091,-0.000552497,-0.000129734,-0.000159563,7.30638e-05,-0.000845303,0,0,0,0,0,0,0,-0.204456,26.7383,-24.6612,7.49881,0.830705,2.51242,0.0587866,-0.185348,2.14617,-3.03807,1.88682,0.181325,0.913927,0.0645957
1732042,1,-2.75261,-1.32534,1.01105,-1.94698,1.10108,1.16772,2.20139,-2.75266,-1.32422,1.00895,-1.94565,1.10136,1.16858,2.20139,0.000331057,-9.40604e-05,0.000838095,-0.000643301,9.70752e-05,0.000286068,0.00018245,0,0,0,0,0,0,0,-0.204456,26.7383,-24.7128,7.52262,0.825212,2.50601,0.038645,-0.186182,2.14769,-3.03933,1.88698,0.181348,0.914169,0.0642576
1732043,1,-2.75261,-1.32534,1.01105,-1.94698,1.10108,1.16772,2.20139,-2.75266,-1.32422,1.00895,-1.94565,1.10136,1.16858,2.20139,0.000220705,0.00114372,0.00111554,0.000777559,-0.000138734,-0.000284006,-0.000624352,0,0,0,0,0,0,0,-0.204456,26.6867,-24.7366,7.47104,0.830705,2.51882,0.0587866,-0.186947,2.14879,-3.04073,1.88723,0.181348,0.914437,0.0638706
1732044,1,-2.75261,-1.32534,1.01105,-1.94698,1.10108,1.16772,2.20139,-2.75266,-1.32422,1.00895,-1.94565,1.10136,1.16858,2.20139,-0.000502478,0.000112865,0.000186883,-0.000688054,-0.00029594,0.000285381,0.000329751,0,0,0,0,0,0,0,-0.176685,26.7144,-24.7128,7.52262,0.836199,2.50601,0.038645,-0.186817,2.14901,-3.04229,1.88791,0.181351,0.914706,0.0634616
1732045,1,-2.75261,-1.32534,1.01105,-1.94698,1.10108,1.16772,2.20138,-2.75266,-1.32422,1.00895,-1.94565,1.10136,1.16858,2.20139,-0.000334985,0.000724858,-0.000432224,9.81096e-05,0.000209608,0.000190254,-0.00100087,0,0,0,0,0,0,0,-0.176685,26.6867,-24.689,7.49881,0.825212,2.50601,0.071604,-0.185198,2.14776,-3.04296,1.88943,0.181413,0.914891,0.0630442
1732046,1,-2.75261,-1.32534,1.01105,-1.94698,1.10108,1.16771,2.20139,-2.75266,-1.32422,1.00895,-1.94565,1.10136,1.16858,2.20139,-0.000223323,-0.000166376,-0.000937763,6.54064e-05,-6.37119e-05,0.000126836,-0.000192528,0,0,0,0,0,0,0,-0.176685,26.7144,-24.6612,7.49881,0.830705,2.50601,0.0587866,-0.182961,2.14536,-3.04208,1.89126,0.181509,0.914947,0.0626312
1732047,1,-2.75261,-1.32534,1.01105,-1.94698,1.10108,1.16771,2.20139,-2.75266,-1.32422,1.00895,-1.94565,1.10136,1.16858,2.20139,-0.000148882,0.000538697,2.44386e-05,0.00125003,-4.24746e-05,8.45572e-05,0.000617633,0,0,0,0,0,0,0,-0.176685,26.6867,-24.689,7.44724,0.830705,2.50601,0.038645,-0.181552,2.14296,-3.04025,1.89235,0.181559,0.914904,0.0622424
1732048,1,-2.75261,-1.32534,1.01105,-1.94698,1.10108,1.16771,2.20139,-2.75266,-1.32422,1.00895,-1.94565,1.10136,1.16858,2.20139,-0.000656067,-0.000847295,0.00112992,-0.000373072,0.000175134,-0.000180987,-0.00033423,0,0,0,0,0,0,0,-0.152882,26.7383,-24.7366,7.49881,0.825212,2.51242,0.0587866,-0.180896,2.14187,-3.03945,1.89269,0.181569,0.91489,0.0618854
1732049,1,-2.75261,-1.32534,1.01105,-1.94698,1.10108,1.16772,2.20138,-2.75266,-1.32422,1.00895,-1.94565,1.10136,1.16858,2.20139,0.000769048,-0.00121448,-0.000360346,-0.000248715,0.000116756,0.000116701,-0.000934897,0,0,0,0,0,0,0,-0.204456,26.766,-24.689,7.49881,0.825212,2.50601,0.0780126,-0.180947,2.14299,-3.04076,1.89264,0.181584,0.915003,0.0615497
1732050,1,-2.75261,-1.32534,1.01105,-1.94698,1.10108,1.16771,2.20138,-2.75266,-1.32422,1.00895,-1.94565,1.10136,1.16858,2.20139,-0.000136915,-0.000160037,-0.000240231,0.000483804,-0.000329064,-0.000159559,-0.000860623,0,0,0,0,0,0,0,-0.176685,26.7383,-24.689,7.47104,0.836199,2.51242,0.0844213,-0.182382,2.14556,-3.04263,1.89198,0.181578,0.915166,0.0612424
1732051,1,-2.75261,-1.32534,1.01105,-1.94698,1.10108,1.16771,2.20139,-2.75266,-1.32422,1.00895,-1.94565,1.10136,1.16858,2.20139,-9.12768e-05,-0.000106692,0.000396658,-0.000327078,-1.59252e-05,0.000130987,0.000375687,0,0,0,0,0,0,0,-0.176685,26.7383,-24.7128,7.49881,0.830705,2.50601,0.0587866,-0.184073,2.14781,-3.04396,1.89124,0.181563,0.915298,0.0609966
1732052,1,-2.75261,-1.32534,1.01105,-1.94698,1.10108,1.16771,2.20138,-2.75266,-1.32422,1.00895,-1.94565,1.10136,1.16858,2.20139,-6.08512e-05,-7.11277e-05,0.000264439,-0.000218052,-1.06168e-05,0.000324683,1.30989e-05,0,0,0,0,0,0,0,-0.176685,26.7383,-24.7128,7.49881,0.830705,2.4996,0.0651953,-0.184721,2.14918,-3.04521,1.89121,0.181594,0.915425,0.0608305
1732053,1,-2.75261,-1.32534,1.01105,-1.94698,1.10108,1.16771,2.20138,-2.75266,-1.32422,1.00895,-1.94565,1.10136,1.16858,2.20139,-4.05675e-05,0.00171582,0.000176292,0.00161787,0.000196373,-2.09034e-05,-0.000703344,0,0,0,0,0,0,0,-0.176685,26.6629,-24.7128,7.42344,0.825212,2.50601,0.0844213,-0.184753,2.14938,-3.04599,1.89148,0.181625,0.915512,0.0607318
1732054,1,-2.75261,-1.32534,1.01105,-1.94698,1.10108,1.16771,2.20138,-2.75266,-1.32422,1.00895,-1.94565,1.10136,1.16858,2.20139,0.000622569,-6.25463e-05,0.000117528,0.00107858,-7.25354e-05,0.000223423,-0.000231537,0,0,0,0,0,0,0,-0.204456,26.7144,-24.7128,7.42344,0.830705,2.4996,0.0780126,-0.185483,2.14864,-3.04585,1.89094,0.181562,0.915514,0.0606896
1732055,1,-2.75261,-1.32534,1.01105,-1.94698,1.10108,1.16771,2.20138,-2.75266,-1.32422,1.00895,-1.94565,1.10136,1.16858,2.20139,-0.000234568,-4.16976e-05,0.000635164,-0.000394571,0.000155094,-8.841e-05,-0.000866435,0,0,0,0,0,0,0,-0.176685,26.7144,-24.7366,7.47104,0.825212,2.50601,0.0972387,-0.187042,2.14833,-3.04587,1.88973,0.181453,0.915509,0.0607094
1732056,1,-2.75261,-1.32534,1.01106,-1.94698,1.10108,1.16771,2.20138,-2.75266,-1.32422,1.00895,-1.94565,1.10136,1.16858,2.20139,-0.000156379,-2.77984e-05,0.00107306,-0.000263047,-0.000100055,-0.000533658,0.000134454,0,0,0,0,0,0,0,-0.176685,26.7144,-24.7643,7.47104,0.830705,2.51882,0.0780126,-0.187668,2.14868,-3.04723,1.88927,0.18143,0.915583,0.0608049
1732057,1,-2.75261,-1.32534,1.01105,-1.94698,1.10108,1.16771,2.20138,-2.75266,-1.32422,1.00895,-1.94565,1.10136,1.16858,2.20139,-0.000661064,0.000631082,6.57572e-05,-0.000824979,-0.000270154,0.000118946,-0.000622441,0,0,0,0,0,0,0,-0.152882,26.6867,-24.7366,7.49881,0.836199,2.50601,0.0972387,-0.186225,2.14853,-3.04938,1.89031,0.181538,0.915707,0.0609841
1732058,1,-2.75261,-1.32534,1.01105,-1.94698,1.10108,1.16771,2.20139,-2.75266,-1.32422,1.00895,-1.94565,1.10136,1.16858,2.20139,-0.00044071,-0.000228893,-0.00106979,0.00065644,0.000430249,7.92973e-05,0.00100919,0,0,0,0,0,0,0,-0.152882,26.7144,-24.689,7.44724,0.819719,2.50601,0.0587866,-0.183366,2.14705,-3.05052,1.89223,0.181723,0.915753,0.0612392
1732059,1,-2.75261,-1.32534,1.01105,-1.94698,1.10108,1.16771,2.20138,-2.75266,-1.32422,1.00895,-1.94565,1.10136,1.16858,2.20139,-0.000293806,-0.000709407,-0.000156379,-0.000768799,-0.000120068,-0.000184494,-3.92816e-05,0,0,0,0,0,0,0,-0.152882,26.7383,-24.7128,7.49881,0.830705,2.51242,0.0780126,-0.180683,2.14525,-3.05039,1.89386,0.181904,0.915694,0.0615488
1732060,1,-2.75261,-1.32534,1.01105,-1.94698,1.10108,1.16771,2.20139,-2.75266,-1.32422,1.00895,-1.94565,1.10136,1.16858,2.20139,-0.000195871,-0.00112255,-0.000104252,0.000137081,-8.00455e-05,0.000114363,0.000685889,0,0,0,0,0,0,0,-0.152882,26.766,-24.7128,7.47104,0.830705,2.50601,0.0587866,-0.178999,2.14474,-3.05056,1.8948,0.182061,0.915646,0.0618832
1732061,1,-2.75261,-1.32534,1.01105,-1.94698,1.10108,1.16771,2.20139,-2.75266,-1.32422,1.00895,-1.94565,1.10136,1.16858,2.20139,0.00107585,-9.87541e-05,0.00048731,-0.00111504,0.000150087,-0.000161117,0.00167796,0,0,0,0,0,0,0,-0.204456,26.7383,-24.7366,7.52262,0.825212,2.51242,0.0258276,-0.178739,2.14583,-3.0517,1.89504,0.182176,0.915687,0.0622174
1732062,1,-2.75261,-1.32534,1.01105,-1.94698,1.10108,1.16771,2.20139,-2.75266,-1.32422,1.00895,-1.94565,1.10136,1.16858,2.20139,6.76162e-05,0.000490976,-0.000231938,-0.000743359,0.000100058,0.000129948,0.000372656,0,0,0,0,0,0,0,-0.176685,26.7144,-24.7128,7.52262,0.825212,2.50601,0.0459692,-0.179412,2.14698,-3.05298,1.89517,0.182259,0.915795,0.0625181
1732063,1,-2.75261,-1.32534,1.01105,-1.94698,1.10108,1.16772,2.20139,-2.75266,-1.32422,1.00895,-1.94565,1.10136,1.16858,2.20139,4.50775e-05,-0.000229495,-0.000154626,6.12393e-05,6.67053e-05,-0.000150727,1.10787e-05,0,0,0,0,0,0,0,-0.176685,26.7383,-24.7128,7.49881,0.825212,2.51242,0.0523779,-0.179822,2.14706,-3.05358,1.89566,0.182332,0.915884,0.0627417
1732064,1,-2.75261,-1.32534,1.01105,-1.94698,1.10108,1.16771,2.20139,-2.75266,-1.32422,1.00895,-1.94565,1.10136,1.16858,2.20139,0.000679666,0.000403815,-0.000659896,4.08262e-05,4.44702e-05,0.000136874,0.000244745,0,0,0,0,0,0,0,-0.204456,26.7144,-24.689,7.49881,0.825212,2.50601,0.0459692,-0.180468,2.14661,-3.05338,1.89584,0.182349,0.915912,0.0628708
1732065,1,-2.75261,-1.32534,1.01106,-1.94698,1.10108,1.16771,2.20139,-2.75266,-1.32422,1.00895,-1.94565,1.10136,1.16858,2.20139,0.00100992,-0.000287602,0.00132331,0.00123364,-0.000173804,-0.000383468,0.000434431,0,0,0,0,0,0,0,-0.22826,26.7383,-24.7643,7.44724,0.830705,2.51882,0.038645,-0.182827,2.14697,-3.05328,1.89476,0.182242,0.915945,0.0629128
1732066,1,-2.75261,-1.32534,1.01105,-1.94698,1.10108,1.16771,2.20139,-2.75266,-1.32422,1.00895,-1.94565,1.10136,1.16858,2.20139,-0.00108996,0.000365078,-0.000881033,-0.000383997,-0.00031932,-1.82867e-05,0.0010017,0,0,0,0,0,0,0,-0.152882,26.7144,-24.689,7.49881,0.836199,2.51242,0.0194189,-0.185683,2.14809,-3.05394,1.89308,0.182077,0.91601,0.0628747
1732067,1,-2.75261,-1.32534,1.01105,-1.94698,1.10108,1.16771,2.20139,-2.75266,-1.32422,1.00895,-1.94565,1.10136,1.16858,2.20139,0.000479788,-0.000963041,-3.05433e-05,-0.00081281,0.000194021,0.000225168,-4.42787e-05,0,0,0,0,0,0,0,-0.204456,26.766,-24.7128,7.52262,0.825212,2.50601,0.038645,-0.186593,2.14852,-3.05455,1.89257,0.182013,0.916054,0.0627504
1732068,1,-2.75261,-1.32534,1.01106,-1.94698,1.10108,1.16771,2.20139,-2.75266,-1.32422,1.00895,-1.94565,1.10136,1.16858,2.20139,0.000319859,7.5867e-06,0.00118606,1.49387e-05,0.000129348,-8.72471e-05,0.00020784,0,0,0,0,0,0,0,-0.204456,26.7383,-24.7643,7.49881,0.825212,2.51242,0.0322363,-0.186667,2.14917,-3.0557,1.89282,0.182028,0.916147,0.0625308
1732069,1,-2.75261,-1.32534,1.01106,-1.94698,1.10108,1.16771,2.20139,-2.75266,-1.32422,1.00895,-1.94565,1.10136,1.16858,2.20139,0.000213239,5.0578e-06,0.000790709,0.000659573,-0.000320669,-0.000295524,-0.000607425,0,0,0,0,0,0,0,-0.204456,26.7383,-24.7643,7.47104,0.836199,2.51882,0.0523779,-0.187389,2.15101,-3.05831,1.8927,0.18201,0.916346,0.0622244
1732070,1,-2.75261,-1.32534,1.01105,-1.94698,1.10108,1.16771,2.20139,-2.75266,-1.32422,1.00895,-1.94565,1.10136,1.16858,2.20139,-0.000507454,-0.000646242,-0.000122475,-0.000209899,-1.03291e-05,4.03432e-05,0.000341035,0,0,0,0,0,0,0,-0.176685,26.766,-24.7366,7.49881,0.830705,2.51242,0.0322363,-0.188045,2.15306,-3.06135,1.89243,0.181977,0.916561,0.0618526
1732071,1,-2.75261,-1.32534,1.01105,-1.94698,1.10108,1.16771,2.20139,-2.75266,-1.32422,1.00895,-1.94565,1.10136,1.16858,2.20139,-0.000895115,0.00142521,-0.00119527,0.000509682,0.000196564,-0.000210463,0.000227357,0,0,0,0,0,0,0,-0.152882,26.6867,-24.689,7.47104,0.825212,2.51882,0.0322363,-0.187175,2.15336,-3.06282,1.89292,0.182002,0.916654,0.0614384
1732072,1,-2.75261,-1.32534,1.01105,-1.94698,1.10108,1.16771,2.20139,-2.75266,-1.32422,1.00895,-1.94565,1.10136,1.16858,2.20139,-0.000596743,0.000950141,-0.000796849,-0.000866638,-7.24075e-05,9.70499e-05,0.000151571,0,0,0,0,0,0,0,-0.152882,26.6867,-24.689,7.52262,0.830705,2.51242,0.0322363,-0.183856,2.15009,-3.06137,1.89494,0.182121,0.916564,0.060993
1732073,1,-2.75261,-1.32534,1.01106,-1.94698,1.10108,1.16772,2.20139,-2.75266,-1.32422,1.00895,-1.94565,1.10136,1.16858,2.20139,0.000158983,-1.61865e-05,0.000582391,0.000628667,0.000358629,6.47e-05,0.000338406,0,0,0,0,0,0,0,-0.176685,26.7144,-24.7366,7.47104,0.819719,2.51242,0.0258276,-0.179783,2.14542,-3.05889,1.89757,0.182272,0.916438,0.0605139
1732074,1,-2.75261,-1.32534,1.01105,-1.94698,1.10108,1.16771,2.20139,-2.75266,-1.32422,1.00895,-1.94565,1.10136,1.16858,2.20139,-0.000450823,-0.000567603,-0.000168551,-0.000230503,0.000239086,4.31333e-05,-0.00075774,0,0,0,0,0,0,0,-0.152882,26.7383,-24.7128,7.49881,0.819719,2.51242,0.0523779,-0.177209,2.14277,-3.05791,1.89925,0.182364,0.916425,0.0599966
1732075,1,-2.75261,-1.32534,1.01106,-1.94698,1.10108,1.16771,2.20139,-2.75266,-1.32422,1.00895,-1.94565,1.10136,1.16858,2.20139,0.000905877,0.00017841,0.00109406,0.000495946,-4.40597e-05,0.000266114,0.000715543,0,0,0,0,0,0,0,-0.204456,26.7144,-24.7643,7.47104,0.825212,2.50601,0.0194189,-0.176634,2.14267,-3.05872,1.89964,0.182369,0.916539,0.0594494
1732076,1,-2.75261,-1.32534,1.01106,-1.94698,1.10108,1.16771,2.20139,-2.75266,-1.32422,1.00895,-1.94565,1.10136,1.16858,2.20139,-4.56959e-05,0.00011894,-0.000477054,0.000887442,-0.000436274,-5.99493e-05,-0.000743674,0,0,0,0,0,0,0,-0.176685,26.7144,-24.7128,7.44724,0.836199,2.51242,0.0523779,-0.177997,2.14405,-3.06036,1.89882,0.182271,0.916718,0.0588865
1732077,1,-2.75261,-1.32534,1.01105,-1.94698,1.10108,1.16771,2.20139,-2.75266,-1.32422,1.00895,-1.94565,1.10136,1.16858,2.20139,-0.000587276,0.000728907,-0.000318036,-0.00117161,-8.73989e-05,0.000197393,-0.000258424,0,0,0,0,0,0,0,-0.152882,26.6867,-24.7128,7.52262,0.830705,2.50601,0.0459692,-0.179198,2.14473,-3.06132,1.8981,0.182172,0.916852,0.0583184
1732078,1,-2.75261,-1.32534,1.01105,-1.94699,1.10108,1.16771,2.20139,-2.75266,-1.32422,1.00895,-1.94565,1.10136,1.16858,2.20139,0.000814909,0.000485938,-0.000212024,-0.00133789,-0.000261716,-0.000343123,-0.000409642,0,0,0,0,0,0,0,-0.204456,26.6867,-24.7128,7.54642,0.836199,2.51882,0.0523779,-0.178434,2.14341,-3.06116,1.89907,0.182202,0.916939,0.0577665
1732079,1,-2.75261,-1.32534,1.01105,-1.94698,1.10108,1.16771,2.20139,-2.75266,-1.32422,1.00895,-1.94565,1.10136,1.16858,2.20139,0.000543272,-0.000325655,0.000415463,-0.000335111,2.89729e-05,-0.000466107,-0.000510453,0,0,0,0,0,0,0,-0.204456,26.7144,-24.7366,7.52262,0.830705,2.52523,0.0587866,-0.177653,2.14188,-3.06107,1.90067,0.182293,0.91708,0.0572487
1732080,1,-2.75261,-1.32534,1.01105,-1.94698,1.10108,1.16771,2.20139,-2.75266,-1.32422,1.00895,-1.94565,1.10136,1.16858,2.20139,-0.000287432,-0.000217103,0.000276975,0.000983018,0.000222766,-7.33793e-05,0.000134416,0,0,0,0,0,0,0,-0.176685,26.7144,-24.7366,7.47104,0.825212,2.51882,0.0459692,-0.178333,2.14207,-3.0621,1.90125,0.182328,0.917291,0.0567746
1732081,1,-2.75261,-1.32534,1.01106,-1.94698,1.10108,1.16772,2.20138,-2.75266,-1.32422,1.00895,-1.94565,1.10136,1.16858,2.20139,0.000457992,-0.000701548,0.000834264,-0.00055108,-5.494e-05,0.000188439,-0.00180926,0,0,0,0,0,0,0,-0.204456,26.7383,-24.7643,7.52262,0.830705,2.51242,0.0972387,-0.179908,2.144,-3.06444,1.90078,0.182301,0.917551,0.0563517
1732082,1,-2.75261,-1.32534,1.01105,-1.94698,1.10108,1.16771,2.20138,-2.75266,-1.32422,1.00895,-1.94565,1.10136,1.16858,2.20139,-0.000901098,-0.000467698,-0.00065025,0.000189425,-0.000240077,-0.000111733,-1.93794e-05,0,0,0,0,0,0,0,-0.152882,26.7383,-24.7128,7.49881,0.836199,2.51882,0.0651953,-0.181257,2.14659,-3.06734,1.90022,0.182286,0.917826,0.0559973
1732083,1,-2.75261,-1.32534,1.01105,-1.94698,1.10108,1.16771,2.20138,-2.75266,-1.32422,1.00895,-1.94565,1.10136,1.16858,2.20139,-4.39198e-05,-0.000311799,-0.000990312,0.00133271,-0.000160051,-7.44885e-05,-0.000487637,0,0,0,0,0,0,0,-0.176685,26.7383,-24.689,7.44724,0.836199,2.51882,0.0780126,-0.182028,2.1485,-3.06913,1.89971,0.182288,0.917997,0.0557381
1732084,1,-2.75261,-1.32534,1.01105,-1.94698,1.10108,1.16771,2.20139,-2.75266,-1.32422,1.00895,-1.94565,1.10136,1.16858,2.20139,-2.92799e-05,-0.000207866,0.000453416,0.00722939,0.0003002,-0.000287018,0.000386985,0,0,0,0,0,0,0,-0.176685,26.7383,-24.7366,7.44724,0.825212,2.52523,0.0587866,-0.18527,2.15104,-3.06966,1.89639,0.182075,0.918014,0.0555765
1732085,1,-2.75261,-1.32534,1.01105,-1.94698,1.10108,1.16771,2.20138,-2.75266,-1.32422,1.00895,-1.94565,1.10136,1.16858,2.20139,-0.000576332,-0.000138577,-0.000254535,0.00479119,-3.31714e-06,0.000520732,-0.000691446,0,0,0,0,0,0,0,-0.152882,26.7383,-24.7128,7.47104,0.830705,2.50601,0.0844213,-0.19292,2.15591,-3.07016,1.88832,0.181489,0.917925,0.0554967
1732086,1,-2.75261,-1.32534,1.01105,-1.94698,1.10108,1.16771,2.20138,-2.75266,-1.32422,1.00895,-1.94565,1.10136,1.16858,2.20139,-0.000384221,0.000464427,0.000387122,0.00238401,-2.21143e-06,0.000109795,-0.000698323,0,0,0,0,0,0,0,-0.152882,26.7144,-24.7366,7.52262,0.830705,2.51242,0.09083,-0.201168,2.16102,-3.07072,1.87905,0.180805,0.917804,0.0554953
1732087,1,-2.75261,-1.32534,1.01106,-1.94698,1.10108,1.16771,2.20138,-2.75266,-1.32422,1.00895,-1.94565,1.10136,1.16858,2.20139,0.000950278,0.000309618,0.000907695,0.00244338,-1.47429e-06,7.31969e-05,-0.00022819,0,0,0,0,0,0,0,-0.204456,26.7144,-24.7643,7.49881,0.830705,2.51242,0.0844213,-0.207328,2.16469,-3.07154,1.87197,0.180282,0.917776,0.055586
1732088,1,-2.75261,-1.32534,1.01106,-1.94698,1.10108,1.16771,2.20138,-2.75266,-1.32422,1.00895,-1.94565,1.10136,1.16858,2.20139,-1.6095e-05,0.000206412,-4.44837e-05,0.00250146,-0.000407884,4.8798e-05,-0.000152126,0,0,0,0,0,0,0,-0.176685,26.7144,-24.7366,7.47104,0.841692,2.51242,0.0844213,-0.212302,2.16743,-3.07278,1.86688,0.179907,0.917868,0.055776
1732089,1,-2.75261,-1.32534,1.01105,-1.94698,1.10108,1.16771,2.20138,-2.75266,-1.32422,1.00895,-1.94565,1.10136,1.16858,2.20139,0.000638884,0.000137608,-2.96558e-05,0.00183483,-6.84721e-05,3.2532e-05,0.0003733,0,0,0,0,0,0,0,-0.204456,26.7144,-24.7366,7.47104,0.836199,2.51242,0.071604,-0.216232,2.16922,-3.07371,1.86339,0.179667,0.917994,0.0560564
1732090,1,-2.75261,-1.32534,1.01105,-1.94698,1.10108,1.16771,2.20138,-2.75266,-1.32422,1.00895,-1.94565,1.10136,1.16858,2.20139,-0.000223691,-0.000465073,-0.000576582,0.00134862,-4.56481e-05,-0.000215671,-0.000700569,0,0,0,0,0,0,0,-0.176685,26.7383,-24.7128,7.47104,0.836199,2.51882,0.0972387,-0.218631,2.16991,-3.07403,1.86165,0.179591,0.918116,0.0564089
1732091,1,-2.75261,-1.32534,1.01106,-1.94698,1.10108,1.16771,2.20138,-2.75266,-1.32422,1.00895,-1.94565,1.10136,1.16858,2.20139,-0.000705939,0.000896377,0.000172424,0.000993122,0.000376469,0.000568296,7.67196e-06,0,0,0,0,0,0,0,-0.152882,26.6867,-24.7366,7.47104,0.825212,2.4996,0.0844213,-0.218356,2.16909,-3.0739,1.86216,0.179714,0.918223,0.0568211
1732092,1,-2.75261,-1.32534,1.01105,-1.94698,1.10108,1.16771,2.20138,-2.75266,-1.32422,1.00895,-1.94565,1.10136,1.16858,2.20139,0.0007358,-0.000608841,-0.000441863,8.30018e-05,4.75288e-05,-0.000333213,-0.000469603,0,0,0,0,0,0,0,-0.204456,26.7383,-24.7128,7.49881,0.830705,2.51882,0.0972387,-0.215523,2.16678,-3.07357,1.86479,0.180012,0.918333,0.0572919
1732093,1,-2.75261,-1.32534,1.01105,-1.94698,1.10108,1.16771,2.20138,-2.75266,-1.32422,1.00895,-1.94565,1.10136,1.16858,2.20139,-0.000715893,-0.000405894,-0.000294575,0.000757849,-0.000578666,-0.000222142,0.000399008,0,0,0,0,0,0,0,-0.152882,26.7383,-24.7128,7.47104,0.847185,2.51882,0.0780126,-0.211908,2.16438,-3.07343,1.86842,0.180406,0.918475,0.0578163
1732094,1,-2.75261,-1.32534,1.01106,-1.94698,1.10108,1.16771,2.20138,-2.75266,-1.32422,1.00895,-1.94565,1.10136,1.16858,2.20139,0.000729164,-0.000270596,0.00101004,-0.000104706,0.000428025,-0.000385453,0.000266005,0,0,0,0,0,0,0,-0.204456,26.7383,-24.7643,7.49881,0.825212,2.52523,0.0780126,-0.208126,2.16275,-3.07416,1.87239,0.180849,0.918685,0.0583852
1732095,1,-2.75261,-1.32534,1.01105,-1.94698,1.10108,1.16771,2.20138,-2.75266,-1.32422,1.00895,-1.94565,1.10136,1.16858,2.20139,0.00104292,-0.000180397,-0.000533064,-0.000596859,-0.000325002,-1.961e-05,-6.00221e-05,0,0,0,0,0,0,0,-0.22826,26.7383,-24.7128,7.52262,0.841692,2.51882,0.0844213,-0.204986,2.16186,-3.07574,1.87635,0.1813,0.918996,0.0589807
1732096,1,-2.75261,-1.32534,1.01105,-1.94698,1.10108,1.16771,2.20138,-2.75266,-1.32422,1.00895,-1.94565,1.10136,1.16858,2.20139,-0.000511145,0.000436547,-0.000355376,0.000181223,-0.000216668,0.000224286,-4.00147e-05,0,0,0,0,0,0,0,-0.176685,26.7144,-24.7128,7.49881,0.841692,2.51242,0.0844213,-0.202218,2.1605,-3.07669,1.88043,0.181757,0.919309,0.0595831
1732097,1,-2.75261,-1.32534,1.01105,-1.94698,1.10108,1.16771,2.20139,-2.75266,-1.32422,1.00895,-1.94565,1.10136,1.16858,2.20139,-0.000340763,-0.000265781,-0.000793729,0.000137554,0.000465906,0.000149524,0.00116012,0,0,0,0,0,0,0,-0.176685,26.7383,-24.689,7.49881,0.825212,2.51242,0.0523779,-0.198372,2.15778,-3.07638,1.88492,0.18224,0.919514,0.0601851
1732098,1,-2.75261,-1.32534,1.01105,-1.94698,1.10108,1.16771,2.20138,-2.75266,-1.32422,1.00895,-1.94565,1.10136,1.16858,2.20139,-0.0014336,0.000379625,0.000584471,0.000104256,-9.62968e-05,9.96825e-05,-0.000176024,0,0,0,0,0,0,0,-0.125111,26.7144,-24.7366,7.49881,0.836199,2.51242,0.0780126,-0.192947,2.15433,-3.07579,1.88983,0.182752,0.919642,0.0607721
1732099,1,-2.75261,-1.32534,1.01105,-1.94698,1.10108,1.16771,2.20139,-2.75266,-1.32422,1.00895,-1.94565,1.10136,1.16858,2.20139,0.000900306,-0.000303729,0.000389647,0.000728533,0.000546154,6.6455e-05,0.000832087,0,0,0,0,0,0,0,-0.204456,26.7383,-24.7366,7.47104,0.819719,2.51242,0.0523779,-0.187336,2.15151,-3.07612,1.89438,0.183225,0.919787,0.0613198
1732100,1,-2.75261,-1.32534,1.01106,-1.94698,1.10108,1.16771,2.20139,-2.75266,-1.32422,1.00895,-1.94565,1.10136,1.16858,2.20139,-0.000606222,-0.000202486,0.000259765,-0.000713676,-0.000246249,4.43033e-05,-0.000157352,0,0,0,0,0,0,0,-0.152882,26.7383,-24.7366,7.52262,0.836199,2.51242,0.071604,-0.183371,2.15021,-3.07748,1.89778,0.183597,0.919994,0.0618117
1732101,1,-2.75261,-1.32534,1.01105,-1.94698,1.10108,1.16771,2.20139,-2.75266,-1.32422,1.00895,-1.94565,1.10136,1.16858,2.20139,0.000152664,0.000421821,-0.000383635,-0.000470488,3.92845e-05,2.95355e-05,0.00135316,0,0,0,0,0,0,0,-0.176685,26.7144,-24.7128,7.52262,0.830705,2.51242,0.0322363,-0.179985,2.14917,-3.07881,1.90096,0.18394,0.920207,0.062241
1732102,1,-2.75261,-1.32534,1.01106,-1.94698,1.10108,1.16771,2.20139,-2.75266,-1.32422,1.00895,-1.94565,1.10136,1.16858,2.20139,0.00075139,0.000281214,0.00150748,-0.000309687,0.00022964,-0.000217669,0.000393481,0,0,0,0,0,0,0,-0.204456,26.7144,-24.7881,7.52262,0.825212,2.51882,0.0459692,-0.177004,2.14792,-3.07996,1.90413,0.184253,0.920425,0.0625978
1732103,1,-2.75261,-1.32534,1.01106,-1.94698,1.10108,1.16771,2.20139,-2.75266,-1.32422,1.00895,-1.94565,1.10136,1.16858,2.20139,0.000500927,0.000187476,-0.000201439,-0.000203479,-5.03571e-05,-0.000382471,0.000770947,0,0,0,0,0,0,0,-0.204456,26.7144,-24.7366,7.52262,0.830705,2.52523,0.0322363,-0.175692,2.14742,-3.08156,1.90643,0.184469,0.920694,0.06286
1732104,1,-2.75261,-1.32534,1.01105,-1.94698,1.10108,1.16771,2.20139,-2.75266,-1.32422,1.00895,-1.94565,1.10136,1.16858,2.20139,0.000333951,0.000124984,-0.00189753,0.00162982,-0.000237022,0.000219737,-0.000706739,0,0,0,0,0,0,0,-0.204456,26.7144,-24.6612,7.44724,0.836199,2.51242,0.0651953,-0.176217,2.14705,-3.08195,1.90738,0.184559,0.920874,0.0630069
1732105,1,-2.75261,-1.32534,1.01105,-1.94698,1.10108,1.16771,2.20139,-2.75266,-1.32422,1.00895,-1.94565,1.10136,1.16858,2.20139,0.000222634,8.33227e-05,-0.000615406,-0.000118204,4.54359e-05,0.000621209,0.000749544,0,0,0,0,0,0,0,-0.204456,26.7144,-24.689,7.49881,0.830705,2.4996,0.0322363,-0.178062,2.14606,-3.07992,1.90704,0.184541,0.920858,0.0630424
1732106,1,-2.75261,-1.32534,1.01105,-1.94698,1.10108,1.16771,2.20139,-2.75266,-1.32422,1.00895,-1.94565,1.10136,1.16858,2.20139,-0.000501191,5.55485e-05,0.000146541,-7.75457e-05,-0.00017316,-6.05784e-05,-8.93027e-06,0,0,0,0,0,0,0,-0.176685,26.7144,-24.7128,7.49881,0.836199,2.51242,0.0459692,-0.179323,2.14477,-3.0775,1.90684,0.184538,0.920784,0.0629921
1732107,1,-2.75261,-1.32534,1.01105,-1.94698,1.10108,1.16771,2.20139,-2.75266,-1.32422,1.00895,-1.94565,1.10136,1.16858,2.20139,0.000315486,3.70323e-05,9.76941e-05,-5.07546e-05,0.000494912,-4.03856e-05,0.000502673,0,0,0,0,0,0,0,-0.204456,26.7144,-24.7128,7.49881,0.819719,2.51242,0.0322363,-0.179202,2.14373,-3.07637,1.90745,0.184603,0.920771,0.0628701
1732108,1,-2.75261,-1.32534,1.01106,-1.94698,1.10108,1.16772,2.20139,-2.75266,-1.32422,1.00895,-1.94565,1.10136,1.16858,2.20139,0.000210324,-0.000532124,6.51294e-05,0.0011733,-7.696e-05,-2.69237e-05,-0.000173511,0,0,0,0,0,0,0,-0.204456,26.7383,-24.7128,7.44724,0.830705,2.51242,0.0459692,-0.17943,2.14381,-3.0765,1.9077,0.184642,0.920819,0.0626757
1732109,1,-2.75261,-1.32534,1.01105,-1.94698,1.10108,1.16771,2.20139,-2.75266,-1.32422,1.00895,-1.94565,1.10136,1.16858,2.20139,-0.000509398,0.000202063,4.34196e-05,-0.00098051,-5.13066e-05,0.00021941,0.000630311,0,0,0,0,0,0,0,-0.176685,26.7144,-24.7128,7.52262,0.830705,2.50601,0.0258276,-0.179977,2.14471,-3.07735,1.90759,0.184653,0.920893,0.0624142
1732110,1,-2.75261,-1.32534,1.01105,-1.94699,1.10108,1.16771,2.20139,-2.75266,-1.32422,1.00895,-1.94565,1.10136,1.16858,2.20139,-0.000339599,0.000784322,0.000585758,-0.00754352,-3.42044e-05,-9.10858e-05,-5.45104e-05,0,0,0,0,0,0,0,-0.176685,26.6867,-24.7366,7.54642,0.830705,2.51242,0.038645,-0.176464,2.14342,-3.07844,1.91106,0.184932,0.921037,0.0621034
1732111,1,-2.75261,-1.32534,1.01106,-1.94698,1.10108,1.16771,2.20139,-2.75266,-1.32422,1.00895,-1.94565,1.10136,1.16858,2.20139,-0.000783211,0.000522882,0.000390506,-0.00444288,0.000180648,0.000176635,-0.000782326,0,0,0,0,0,0,0,-0.152882,26.6867,-24.7366,7.49881,0.825212,2.50601,0.0587866,-0.166313,2.13818,-3.07966,1.92071,0.185671,0.921306,0.0617553
1732112,1,-2.75261,-1.32534,1.01105,-1.94698,1.10108,1.16771,2.20139,-2.75266,-1.32422,1.00895,-1.94565,1.10136,1.16858,2.20139,0.0012411,-0.00150745,-0.000853287,-0.00391435,-8.30188e-05,0.000117757,-4.68325e-05,0,0,0,0,0,0,0,-0.22826,26.766,-24.689,7.52262,0.830705,2.50601,0.0459692,-0.154649,2.13213,-3.08087,1.9323,0.186561,0.921626,0.0613716
1732113,1,-2.75261,-1.32534,1.01105,-1.94698,1.10108,1.16771,2.20139,-2.75266,-1.32422,1.00895,-1.94565,1.10136,1.16858,2.20139,-0.00093584,0.000851072,-1.2046e-05,-0.00114304,-5.53459e-05,-0.000158854,0.000477405,0,0,0,0,0,0,0,-0.152882,26.6867,-24.7128,7.44724,0.830705,2.51242,0.0322363,-0.146589,2.12808,-3.08159,1.94113,0.187246,0.921866,0.0609658
1732114,1,-2.75261,-1.32534,1.01106,-1.94698,1.10108,1.16771,2.20139,-2.75266,-1.32422,1.00895,-1.94565,1.10136,1.16858,2.20139,-6.70812e-05,-8.22327e-05,0.0011984,-0.00154137,-0.000240348,-0.000105903,0.000555629,0,0,0,0,0,0,0,-0.176685,26.7144,-24.7643,7.47104,0.836199,2.51242,0.0258276,-0.141504,2.12567,-3.08233,1.94669,0.187664,0.922005,0.0605497
1732115,1,-2.75261,-1.32534,1.01105,-1.94698,1.10108,1.16771,2.20139,-2.75266,-1.32422,1.00895,-1.94565,1.10136,1.16858,2.20139,-0.000601533,-5.48218e-05,-0.000407496,-0.0018441,0.000246669,-0.000307961,0.000370419,0,0,0,0,0,0,0,-0.152882,26.7144,-24.7128,7.49881,0.825212,2.51882,0.0258276,-0.138207,2.12459,-3.0837,1.94982,0.187885,0.922095,0.0601139
1732116,1,-2.75261,-1.32534,1.01106,-1.94698,1.10108,1.16771,2.20139,-2.75266,-1.32422,1.00895,-1.94565,1.10136,1.16858,2.20139,0.000805404,-3.65479e-05,0.000934762,-0.00191138,-3.90044e-05,0.000269411,-0.000499039,0,0,0,0,0,0,0,-0.204456,26.7144,-24.7643,7.52262,0.830705,2.50601,0.0459692,-0.136853,2.1247,-3.08524,1.9511,0.18797,0.922166,0.0596421
1732117,1,-2.75261,-1.32534,1.01106,-1.94698,1.10108,1.16771,2.20139,-2.75266,-1.32422,1.00895,-1.94565,1.10136,1.16858,2.20139,-0.0013191,0.000625249,0.00117999,-0.00136814,0.000380898,-0.000295111,0.000650651,0,0,0,0,0,0,0,-0.125111,26.6867,-24.7881,7.52262,0.819719,2.51882,0.0194189,-0.136655,2.12551,-3.08723,1.95124,0.187959,0.922252,0.0591372
1732118,1,-2.75261,-1.32534,1.01105,-1.94698,1.10108,1.16772,2.20139,-2.75266,-1.32422,1.00895,-1.94565,1.10136,1.16858,2.20139,0.000976637,-0.000232781,-0.00097658,-0.000425691,-0.000356419,-0.000196741,-0.000549577,0,0,0,0,0,0,0,-0.204456,26.7144,-24.7128,7.49881,0.836199,2.51882,0.0459692,-0.137309,2.12656,-3.08911,1.95035,0.187852,0.922305,0.0586074
1732119,1,-2.75261,-1.32534,1.01105,-1.94698,1.10108,1.16771,2.20139,-2.75266,-1.32422,1.00895,-1.94565,1.10136,1.16858,2.20139,1.4776e-06,-0.000155188,-9.42414e-05,-0.000336602,-3.41625e-05,0.000106199,0.000854319,0,0,0,0,0,0,0,-0.176685,26.7144,-24.7366,7.49881,0.830705,2.51242,0.0130102,-0.140459,2.12809,-3.0896,1.94749,0.187589,0.922252,0.0580507
1732120,1,-2.75261,-1.32534,1.01105,-1.94698,1.10108,1.16771,2.20139,-2.75266,-1.32422,1.00895,-1.94565,1.10136,1.16858,2.20139,9.85064e-07,-0.00066027,-0.00117645,-0.000264008,0.000180676,0.000308158,-0.000888516,0,0,0,0,0,0,0,-0.176685,26.7383,-24.689,7.49881,0.825212,2.50601,0.0523779,-0.145719,2.13026,-3.08891,1.943,0.187211,0.922108,0.0574689
1732121,1,-2.75261,-1.32534,1.01105,-1.94698,1.10108,1.16771,2.20139,-2.75266,-1.32422,1.00895,-1.94565,1.10136,1.16858,2.20139,6.56709e-07,-0.00044018,-0.000227489,0.000443904,-8.30002e-05,-3.19203e-05,-0.000592344,0,0,0,0,0,0,0,-0.176685,26.7383,-24.7128,7.47104,0.830705,2.51242,0.0523779,-0.151664,2.13285,-3.08765,1.93776,0.186786,0.921902,0.0568698
1732122,1,-2.75261,-1.32534,1.01106,-1.94698,1.10108,1.16771,2.20139,-2.75266,-1.32422,1.00895,-1.94565,1.10136,1.16858,2.20139,0.00120686,-0.000293454,0.00105477,0.000273658,0.000351568,0.000216079,-0.000157537,0,0,0,0,0,0,0,-0.22826,26.7383,-24.7643,7.47104,0.819719,2.50601,0.0459692,-0.158716,2.13654,-3.0871,1.93165,0.186294,0.921736,0.0562799
1732123,1,-2.75261,-1.32534,1.01105,-1.94698,1.10108,1.16771,2.20139,-2.75266,-1.32422,1.00895,-1.94565,1.10136,1.16858,2.20139,0.000247764,0.00101079,-0.000503248,-0.0010407,3.09279e-05,0.000144053,-0.000105025,0,0,0,0,0,0,0,-0.204456,26.6867,-24.7128,7.52262,0.825212,2.50601,0.0459692,-0.1661,2.14044,-3.08737,1.92562,0.185785,0.921658,0.0557309
1732124,1,-2.75261,-1.32534,1.01105,-1.94698,1.10108,1.16771,2.20139,-2.75266,-1.32422,1.00895,-1.94565,1.10136,1.16858,2.20139,0.000165176,-0.000532566,0.000221313,-0.000149517,-0.000182832,-0.000378683,0.00043861,0,0,0,0,0,0,0,-0.204456,26.7383,-24.7366,7.49881,0.830705,2.51882,0.0322363,-0.171844,2.14279,-3.08731,1.92109,0.185366,0.921588,0.0552326
1732125,1,-2.75261,-1.32534,1.01105,-1.94698,1.10108,1.16771,2.20138,-2.75266,-1.32422,1.00895,-1.94565,1.10136,1.16858,2.20139,-0.000539497,0.00140819,0.000147542,-0.000109077,0.000285013,0.000222263,-0.00164037,0,0,0,0,0,0,0,-0.176685,26.6629,-24.7366,7.49881,0.819719,2.50601,0.0844213,-0.17528,2.14365,-3.08703,1.91814,0.18505,0.921496,0.0547779
1732126,1,-2.75261,-1.32534,1.01105,-1.94698,1.10108,1.16771,2.20139,-2.75266,-1.32422,1.00895,-1.94565,1.10136,1.16858,2.20139,0.000846761,-0.00026763,-0.000458451,-7.97671e-05,-0.000216892,-8.91839e-05,0.000330571,0,0,0,0,0,0,0,-0.22826,26.7144,-24.7128,7.49881,0.830705,2.51242,0.0459692,-0.177323,2.14342,-3.08647,1.9161,0.184783,0.921378,0.0543703
1732127,1,-2.75261,-1.32534,1.01105,-1.94698,1.10108,1.16771,2.20139,-2.75266,-1.32422,1.00895,-1.94565,1.10136,1.16858,2.20139,-0.000641918,0.000471194,-0.000305634,0.000591149,-0.000144595,-0.000296815,-1.6978e-05,0,0,0,0,0,0,0,-0.176685,26.6867,-24.7128,7.47104,0.830705,2.51882,0.0523779,-0.179277,2.14288,-3.08546,1.91417,0.184522,0.921227,0.0540268
1732128,1,-2.75261,-1.32534,1.01106,-1.94698,1.10108,1.16771,2.20139,-2.75266,-1.32422,1.00895,-1.94565,1.10136,1.16858,2.20139,0.000221668,-0.00154191,0.00100267,-0.00025948,0.000107054,0.000276841,0.000497308,0,0,0,0,0,0,0,-0.204456,26.766,-24.7643,7.49881,0.825212,2.50601,0.038645,-0.181267,2.14344,-3.08534,1.91211,0.184275,0.921115,0.0537452
1732129,1,-2.75261,-1.32534,1.01105,-1.94698,1.10108,1.16771,2.20138,-2.75266,-1.32422,1.00895,-1.94565,1.10136,1.16858,2.20139,0.000147779,0.0008281,-0.000537979,0.000473654,-0.000335532,-5.27981e-05,-0.00112652,0,0,0,0,0,0,0,-0.204456,26.6867,-24.7128,7.47104,0.836199,2.51242,0.0780126,-0.183357,2.14533,-3.08655,1.91,0.184052,0.921082,0.0535069
1732130,1,-2.75261,-1.32534,1.01105,-1.94698,1.10108,1.16771,2.20139,-2.75266,-1.32422,1.00895,-1.94565,1.10136,1.16858,2.20139,-0.000551095,-0.00065436,0.000198159,-0.000336075,0.000183213,-0.000509917,0.00019842,0,0,0,0,0,0,0,-0.176685,26.7383,-24.7366,7.49881,0.825212,2.52523,0.0523779,-0.185061,2.1469,-3.08763,1.90827,0.183866,0.921056,0.0533088
1732131,1,-2.75261,-1.32534,1.01105,-1.94698,1.10108,1.16771,2.20139,-2.75266,-1.32422,1.00895,-1.94565,1.10136,1.16858,2.20139,0.000282218,-0.00108585,0.000132106,-0.000225723,-0.000284759,0.000134773,0.000369639,0,0,0,0,0,0,0,-0.204456,26.766,-24.7366,7.49881,0.836199,2.51242,0.0459692,-0.186056,2.14839,-3.08883,1.90714,0.183747,0.921053,0.0531608
1732132,1,-2.75261,-1.32534,1.01105,-1.94698,1.10108,1.16771,2.20139,-2.75266,-1.32422,1.00895,-1.94565,1.10136,1.16858,2.20139,0.000188145,0.00113214,-0.00102555,-0.000151737,0.000217062,0.000327208,0.000755052,0,0,0,0,0,0,0,-0.204456,26.6867,-24.689,7.49881,0.825212,2.50601,0.0322363,-0.187041,2.14978,-3.08975,1.90627,0.183667,0.921061,0.0530552
1732133,1,-2.75261,-1.32534,1.01105,-1.94698,1.10108,1.16771,2.20139,-2.75266,-1.32422,1.00895,-1.94565,1.10136,1.16858,2.20139,0.00012543,-0.00110128,0.000429922,0.000547515,0.000348158,0.000218139,-0.000479976,0,0,0,0,0,0,0,-0.204456,26.766,-24.7366,7.47104,0.819719,2.50601,0.0587866,-0.188249,2.1502,-3.08951,1.90541,0.183579,0.92102,0.0529651
1732134,1,-2.75261,-1.32534,1.01105,-1.94698,1.10108,1.16771,2.20139,-2.75266,-1.32422,1.00895,-1.94565,1.10136,1.16858,2.20139,-0.000565994,0.000472238,-0.000270197,-0.000285309,-0.000174795,-9.19332e-05,-0.000319984,0,0,0,0,0,0,0,-0.176685,26.7144,-24.7128,7.49881,0.830705,2.51242,0.0587866,-0.189269,2.15059,-3.08935,1.90459,0.183489,0.920977,0.0528732
1732135,1,-2.75261,-1.32534,1.01105,-1.94698,1.10108,1.16771,2.20139,-2.75266,-1.32422,1.00895,-1.94565,1.10136,1.16858,2.20139,-0.000377329,0.000964439,-0.000180132,-0.000747548,0.000290371,0.00017607,0.000532663,0,0,0,0,0,0,0,-0.176685,26.6867,-24.7128,7.52262,0.819719,2.50601,0.038645,-0.188534,2.14975,-3.08898,1.90495,0.18347,0.920918,0.0527899
1732136,1,-2.75261,-1.32534,1.01105,-1.94698,1.10108,1.16771,2.20139,-2.75266,-1.32422,1.00895,-1.94565,1.10136,1.16858,2.20139,0.000398061,-0.00121308,-0.000120088,-0.000498762,-9.87003e-06,-0.000119979,-0.000390877,0,0,0,0,0,0,0,-0.204456,26.766,-24.7128,7.52262,0.825212,2.51242,0.0587866,-0.186641,2.14785,-3.08821,1.90634,0.183513,0.920851,0.0527196
1732137,1,-2.75261,-1.32534,1.01105,-1.94698,1.10108,1.16771,2.20139,-2.75266,-1.32422,1.00895,-1.94565,1.10136,1.16858,2.20139,0.000265374,-0.000159106,0.000476753,0.00087362,-6.58002e-06,-0.000317345,-0.000260585,0,0,0,0,0,0,0,-0.204456,26.7383,-24.7366,7.47104,0.825212,2.51882,0.0587866,-0.18636,2.14771,-3.08835,1.90683,0.183493,0.920849,0.0526497
1732138,1,-2.75261,-1.32534,1.01105,-1.94698,1.10108,1.16771,2.20138,-2.75266,-1.32422,1.00895,-1.94565,1.10136,1.16858,2.20139,-0.00102951,-0.000755685,-0.000795788,-6.74238e-05,-0.000614738,-0.000211563,-0.00112316,0,0,0,0,0,0,0,-0.152882,26.766,-24.689,7.49881,0.841692,2.51882,0.0844213,-0.187266,2.14906,-3.08918,1.90632,0.1834,0.920872,0.0525856
1732139,1,-2.75262,-1.32534,1.01105,-1.94698,1.10108,1.16771,2.20138,-2.75266,-1.32422,1.00895,-1.94565,1.10136,1.16858,2.20139,-0.00189277,0.000702636,0.000583098,0.000604497,0.000641336,9.63168e-05,-0.000986131,0,0,0,0,0,0,0,-0.101307,26.7144,-24.7366,7.47104,0.81331,2.51242,0.09083,-0.186196,2.14957,-3.08978,1.90657,0.183362,0.920842,0.0525551
1732140,1,-2.75261,-1.32534,1.01105,-1.94698,1.10108,1.16771,2.20138,-2.75266,-1.32422,1.00895,-1.94565,1.10136,1.16858,2.20139,0.000501394,0.00111804,-0.000724892,0.000402873,-1.32524e-05,0.00030157,-0.000420062,0,0,0,0,0,0,0,-0.176685,26.6867,-24.689,7.47104,0.825212,2.50601,0.0844213,-0.183088,2.1482,-3.08955,1.90777,0.183369,0.920749,0.0525949
1732141,1,-2.75261,-1.32534,1.01105,-1.94698,1.10108,1.16771,2.20138,-2.75266,-1.32422,1.00895,-1.94565,1.10136,1.16858,2.20139,-0.000222549,9.57447e-05,0.000630363,0.000268488,-0.000415736,-3.63122e-05,-0.000992118,0,0,0,0,0,0,0,-0.152882,26.7144,-24.7366,7.47104,0.836199,2.51242,0.103647,-0.180797,2.14607,-3.08851,1.90857,0.183319,0.920647,0.0527282
1732142,1,-2.75261,-1.32534,1.01106,-1.94698,1.10108,1.16771,2.20138,-2.75266,-1.32422,1.00895,-1.94565,1.10136,1.16858,2.20139,-0.000148366,0.000713444,0.00162667,0.000178921,0.000129744,-0.000261567,0.000288024,0,0,0,0,0,0,0,-0.152882,26.6867,-24.7881,7.47104,0.825212,2.51882,0.0780126,-0.179723,2.14494,-3.08847,1.9088,0.183225,0.920649,0.0529678
1732143,1,-2.75261,-1.32534,1.01105,-1.94698,1.10108,1.16771,2.20138,-2.75266,-1.32422,1.00895,-1.94565,1.10136,1.16858,2.20139,0.00110752,0.000475629,-0.000678793,-0.000530386,-0.000320405,0.00030034,-0.000520061,0,0,0,0,0,0,0,-0.204456,26.6867,-24.7128,7.49881,0.836199,2.50601,0.0972387,-0.179473,2.14468,-3.0895,1.90877,0.183125,0.920759,0.0533162
1732144,1,-2.75261,-1.32534,1.01105,-1.94698,1.10108,1.16771,2.20138,-2.75266,-1.32422,1.00895,-1.94565,1.10136,1.16858,2.20139,8.87295e-05,-0.000332528,-0.000452528,0.000852795,-1.0153e-05,-0.000274491,0.000128011,0,0,0,0,0,0,0,-0.176685,26.7144,-24.7128,7.44724,0.830705,2.51882,0.0844213,-0.180882,2.14466,-3.08964,1.90801,0.182996,0.920847,0.0537554
1732145,1,-2.75261,-1.32534,1.01105,-1.94698,1.10108,1.16771,2.20139,-2.75266,-1.32422,1.00895,-1.94565,1.10136,1.16858,2.20139,5.9153e-05,-0.000221685,-0.000301686,-0.00119474,-0.000210219,-0.000182994,0.00103478,0,0,0,0,0,0,0,-0.176685,26.7144,-24.7128,7.52262,0.836199,2.51882,0.0587866,-0.183043,2.14496,-3.08901,1.90683,0.182879,0.920883,0.0542698
1732146,1,-2.75261,-1.32534,1.01105,-1.94698,1.10108,1.16771,2.20138,-2.75266,-1.32422,1.00895,-1.94565,1.10136,1.16858,2.20139,3.94353e-05,-0.000704602,-0.000201124,-0.000239702,0.000266755,0.000352722,0.000215133,0,0,0,0,0,0,0,-0.176685,26.7383,-24.7128,7.49881,0.825212,2.50601,0.071604,-0.184458,2.14554,-3.08859,1.90618,0.182851,0.920927,0.0548347
1732147,1,-2.75261,-1.32534,1.01106,-1.94698,1.10108,1.16771,2.20138,-2.75266,-1.32422,1.00895,-1.94565,1.10136,1.16858,2.20139,2.62902e-05,-0.000469735,0.000422729,-0.00071663,-0.000229064,0.000472507,0.000143422,0,0,0,0,0,0,0,-0.176685,26.7383,-24.7366,7.52262,0.836199,2.4996,0.071604,-0.18522,2.14665,-3.08889,1.906,0.182892,0.921009,0.0554095
1732148,1,-2.75261,-1.32534,1.01105,-1.94698,1.10108,1.16771,2.20138,-2.75266,-1.32422,1.00895,-1.94565,1.10136,1.16858,2.20139,1.75268e-05,-0.00096277,0.00028182,0.00072866,0.000457642,7.76456e-05,-0.000616462,0,0,0,0,0,0,0,-0.176685,26.766,-24.7366,7.47104,0.819719,2.50601,0.09083,-0.186053,2.14879,-3.09025,1.90559,0.182932,0.921126,0.05597
1732149,1,-2.75261,-1.32534,1.01105,-1.94698,1.10108,1.16771,2.20139,-2.75266,-1.32422,1.00895,-1.94565,1.10136,1.16858,2.20139,0.000661298,7.76699e-06,-0.000368932,0.000485764,0.000101644,5.17637e-05,0.00152181,0,0,0,0,0,0,0,-0.204456,26.7383,-24.7128,7.47104,0.825212,2.50601,0.038645,-0.187888,2.15172,-3.0919,1.90425,0.182897,0.92122,0.0565151
1732150,1,-2.75261,-1.32534,1.01106,-1.94698,1.10108,1.16771,2.20138,-2.75266,-1.32422,1.00895,-1.94565,1.10136,1.16858,2.20139,0.000440866,5.17799e-06,0.000960471,-0.00088259,-0.000135688,0.000271868,3.11926e-05,0,0,0,0,0,0,0,-0.204456,26.7383,-24.7643,7.52262,0.830705,2.4996,0.0651953,-0.190351,2.15437,-3.09315,1.90254,0.182809,0.921277,0.0570406
1732151,1,-2.75261,-1.32534,1.01105,-1.94698,1.10108,1.16771,2.20139,-2.75266,-1.32422,1.00895,-1.94565,1.10136,1.16858,2.20139,-0.000355704,-0.000646162,-9.29988e-06,-3.15869e-05,-9.04585e-05,-5.61136e-05,0.000732872,0,0,0,0,0,0,0,-0.176685,26.766,-24.7366,7.49881,0.830705,2.50601,0.0459692,-0.191837,2.15631,-3.09454,1.9017,0.182769,0.921334,0.0575227
1732152,1,-2.75261,-1.32534,1.01105,-1.94698,1.10108,1.16771,2.20139,-2.75266,-1.32422,1.00895,-1.94565,1.10136,1.16858,2.20139,-0.000237136,0.00142527,-0.000563012,-2.10619e-05,-6.03057e-05,-0.000274768,0.000251222,0,0,0,0,0,0,0,-0.176685,26.6867,-24.7128,7.49881,0.830705,2.51242,0.0523779,-0.191551,2.15673,-3.09524,1.90197,0.182795,0.921313,0.0579417
1732153,1,-2.75261,-1.32534,1.01106,-1.94698,1.10108,1.16771,2.20139,-2.75266,-1.32422,1.00895,-1.94565,1.10136,1.16858,2.20139,-0.00015809,-0.000256249,0.000181471,-1.40443e-05,-4.02038e-05,-0.000183179,0.000676108,0,0,0,0,0,0,0,-0.176685,26.7383,-24.7366,7.49881,0.830705,2.51242,0.038645,-0.189875,2.15511,-3.09446,1.90303,0.182854,0.921171,0.0582879
1732154,1,-2.75261,-1.32534,1.01106,-1.94698,1.10108,1.16771,2.20139,-2.75266,-1.32422,1.00895,-1.94565,1.10136,1.16858,2.20139,-0.000105394,0.00103559,0.00012098,0.000640249,0.000176648,0.00011524,0.000688098,0,0,0,0,0,0,0,-0.176685,26.6867,-24.7366,7.47104,0.825212,2.50601,0.0322363,-0.187939,2.1529,-3.09332,1.90415,0.182903,0.920993,0.0585497
1732155,1,-2.75261,-1.32534,1.01105,-1.94698,1.10108,1.16771,2.20139,-2.75266,-1.32422,1.00895,-1.94565,1.10136,1.16858,2.20139,-7.02624e-05,0.000690395,8.06536e-05,0.000426831,0.000117765,7.68266e-05,-0.000524613,0,0,0,0,0,0,0,-0.176685,26.6867,-24.7366,7.47104,0.825212,2.50601,0.0587866,-0.186318,2.15061,-3.09217,1.90488,0.18291,0.920804,0.0587157
1732156,1,-2.75261,-1.32534,1.01105,-1.94698,1.10108,1.16771,2.20139,-2.75266,-1.32422,1.00895,-1.94565,1.10136,1.16858,2.20139,-4.68416e-05,-0.000746162,-0.000503043,-0.000921873,-0.000328391,-0.000186141,0.000870961,0,0,0,0,0,0,0,-0.176685,26.7383,-24.7128,7.52262,0.836199,2.51242,0.0258276,-0.184926,2.14847,-3.091,1.90551,0.182913,0.920617,0.0587856
1732157,1,-2.75261,-1.32534,1.01106,-1.94698,1.10108,1.16771,2.20139,-2.75266,-1.32422,1.00895,-1.94565,1.10136,1.16858,2.20139,0.000618386,5.93704e-05,0.00022145,-5.77711e-05,-1.54767e-05,0.000113265,-0.000165344,0,0,0,0,0,0,0,-0.204456,26.7144,-24.7366,7.49881,0.830705,2.50601,0.0459692,-0.184169,2.14741,-3.09033,1.90606,0.182943,0.920481,0.0587698
1732158,1,-2.75261,-1.32534,1.01105,-1.94698,1.10108,1.16771,2.20139,-2.75266,-1.32422,1.00895,-1.94565,1.10136,1.16858,2.20139,0.000412257,-0.000517232,-0.000409179,0.000611099,0.000396583,-0.000161849,0.000635756,0,0,0,0,0,0,0,-0.204456,26.7383,-24.7128,7.47104,0.819719,2.51242,0.0258276,-0.184981,2.14773,-3.09017,1.90579,0.18293,0.920394,0.0586725
1732159,1,-2.75261,-1.32534,1.01105,-1.94698,1.10108,1.16771,2.20139,-2.75266,-1.32422,1.00895,-1.94565,1.10136,1.16858,2.20139,0.000274838,-0.000994435,-0.000272786,-0.000242215,-0.000345963,0.00012946,-5.08807e-05,0,0,0,0,0,0,0,-0.204456,26.766,-24.7128,7.49881,0.836199,2.50601,0.038645,-0.18732,2.14936,-3.09033,1.90447,0.182853,0.920325,0.058496
1732160,1,-2.75261,-1.32534,1.01105,-1.94698,1.10108,1.16771,2.20139,-2.75266,-1.32422,1.00895,-1.94565,1.10136,1.16858,2.20139,-0.0010232,-1.33428e-05,0.000374955,-0.000161477,-2.71913e-05,8.63064e-05,0.000203438,0,0,0,0,0,0,0,-0.152882,26.7383,-24.7366,7.49881,0.830705,2.50601,0.0322363,-0.189013,2.15138,-3.09097,1.90344,0.182813,0.920269,0.0582485
1732161,1,-2.75261,-1.32534,1.01105,-1.94698,1.10108,1.16771,2.20139,-2.75266,-1.32422,1.00895,-1.94565,1.10136,1.16858,2.20139,-0.000682134,-8.89517e-06,0.00024997,0.000541962,0.000185323,5.75376e-05,-0.000847719,0,0,0,0,0,0,0,-0.152882,26.7383,-24.7366,7.47104,0.825212,2.50601,0.0587866,-0.188308,2.15256,-3.09209,1.90365,0.182863,0.920213,0.0579434
1732162,1,-2.75261,-1.32534,1.01105,-1.94698,1.10108,1.16772,2.20139,-2.75266,-1.32422,1.00895,-1.94565,1.10136,1.16858,2.20139,0.000102056,0.000550882,-0.000946977,-0.000288306,-7.99019e-05,0.000513076,-0.00127722,0,0,0,0,0,0,0,-0.176685,26.7144,-24.689,7.49881,0.830705,2.49319,0.0780126,-0.18627,2.1524,-3.09262,1.90451,0.182941,0.920104,0.0576007
1732163,1,-2.75261,-1.32534,1.01105,-1.94698,1.10108,1.16771,2.20139,-2.75266,-1.32422,1.00895,-1.94565,1.10136,1.16858,2.20139,0.000717651,0.000367255,0.000482306,0.00045741,0.000150183,0.000104692,9.79541e-05,0,0,0,0,0,0,0,-0.204456,26.7144,-24.7366,7.47104,0.825212,2.4996,0.0523779,-0.184966,2.15133,-3.09195,1.90511,0.182977,0.919941,0.0572595
1732164,1,-2.75261,-1.32534,1.01105,-1.94698,1.10108,1.16771,2.20139,-2.75266,-1.32422,1.00895,-1.94565,1.10136,1.16858,2.20139,0.000478434,-0.000311976,0.000321537,-0.000901486,-0.000103329,-0.000404923,0.000811288,0,0,0,0,0,0,0,-0.204456,26.7383,-24.7366,7.52262,0.830705,2.51242,0.0322363,-0.185168,2.15079,-3.09146,1.90512,0.18296,0.919821,0.0569585
1732165,1,-2.75261,-1.32534,1.01105,-1.94698,1.10108,1.16771,2.20138,-2.75266,-1.32422,1.00895,-1.94565,1.10136,1.16858,2.20139,0.000875768,-0.000207984,-0.000342454,0.000605435,-6.88859e-05,0.000204769,-0.00186664,0,0,0,0,0,0,0,-0.22826,26.7383,-24.7128,7.47104,0.830705,2.4996,0.0972387,-0.186738,2.15144,-3.09172,1.90457,0.182908,0.919765,0.0566944
1732166,1,-2.75261,-1.32534,1.01105,-1.94698,1.10108,1.16771,2.20138,-2.75266,-1.32422,1.00895,-1.94565,1.10136,1.16858,2.20139,2.70335e-05,0.000418156,0.000328509,-0.000245991,0.000157527,-0.000100846,-0.00029499,0,0,0,0,0,0,0,-0.204456,26.7144,-24.7366,7.49881,0.825212,2.50601,0.071604,-0.189021,2.1525,-3.09196,1.90362,0.182828,0.919703,0.0564647
1732167,1,-2.75261,-1.32534,1.01105,-1.94698,1.10108,1.16771,2.20139,-2.75266,-1.32422,1.00895,-1.94565,1.10136,1.16858,2.20139,-0.0011884,0.000278771,0.000219006,-0.000720806,0.000308468,-6.72308e-05,0.000278058,0,0,0,0,0,0,0,-0.152882,26.7144,-24.7366,7.52262,0.819719,2.50601,0.0587866,-0.189459,2.15255,-3.09217,1.9037,0.182818,0.919612,0.0563052
1732168,1,-2.75261,-1.32534,1.01105,-1.94698,1.10108,1.16771,2.20139,-2.75266,-1.32422,1.00895,-1.94565,1.10136,1.16858,2.20139,-0.000792269,0.000835461,-0.00096762,7.62747e-05,-0.000201256,-0.000519538,0.000422731,0,0,0,0,0,0,0,-0.152882,26.6867,-24.689,7.49881,0.830705,2.51882,0.0523779,-0.186509,2.15057,-3.09188,1.90573,0.18294,0.919449,0.0562297
1732169,1,-2.75261,-1.32534,1.01105,-1.94698,1.10108,1.16771,2.20138,-2.75266,-1.32422,1.00895,-1.94565,1.10136,1.16858,2.20139,-0.000528179,-0.000649452,-8.82679e-05,0.00125728,-0.00013417,-0.000109,-0.00137969,0,0,0,0,0,0,0,-0.152882,26.7383,-24.7128,7.44724,0.830705,2.51242,0.0972387,-0.182625,2.14777,-3.09074,1.90795,0.183068,0.919199,0.0562095
1732170,1,-2.75261,-1.32534,1.01105,-1.94698,1.10108,1.16771,2.20138,-2.75266,-1.32422,1.00895,-1.94565,1.10136,1.16858,2.20139,0.000204692,0.000123844,-5.88452e-05,-0.000925054,0.000114004,-7.26667e-05,0.000267,0,0,0,0,0,0,0,-0.176685,26.7144,-24.7128,7.52262,0.825212,2.51242,0.0651953,-0.180193,2.14621,-3.08984,1.90902,0.183116,0.918971,0.0562332
1732171,1,-2.75261,-1.32534,1.01105,-1.94698,1.10108,1.16771,2.20138,-2.75266,-1.32422,1.00895,-1.94565,1.10136,1.16858,2.20139,0.000786076,-0.000474249,-0.00124566,0.000589723,-0.000127448,-4.84445e-05,-0.000534077,0,0,0,0,0,0,0,-0.204456,26.7383,-24.6612,7.47104,0.830705,2.51242,0.0844213,-0.179813,2.14591,-3.08907,1.90908,0.183101,0.918813,0.0563142
1732172,1,-2.75261,-1.32534,1.01106,-1.94698,1.10108,1.16771,2.20138,-2.75266,-1.32422,1.00895,-1.94565,1.10136,1.16858,2.20139,-0.000125564,0.000240646,0.00158241,-0.000256465,-0.000491866,0.000205063,0.000356026,0,0,0,0,0,0,0,-0.176685,26.7144,-24.7643,7.49881,0.841692,2.50601,0.0651953,-0.181122,2.14655,-3.08852,1.90833,0.183032,0.918727,0.0564568
1732173,1,-2.75261,-1.32534,1.01105,-1.94698,1.10108,1.16771,2.20138,-2.75266,-1.32422,1.00895,-1.94565,1.10136,1.16858,2.20139,-0.000640521,0.000160431,0.000405329,-0.000170977,7.89901e-05,0.000136708,-0.000712085,0,0,0,0,0,0,0,-0.152882,26.7144,-24.7366,7.49881,0.830705,2.50601,0.09083,-0.181842,2.14772,-3.08946,1.90792,0.182994,0.918755,0.056658
1732174,1,-2.75261,-1.32534,1.01105,-1.94698,1.10108,1.16771,2.20138,-2.75266,-1.32422,1.00895,-1.94565,1.10136,1.16858,2.20139,-0.000427014,0.000106954,-0.00149302,-0.000113985,-0.00015079,9.1139e-05,-0.000712083,0,0,0,0,0,0,0,-0.152882,26.7144,-24.6612,7.49881,0.836199,2.50601,0.0972387,-0.180801,2.14797,-3.09042,1.90852,0.183044,0.918778,0.0569128
1732175,1,-2.75261,-1.32534,1.01105,-1.94698,1.10108,1.16771,2.20138,-2.75266,-1.32422,1.00895,-1.94565,1.10136,1.16858,2.20139,0.00092175,7.13025e-05,-0.000345732,0.00113044,0.000102924,0.000298118,0.000237355,0,0,0,0,0,0,0,-0.204456,26.7144,-24.689,7.44724,0.830705,2.4996,0.0780126,-0.180245,2.14733,-3.08955,1.90871,0.183078,0.918682,0.057223
1732176,1,-2.75261,-1.32534,1.01105,-1.94698,1.10108,1.16771,2.20138,-2.75266,-1.32422,1.00895,-1.94565,1.10136,1.16858,2.20139,0.00117131,0.000697149,0.000326324,0.000196812,-0.000134835,-3.86134e-05,-7.91222e-05,0,0,0,0,0,0,0,-0.22826,26.6867,-24.7128,7.47104,0.836199,2.50601,0.0844213,-0.182367,2.1473,-3.08797,1.90727,0.182993,0.918562,0.0575951
1732177,1,-2.75261,-1.32534,1.01105,-1.94698,1.10108,1.16771,2.20139,-2.75266,-1.32422,1.00895,-1.94565,1.10136,1.16858,2.20139,-0.000425551,-0.000184848,-0.000339263,-0.000518406,0.000113561,-0.000263101,0.00137141,0,0,0,0,0,0,0,-0.176685,26.7144,-24.689,7.49881,0.830705,2.51242,0.0459692,-0.185468,2.14774,-3.08685,1.90541,0.182886,0.918497,0.0580221
1732178,1,-2.75261,-1.32534,1.01105,-1.94698,1.10108,1.16771,2.20138,-2.75266,-1.32422,1.00895,-1.94565,1.10136,1.16858,2.20139,0.000365913,-0.000123232,-0.000226175,0.00030401,7.57071e-05,6.19581e-05,-0.000984601,0,0,0,0,0,0,0,-0.204456,26.7144,-24.689,7.47104,0.830705,2.50601,0.0972387,-0.187337,2.148,-3.08613,1.90439,0.182869,0.918453,0.0584756
1732179,1,-2.75261,-1.32534,1.01105,-1.94698,1.10108,1.16771,2.20138,-2.75266,-1.32422,1.00895,-1.94565,1.10136,1.16858,2.20139,-0.000405672,-0.000638967,0.000962841,-0.000446941,0.000253922,4.13054e-05,0.000293035,0,0,0,0,0,0,0,-0.176685,26.7383,-24.7366,7.49881,0.825212,2.50601,0.071604,-0.188242,2.14878,-3.08634,1.90386,0.182914,0.918448,0.058928
1732180,1,-2.75261,-1.32534,1.01105,-1.94698,1.10108,1.16771,2.20138,-2.75266,-1.32422,1.00895,-1.94565,1.10136,1.16858,2.20139,-0.000270448,0.000780448,0.000641894,0.000351654,0.000169281,-0.00068454,-0.000754079,0,0,0,0,0,0,0,-0.176685,26.6867,-24.7366,7.47104,0.825212,2.52523,0.0972387,-0.188045,2.15002,-3.08795,1.90387,0.183002,0.918519,0.0593828
1732181,1,-2.75261,-1.32534,1.01105,-1.94699,1.10108,1.16771,2.20138,-2.75266,-1.32422,1.00895,-1.94565,1.10136,1.16858,2.20139,0.000469315,-0.000686127,-0.000128883,-0.0015288,0.000112854,1.8358e-05,0.000446716,0,0,0,0,0,0,0,-0.204456,26.7383,-24.7128,7.54642,0.825212,2.51242,0.071604,-0.186898,2.15084,-3.08991,1.90458,0.183128,0.918631,0.0598507
1732182,1,-2.75261,-1.32534,1.01105,-1.94698,1.10108,1.16771,2.20139,-2.75266,-1.32422,1.00895,-1.94565,1.10136,1.16858,2.20139,0.000869689,-0.000457418,-8.59219e-05,0.000744036,-0.000535115,0.000486957,0.00223059,0,0,0,0,0,0,0,-0.22826,26.7383,-24.7128,7.47104,0.841692,2.4996,0.0194189,-0.186715,2.15183,-3.09134,1.90503,0.183231,0.918746,0.060327
1732183,1,-2.75261,-1.32534,1.01105,-1.94698,1.10108,1.16771,2.20139,-2.75266,-1.32422,1.00895,-1.94565,1.10136,1.16858,2.20139,-0.000626633,0.000251867,-5.72813e-05,0.000496024,-0.000153293,-0.00015008,0.000266357,0,0,0,0,0,0,0,-0.176685,26.7144,-24.7128,7.47104,0.836199,2.51242,0.0523779,-0.187928,2.15324,-3.0921,1.9045,0.183259,0.918812,0.0607757
1732184,1,-2.75261,-1.32534,1.01105,-1.94698,1.10108,1.16771,2.20139,-2.75266,-1.32422,1.00895,-1.94565,1.10136,1.16858,2.20139,-0.000417756,0.000167911,-3.81875e-05,-0.000318931,0.000304706,0.000374664,0.000686198,0,0,0,0,0,0,0,-0.176685,26.7144,-24.7128,7.49881,0.825212,2.4996,0.038645,-0.188255,2.15366,-3.09213,1.90415,0.18329,0.918794,0.0611471
1732185,1,-2.75261,-1.32534,1.01105,-1.94698,1.10108,1.16771,2.20139,-2.75266,-1.32422,1.00895,-1.94565,1.10136,1.16858,2.20139,0.00037111,0.000761555,-2.54583e-05,0.000993805,0.000203137,-0.000224942,0.000694824,0,0,0,0,0,0,0,-0.204456,26.6867,-24.7128,7.44724,0.825212,2.51242,0.0322363,-0.187474,2.15279,-3.09149,1.90435,0.183347,0.918719,0.0614179
1732186,1,-2.75261,-1.32534,1.01105,-1.94698,1.10108,1.16771,2.20139,-2.75266,-1.32422,1.00895,-1.94565,1.10136,1.16858,2.20139,-0.000402207,-0.000141911,-1.69722e-05,0.000105725,0.000135425,8.73979e-05,0.000463216,0,0,0,0,0,0,0,-0.176685,26.7144,-24.7128,7.47104,0.825212,2.50601,0.0322363,-0.187033,2.15157,-3.09047,1.90425,0.183363,0.918617,0.0615772
1732187,1,-2.75261,-1.32534,1.01105,-1.94698,1.10108,1.16771,2.20139,-2.75266,-1.32422,1.00895,-1.94565,1.10136,1.16858,2.20139,-0.00082495,0.000555007,-0.00121774,-0.00113594,9.02832e-05,0.000295624,0.000783529,0,0,0,0,0,0,0,-0.152882,26.6867,-24.6612,7.52262,0.825212,2.4996,0.0194189,-0.185671,2.14958,-3.08892,1.90477,0.183421,0.918476,0.0616171
1732188,1,-2.75261,-1.32534,1.01105,-1.94698,1.10108,1.16771,2.20139,-2.75266,-1.32422,1.00895,-1.94565,1.10136,1.16858,2.20139,6.84526e-06,-0.000279609,-0.000162213,-0.000200483,6.01888e-05,-0.000277635,-0.000460992,0,0,0,0,0,0,0,-0.176685,26.7144,-24.689,7.49881,0.825212,2.51242,0.0459692,-0.182738,2.14648,-3.08664,1.90654,0.183572,0.918294,0.0615348
1732189,1,-2.75261,-1.32534,1.01105,-1.94698,1.10108,1.16771,2.20139,-2.75266,-1.32422,1.00895,-1.94565,1.10136,1.16858,2.20139,0.00121099,-0.000743218,-0.00131457,-0.000133655,-0.000163325,0.000289628,0.000201298,0,0,0,0,0,0,0,-0.22826,26.7383,-24.6374,7.49881,0.830705,2.4996,0.0322363,-0.181257,2.14431,-3.08429,1.90769,0.183676,0.918131,0.0613328
1732190,1,-2.75261,-1.32534,1.01105,-1.94698,1.10108,1.16771,2.20139,-2.75266,-1.32422,1.00895,-1.94565,1.10136,1.16858,2.20139,0.000250514,6.13331e-05,-0.000876379,0.00056051,0.000298018,0.000193085,-0.00010316,0,0,0,0,0,0,0,-0.204456,26.7144,-24.6374,7.47104,0.819719,2.4996,0.038645,-0.182941,2.14389,-3.08177,1.90699,0.183637,0.917977,0.0610308
1732191,1,-2.75261,-1.32534,1.01105,-1.94698,1.10108,1.16772,2.20139,-2.75266,-1.32422,1.00895,-1.94565,1.10136,1.16858,2.20139,0.00016701,4.08887e-05,0.00117899,-0.00027594,0.000436038,-0.000108635,0.000168586,0,0,0,0,0,0,0,-0.204456,26.7144,-24.7128,7.49881,0.81331,2.50601,0.0322363,-0.185668,2.14431,-3.0798,1.90557,0.18352,0.917855,0.0606581
1732192,1,-2.75261,-1.32534,1.01105,-1.94698,1.10108,1.16771,2.20139,-2.75266,-1.32422,1.00895,-1.94565,1.10136,1.16858,2.20139,0.00011134,2.72592e-05,0.000229178,-0.00018396,-0.000353568,-7.24236e-05,-0.000124969,0,0,0,0,0,0,0,-0.204456,26.7144,-24.689,7.49881,0.830705,2.50601,0.038645,-0.187516,2.14533,-3.07971,1.90463,0.183407,0.917845,0.060236
1732193,1,-2.75261,-1.32534,1.01105,-1.94698,1.10108,1.16772,2.20139,-2.75266,-1.32422,1.00895,-1.94565,1.10136,1.16858,2.20139,-0.0011322,-0.000538639,-0.00105364,0.00108379,-0.000235712,0.000426435,-0.00035458,0,0,0,0,0,0,0,-0.152882,26.7383,-24.6374,7.44724,0.830705,2.49319,0.0459692,-0.188172,2.14635,-3.08029,1.90421,0.183315,0.91784,0.0597733
1732194,1,-2.75261,-1.32534,1.01105,-1.94698,1.10108,1.16771,2.20139,-2.75266,-1.32422,1.00895,-1.94565,1.10136,1.16858,2.20139,-0.000197988,0.000847333,0.00106081,0.000165712,4.63091e-05,4.69314e-05,0.00027224,0,0,0,0,0,0,0,-0.176685,26.6867,-24.7128,7.47104,0.825212,2.4996,0.0322363,-0.187583,2.14673,-3.08043,1.90407,0.183235,0.917747,0.0592846
1732195,1,-2.75261,-1.32534,1.01105,-1.94698,1.10108,1.16771,2.20139,-2.75266,-1.32422,1.00895,-1.94565,1.10136,1.16858,2.20139,-0.000131992,-8.47252e-05,0.000150395,-0.00109595,-0.000376028,-0.000206071,-0.000327133,0,0,0,0,0,0,0,-0.176685,26.7144,-24.689,7.52262,0.836199,2.50601,0.0459692,-0.185872,2.14649,-3.08088,1.90467,0.1832,0.917666,0.0587894
1732196,1,-2.75261,-1.32534,1.01105,-1.94698,1.10108,1.16771,2.20139,-2.75266,-1.32422,1.00895,-1.94565,1.10136,1.16858,2.20139,0.000561619,-0.000613295,-0.00054935,-0.000173822,0.000156215,9.9978e-05,0.000290538,0,0,0,0,0,0,0,-0.204456,26.7383,-24.6612,7.49881,0.825212,2.4996,0.0322363,-0.18426,2.14629,-3.08148,1.9057,0.183211,0.917629,0.0582925
1732197,1,-2.75261,-1.32534,1.01105,-1.94698,1.10108,1.16772,2.20138,-2.75266,-1.32422,1.00895,-1.94565,1.10136,1.16858,2.20139,0.000374413,0.00135437,-0.000366234,0.000533732,0.000307594,0.000304011,-0.00197645,0,0,0,0,0,0,0,-0.204456,26.6629,-24.6612,7.47104,0.819719,2.49319,0.09083,-0.184101,2.14608,-3.08104,1.90609,0.183179,0.917546,0.0577948
1732198,1,-2.75261,-1.32534,1.01105,-1.94698,1.10108,1.16771,2.20139,-2.75266,-1.32422,1.00895,-1.94565,1.10136,1.16858,2.20139,-0.000956817,-0.00150994,-0.000244156,0.000355822,1.61226e-06,-0.000272044,0.000106522,0,0,0,0,0,0,0,-0.152882,26.766,-24.6612,7.47104,0.825212,2.50601,0.0523779,-0.184671,2.14568,-3.07976,1.9058,0.183089,0.917385,0.0573201
1732199,1,-2.75261,-1.32534,1.01105,-1.94698,1.10108,1.16771,2.20139,-2.75266,-1.32422,1.00895,-1.94565,1.10136,1.16858,2.20139,-8.10662e-05,0.000199802,0.000486843,0.000237214,-0.000202376,-0.000181363,-0.000166344,0,0,0,0,0,0,0,-0.176685,26.7144,-24.689,7.47104,0.830705,2.50601,0.0587866,-0.184855,2.14608,-3.07918,1.90536,0.183001,0.91722,0.0569067
1732200,1,-2.75261,-1.32534,1.01105,-1.94698,1.10108,1.16772,2.20138,-2.75266,-1.32422,1.00895,-1.94565,1.10136,1.16858,2.20139,0.00059557,0.000133201,0.00143819,0.000158143,6.85334e-05,0.000353809,-0.00177241,0,0,0,0,0,0,0,-0.204456,26.7144,-24.7366,7.47104,0.825212,2.49319,0.103647,-0.18516,2.14751,-3.07998,1.90475,0.182907,0.91714,0.0565698
1732201,1,-2.75261,-1.32534,1.01105,-1.94698,1.10108,1.16772,2.20138,-2.75266,-1.32422,1.00895,-1.94565,1.10136,1.16858,2.20139,-0.000252567,8.8801e-05,-0.000804447,-0.001101,0.000249139,-1.48596e-06,-0.00023217,0,0,0,0,0,0,0,-0.176685,26.7144,-24.6612,7.52262,0.819719,2.4996,0.0780126,-0.185549,2.14882,-3.08119,1.90439,0.182821,0.917118,0.0563222
1732202,1,-2.75261,-1.32534,1.01105,-1.94698,1.10108,1.16772,2.20138,-2.75266,-1.32422,1.00895,-1.94565,1.10136,1.16858,2.20139,0.000481236,0.00126563,-0.00109311,0.000472428,-0.000444259,-9.90637e-07,-0.000629498,0,0,0,0,0,0,0,-0.204456,26.6629,-24.6374,7.47104,0.836199,2.4996,0.09083,-0.18532,2.1482,-3.08047,1.90475,0.182777,0.916993,0.0561914
1732203,1,-2.75261,-1.32534,1.01105,-1.94698,1.10108,1.16771,2.20138,-2.75266,-1.32422,1.00895,-1.94565,1.10136,1.16858,2.20139,0.000320824,0.000286939,0.000477686,0.000314952,0.000110729,-6.60425e-07,5.50526e-05,0,0,0,0,0,0,0,-0.204456,26.6867,-24.689,7.47104,0.825212,2.4996,0.0780126,-0.185312,2.14596,-3.07775,1.90504,0.18271,0.916743,0.0561855
1732204,1,-2.75261,-1.32534,1.01105,-1.94698,1.10108,1.16771,2.20138,-2.75266,-1.32422,1.00895,-1.94565,1.10136,1.16858,2.20139,-0.000435731,-0.00101513,-0.000331157,-0.000996458,0.000514629,-4.40283e-07,-0.000438016,0,0,0,0,0,0,0,-0.176685,26.7383,-24.6612,7.52262,0.81331,2.4996,0.09083,-0.185668,2.14441,-3.07555,1.90502,0.182632,0.916512,0.0562957
1732205,1,-2.75261,-1.32534,1.01105,-1.94698,1.10108,1.16771,2.20139,-2.75266,-1.32422,1.00895,-1.94565,1.10136,1.16858,2.20139,0.000359126,-0.00132637,-0.000220771,-0.000664305,-9.77238e-05,-0.000237652,0.00113214,0,0,0,0,0,0,0,-0.204456,26.766,-24.6612,7.52262,0.825212,2.50601,0.0523779,-0.185838,2.14463,-3.07482,1.9052,0.182611,0.916357,0.0565068
1732206,1,-2.75261,-1.32534,1.01105,-1.94698,1.10108,1.16771,2.20139,-2.75266,-1.32422,1.00895,-1.94565,1.10136,1.16858,2.20139,-0.000410196,0.000971794,-0.000147181,0.000113942,-6.51492e-05,-0.000395794,0.000992121,0,0,0,0,0,0,0,-0.176685,26.6867,-24.6612,7.49881,0.825212,2.51242,0.0459692,-0.185897,2.14555,-3.07457,1.90553,0.182611,0.916229,0.0567933
1732207,1,-2.75261,-1.32534,1.01105,-1.94698,1.10108,1.16771,2.20139,-2.75266,-1.32422,1.00895,-1.94565,1.10136,1.16858,2.20139,-0.000830276,-1.75156e-06,-0.00121174,-0.000480851,-0.000246883,0.000210855,-5.06629e-05,0,0,0,0,0,0,0,-0.152882,26.7144,-24.6136,7.52262,0.830705,2.4996,0.0651953,-0.184764,2.14493,-3.07329,1.90648,0.182625,0.916034,0.0571096
1732208,1,-2.75261,-1.32534,1.01105,-1.94698,1.10108,1.16771,2.20139,-2.75266,-1.32422,1.00895,-1.94565,1.10136,1.16858,2.20139,0.000652908,-0.00055798,0.000305794,0.000885859,3.88617e-05,-9.67888e-05,0.000678302,0,0,0,0,0,0,0,-0.204456,26.7383,-24.6612,7.47104,0.825212,2.50601,0.0459692,-0.18331,2.14359,-3.07123,1.90744,0.18262,0.915789,0.0574101
1732209,1,-2.75261,-1.32534,1.01105,-1.94698,1.10108,1.16771,2.20139,-2.75266,-1.32422,1.00895,-1.94565,1.10136,1.16858,2.20139,0.000435272,-0.000371986,0.000203863,0.000590572,-0.000584444,0.000172833,0.000723468,0,0,0,0,0,0,0,-0.204456,26.7383,-24.6612,7.47104,0.841692,2.4996,0.038645,-0.18423,2.14422,-3.07007,1.90673,0.182496,0.915616,0.057672
1732210,1,-2.75261,-1.32534,1.01105,-1.94698,1.10108,1.16771,2.20139,-2.75266,-1.32422,1.00895,-1.94565,1.10136,1.16858,2.20139,0.000290182,-0.000247991,0.000785523,0.00150734,0.000220722,0.000115222,0.000482312,0,0,0,0,0,0,0,-0.204456,26.7383,-24.689,7.42344,0.825212,2.4996,0.038645,-0.187466,2.14696,-3.07029,1.90433,0.182255,0.915539,0.0578773
1732211,1,-2.75261,-1.32534,1.01105,-1.94698,1.10108,1.16771,2.20139,-2.75266,-1.32422,1.00895,-1.94565,1.10136,1.16858,2.20139,-0.00045616,0.0010411,0.000523682,-0.000758345,0.000350599,7.68147e-05,0.00103362,0,0,0,0,0,0,0,-0.176685,26.6867,-24.689,7.49881,0.819719,2.4996,0.0194189,-0.190334,2.14962,-3.07113,1.902,0.182024,0.915506,0.0580117
1732212,1,-2.75261,-1.32534,1.01105,-1.94698,1.10108,1.16771,2.20139,-2.75266,-1.32422,1.00895,-1.94565,1.10136,1.16858,2.20139,-0.000304106,-0.00051236,0.000349121,-0.000505564,3.0282e-05,-0.000186149,0.000214361,0,0,0,0,0,0,0,-0.176685,26.7383,-24.689,7.49881,0.825212,2.50601,0.0322363,-0.190566,2.15055,-3.07193,1.90155,0.181935,0.915487,0.0580623
1732213,1,-2.75261,-1.32534,1.01105,-1.94698,1.10108,1.16771,2.20139,-2.75266,-1.32422,1.00895,-1.94565,1.10136,1.16858,2.20139,0.000446876,-0.000341573,-0.000416867,0.000312572,2.0188e-05,-0.000124099,0.000142907,0,0,0,0,0,0,0,-0.204456,26.7383,-24.6612,7.47104,0.825212,2.50601,0.0322363,-0.189649,2.15081,-3.07242,1.90209,0.181936,0.915465,0.0580094
1732214,1,-2.75261,-1.32534,1.01105,-1.94698,1.10108,1.16771,2.20139,-2.75266,-1.32422,1.00895,-1.94565,1.10136,1.16858,2.20139,-0.000351696,-0.000227716,-0.000277911,0.000208381,-0.000393442,-8.27329e-05,-0.000413355,0,0,0,0,0,0,0,-0.176685,26.7383,-24.6612,7.47104,0.836199,2.50601,0.0459692,-0.189536,2.15131,-3.07221,1.90214,0.181914,0.915403,0.0578499
1732215,1,-2.75261,-1.32534,1.01105,-1.94698,1.10108,1.16772,2.20139,-2.75266,-1.32422,1.00895,-1.94565,1.10136,1.16858,2.20139,-0.000234464,-0.00015181,-0.000185274,-0.000510693,0.000144606,-0.000292514,0.000707774,0,0,0,0,0,0,0,-0.176685,26.7383,-24.6612,7.49881,0.825212,2.51242,0.0194189,-0.189262,2.15141,-3.07127,1.90225,0.181905,0.915298,0.0576065
1732216,1,-2.75261,-1.32534,1.01105,-1.94698,1.10108,1.16772,2.20139,-2.75266,-1.32422,1.00895,-1.94565,1.10136,1.16858,2.20139,-0.00015631,0.00110522,-0.000680328,0.000309152,0.000537214,0.000279708,-0.000240227,0,0,0,0,0,0,0,-0.176685,26.6867,-24.6374,7.47104,0.81331,2.4996,0.038645,-0.188042,2.15027,-3.06947,1.90298,0.181939,0.915156,0.0573003
1732217,1,-2.75261,-1.32534,1.01105,-1.94698,1.10108,1.16771,2.20139,-2.75266,-1.32422,1.00895,-1.94565,1.10136,1.16858,2.20139,-0.000661018,0.000736813,0.000752874,0.000206101,-0.000489568,-5.08867e-05,-0.000431419,0,0,0,0,0,0,0,-0.152882,26.6867,-24.689,7.47104,0.836199,2.50601,0.0459692,-0.185936,2.14767,-3.06689,1.90417,0.181978,0.91498,0.0569394
1732218,1,-2.75261,-1.32534,1.01105,-1.94698,1.10108,1.16771,2.20139,-2.75266,-1.32422,1.00895,-1.94565,1.10136,1.16858,2.20139,0.000765747,-0.000158406,-0.00070451,0.000137401,8.05223e-05,-3.39245e-05,-0.00076233,0,0,0,0,0,0,0,-0.204456,26.7144,-24.6374,7.47104,0.825212,2.50601,0.0587866,-0.183997,2.14505,-3.06452,1.90515,0.181988,0.914831,0.056538
1732219,1,-2.75261,-1.32534,1.01105,-1.94698,1.10108,1.16772,2.20139,-2.75266,-1.32422,1.00895,-1.94565,1.10136,1.16858,2.20139,-0.000139116,0.00054401,8.71387e-05,-0.00111483,-0.000149769,0.000452102,-0.00050822,0,0,0,0,0,0,0,-0.176685,26.6867,-24.6612,7.52262,0.830705,2.49319,0.0587866,-0.183098,2.14318,-3.0624,1.90571,0.18198,0.914729,0.0561256
1732220,1,-2.75261,-1.32534,1.01105,-1.94698,1.10108,1.16771,2.20139,-2.75266,-1.32422,1.00895,-1.94565,1.10136,1.16858,2.20139,0.00111368,0.000919485,5.80924e-05,0.000463209,-9.9846e-05,6.40421e-05,0.00088189,0,0,0,0,0,0,0,-0.22826,26.6629,-24.6612,7.47104,0.830705,2.4996,0.0258276,-0.182882,2.14145,-3.0603,1.90618,0.181971,0.91466,0.0557359
1732221,1,-2.75261,-1.32534,1.01105,-1.94698,1.10108,1.16771,2.20138,-2.75266,-1.32422,1.00895,-1.94565,1.10136,1.16858,2.20139,-0.000463971,-0.00115025,0.000688342,-0.000340808,0.000136887,-0.000194664,-0.00134485,0,0,0,0,0,0,0,-0.176685,26.7383,-24.689,7.49881,0.825212,2.50601,0.0780126,-0.183553,2.14075,-3.05909,1.90612,0.181934,0.914644,0.0553769
1732222,1,-2.7526,-1.32534,1.01105,-1.94698,1.10108,1.16772,2.20139,-2.75266,-1.32422,1.00895,-1.94565,1.10136,1.16858,2.20139,0.000897112,0.000439594,0.000458895,0.000422409,-0.000112193,0.000344942,-0.000184492,0,0,0,0,0,0,0,-0.22826,26.6867,-24.689,7.47104,0.830705,2.49319,0.0587866,-0.185066,2.14195,-3.05951,1.90533,0.181871,0.914698,0.0550454
1732223,1,-2.75261,-1.32534,1.01105,-1.94698,1.10108,1.16771,2.20139,-2.75266,-1.32422,1.00895,-1.94565,1.10136,1.16858,2.20139,-0.000608351,-0.000356551,-0.000900496,0.000281606,-7.47952e-05,-7.39778e-06,-0.00130979,0,0,0,0,0,0,0,-0.176685,26.7144,-24.6374,7.47104,0.830705,2.4996,0.09083,-0.186852,2.14364,-3.06011,1.90418,0.181794,0.914728,0.054761
1732224,1,-2.75261,-1.32534,1.01105,-1.94698,1.10108,1.16772,2.20139,-2.75266,-1.32422,1.00895,-1.94565,1.10136,1.16858,2.20139,-0.000405568,-0.000237701,-0.000600331,0.00130136,0.000153587,0.000232427,0.000313602,0,0,0,0,0,0,0,-0.176685,26.7144,-24.6374,7.42344,0.825212,2.49319,0.0587866,-0.18825,2.14461,-3.05951,1.90285,0.181716,0.914619,0.0545491
1732225,1,-2.75261,-1.32534,1.01105,-1.94698,1.10108,1.16771,2.20138,-2.75266,-1.32422,1.00895,-1.94565,1.10136,1.16858,2.20139,0.000936047,0.000491147,-0.00040022,-0.000895664,0.000102391,-8.24075e-05,-0.000740368,0,0,0,0,0,0,0,-0.22826,26.6867,-24.6374,7.49881,0.825212,2.4996,0.0844213,-0.189387,2.14489,-3.05792,1.90151,0.181645,0.914415,0.0544263
1732226,1,-2.75261,-1.32534,1.01105,-1.94698,1.10108,1.16772,2.20138,-2.75266,-1.32422,1.00895,-1.94565,1.10136,1.16858,2.20139,-0.000582394,-0.000322183,0.000289998,0.000609317,6.82609e-05,-5.49384e-05,-0.000968297,0,0,0,0,0,0,0,-0.176685,26.7144,-24.6612,7.44724,0.825212,2.4996,0.0972387,-0.190402,2.14474,-3.05624,1.90054,0.181598,0.914225,0.0543963
1732227,1,-2.75261,-1.32534,1.01105,-1.94698,1.10108,1.16772,2.20138,-2.75266,-1.32422,1.00895,-1.94565,1.10136,1.16858,2.20139,-0.000388263,-0.000214789,0.000842946,0.000406211,-0.000157943,0.000200733,0.000303905,0,0,0,0,0,0,0,-0.176685,26.7144,-24.689,7.44724,0.830705,2.49319,0.071604,-0.190639,2.14505,-3.05582,1.89995,0.181584,0.914096,0.0544659
1732228,1,-2.75261,-1.32534,1.01105,-1.94698,1.10108,1.16772,2.20139,-2.75266,-1.32422,1.00895,-1.94565,1.10136,1.16858,2.20139,0.000390772,-0.000143192,0.000561964,-0.000286005,0.000301606,-0.000103537,0.0026101,0,0,0,0,0,0,0,-0.204456,26.7144,-24.689,7.47104,0.819719,2.4996,0.00660151,-0.190416,2.14622,-3.0569,1.89946,0.181585,0.914037,0.0546389
1732229,1,-2.75261,-1.32534,1.01105,-1.94698,1.10108,1.16772,2.20139,-2.75266,-1.32422,1.00895,-1.94565,1.10136,1.16858,2.20139,-0.000389099,-9.54616e-05,-0.000274971,-0.00019067,0.00020107,-6.90245e-05,0.000790632,0,0,0,0,0,0,0,-0.176685,26.7144,-24.6612,7.47104,0.819719,2.4996,0.0322363,-0.190086,2.14738,-3.05825,1.89923,0.181606,0.914001,0.0548669
1732230,1,-2.75261,-1.32534,1.01105,-1.94698,1.10108,1.16772,2.20139,-2.75266,-1.32422,1.00895,-1.94565,1.10136,1.16858,2.20139,-0.000259399,-6.3641e-05,0.0004663,0.000429699,-6.94036e-05,-0.000283375,0.000527088,0,0,0,0,0,0,0,-0.176685,26.7144,-24.689,7.44724,0.825212,2.50601,0.0322363,-0.189324,2.1479,-3.05905,1.89932,0.181641,0.913927,0.055066
1732231,1,-2.75261,-1.32534,1.01105,-1.94698,1.10108,1.16771,2.20139,-2.75266,-1.32422,1.00895,-1.94565,1.10136,1.16858,2.20139,0.000476681,-4.24274e-05,-0.00145237,-0.00091996,-4.62691e-05,4.84421e-05,-0.000394593,0,0,0,0,0,0,0,-0.204456,26.7144,-24.6136,7.49881,0.825212,2.4996,0.0523779,-0.188489,2.14766,-3.05882,1.89952,0.18167,0.913799,0.0551856
1732232,1,-2.75261,-1.32534,1.01105,-1.94698,1.10108,1.16772,2.20139,-2.75266,-1.32422,1.00895,-1.94565,1.10136,1.16858,2.20139,0.000317787,-2.82849e-05,-0.000411436,0.000593119,-0.000234297,0.000269654,0.001195,0,0,0,0,0,0,0,-0.204456,26.7144,-24.6374,7.44724,0.830705,2.49319,0.0130102,-0.188437,2.14667,-3.05696,1.89949,0.181669,0.913598,0.0552203
1732233,0.99,-2.75261,-1.32534,1.01105,-1.94698,1.10108,1.16772,2.20139,-2.75266,-1.32422,1.00895,-1.94565,1.10136,1.16858,2.20139,0.00076867,0.000630757,0.000282522,-0.00136783,-0.000359648,-5.75898e-05,-0.000152769,0,0,0,0,0,0,0,-0.22826,26.6867,-24.6612,7.52262,0.836199,2.4996,0.038645,-0.189104,2.14535,-3.05445,1.89927,0.181644,0.913388,0.0551756
1732234,0.99,-2.75261,-1.32534,1.01105,-1.94698,1.10108,1.16772,2.20139,-2.75266,-1.32422,1.00895,-1.94565,1.10136,1.16858,2.20139,-0.000693979,-0.000785921,0.000188348,0.000294543,0.000607945,-3.83932e-05,0.000372872,0,0,0,0,0,0,0,-0.176685,26.7383,-24.6612,7.47104,0.81331,2.4996,0.0258276,-0.189439,2.14429,-3.05282,1.89941,0.181643,0.913249,0.0550499
1732235,0.99,-2.75261,-1.32534,1.01105,-1.94698,1.10108,1.16771,2.20139,-2.75266,-1.32422,1.00895,-1.94565,1.10136,1.16858,2.20139,0.000186961,0.000682479,0.000775179,0.000753174,0.000167938,-2.55955e-05,0.00048594,0,0,0,0,0,0,0,-0.204456,26.6867,-24.689,7.44724,0.819719,2.4996,0.0194189,-0.189307,2.14402,-3.05248,1.8995,0.181639,0.913159,0.0548446
1732236,0.99,-2.75261,-1.32534,1.01105,-1.94698,1.10108,1.16772,2.20138,-2.75266,-1.32422,1.00895,-1.94565,1.10136,1.16858,2.20139,0.000124641,-0.00075144,0.000516786,-0.00070431,-9.1492e-05,0.000220295,-0.00137146,0,0,0,0,0,0,0,-0.204456,26.7383,-24.689,7.49881,0.825212,2.49319,0.0651953,-0.189389,2.1446,-3.0532,1.89914,0.181588,0.91311,0.0545634
1732237,0.99,-2.75261,-1.32534,1.01105,-1.94698,1.10108,1.16771,2.20139,-2.75266,-1.32422,1.00895,-1.94565,1.10136,1.16858,2.20139,-0.00056652,5.58518e-05,0.000344524,-0.00046954,-0.000264445,-0.000565213,0.000781114,0,0,0,0,0,0,0,-0.176685,26.7144,-24.689,7.49881,0.830705,2.51242,0.0194189,-0.189073,2.14551,-3.05456,1.89915,0.181563,0.913105,0.0542247
1732238,0.99,-2.75261,-1.32534,1.01105,-1.94698,1.10108,1.16772,2.20139,-2.75266,-1.32422,1.00895,-1.94565,1.10136,1.16858,2.20139,-0.00037768,-0.00116919,-0.000419931,0.000336587,-0.000583198,0.000335268,-0.00093732,0,0,0,0,0,0,0,-0.176685,26.766,-24.6612,7.47104,0.841692,2.49319,0.0587866,-0.187971,2.14636,-3.05587,1.89966,0.181587,0.91308,0.0538569
1732239,0.99,-2.75261,-1.32534,1.01105,-1.94698,1.10108,1.16771,2.20139,-2.75266,-1.32422,1.00895,-1.94565,1.10136,1.16858,2.20139,0.000954639,0.00107658,0.00036966,0.000781203,0.000425004,-0.000251206,0.00107054,0,0,0,0,0,0,0,-0.22826,26.6867,-24.689,7.44724,0.819719,2.50601,0.0130102,-0.187752,2.14723,-3.05641,1.89946,0.181563,0.912996,0.0534738
1732240,0.99,-2.75261,-1.32534,1.01105,-1.94698,1.10108,1.16771,2.20138,-2.75266,-1.32422,1.00895,-1.94565,1.10136,1.16858,2.20139,7.96142e-05,-0.000488707,-0.000403174,-3.60097e-05,7.98852e-05,-0.000167471,-0.00216852,0,0,0,0,0,0,0,-0.204456,26.7383,-24.6612,7.47104,0.825212,2.50601,0.09083,-0.189219,2.14787,-3.05599,1.89823,0.181451,0.91288,0.0530837
1732241,0.99,-2.75261,-1.32534,1.01105,-1.94698,1.10108,1.16772,2.20139,-2.75266,-1.32422,1.00895,-1.94565,1.10136,1.16858,2.20139,-0.000596538,0.000231008,-0.000268783,0.000532806,0.000256707,0.000363071,-2.15274e-05,0,0,0,0,0,0,0,-0.176685,26.7144,-24.6612,7.44724,0.819719,2.49319,0.0523779,-0.190704,2.14789,-3.05484,1.89699,0.181334,0.912729,0.0527042
1732242,0.99,-2.75261,-1.32534,1.01105,-1.94698,1.10108,1.16772,2.20139,-2.75266,-1.32422,1.00895,-1.94565,1.10136,1.16858,2.20139,-0.000397692,0.000154005,0.000470425,-0.000851222,-0.000439213,-0.00047003,0.000223007,0,0,0,0,0,0,0,-0.176685,26.7144,-24.689,7.49881,0.836199,2.51242,0.0459692,-0.190499,2.14706,-3.05355,1.89673,0.181296,0.912563,0.0523743
1732243,0.99,-2.75261,-1.32534,1.01105,-1.94698,1.10108,1.16772,2.20139,-2.75266,-1.32422,1.00895,-1.94565,1.10136,1.16858,2.20139,0.000384486,0.00010267,-0.000892809,-0.000567481,-8.93584e-05,0.000161365,0.000148672,0,0,0,0,0,0,0,-0.204456,26.7144,-24.6374,7.49881,0.830705,2.4996,0.0459692,-0.188965,2.14544,-3.05224,1.89758,0.181347,0.912421,0.0521098
1732244,0.99,-2.75261,-1.32534,1.01105,-1.94698,1.10108,1.16771,2.20138,-2.75266,-1.32422,1.00895,-1.94565,1.10136,1.16858,2.20139,-0.000950102,-0.000488365,-0.000595206,-0.000378321,0.000143878,-0.000367141,-0.00132504,0,0,0,0,0,0,0,-0.152882,26.7383,-24.6374,7.49881,0.825212,2.51242,0.0844213,-0.187117,2.14343,-3.05039,1.89891,0.181449,0.912278,0.0518912
1732245,0.99,-2.75261,-1.32534,1.01105,-1.94698,1.10108,1.16772,2.20138,-2.75266,-1.32422,1.00895,-1.94565,1.10136,1.16858,2.20139,-7.65893e-05,0.000231235,-0.000396804,0.000954212,9.59188e-05,0.000229957,-0.000408642,0,0,0,0,0,0,0,-0.176685,26.7144,-24.6374,7.44724,0.825212,2.4996,0.071604,-0.185334,2.14155,-3.04822,1.9,0.181543,0.912109,0.051719
1732246,0.99,-2.75261,-1.32534,1.01105,-1.94698,1.10108,1.16772,2.20139,-2.75266,-1.32422,1.00895,-1.94565,1.10136,1.16858,2.20139,-0.000607871,0.00136058,-0.000264536,0.000636141,6.39459e-05,0.000153305,0.000439649,0,0,0,0,0,0,0,-0.152882,26.6629,-24.6374,7.44724,0.825212,2.4996,0.0523779,-0.183904,2.13955,-3.04579,1.90043,0.181571,0.911915,0.0516182
1732247,0.99,-2.75261,-1.32534,1.01105,-1.94698,1.10108,1.16772,2.20138,-2.75266,-1.32422,1.00895,-1.94565,1.10136,1.16858,2.20139,0.000151564,-0.000299371,0.00103007,-0.000132718,4.26306e-05,0.000339562,-0.000656336,0,0,0,0,0,0,0,-0.176685,26.7144,-24.689,7.47104,0.825212,2.49319,0.0780126,-0.182721,2.13755,-3.04377,1.90052,0.18155,0.911757,0.0515963
1732248,0.99,-2.75261,-1.32534,1.01105,-1.94698,1.10108,1.16772,2.20138,-2.75266,-1.32422,1.00895,-1.94565,1.10136,1.16858,2.20139,-0.000455769,0.00100685,-0.00107653,0.000468333,-0.00017503,-1.09842e-05,-0.00209907,0,0,0,0,0,0,0,-0.152882,26.6629,-24.6136,7.44724,0.830705,2.4996,0.122873,-0.181775,2.13612,-3.0426,1.90049,0.181521,0.91167,0.051641
1732249,0.99,-2.75261,-1.32534,1.01105,-1.94698,1.10108,1.16772,2.20139,-2.75266,-1.32422,1.00895,-1.94565,1.10136,1.16858,2.20139,0.000252966,-0.000535196,0.00039594,-0.00145102,-0.000116687,-7.32283e-06,0.00121157,0,0,0,0,0,0,0,-0.176685,26.7144,-24.6612,7.52262,0.830705,2.4996,0.0523779,-0.180874,2.1348,-3.04145,1.90068,0.181521,0.911602,0.051772
1732250,0.99,-2.75261,-1.32534,1.01105,-1.94698,1.10108,1.16772,2.20139,-2.75266,-1.32422,1.00895,-1.94565,1.10136,1.16858,2.20139,0.000818258,-0.000356797,0.00026396,0.000239082,0.00032911,0.000232477,-0.000379083,0,0,0,0,0,0,0,-0.204456,26.7144,-24.6612,7.47104,0.819719,2.49319,0.0844213,-0.180823,2.13464,-3.04107,1.90074,0.181538,0.91161,0.0520095
1732251,0.99,-2.75261,-1.32534,1.01105,-1.94698,1.10108,1.16772,2.20139,-2.75266,-1.32422,1.00895,-1.94565,1.10136,1.16858,2.20139,-0.000660921,-0.000794677,0.000175973,0.0007162,0.000219407,0.000392344,0.000459355,0,0,0,0,0,0,0,-0.152882,26.7383,-24.6612,7.44724,0.819719,2.48678,0.0651953,-0.182433,2.13664,-3.04202,1.89971,0.181495,0.911685,0.0523285
1732252,0.99,-2.75261,-1.32534,1.01105,-1.94698,1.10108,1.16772,2.20139,-2.75266,-1.32422,1.00895,-1.94565,1.10136,1.16858,2.20139,0.000765812,0.000676641,-0.000439496,-7.93452e-05,-0.00026063,-0.000450514,0.00152694,0,0,0,0,0,0,0,-0.204456,26.6867,-24.6374,7.47104,0.830705,2.50601,0.0322363,-0.184624,2.13915,-3.043,1.89798,0.181395,0.911714,0.0527008
1732253,0.99,-2.75261,-1.32534,1.01105,-1.94698,1.10108,1.16772,2.20139,-2.75266,-1.32422,1.00895,-1.94565,1.10136,1.16858,2.20139,0.000510541,-0.00019852,-0.000849809,-5.28968e-05,2.96972e-05,-6.2984e-05,0.000271975,0,0,0,0,0,0,0,-0.204456,26.7144,-24.6136,7.47104,0.825212,2.4996,0.0523779,-0.187007,2.14061,-3.04266,1.89626,0.181276,0.91166,0.0530916
1732254,0.99,-2.75261,-1.32534,1.01105,-1.94698,1.10108,1.16772,2.20139,-2.75266,-1.32422,1.00895,-1.94565,1.10136,1.16858,2.20139,0.000340361,-0.000132346,0.000547084,0.000521547,-0.000183652,0.00019537,-5.60425e-05,0,0,0,0,0,0,0,-0.204456,26.7144,-24.6612,7.44724,0.830705,2.49319,0.0587866,-0.189809,2.14162,-3.04158,1.89443,0.18114,0.911569,0.0534514
1732255,0.99,-2.75261,-1.32534,1.01105,-1.94698,1.10108,1.16772,2.20138,-2.75266,-1.32422,1.00895,-1.94565,1.10136,1.16858,2.20139,-0.000979519,-8.8231e-05,0.000364723,0.000347698,-0.000529336,-0.000107113,-0.00051208,0,0,0,0,0,0,0,-0.152882,26.7144,-24.6612,7.44724,0.841692,2.4996,0.071604,-0.191823,2.14293,-3.04134,1.89282,0.181027,0.911501,0.0537622
1732256,0.99,-2.75261,-1.32534,1.01105,-1.94698,1.10108,1.16772,2.20139,-2.75266,-1.32422,1.00895,-1.94565,1.10136,1.16858,2.20139,-9.62004e-05,-0.000615633,-0.000313663,-0.000325013,5.40104e-05,-7.14084e-05,0.000879317,0,0,0,0,0,0,0,-0.176685,26.7383,-24.6374,7.47104,0.830705,2.4996,0.038645,-0.191951,2.14405,-3.04186,1.89208,0.181003,0.911441,0.0540366
1732257,0.99,-2.75261,-1.32534,1.01105,-1.94698,1.10108,1.16772,2.20139,-2.75266,-1.32422,1.00895,-1.94565,1.10136,1.16858,2.20139,-6.41336e-05,-0.000410422,-0.000209109,-0.000866289,0.000239457,-4.76056e-05,7.75849e-05,0,0,0,0,0,0,0,-0.176685,26.7383,-24.6374,7.49881,0.825212,2.4996,0.0523779,-0.19093,2.14479,-3.04228,1.8922,0.181076,0.911374,0.0542805
1732258,0.99,-2.75261,-1.32534,1.01105,-1.94698,1.10108,1.16771,2.20139,-2.75266,-1.32422,1.00895,-1.94565,1.10136,1.16858,2.20139,-4.27558e-05,-0.000273614,-0.000696218,0.00118571,-4.38122e-05,-3.1737e-05,0.000797708,0,0,0,0,0,0,0,-0.176685,26.7383,-24.6136,7.42344,0.830705,2.4996,0.0322363,-0.19007,2.14531,-3.04208,1.89234,0.18117,0.911282,0.0544817
1732259,0.99,-2.75261,-1.32534,1.01105,-1.94698,1.10108,1.16772,2.20139,-2.75266,-1.32422,1.00895,-1.94565,1.10136,1.16858,2.20139,-2.85038e-05,0.000374402,9.26667e-05,0.000790474,0.000377693,0.000216201,0.000294447,0,0,0,0,0,0,0,-0.176685,26.7144,-24.6374,7.42344,0.819719,2.49319,0.038645,-0.190102,2.14569,-3.04113,1.89164,0.181192,0.911133,0.054625
1732260,0.99,-2.75261,-1.32534,1.01104,-1.94698,1.10108,1.16772,2.20139,-2.75266,-1.32422,1.00895,-1.94565,1.10136,1.16858,2.20139,0.000630611,0.000249602,-0.00114465,-0.00123625,0.000251795,-9.3225e-05,0.000433657,0,0,0,0,0,0,0,-0.204456,26.7144,-24.5858,7.49881,0.819719,2.4996,0.0322363,-0.190526,2.14534,-3.03931,1.8907,0.181176,0.910948,0.0547011
1732261,0.99,-2.75261,-1.32534,1.01104,-1.94698,1.10108,1.16772,2.20139,-2.75266,-1.32422,1.00895,-1.94565,1.10136,1.16858,2.20139,-0.000229206,0.000816015,-0.000763099,-0.000174556,-0.000239038,-6.215e-05,0.000763822,0,0,0,0,0,0,0,-0.176685,26.6867,-24.5858,7.47104,0.830705,2.4996,0.0194189,-0.190187,2.14334,-3.03622,1.89075,0.181213,0.910736,0.0547052
1732262,0.99,-2.75261,-1.32534,1.01105,-1.94698,1.10108,1.16772,2.20139,-2.75266,-1.32422,1.00895,-1.94565,1.10136,1.16858,2.20139,0.00049681,-0.000662416,0.00125451,-0.000765985,-0.000159358,0.000195926,-0.000474129,0,0,0,0,0,0,0,-0.204456,26.7383,-24.6612,7.49881,0.830705,2.49319,0.0459692,-0.189136,2.14104,-3.03339,1.89156,0.181296,0.91057,0.0546292
1732263,0.99,-2.75261,-1.32534,1.01104,-1.94698,1.10108,1.16772,2.20139,-2.75266,-1.32422,1.00895,-1.94565,1.10136,1.16858,2.20139,-0.000875219,-0.000441611,-0.000926901,0.000138958,9.72116e-05,0.000130617,0.000429899,0,0,0,0,0,0,0,-0.152882,26.7383,-24.5858,7.47104,0.825212,2.49319,0.0258276,-0.187955,2.14032,-3.03243,1.89237,0.181389,0.91051,0.0544703
1732264,0.99,-2.75261,-1.32534,1.01105,-1.94698,1.10108,1.16772,2.20139,-2.75266,-1.32422,1.00895,-1.94565,1.10136,1.16858,2.20139,-2.66677e-05,0.000262405,0.000588492,9.26384e-05,-0.000342093,8.7078e-05,-0.000696745,0,0,0,0,0,0,0,-0.176685,26.7144,-24.6374,7.47104,0.836199,2.49319,0.0523779,-0.186489,2.14042,-3.03221,1.89306,0.181481,0.910457,0.0542421
1732265,0.99,-2.75261,-1.32534,1.01105,-1.94698,1.10108,1.16772,2.20139,-2.75266,-1.32422,1.00895,-1.94565,1.10136,1.16858,2.20139,0.000631836,-0.000381875,-0.000164484,-0.00114467,0.000178839,-0.000179307,0.000518848,0,0,0,0,0,0,0,-0.204456,26.7383,-24.6136,7.52262,0.825212,2.4996,0.0258276,-0.185219,2.14069,-3.03212,1.89363,0.181561,0.910409,0.053965
1732266,0.99,-2.75261,-1.32534,1.01105,-1.94698,1.10108,1.16772,2.20139,-2.75266,-1.32422,1.00895,-1.94565,1.10136,1.16858,2.20139,-0.00022839,0.000302228,-0.000109656,0.00100013,0.000322676,-0.000356897,-0.000128819,0,0,0,0,0,0,0,-0.176685,26.7144,-24.6136,7.44724,0.819719,2.50601,0.038645,-0.184866,2.14129,-3.03203,1.89385,0.181606,0.910379,0.0536556
1732267,0.99,-2.75261,-1.32534,1.01105,-1.94698,1.10108,1.16771,2.20139,-2.75266,-1.32422,1.00895,-1.94565,1.10136,1.16858,2.20139,-0.000709072,-0.000355326,0.000483708,0.000666751,-0.000191783,-0.00047529,-0.000831865,0,0,0,0,0,0,0,-0.152882,26.7383,-24.6374,7.44724,0.830705,2.51242,0.0587866,-0.184889,2.14211,-3.03188,1.89348,0.181594,0.910326,0.0533199
1732268,0.99,-2.75261,-1.32534,1.01105,-1.94698,1.10108,1.16772,2.20138,-2.75266,-1.32422,1.00895,-1.94565,1.10136,1.16858,2.20139,-0.000472715,-0.000236884,-0.00023434,-0.000761925,-0.000331306,-7.95012e-05,-0.000791936,0,0,0,0,0,0,0,-0.152882,26.7383,-24.6136,7.49881,0.836199,2.50601,0.0651953,-0.184176,2.14302,-3.03205,1.89321,0.181588,0.910276,0.0529735
1732269,0.99,-2.75261,-1.32534,1.01105,-1.94698,1.10108,1.16772,2.20139,-2.75266,-1.32422,1.00895,-1.94565,1.10136,1.16858,2.20139,0.00144809,0.000398889,0.000400585,-0.00050795,0.00018603,0.000659076,-0.000290598,0,0,0,0,0,0,0,-0.22826,26.7144,-24.6374,7.49881,0.825212,2.48678,0.0587866,-0.183335,2.14373,-3.03209,1.89337,0.181619,0.910271,0.0526504
1732270,0.99,-2.75261,-1.32534,1.01105,-1.94698,1.10108,1.16772,2.20139,-2.75266,-1.32422,1.00895,-1.94565,1.10136,1.16858,2.20139,-0.000241029,0.00091554,0.000267057,0.000867792,-7.94303e-05,0.000202025,0.000789612,0,0,0,0,0,0,0,-0.176685,26.6867,-24.6374,7.44724,0.830705,2.49319,0.0322363,-0.18369,2.1441,-3.03159,1.8932,0.18161,0.910289,0.0523776
1732271,0.99,-2.75261,-1.32534,1.01105,-1.94698,1.10108,1.16771,2.20139,-2.75266,-1.32422,1.00895,-1.94565,1.10136,1.16858,2.20139,0.000488928,-3.92539e-05,0.00073485,2.17164e-05,0.000150497,-0.000102676,1.77818e-05,0,0,0,0,0,0,0,-0.204456,26.7144,-24.6612,7.47104,0.825212,2.4996,0.0459692,-0.184714,2.14433,-3.03099,1.89251,0.181548,0.910299,0.0521538
1732272,0.99,-2.75261,-1.32534,1.01105,-1.94698,1.10108,1.16771,2.20138,-2.75266,-1.32422,1.00895,-1.94565,1.10136,1.16858,2.20139,-0.000323662,-0.000582981,0.0004899,0.0011281,0.000100331,-0.000305809,-0.0014123,0,0,0,0,0,0,0,-0.176685,26.7383,-24.6612,7.42344,0.825212,2.50601,0.0844213,-0.186079,2.14544,-3.03119,1.89133,0.181458,0.910325,0.0519561
1732273,0.99,-2.75261,-1.32534,1.01105,-1.94698,1.10108,1.16772,2.20139,-2.75266,-1.32422,1.00895,-1.94565,1.10136,1.16858,2.20139,0.000433839,-0.000388654,-0.000787024,0.000752068,0.000270338,3.34861e-05,-0.00117889,0,0,0,0,0,0,0,-0.204456,26.7383,-24.6136,7.42344,0.819719,2.4996,0.09083,-0.188232,2.14764,-3.03169,1.88932,0.181325,0.910337,0.0517854
1732274,0.99,-2.75261,-1.32534,1.01105,-1.94698,1.10108,1.16772,2.20138,-2.75266,-1.32422,1.00895,-1.94565,1.10136,1.16858,2.20139,-0.000360388,0.000297709,0.000588941,-0.000612245,-0.000430126,2.2324e-05,-0.00031121,0,0,0,0,0,0,0,-0.176685,26.7144,-24.6612,7.47104,0.836199,2.4996,0.0780126,-0.190191,2.14948,-3.03149,1.88739,0.181206,0.910296,0.0516836
1732275,0.99,-2.75261,-1.32534,1.01104,-1.94698,1.10108,1.16772,2.20139,-2.75266,-1.32422,1.00895,-1.94565,1.10136,1.16858,2.20139,-0.000797071,0.000198473,-0.000720996,-0.00105778,-8.33003e-05,-0.000222476,0.000267245,0,0,0,0,0,0,0,-0.152882,26.7144,-24.6136,7.49881,0.830705,2.50601,0.0651953,-0.189623,2.14942,-3.0306,1.88737,0.181235,0.910231,0.0516898
1732276,0.99,-2.75261,-1.32534,1.01104,-1.94698,1.10108,1.16772,2.20138,-2.75266,-1.32422,1.00895,-1.94565,1.10136,1.16858,2.20139,0.00123186,-0.000424497,-0.000480664,-0.001262,0.000147917,8.90414e-05,-0.000533914,0,0,0,0,0,0,0,-0.22826,26.7383,-24.6136,7.52262,0.825212,2.4996,0.0844213,-0.187232,2.14779,-3.02894,1.88905,0.1814,0.910156,0.0517999
1732277,0.99,-2.75261,-1.32534,1.01104,-1.94698,1.10108,1.16772,2.20138,-2.75266,-1.32422,1.00895,-1.94565,1.10136,1.16858,2.20139,-0.000942,0.000273814,0.000236369,-0.000284519,9.86113e-05,0.00029672,-0.000355943,0,0,0,0,0,0,0,-0.152882,26.7144,-24.6374,7.49881,0.825212,2.49319,0.0844213,-0.185138,2.14606,-3.02697,1.89096,0.181588,0.910098,0.0519937
1732278,0.99,-2.75261,-1.32534,1.01105,-1.94698,1.10108,1.16772,2.20138,-2.75266,-1.32422,1.00895,-1.94565,1.10136,1.16858,2.20139,-7.11877e-05,-0.000374269,0.000157579,0.000459934,6.57409e-05,-0.000276905,-0.000949372,0,0,0,0,0,0,0,-0.176685,26.7383,-24.6374,7.47104,0.825212,2.50601,0.103647,-0.183127,2.14485,-3.02565,1.89259,0.181744,0.91006,0.0522668
1732279,0.99,-2.75261,-1.32534,1.01105,-1.94697,1.10108,1.16772,2.20139,-2.75266,-1.32422,1.00895,-1.94565,1.10136,1.16858,2.20139,-0.00060427,-0.000899127,0.000105053,0.00197706,0.000484637,0.000290115,0.000791239,0,0,0,0,0,0,0,-0.152882,26.766,-24.6374,7.39963,0.81331,2.49319,0.0651953,-0.182161,2.14519,-3.02529,1.8928,0.181784,0.910017,0.0526227
1732280,0.99,-2.75261,-1.32534,1.01105,-1.94698,1.10108,1.16772,2.20138,-2.75266,-1.32422,1.00895,-1.94565,1.10136,1.16858,2.20139,0.000803579,5.01961e-05,7.00353e-05,0.000761227,-0.000117718,-4.39491e-05,0.000290134,0,0,0,0,0,0,0,-0.204456,26.7383,-24.6374,7.42344,0.825212,2.4996,0.071604,-0.183565,2.14741,-3.0255,1.89086,0.181649,0.909964,0.0530547
1732281,0.99,-2.75261,-1.32534,1.01105,-1.94698,1.10108,1.16772,2.20138,-2.75266,-1.32422,1.00895,-1.94565,1.10136,1.16858,2.20139,0.00164934,0.00123989,4.66902e-05,-0.00125575,-0.000281929,0.000445419,-0.000756013,0,0,0,0,0,0,0,-0.252064,26.6867,-24.6374,7.49881,0.830705,2.48678,0.0972387,-0.186644,2.14949,-3.02515,1.88824,0.18143,0.909923,0.05354
1732282,0.99,-2.75261,-1.32534,1.01105,-1.94698,1.10108,1.16772,2.20138,-2.75266,-1.32422,1.00895,-1.94565,1.10136,1.16858,2.20139,-1.40618e-05,-0.000379833,0.000587939,0.000369257,1.54976e-05,5.95867e-05,-2.92909e-05,0,0,0,0,0,0,0,-0.204456,26.7383,-24.6612,7.44724,0.825212,2.49319,0.0844213,-0.189829,2.15035,-3.02423,1.88639,0.181242,0.909921,0.0540636
1732283,0.99,-2.75261,-1.32534,1.01104,-1.94698,1.10108,1.16771,2.20138,-2.75266,-1.32422,1.00895,-1.94565,1.10136,1.16858,2.20139,-0.000658988,-0.000253222,-0.000164853,0.000246171,-0.000193119,-0.000434993,-1.95273e-05,0,0,0,0,0,0,0,-0.176685,26.7383,-24.6374,7.44724,0.830705,2.50601,0.0844213,-0.191689,2.15097,-3.02379,1.88538,0.181124,0.909921,0.0546271
1732284,0.99,-2.75261,-1.32534,1.01104,-1.94698,1.10108,1.16772,2.20139,-2.75266,-1.32422,1.00895,-1.94565,1.10136,1.16858,2.20139,0.000210288,-0.000168814,-0.000666714,-0.000392698,-0.000332196,0.000184722,0.000936418,0,0,0,0,0,0,0,-0.204456,26.7383,-24.6136,7.47104,0.836199,2.49319,0.0587866,-0.191938,2.15129,-3.02335,1.88508,0.181085,0.909861,0.0552255
1732285,0.99,-2.75261,-1.32534,1.01105,-1.94698,1.10108,1.16772,2.20138,-2.75266,-1.32422,1.00895,-1.94565,1.10136,1.16858,2.20139,-0.000509422,0.000444269,0.000669148,0.000295014,0.000388887,-0.000114211,-0.000325157,0,0,0,0,0,0,0,-0.176685,26.7144,-24.6612,7.44724,0.819719,2.4996,0.0844213,-0.191104,2.15085,-3.02247,1.88541,0.181109,0.909752,0.0558394
1732286,0.99,-2.75261,-1.32534,1.01105,-1.94698,1.10108,1.16771,2.20139,-2.75266,-1.32422,1.00895,-1.94565,1.10136,1.16858,2.20139,0.000309999,0.000296179,-0.000110713,0.000196676,5.58077e-05,-0.000313499,0.000732664,0,0,0,0,0,0,0,-0.204456,26.7144,-24.6374,7.44724,0.825212,2.50601,0.0587866,-0.189809,2.15002,-3.0217,1.88596,0.181148,0.909647,0.0564467
1732287,0.99,-2.75261,-1.32534,1.01105,-1.94698,1.10108,1.16772,2.20138,-2.75266,-1.32422,1.00895,-1.94565,1.10136,1.16858,2.20139,-0.000442948,-0.000359359,-7.38088e-05,-0.000425695,-0.000573146,0.000265718,-0.000460993,0,0,0,0,0,0,0,-0.176685,26.7383,-24.6374,7.47104,0.841692,2.49319,0.0844213,-0.188493,2.14916,-3.02105,1.8865,0.18119,0.909553,0.0570317
1732288,0.99,-2.75261,-1.32534,1.01105,-1.94698,1.10108,1.16772,2.20139,-2.75266,-1.32422,1.00895,-1.94565,1.10136,1.16858,2.20139,-0.000295298,0.000317239,-4.92059e-05,-0.00093341,0.000431704,-6.02134e-05,0.00111682,0,0,0,0,0,0,0,-0.176685,26.7144,-24.6374,7.49881,0.819719,2.4996,0.0459692,-0.186529,2.1481,-3.02037,1.8876,0.181295,0.909466,0.0575868
1732289,0.99,-2.75261,-1.32534,1.01105,-1.94698,1.10108,1.16771,2.20139,-2.75266,-1.32422,1.00895,-1.94565,1.10136,1.16858,2.20139,-0.000196866,-0.000345319,-0.000589616,2.73403e-05,0.000525162,-4.01423e-05,0.00074455,0,0,0,0,0,0,0,-0.176685,26.7383,-24.6136,7.47104,0.81331,2.4996,0.0459692,-0.183944,2.14668,-3.01951,1.88923,0.181451,0.909373,0.0581041
1732290,0.99,-2.75261,-1.32534,1.01105,-1.94698,1.10108,1.16772,2.20139,-2.75266,-1.32422,1.00895,-1.94565,1.10136,1.16858,2.20139,0.00051837,-0.000879827,0.000163735,1.82269e-05,-0.000294152,-2.67615e-05,0.000496367,0,0,0,0,0,0,0,-0.204456,26.766,-24.6374,7.47104,0.830705,2.4996,0.0459692,-0.18261,2.14618,-3.01871,1.89006,0.181549,0.909288,0.0585551
1732291,0.99,-2.75261,-1.32534,1.01104,-1.94698,1.10108,1.16772,2.20138,-2.75266,-1.32422,1.00895,-1.94565,1.10136,1.16858,2.20139,0.00034558,0.000619875,0.000109156,1.21512e-05,-0.000196101,-0.0002552,-0.000855884,0,0,0,0,0,0,0,-0.204456,26.7144,-24.6374,7.47104,0.830705,2.50601,0.0780126,-0.183221,2.14709,-3.01842,1.88969,0.181547,0.909251,0.0589151
1732292,0.99,-2.75261,-1.32534,1.01105,-1.94698,1.10108,1.16772,2.20139,-2.75266,-1.32422,1.00895,-1.94565,1.10136,1.16858,2.20139,-0.000419227,0.00106286,7.2771e-05,8.10082e-06,-0.000334185,6.72256e-05,0.000887473,0,0,0,0,0,0,0,-0.176685,26.6867,-24.6374,7.47104,0.836199,2.4996,0.038645,-0.183897,2.14737,-3.01795,1.88933,0.181514,0.909226,0.0591956
1732293,0.99,-2.75261,-1.32534,1.01104,-1.94698,1.10108,1.16772,2.20139,-2.75266,-1.32422,1.00895,-1.94565,1.10136,1.16858,2.20139,-0.000279485,5.89619e-05,-0.000508298,0.000562213,0.000184111,0.000519535,0.000829008,0,0,0,0,0,0,0,-0.176685,26.7144,-24.6136,7.44724,0.825212,2.48678,0.0322363,-0.183432,2.14614,-3.01669,1.88952,0.181502,0.909145,0.0594142
1732294,0.99,-2.75261,-1.32534,1.01105,-1.94698,1.10108,1.16771,2.20139,-2.75266,-1.32422,1.00895,-1.94565,1.10136,1.16858,2.20139,0.000463291,3.93079e-05,-0.000338865,0.000374808,0.000326191,-0.000128361,0.000790031,0,0,0,0,0,0,0,-0.204456,26.7144,-24.6136,7.44724,0.819719,2.4996,0.0258276,-0.183241,2.14487,-3.01497,1.88931,0.181469,0.909013,0.0595569
1732295,0.99,-2.75261,-1.32534,1.01105,-1.94698,1.10108,1.16771,2.20139,-2.75266,-1.32422,1.00895,-1.94565,1.10136,1.16858,2.20139,0.00030886,2.62053e-05,0.000887714,-0.00151337,-0.000392891,-0.000797651,0.000289328,0,0,0,0,0,0,0,-0.204456,26.7144,-24.6612,7.52262,0.836199,2.51882,0.0322363,-0.183883,2.1445,-3.01384,1.88878,0.181427,0.908939,0.0596023
1732296,0.99,-2.75261,-1.32534,1.01105,-1.94698,1.10108,1.16771,2.20139,-2.75266,-1.32422,1.00895,-1.94565,1.10136,1.16858,2.20139,-0.000443707,0.0012239,0.000591809,-0.000452098,-5.84766e-05,0.00018031,0.000430244,0,0,0,0,0,0,0,-0.176685,26.6629,-24.6612,7.49881,0.830705,2.4996,0.0258276,-0.183522,2.14413,-3.01392,1.88939,0.181473,0.908992,0.0595457
1732297,0.99,-2.75261,-1.32534,1.01105,-1.94698,1.10108,1.16771,2.20139,-2.75266,-1.32422,1.00895,-1.94565,1.10136,1.16858,2.20139,0.000353809,-0.000390495,0.000394539,0.000348215,0.000164466,0.000120206,-0.000696515,0,0,0,0,0,0,0,-0.204456,26.7144,-24.6612,7.47104,0.825212,2.4996,0.0523779,-0.182216,2.14347,-3.01465,1.89066,0.181565,0.909101,0.059386
1732298,0.99,-2.75261,-1.32534,1.01104,-1.94698,1.10108,1.16772,2.20139,-2.75266,-1.32422,1.00895,-1.94565,1.10136,1.16858,2.20139,-0.000413741,-0.00026033,-0.00150021,-0.000974283,-9.38064e-05,0.000317496,0.00075636,0,0,0,0,0,0,0,-0.176685,26.7144,-24.5858,7.52262,0.830705,2.49319,0.0194189,-0.181474,2.14312,-3.01496,1.89144,0.181635,0.909167,0.0591323
1732299,0.99,-2.75261,-1.32534,1.01105,-1.94698,1.10108,1.16771,2.20139,-2.75266,-1.32422,1.00895,-1.94565,1.10136,1.16858,2.20139,-0.000275827,-0.000173553,0.000763097,0.00111372,0.000140913,-2.56946e-05,-0.000207837,0,0,0,0,0,0,0,-0.176685,26.7144,-24.6612,7.44724,0.825212,2.4996,0.038645,-0.181138,2.14303,-3.01455,1.8918,0.181693,0.909157,0.0588053
1732300,0.99,-2.75261,-1.32534,1.01105,-1.94698,1.10108,1.16772,2.20139,-2.75266,-1.32422,1.00895,-1.94565,1.10136,1.16858,2.20139,0.000465729,-0.000672514,-4.80808e-05,0.000742477,-0.000312959,-0.000254489,-0.000647184,0,0,0,0,0,0,0,-0.204456,26.7383,-24.6374,7.44724,0.836199,2.50601,0.0523779,-0.181978,2.14414,-3.01465,1.89105,0.181672,0.909145,0.0584162
1732301,0.99,-2.75261,-1.32534,1.01105,-1.94698,1.10108,1.16771,2.20139,-2.75266,-1.32422,1.00895,-1.94565,1.10136,1.16858,2.20139,0.000867298,-0.000448343,0.000524758,0.000494985,0.000198262,-0.000169659,-0.000431456,0,0,0,0,0,0,0,-0.22826,26.7383,-24.6612,7.44724,0.825212,2.50601,0.0523779,-0.185187,2.14717,-3.01573,1.88864,0.181533,0.909198,0.0579837
1732302,0.99,-2.75261,-1.32534,1.01105,-1.94698,1.10108,1.16771,2.20138,-2.75266,-1.32422,1.00895,-1.94565,1.10136,1.16858,2.20139,2.13867e-05,0.000257917,0.000349839,-0.000226822,-7.12761e-05,0.000124253,-0.000762355,0,0,0,0,0,0,0,-0.204456,26.7144,-24.6612,7.47104,0.830705,2.4996,0.0651953,-0.189305,2.15067,-3.01715,1.88587,0.181369,0.909305,0.0575451
1732303,0.99,-2.75261,-1.32534,1.01104,-1.94698,1.10108,1.16772,2.20139,-2.75266,-1.32422,1.00895,-1.94565,1.10136,1.16858,2.20139,-0.000635356,0.000171944,-0.000880398,0.000405597,-4.75174e-05,-0.000154524,0.000475107,0,0,0,0,0,0,0,-0.176685,26.7144,-24.6136,7.44724,0.830705,2.50601,0.038645,-0.191743,2.15251,-3.01783,1.88425,0.181287,0.909378,0.0571342
1732304,0.99,-2.75261,-1.32534,1.01105,-1.94698,1.10108,1.16772,2.20139,-2.75266,-1.32422,1.00895,-1.94565,1.10136,1.16858,2.20139,-0.000423571,0.000764244,-3.01201e-05,-0.000286414,0.000171772,0.000134343,-0.000429247,0,0,0,0,0,0,0,-0.176685,26.6867,-24.6374,7.47104,0.825212,2.4996,0.0587866,-0.191577,2.1518,-3.01698,1.8842,0.181315,0.909342,0.056766
1732305,0.99,-2.75261,-1.32534,1.01105,-1.94698,1.10108,1.16772,2.20139,-2.75266,-1.32422,1.00895,-1.94565,1.10136,1.16858,2.20139,0.000367233,-0.00069693,-2.00801e-05,-0.000190943,0.000114515,8.95621e-05,-4.88057e-05,0,0,0,0,0,0,0,-0.204456,26.7383,-24.6374,7.47104,0.825212,2.4996,0.0523779,-0.19022,2.15003,-3.01561,1.88497,0.181404,0.909282,0.0564369
1732306,0.99,-2.75261,-1.32534,1.01105,-1.94698,1.10108,1.16772,2.20139,-2.75266,-1.32422,1.00895,-1.94565,1.10136,1.16858,2.20139,-0.000404792,9.21918e-05,-1.33867e-05,0.000986329,0.000279794,-0.000177651,-0.000269896,0,0,0,0,0,0,0,-0.176685,26.7144,-24.6374,7.42344,0.819719,2.50601,0.0587866,-0.189513,2.14914,-3.01483,1.88533,0.18147,0.909267,0.056143
1732307,0.99,-2.75261,-1.32534,1.01105,-1.94698,1.10108,1.16772,2.20139,-2.75266,-1.32422,1.00895,-1.94565,1.10136,1.16858,2.20139,-0.000269861,-0.00114496,-8.92447e-06,0.000100741,0.000186529,0.000356284,0.000803413,0,0,0,0,0,0,0,-0.176685,26.766,-24.6374,7.44724,0.819719,2.49319,0.0322363,-0.189566,2.14946,-3.01474,1.88491,0.181481,0.909274,0.0558857
1732308,0.99,-2.75261,-1.32534,1.01105,-1.94698,1.10108,1.16772,2.20138,-2.75266,-1.32422,1.00895,-1.94565,1.10136,1.16858,2.20139,0.000469707,0.000443116,0.000550862,-0.000489652,-0.000282548,1.63701e-07,-0.000922453,0,0,0,0,0,0,0,-0.204456,26.7144,-24.6612,7.47104,0.830705,2.4996,0.071604,-0.189802,2.15049,-3.01529,1.88436,0.18148,0.90932,0.0556582
1732309,0.99,-2.75261,-1.32534,1.01105,-1.94698,1.10108,1.16771,2.20139,-2.75266,-1.32422,1.00895,-1.94565,1.10136,1.16858,2.20139,-0.000336476,-0.000261401,0.000367242,-0.000976048,-0.000188366,1.09134e-07,-0.000140251,0,0,0,0,0,0,0,-0.176685,26.7383,-24.6612,7.49881,0.830705,2.4996,0.0587866,-0.189515,2.15127,-3.01626,1.88454,0.181519,0.909428,0.0554562
1732310,0.99,-2.75261,-1.32534,1.01105,-1.94698,1.10108,1.16772,2.20139,-2.75266,-1.32422,1.00895,-1.94565,1.10136,1.16858,2.20139,0.000425296,-0.000174267,0.000244828,-1.08492e-06,7.78735e-05,0.000237432,-9.35006e-05,0,0,0,0,0,0,0,-0.204456,26.7383,-24.6612,7.47104,0.825212,2.49319,0.0587866,-0.188647,2.15162,-3.01739,1.8854,0.181597,0.909562,0.0552889
1732311,0.99,-2.75261,-1.32534,1.01105,-1.94698,1.10108,1.16772,2.20139,-2.75266,-1.32422,1.00895,-1.94565,1.10136,1.16858,2.20139,-0.000366083,-0.000765792,0.000812832,0.000556089,0.000255366,0.000158288,-6.23337e-05,0,0,0,0,0,0,0,-0.176685,26.766,-24.689,7.44724,0.819719,2.49319,0.0587866,-0.188375,2.15265,-3.01888,1.88574,0.181636,0.909693,0.0551604
1732312,0.99,-2.75261,-1.32534,1.01105,-1.94698,1.10108,1.16771,2.20138,-2.75266,-1.32422,1.00895,-1.94565,1.10136,1.16858,2.20139,-0.000244055,0.000695898,0.0010987,0.000370726,-3.32064e-05,-0.000131834,-0.000753633,0,0,0,0,0,0,0,-0.176685,26.7144,-24.7128,7.44724,0.825212,2.4996,0.0780126,-0.188478,2.15433,-3.02102,1.88545,0.181612,0.909815,0.0550693
1732313,0.99,-2.75261,-1.32534,1.01105,-1.94698,1.10108,1.16771,2.20138,-2.75266,-1.32422,1.00895,-1.94565,1.10136,1.16858,2.20139,0.00104372,-9.28801e-05,-0.00103077,0.000247151,-0.000429039,-8.78892e-05,-0.00097714,0,0,0,0,0,0,0,-0.22826,26.7383,-24.6374,7.44724,0.836199,2.4996,0.09083,-0.188917,2.15545,-3.02256,1.88485,0.18154,0.909879,0.0550213
1732314,0.99,-2.75261,-1.32534,1.01105,-1.94698,1.10108,1.16771,2.20139,-2.75266,-1.32422,1.00895,-1.94565,1.10136,1.16858,2.20139,-0.000510611,-6.19201e-05,-0.000130369,-0.00104166,0.000120875,-0.000295952,0.000772727,0,0,0,0,0,0,0,-0.176685,26.7383,-24.6612,7.49881,0.825212,2.50601,0.0523779,-0.189807,2.15541,-3.02229,1.88427,0.181464,0.909844,0.055035
1732315,0.99,-2.75261,-1.32534,1.01105,-1.94698,1.10108,1.16772,2.20138,-2.75266,-1.32422,1.00895,-1.94565,1.10136,1.16858,2.20139,0.000309207,-4.12801e-05,0.000562701,-4.48253e-05,8.05835e-05,4.00578e-05,-0.000434284,0,0,0,0,0,0,0,-0.204456,26.7383,-24.689,7.47104,0.825212,2.4996,0.0780126,-0.189907,2.15465,-3.02145,1.88445,0.181459,0.909779,0.0551213
1732316,0.99,-2.75262,-1.32534,1.01105,-1.94698,1.10108,1.16772,2.20138,-2.75266,-1.32422,1.00895,-1.94565,1.10136,1.16858,2.20139,-0.00220671,0.00117891,-0.000831292,-2.98835e-05,-0.000353179,2.67052e-05,0.000185195,0,0,0,0,0,0,0,-0.101307,26.6867,-24.6374,7.47104,0.836199,2.4996,0.0651953,-0.187896,2.15273,-3.0205,1.88578,0.181539,0.90968,0.0552668
1732317,0.99,-2.75261,-1.32534,1.01105,-1.94698,1.10108,1.16771,2.20139,-2.75266,-1.32422,1.00895,-1.94565,1.10136,1.16858,2.20139,0.000941709,0.000136323,-0.000554194,0.00053689,-0.000235452,1.78035e-05,-0.000113896,0,0,0,0,0,0,0,-0.204456,26.7144,-24.6374,7.44724,0.836199,2.4996,0.071604,-0.184334,2.14914,-3.01837,1.88774,0.181658,0.909472,0.0554561
1732318,0.99,-2.75261,-1.32534,1.01105,-1.94698,1.10108,1.16772,2.20138,-2.75266,-1.32422,1.00895,-1.94565,1.10136,1.16858,2.20139,0.000627806,9.08822e-05,0.00139377,-0.000198886,4.64822e-05,1.1869e-05,-0.000550648,0,0,0,0,0,0,0,-0.204456,26.7144,-24.7128,7.47104,0.830705,2.4996,0.0844213,-0.182681,2.1465,-3.01642,1.88853,0.181701,0.909296,0.0556773
1732319,0.99,-2.75261,-1.32534,1.01105,-1.94698,1.10108,1.16772,2.20138,-2.75266,-1.32422,1.00895,-1.94565,1.10136,1.16858,2.20139,-0.000231077,-0.000496224,0.000929183,-0.00013259,3.09881e-05,7.91265e-06,-0.00012974,0,0,0,0,0,0,0,-0.176685,26.7383,-24.7128,7.47104,0.830705,2.4996,0.0780126,-0.183336,2.14662,-3.01688,1.88807,0.18168,0.909309,0.0559303
1732320,0.99,-2.75261,-1.32534,1.01105,-1.94698,1.10108,1.16772,2.20139,-2.75266,-1.32422,1.00895,-1.94565,1.10136,1.16858,2.20139,-0.000710863,0.00087561,6.26436e-05,-8.83936e-05,0.00042756,5.2751e-06,0.000625584,0,0,0,0,0,0,0,-0.152882,26.6867,-24.689,7.47104,0.819719,2.4996,0.0587866,-0.183415,2.14754,-3.01881,1.88791,0.181705,0.909402,0.0562248
1732321,0.99,-2.75261,-1.32534,1.01105,-1.94698,1.10108,1.16772,2.20139,-2.75266,-1.32422,1.00895,-1.94565,1.10136,1.16858,2.20139,0.000732517,-6.58739e-05,4.17624e-05,-5.89291e-05,8.15893e-05,0.000478235,0.00116304,0,0,0,0,0,0,0,-0.204456,26.7144,-24.689,7.47104,0.825212,2.48678,0.038645,-0.182753,2.14758,-3.02013,1.88816,0.181761,0.909439,0.0565512
1732322,0.99,-2.75261,-1.32534,1.01105,-1.94698,1.10108,1.16772,2.20138,-2.75266,-1.32422,1.00895,-1.94565,1.10136,1.16858,2.20139,-0.000718081,-0.000600728,-0.00117858,0.000517526,5.43929e-05,8.14641e-05,-0.000207984,0,0,0,0,0,0,0,-0.152882,26.7383,-24.6374,7.44724,0.825212,2.49319,0.0651953,-0.182825,2.14741,-3.02034,1.88792,0.181782,0.909384,0.0568699
1732323,0.99,-2.75261,-1.32534,1.01105,-1.94698,1.10108,1.16772,2.20138,-2.75266,-1.32422,1.00895,-1.94565,1.10136,1.16858,2.20139,-0.00112833,0.000156327,-0.00134253,0.000345017,3.62619e-05,-0.000657767,-0.000138656,0,0,0,0,0,0,0,-0.125111,26.7144,-24.6136,7.44724,0.825212,2.51242,0.0651953,-0.18275,2.14679,-3.01914,1.88746,0.181794,0.909189,0.0571489
1732324,0.99,-2.75261,-1.32534,1.01105,-1.94698,1.10108,1.16772,2.20139,-2.75266,-1.32422,1.00895,-1.94565,1.10136,1.16858,2.20139,0.000454203,0.000104218,0.000218601,-0.000976414,-0.000179276,0.000273565,0.00136562,0,0,0,0,0,0,0,-0.176685,26.7144,-24.6612,7.49881,0.830705,2.49319,0.0258276,-0.181564,2.14518,-3.01705,1.88761,0.181845,0.908923,0.0573916
1732325,0.99,-2.75261,-1.32534,1.01104,-1.94698,1.10108,1.16771,2.20139,-2.75266,-1.32422,1.00895,-1.94565,1.10136,1.16858,2.20139,0.000952416,-0.000487333,-0.000411078,0.000555483,0.000287384,-0.0005297,0.000164431,0,0,0,0,0,0,0,-0.204456,26.7383,-24.6374,7.44724,0.819719,2.51242,0.0459692,-0.181428,2.14429,-3.01559,1.88751,0.181866,0.908755,0.0575923
1732326,0.99,-2.75261,-1.32534,1.01105,-1.94698,1.10108,1.16772,2.20139,-2.75266,-1.32422,1.00895,-1.94565,1.10136,1.16858,2.20139,0.00119176,-0.000324889,0.000932374,0.000927134,-1.18613e-05,-0.000115774,0.000855606,0,0,0,0,0,0,0,-0.22826,26.7383,-24.689,7.42344,0.825212,2.50601,0.0258276,-0.184556,2.14585,-3.01556,1.88554,0.181738,0.908735,0.0577229
1732327,0.99,-2.75261,-1.32534,1.01105,-1.94698,1.10108,1.16772,2.20139,-2.75266,-1.32422,1.00895,-1.94565,1.10136,1.16858,2.20139,-0.000968734,0.000340219,-0.000584843,-0.000495535,0.000432902,0.000397535,-0.00041294,0,0,0,0,0,0,0,-0.152882,26.7144,-24.6374,7.47104,0.81331,2.49319,0.0523779,-0.188672,2.14848,-3.01648,1.88282,0.181537,0.908795,0.0577696
1732328,0.99,-2.75261,-1.32534,1.01105,-1.94698,1.10108,1.16772,2.20139,-2.75266,-1.32422,1.00895,-1.94565,1.10136,1.16858,2.20139,-8.90107e-05,-0.000329999,0.000166916,0.000226456,-0.000152208,0.000265023,0.000233333,0,0,0,0,0,0,0,-0.176685,26.7383,-24.6612,7.44724,0.825212,2.49319,0.038645,-0.190265,2.1498,-3.01729,1.8815,0.181425,0.908834,0.0577363
1732329,0.99,-2.75261,-1.32534,1.01105,-1.94698,1.10108,1.16771,2.20139,-2.75266,-1.32422,1.00895,-1.94565,1.10136,1.16858,2.20139,0.000590273,-0.000219999,-0.000445534,-0.000405842,-0.000101472,-0.000298036,-0.000353071,0,0,0,0,0,0,0,-0.204456,26.7383,-24.6374,7.47104,0.825212,2.50601,0.0523779,-0.190465,2.15038,-3.01785,1.88107,0.181367,0.908854,0.0576347
1732330,0.99,-2.75261,-1.32534,1.01105,-1.94698,1.10108,1.16771,2.20139,-2.75266,-1.32422,1.00895,-1.94565,1.10136,1.16858,2.20139,0.000393516,0.000410146,0.000259789,-0.000270561,0.000135802,-0.000436049,0.000510605,0,0,0,0,0,0,0,-0.204456,26.7144,-24.6612,7.47104,0.819719,2.51242,0.0322363,-0.191021,2.15094,-3.01829,1.88069,0.181297,0.908898,0.0574821
1732331,0.99,-2.75261,-1.32534,1.01105,-1.94698,1.10108,1.16771,2.20139,-2.75266,-1.32422,1.00895,-1.94565,1.10136,1.16858,2.20139,0.000262344,-0.000283381,0.000822807,-0.000180374,-0.000316366,-5.33407e-05,0.000340403,0,0,0,0,0,0,0,-0.204456,26.7383,-24.689,7.47104,0.830705,2.50601,0.0322363,-0.191574,2.15149,-3.0191,1.88054,0.181227,0.909002,0.0572911
1732332,0.99,-2.75261,-1.32534,1.01104,-1.94698,1.10108,1.16771,2.20139,-2.75266,-1.32422,1.00895,-1.94565,1.10136,1.16858,2.20139,-0.000474718,0.000367891,-0.0012147,-0.000120249,-7.4602e-06,0.000201799,-0.000756409,0,0,0,0,0,0,0,-0.176685,26.7144,-24.6136,7.47104,0.825212,2.4996,0.0587866,-0.19146,2.15176,-3.02001,1.88076,0.181176,0.909117,0.0570583
1732333,1,-2.75261,-1.32534,1.01105,-1.94698,1.10108,1.16771,2.20139,-2.75266,-1.32422,1.00895,-1.94565,1.10136,1.16858,2.20139,0.000333135,-0.000961165,0.000953438,-8.01662e-05,-0.000208424,0.000134532,0.000241713,0,0,0,0,0,0,0,-0.204456,26.766,-24.689,7.47104,0.830705,2.4996,0.038645,-0.190753,2.1517,-3.02048,1.88121,0.18115,0.909193,0.0567869
1732334,1,-2.75261,-1.32534,1.01105,-1.94698,1.10108,1.16771,2.20138,-2.75266,-1.32422,1.00895,-1.94565,1.10136,1.16858,2.20139,0.00022209,0.000565649,-1.39888e-05,0.000503368,-0.000138949,8.96882e-05,-0.00177164,0,0,0,0,0,0,0,-0.204456,26.7144,-24.6612,7.44724,0.830705,2.4996,0.09083,-0.190567,2.15238,-3.02142,1.88123,0.181102,0.90929,0.0564969
1732335,1,-2.75261,-1.32534,1.01105,-1.94698,1.10108,1.16771,2.20139,-2.75266,-1.32422,1.00895,-1.94565,1.10136,1.16858,2.20139,0.00014806,-0.000179713,-0.000566138,-0.000221233,0.000314268,5.97921e-05,0.000989047,0,0,0,0,0,0,0,-0.204456,26.7383,-24.6374,7.47104,0.819719,2.4996,0.0322363,-0.19096,2.15307,-3.02213,1.88085,0.181025,0.909375,0.0562185
1732336,1,-2.75261,-1.32534,1.01105,-1.94698,1.10108,1.16772,2.20139,-2.75266,-1.32422,1.00895,-1.94565,1.10136,1.16858,2.20139,-0.000550907,0.000437004,0.000179387,-0.000147489,6.06158e-06,3.98614e-05,-0.00103606,0,0,0,0,0,0,0,-0.176685,26.7144,-24.6612,7.47104,0.825212,2.4996,0.0780126,-0.1907,2.15271,-3.02193,1.8809,0.180982,0.909394,0.0559791
1732337,1,-2.75261,-1.32534,1.01105,-1.94698,1.10108,1.16772,2.20139,-2.75266,-1.32422,1.00895,-1.94565,1.10136,1.16858,2.20139,-0.000924083,-0.000265476,0.000769205,-0.00074794,-0.000199409,0.000263933,2.13725e-05,0,0,0,0,0,0,0,-0.152882,26.7383,-24.689,7.49881,0.830705,2.49319,0.0587866,-0.18856,2.15168,-3.02206,1.88212,0.181031,0.909411,0.0557852
1732338,1,-2.75261,-1.32534,1.01105,-1.94698,1.10108,1.16771,2.20138,-2.75266,-1.32422,1.00895,-1.94565,1.10136,1.16858,2.20139,-0.000616056,0.000379828,0.000512803,-0.000498627,-0.00013294,-6.14035e-05,-0.000697828,0,0,0,0,0,0,0,-0.152882,26.7144,-24.689,7.49881,0.830705,2.4996,0.0780126,-0.184493,2.15043,-3.02321,1.88453,0.181178,0.909469,0.0556429
1732339,1,-2.75261,-1.32534,1.01105,-1.94698,1.10108,1.16771,2.20139,-2.75266,-1.32422,1.00895,-1.94565,1.10136,1.16858,2.20139,0.000795722,0.000253219,-0.000307745,-0.00088923,0.000114824,-0.000278295,-0.000939937,0,0,0,0,0,0,0,-0.204456,26.7144,-24.6612,7.52262,0.825212,2.50601,0.09083,-0.180457,2.14907,-3.02442,1.8872,0.181345,0.90954,0.0555609
1732340,1,-2.75261,-1.32534,1.01105,-1.94698,1.10108,1.16771,2.20138,-2.75266,-1.32422,1.00895,-1.94565,1.10136,1.16858,2.20139,0.000530481,0.000168812,-0.000761975,0.000613606,-0.000126901,-0.000422889,-0.000389266,0,0,0,0,0,0,0,-0.204456,26.7144,-24.6374,7.47104,0.830705,2.51242,0.0844213,-0.178858,2.14781,-3.02437,1.88873,0.181419,0.909569,0.0555501
1732341,1,-2.75261,-1.32534,1.01105,-1.94698,1.10108,1.16771,2.20138,-2.75266,-1.32422,1.00895,-1.94565,1.10136,1.16858,2.20139,0.000353654,-0.00044427,4.88284e-05,0.000965883,0.0003223,-4.45668e-05,-0.000734228,0,0,0,0,0,0,0,-0.204456,26.7383,-24.6612,7.44724,0.819719,2.50601,0.0972387,-0.180344,2.14757,-3.02344,1.88823,0.181341,0.90955,0.0556259
1732342,1,-2.75261,-1.32534,1.01105,-1.94698,1.10108,1.16771,2.20138,-2.75266,-1.32422,1.00895,-1.94565,1.10136,1.16858,2.20139,-0.000413844,-0.00029618,3.25523e-05,8.71098e-05,0.000214867,0.000207648,-0.000489486,0,0,0,0,0,0,0,-0.176685,26.7383,-24.6612,7.47104,0.819719,2.4996,0.0972387,-0.183219,2.14867,-3.02293,1.88646,0.181175,0.909535,0.0557993
1732343,1,-2.75261,-1.32534,1.01105,-1.94698,1.10108,1.16772,2.20138,-2.75266,-1.32422,1.00895,-1.94565,1.10136,1.16858,2.20139,-0.000832708,0.000359358,2.17015e-05,-0.000591541,-6.02059e-05,0.000850509,0.000148394,0,0,0,0,0,0,0,-0.152882,26.7144,-24.6612,7.49881,0.825212,2.48037,0.0844213,-0.184538,2.14962,-3.02297,1.88546,0.181072,0.909532,0.0560816
1732344,1,-2.75261,-1.32534,1.01105,-1.94698,1.10108,1.16772,2.20138,-2.75266,-1.32422,1.00895,-1.94565,1.10136,1.16858,2.20139,0.000651287,0.000239572,1.44677e-05,0.000255253,-0.000243588,-0.00038243,9.89295e-05,0,0,0,0,0,0,0,-0.204456,26.7144,-24.6612,7.47104,0.830705,2.50601,0.0844213,-0.184055,2.14948,-3.02296,1.8857,0.181051,0.909517,0.0564694
1732345,1,-2.75261,-1.32534,1.01105,-1.94698,1.10108,1.16772,2.20139,-2.75266,-1.32422,1.00895,-1.94565,1.10136,1.16858,2.20139,-0.000772235,-0.000397097,-0.000547167,0.000170169,4.10586e-05,-1.75944e-05,0.00101539,0,0,0,0,0,0,0,-0.152882,26.7383,-24.6374,7.47104,0.825212,2.4996,0.0587866,-0.183685,2.14916,-3.02272,1.88596,0.181025,0.909484,0.0569378
1732346,1,-2.75261,-1.32534,1.01105,-1.94699,1.10108,1.16771,2.20138,-2.75266,-1.32422,1.00895,-1.94565,1.10136,1.16858,2.20139,4.19889e-05,0.000292081,0.000841648,-0.00164979,-0.000379529,-0.000486447,-0.000509869,0,0,0,0,0,0,0,-0.176685,26.7144,-24.689,7.54642,0.836199,2.51242,0.09083,-0.182859,2.14885,-3.02273,1.88666,0.18104,0.909469,0.0574538
1732347,1,-2.75261,-1.32534,1.01105,-1.94698,1.10108,1.16771,2.20139,-2.75266,-1.32422,1.00895,-1.94565,1.10136,1.16858,2.20139,2.79926e-05,-0.000362092,-8.85153e-05,0.000663377,0.000357332,-0.000324298,0.00108424,0,0,0,0,0,0,0,-0.176685,26.7383,-24.6612,7.47104,0.819719,2.51242,0.0523779,-0.18147,2.1487,-3.02348,1.88799,0.18111,0.909528,0.057988
1732348,1,-2.75261,-1.32534,1.01105,-1.94698,1.10108,1.16771,2.20139,-2.75266,-1.32422,1.00895,-1.94565,1.10136,1.16858,2.20139,-0.00053815,0.000315418,-5.90102e-05,0.000999063,3.47711e-05,2.11601e-05,0.000722827,0,0,0,0,0,0,0,-0.152882,26.7144,-24.6612,7.44724,0.825212,2.50601,0.0523779,-0.180973,2.14909,-3.02435,1.88855,0.18112,0.909597,0.0585159
1732349,1,-2.75261,-1.32534,1.01105,-1.94698,1.10108,1.16772,2.20139,-2.75266,-1.32422,1.00895,-1.94565,1.10136,1.16858,2.20139,0.000198045,0.000210278,0.00116709,0.000666042,-0.00018027,1.41067e-05,0.00122787,0,0,0,0,0,0,0,-0.176685,26.7144,-24.7128,7.44724,0.830705,2.50601,0.0322363,-0.181374,2.1499,-3.02524,1.88803,0.18104,0.909652,0.0590055
1732350,1,-2.75261,-1.32534,1.01105,-1.94698,1.10108,1.16772,2.20139,-2.75266,-1.32422,1.00895,-1.94565,1.10136,1.16858,2.20139,0.000781644,0.000140186,-0.000428369,-0.000762398,-0.00032363,0.000246763,0.000309954,0,0,0,0,0,0,0,-0.204456,26.7144,-24.6612,7.49881,0.836199,2.4996,0.0459692,-0.18249,2.15097,-3.02636,1.88713,0.180929,0.909755,0.0594198
1732351,1,-2.75261,-1.32534,1.01105,-1.94698,1.10108,1.16772,2.20139,-2.75266,-1.32422,1.00895,-1.94565,1.10136,1.16858,2.20139,0.000521096,-0.00111297,-0.000285579,-0.000508265,0.000394598,0.000401868,0.000206636,0,0,0,0,0,0,0,-0.204456,26.766,-24.6612,7.49881,0.819719,2.49319,0.0459692,-0.184466,2.15222,-3.02708,1.88623,0.180843,0.909885,0.0597296
1732352,1,-2.75261,-1.32534,1.01105,-1.94698,1.10108,1.16772,2.20139,-2.75266,-1.32422,1.00895,-1.94565,1.10136,1.16858,2.20139,0.000347397,-0.000741979,0.000459228,-0.000338844,-0.000143836,3.0553e-05,0.000646384,0,0,0,0,0,0,0,-0.204456,26.766,-24.689,7.49881,0.830705,2.4996,0.0322363,-0.187042,2.15426,-3.02787,1.88529,0.180793,0.910035,0.0599283
1732353,1,-2.75261,-1.32534,1.01105,-1.94698,1.10108,1.16772,2.20139,-2.75266,-1.32422,1.00895,-1.94565,1.10136,1.16858,2.20139,-0.000974828,0.000711773,0.000306152,0.00098053,0.00010756,-0.00021699,-0.000315063,0,0,0,0,0,0,0,-0.152882,26.7144,-24.689,7.44724,0.825212,2.50601,0.0523779,-0.188877,2.15645,-3.02918,1.88462,0.180767,0.91018,0.0600247
1732354,1,-2.75261,-1.32534,1.01105,-1.94698,1.10108,1.16771,2.20139,-2.75266,-1.32422,1.00895,-1.94565,1.10136,1.16858,2.20139,-9.30732e-05,0.00112413,-0.000445513,-0.00110955,-0.000131744,9.26987e-05,0.00101066,0,0,0,0,0,0,0,-0.176685,26.6867,-24.6612,7.52262,0.830705,2.4996,0.0194189,-0.188284,2.15637,-3.02964,1.88517,0.180801,0.910232,0.0600309
1732355,1,-2.75261,-1.32534,1.01105,-1.94698,1.10108,1.16771,2.20139,-2.75266,-1.32422,1.00895,-1.94565,1.10136,1.16858,2.20139,-6.20488e-05,-0.00110662,-0.000297008,0.00102354,-8.78292e-05,-0.00017556,-3.83027e-05,0,0,0,0,0,0,0,-0.176685,26.766,-24.6612,7.44724,0.830705,2.50601,0.038645,-0.186475,2.15461,-3.02892,1.88646,0.180877,0.910198,0.0599502
1732356,1,-2.75261,-1.32534,1.01105,-1.94698,1.10108,1.16772,2.20139,-2.75266,-1.32422,1.00895,-1.94565,1.10136,1.16858,2.20139,-4.13658e-05,0.000468679,0.000451608,0.000682358,-5.85528e-05,-0.00011704,-0.000296802,0,0,0,0,0,0,0,-0.176685,26.7144,-24.689,7.44724,0.830705,2.50601,0.0459692,-0.185864,2.15386,-3.02838,1.88678,0.180896,0.910159,0.0597759
1732357,1,-2.75261,-1.32534,1.01105,-1.94698,1.10108,1.16772,2.20139,-2.75266,-1.32422,1.00895,-1.94565,1.10136,1.16858,2.20139,-2.75772e-05,-0.000893973,0.000301072,-0.00075152,-3.90352e-05,0.000159332,-0.000672586,0,0,0,0,0,0,0,-0.176685,26.766,-24.689,7.49881,0.830705,2.4996,0.0587866,-0.186067,2.15436,-3.02881,1.88645,0.180882,0.910176,0.0595231
1732358,1,-2.75261,-1.32534,1.01105,-1.94698,1.10108,1.16771,2.20139,-2.75266,-1.32422,1.00895,-1.94565,1.10136,1.16858,2.20139,-1.83848e-05,0.000610444,-0.00100571,-0.000501014,-2.60235e-05,-0.000131137,2.63271e-05,0,0,0,0,0,0,0,-0.176685,26.7144,-24.6374,7.49881,0.830705,2.50601,0.0459692,-0.185751,2.15465,-3.02928,1.88675,0.180934,0.910222,0.059227
1732359,1,-2.75261,-1.32534,1.01105,-1.94698,1.10108,1.16771,2.20139,-2.75266,-1.32422,1.00895,-1.94565,1.10136,1.16858,2.20139,-0.000569068,0.000406963,0.000535952,0.000315605,0.000389552,-0.000324784,0.000763537,0,0,0,0,0,0,0,-0.152882,26.7144,-24.689,7.47104,0.819719,2.51242,0.0258276,-0.184494,2.15365,-3.02884,1.88782,0.181043,0.910228,0.0589177
1732360,1,-2.75261,-1.32534,1.01105,-1.94698,1.10108,1.16771,2.20138,-2.75266,-1.32422,1.00895,-1.94565,1.10136,1.16858,2.20139,0.000177433,-0.000285504,-0.000292313,0.000210403,5.62509e-05,-0.000216523,-0.00213583,0,0,0,0,0,0,0,-0.176685,26.7383,-24.6612,7.47104,0.825212,2.51242,0.0972387,-0.18301,2.1523,-3.0283,1.88888,0.181137,0.910232,0.0585992
1732361,1,-2.75261,-1.32534,1.01105,-1.94698,1.10108,1.16772,2.20139,-2.75266,-1.32422,1.00895,-1.94565,1.10136,1.16858,2.20139,0.000767903,0.00101609,-0.000751687,-0.00106616,0.00047831,-0.000144348,-0.00118653,0,0,0,0,0,0,0,-0.204456,26.6867,-24.6374,7.52262,0.81331,2.51242,0.09083,-0.182345,2.15108,-3.02753,1.88956,0.181187,0.910261,0.0582824
1732362,1,-2.75261,-1.32534,1.01105,-1.94698,1.10108,1.16771,2.20139,-2.75266,-1.32422,1.00895,-1.94565,1.10136,1.16858,2.20139,-0.000137679,-0.000529032,5.56872e-05,-0.000710771,-0.000325387,0.000141127,-7.89427e-05,0,0,0,0,0,0,0,-0.176685,26.7383,-24.6612,7.52262,0.830705,2.50601,0.071604,-0.182045,2.14943,-3.02612,1.89048,0.181236,0.910314,0.058023
1732363,1,-2.75261,-1.32534,1.01105,-1.94698,1.10108,1.16771,2.20138,-2.75266,-1.32422,1.00895,-1.94565,1.10136,1.16858,2.20139,-9.17859e-05,0.000204124,-0.000519687,0.000732578,0.000189977,9.40845e-05,-0.000764705,0,0,0,0,0,0,0,-0.176685,26.7144,-24.6374,7.47104,0.819719,2.50601,0.09083,-0.181707,2.14818,-3.02502,1.89144,0.181279,0.910397,0.057861
1732364,1,-2.75261,-1.32533,1.01105,-1.94698,1.10108,1.16772,2.20138,-2.75266,-1.32422,1.00895,-1.94565,1.10136,1.16858,2.20139,-6.11906e-05,0.00189932,0.000210354,-0.000161228,0.000126651,6.2723e-05,-0.000272445,0,0,0,0,0,0,0,-0.176685,26.6391,-24.6612,7.49881,0.819719,2.50601,0.0844213,-0.181201,2.14676,-3.02391,1.89217,0.181273,0.910461,0.0578045
1732365,1,-2.75261,-1.32534,1.01105,-1.94698,1.10108,1.16771,2.20138,-2.75266,-1.32422,1.00895,-1.94565,1.10136,1.16858,2.20139,-4.07937e-05,-0.00105384,0.000140236,-0.000664298,-0.000119016,4.18153e-05,-0.000418989,0,0,0,0,0,0,0,-0.176685,26.7383,-24.6612,7.52262,0.825212,2.50601,0.09083,-0.180163,2.14485,-3.02294,1.89318,0.181255,0.910539,0.0578578
1732366,1,-2.75261,-1.32534,1.01105,-1.94698,1.10108,1.16771,2.20138,-2.75266,-1.32422,1.00895,-1.94565,1.10136,1.16858,2.20139,-2.71958e-05,-0.000145746,9.34906e-05,0.000763561,-0.000689696,2.78769e-05,0.000195392,0,0,0,0,0,0,0,-0.176685,26.7144,-24.6612,7.47104,0.841692,2.50601,0.0780126,-0.179552,2.14445,-3.02325,1.8939,0.181227,0.910688,0.0580137
1732367,1,-2.75261,-1.32534,1.01105,-1.94698,1.10108,1.16771,2.20138,-2.75266,-1.32422,1.00895,-1.94565,1.10136,1.16858,2.20139,-1.81306e-05,-9.71637e-05,0.000711941,0.000509041,-0.000256347,1.85846e-05,-0.000581815,0,0,0,0,0,0,0,-0.176685,26.7144,-24.689,7.47104,0.836199,2.50601,0.0972387,-0.180119,2.14592,-3.02474,1.8936,0.181146,0.910884,0.0582587
1732368,1,-2.75261,-1.32534,1.01105,-1.94698,1.10108,1.16771,2.20138,-2.75266,-1.32422,1.00895,-1.94565,1.10136,1.16858,2.20139,-0.000568899,-0.000621588,-0.000174987,-0.000310254,0.000236003,-0.000462328,0.000561559,0,0,0,0,0,0,0,-0.152882,26.7383,-24.6612,7.49881,0.825212,2.51882,0.071604,-0.180884,2.14806,-3.02684,1.89297,0.181063,0.911099,0.0585837
1732369,1,-2.75261,-1.32534,1.01105,-1.94698,1.10108,1.16771,2.20138,-2.75266,-1.32422,1.00895,-1.94565,1.10136,1.16858,2.20139,0.00082716,0.00014242,0.000532956,0.000442778,-4.6115e-05,0.000166499,0.000137014,0,0,0,0,0,0,0,-0.204456,26.7144,-24.689,7.47104,0.830705,2.50601,0.0780126,-0.18163,2.15031,-3.02901,1.89242,0.181011,0.911328,0.058976
1732370,1,-2.75261,-1.32534,1.01105,-1.94698,1.10108,1.16771,2.20138,-2.75266,-1.32422,1.00895,-1.94565,1.10136,1.16858,2.20139,-9.8174e-05,9.49467e-05,-0.000851122,-0.000354428,-3.07434e-05,-0.000363718,-0.000858093,0,0,0,0,0,0,0,-0.176685,26.7144,-24.6374,7.49881,0.830705,2.51882,0.103647,-0.182904,2.15204,-3.0304,1.89174,0.180959,0.911541,0.0594119
1732371,1,-2.75261,-1.32534,1.01105,-1.94698,1.10108,1.16771,2.20138,-2.75266,-1.32422,1.00895,-1.94565,1.10136,1.16858,2.20139,-6.54493e-05,0.00126972,0.000639011,-0.000236286,-0.000223946,0.000232239,0.000140015,0,0,0,0,0,0,0,-0.176685,26.6629,-24.689,7.49881,0.836199,2.50601,0.0844213,-0.183449,2.15207,-3.03053,1.89175,0.180953,0.911709,0.0598835
1732372,1,-2.75261,-1.32534,1.01105,-1.94698,1.10108,1.16772,2.20138,-2.75266,-1.32422,1.00895,-1.94565,1.10136,1.16858,2.20139,-4.36329e-05,-0.000916755,0.00098282,-0.000157524,-0.000149297,-8.2533e-05,0.000330702,0,0,0,0,0,0,0,-0.176685,26.7383,-24.7128,7.49881,0.836199,2.51242,0.0780126,-0.18278,2.15131,-3.03085,1.89261,0.181018,0.911905,0.0603975
1732373,1,-2.75261,-1.32534,1.01105,-1.94698,1.10108,1.16772,2.20139,-2.75266,-1.32422,1.00895,-1.94565,1.10136,1.16858,2.20139,-0.000585901,0.000595256,9.84011e-05,-0.000661828,0.000307369,0.000182337,0.00140726,0,0,0,0,0,0,0,-0.152882,26.6867,-24.689,7.52262,0.825212,2.50601,0.0459692,-0.181486,2.15113,-3.03234,1.89384,0.181139,0.912168,0.0609418
1732374,1,-2.75261,-1.32534,1.01105,-1.94698,1.10108,1.16772,2.20139,-2.75266,-1.32422,1.00895,-1.94565,1.10136,1.16858,2.20139,0.000166212,-0.000252777,0.000622413,0.00132202,1.46244e-06,-0.000115801,0.000463457,0,0,0,0,0,0,0,-0.176685,26.7144,-24.7128,7.44724,0.830705,2.51242,0.0587866,-0.18009,2.15115,-3.03403,1.89495,0.181269,0.912419,0.0614797
1732375,1,-2.75261,-1.32534,1.01105,-1.94698,1.10108,1.16771,2.20139,-2.75266,-1.32422,1.00895,-1.94565,1.10136,1.16858,2.20139,0.000760422,-0.00072533,0.000414942,-0.00032508,9.74961e-07,-7.72007e-05,0.000308972,0,0,0,0,0,0,0,-0.204456,26.7383,-24.7128,7.49881,0.830705,2.51242,0.0587866,-0.180432,2.15222,-3.03586,1.89478,0.181313,0.912669,0.0619649
1732376,1,-2.75261,-1.32534,1.01105,-1.94698,1.10108,1.16771,2.20139,-2.75266,-1.32422,1.00895,-1.94565,1.10136,1.16858,2.20139,-0.000142666,-0.000483553,-0.000280184,0.000989706,0.000407551,-5.14671e-05,0.00142668,0,0,0,0,0,0,0,-0.176685,26.7383,-24.689,7.44724,0.819719,2.51242,0.0258276,-0.182755,2.15464,-3.03784,1.89335,0.181278,0.912927,0.0623724
1732377,1,-2.75261,-1.32534,1.01105,-1.94698,1.10108,1.16771,2.20139,-2.75266,-1.32422,1.00895,-1.94565,1.10136,1.16858,2.20139,0.000554503,-0.000971983,0.000370023,-0.000546622,-0.0001352,-3.43114e-05,0.000205138,0,0,0,0,0,0,0,-0.204456,26.766,-24.7128,7.49881,0.830705,2.51242,0.0459692,-0.18565,2.15741,-3.03951,1.89155,0.181228,0.913161,0.0626867
1732378,1,-2.75261,-1.32534,1.01105,-1.94698,1.10108,1.16771,2.20139,-2.75266,-1.32422,1.00895,-1.94565,1.10136,1.16858,2.20139,-0.000836757,1.62543e-06,-0.00031013,0.000285199,-9.01336e-05,-2.28743e-05,0.000645385,0,0,0,0,0,0,0,-0.152882,26.7383,-24.689,7.47104,0.830705,2.51242,0.0322363,-0.18772,2.15967,-3.04087,1.89031,0.181219,0.913372,0.0628889
1732379,1,-2.75261,-1.32534,1.01105,-1.94698,1.10108,1.16772,2.20139,-2.75266,-1.32422,1.00895,-1.94565,1.10136,1.16858,2.20139,-1.02613e-06,1.08362e-06,-0.00141318,-0.000459481,0.000143361,-1.52495e-05,-0.000315729,0,0,0,0,0,0,0,-0.176685,26.7383,-24.6374,7.49881,0.825212,2.51242,0.0523779,-0.187881,2.15994,-3.04081,1.8903,0.18129,0.91349,0.0629745
1732380,1,-2.75261,-1.32534,1.01105,-1.94698,1.10108,1.16772,2.20138,-2.75266,-1.32422,1.00895,-1.94565,1.10136,1.16858,2.20139,-6.84084e-07,0.00120715,0.000264306,-0.000306321,-0.000107876,0.000227193,-0.000922563,0,0,0,0,0,0,0,-0.176685,26.6867,-24.689,7.49881,0.830705,2.50601,0.071604,-0.186498,2.1577,-3.03884,1.89143,0.181413,0.913506,0.0629552
1732381,1,-2.75261,-1.32534,1.01105,-1.94698,1.10108,1.16772,2.20139,-2.75266,-1.32422,1.00895,-1.94565,1.10136,1.16858,2.20139,-4.56056e-07,0.000155152,0.000176204,0.0004454,-0.000275368,0.000151462,0.00108038,0,0,0,0,0,0,0,-0.176685,26.7144,-24.689,7.47104,0.836199,2.50601,0.0258276,-0.18459,2.15437,-3.03657,1.89301,0.181538,0.913526,0.0628632
1732382,1,-2.75261,-1.32534,1.01105,-1.94698,1.10108,1.16771,2.20139,-2.75266,-1.32422,1.00895,-1.94565,1.10136,1.16858,2.20139,0.00064931,-0.000453378,0.000674281,-0.000352681,1.98719e-05,0.000100974,0.000245535,0,0,0,0,0,0,0,-0.204456,26.7383,-24.7128,7.49881,0.830705,2.50601,0.038645,-0.183502,2.15224,-3.03564,1.89404,0.181619,0.913628,0.0627216
1732383,1,-2.75261,-1.32534,1.01105,-1.94698,1.10108,1.16771,2.20139,-2.75266,-1.32422,1.00895,-1.94565,1.10136,1.16858,2.20139,-0.000216741,0.00025456,0.00100633,-0.00023512,1.32479e-05,6.73163e-05,0.000401049,0,0,0,0,0,0,0,-0.176685,26.7144,-24.7366,7.49881,0.830705,2.50601,0.0322363,-0.18335,2.15196,-3.03654,1.89453,0.181681,0.91384,0.0625242
1732384,1,-2.75261,-1.32534,1.01105,-1.94698,1.10108,1.16771,2.20138,-2.75266,-1.32422,1.00895,-1.94565,1.10136,1.16858,2.20139,0.00106193,-0.000387105,-0.00109235,-0.000156747,8.83194e-06,-0.000192481,-0.00237749,0,0,0,0,0,0,0,-0.22826,26.7383,-24.6612,7.49881,0.830705,2.51242,0.103647,-0.183706,2.15237,-3.03798,1.89483,0.181739,0.914081,0.0622634
1732385,1,-2.75261,-1.32534,1.01105,-1.94698,1.10108,1.16771,2.20139,-2.75266,-1.32422,1.00895,-1.94565,1.10136,1.16858,2.20139,0.000151143,0.000948356,0.000478193,-0.000104498,0.000209338,-0.000128321,-0.000398199,0,0,0,0,0,0,0,-0.204456,26.6867,-24.7128,7.49881,0.825212,2.51242,0.071604,-0.184826,2.15239,-3.03842,1.89483,0.181771,0.914261,0.0619694
1732386,1,-2.75261,-1.32534,1.01106,-1.94698,1.10108,1.16771,2.20138,-2.75266,-1.32422,1.00895,-1.94565,1.10136,1.16858,2.20139,-0.000548852,-0.000574189,0.00208203,-0.000626477,0.00034301,-8.55473e-05,-0.000502825,0,0,0,0,0,0,0,-0.176685,26.7383,-24.7881,7.52262,0.819719,2.51242,0.0780126,-0.185249,2.15228,-3.03946,1.89526,0.181824,0.914466,0.0617085
1732387,1,-2.75261,-1.32534,1.01105,-1.94698,1.10108,1.16771,2.20138,-2.75266,-1.32422,1.00895,-1.94565,1.10136,1.16858,2.20139,-0.000922713,0.000174019,-0.00158164,0.00013916,0.000228673,-5.70315e-05,-0.000809935,0,0,0,0,0,0,0,-0.152882,26.7144,-24.6612,7.49881,0.819719,2.51242,0.09083,-0.183691,2.1522,-3.04167,1.89667,0.181948,0.914698,0.0615185
1732388,1,-2.75261,-1.32534,1.01105,-1.94698,1.10108,1.16771,2.20138,-2.75266,-1.32422,1.00895,-1.94565,1.10136,1.16858,2.20139,-5.83303e-05,-0.000440799,-0.000404814,0.000742388,-5.10019e-05,-3.8021e-05,-6.52385e-05,0,0,0,0,0,0,0,-0.176685,26.7383,-24.689,7.47104,0.825212,2.51242,0.0780126,-0.181519,2.15137,-3.04251,1.8981,0.182063,0.914791,0.0614065
1732389,1,-2.75261,-1.32534,1.01105,-1.94698,1.10108,1.16771,2.20138,-2.75266,-1.32422,1.00895,-1.94565,1.10136,1.16858,2.20139,-3.88869e-05,-0.00150029,0.000286936,0.00105174,-0.000237452,-2.53473e-05,-0.000755569,0,0,0,0,0,0,0,-0.176685,26.7898,-24.7128,7.44724,0.830705,2.51242,0.0972387,-0.181084,2.1515,-3.04266,1.89808,0.182063,0.914807,0.0613784
1732390,1,-2.75261,-1.32534,1.01105,-1.94698,1.10108,1.16771,2.20138,-2.75266,-1.32422,1.00895,-1.94565,1.10136,1.16858,2.20139,0.000623689,0.000206231,-0.00101514,-0.00106208,4.51494e-05,0.00045782,-2.89949e-05,0,0,0,0,0,0,0,-0.204456,26.7383,-24.6612,7.52262,0.825212,2.4996,0.0844213,-0.182552,2.15324,-3.04325,1.89688,0.18198,0.914861,0.0614385
1732391,1,-2.75261,-1.32534,1.01105,-1.94698,1.10108,1.16771,2.20138,-2.75266,-1.32422,1.00895,-1.94565,1.10136,1.16858,2.20139,-0.000233821,0.00134391,0.00108648,-0.000151241,0.000470909,-0.000169505,-0.000256689,0,0,0,0,0,0,0,-0.176685,26.6867,-24.7366,7.49881,0.81331,2.51242,0.09083,-0.183539,2.15373,-3.04324,1.8965,0.181928,0.914928,0.0615967
1732392,1,-2.75261,-1.32534,1.01105,-1.94698,1.10108,1.16771,2.20138,-2.75266,-1.32422,1.00895,-1.94565,1.10136,1.16858,2.20139,0.00105055,0.000246328,-0.000389303,0.000548786,7.65804e-05,0.000124356,6.6233e-05,0,0,0,0,0,0,0,-0.22826,26.7144,-24.689,7.47104,0.819719,2.50601,0.0844213,-0.183788,2.1526,-3.04285,1.8969,0.18188,0.915009,0.0618487
1732393,1,-2.75261,-1.32534,1.01105,-1.94698,1.10108,1.16771,2.20138,-2.75266,-1.32422,1.00895,-1.94565,1.10136,1.16858,2.20139,-0.000506062,0.000164219,0.000297276,0.000365858,-0.000355847,-0.000154455,-0.000430563,0,0,0,0,0,0,0,-0.176685,26.7144,-24.7128,7.47104,0.830705,2.51242,0.0972387,-0.184644,2.15157,-3.04254,1.89683,0.181765,0.91509,0.0621741
1732394,1,-2.75261,-1.32534,1.01105,-1.94698,1.10108,1.16771,2.20138,-2.75266,-1.32422,1.00895,-1.94565,1.10136,1.16858,2.20139,0.000312239,0.000109479,0.000198184,0.000243905,-0.000237232,-0.00010297,-4.96827e-05,0,0,0,0,0,0,0,-0.204456,26.7144,-24.7128,7.47104,0.830705,2.51242,0.09083,-0.185505,2.15101,-3.04265,1.89655,0.181631,0.91517,0.0625608
1732395,1,-2.75261,-1.32534,1.01105,-1.94698,1.10108,1.16771,2.20138,-2.75266,-1.32422,1.00895,-1.94565,1.10136,1.16858,2.20139,-0.000998267,7.29862e-05,-0.000424689,-0.000487011,-0.000158154,-0.000306006,0.000441596,0,0,0,0,0,0,0,-0.152882,26.7144,-24.689,7.49881,0.830705,2.51882,0.0780126,-0.185233,2.15035,-3.04308,1.89688,0.181558,0.915251,0.0630054
1732396,1,-2.75261,-1.32534,1.01105,-1.94698,1.10108,1.16771,2.20138,-2.75266,-1.32422,1.00895,-1.94565,1.10136,1.16858,2.20139,0.000540915,0.000698271,-0.000283126,-0.000324674,-0.000105436,3.33552e-05,0.000294397,0,0,0,0,0,0,0,-0.204456,26.6867,-24.689,7.49881,0.830705,2.51242,0.0780126,-0.183672,2.14879,-3.04302,1.89811,0.181572,0.915307,0.063495
1732397,1,-2.75261,-1.32534,1.01105,-1.94698,1.10108,1.16771,2.20139,-2.75266,-1.32422,1.00895,-1.94565,1.10136,1.16858,2.20139,0.00036061,0.000465514,0.000924873,-0.000216449,-7.02909e-05,-0.000215122,0.000908342,0,0,0,0,0,0,0,-0.204456,26.6867,-24.7366,7.49881,0.830705,2.51882,0.0587866,-0.182193,2.1469,-3.04285,1.89955,0.181609,0.915392,0.0640044
1732398,1,-2.75261,-1.32534,1.01105,-1.94698,1.10108,1.16771,2.20138,-2.75266,-1.32422,1.00895,-1.94565,1.10136,1.16858,2.20139,0.000240407,-0.0015457,5.97702e-05,-0.000701111,0.00015659,9.39442e-05,-0.000343875,0,0,0,0,0,0,0,-0.204456,26.766,-24.7128,7.52262,0.825212,2.51242,0.0844213,-0.181935,2.1465,-3.04391,1.90041,0.181629,0.915587,0.0645017
1732399,1,-2.75261,-1.32534,1.01106,-1.94698,1.10108,1.16771,2.20138,-2.75266,-1.32422,1.00895,-1.94565,1.10136,1.16858,2.20139,0.000160271,-0.000380851,0.00124627,0.000739018,-9.90572e-05,6.26294e-05,0.000245468,0,0,0,0,0,0,0,-0.204456,26.7383,-24.7643,7.47104,0.830705,2.51242,0.071604,-0.182972,2.14862,-3.04679,1.90036,0.181625,0.91589,0.0649625
1732400,1,-2.75261,-1.32534,1.01105,-1.94698,1.10108,1.16771,2.20138,-2.75266,-1.32422,1.00895,-1.94565,1.10136,1.16858,2.20139,-0.000542767,0.000302911,-0.000375577,-0.000156935,0.000340863,4.1753e-05,0.000401004,0,0,0,0,0,0,0,-0.176685,26.7144,-24.7128,7.49881,0.819719,2.51242,0.0651953,-0.184273,2.15148,-3.05024,1.89984,0.181597,0.916202,0.0653872
1732401,1,-2.75261,-1.32534,1.01105,-1.94698,1.10108,1.16771,2.20139,-2.75266,-1.32422,1.00895,-1.94565,1.10136,1.16858,2.20139,0.000844582,-0.000354871,-0.000250385,0.000544991,-0.000179659,2.78353e-05,0.000979413,0,0,0,0,0,0,0,-0.22826,26.7383,-24.7128,7.47104,0.830705,2.51242,0.0459692,-0.185302,2.15318,-3.05245,1.89933,0.181558,0.91642,0.0657749
1732402,1,-2.75261,-1.32534,1.01105,-1.94698,1.10108,1.16772,2.20138,-2.75266,-1.32422,1.00895,-1.94565,1.10136,1.16858,2.20139,6.24239e-06,-0.000236581,-0.000166923,-0.000843099,-0.000526674,-0.000218802,-0.000771212,0,0,0,0,0,0,0,-0.204456,26.7383,-24.7128,7.52262,0.841692,2.51882,0.0844213,-0.186786,2.15417,-3.05341,1.89871,0.181508,0.916572,0.0661062
1732403,1,-2.75261,-1.32534,1.01105,-1.94698,1.10108,1.16771,2.20139,-2.75266,-1.32422,1.00895,-1.94565,1.10136,1.16858,2.20139,-0.00185188,0.000399092,-0.000111282,0.00064436,5.57852e-05,0.00032885,0.000910013,0,0,0,0,0,0,0,-0.125111,26.7144,-24.7128,7.47104,0.830705,2.50601,0.0459692,-0.186807,2.1541,-3.05383,1.89899,0.181535,0.916677,0.0663758
1732404,1,-2.75261,-1.32534,1.01106,-1.94698,1.10108,1.16771,2.20139,-2.75266,-1.32422,1.00895,-1.94565,1.10136,1.16858,2.20139,0.000621454,0.000266061,0.00113224,-0.000220041,-0.00016626,0.000219233,0.00159002,0,0,0,0,0,0,0,-0.204456,26.7144,-24.7643,7.49881,0.836199,2.50601,0.0194189,-0.184582,2.15284,-3.05433,1.90036,0.181649,0.916751,0.0665921
1732405,1,-2.75261,-1.32534,1.01105,-1.94698,1.10108,1.16771,2.20139,-2.75266,-1.32422,1.00895,-1.94565,1.10136,1.16858,2.20139,-0.000792123,0.000177374,-0.000451601,0.00050292,0.000296061,-9.12035e-05,0.000347936,0,0,0,0,0,0,0,-0.152882,26.7144,-24.7128,7.47104,0.825212,2.51242,0.038645,-0.182409,2.15161,-3.05525,1.90162,0.18176,0.916843,0.0667318
1732406,1,-2.75261,-1.32534,1.01105,-1.94699,1.10108,1.16771,2.20139,-2.75266,-1.32422,1.00895,-1.94565,1.10136,1.16858,2.20139,2.873e-05,0.000118249,-0.000301067,-0.00142796,-0.000209527,-6.08023e-05,0.000944034,0,0,0,0,0,0,0,-0.176685,26.7144,-24.7128,7.54642,0.836199,2.51242,0.0194189,-0.180432,2.15007,-3.05569,1.90295,0.181889,0.916915,0.0667588
1732407,1,-2.75261,-1.32534,1.01105,-1.94698,1.10108,1.16771,2.20139,-2.75266,-1.32422,1.00895,-1.94565,1.10136,1.16858,2.20139,0.000668767,7.88329e-05,-0.000200711,0.000161652,0.000470667,-4.05349e-05,0.000154638,0,0,0,0,0,0,0,-0.204456,26.7144,-24.7128,7.49881,0.819719,2.51242,0.0322363,-0.178868,2.14821,-3.05542,1.90442,0.18204,0.916968,0.0666579
1732408,1,-2.75261,-1.32534,1.01105,-1.94698,1.10108,1.16771,2.20139,-2.75266,-1.32422,1.00895,-1.94565,1.10136,1.16858,2.20139,0.000445845,0.000702169,-0.000133808,0.000107768,-9.31232e-05,-2.70232e-05,-0.000405534,0,0,0,0,0,0,0,-0.204456,26.6867,-24.7128,7.49881,0.830705,2.51242,0.0459692,-0.179103,2.14681,-3.05483,1.90502,0.182117,0.917033,0.0664266
1732409,1,-2.75261,-1.32534,1.01105,-1.94698,1.10108,1.16771,2.20139,-2.75266,-1.32422,1.00895,-1.94565,1.10136,1.16858,2.20139,0.00029723,-0.000181501,0.000467607,-0.000484967,0.000141368,-0.000492733,0.000950347,0,0,0,0,0,0,0,-0.204456,26.7144,-24.7366,7.52262,0.825212,2.52523,0.0130102,-0.180544,2.14598,-3.05448,1.90491,0.182124,0.917126,0.0660831
1732410,1,-2.75261,-1.32534,1.01106,-1.94698,1.10108,1.16771,2.20139,-2.75266,-1.32422,1.00895,-1.94565,1.10136,1.16858,2.20139,-0.00100827,-0.000121001,0.000961352,0.000233501,0.000535055,0.000146229,-0.000824497,0,0,0,0,0,0,0,-0.152882,26.7144,-24.7643,7.49881,0.81331,2.51242,0.0523779,-0.181466,2.14597,-3.0555,1.905,0.182142,0.917293,0.0656504
1732411,1,-2.75261,-1.32534,1.01105,-1.94698,1.10108,1.16772,2.20139,-2.75266,-1.32422,1.00895,-1.94565,1.10136,1.16858,2.20139,0.00109106,-0.000637479,-8.71271e-06,0.000155667,-8.41061e-05,9.7486e-05,0.000433679,0,0,0,0,0,0,0,-0.22826,26.7383,-24.7366,7.49881,0.825212,2.51242,0.0258276,-0.18215,2.14715,-3.05791,1.90494,0.182145,0.917521,0.0651395
1732412,1,-2.75261,-1.32534,1.01105,-1.94698,1.10108,1.16771,2.20139,-2.75266,-1.32422,1.00895,-1.94565,1.10136,1.16858,2.20139,0.000170559,-0.000424986,-0.00111943,0.000103778,-5.60707e-05,-0.000172368,-0.000456866,0,0,0,0,0,0,0,-0.204456,26.7383,-24.689,7.49881,0.825212,2.51882,0.0459692,-0.184309,2.14915,-3.05995,1.90395,0.182068,0.917727,0.0645675
1732413,1,-2.75261,-1.32534,1.01105,-1.94698,1.10108,1.16771,2.20139,-2.75266,-1.32422,1.00895,-1.94565,1.10136,1.16858,2.20139,0.000113706,-0.000283324,-0.000189476,6.91855e-05,-0.000240831,0.000122447,0.000204049,0,0,0,0,0,0,0,-0.204456,26.7383,-24.7128,7.49881,0.830705,2.51242,0.0322363,-0.187248,2.15087,-3.06065,1.90256,0.181949,0.917854,0.0639555
1732414,1,-2.75261,-1.32534,1.01105,-1.94698,1.10108,1.16771,2.20139,-2.75266,-1.32422,1.00895,-1.94565,1.10136,1.16858,2.20139,-0.00057381,-0.000188883,-0.000126318,-0.000510688,0.000483706,-0.000155728,-0.000372594,0,0,0,0,0,0,0,-0.176685,26.7383,-24.7128,7.52262,0.81331,2.51882,0.0459692,-0.188964,2.15172,-3.06086,1.90192,0.181873,0.917943,0.0633239
1732415,1,-2.75261,-1.32534,1.01105,-1.94698,1.10108,1.16771,2.20139,-2.75266,-1.32422,1.00895,-1.94565,1.10136,1.16858,2.20139,-0.00038254,0.00043089,-8.42117e-05,0.000865967,-0.000321789,0.00013354,-0.000248396,0,0,0,0,0,0,0,-0.176685,26.7144,-24.7128,7.47104,0.830705,2.51242,0.0459692,-0.188912,2.15164,-3.0611,1.90225,0.181846,0.918025,0.0626887
1732416,1,-2.75261,-1.32534,1.01105,-1.94698,1.10108,1.16771,2.20138,-2.75266,-1.32422,1.00895,-1.94565,1.10136,1.16858,2.20139,0.000394587,-0.000269552,-5.61411e-05,0.000577311,-0.000214526,8.90269e-05,-0.00135239,0,0,0,0,0,0,0,-0.204456,26.7383,-24.7128,7.47104,0.830705,2.51242,0.0780126,-0.188593,2.15121,-3.06127,1.9025,0.181787,0.918092,0.0620622
1732417,1,-2.75261,-1.32534,1.01105,-1.94698,1.10108,1.16771,2.20138,-2.75266,-1.32422,1.00895,-1.94565,1.10136,1.16858,2.20139,-0.000386556,0.000377111,0.000519385,-0.00026474,-0.000346468,-0.000178008,-0.000664236,0,0,0,0,0,0,0,-0.176685,26.7144,-24.7366,7.49881,0.836199,2.51882,0.071604,-0.18875,2.15109,-3.06175,1.9024,0.181694,0.918189,0.0614717
1732418,1,-2.75261,-1.32534,1.01105,-1.94698,1.10107,1.16771,2.20139,-2.75266,-1.32422,1.00895,-1.94565,1.10136,1.16858,2.20139,0.00039191,-0.000305405,0.000346256,0.000473121,-0.000434429,0.000118687,0.00101524,0,0,0,0,0,0,0,-0.204456,26.7383,-24.7366,7.47104,0.841692,2.51242,0.0322363,-0.188771,2.15126,-3.06292,1.90249,0.18163,0.918348,0.0609559
1732419,1,-2.75261,-1.32534,1.01105,-1.94698,1.10108,1.16771,2.20138,-2.75266,-1.32422,1.00895,-1.94565,1.10136,1.16858,2.20139,-0.000388341,0.000353209,-0.000325974,0.000315414,0.000320732,7.91248e-05,-0.00125595,0,0,0,0,0,0,0,-0.176685,26.7144,-24.7128,7.47104,0.825212,2.51242,0.0844213,-0.188896,2.15157,-3.06424,1.9025,0.181588,0.918519,0.0605205
1732420,1,-2.75261,-1.32534,1.01105,-1.94698,1.10108,1.16771,2.20138,-2.75266,-1.32422,1.00895,-1.94565,1.10136,1.16858,2.20139,-0.000815706,-0.000321339,-0.000217316,0.000210276,1.03709e-05,0.000290109,-0.000599944,0,0,0,0,0,0,0,-0.152882,26.7383,-24.7128,7.47104,0.830705,2.50601,0.0780126,-0.188453,2.15135,-3.06498,1.90268,0.181587,0.918634,0.060152
1732421,1,-2.75261,-1.32534,1.01106,-1.94698,1.10108,1.16771,2.20138,-2.75266,-1.32422,1.00895,-1.94565,1.10136,1.16858,2.20139,-0.000543804,0.000342586,0.00106155,-0.00106624,-0.000196537,0.000193406,-0.000637322,0,0,0,0,0,0,0,-0.152882,26.7144,-24.7643,7.52262,0.836199,2.50601,0.0844213,-0.186305,2.15049,-3.06582,1.90386,0.18169,0.918734,0.0598664
1732422,1,-2.75261,-1.32534,1.01105,-1.94698,1.10108,1.16771,2.20138,-2.75266,-1.32422,1.00895,-1.94565,1.10136,1.16858,2.20139,0.00084389,-0.000328422,-0.000498727,-0.000154016,-0.000131024,0.000128937,-0.000424881,0,0,0,0,0,0,0,-0.204456,26.7383,-24.7128,7.49881,0.836199,2.50601,0.0844213,-0.183728,2.1497,-3.06718,1.90561,0.18186,0.918879,0.0596835
1732423,1,-2.75261,-1.32534,1.01105,-1.94698,1.10108,1.16771,2.20139,-2.75266,-1.32422,1.00895,-1.94565,1.10136,1.16858,2.20139,-8.70206e-05,0.000987478,-0.000332485,0.000546937,0.000116101,8.59582e-05,0.000666182,0,0,0,0,0,0,0,-0.176685,26.6867,-24.7128,7.47104,0.830705,2.50601,0.0587866,-0.182721,2.14898,-3.06781,1.90663,0.181986,0.918989,0.0596058
1732424,1,-2.75261,-1.32534,1.01105,-1.94699,1.10108,1.16771,2.20139,-2.75266,-1.32422,1.00895,-1.94565,1.10136,1.16858,2.20139,-5.80137e-05,-0.000548107,-0.000221656,-0.00139861,-0.00012605,0.000294664,0.000444121,0,0,0,0,0,0,0,-0.176685,26.7383,-24.7128,7.54642,0.836199,2.4996,0.0587866,-0.182414,2.1478,-3.06741,1.90725,0.182092,0.919017,0.0596213
1732425,1,-2.75261,-1.32534,1.01105,-1.94698,1.10108,1.16771,2.20139,-2.75266,-1.32422,1.00895,-1.94565,1.10136,1.16858,2.20139,-3.86758e-05,-0.000365405,0.000409041,-0.000375597,0.000119417,-4.0916e-05,0.00104207,0,0,0,0,0,0,0,-0.176685,26.7383,-24.7366,7.52262,0.830705,2.50601,0.038645,-0.181644,2.14691,-3.06741,1.90832,0.18226,0.919046,0.0596967
1732426,1,-2.75261,-1.32534,1.01105,-1.94698,1.10108,1.16772,2.20138,-2.75266,-1.32422,1.00895,-1.94565,1.10136,1.16858,2.20139,0.00118064,-0.000243603,-0.00084093,0.00151284,-0.00053074,-0.000501995,-0.000288634,0,0,0,0,0,0,0,-0.22826,26.7383,-24.689,7.44724,0.847185,2.51882,0.0651953,-0.182353,2.14746,-3.06799,1.90841,0.182374,0.919084,0.059786
1732427,1,-2.75261,-1.32534,1.01105,-1.94698,1.10108,1.16771,2.20139,-2.75266,-1.32422,1.00895,-1.94565,1.10136,1.16858,2.20139,0.000230283,0.00039441,0.000553004,-0.000754678,5.30743e-05,0.000140054,0.00102828,0,0,0,0,0,0,0,-0.204456,26.7144,-24.7366,7.52262,0.836199,2.50601,0.0322363,-0.185344,2.14893,-3.06835,1.90691,0.182372,0.919095,0.0598586
1732428,1,-2.75261,-1.32534,1.01106,-1.94698,1.10108,1.16771,2.20139,-2.75266,-1.32422,1.00895,-1.94565,1.10136,1.16858,2.20139,0.000153522,0.00026294,0.00101828,0.000703307,0.000238833,0.000330729,0.000922879,0,0,0,0,0,0,0,-0.204456,26.7144,-24.7643,7.47104,0.830705,2.4996,0.0258276,-0.188217,2.15034,-3.06918,1.90544,0.182374,0.919129,0.059904
1732429,1,-2.75261,-1.32534,1.01105,-1.94699,1.10108,1.16771,2.20139,-2.75266,-1.32422,1.00895,-1.94565,1.10136,1.16858,2.20139,-0.00110408,0.000175293,-0.00052757,-0.00129437,-4.42282e-05,-0.000491591,0.000140535,0,0,0,0,0,0,0,-0.152882,26.7144,-24.7128,7.54642,0.836199,2.51882,0.038645,-0.188841,2.15088,-3.07062,1.9053,0.182483,0.919174,0.059899
1732430,1,-2.75261,-1.32534,1.01105,-1.94698,1.10108,1.16771,2.20139,-2.75266,-1.32422,1.00895,-1.94565,1.10136,1.16858,2.20139,-0.00017924,-0.00043995,0.000205098,0.000250713,0.000377416,-0.000565086,0.000331049,0,0,0,0,0,0,0,-0.176685,26.7383,-24.7366,7.49881,0.825212,2.52523,0.0322363,-0.187088,2.1503,-3.0718,1.90659,0.182712,0.919176,0.0598184
1732431,1,-2.75261,-1.32534,1.01105,-1.94698,1.10108,1.16771,2.20139,-2.75266,-1.32422,1.00895,-1.94565,1.10136,1.16858,2.20139,-0.000676305,-0.000942914,-0.00042008,0.000816756,0.00025161,-0.000376724,-0.000287927,0,0,0,0,0,0,0,-0.152882,26.766,-24.7128,7.47104,0.825212,2.52523,0.0459692,-0.185168,2.15018,-3.07297,1.90775,0.182942,0.91916,0.0596547
1732432,1,-2.75261,-1.32534,1.01105,-1.94698,1.10108,1.16771,2.20139,-2.75266,-1.32422,1.00895,-1.94565,1.10136,1.16858,2.20139,0.000105942,0.000577817,-0.000280053,0.000544504,-3.57103e-05,0.000460927,0.000316675,0,0,0,0,0,0,0,-0.176685,26.7144,-24.7128,7.47104,0.830705,2.50601,0.0322363,-0.184476,2.15085,-3.07387,1.90774,0.183077,0.919125,0.0594153
1732433,1,-2.75261,-1.32534,1.01105,-1.94699,1.10108,1.16771,2.20139,-2.75266,-1.32422,1.00895,-1.94565,1.10136,1.16858,2.20139,7.06278e-05,0.000385211,-0.000186702,-0.00140024,-0.000227257,0.000307285,0.000448476,0,0,0,0,0,0,0,-0.176685,26.7144,-24.7128,7.54642,0.836199,2.50601,0.0258276,-0.183964,2.15062,-3.07379,1.90779,0.183185,0.919075,0.0591186
1732434,1,-2.75261,-1.32534,1.01105,-1.94698,1.10108,1.16771,2.20139,-2.75266,-1.32422,1.00895,-1.94565,1.10136,1.16858,2.20139,4.70852e-05,0.000906421,-0.00133089,-0.000376678,0.000255396,0.000204857,-0.00068436,0,0,0,0,0,0,0,-0.176685,26.6867,-24.6612,7.52262,0.825212,2.50601,0.0523779,-0.182667,2.14851,-3.07234,1.90893,0.183345,0.919008,0.0587728
1732435,1,-2.75261,-1.32534,1.01106,-1.94698,1.10108,1.16771,2.20138,-2.75266,-1.32422,1.00895,-1.94565,1.10136,1.16858,2.20139,3.13901e-05,-0.00125176,0.0020824,-0.000251119,0.000170264,0.000136571,-0.00140568,0,0,0,0,0,0,0,-0.176685,26.766,-24.7881,7.52262,0.825212,2.50601,0.0780126,-0.181327,2.14649,-3.07118,1.91038,0.183511,0.918986,0.0583838
1732436,1,-2.75261,-1.32534,1.01106,-1.94698,1.10108,1.16771,2.20139,-2.75266,-1.32422,1.00895,-1.94565,1.10136,1.16858,2.20139,0.000670541,0.00102153,0.000181842,0.000389399,-0.000293392,-0.000146312,-0.000225041,0,0,0,0,0,0,0,-0.204456,26.6867,-24.7366,7.49881,0.836199,2.51242,0.0587866,-0.181284,2.14686,-3.07243,1.91091,0.183599,0.91911,0.057988
1732437,1,-2.75261,-1.32534,1.01105,-1.94698,1.10108,1.16771,2.20139,-2.75266,-1.32422,1.00895,-1.94565,1.10136,1.16858,2.20139,-0.000202587,-0.000525403,-0.000435584,-0.000297212,0.000211307,-9.7541e-05,0.000595958,0,0,0,0,0,0,0,-0.176685,26.7383,-24.7128,7.52262,0.825212,2.51242,0.038645,-0.182255,2.14807,-3.0743,1.91075,0.183614,0.919264,0.0576302
1732438,1,-2.75261,-1.32534,1.01105,-1.94698,1.10108,1.16771,2.20139,-2.75266,-1.32422,1.00895,-1.94565,1.10136,1.16858,2.20139,-0.000135058,0.000856157,-0.00029039,0.00035867,-0.00026603,-6.50274e-05,-0.000111321,0,0,0,0,0,0,0,-0.176685,26.6867,-24.7128,7.49881,0.836199,2.51242,0.0523779,-0.182978,2.14835,-3.07491,1.91066,0.183621,0.919318,0.057319
1732439,1,-2.75261,-1.32534,1.01105,-1.94698,1.10108,1.16771,2.20138,-2.75266,-1.32422,1.00895,-1.94565,1.10136,1.16858,2.20139,0.000559575,-0.000635655,-0.000193593,-0.000317698,2.60972e-05,-0.000280711,-0.00126101,0,0,0,0,0,0,0,-0.204456,26.7383,-24.7128,7.52262,0.830705,2.51882,0.0844213,-0.183536,2.14812,-3.07479,1.91065,0.183627,0.919315,0.0570388
1732440,1,-2.75261,-1.32534,1.01105,-1.94698,1.10108,1.16771,2.20139,-2.75266,-1.32422,1.00895,-1.94565,1.10136,1.16858,2.20139,-0.000276564,-0.00107338,-0.000685874,0.000994627,0.000220849,5.02186e-05,0.000346122,0,0,0,0,0,0,0,-0.176685,26.766,-24.689,7.47104,0.825212,2.51242,0.0523779,-0.185046,2.14885,-3.07473,1.90996,0.183594,0.919313,0.0567926
1732441,1,-2.75261,-1.32534,1.01105,-1.94698,1.10108,1.16772,2.20138,-2.75266,-1.32422,1.00895,-1.94565,1.10136,1.16858,2.20139,-0.000741188,0.00114045,-0.000457249,1.34707e-05,0.000147232,3.34791e-05,-0.000718688,0,0,0,0,0,0,0,-0.152882,26.6867,-24.689,7.49881,0.825212,2.51242,0.0780126,-0.186406,2.14978,-3.07446,1.90904,0.183552,0.919273,0.0566014
1732442,1,-2.75261,-1.32534,1.01105,-1.94698,1.10108,1.16771,2.20138,-2.75266,-1.32422,1.00895,-1.94565,1.10136,1.16858,2.20139,0.000712301,-0.000446125,0.000251979,8.98048e-06,0.000538964,-0.00021504,-4.40716e-06,0,0,0,0,0,0,0,-0.204456,26.7383,-24.7128,7.49881,0.81331,2.51882,0.0651953,-0.186595,2.1496,-3.07378,1.90877,0.183532,0.919215,0.0564758
1732443,1,-2.75261,-1.32534,1.01106,-1.94698,1.10108,1.16771,2.20138,-2.75266,-1.32422,1.00895,-1.94565,1.10136,1.16858,2.20139,-0.000731559,-0.000947031,0.000167986,0.000655601,-0.000488401,0.000331358,-0.00190181,0,0,0,0,0,0,0,-0.152882,26.766,-24.7128,7.47104,0.836199,2.50601,0.116465,-0.186941,2.15012,-3.07399,1.90845,0.183494,0.919237,0.0564147
1732444,1,-2.75261,-1.32534,1.01105,-1.94698,1.10108,1.16771,2.20138,-2.75266,-1.32422,1.00895,-1.94565,1.10136,1.16858,2.20139,0.00071872,0.000575072,0.000668803,-0.000769359,-0.000529051,-1.64535e-05,-0.000318437,0,0,0,0,0,0,0,-0.204456,26.7144,-24.7366,7.52262,0.841692,2.51242,0.09083,-0.187479,2.15178,-3.07544,1.90803,0.183448,0.91935,0.0564347
1732445,1,-2.75261,-1.32534,1.01105,-1.94698,1.10108,1.16771,2.20138,-2.75266,-1.32422,1.00895,-1.94565,1.10136,1.16858,2.20139,0.000479147,-0.000173431,0.000445868,0.00069352,5.42003e-05,-0.000248328,-0.00044965,0,0,0,0,0,0,0,-0.204456,26.7383,-24.7366,7.47104,0.830705,2.51882,0.0972387,-0.18818,2.15344,-3.07732,1.90776,0.183405,0.919527,0.0565692
1732446,1,-2.75261,-1.32534,1.01105,-1.94698,1.10108,1.16771,2.20138,-2.75266,-1.32422,1.00895,-1.94565,1.10136,1.16858,2.20139,-0.000330183,0.000441192,-0.000259566,0.000462347,3.61335e-05,0.000309166,0.000174951,0,0,0,0,0,0,0,-0.176685,26.7144,-24.7128,7.47104,0.830705,2.50601,0.0844213,-0.189318,2.15477,-3.07886,1.90723,0.18334,0.919695,0.0568271
1732447,1,-2.75261,-1.32534,1.01106,-1.94698,1.10108,1.16771,2.20139,-2.75266,-1.32422,1.00895,-1.94565,1.10136,1.16858,2.20139,-0.000220122,-0.000262684,0.000383768,0.000308231,-0.000179361,0.000206111,0.00181205,0,0,0,0,0,0,0,-0.176685,26.7383,-24.7366,7.47104,0.836199,2.50601,0.038645,-0.189835,2.1554,-3.07975,1.90679,0.183294,0.919789,0.0571924
1732448,1,-2.75261,-1.32534,1.01105,-1.94698,1.10108,1.16771,2.20138,-2.75266,-1.32422,1.00895,-1.94565,1.10136,1.16858,2.20139,0.000502866,0.0010313,-0.000857779,0.000205487,-0.000119574,0.000137407,-0.00119946,0,0,0,0,0,0,0,-0.204456,26.6867,-24.689,7.47104,0.836199,2.50601,0.103647,-0.189739,2.1551,-3.0798,1.90664,0.183285,0.919811,0.0576223
1732449,1,-2.75261,-1.32534,1.01105,-1.94698,1.10108,1.16771,2.20139,-2.75266,-1.32422,1.00895,-1.94565,1.10136,1.16858,2.20139,-0.000871182,0.000687535,0.000541771,-0.000512622,-7.97162e-05,-0.000620472,0.000861872,0,0,0,0,0,0,0,-0.152882,26.6867,-24.7366,7.49881,0.836199,2.52523,0.0587866,-0.188746,2.15329,-3.07881,1.90721,0.183334,0.919776,0.0580758
1732450,1,-2.75261,-1.32534,1.01105,-1.94698,1.10108,1.16771,2.20138,-2.75266,-1.32422,1.00895,-1.94565,1.10136,1.16858,2.20139,0.000625638,-0.000191257,-0.00140206,-0.00089856,0.000353757,0.000298429,9.98633e-05,0,0,0,0,0,0,0,-0.204456,26.7144,-24.6612,7.52262,0.825212,2.50601,0.071604,-0.186486,2.15032,-3.07726,1.90882,0.183481,0.91972,0.0585424
1732451,1,-2.75261,-1.32534,1.01105,-1.94698,1.10108,1.16771,2.20139,-2.75266,-1.32422,1.00895,-1.94565,1.10136,1.16858,2.20139,0.000417092,-0.000127505,-0.000934705,-4.22282e-05,-0.000171063,-3.84064e-05,0.00152464,0,0,0,0,0,0,0,-0.204456,26.7144,-24.6612,7.49881,0.836199,2.51242,0.0322363,-0.184932,2.14758,-3.07504,1.91029,0.18365,0.919643,0.0590013
1732452,1,-2.75261,-1.32534,1.01105,-1.94699,1.10108,1.16771,2.20139,-2.75266,-1.32422,1.00895,-1.94565,1.10136,1.16858,2.20139,0.000278061,-0.00129143,0.0011401,-0.00114178,8.94084e-05,-2.56043e-05,0.000779066,0,0,0,0,0,0,0,-0.204456,26.766,-24.7366,7.54642,0.830705,2.51242,0.038645,-0.184982,2.14662,-3.07355,1.91094,0.183788,0.919623,0.0594183
1732453,1,-2.75261,-1.32534,1.01105,-1.94698,1.10108,1.16771,2.20139,-2.75266,-1.32422,1.00895,-1.94565,1.10136,1.16858,2.20139,-0.00046424,-0.000211339,-0.000353556,0.00100205,0.000263056,-1.70695e-05,1.07511e-05,0,0,0,0,0,0,0,-0.176685,26.7383,-24.689,7.47104,0.825212,2.51242,0.0523779,-0.185602,2.14797,-3.07434,1.91105,0.183907,0.919728,0.0597568
1732454,1,-2.75261,-1.32534,1.01105,-1.94698,1.10108,1.16771,2.20139,-2.75266,-1.32422,1.00895,-1.94565,1.10136,1.16858,2.20139,0.000896933,-0.000140892,0.00087792,0.000668036,0.000378821,0.000225979,0.000753153,0,0,0,0,0,0,0,-0.22826,26.7383,-24.7366,7.47104,0.819719,2.50601,0.0322363,-0.186971,2.15053,-3.07617,1.91023,0.18394,0.919865,0.0599952
1732455,1,-2.75261,-1.32534,1.01105,-1.94699,1.10108,1.16771,2.20139,-2.75266,-1.32422,1.00895,-1.94565,1.10136,1.16858,2.20139,4.11432e-05,-9.39283e-05,2.84679e-05,-0.000761069,-0.000154354,0.000150653,-6.52453e-06,0,0,0,0,0,0,0,-0.204456,26.7383,-24.7128,7.52262,0.830705,2.50601,0.0459692,-0.1891,2.15327,-3.07814,1.9088,0.183894,0.920006,0.0601345
1732456,1,-2.75261,-1.32534,1.01105,-1.94698,1.10108,1.16771,2.20139,-2.75266,-1.32422,1.00895,-1.94565,1.10136,1.16858,2.20139,0.000584241,0.000494193,1.89786e-05,4.94329e-05,-0.000102902,-0.000136924,0.000741636,0,0,0,0,0,0,0,-0.22826,26.7144,-24.7128,7.49881,0.830705,2.51242,0.0258276,-0.190736,2.15508,-3.07965,1.90798,0.183862,0.920135,0.0601786
1732457,1,-2.75261,-1.32534,1.01105,-1.94698,1.10108,1.16771,2.20139,-2.75266,-1.32422,1.00895,-1.94565,1.10136,1.16858,2.20139,-0.00137374,0.00153589,1.26524e-05,-0.000523857,0.000134849,0.000383435,0.000494424,0,0,0,0,0,0,0,-0.152882,26.6629,-24.7128,7.52262,0.825212,2.4996,0.0258276,-0.190276,2.15444,-3.07985,1.90861,0.183899,0.920173,0.0601323
1732458,1,-2.75261,-1.32534,1.01105,-1.94698,1.10108,1.16771,2.20139,-2.75266,-1.32422,1.00895,-1.94565,1.10136,1.16858,2.20139,0.000290597,0.000467113,0.000565247,0.000207574,0.00029335,-0.000219094,9.22569e-05,0,0,0,0,0,0,0,-0.204456,26.6867,-24.7366,7.49881,0.819719,2.51242,0.0322363,-0.187363,2.15149,-3.07918,1.91069,0.184003,0.920126,0.0599935
1732459,1,-2.75261,-1.32534,1.01105,-1.94698,1.10108,1.16771,2.20139,-2.75266,-1.32422,1.00895,-1.94565,1.10136,1.16858,2.20139,0.000750543,-0.000895017,0.000376831,0.000787997,-0.000211334,-0.000383422,-0.000175854,0,0,0,0,0,0,0,-0.22826,26.7383,-24.7366,7.47104,0.830705,2.51882,0.038645,-0.185511,2.14955,-3.07916,1.91199,0.184036,0.920101,0.0597545
1732460,1,-2.75261,-1.32534,1.01106,-1.94698,1.10108,1.16771,2.20139,-2.75266,-1.32422,1.00895,-1.94565,1.10136,1.16858,2.20139,-0.000706064,-0.000596678,0.000251221,0.000525331,6.25609e-05,-0.000492973,-0.000625863,0,0,0,0,0,0,0,-0.176685,26.7383,-24.7366,7.47104,0.825212,2.52523,0.0523779,-0.186444,2.15054,-3.08046,1.91134,0.18394,0.920144,0.0594251
1732461,1,-2.75261,-1.32534,1.01105,-1.94698,1.10108,1.16771,2.20139,-2.75266,-1.32422,1.00895,-1.94565,1.10136,1.16858,2.20139,0.000178905,-0.000397785,-0.000946143,0.000350221,-0.000568644,0.000146069,9.13846e-05,0,0,0,0,0,0,0,-0.204456,26.7383,-24.689,7.47104,0.841692,2.51242,0.038645,-0.187982,2.15252,-3.08185,1.91006,0.183817,0.920174,0.0590368
1732462,1,-2.75261,-1.32534,1.01105,-1.94698,1.10108,1.16772,2.20139,-2.75266,-1.32422,1.00895,-1.94565,1.10136,1.16858,2.20139,-0.00108716,0.000941236,-7.39503e-05,-0.000416133,2.78048e-05,0.000809456,-0.000210344,0,0,0,0,0,0,0,-0.152882,26.6867,-24.7128,7.49881,0.830705,2.49319,0.0459692,-0.188247,2.15302,-3.08189,1.90956,0.18376,0.92012,0.0586226
1732463,1,-2.75261,-1.32534,1.01106,-1.94698,1.10108,1.16771,2.20139,-2.75266,-1.32422,1.00895,-1.94565,1.10136,1.16858,2.20139,0.000481655,-0.000578935,-4.93002e-05,-0.000834234,1.85366e-05,6.49195e-05,0.000131038,0,0,0,0,0,0,0,-0.204456,26.7383,-24.7128,7.52262,0.830705,2.50601,0.038645,-0.186753,2.15174,-3.08104,1.91041,0.183809,0.920031,0.058202
1732464,1,-2.75261,-1.32534,1.01105,-1.94698,1.10108,1.16771,2.20139,-2.75266,-1.32422,1.00895,-1.94565,1.10136,1.16858,2.20139,-0.000328511,-0.00103557,-0.000589679,6.55789e-07,1.23577e-05,-0.000431438,-0.000421268,0,0,0,0,0,0,0,-0.176685,26.766,-24.689,7.49881,0.830705,2.51882,0.0523779,-0.185364,2.15088,-3.08054,1.91151,0.1839,0.919981,0.0577796
1732465,1,-2.75261,-1.32534,1.01105,-1.94698,1.10108,1.16771,2.20139,-2.75266,-1.32422,1.00895,-1.94565,1.10136,1.16858,2.20139,-0.000219007,0.00116566,0.000163693,-0.000556375,0.000211689,0.000187092,-4.34862e-05,0,0,0,0,0,0,0,-0.176685,26.6867,-24.7128,7.52262,0.825212,2.50601,0.0459692,-0.184462,2.15049,-3.08019,1.9124,0.183989,0.919947,0.0573628
1732466,1,-2.75261,-1.32534,1.01105,-1.94698,1.10108,1.16771,2.20139,-2.75266,-1.32422,1.00895,-1.94565,1.10136,1.16858,2.20139,-0.000146005,0.000127492,-0.000447683,0.000835509,-0.000672676,-0.00034999,0.000716994,0,0,0,0,0,0,0,-0.176685,26.7144,-24.689,7.47104,0.847185,2.51882,0.0258276,-0.183189,2.14915,-3.07935,1.91346,0.184067,0.919884,0.0569646
1732467,1,-2.75261,-1.32534,1.01106,-1.94698,1.10108,1.16771,2.20138,-2.75266,-1.32422,1.00895,-1.94565,1.10136,1.16858,2.20139,-9.73364e-05,0.000734609,0.00146478,-0.00064942,-0.000245,-0.000233326,-0.00145478,0,0,0,0,0,0,0,-0.176685,26.6867,-24.7643,7.52262,0.841692,2.51882,0.0780126,-0.181985,2.14758,-3.07875,1.91437,0.184123,0.919848,0.0565815
1732468,1,-2.75261,-1.32534,1.01105,-1.94698,1.10108,1.16771,2.20138,-2.75266,-1.32422,1.00895,-1.94565,1.10136,1.16858,2.20139,0.000584723,0.000489739,-0.000229904,0.000773479,0.000447018,8.1808e-05,-0.00144457,0,0,0,0,0,0,0,-0.204456,26.6867,-24.7128,7.47104,0.825212,2.51242,0.09083,-0.181393,2.14658,-3.07906,1.9149,0.184156,0.919896,0.0562153
1732469,1,-2.75261,-1.32534,1.01105,-1.94698,1.10108,1.16771,2.20138,-2.75266,-1.32422,1.00895,-1.94565,1.10136,1.16858,2.20139,0.000389815,-0.00208636,-0.00015327,0.000515653,0.000298012,0.000291898,-0.000488331,0,0,0,0,0,0,0,-0.204456,26.7898,-24.7128,7.47104,0.825212,2.50601,0.0780126,-0.182953,2.14723,-3.07981,1.91398,0.184111,0.919983,0.0558994
1732470,1,-2.75261,-1.32534,1.01105,-1.94698,1.10108,1.16771,2.20138,-2.75266,-1.32422,1.00895,-1.94565,1.10136,1.16858,2.20139,-0.000389737,-0.00018448,-0.000658992,-0.000305845,0.000198675,-4.27605e-05,-0.000800272,0,0,0,0,0,0,0,-0.176685,26.7383,-24.689,7.49881,0.825212,2.51242,0.09083,-0.186195,2.1498,-3.08073,1.91182,0.18402,0.920059,0.0556755
1732471,1,-2.75261,-1.32534,1.01105,-1.94698,1.10108,1.16771,2.20138,-2.75266,-1.32422,1.00895,-1.94565,1.10136,1.16858,2.20139,0.000389789,0.000433825,0.000117484,-0.000203897,-7.10007e-05,-2.8507e-05,0.000178562,0,0,0,0,0,0,0,-0.204456,26.7144,-24.7128,7.49881,0.830705,2.51242,0.071604,-0.188523,2.15181,-3.08116,1.9103,0.183984,0.920102,0.0555709
1732472,1,-2.75261,-1.32534,1.01105,-1.94698,1.10108,1.16771,2.20138,-2.75266,-1.32422,1.00895,-1.94565,1.10136,1.16858,2.20139,0.000816671,0.000289217,7.83228e-05,0.000513683,-0.000250784,0.000218354,-0.000355676,0,0,0,0,0,0,0,-0.22826,26.7144,-24.7128,7.47104,0.836199,2.50601,0.0844213,-0.190247,2.1525,-3.08092,1.90937,0.183961,0.920127,0.0555884
1732473,1,-2.75261,-1.32534,1.01105,-1.94698,1.10108,1.16771,2.20138,-2.75266,-1.32422,1.00895,-1.94565,1.10136,1.16858,2.20139,-0.000661978,-0.00101361,5.22152e-05,-0.000307159,3.6261e-05,0.00014557,2.41302e-07,0,0,0,0,0,0,0,-0.176685,26.766,-24.7128,7.49881,0.830705,2.50601,0.0780126,-0.192058,2.15321,-3.08087,1.90841,0.183925,0.920165,0.0557102
1732474,1,-2.75261,-1.32534,1.01105,-1.94698,1.10108,1.16771,2.20138,-2.75266,-1.32422,1.00895,-1.94565,1.10136,1.16858,2.20139,-0.000441319,0.000530683,3.48101e-05,0.00100165,0.000227624,-0.000140313,-0.000711916,0,0,0,0,0,0,0,-0.176685,26.7144,-24.7128,7.44724,0.825212,2.51242,0.0972387,-0.192744,2.15398,-3.08127,1.90784,0.183929,0.920187,0.0559213
1732475,1,-2.75261,-1.32534,1.01105,-1.94698,1.10108,1.16772,2.20139,-2.75266,-1.32422,1.00895,-1.94565,1.10136,1.16858,2.20139,0.000355401,-0.000203023,0.000580019,0.000110957,-5.17009e-05,-9.35417e-05,0.000949543,0,0,0,0,0,0,0,-0.204456,26.7383,-24.7366,7.47104,0.830705,2.51242,0.0587866,-0.192636,2.15447,-3.08185,1.90747,0.183939,0.920188,0.0562159
